Feature_X,Feature_Y,Difference,Group,Transformation,Formula,mf,SampleID
432.106277134,432.130094033,0.023816899,Other,random,H2N1O_1,0.023809000,RC2_0046_ICR-3_p08
539.226163727,539.249981626,0.023817899,Other,random,H2N1O_1,0.023809000,RC2_0046_ICR-3_p08
399.142459968,399.178830813,0.036370846,Other,random,CH4_O,0.036380000,RC2_0046_ICR-3_p08
407.111211164,407.147582010,0.036370846,Other,random,CH4_O,0.036380000,RC2_0046_ICR-3_p08
351.035667038,351.072037884,0.036370846,Other,random,CH4_O,0.036380000,RC2_0046_ICR-3_p08
489.197603950,489.233974796,0.036370846,Other,random,CH4_O,0.036380000,RC2_0046_ICR-3_p08
531.200252773,531.236623619,0.036370846,Other,random,CH4_O,0.036380000,RC2_0046_ICR-3_p08
571.130284388,571.166655234,0.036370846,Other,random,CH4_O,0.036380000,RC2_0046_ICR-3_p08
483.178938481,483.215310327,0.036371846,Other,random,CH4_O,0.036380000,RC2_0046_ICR-3_p08
449.158081799,449.194453645,0.036371846,Other,random,CH4_O,0.036380000,RC2_0046_ICR-3_p08
549.124849736,549.161221582,0.036371846,Other,random,CH4_O,0.036380000,RC2_0046_ICR-3_p08
385.033059820,385.069431666,0.036371846,Other,random,CH4_O,0.036380000,RC2_0046_ICR-3_p08
268.046297083,268.082669928,0.036372846,Other,random,CH4_O,0.036380000,RC2_0046_ICR-3_p08
339.072033789,339.108406634,0.036372846,Other,random,CH4_O,0.036380000,RC2_0046_ICR-3_p08
357.055879500,357.092252346,0.036372846,Other,random,CH4_O,0.036380000,RC2_0046_ICR-3_p08
425.064328006,425.100700852,0.036372846,Other,random,CH4_O,0.036380000,RC2_0046_ICR-3_p08
447.150534315,447.186907161,0.036372846,Other,random,CH4_O,0.036380000,RC2_0046_ICR-3_p08
471.087429774,471.123802620,0.036372846,Other,random,CH4_O,0.036380000,RC2_0046_ICR-3_p08
371.077031022,371.113403868,0.036372846,Other,random,CH4_O,0.036380000,RC2_0046_ICR-3_p08
557.202876469,557.239250315,0.036373846,Other,random,CH4_O,0.036380000,RC2_0046_ICR-3_p08
589.120006075,589.156379921,0.036373846,Other,random,CH4_O,0.036380000,RC2_0046_ICR-3_p08
539.132456124,539.168829970,0.036373846,Other,random,CH4_O,0.036380000,RC2_0046_ICR-3_p08
272.077519982,272.113893828,0.036373846,Other,random,CH4_O,0.036380000,RC2_0046_ICR-3_p08
603.208347312,603.244721158,0.036373846,Other,random,CH4_O,0.036380000,RC2_0046_ICR-3_p08
315.035711752,315.072085597,0.036373846,Other,random,CH4_O,0.036380000,RC2_0046_ICR-3_p08
383.111158973,383.147532819,0.036373846,Other,random,CH4_O,0.036380000,RC2_0046_ICR-3_p08
446.036432041,446.072805887,0.036373846,Other,random,CH4_O,0.036380000,RC2_0046_ICR-3_p08
469.040919456,469.077293301,0.036373846,Other,random,CH4_O,0.036380000,RC2_0046_ICR-3_p08
639.120735970,639.157110816,0.036374846,Other,random,CH4_O,0.036380000,RC2_0046_ICR-3_p08
263.113640007,263.150014853,0.036374846,Other,random,CH4_O,0.036380000,RC2_0046_ICR-3_p08
305.079709985,305.116084831,0.036374846,Other,random,CH4_O,0.036380000,RC2_0046_ICR-3_p08
321.074629134,321.111003980,0.036374846,Other,random,CH4_O,0.036380000,RC2_0046_ICR-3_p08
325.142186880,325.178561725,0.036374846,Other,random,CH4_O,0.036380000,RC2_0046_ICR-3_p08
511.101215034,511.137589880,0.036374846,Other,random,CH4_O,0.036380000,RC2_0046_ICR-3_p08
437.035894222,437.072269068,0.036374846,Other,random,CH4_O,0.036380000,RC2_0046_ICR-3_p08
555.171803085,555.208177931,0.036374846,Other,random,CH4_O,0.036380000,RC2_0046_ICR-3_p08
343.212510225,343.248885070,0.036374846,Other,random,CH4_O,0.036380000,RC2_0046_ICR-3_p08
329.066555232,329.102931078,0.036375846,Other,random,CH4_O,0.036380000,RC2_0046_ICR-3_p08
339.121490579,339.157866425,0.036375846,Other,random,CH4_O,0.036380000,RC2_0046_ICR-3_p08
415.030496570,415.066872416,0.036375846,Other,random,CH4_O,0.036380000,RC2_0046_ICR-3_p08
597.146095028,597.182470874,0.036375846,Other,random,CH4_O,0.036380000,RC2_0046_ICR-3_p08
249.076919551,249.113295397,0.036375846,Other,random,CH4_O,0.036380000,RC2_0046_ICR-3_p08
324.036023572,324.072399418,0.036375846,Other,random,CH4_O,0.036380000,RC2_0046_ICR-3_p08
425.158213608,425.194589453,0.036375846,Other,random,CH4_O,0.036380000,RC2_0046_ICR-3_p08
517.083361658,517.119737503,0.036375846,Other,random,CH4_O,0.036380000,RC2_0046_ICR-3_p08
239.019772214,239.056148060,0.036375846,Other,random,CH4_O,0.036380000,RC2_0046_ICR-3_p08
551.168983065,551.205358911,0.036375846,Other,random,CH4_O,0.036380000,RC2_0046_ICR-3_p08
297.097976844,297.134352690,0.036375846,Other,random,CH4_O,0.036380000,RC2_0046_ICR-3_p08
255.123817900,255.160194746,0.036376846,Other,random,CH4_O,0.036380000,RC2_0046_ICR-3_p08
291.173172978,291.209549823,0.036376846,Other,random,CH4_O,0.036380000,RC2_0046_ICR-3_p08
493.127064281,493.163441127,0.036376846,Other,random,CH4_O,0.036380000,RC2_0046_ICR-3_p08
530.057462621,530.093839467,0.036376846,Other,random,CH4_O,0.036380000,RC2_0046_ICR-3_p08
233.066774467,233.103151313,0.036376846,Other,random,CH4_O,0.036380000,RC2_0046_ICR-3_p08
379.095271009,379.131647854,0.036376846,Other,random,CH4_O,0.036380000,RC2_0046_ICR-3_p08
488.112418553,488.148795399,0.036376846,Other,random,CH4_O,0.036380000,RC2_0046_ICR-3_p08
533.252343068,533.288719914,0.036376846,Other,random,CH4_O,0.036380000,RC2_0046_ICR-3_p08
473.108686200,473.145064046,0.036377846,Other,random,CH4_O,0.036380000,RC2_0046_ICR-3_p08
499.155251709,499.191629555,0.036377846,Other,random,CH4_O,0.036380000,RC2_0046_ICR-3_p08
519.150732888,519.187110733,0.036377846,Other,random,CH4_O,0.036380000,RC2_0046_ICR-3_p08
535.195109827,535.231487673,0.036377846,Other,random,CH4_O,0.036380000,RC2_0046_ICR-3_p08
229.071875414,229.108253259,0.036377846,Other,random,CH4_O,0.036380000,RC2_0046_ICR-3_p08
359.025494145,359.061871991,0.036377846,Other,random,CH4_O,0.036380000,RC2_0046_ICR-3_p08
605.078268380,605.114646225,0.036377846,Other,random,CH4_O,0.036380000,RC2_0046_ICR-3_p08
320.041108519,320.077487364,0.036378846,Other,random,CH4_O,0.036380000,RC2_0046_ICR-3_p08
435.093034464,435.129413309,0.036378846,Other,random,CH4_O,0.036380000,RC2_0046_ICR-3_p08
315.087331533,315.123710378,0.036378846,Other,random,CH4_O,0.036380000,RC2_0046_ICR-3_p08
535.086012290,535.122392135,0.036379846,Other,random,CH4_O,0.036380000,RC2_0046_ICR-3_p08
305.188850522,305.225230368,0.036379846,Other,random,CH4_O,0.036380000,RC2_0046_ICR-3_p08
337.069369284,337.105749130,0.036379846,Other,random,CH4_O,0.036380000,RC2_0046_ICR-3_p08
299.149973140,299.186352985,0.036379846,Other,random,CH4_O,0.036380000,RC2_0046_ICR-3_p08
355.131632663,355.168012509,0.036379846,Other,random,CH4_O,0.036380000,RC2_0046_ICR-3_p08
464.083290486,464.119670332,0.036379846,Other,random,CH4_O,0.036380000,RC2_0046_ICR-3_p08
293.066606945,293.102986791,0.036379846,Other,random,CH4_O,0.036380000,RC2_0046_ICR-3_p08
488.046975831,488.083355677,0.036379846,Other,random,CH4_O,0.036380000,RC2_0046_ICR-3_p08
575.117263475,575.153643321,0.036379846,Other,random,CH4_O,0.036380000,RC2_0046_ICR-3_p08
225.004161669,225.040542515,0.036380846,Other,random,CH4_O,0.036380000,RC2_0046_ICR-3_p08
349.105758225,349.142139071,0.036380846,Other,random,CH4_O,0.036380000,RC2_0046_ICR-3_p08
421.126859709,421.163240555,0.036380846,Other,random,CH4_O,0.036380000,RC2_0046_ICR-3_p08
227.092600810,227.128981655,0.036380846,Other,random,CH4_O,0.036380000,RC2_0046_ICR-3_p08
305.066572041,305.102952887,0.036380846,Other,random,CH4_O,0.036380000,RC2_0046_ICR-3_p08
340.067304567,340.103685412,0.036380846,Other,random,CH4_O,0.036380000,RC2_0046_ICR-3_p08
371.107917891,371.144298737,0.036380846,Other,random,CH4_O,0.036380000,RC2_0046_ICR-3_p08
429.009854269,429.046235115,0.036380846,Other,random,CH4_O,0.036380000,RC2_0046_ICR-3_p08
621.182619064,621.218999910,0.036380846,Other,random,CH4_O,0.036380000,RC2_0046_ICR-3_p08
301.020034207,301.056416052,0.036381846,Other,random,CH4_O,0.036380000,RC2_0046_ICR-3_p08
545.130046682,545.166428528,0.036381846,Other,random,CH4_O,0.036380000,RC2_0046_ICR-3_p08
231.087516863,231.123898709,0.036381846,Other,random,CH4_O,0.036380000,RC2_0046_ICR-3_p08
263.019780405,263.056162251,0.036381846,Other,random,CH4_O,0.036380000,RC2_0046_ICR-3_p08
417.059170964,417.095552810,0.036381846,Other,random,CH4_O,0.036380000,RC2_0046_ICR-3_p08
319.103353497,319.139735342,0.036381846,Other,random,CH4_O,0.036380000,RC2_0046_ICR-3_p08
341.030232482,341.066614328,0.036381846,Other,random,CH4_O,0.036380000,RC2_0046_ICR-3_p08
581.260130417,581.296513263,0.036382846,Other,random,CH4_O,0.036380000,RC2_0046_ICR-3_p08
567.171945180,567.208328026,0.036382846,Other,random,CH4_O,0.036380000,RC2_0046_ICR-3_p08
387.084999116,387.121381961,0.036382846,Other,random,CH4_O,0.036380000,RC2_0046_ICR-3_p08
465.116668102,465.153050948,0.036382846,Other,random,CH4_O,0.036380000,RC2_0046_ICR-3_p08
473.139544069,473.175926915,0.036382846,Other,random,CH4_O,0.036380000,RC2_0046_ICR-3_p08
295.118722240,295.155105086,0.036382846,Other,random,CH4_O,0.036380000,RC2_0046_ICR-3_p08
303.123699283,303.160082129,0.036382846,Other,random,CH4_O,0.036380000,RC2_0046_ICR-3_p08
305.043327140,305.079709985,0.036382846,Other,random,CH4_O,0.036380000,RC2_0046_ICR-3_p08
565.156187731,565.192570576,0.036382846,Other,random,CH4_O,0.036380000,RC2_0046_ICR-3_p08
291.014658650,291.051042496,0.036383846,Other,random,CH4_O,0.036380000,RC2_0046_ICR-3_p08
499.181971596,499.218355442,0.036383846,Other,random,CH4_O,0.036380000,RC2_0046_ICR-3_p08
287.150015044,287.186398890,0.036383846,Other,random,CH4_O,0.036380000,RC2_0046_ICR-3_p08
290.030504825,290.066889670,0.036384846,Other,random,CH4_O,0.036380000,RC2_0046_ICR-3_p08
341.079649272,341.116034118,0.036384846,Other,random,CH4_O,0.036380000,RC2_0046_ICR-3_p08
357.131919178,357.168304024,0.036384846,Other,random,CH4_O,0.036380000,RC2_0046_ICR-3_p08
529.171383380,529.207768225,0.036384846,Other,random,CH4_O,0.036380000,RC2_0046_ICR-3_p08
681.094832914,681.131217760,0.036384846,Other,random,CH4_O,0.036380000,RC2_0046_ICR-3_p08
327.063959727,327.100344573,0.036384846,Other,random,CH4_O,0.036380000,RC2_0046_ICR-3_p08
419.134552160,419.170937006,0.036384846,Other,random,CH4_O,0.036380000,RC2_0046_ICR-3_p08
421.077501918,421.113886764,0.036384846,Other,random,CH4_O,0.036380000,RC2_0046_ICR-3_p08
583.166824329,583.203209175,0.036384846,Other,random,CH4_O,0.036380000,RC2_0046_ICR-3_p08
423.160315083,423.196700929,0.036385846,Other,random,CH4_O,0.036380000,RC2_0046_ICR-3_p08
309.025120249,309.061506094,0.036385846,Other,random,CH4_O,0.036380000,RC2_0046_ICR-3_p08
317.087765047,317.124150892,0.036385846,Other,random,CH4_O,0.036380000,RC2_0046_ICR-3_p08
437.137129793,437.173515638,0.036385846,Other,random,CH4_O,0.036380000,RC2_0046_ICR-3_p08
545.166428528,545.202814374,0.036385846,Other,random,CH4_O,0.036380000,RC2_0046_ICR-3_p08
559.158771172,559.195157018,0.036385846,Other,random,CH4_O,0.036380000,RC2_0046_ICR-3_p08
589.192670767,589.229056613,0.036385846,Other,random,CH4_O,0.036380000,RC2_0046_ICR-3_p08
655.115499120,655.151884965,0.036385846,Other,random,CH4_O,0.036380000,RC2_0046_ICR-3_p08
303.144874193,303.181261039,0.036386846,Other,random,CH4_O,0.036380000,RC2_0046_ICR-3_p08
613.205835902,613.242222748,0.036386846,Other,random,CH4_O,0.036380000,RC2_0046_ICR-3_p08
363.121444770,363.157831616,0.036386846,Other,random,CH4_O,0.036380000,RC2_0046_ICR-3_p08
405.082477770,405.118864615,0.036386846,Other,random,CH4_O,0.036380000,RC2_0046_ICR-3_p08
289.035435046,289.071821892,0.036386846,Other,random,CH4_O,0.036380000,RC2_0046_ICR-3_p08
357.097827323,357.134214168,0.036386846,Other,random,CH4_O,0.036380000,RC2_0046_ICR-3_p08
443.228496953,443.264883798,0.036386846,Other,random,CH4_O,0.036380000,RC2_0046_ICR-3_p08
453.153074852,453.189461698,0.036386846,Other,random,CH4_O,0.036380000,RC2_0046_ICR-3_p08
509.142935341,509.179322187,0.036386846,Other,random,CH4_O,0.036380000,RC2_0046_ICR-3_p08
561.283533159,561.319920004,0.036386846,Other,random,CH4_O,0.036380000,RC2_0046_ICR-3_p08
569.106832972,569.143219818,0.036386846,Other,random,CH4_O,0.036380000,RC2_0046_ICR-3_p08
309.147307731,309.183695576,0.036387846,Other,random,CH4_O,0.036380000,RC2_0046_ICR-3_p08
507.236568428,507.272956274,0.036387846,Other,random,CH4_O,0.036380000,RC2_0046_ICR-3_p08
563.213363972,563.249751818,0.036387846,Other,random,CH4_O,0.036380000,RC2_0046_ICR-3_p08
609.146093124,609.182480970,0.036387846,Other,random,CH4_O,0.036380000,RC2_0046_ICR-3_p08
687.120115355,687.156503201,0.036387846,Other,random,CH4_O,0.036380000,RC2_0046_ICR-3_p08
333.097906131,333.134293977,0.036387846,Other,random,CH4_O,0.036380000,RC2_0046_ICR-3_p08
336.202819960,336.239207806,0.036387846,Other,random,CH4_O,0.036380000,RC2_0046_ICR-3_p08
447.056625714,447.093013559,0.036387846,Other,random,CH4_O,0.036380000,RC2_0046_ICR-3_p08
291.108461252,291.144849098,0.036387846,Other,random,CH4_O,0.036380000,RC2_0046_ICR-3_p08
459.041531873,459.077919719,0.036387846,Other,random,CH4_O,0.036380000,RC2_0046_ICR-3_p08
643.188244716,643.224632561,0.036387846,Other,random,CH4_O,0.036380000,RC2_0046_ICR-3_p08
615.208386407,615.244775253,0.036388846,Other,random,CH4_O,0.036380000,RC2_0046_ICR-3_p08
297.061587999,297.097976844,0.036388846,Other,random,CH4_O,0.036380000,RC2_0046_ICR-3_p08
343.066959842,343.103348688,0.036388846,Other,random,CH4_O,0.036380000,RC2_0046_ICR-3_p08
389.054532761,389.090921607,0.036388846,Other,random,CH4_O,0.036380000,RC2_0046_ICR-3_p08
427.197233958,427.233622804,0.036388846,Other,random,CH4_O,0.036380000,RC2_0046_ICR-3_p08
448.052028491,448.088417337,0.036388846,Other,random,CH4_O,0.036380000,RC2_0046_ICR-3_p08
482.138149897,482.174538742,0.036388846,Other,random,CH4_O,0.036380000,RC2_0046_ICR-3_p08
511.072924154,511.109313000,0.036388846,Other,random,CH4_O,0.036380000,RC2_0046_ICR-3_p08
355.134114653,355.170504498,0.036389846,Other,random,CH4_O,0.036380000,RC2_0046_ICR-3_p08
487.218374346,487.254764192,0.036389846,Other,random,CH4_O,0.036380000,RC2_0046_ICR-3_p08
307.082219491,307.118609336,0.036389846,Other,random,CH4_O,0.036380000,RC2_0046_ICR-3_p08
373.142194262,373.178584107,0.036389846,Other,random,CH4_O,0.036380000,RC2_0046_ICR-3_p08
531.077743293,531.114133139,0.036389846,Other,random,CH4_O,0.036380000,RC2_0046_ICR-3_p08
502.265753514,503.213376495,0.947622980,Other,random,C_1H_5N_1O2,0.947631000,RC2_0046_ICR-3_p08
334.129479755,335.077103735,0.947623980,Other,random,C_1H_5N_1O2,0.947631000,RC2_0046_ICR-3_p08
306.098231665,307.045857645,0.947625980,Other,random,C_1H_5N_1O2,0.947631000,RC2_0046_ICR-3_p08
352.103685508,353.051312488,0.947626980,Other,random,C_1H_5N_1O2,0.947631000,RC2_0046_ICR-3_p08
388.116682739,389.064309719,0.947626980,Other,random,C_1H_5N_1O2,0.947631000,RC2_0046_ICR-3_p08
258.134718128,259.082346108,0.947627980,Other,random,C_1H_5N_1O2,0.947631000,RC2_0046_ICR-3_p08
474.176851669,475.124479649,0.947627980,Other,random,C_1H_5N_1O2,0.947631000,RC2_0046_ICR-3_p08
252.087772779,253.035401759,0.947628980,Other,random,C_1H_5N_1O2,0.947631000,RC2_0046_ICR-3_p08
242.176229824,243.123862805,0.947632980,Other,random,C_1H_5N_1O2,0.947631000,RC2_0046_ICR-3_p08
320.077487364,321.025120344,0.947632980,Other,random,C_1H_5N_1O2,0.947631000,RC2_0046_ICR-3_p08
324.072399418,325.020032398,0.947632980,Other,random,C_1H_5N_1O2,0.947631000,RC2_0046_ICR-3_p08
346.215287487,347.162921467,0.947633980,Other,random,C_1H_5N_1O2,0.947631000,RC2_0046_ICR-3_p08
238.072137234,239.019772214,0.947634980,Other,random,C_1H_5N_1O2,0.947631000,RC2_0046_ICR-3_p08
498.067954322,499.015589302,0.947634980,Other,random,C_1H_5N_1O2,0.947631000,RC2_0046_ICR-3_p08
422.145494388,423.093130368,0.947635980,Other,random,C_1H_5N_1O2,0.947631000,RC2_0046_ICR-3_p08
416.111530984,417.059170964,0.947639980,Other,random,C_1H_5N_1O2,0.947631000,RC2_0046_ICR-3_p08
308.126984059,309.074625039,0.947640980,Other,random,C_1H_5N_1O2,0.947631000,RC2_0046_ICR-3_p08
362.210190636,363.157831616,0.947640980,Other,random,C_1H_5N_1O2,0.947631000,RC2_0046_ICR-3_p08
239.067418012,240.051424838,0.984006826,Other,random,H_1O1N_1,0.984016000,RC2_0046_ICR-3_p08
612.193651196,613.177659022,0.984007826,Other,random,H_1O1N_1,0.984016000,RC2_0046_ICR-3_p08
524.104473874,525.088482700,0.984008826,Other,random,H_1O1N_1,0.984016000,RC2_0046_ICR-3_p08
266.067068479,267.051077304,0.984008826,Other,random,H_1O1N_1,0.984016000,RC2_0046_ICR-3_p08
284.041241231,285.025250057,0.984008826,Other,random,H_1O1N_1,0.984016000,RC2_0046_ICR-3_p08
324.036023572,325.020032398,0.984008826,Other,random,H_1O1N_1,0.984016000,RC2_0046_ICR-3_p08
238.072137234,239.056148060,0.984010826,Other,random,H_1O1N_1,0.984016000,RC2_0046_ICR-3_p08
278.067049574,279.051061400,0.984011826,Other,random,H_1O1N_1,0.984016000,RC2_0046_ICR-3_p08
320.041108519,321.025120344,0.984011826,Other,random,H_1O1N_1,0.984016000,RC2_0046_ICR-3_p08
408.093426997,409.077438823,0.984011826,Other,random,H_1O1N_1,0.984016000,RC2_0046_ICR-3_p08
274.129673277,275.113686102,0.984012826,Other,random,H_1O1N_1,0.984016000,RC2_0046_ICR-3_p08
416.062200193,417.046213019,0.984012826,Other,random,H_1O1N_1,0.984016000,RC2_0046_ICR-3_p08
550.120282514,551.104296339,0.984013826,Other,random,H_1O1N_1,0.984016000,RC2_0046_ICR-3_p08
430.077757739,431.061771565,0.984013826,Other,random,H_1O1N_1,0.984016000,RC2_0046_ICR-3_p08
400.067213045,401.051228870,0.984015826,Other,random,H_1O1N_1,0.984016000,RC2_0046_ICR-3_p08
488.249958970,489.233974796,0.984015826,Other,random,H_1O1N_1,0.984016000,RC2_0046_ICR-3_p08
254.067027383,255.051044209,0.984016826,Other,random,H_1O1N_1,0.984016000,RC2_0046_ICR-3_p08
284.077585077,285.061602903,0.984017826,Other,random,H_1O1N_1,0.984016000,RC2_0046_ICR-3_p08
518.093862371,519.077881197,0.984018826,Other,random,H_1O1N_1,0.984016000,RC2_0046_ICR-3_p08
416.111530984,417.095552810,0.984021826,Other,random,H_1O1N_1,0.984016000,RC2_0046_ICR-3_p08
298.056797777,299.040821603,0.984023826,Other,random,H_1O1N_1,0.984016000,RC2_0046_ICR-3_p08
522.161599116,523.145622941,0.984023826,Other,random,H_1O1N_1,0.984016000,RC2_0046_ICR-3_p08
393.241041002,394.236280780,0.995239778,Other,random,C_1H_1N1,0.995249000,RC2_0046_ICR-3_p08
455.111370545,456.106610323,0.995239778,Other,random,C_1H_1N1,0.995249000,RC2_0046_ICR-3_p08
501.067371598,502.062612376,0.995240778,Other,random,C_1H_1N1,0.995249000,RC2_0046_ICR-3_p08
579.172005275,580.167246053,0.995240778,Other,random,C_1H_1N1,0.995249000,RC2_0046_ICR-3_p08
335.162930371,336.158171149,0.995240778,Other,random,C_1H_1N1,0.995249000,RC2_0046_ICR-3_p08
473.181610891,474.176851669,0.995240778,Other,random,C_1H_1N1,0.995249000,RC2_0046_ICR-3_p08
335.113467581,336.108709359,0.995241778,Other,random,C_1H_1N1,0.995249000,RC2_0046_ICR-3_p08
278.067049574,279.062293352,0.995243778,Other,random,C_1H_1N1,0.995249000,RC2_0046_ICR-3_p08
565.119770885,566.115015663,0.995244778,Other,random,C_1H_1N1,0.995249000,RC2_0046_ICR-3_p08
535.145700036,536.140944815,0.995244778,Other,random,C_1H_1N1,0.995249000,RC2_0046_ICR-3_p08
251.092527001,252.087772779,0.995245778,Other,random,C_1H_1N1,0.995249000,RC2_0046_ICR-3_p08
291.108461252,292.103708030,0.995246778,Other,random,C_1H_1N1,0.995249000,RC2_0046_ICR-3_p08
373.056398626,374.051645404,0.995246778,Other,random,C_1H_1N1,0.995249000,RC2_0046_ICR-3_p08
301.071736987,302.066984766,0.995247778,Other,random,C_1H_1N1,0.995249000,RC2_0046_ICR-3_p08
431.098252410,432.093501188,0.995248778,Other,random,C_1H_1N1,0.995249000,RC2_0046_ICR-3_p08
327.072039693,328.067288471,0.995248778,Other,random,C_1H_1N1,0.995249000,RC2_0046_ICR-3_p08
307.118609336,308.113859114,0.995249778,Other,random,C_1H_1N1,0.995249000,RC2_0046_ICR-3_p08
295.118722240,296.113972018,0.995249778,Other,random,C_1H_1N1,0.995249000,RC2_0046_ICR-3_p08
306.061948819,307.057199597,0.995250778,Other,random,C_1H_1N1,0.995249000,RC2_0046_ICR-3_p08
479.168784493,480.164035271,0.995250778,Other,random,C_1H_1N1,0.995249000,RC2_0046_ICR-3_p08
347.126509621,348.121761399,0.995251778,Other,random,C_1H_1N1,0.995249000,RC2_0046_ICR-3_p08
357.074513421,358.069765200,0.995251778,Other,random,C_1H_1N1,0.995249000,RC2_0046_ICR-3_p08
507.114264947,508.109518725,0.995253778,Other,random,C_1H_1N1,0.995249000,RC2_0046_ICR-3_p08
285.097950749,286.093204527,0.995253778,Other,random,C_1H_1N1,0.995249000,RC2_0046_ICR-3_p08
307.131730281,308.126984059,0.995253778,Other,random,C_1H_1N1,0.995249000,RC2_0046_ICR-3_p08
393.132102464,394.127357242,0.995254778,Other,random,C_1H_1N1,0.995249000,RC2_0046_ICR-3_p08
349.019999589,350.015254367,0.995254778,Other,random,C_1H_1N1,0.995249000,RC2_0046_ICR-3_p08
311.149873236,312.145129014,0.995255778,Other,random,C_1H_1N1,0.995249000,RC2_0046_ICR-3_p08
399.071957267,400.067213045,0.995255778,Other,random,C_1H_1N1,0.995249000,RC2_0046_ICR-3_p08
451.087878613,452.083134391,0.995255778,Other,random,C_1H_1N1,0.995249000,RC2_0046_ICR-3_p08
293.030243100,294.025500878,0.995257778,Other,random,C_1H_1N1,0.995249000,RC2_0046_ICR-3_p08
381.095437524,382.090696302,0.995258778,Other,random,C_1H_1N1,0.995249000,RC2_0046_ICR-3_p08
251.056194155,252.051452933,0.995258778,Other,random,C_1H_1N1,0.995249000,RC2_0046_ICR-3_p08
505.135038343,506.130297121,0.995258778,Other,random,C_1H_1N1,0.995249000,RC2_0046_ICR-3_p08
501.067371598,502.062612376,0.995240778,Other,random,NH_CH2,0.995250000,RC2_0046_ICR-3_p08
579.172005275,580.167246053,0.995240778,Other,random,NH_CH2,0.995250000,RC2_0046_ICR-3_p08
335.162930371,336.158171149,0.995240778,Other,random,NH_CH2,0.995250000,RC2_0046_ICR-3_p08
473.181610891,474.176851669,0.995240778,Other,random,NH_CH2,0.995250000,RC2_0046_ICR-3_p08
335.113467581,336.108709359,0.995241778,Other,random,NH_CH2,0.995250000,RC2_0046_ICR-3_p08
278.067049574,279.062293352,0.995243778,Other,random,NH_CH2,0.995250000,RC2_0046_ICR-3_p08
565.119770885,566.115015663,0.995244778,Other,random,NH_CH2,0.995250000,RC2_0046_ICR-3_p08
535.145700036,536.140944815,0.995244778,Other,random,NH_CH2,0.995250000,RC2_0046_ICR-3_p08
251.092527001,252.087772779,0.995245778,Other,random,NH_CH2,0.995250000,RC2_0046_ICR-3_p08
291.108461252,292.103708030,0.995246778,Other,random,NH_CH2,0.995250000,RC2_0046_ICR-3_p08
373.056398626,374.051645404,0.995246778,Other,random,NH_CH2,0.995250000,RC2_0046_ICR-3_p08
301.071736987,302.066984766,0.995247778,Other,random,NH_CH2,0.995250000,RC2_0046_ICR-3_p08
431.098252410,432.093501188,0.995248778,Other,random,NH_CH2,0.995250000,RC2_0046_ICR-3_p08
327.072039693,328.067288471,0.995248778,Other,random,NH_CH2,0.995250000,RC2_0046_ICR-3_p08
307.118609336,308.113859114,0.995249778,Other,random,NH_CH2,0.995250000,RC2_0046_ICR-3_p08
295.118722240,296.113972018,0.995249778,Other,random,NH_CH2,0.995250000,RC2_0046_ICR-3_p08
306.061948819,307.057199597,0.995250778,Other,random,NH_CH2,0.995250000,RC2_0046_ICR-3_p08
479.168784493,480.164035271,0.995250778,Other,random,NH_CH2,0.995250000,RC2_0046_ICR-3_p08
347.126509621,348.121761399,0.995251778,Other,random,NH_CH2,0.995250000,RC2_0046_ICR-3_p08
357.074513421,358.069765200,0.995251778,Other,random,NH_CH2,0.995250000,RC2_0046_ICR-3_p08
507.114264947,508.109518725,0.995253778,Other,random,NH_CH2,0.995250000,RC2_0046_ICR-3_p08
285.097950749,286.093204527,0.995253778,Other,random,NH_CH2,0.995250000,RC2_0046_ICR-3_p08
307.131730281,308.126984059,0.995253778,Other,random,NH_CH2,0.995250000,RC2_0046_ICR-3_p08
393.132102464,394.127357242,0.995254778,Other,random,NH_CH2,0.995250000,RC2_0046_ICR-3_p08
349.019999589,350.015254367,0.995254778,Other,random,NH_CH2,0.995250000,RC2_0046_ICR-3_p08
311.149873236,312.145129014,0.995255778,Other,random,NH_CH2,0.995250000,RC2_0046_ICR-3_p08
399.071957267,400.067213045,0.995255778,Other,random,NH_CH2,0.995250000,RC2_0046_ICR-3_p08
451.087878613,452.083134391,0.995255778,Other,random,NH_CH2,0.995250000,RC2_0046_ICR-3_p08
293.030243100,294.025500878,0.995257778,Other,random,NH_CH2,0.995250000,RC2_0046_ICR-3_p08
381.095437524,382.090696302,0.995258778,Other,random,NH_CH2,0.995250000,RC2_0046_ICR-3_p08
251.056194155,252.051452933,0.995258778,Other,random,NH_CH2,0.995250000,RC2_0046_ICR-3_p08
505.135038343,506.130297121,0.995258778,Other,random,NH_CH2,0.995250000,RC2_0046_ICR-3_p08
361.214930858,362.210190636,0.995259778,Other,random,NH_CH2,0.995250000,RC2_0046_ICR-3_p08
391.030549379,392.025809157,0.995259778,Other,random,NH_CH2,0.995250000,RC2_0046_ICR-3_p08
413.100708756,414.095968534,0.995259778,Other,random,NH_CH2,0.995250000,RC2_0046_ICR-3_p08
585.146195932,586.141455710,0.995259778,Other,random,NH_CH2,0.995250000,RC2_0046_ICR-3_p08
429.204747442,430.208094186,1.003346744,Other,random,C12_C13,1.003355400,RC2_0046_ICR-3_p08
353.152336059,354.155689803,1.003353744,Other,random,C12_C13,1.003355400,RC2_0046_ICR-3_p08
355.168012509,356.171370253,1.003357744,Other,random,C12_C13,1.003355400,RC2_0046_ICR-3_p08
379.030454283,380.033816027,1.003361744,Other,random,C12_C13,1.003355400,RC2_0046_ICR-3_p08
395.025350432,396.028713176,1.003362744,Other,random,C12_C13,1.003355400,RC2_0046_ICR-3_p08
339.136681514,340.140044258,1.003362744,Other,random,C12_C13,1.003355400,RC2_0046_ICR-3_p08
409.180991384,410.194859083,1.013867699,Other,random,H3N1O_3S1,1.013876000,RC2_0046_ICR-3_p08
347.107888700,348.121761399,1.013872699,Other,random,H3N1O_3S1,1.013876000,RC2_0046_ICR-3_p08
231.029927108,232.043804807,1.013877699,Other,random,H3N1O_3S1,1.013876000,RC2_0046_ICR-3_p08
357.055879500,358.069765200,1.013885699,Other,random,H3N1O_3S1,1.013876000,RC2_0046_ICR-3_p08
275.077289257,276.108913881,1.031624624,Other,random,H3O_1N1,1.031634000,RC2_0046_ICR-3_p08
495.041546160,496.073170784,1.031624624,Other,random,H3O_1N1,1.031634000,RC2_0046_ICR-3_p08
443.025449814,444.057074438,1.031624624,Other,random,H3O_1N1,1.031634000,RC2_0046_ICR-3_p08
253.035401759,254.067027383,1.031625624,Other,random,H3O_1N1,1.031634000,RC2_0046_ICR-3_p08
331.009427991,332.041054614,1.031626624,Other,random,H3O_1N1,1.031634000,RC2_0046_ICR-3_p08
379.079953073,380.111579697,1.031626624,Other,random,H3O_1N1,1.031634000,RC2_0046_ICR-3_p08
427.080056455,428.111685079,1.031628624,Other,random,H3O_1N1,1.031634000,RC2_0046_ICR-3_p08
355.139738629,356.171370253,1.031631624,Other,random,H3O_1N1,1.031634000,RC2_0046_ICR-3_p08
239.056148060,240.087779684,1.031631624,Other,random,H3O_1N1,1.031634000,RC2_0046_ICR-3_p08
493.062202556,494.093834180,1.031631624,Other,random,H3O_1N1,1.031634000,RC2_0046_ICR-3_p08
407.184092855,408.215725478,1.031632624,Other,random,H3O_1N1,1.031634000,RC2_0046_ICR-3_p08
547.072716442,548.104349065,1.031632624,Other,random,H3O_1N1,1.031634000,RC2_0046_ICR-3_p08
521.129966492,522.161599116,1.031632624,Other,random,H3O_1N1,1.031634000,RC2_0046_ICR-3_p08
487.088062899,488.119696523,1.031633624,Other,random,H3O_1N1,1.031634000,RC2_0046_ICR-3_p08
277.035415950,278.067049574,1.031633624,Other,random,H3O_1N1,1.031634000,RC2_0046_ICR-3_p08
295.009489704,296.041124327,1.031634624,Other,random,H3O_1N1,1.031634000,RC2_0046_ICR-3_p08
303.050960591,304.082595215,1.031634624,Other,random,H3O_1N1,1.031634000,RC2_0046_ICR-3_p08
533.057301896,534.088938519,1.031636624,Other,random,H3O_1N1,1.031634000,RC2_0046_ICR-3_p08
465.176385849,466.208022473,1.031636624,Other,random,H3O_1N1,1.031634000,RC2_0046_ICR-3_p08
339.108406634,340.140044258,1.031637624,Other,random,H3O_1N1,1.031634000,RC2_0046_ICR-3_p08
367.079856978,368.111494602,1.031637624,Other,random,H3O_1N1,1.031634000,RC2_0046_ICR-3_p08
307.082219491,308.113859114,1.031639624,Other,random,H3O_1N1,1.031634000,RC2_0046_ICR-3_p08
315.108418443,316.140058067,1.031639624,Other,random,H3O_1N1,1.031634000,RC2_0046_ICR-3_p08
309.061506094,310.093147718,1.031641624,Other,random,H3O_1N1,1.031634000,RC2_0046_ICR-3_p08
457.077532205,458.109174828,1.031642624,Other,random,H3O_1N1,1.031634000,RC2_0046_ICR-3_p08
321.036377297,323.004408948,1.968031652,Other,random,H_2N_2O2,1.968032000,RC2_0046_ICR-3_p08
393.215980108,395.184015759,1.968035652,Other,random,H_2N_2O2,1.968032000,RC2_0046_ICR-3_p08
403.127467063,405.095503714,1.968036652,Other,random,H_2N_2O2,1.968032000,RC2_0046_ICR-3_p08
315.072085597,317.043276236,1.971190638,Other,random,H_1O_2Cl1,1.971200000,RC2_0046_ICR-3_p08
343.212510225,345.183700863,1.971190638,Other,random,H_1O_2Cl1,1.971200000,RC2_0046_ICR-3_p08
525.270416928,527.241607566,1.971190638,Other,random,H_1O_2Cl1,1.971200000,RC2_0046_ICR-3_p08
341.160435930,343.131627568,1.971191638,Other,random,H_1O_2Cl1,1.971200000,RC2_0046_ICR-3_p08
317.160496738,319.131689376,1.971192638,Other,random,H_1O_2Cl1,1.971200000,RC2_0046_ICR-3_p08
331.066992746,333.038185384,1.971192638,Other,random,H_1O_2Cl1,1.971200000,RC2_0046_ICR-3_p08
331.118651527,333.089844165,1.971192638,Other,random,H_1O_2Cl1,1.971200000,RC2_0046_ICR-3_p08
549.234166273,551.205358911,1.971192638,Other,random,H_1O_2Cl1,1.971200000,RC2_0046_ICR-3_p08
567.281220716,569.252413354,1.971192638,Other,random,H_1O_2Cl1,1.971200000,RC2_0046_ICR-3_p08
409.150237514,411.121431152,1.971193638,Other,random,H_1O_2Cl1,1.971200000,RC2_0046_ICR-3_p08
521.166413337,523.137606975,1.971193638,Other,random,H_1O_2Cl1,1.971200000,RC2_0046_ICR-3_p08
299.149973140,301.121166778,1.971193638,Other,random,H_1O_2Cl1,1.971200000,RC2_0046_ICR-3_p08
303.181261039,305.152454677,1.971193638,Other,random,H_1O_2Cl1,1.971200000,RC2_0046_ICR-3_p08
451.233505995,453.204700633,1.971194638,Other,random,H_1O_2Cl1,1.971200000,RC2_0046_ICR-3_p08
453.176467753,455.147662391,1.971194638,Other,random,H_1O_2Cl1,1.971200000,RC2_0046_ICR-3_p08
505.098679497,507.069875135,1.971195638,Other,random,H_1O_2Cl1,1.971200000,RC2_0046_ICR-3_p08
423.093130368,425.064328006,1.971197638,Other,random,H_1O_2Cl1,1.971200000,RC2_0046_ICR-3_p08
347.207435278,349.178634916,1.971199638,Other,random,H_1O_2Cl1,1.971200000,RC2_0046_ICR-3_p08
499.145566750,501.116766389,1.971199638,Other,random,H_1O_2Cl1,1.971200000,RC2_0046_ICR-3_p08
553.301621018,555.272820656,1.971199638,Other,random,H_1O_2Cl1,1.971200000,RC2_0046_ICR-3_p08
401.254381009,403.225581647,1.971200638,Other,random,H_1O_2Cl1,1.971200000,RC2_0046_ICR-3_p08
415.160831017,417.132031655,1.971200638,Other,random,H_1O_2Cl1,1.971200000,RC2_0046_ICR-3_p08
503.104141958,505.075342596,1.971200638,Other,random,H_1O_2Cl1,1.971200000,RC2_0046_ICR-3_p08
417.067251930,419.038452568,1.971200638,Other,random,H_1O_2Cl1,1.971200000,RC2_0046_ICR-3_p08
560.148699973,562.119901611,1.971201638,Other,random,H_1O_2Cl1,1.971200000,RC2_0046_ICR-3_p08
325.165597780,327.136799418,1.971201638,Other,random,H_1O_2Cl1,1.971200000,RC2_0046_ICR-3_p08
333.191728733,335.162930371,1.971201638,Other,random,H_1O_2Cl1,1.971200000,RC2_0046_ICR-3_p08
393.118996519,395.090198157,1.971201638,Other,random,H_1O_2Cl1,1.971200000,RC2_0046_ICR-3_p08
471.187040352,473.158241990,1.971201638,Other,random,H_1O_2Cl1,1.971200000,RC2_0046_ICR-3_p08
405.103641680,407.074844318,1.971202638,Other,random,H_1O_2Cl1,1.971200000,RC2_0046_ICR-3_p08
464.091401452,466.062605090,1.971203638,Other,random,H_1O_2Cl1,1.971200000,RC2_0046_ICR-3_p08
529.301734827,531.272938465,1.971203638,Other,random,H_1O_2Cl1,1.971200000,RC2_0046_ICR-3_p08
301.129241743,303.100446382,1.971204638,Other,random,H_1O_2Cl1,1.971200000,RC2_0046_ICR-3_p08
373.077404537,375.048609175,1.971204638,Other,random,H_1O_2Cl1,1.971200000,RC2_0046_ICR-3_p08
359.061871991,361.033077629,1.971205638,Other,random,H_1O_2Cl1,1.971200000,RC2_0046_ICR-3_p08
387.275062310,389.246267948,1.971205638,Other,random,H_1O_2Cl1,1.971200000,RC2_0046_ICR-3_p08
445.134887866,447.106093504,1.971205638,Other,random,H_1O_2Cl1,1.971200000,RC2_0046_ICR-3_p08
377.124064370,379.095271009,1.971206638,Other,random,H_1O_2Cl1,1.971200000,RC2_0046_ICR-3_p08
592.139241268,594.110447906,1.971206638,Other,random,H_1O_2Cl1,1.971200000,RC2_0046_ICR-3_p08
547.182171977,549.153379615,1.971207638,Other,random,H_1O_2Cl1,1.971200000,RC2_0046_ICR-3_p08
563.213363972,565.184571610,1.971207638,Other,random,H_1O_2Cl1,1.971200000,RC2_0046_ICR-3_p08
447.202097097,449.173305735,1.971208638,Other,random,H_1O_2Cl1,1.971200000,RC2_0046_ICR-3_p08
395.134553969,397.105762607,1.971208638,Other,random,H_1O_2Cl1,1.971200000,RC2_0046_ICR-3_p08
603.171882467,605.151138071,1.979255604,Other,random,C_1H_2O1,1.979265000,RC2_0046_ICR-3_p08
321.134232882,323.113488485,1.979255604,Other,random,C_1H_2O1,1.979265000,RC2_0046_ICR-3_p08
409.150237514,411.129493118,1.979255604,Other,random,C_1H_2O1,1.979265000,RC2_0046_ICR-3_p08
235.061279006,237.040534610,1.979255604,Other,random,C_1H_2O1,1.979265000,RC2_0046_ICR-3_p08
243.123862805,245.103118408,1.979255604,Other,random,C_1H_2O1,1.979265000,RC2_0046_ICR-3_p08
263.056162251,265.035417855,1.979255604,Other,random,C_1H_2O1,1.979265000,RC2_0046_ICR-3_p08
323.162931276,325.142186880,1.979255604,Other,random,C_1H_2O1,1.979265000,RC2_0046_ICR-3_p08
327.087299628,329.066555232,1.979255604,Other,random,C_1H_2O1,1.979265000,RC2_0046_ICR-3_p08
488.119696523,490.098952127,1.979255604,Other,random,C_1H_2O1,1.979265000,RC2_0046_ICR-3_p08
527.155815930,529.135071534,1.979255604,Other,random,C_1H_2O1,1.979265000,RC2_0046_ICR-3_p08
529.119881598,531.099137202,1.979255604,Other,random,C_1H_2O1,1.979265000,RC2_0046_ICR-3_p08
555.127522273,557.106777877,1.979255604,Other,random,C_1H_2O1,1.979265000,RC2_0046_ICR-3_p08
559.109269382,561.088525986,1.979256604,Other,random,C_1H_2O1,1.979265000,RC2_0046_ICR-3_p08
347.235652158,349.214908762,1.979256604,Other,random,C_1H_2O1,1.979265000,RC2_0046_ICR-3_p08
475.137426594,477.116683198,1.979256604,Other,random,C_1H_2O1,1.979265000,RC2_0046_ICR-3_p08
521.215676128,523.194932732,1.979256604,Other,random,C_1H_2O1,1.979265000,RC2_0046_ICR-3_p08
401.160450407,403.139707011,1.979256604,Other,random,C_1H_2O1,1.979265000,RC2_0046_ICR-3_p08
428.127699011,430.106955615,1.979256604,Other,random,C_1H_2O1,1.979265000,RC2_0046_ICR-3_p08
447.056625714,449.035882318,1.979256604,Other,random,C_1H_2O1,1.979265000,RC2_0046_ICR-3_p08
487.109204809,489.088461413,1.979256604,Other,random,C_1H_2O1,1.979265000,RC2_0046_ICR-3_p08
273.170756344,275.150012948,1.979256604,Other,random,C_1H_2O1,1.979265000,RC2_0046_ICR-3_p08
309.110981885,311.090239489,1.979257604,Other,random,C_1H_2O1,1.979265000,RC2_0046_ICR-3_p08
344.077510555,346.056768159,1.979257604,Other,random,C_1H_2O1,1.979265000,RC2_0046_ICR-3_p08
479.046470012,481.025727615,1.979257604,Other,random,C_1H_2O1,1.979265000,RC2_0046_ICR-3_p08
231.087516863,233.066774467,1.979257604,Other,random,C_1H_2O1,1.979265000,RC2_0046_ICR-3_p08
227.056198964,229.035456568,1.979257604,Other,random,C_1H_2O1,1.979265000,RC2_0046_ICR-3_p08
349.201896817,351.181154421,1.979257604,Other,random,C_1H_2O1,1.979265000,RC2_0046_ICR-3_p08
375.085110020,377.064367624,1.979257604,Other,random,C_1H_2O1,1.979265000,RC2_0046_ICR-3_p08
538.120313418,540.099572022,1.979258604,Other,random,C_1H_2O1,1.979265000,RC2_0046_ICR-3_p08
289.108144737,291.087403341,1.979258604,Other,random,C_1H_2O1,1.979265000,RC2_0046_ICR-3_p08
343.085438764,345.064697368,1.979258604,Other,random,C_1H_2O1,1.979265000,RC2_0046_ICR-3_p08
355.170504498,357.149763102,1.979258604,Other,random,C_1H_2O1,1.979265000,RC2_0046_ICR-3_p08
385.077519632,387.056778235,1.979258604,Other,random,C_1H_2O1,1.979265000,RC2_0046_ICR-3_p08
415.124401172,417.103659775,1.979258604,Other,random,C_1H_2O1,1.979265000,RC2_0046_ICR-3_p08
619.167014615,621.146273219,1.979258604,Other,random,C_1H_2O1,1.979265000,RC2_0046_ICR-3_p08
453.204700633,455.183959237,1.979258604,Other,random,C_1H_2O1,1.979265000,RC2_0046_ICR-3_p08
366.082980207,368.062239811,1.979259604,Other,random,C_1H_2O1,1.979265000,RC2_0046_ICR-3_p08
319.154973278,321.134232882,1.979259604,Other,random,C_1H_2O1,1.979265000,RC2_0046_ICR-3_p08
581.143008914,583.122268518,1.979259604,Other,random,C_1H_2O1,1.979265000,RC2_0046_ICR-3_p08
285.097950749,287.077210353,1.979259604,Other,random,C_1H_2O1,1.979265000,RC2_0046_ICR-3_p08
305.079709985,307.058969589,1.979259604,Other,random,C_1H_2O1,1.979265000,RC2_0046_ICR-3_p08
371.116636854,373.095896458,1.979259604,Other,random,C_1H_2O1,1.979265000,RC2_0046_ICR-3_p08
381.168273215,383.147532819,1.979259604,Other,random,C_1H_2O1,1.979265000,RC2_0046_ICR-3_p08
385.056301722,387.035561325,1.979259604,Other,random,C_1H_2O1,1.979265000,RC2_0046_ICR-3_p08
491.228417335,493.207676939,1.979259604,Other,random,C_1H_2O1,1.979265000,RC2_0046_ICR-3_p08
545.166428528,547.145688132,1.979259604,Other,random,C_1H_2O1,1.979265000,RC2_0046_ICR-3_p08
278.103313420,280.082574024,1.979260604,Other,random,C_1H_2O1,1.979265000,RC2_0046_ICR-3_p08
347.199374312,349.178634916,1.979260604,Other,random,C_1H_2O1,1.979265000,RC2_0046_ICR-3_p08
445.108135979,447.087396583,1.979260604,Other,random,C_1H_2O1,1.979265000,RC2_0046_ICR-3_p08
415.116292206,417.095552810,1.979260604,Other,random,C_1H_2O1,1.979265000,RC2_0046_ICR-3_p08
481.220715788,483.199977392,1.979261604,Other,random,C_1H_2O1,1.979265000,RC2_0046_ICR-3_p08
603.062765930,605.042027533,1.979261604,Other,random,C_1H_2O1,1.979265000,RC2_0046_ICR-3_p08
509.057227705,511.036489309,1.979261604,Other,random,C_1H_2O1,1.979265000,RC2_0046_ICR-3_p08
294.098257569,296.077520173,1.979262604,Other,random,C_1H_2O1,1.979265000,RC2_0046_ICR-3_p08
307.045857645,309.025120249,1.979262604,Other,random,C_1H_2O1,1.979265000,RC2_0046_ICR-3_p08
315.217589980,317.196852584,1.979262604,Other,random,C_1H_2O1,1.979265000,RC2_0046_ICR-3_p08
338.088041963,340.067304567,1.979262604,Other,random,C_1H_2O1,1.979265000,RC2_0046_ICR-3_p08
421.236038246,423.215300850,1.979262604,Other,random,C_1H_2O1,1.979265000,RC2_0046_ICR-3_p08
521.252067974,523.231330578,1.979262604,Other,random,C_1H_2O1,1.979265000,RC2_0046_ICR-3_p08
531.223449675,533.202712279,1.979262604,Other,random,C_1H_2O1,1.979265000,RC2_0046_ICR-3_p08
410.194859083,412.174122687,1.979263604,Other,random,C_1H_2O1,1.979265000,RC2_0046_ICR-3_p08
229.108253259,231.087516863,1.979263604,Other,random,C_1H_2O1,1.979265000,RC2_0046_ICR-3_p08
251.128928847,253.108192451,1.979263604,Other,random,C_1H_2O1,1.979265000,RC2_0046_ICR-3_p08
301.035337142,303.014600746,1.979263604,Other,random,C_1H_2O1,1.979265000,RC2_0046_ICR-3_p08
303.100446382,305.079709985,1.979263604,Other,random,C_1H_2O1,1.979265000,RC2_0046_ICR-3_p08
331.121968513,333.101232117,1.979263604,Other,random,C_1H_2O1,1.979265000,RC2_0046_ICR-3_p08
337.159927900,339.139191504,1.979263604,Other,random,C_1H_2O1,1.979265000,RC2_0046_ICR-3_p08
429.118988806,431.098252410,1.979263604,Other,random,C_1H_2O1,1.979265000,RC2_0046_ICR-3_p08
459.132499487,461.111763091,1.979263604,Other,random,C_1H_2O1,1.979265000,RC2_0046_ICR-3_p08
489.103623349,491.082886953,1.979263604,Other,random,C_1H_2O1,1.979265000,RC2_0046_ICR-3_p08
503.119415893,505.098679497,1.979263604,Other,random,C_1H_2O1,1.979265000,RC2_0046_ICR-3_p08
663.229716699,665.208980303,1.979263604,Other,random,C_1H_2O1,1.979265000,RC2_0046_ICR-3_p08
347.186231368,349.165495972,1.979264604,Other,random,C_1H_2O1,1.979265000,RC2_0046_ICR-3_p08
269.131227480,271.110492084,1.979264604,Other,random,C_1H_2O1,1.979265000,RC2_0046_ICR-3_p08
334.056770064,336.036034667,1.979264604,Other,random,C_1H_2O1,1.979265000,RC2_0046_ICR-3_p08
350.124420904,352.103685508,1.979264604,Other,random,C_1H_2O1,1.979265000,RC2_0046_ICR-3_p08
519.077881197,521.057145801,1.979264604,Other,random,C_1H_2O1,1.979265000,RC2_0046_ICR-3_p08
557.252182260,559.231446864,1.979264604,Other,random,C_1H_2O1,1.979265000,RC2_0046_ICR-3_p08
607.166828520,609.146093124,1.979264604,Other,random,C_1H_2O1,1.979265000,RC2_0046_ICR-3_p08
337.178601821,339.157866425,1.979264604,Other,random,C_1H_2O1,1.979265000,RC2_0046_ICR-3_p08
343.118588623,345.097853227,1.979264604,Other,random,C_1H_2O1,1.979265000,RC2_0046_ICR-3_p08
405.168317406,407.147582010,1.979264604,Other,random,C_1H_2O1,1.979265000,RC2_0046_ICR-3_p08
427.189247992,429.168512596,1.979264604,Other,random,C_1H_2O1,1.979265000,RC2_0046_ICR-3_p08
625.170001150,627.149265754,1.979264604,Other,random,C_1H_2O1,1.979265000,RC2_0046_ICR-3_p08
271.191490741,273.170756344,1.979265604,Other,random,C_1H_2O1,1.979265000,RC2_0046_ICR-3_p08
482.174538742,484.153804346,1.979265604,Other,random,C_1H_2O1,1.979265000,RC2_0046_ICR-3_p08
301.144433679,303.123699283,1.979265604,Other,random,C_1H_2O1,1.979265000,RC2_0046_ICR-3_p08
367.134101748,369.113367352,1.979265604,Other,random,C_1H_2O1,1.979265000,RC2_0046_ICR-3_p08
665.208980303,667.188245907,1.979265604,Other,random,C_1H_2O1,1.979265000,RC2_0046_ICR-3_p08
317.066569137,319.045834741,1.979265604,Other,random,C_1H_2O1,1.979265000,RC2_0046_ICR-3_p08
333.074532230,335.053797834,1.979265604,Other,random,C_1H_2O1,1.979265000,RC2_0046_ICR-3_p08
557.215890414,559.195157018,1.979266604,Other,random,C_1H_2O1,1.979265000,RC2_0046_ICR-3_p08
583.182034264,585.161300868,1.979266604,Other,random,C_1H_2O1,1.979265000,RC2_0046_ICR-3_p08
305.102952887,307.082219491,1.979266604,Other,random,C_1H_2O1,1.979265000,RC2_0046_ICR-3_p08
359.053811025,361.033077629,1.979266604,Other,random,C_1H_2O1,1.979265000,RC2_0046_ICR-3_p08
493.207676939,495.186943543,1.979266604,Other,random,C_1H_2O1,1.979265000,RC2_0046_ICR-3_p08
497.231003872,499.210270476,1.979266604,Other,random,C_1H_2O1,1.979265000,RC2_0046_ICR-3_p08
235.024861161,237.004127765,1.979266604,Other,random,C_1H_2O1,1.979265000,RC2_0046_ICR-3_p08
393.095526619,395.074793223,1.979266604,Other,random,C_1H_2O1,1.979265000,RC2_0046_ICR-3_p08
549.197720427,551.176987031,1.979266604,Other,random,C_1H_2O1,1.979265000,RC2_0046_ICR-3_p08
589.265474458,591.244741062,1.979266604,Other,random,C_1H_2O1,1.979265000,RC2_0046_ICR-3_p08
333.025122440,335.004389044,1.979266604,Other,random,C_1H_2O1,1.979265000,RC2_0046_ICR-3_p08
375.111498908,377.090766512,1.979267604,Other,random,C_1H_2O1,1.979265000,RC2_0046_ICR-3_p08
447.142559349,449.121826953,1.979267604,Other,random,C_1H_2O1,1.979265000,RC2_0046_ICR-3_p08
457.144648920,459.123916524,1.979267604,Other,random,C_1H_2O1,1.979265000,RC2_0046_ICR-3_p08
305.175747578,307.155015182,1.979267604,Other,random,C_1H_2O1,1.979265000,RC2_0046_ICR-3_p08
337.129139030,339.108406634,1.979267604,Other,random,C_1H_2O1,1.979265000,RC2_0046_ICR-3_p08
365.160345121,367.139612725,1.979267604,Other,random,C_1H_2O1,1.979265000,RC2_0046_ICR-3_p08
387.075265157,389.054532761,1.979267604,Other,random,C_1H_2O1,1.979265000,RC2_0046_ICR-3_p08
415.103213261,417.082480865,1.979267604,Other,random,C_1H_2O1,1.979265000,RC2_0046_ICR-3_p08
422.158349333,424.137616937,1.979267604,Other,random,C_1H_2O1,1.979265000,RC2_0046_ICR-3_p08
427.088076421,429.067344025,1.979267604,Other,random,C_1H_2O1,1.979265000,RC2_0046_ICR-3_p08
379.225538456,381.204807060,1.979268604,Other,random,C_1H_2O1,1.979265000,RC2_0046_ICR-3_p08
401.209749198,403.189017802,1.979268604,Other,random,C_1H_2O1,1.979265000,RC2_0046_ICR-3_p08
601.229078708,603.208347312,1.979268604,Other,random,C_1H_2O1,1.979265000,RC2_0046_ICR-3_p08
351.121387675,353.100656279,1.979268604,Other,random,C_1H_2O1,1.979265000,RC2_0046_ICR-3_p08
359.061871991,361.041140595,1.979268604,Other,random,C_1H_2O1,1.979265000,RC2_0046_ICR-3_p08
509.121946430,511.101215034,1.979268604,Other,random,C_1H_2O1,1.979265000,RC2_0046_ICR-3_p08
687.266111736,689.245380340,1.979268604,Other,random,C_1H_2O1,1.979265000,RC2_0046_ICR-3_p08
299.149973140,301.129241743,1.979268604,Other,random,C_1H_2O1,1.979265000,RC2_0046_ICR-3_p08
471.114181661,473.093450265,1.979268604,Other,random,C_1H_2O1,1.979265000,RC2_0046_ICR-3_p08
477.140004099,479.119272703,1.979268604,Other,random,C_1H_2O1,1.979265000,RC2_0046_ICR-3_p08
435.202120001,437.181389605,1.979269604,Other,random,C_1H_2O1,1.979265000,RC2_0046_ICR-3_p08
437.108773913,439.088043517,1.979269604,Other,random,C_1H_2O1,1.979265000,RC2_0046_ICR-3_p08
563.176918127,565.156187731,1.979269604,Other,random,C_1H_2O1,1.979265000,RC2_0046_ICR-3_p08
281.152441486,283.131711090,1.979269604,Other,random,C_1H_2O1,1.979265000,RC2_0046_ICR-3_p08
401.082095740,403.061365343,1.979269604,Other,random,C_1H_2O1,1.979265000,RC2_0046_ICR-3_p08
493.171259094,495.150528698,1.979269604,Other,random,C_1H_2O1,1.979265000,RC2_0046_ICR-3_p08
543.200283869,545.179553472,1.979269604,Other,random,C_1H_2O1,1.979265000,RC2_0046_ICR-3_p08
285.134353594,287.113623198,1.979269604,Other,random,C_1H_2O1,1.979265000,RC2_0046_ICR-3_p08
519.200250678,521.179520282,1.979269604,Other,random,C_1H_2O1,1.979265000,RC2_0046_ICR-3_p08
541.083330849,543.062600453,1.979269604,Other,random,C_1H_2O1,1.979265000,RC2_0046_ICR-3_p08
237.113281302,239.092551906,1.979270604,Other,random,C_1H_2O1,1.979265000,RC2_0046_ICR-3_p08
385.159965282,387.139235886,1.979270604,Other,random,C_1H_2O1,1.979265000,RC2_0046_ICR-3_p08
343.212510225,345.191780828,1.979270604,Other,random,C_1H_2O1,1.979265000,RC2_0046_ICR-3_p08
457.126895995,459.106166599,1.979270604,Other,random,C_1H_2O1,1.979265000,RC2_0046_ICR-3_p08
455.111370545,457.090642149,1.979271604,Other,random,C_1H_2O1,1.979265000,RC2_0046_ICR-3_p08
227.128981655,229.108253259,1.979271604,Other,random,C_1H_2O1,1.979265000,RC2_0046_ICR-3_p08
287.056163442,289.035435046,1.979271604,Other,random,C_1H_2O1,1.979265000,RC2_0046_ICR-3_p08
322.093127814,324.072399418,1.979271604,Other,random,C_1H_2O1,1.979265000,RC2_0046_ICR-3_p08
361.165578067,363.144849671,1.979271604,Other,random,C_1H_2O1,1.979265000,RC2_0046_ICR-3_p08
363.102831849,365.082103453,1.979271604,Other,random,C_1H_2O1,1.979265000,RC2_0046_ICR-3_p08
374.124457095,376.103728699,1.979271604,Other,random,C_1H_2O1,1.979265000,RC2_0046_ICR-3_p08
399.071957267,401.051228870,1.979271604,Other,random,C_1H_2O1,1.979265000,RC2_0046_ICR-3_p08
413.072388876,415.051660480,1.979271604,Other,random,C_1H_2O1,1.979265000,RC2_0046_ICR-3_p08
623.198482513,625.177754117,1.979271604,Other,random,C_1H_2O1,1.979265000,RC2_0046_ICR-3_p08
701.208724591,703.187996194,1.979271604,Other,random,C_1H_2O1,1.979265000,RC2_0046_ICR-3_p08
253.144546296,255.123817900,1.979271604,Other,random,C_1H_2O1,1.979265000,RC2_0046_ICR-3_p08
303.136812227,305.116084831,1.979272604,Other,random,C_1H_2O1,1.979265000,RC2_0046_ICR-3_p08
303.144874193,305.124146797,1.979272604,Other,random,C_1H_2O1,1.979265000,RC2_0046_ICR-3_p08
334.178898546,336.158171149,1.979272604,Other,random,C_1H_2O1,1.979265000,RC2_0046_ICR-3_p08
383.144183833,385.123456437,1.979272604,Other,random,C_1H_2O1,1.979265000,RC2_0046_ICR-3_p08
541.221011265,543.200283869,1.979272604,Other,random,C_1H_2O1,1.979265000,RC2_0046_ICR-3_p08
565.119770885,567.099043489,1.979272604,Other,random,C_1H_2O1,1.979265000,RC2_0046_ICR-3_p08
399.035559421,401.014832025,1.979272604,Other,random,C_1H_2O1,1.979265000,RC2_0046_ICR-3_p08
443.155615262,445.134887866,1.979272604,Other,random,C_1H_2O1,1.979265000,RC2_0046_ICR-3_p08
239.165338597,241.144611201,1.979272604,Other,random,C_1H_2O1,1.979265000,RC2_0046_ICR-3_p08
429.067344025,431.046616629,1.979272604,Other,random,C_1H_2O1,1.979265000,RC2_0046_ICR-3_p08
437.181389605,439.160662209,1.979272604,Other,random,C_1H_2O1,1.979265000,RC2_0046_ICR-3_p08
567.281220716,569.260493320,1.979272604,Other,random,C_1H_2O1,1.979265000,RC2_0046_ICR-3_p08
571.218440014,573.197712618,1.979272604,Other,random,C_1H_2O1,1.979265000,RC2_0046_ICR-3_p08
569.224031475,571.203305079,1.979273604,Other,random,C_1H_2O1,1.979265000,RC2_0046_ICR-3_p08
373.087147495,375.066421099,1.979273604,Other,random,C_1H_2O1,1.979265000,RC2_0046_ICR-3_p08
453.212719599,455.191993203,1.979273604,Other,random,C_1H_2O1,1.979265000,RC2_0046_ICR-3_p08
467.228347145,469.207620748,1.979273604,Other,random,C_1H_2O1,1.979265000,RC2_0046_ICR-3_p08
557.093540933,559.072814537,1.979273604,Other,random,C_1H_2O1,1.979265000,RC2_0046_ICR-3_p08
285.080243824,287.059517428,1.979273604,Other,random,C_1H_2O1,1.979265000,RC2_0046_ICR-3_p08
350.051620213,352.030893817,1.979273604,Other,random,C_1H_2O1,1.979265000,RC2_0046_ICR-3_p08
396.142712693,398.121986296,1.979273604,Other,random,C_1H_2O1,1.979265000,RC2_0046_ICR-3_p08
423.196700929,425.175974532,1.979273604,Other,random,C_1H_2O1,1.979265000,RC2_0046_ICR-3_p08
455.119399511,457.098673115,1.979273604,Other,random,C_1H_2O1,1.979265000,RC2_0046_ICR-3_p08
505.257294824,507.236568428,1.979273604,Other,random,C_1H_2O1,1.979265000,RC2_0046_ICR-3_p08
349.056393435,351.035667038,1.979273604,Other,random,C_1H_2O1,1.979265000,RC2_0046_ICR-3_p08
351.072037884,353.051312488,1.979274604,Other,random,C_1H_2O1,1.979265000,RC2_0046_ICR-3_p08
351.175555445,353.154830049,1.979274604,Other,random,C_1H_2O1,1.979265000,RC2_0046_ICR-3_p08
389.087667620,391.066942224,1.979274604,Other,random,C_1H_2O1,1.979265000,RC2_0046_ICR-3_p08
393.155279365,395.134553969,1.979274604,Other,random,C_1H_2O1,1.979265000,RC2_0046_ICR-3_p08
427.197233958,429.176508562,1.979274604,Other,random,C_1H_2O1,1.979265000,RC2_0046_ICR-3_p08
445.222822493,447.202097097,1.979274604,Other,random,C_1H_2O1,1.979265000,RC2_0046_ICR-3_p08
447.129500405,449.108775008,1.979274604,Other,random,C_1H_2O1,1.979265000,RC2_0046_ICR-3_p08
509.166310242,511.145584846,1.979274604,Other,random,C_1H_2O1,1.979265000,RC2_0046_ICR-3_p08
227.092600810,229.071875414,1.979274604,Other,random,C_1H_2O1,1.979265000,RC2_0046_ICR-3_p08
249.076919551,251.056194155,1.979274604,Other,random,C_1H_2O1,1.979265000,RC2_0046_ICR-3_p08
253.108192451,255.087467054,1.979274604,Other,random,C_1H_2O1,1.979265000,RC2_0046_ICR-3_p08
317.225161464,319.204436068,1.979274604,Other,random,C_1H_2O1,1.979265000,RC2_0046_ICR-3_p08
323.186323176,325.165597780,1.979274604,Other,random,C_1H_2O1,1.979265000,RC2_0046_ICR-3_p08
465.153050948,467.132325552,1.979274604,Other,random,C_1H_2O1,1.979265000,RC2_0046_ICR-3_p08
502.171799913,504.151074517,1.979274604,Other,random,C_1H_2O1,1.979265000,RC2_0046_ICR-3_p08
573.161373772,575.140648376,1.979274604,Other,random,C_1H_2O1,1.979265000,RC2_0046_ICR-3_p08
619.093968925,621.073243528,1.979274604,Other,random,C_1H_2O1,1.979265000,RC2_0046_ICR-3_p08
355.168012509,357.147287113,1.979274604,Other,random,C_1H_2O1,1.979265000,RC2_0046_ICR-3_p08
365.152377155,367.131651759,1.979274604,Other,random,C_1H_2O1,1.979265000,RC2_0046_ICR-3_p08
617.187817011,619.179653561,1.991836551,Other,random,N_1O1,1.991841000,RC2_0046_ICR-3_p08
505.220783979,507.216491513,1.995707534,Other,random,H_1O_1F1,1.995700000,RC2_0046_ICR-3_p08
271.064637279,273.061628807,1.996991529,Other,random,2ndIP,1.997000000,RC2_0046_ICR-3_p08
473.148355032,475.145347560,1.996992529,Other,random,2ndIP,1.997000000,RC2_0046_ICR-3_p08
503.132519838,505.129513366,1.996993529,Other,random,2ndIP,1.997000000,RC2_0046_ICR-3_p08
367.116372823,369.113367352,1.996994529,Other,random,2ndIP,1.997000000,RC2_0046_ICR-3_p08
401.064367815,403.061365343,1.996997529,Other,random,2ndIP,1.997000000,RC2_0046_ICR-3_p08
335.162930371,337.159927900,1.996997529,Other,random,2ndIP,1.997000000,RC2_0046_ICR-3_p08
309.152873707,311.149873236,1.996999529,Other,random,2ndIP,1.997000000,RC2_0046_ICR-3_p08
419.147624105,421.144623633,1.996999529,Other,random,2ndIP,1.997000000,RC2_0046_ICR-3_p08
487.173811535,489.170813064,1.997001529,Other,random,2ndIP,1.997000000,RC2_0046_ICR-3_p08
423.178972004,425.175974532,1.997002529,Other,random,2ndIP,1.997000000,RC2_0046_ICR-3_p08
401.054655856,403.051659385,1.997003529,Other,random,2ndIP,1.997000000,RC2_0046_ICR-3_p08
407.256874546,409.253878075,1.997003529,Other,random,2ndIP,1.997000000,RC2_0046_ICR-3_p08
431.147726200,433.144729729,1.997003529,Other,random,2ndIP,1.997000000,RC2_0046_ICR-3_p08
445.199672591,447.196677120,1.997004529,Other,random,2ndIP,1.997000000,RC2_0046_ICR-3_p08
341.069955313,343.066959842,1.997004529,Other,random,2ndIP,1.997000000,RC2_0046_ICR-3_p08
355.158342550,357.155348079,1.997005529,Other,random,2ndIP,1.997000000,RC2_0046_ICR-3_p08
571.158727268,573.155732796,1.997005529,Other,random,2ndIP,1.997000000,RC2_0046_ICR-3_p08
331.121968513,333.118975042,1.997006529,Other,random,2ndIP,1.997000000,RC2_0046_ICR-3_p08
333.183743767,335.199384217,2.015640450,Other,random,H2,2.015650000,RC2_0046_ICR-3_p08
461.108806104,463.124446553,2.015640450,Other,random,H2,2.015650000,RC2_0046_ICR-3_p08
321.038195289,323.053835738,2.015640450,Other,random,H2,2.015650000,RC2_0046_ICR-3_p08
245.103118408,247.118758858,2.015640450,Other,random,H2,2.015650000,RC2_0046_ICR-3_p08
267.087477150,269.103117600,2.015640450,Other,random,H2,2.015650000,RC2_0046_ICR-3_p08
445.090453054,447.106093504,2.015640450,Other,random,H2,2.015650000,RC2_0046_ICR-3_p08
445.098445020,447.114085470,2.015640450,Other,random,H2,2.015650000,RC2_0046_ICR-3_p08
451.015338921,453.030979370,2.015640450,Other,random,H2,2.015650000,RC2_0046_ICR-3_p08
555.272820656,557.288461106,2.015640450,Other,random,H2,2.015650000,RC2_0046_ICR-3_p08
653.245424053,655.261064502,2.015640450,Other,random,H2,2.015650000,RC2_0046_ICR-3_p08
665.099676767,667.115317216,2.015640450,Other,random,H2,2.015650000,RC2_0046_ICR-3_p08
320.077487364,322.093127814,2.015640450,Other,random,H2,2.015650000,RC2_0046_ICR-3_p08
311.040790698,313.056432148,2.015641450,Other,random,H2,2.015650000,RC2_0046_ICR-3_p08
417.149804580,419.165446029,2.015641450,Other,random,H2,2.015650000,RC2_0046_ICR-3_p08
444.130208128,446.145849577,2.015641450,Other,random,H2,2.015650000,RC2_0046_ICR-3_p08
229.071875414,231.087516863,2.015641450,Other,random,H2,2.015650000,RC2_0046_ICR-3_p08
333.220002613,335.235644063,2.015641450,Other,random,H2,2.015650000,RC2_0046_ICR-3_p08
349.142139071,351.157780520,2.015641450,Other,random,H2,2.015650000,RC2_0046_ICR-3_p08
529.148213478,531.163854928,2.015641450,Other,random,H2,2.015650000,RC2_0046_ICR-3_p08
545.130046682,547.145688132,2.015641450,Other,random,H2,2.015650000,RC2_0046_ICR-3_p08
257.066703658,259.082346108,2.015642450,Other,random,H2,2.015650000,RC2_0046_ICR-3_p08
253.035401759,255.051044209,2.015642450,Other,random,H2,2.015650000,RC2_0046_ICR-3_p08
287.077210353,289.092852802,2.015642450,Other,random,H2,2.015650000,RC2_0046_ICR-3_p08
303.136812227,305.152454677,2.015642450,Other,random,H2,2.015650000,RC2_0046_ICR-3_p08
359.077025927,361.092668376,2.015642450,Other,random,H2,2.015650000,RC2_0046_ICR-3_p08
381.118949424,383.134591874,2.015642450,Other,random,H2,2.015650000,RC2_0046_ICR-3_p08
411.035556517,413.051198966,2.015642450,Other,random,H2,2.015650000,RC2_0046_ICR-3_p08
441.212854503,443.228496953,2.015642450,Other,random,H2,2.015650000,RC2_0046_ICR-3_p08
559.036598690,561.052241140,2.015642450,Other,random,H2,2.015650000,RC2_0046_ICR-3_p08
601.229078708,603.244721158,2.015642450,Other,random,H2,2.015650000,RC2_0046_ICR-3_p08
331.118651527,333.134293977,2.015642450,Other,random,H2,2.015650000,RC2_0046_ICR-3_p08
238.072137234,240.087779684,2.015642450,Other,random,H2,2.015650000,RC2_0046_ICR-3_p08
305.043327140,307.058969589,2.015642450,Other,random,H2,2.015650000,RC2_0046_ICR-3_p08
403.189017802,405.204660251,2.015642450,Other,random,H2,2.015650000,RC2_0046_ICR-3_p08
491.119404798,493.135048247,2.015643450,Other,random,H2,2.015650000,RC2_0046_ICR-3_p08
509.121946430,511.137589880,2.015643450,Other,random,H2,2.015650000,RC2_0046_ICR-3_p08
295.155105086,297.170748536,2.015643450,Other,random,H2,2.015650000,RC2_0046_ICR-3_p08
338.088041963,340.103685412,2.015643450,Other,random,H2,2.015650000,RC2_0046_ICR-3_p08
395.184015759,397.199659209,2.015643450,Other,random,H2,2.015650000,RC2_0046_ICR-3_p08
403.225581647,405.241225096,2.015643450,Other,random,H2,2.015650000,RC2_0046_ICR-3_p08
529.135071534,531.150714983,2.015643450,Other,random,H2,2.015650000,RC2_0046_ICR-3_p08
529.156284444,531.171927893,2.015643450,Other,random,H2,2.015650000,RC2_0046_ICR-3_p08
241.071853509,243.087497959,2.015644450,Other,random,H2,2.015650000,RC2_0046_ICR-3_p08
515.192141680,517.207786130,2.015644450,Other,random,H2,2.015650000,RC2_0046_ICR-3_p08
237.004127765,239.019772214,2.015644450,Other,random,H2,2.015650000,RC2_0046_ICR-3_p08
331.058887781,333.074532230,2.015644450,Other,random,H2,2.015650000,RC2_0046_ICR-3_p08
383.183962664,385.199607114,2.015644450,Other,random,H2,2.015650000,RC2_0046_ICR-3_p08
494.216243661,496.231888110,2.015644450,Other,random,H2,2.015650000,RC2_0046_ICR-3_p08
497.166327146,499.181971596,2.015644450,Other,random,H2,2.015650000,RC2_0046_ICR-3_p08
261.076864647,263.092509097,2.015644450,Other,random,H2,2.015650000,RC2_0046_ICR-3_p08
349.056393435,351.072037884,2.015644450,Other,random,H2,2.015650000,RC2_0046_ICR-3_p08
387.144784862,389.160429312,2.015644450,Other,random,H2,2.015650000,RC2_0046_ICR-3_p08
483.056567001,485.072211450,2.015644450,Other,random,H2,2.015650000,RC2_0046_ICR-3_p08
580.130979207,582.146623657,2.015644450,Other,random,H2,2.015650000,RC2_0046_ICR-3_p08
351.035667038,353.051312488,2.015645450,Other,random,H2,2.015650000,RC2_0046_ICR-3_p08
425.035929126,427.051574576,2.015645450,Other,random,H2,2.015650000,RC2_0046_ICR-3_p08
349.069444379,351.085089829,2.015645450,Other,random,H2,2.015650000,RC2_0046_ICR-3_p08
551.140640185,553.156285635,2.015645450,Other,random,H2,2.015650000,RC2_0046_ICR-3_p08
313.165520685,315.181166135,2.015645450,Other,random,H2,2.015650000,RC2_0046_ICR-3_p08
229.108253259,231.123898709,2.015645450,Other,random,H2,2.015650000,RC2_0046_ICR-3_p08
269.139482445,271.155127895,2.015645450,Other,random,H2,2.015650000,RC2_0046_ICR-3_p08
277.035415950,279.051061400,2.015645450,Other,random,H2,2.015650000,RC2_0046_ICR-3_p08
301.121166778,303.136812227,2.015645450,Other,random,H2,2.015650000,RC2_0046_ICR-3_p08
305.116084831,307.131730281,2.015645450,Other,random,H2,2.015650000,RC2_0046_ICR-3_p08
441.030752276,443.046397725,2.015645450,Other,random,H2,2.015650000,RC2_0046_ICR-3_p08
555.187231019,557.202876469,2.015645450,Other,random,H2,2.015650000,RC2_0046_ICR-3_p08
563.067864590,565.083511039,2.015646450,Other,random,H2,2.015650000,RC2_0046_ICR-3_p08
299.032745637,301.048392086,2.015646450,Other,random,H2,2.015650000,RC2_0046_ICR-3_p08
381.191773115,383.207419565,2.015646450,Other,random,H2,2.015650000,RC2_0046_ICR-3_p08
387.108221017,389.123867467,2.015646450,Other,random,H2,2.015650000,RC2_0046_ICR-3_p08
437.230994394,439.246640844,2.015646450,Other,random,H2,2.015650000,RC2_0046_ICR-3_p08
445.134887866,447.150534315,2.015646450,Other,random,H2,2.015650000,RC2_0046_ICR-3_p08
447.134277384,449.149923834,2.015646450,Other,random,H2,2.015650000,RC2_0046_ICR-3_p08
623.141336755,625.156983205,2.015646450,Other,random,H2,2.015650000,RC2_0046_ICR-3_p08
359.025494145,361.041140595,2.015646450,Other,random,H2,2.015650000,RC2_0046_ICR-3_p08
579.099126584,581.114773034,2.015646450,Other,random,H2,2.015650000,RC2_0046_ICR-3_p08
603.171882467,605.187528916,2.015646450,Other,random,H2,2.015650000,RC2_0046_ICR-3_p08
251.056194155,253.071840605,2.015646450,Other,random,H2,2.015650000,RC2_0046_ICR-3_p08
292.103708030,294.119354480,2.015646450,Other,random,H2,2.015650000,RC2_0046_ICR-3_p08
298.056797777,300.072444226,2.015646450,Other,random,H2,2.015650000,RC2_0046_ICR-3_p08
491.168678589,493.184325038,2.015646450,Other,random,H2,2.015650000,RC2_0046_ICR-3_p08
373.056398626,375.072046075,2.015647450,Other,random,H2,2.015650000,RC2_0046_ICR-3_p08
389.137012411,391.152659861,2.015647450,Other,random,H2,2.015650000,RC2_0046_ICR-3_p08
515.132400934,517.148048383,2.015647450,Other,random,H2,2.015650000,RC2_0046_ICR-3_p08
617.260446702,619.276094152,2.015647450,Other,random,H2,2.015650000,RC2_0046_ICR-3_p08
225.076953360,227.092600810,2.015647450,Other,random,H2,2.015650000,RC2_0046_ICR-3_p08
305.066572041,307.082219491,2.015647450,Other,random,H2,2.015650000,RC2_0046_ICR-3_p08
311.149873236,313.165520685,2.015647450,Other,random,H2,2.015650000,RC2_0046_ICR-3_p08
318.098298760,320.113946210,2.015647450,Other,random,H2,2.015650000,RC2_0046_ICR-3_p08
336.108709359,338.124356809,2.015647450,Other,random,H2,2.015650000,RC2_0046_ICR-3_p08
368.033788932,370.049436381,2.015647450,Other,random,H2,2.015650000,RC2_0046_ICR-3_p08
403.079856265,405.095503714,2.015647450,Other,random,H2,2.015650000,RC2_0046_ICR-3_p08
481.025727615,483.041375065,2.015647450,Other,random,H2,2.015650000,RC2_0046_ICR-3_p08
483.142633635,485.158281085,2.015647450,Other,random,H2,2.015650000,RC2_0046_ICR-3_p08
326.051641022,328.067288471,2.015647450,Other,random,H2,2.015650000,RC2_0046_ICR-3_p08
355.134114653,357.149763102,2.015648450,Other,random,H2,2.015650000,RC2_0046_ICR-3_p08
451.189052184,453.204700633,2.015648450,Other,random,H2,2.015650000,RC2_0046_ICR-3_p08
301.084797932,303.100446382,2.015648450,Other,random,H2,2.015650000,RC2_0046_ICR-3_p08
307.045857645,309.061506094,2.015648450,Other,random,H2,2.015650000,RC2_0046_ICR-3_p08
325.129161935,327.144810384,2.015648450,Other,random,H2,2.015650000,RC2_0046_ICR-3_p08
339.157866425,341.173514874,2.015648450,Other,random,H2,2.015650000,RC2_0046_ICR-3_p08
409.142298548,411.157946997,2.015648450,Other,random,H2,2.015650000,RC2_0046_ICR-3_p08
425.072427972,427.088076421,2.015648450,Other,random,H2,2.015650000,RC2_0046_ICR-3_p08
429.085782947,431.101431396,2.015648450,Other,random,H2,2.015650000,RC2_0046_ICR-3_p08
441.046034211,443.061682660,2.015648450,Other,random,H2,2.015650000,RC2_0046_ICR-3_p08
683.234976836,685.250625285,2.015648450,Other,random,H2,2.015650000,RC2_0046_ICR-3_p08
253.144546296,255.160194746,2.015648450,Other,random,H2,2.015650000,RC2_0046_ICR-3_p08
287.040813507,289.056461957,2.015648450,Other,random,H2,2.015650000,RC2_0046_ICR-3_p08
301.144433679,303.160082129,2.015648450,Other,random,H2,2.015650000,RC2_0046_ICR-3_p08
367.066841034,369.082489483,2.015648450,Other,random,H2,2.015650000,RC2_0046_ICR-3_p08
425.181585509,427.197233958,2.015648450,Other,random,H2,2.015650000,RC2_0046_ICR-3_p08
469.236171627,471.251820077,2.015648450,Other,random,H2,2.015650000,RC2_0046_ICR-3_p08
245.066709563,247.082359012,2.015649450,Other,random,H2,2.015650000,RC2_0046_ICR-3_p08
311.077088544,313.092737994,2.015649450,Other,random,H2,2.015650000,RC2_0046_ICR-3_p08
330.061892010,332.077541460,2.015649450,Other,random,H2,2.015650000,RC2_0046_ICR-3_p08
513.306700678,515.322350128,2.015649450,Other,random,H2,2.015650000,RC2_0046_ICR-3_p08
243.123862805,245.139512254,2.015649450,Other,random,H2,2.015650000,RC2_0046_ICR-3_p08
267.014712459,269.030361908,2.015649450,Other,random,H2,2.015650000,RC2_0046_ICR-3_p08
333.061454286,335.077103735,2.015649450,Other,random,H2,2.015650000,RC2_0046_ICR-3_p08
343.085438764,345.101088213,2.015649450,Other,random,H2,2.015650000,RC2_0046_ICR-3_p08
353.030038578,355.045688028,2.015649450,Other,random,H2,2.015650000,RC2_0046_ICR-3_p08
398.044367626,400.060017075,2.015649450,Other,random,H2,2.015650000,RC2_0046_ICR-3_p08
405.241225096,407.256874546,2.015649450,Other,random,H2,2.015650000,RC2_0046_ICR-3_p08
435.069726563,437.085376012,2.015649450,Other,random,H2,2.015650000,RC2_0046_ICR-3_p08
458.138398704,460.154048154,2.015649450,Other,random,H2,2.015650000,RC2_0046_ICR-3_p08
459.056737809,461.072387258,2.015649450,Other,random,H2,2.015650000,RC2_0046_ICR-3_p08
565.221065456,567.236714905,2.015649450,Other,random,H2,2.015650000,RC2_0046_ICR-3_p08
323.040714794,325.056365244,2.015650450,Other,random,H2,2.015650000,RC2_0046_ICR-3_p08
343.009473086,345.025123535,2.015650450,Other,random,H2,2.015650000,RC2_0046_ICR-3_p08
357.228124770,359.243775219,2.015650450,Other,random,H2,2.015650000,RC2_0046_ICR-3_p08
569.151004785,571.166655234,2.015650450,Other,random,H2,2.015650000,RC2_0046_ICR-3_p08
389.173465256,391.189115706,2.015650450,Other,random,H2,2.015650000,RC2_0046_ICR-3_p08
473.072409354,475.088059803,2.015650450,Other,random,H2,2.015650000,RC2_0046_ICR-3_p08
375.066421099,377.082072549,2.015651450,Other,random,H2,2.015650000,RC2_0046_ICR-3_p08
507.091032045,509.106683495,2.015651450,Other,random,H2,2.015650000,RC2_0046_ICR-3_p08
287.141838079,289.157489528,2.015651450,Other,random,H2,2.015650000,RC2_0046_ICR-3_p08
481.163287032,483.178938481,2.015651450,Other,random,H2,2.015650000,RC2_0046_ICR-3_p08
639.136087905,641.151739355,2.015651450,Other,random,H2,2.015650000,RC2_0046_ICR-3_p08
433.041118168,435.056770618,2.015652450,Other,random,H2,2.015650000,RC2_0046_ICR-3_p08
645.146244410,647.161896859,2.015652450,Other,random,H2,2.015650000,RC2_0046_ICR-3_p08
595.231419150,597.247071600,2.015652450,Other,random,H2,2.015650000,RC2_0046_ICR-3_p08
607.166828520,609.182480970,2.015652450,Other,random,H2,2.015650000,RC2_0046_ICR-3_p08
441.095670000,443.111322450,2.015652450,Other,random,H2,2.015650000,RC2_0046_ICR-3_p08
477.225844735,479.241497184,2.015652450,Other,random,H2,2.015650000,RC2_0046_ICR-3_p08
227.092600810,229.108253259,2.015652450,Other,random,H2,2.015650000,RC2_0046_ICR-3_p08
235.097628852,237.113281302,2.015652450,Other,random,H2,2.015650000,RC2_0046_ICR-3_p08
471.093033750,473.108686200,2.015652450,Other,random,H2,2.015650000,RC2_0046_ICR-3_p08
530.130061313,532.145713763,2.015652450,Other,random,H2,2.015650000,RC2_0046_ICR-3_p08
563.176918127,565.192570576,2.015652450,Other,random,H2,2.015650000,RC2_0046_ICR-3_p08
329.066555232,331.082208682,2.015653450,Other,random,H2,2.015650000,RC2_0046_ICR-3_p08
431.092608434,433.108261883,2.015653450,Other,random,H2,2.015650000,RC2_0046_ICR-3_p08
447.069611659,449.085265108,2.015653450,Other,random,H2,2.015650000,RC2_0046_ICR-3_p08
273.076802743,275.092456193,2.015653450,Other,random,H2,2.015650000,RC2_0046_ICR-3_p08
313.056432148,315.072085597,2.015653450,Other,random,H2,2.015650000,RC2_0046_ICR-3_p08
323.090168584,325.105822034,2.015653450,Other,random,H2,2.015650000,RC2_0046_ICR-3_p08
339.136681514,341.152334964,2.015653450,Other,random,H2,2.015650000,RC2_0046_ICR-3_p08
431.256855737,433.272509187,2.015653450,Other,random,H2,2.015650000,RC2_0046_ICR-3_p08
441.149624771,443.165278221,2.015653450,Other,random,H2,2.015650000,RC2_0046_ICR-3_p08
233.081975403,235.097628852,2.015653450,Other,random,H2,2.015650000,RC2_0046_ICR-3_p08
305.030204195,307.045857645,2.015653450,Other,random,H2,2.015650000,RC2_0046_ICR-3_p08
411.178943908,413.194597358,2.015653450,Other,random,H2,2.015650000,RC2_0046_ICR-3_p08
415.134151130,417.149804580,2.015653450,Other,random,H2,2.015650000,RC2_0046_ICR-3_p08
491.132440742,493.148094192,2.015653450,Other,random,H2,2.015650000,RC2_0046_ICR-3_p08
528.078186017,530.093839467,2.015653450,Other,random,H2,2.015650000,RC2_0046_ICR-3_p08
523.109276095,525.124930545,2.015654450,Other,random,H2,2.015650000,RC2_0046_ICR-3_p08
589.120006075,591.135660525,2.015654450,Other,random,H2,2.015650000,RC2_0046_ICR-3_p08
309.134218786,311.149873236,2.015654450,Other,random,H2,2.015650000,RC2_0046_ICR-3_p08
311.090239489,313.105893938,2.015654450,Other,random,H2,2.015650000,RC2_0046_ICR-3_p08
319.131689376,321.147343826,2.015654450,Other,random,H2,2.015650000,RC2_0046_ICR-3_p08
387.157810807,389.173465256,2.015654450,Other,random,H2,2.015650000,RC2_0046_ICR-3_p08
396.028713176,398.044367626,2.015654450,Other,random,H2,2.015650000,RC2_0046_ICR-3_p08
457.025877424,459.041531873,2.015654450,Other,random,H2,2.015650000,RC2_0046_ICR-3_p08
482.138149897,484.153804346,2.015654450,Other,random,H2,2.015650000,RC2_0046_ICR-3_p08
345.191780828,347.207435278,2.015654450,Other,random,H2,2.015650000,RC2_0046_ICR-3_p08
521.215676128,523.231330578,2.015654450,Other,random,H2,2.015650000,RC2_0046_ICR-3_p08
355.131632663,357.147287113,2.015654450,Other,random,H2,2.015650000,RC2_0046_ICR-3_p08
379.206786535,381.222440985,2.015654450,Other,random,H2,2.015650000,RC2_0046_ICR-3_p08
382.090696302,384.106350751,2.015654450,Other,random,H2,2.015650000,RC2_0046_ICR-3_p08
433.077380014,435.093034464,2.015654450,Other,random,H2,2.015650000,RC2_0046_ICR-3_p08
307.058969589,309.074625039,2.015655450,Other,random,H2,2.015650000,RC2_0046_ICR-3_p08
377.209883006,379.225538456,2.015655450,Other,random,H2,2.015650000,RC2_0046_ICR-3_p08
425.145111663,427.160767113,2.015655450,Other,random,H2,2.015650000,RC2_0046_ICR-3_p08
685.104459905,687.120115355,2.015655450,Other,random,H2,2.015650000,RC2_0046_ICR-3_p08
305.102952887,307.118609336,2.015656450,Other,random,H2,2.015650000,RC2_0046_ICR-3_p08
347.004343139,349.019999589,2.015656450,Other,random,H2,2.015650000,RC2_0046_ICR-3_p08
387.075265157,389.090921607,2.015656450,Other,random,H2,2.015650000,RC2_0046_ICR-3_p08
521.129966492,523.145622941,2.015656450,Other,random,H2,2.015650000,RC2_0046_ICR-3_p08
543.077938388,545.093594837,2.015656450,Other,random,H2,2.015650000,RC2_0046_ICR-3_p08
225.040542515,227.056198964,2.015656450,Other,random,H2,2.015650000,RC2_0046_ICR-3_p08
311.186302081,313.201958531,2.015656450,Other,random,H2,2.015650000,RC2_0046_ICR-3_p08
331.066992746,333.082649196,2.015656450,Other,random,H2,2.015650000,RC2_0046_ICR-3_p08
353.142686100,355.158342550,2.015656450,Other,random,H2,2.015650000,RC2_0046_ICR-3_p08
373.129183317,375.144839766,2.015656450,Other,random,H2,2.015650000,RC2_0046_ICR-3_p08
539.286006473,541.301662923,2.015656450,Other,random,H2,2.015650000,RC2_0046_ICR-3_p08
587.189952263,589.205608712,2.015656450,Other,random,H2,2.015650000,RC2_0046_ICR-3_p08
418.041491797,420.057149247,2.015657450,Other,random,H2,2.015650000,RC2_0046_ICR-3_p08
371.126536812,373.142194262,2.015657450,Other,random,H2,2.015650000,RC2_0046_ICR-3_p08
257.103127504,259.118784953,2.015657450,Other,random,H2,2.015650000,RC2_0046_ICR-3_p08
357.055879500,359.071536950,2.015657450,Other,random,H2,2.015650000,RC2_0046_ICR-3_p08
369.147203209,371.162860658,2.015657450,Other,random,H2,2.015650000,RC2_0046_ICR-3_p08
409.163286459,411.178943908,2.015657450,Other,random,H2,2.015650000,RC2_0046_ICR-3_p08
465.116668102,467.132325552,2.015657450,Other,random,H2,2.015650000,RC2_0046_ICR-3_p08
546.205903119,548.221560568,2.015657450,Other,random,H2,2.015650000,RC2_0046_ICR-3_p08
581.093905122,583.109562572,2.015657450,Other,random,H2,2.015650000,RC2_0046_ICR-3_p08
603.208347312,605.224004762,2.015657450,Other,random,H2,2.015650000,RC2_0046_ICR-3_p08
313.048325182,315.063982632,2.015657450,Other,random,H2,2.015650000,RC2_0046_ICR-3_p08
573.109874991,575.125532440,2.015657450,Other,random,H2,2.015650000,RC2_0046_ICR-3_p08
354.095958057,356.111616506,2.015658449,Other,random,H2,2.015650000,RC2_0046_ICR-3_p08
451.160809304,453.176467753,2.015658449,Other,random,H2,2.015650000,RC2_0046_ICR-3_p08
487.137476689,489.153135139,2.015658449,Other,random,H2,2.015650000,RC2_0046_ICR-3_p08
519.077881197,521.093539646,2.015658449,Other,random,H2,2.015650000,RC2_0046_ICR-3_p08
287.056163442,289.071821892,2.015658449,Other,random,H2,2.015650000,RC2_0046_ICR-3_p08
349.165495972,351.181154421,2.015658449,Other,random,H2,2.015650000,RC2_0046_ICR-3_p08
265.035417855,267.051077304,2.015659449,Other,random,H2,2.015650000,RC2_0046_ICR-3_p08
269.103117600,271.118777049,2.015659449,Other,random,H2,2.015650000,RC2_0046_ICR-3_p08
273.134353499,275.150012948,2.015659449,Other,random,H2,2.015650000,RC2_0046_ICR-3_p08
317.116029927,319.131689376,2.015659449,Other,random,H2,2.015650000,RC2_0046_ICR-3_p08
417.168303501,419.183962951,2.015659449,Other,random,H2,2.015650000,RC2_0046_ICR-3_p08
421.142285643,423.157945093,2.015659449,Other,random,H2,2.015650000,RC2_0046_ICR-3_p08
423.160315083,425.175974532,2.015659449,Other,random,H2,2.015650000,RC2_0046_ICR-3_p08
475.191451365,477.207110814,2.015659449,Other,random,H2,2.015650000,RC2_0046_ICR-3_p08
489.088461413,491.104120863,2.015659449,Other,random,H2,2.015650000,RC2_0046_ICR-3_p08
495.186943543,497.202602993,2.015659449,Other,random,H2,2.015650000,RC2_0046_ICR-3_p08
568.138531080,570.154190529,2.015659449,Other,random,H2,2.015650000,RC2_0046_ICR-3_p08
255.051044209,257.066703658,2.015659449,Other,random,H2,2.015650000,RC2_0046_ICR-3_p08
419.220378796,421.236038246,2.015659449,Other,random,H2,2.015650000,RC2_0046_ICR-3_p08
447.251731886,449.267391336,2.015659449,Other,random,H2,2.015650000,RC2_0046_ICR-3_p08
333.183743767,335.199384217,2.015640450,Other,random,hydrogenation/dehydrogenation,2.015650074,RC2_0046_ICR-3_p08
461.108806104,463.124446553,2.015640450,Other,random,hydrogenation/dehydrogenation,2.015650074,RC2_0046_ICR-3_p08
321.038195289,323.053835738,2.015640450,Other,random,hydrogenation/dehydrogenation,2.015650074,RC2_0046_ICR-3_p08
245.103118408,247.118758858,2.015640450,Other,random,hydrogenation/dehydrogenation,2.015650074,RC2_0046_ICR-3_p08
267.087477150,269.103117600,2.015640450,Other,random,hydrogenation/dehydrogenation,2.015650074,RC2_0046_ICR-3_p08
445.090453054,447.106093504,2.015640450,Other,random,hydrogenation/dehydrogenation,2.015650074,RC2_0046_ICR-3_p08
445.098445020,447.114085470,2.015640450,Other,random,hydrogenation/dehydrogenation,2.015650074,RC2_0046_ICR-3_p08
451.015338921,453.030979370,2.015640450,Other,random,hydrogenation/dehydrogenation,2.015650074,RC2_0046_ICR-3_p08
555.272820656,557.288461106,2.015640450,Other,random,hydrogenation/dehydrogenation,2.015650074,RC2_0046_ICR-3_p08
653.245424053,655.261064502,2.015640450,Other,random,hydrogenation/dehydrogenation,2.015650074,RC2_0046_ICR-3_p08
665.099676767,667.115317216,2.015640450,Other,random,hydrogenation/dehydrogenation,2.015650074,RC2_0046_ICR-3_p08
320.077487364,322.093127814,2.015640450,Other,random,hydrogenation/dehydrogenation,2.015650074,RC2_0046_ICR-3_p08
311.040790698,313.056432148,2.015641450,Other,random,hydrogenation/dehydrogenation,2.015650074,RC2_0046_ICR-3_p08
417.149804580,419.165446029,2.015641450,Other,random,hydrogenation/dehydrogenation,2.015650074,RC2_0046_ICR-3_p08
444.130208128,446.145849577,2.015641450,Other,random,hydrogenation/dehydrogenation,2.015650074,RC2_0046_ICR-3_p08
229.071875414,231.087516863,2.015641450,Other,random,hydrogenation/dehydrogenation,2.015650074,RC2_0046_ICR-3_p08
333.220002613,335.235644063,2.015641450,Other,random,hydrogenation/dehydrogenation,2.015650074,RC2_0046_ICR-3_p08
349.142139071,351.157780520,2.015641450,Other,random,hydrogenation/dehydrogenation,2.015650074,RC2_0046_ICR-3_p08
529.148213478,531.163854928,2.015641450,Other,random,hydrogenation/dehydrogenation,2.015650074,RC2_0046_ICR-3_p08
545.130046682,547.145688132,2.015641450,Other,random,hydrogenation/dehydrogenation,2.015650074,RC2_0046_ICR-3_p08
257.066703658,259.082346108,2.015642450,Other,random,hydrogenation/dehydrogenation,2.015650074,RC2_0046_ICR-3_p08
253.035401759,255.051044209,2.015642450,Other,random,hydrogenation/dehydrogenation,2.015650074,RC2_0046_ICR-3_p08
287.077210353,289.092852802,2.015642450,Other,random,hydrogenation/dehydrogenation,2.015650074,RC2_0046_ICR-3_p08
303.136812227,305.152454677,2.015642450,Other,random,hydrogenation/dehydrogenation,2.015650074,RC2_0046_ICR-3_p08
359.077025927,361.092668376,2.015642450,Other,random,hydrogenation/dehydrogenation,2.015650074,RC2_0046_ICR-3_p08
381.118949424,383.134591874,2.015642450,Other,random,hydrogenation/dehydrogenation,2.015650074,RC2_0046_ICR-3_p08
411.035556517,413.051198966,2.015642450,Other,random,hydrogenation/dehydrogenation,2.015650074,RC2_0046_ICR-3_p08
441.212854503,443.228496953,2.015642450,Other,random,hydrogenation/dehydrogenation,2.015650074,RC2_0046_ICR-3_p08
559.036598690,561.052241140,2.015642450,Other,random,hydrogenation/dehydrogenation,2.015650074,RC2_0046_ICR-3_p08
601.229078708,603.244721158,2.015642450,Other,random,hydrogenation/dehydrogenation,2.015650074,RC2_0046_ICR-3_p08
331.118651527,333.134293977,2.015642450,Other,random,hydrogenation/dehydrogenation,2.015650074,RC2_0046_ICR-3_p08
238.072137234,240.087779684,2.015642450,Other,random,hydrogenation/dehydrogenation,2.015650074,RC2_0046_ICR-3_p08
305.043327140,307.058969589,2.015642450,Other,random,hydrogenation/dehydrogenation,2.015650074,RC2_0046_ICR-3_p08
403.189017802,405.204660251,2.015642450,Other,random,hydrogenation/dehydrogenation,2.015650074,RC2_0046_ICR-3_p08
491.119404798,493.135048247,2.015643450,Other,random,hydrogenation/dehydrogenation,2.015650074,RC2_0046_ICR-3_p08
509.121946430,511.137589880,2.015643450,Other,random,hydrogenation/dehydrogenation,2.015650074,RC2_0046_ICR-3_p08
295.155105086,297.170748536,2.015643450,Other,random,hydrogenation/dehydrogenation,2.015650074,RC2_0046_ICR-3_p08
338.088041963,340.103685412,2.015643450,Other,random,hydrogenation/dehydrogenation,2.015650074,RC2_0046_ICR-3_p08
395.184015759,397.199659209,2.015643450,Other,random,hydrogenation/dehydrogenation,2.015650074,RC2_0046_ICR-3_p08
403.225581647,405.241225096,2.015643450,Other,random,hydrogenation/dehydrogenation,2.015650074,RC2_0046_ICR-3_p08
529.135071534,531.150714983,2.015643450,Other,random,hydrogenation/dehydrogenation,2.015650074,RC2_0046_ICR-3_p08
529.156284444,531.171927893,2.015643450,Other,random,hydrogenation/dehydrogenation,2.015650074,RC2_0046_ICR-3_p08
241.071853509,243.087497959,2.015644450,Other,random,hydrogenation/dehydrogenation,2.015650074,RC2_0046_ICR-3_p08
515.192141680,517.207786130,2.015644450,Other,random,hydrogenation/dehydrogenation,2.015650074,RC2_0046_ICR-3_p08
237.004127765,239.019772214,2.015644450,Other,random,hydrogenation/dehydrogenation,2.015650074,RC2_0046_ICR-3_p08
331.058887781,333.074532230,2.015644450,Other,random,hydrogenation/dehydrogenation,2.015650074,RC2_0046_ICR-3_p08
383.183962664,385.199607114,2.015644450,Other,random,hydrogenation/dehydrogenation,2.015650074,RC2_0046_ICR-3_p08
494.216243661,496.231888110,2.015644450,Other,random,hydrogenation/dehydrogenation,2.015650074,RC2_0046_ICR-3_p08
497.166327146,499.181971596,2.015644450,Other,random,hydrogenation/dehydrogenation,2.015650074,RC2_0046_ICR-3_p08
261.076864647,263.092509097,2.015644450,Other,random,hydrogenation/dehydrogenation,2.015650074,RC2_0046_ICR-3_p08
349.056393435,351.072037884,2.015644450,Other,random,hydrogenation/dehydrogenation,2.015650074,RC2_0046_ICR-3_p08
387.144784862,389.160429312,2.015644450,Other,random,hydrogenation/dehydrogenation,2.015650074,RC2_0046_ICR-3_p08
483.056567001,485.072211450,2.015644450,Other,random,hydrogenation/dehydrogenation,2.015650074,RC2_0046_ICR-3_p08
580.130979207,582.146623657,2.015644450,Other,random,hydrogenation/dehydrogenation,2.015650074,RC2_0046_ICR-3_p08
351.035667038,353.051312488,2.015645450,Other,random,hydrogenation/dehydrogenation,2.015650074,RC2_0046_ICR-3_p08
425.035929126,427.051574576,2.015645450,Other,random,hydrogenation/dehydrogenation,2.015650074,RC2_0046_ICR-3_p08
349.069444379,351.085089829,2.015645450,Other,random,hydrogenation/dehydrogenation,2.015650074,RC2_0046_ICR-3_p08
551.140640185,553.156285635,2.015645450,Other,random,hydrogenation/dehydrogenation,2.015650074,RC2_0046_ICR-3_p08
313.165520685,315.181166135,2.015645450,Other,random,hydrogenation/dehydrogenation,2.015650074,RC2_0046_ICR-3_p08
229.108253259,231.123898709,2.015645450,Other,random,hydrogenation/dehydrogenation,2.015650074,RC2_0046_ICR-3_p08
269.139482445,271.155127895,2.015645450,Other,random,hydrogenation/dehydrogenation,2.015650074,RC2_0046_ICR-3_p08
277.035415950,279.051061400,2.015645450,Other,random,hydrogenation/dehydrogenation,2.015650074,RC2_0046_ICR-3_p08
301.121166778,303.136812227,2.015645450,Other,random,hydrogenation/dehydrogenation,2.015650074,RC2_0046_ICR-3_p08
305.116084831,307.131730281,2.015645450,Other,random,hydrogenation/dehydrogenation,2.015650074,RC2_0046_ICR-3_p08
441.030752276,443.046397725,2.015645450,Other,random,hydrogenation/dehydrogenation,2.015650074,RC2_0046_ICR-3_p08
555.187231019,557.202876469,2.015645450,Other,random,hydrogenation/dehydrogenation,2.015650074,RC2_0046_ICR-3_p08
563.067864590,565.083511039,2.015646450,Other,random,hydrogenation/dehydrogenation,2.015650074,RC2_0046_ICR-3_p08
299.032745637,301.048392086,2.015646450,Other,random,hydrogenation/dehydrogenation,2.015650074,RC2_0046_ICR-3_p08
381.191773115,383.207419565,2.015646450,Other,random,hydrogenation/dehydrogenation,2.015650074,RC2_0046_ICR-3_p08
387.108221017,389.123867467,2.015646450,Other,random,hydrogenation/dehydrogenation,2.015650074,RC2_0046_ICR-3_p08
437.230994394,439.246640844,2.015646450,Other,random,hydrogenation/dehydrogenation,2.015650074,RC2_0046_ICR-3_p08
445.134887866,447.150534315,2.015646450,Other,random,hydrogenation/dehydrogenation,2.015650074,RC2_0046_ICR-3_p08
447.134277384,449.149923834,2.015646450,Other,random,hydrogenation/dehydrogenation,2.015650074,RC2_0046_ICR-3_p08
623.141336755,625.156983205,2.015646450,Other,random,hydrogenation/dehydrogenation,2.015650074,RC2_0046_ICR-3_p08
359.025494145,361.041140595,2.015646450,Other,random,hydrogenation/dehydrogenation,2.015650074,RC2_0046_ICR-3_p08
579.099126584,581.114773034,2.015646450,Other,random,hydrogenation/dehydrogenation,2.015650074,RC2_0046_ICR-3_p08
603.171882467,605.187528916,2.015646450,Other,random,hydrogenation/dehydrogenation,2.015650074,RC2_0046_ICR-3_p08
251.056194155,253.071840605,2.015646450,Other,random,hydrogenation/dehydrogenation,2.015650074,RC2_0046_ICR-3_p08
292.103708030,294.119354480,2.015646450,Other,random,hydrogenation/dehydrogenation,2.015650074,RC2_0046_ICR-3_p08
298.056797777,300.072444226,2.015646450,Other,random,hydrogenation/dehydrogenation,2.015650074,RC2_0046_ICR-3_p08
491.168678589,493.184325038,2.015646450,Other,random,hydrogenation/dehydrogenation,2.015650074,RC2_0046_ICR-3_p08
373.056398626,375.072046075,2.015647450,Other,random,hydrogenation/dehydrogenation,2.015650074,RC2_0046_ICR-3_p08
389.137012411,391.152659861,2.015647450,Other,random,hydrogenation/dehydrogenation,2.015650074,RC2_0046_ICR-3_p08
515.132400934,517.148048383,2.015647450,Other,random,hydrogenation/dehydrogenation,2.015650074,RC2_0046_ICR-3_p08
617.260446702,619.276094152,2.015647450,Other,random,hydrogenation/dehydrogenation,2.015650074,RC2_0046_ICR-3_p08
225.076953360,227.092600810,2.015647450,Other,random,hydrogenation/dehydrogenation,2.015650074,RC2_0046_ICR-3_p08
305.066572041,307.082219491,2.015647450,Other,random,hydrogenation/dehydrogenation,2.015650074,RC2_0046_ICR-3_p08
311.149873236,313.165520685,2.015647450,Other,random,hydrogenation/dehydrogenation,2.015650074,RC2_0046_ICR-3_p08
318.098298760,320.113946210,2.015647450,Other,random,hydrogenation/dehydrogenation,2.015650074,RC2_0046_ICR-3_p08
336.108709359,338.124356809,2.015647450,Other,random,hydrogenation/dehydrogenation,2.015650074,RC2_0046_ICR-3_p08
368.033788932,370.049436381,2.015647450,Other,random,hydrogenation/dehydrogenation,2.015650074,RC2_0046_ICR-3_p08
403.079856265,405.095503714,2.015647450,Other,random,hydrogenation/dehydrogenation,2.015650074,RC2_0046_ICR-3_p08
481.025727615,483.041375065,2.015647450,Other,random,hydrogenation/dehydrogenation,2.015650074,RC2_0046_ICR-3_p08
483.142633635,485.158281085,2.015647450,Other,random,hydrogenation/dehydrogenation,2.015650074,RC2_0046_ICR-3_p08
326.051641022,328.067288471,2.015647450,Other,random,hydrogenation/dehydrogenation,2.015650074,RC2_0046_ICR-3_p08
355.134114653,357.149763102,2.015648450,Other,random,hydrogenation/dehydrogenation,2.015650074,RC2_0046_ICR-3_p08
451.189052184,453.204700633,2.015648450,Other,random,hydrogenation/dehydrogenation,2.015650074,RC2_0046_ICR-3_p08
301.084797932,303.100446382,2.015648450,Other,random,hydrogenation/dehydrogenation,2.015650074,RC2_0046_ICR-3_p08
307.045857645,309.061506094,2.015648450,Other,random,hydrogenation/dehydrogenation,2.015650074,RC2_0046_ICR-3_p08
325.129161935,327.144810384,2.015648450,Other,random,hydrogenation/dehydrogenation,2.015650074,RC2_0046_ICR-3_p08
339.157866425,341.173514874,2.015648450,Other,random,hydrogenation/dehydrogenation,2.015650074,RC2_0046_ICR-3_p08
409.142298548,411.157946997,2.015648450,Other,random,hydrogenation/dehydrogenation,2.015650074,RC2_0046_ICR-3_p08
425.072427972,427.088076421,2.015648450,Other,random,hydrogenation/dehydrogenation,2.015650074,RC2_0046_ICR-3_p08
429.085782947,431.101431396,2.015648450,Other,random,hydrogenation/dehydrogenation,2.015650074,RC2_0046_ICR-3_p08
441.046034211,443.061682660,2.015648450,Other,random,hydrogenation/dehydrogenation,2.015650074,RC2_0046_ICR-3_p08
683.234976836,685.250625285,2.015648450,Other,random,hydrogenation/dehydrogenation,2.015650074,RC2_0046_ICR-3_p08
253.144546296,255.160194746,2.015648450,Other,random,hydrogenation/dehydrogenation,2.015650074,RC2_0046_ICR-3_p08
287.040813507,289.056461957,2.015648450,Other,random,hydrogenation/dehydrogenation,2.015650074,RC2_0046_ICR-3_p08
301.144433679,303.160082129,2.015648450,Other,random,hydrogenation/dehydrogenation,2.015650074,RC2_0046_ICR-3_p08
367.066841034,369.082489483,2.015648450,Other,random,hydrogenation/dehydrogenation,2.015650074,RC2_0046_ICR-3_p08
425.181585509,427.197233958,2.015648450,Other,random,hydrogenation/dehydrogenation,2.015650074,RC2_0046_ICR-3_p08
469.236171627,471.251820077,2.015648450,Other,random,hydrogenation/dehydrogenation,2.015650074,RC2_0046_ICR-3_p08
245.066709563,247.082359012,2.015649450,Other,random,hydrogenation/dehydrogenation,2.015650074,RC2_0046_ICR-3_p08
311.077088544,313.092737994,2.015649450,Other,random,hydrogenation/dehydrogenation,2.015650074,RC2_0046_ICR-3_p08
330.061892010,332.077541460,2.015649450,Other,random,hydrogenation/dehydrogenation,2.015650074,RC2_0046_ICR-3_p08
513.306700678,515.322350128,2.015649450,Other,random,hydrogenation/dehydrogenation,2.015650074,RC2_0046_ICR-3_p08
243.123862805,245.139512254,2.015649450,Other,random,hydrogenation/dehydrogenation,2.015650074,RC2_0046_ICR-3_p08
267.014712459,269.030361908,2.015649450,Other,random,hydrogenation/dehydrogenation,2.015650074,RC2_0046_ICR-3_p08
333.061454286,335.077103735,2.015649450,Other,random,hydrogenation/dehydrogenation,2.015650074,RC2_0046_ICR-3_p08
343.085438764,345.101088213,2.015649450,Other,random,hydrogenation/dehydrogenation,2.015650074,RC2_0046_ICR-3_p08
353.030038578,355.045688028,2.015649450,Other,random,hydrogenation/dehydrogenation,2.015650074,RC2_0046_ICR-3_p08
398.044367626,400.060017075,2.015649450,Other,random,hydrogenation/dehydrogenation,2.015650074,RC2_0046_ICR-3_p08
405.241225096,407.256874546,2.015649450,Other,random,hydrogenation/dehydrogenation,2.015650074,RC2_0046_ICR-3_p08
435.069726563,437.085376012,2.015649450,Other,random,hydrogenation/dehydrogenation,2.015650074,RC2_0046_ICR-3_p08
458.138398704,460.154048154,2.015649450,Other,random,hydrogenation/dehydrogenation,2.015650074,RC2_0046_ICR-3_p08
459.056737809,461.072387258,2.015649450,Other,random,hydrogenation/dehydrogenation,2.015650074,RC2_0046_ICR-3_p08
565.221065456,567.236714905,2.015649450,Other,random,hydrogenation/dehydrogenation,2.015650074,RC2_0046_ICR-3_p08
323.040714794,325.056365244,2.015650450,Other,random,hydrogenation/dehydrogenation,2.015650074,RC2_0046_ICR-3_p08
343.009473086,345.025123535,2.015650450,Other,random,hydrogenation/dehydrogenation,2.015650074,RC2_0046_ICR-3_p08
357.228124770,359.243775219,2.015650450,Other,random,hydrogenation/dehydrogenation,2.015650074,RC2_0046_ICR-3_p08
569.151004785,571.166655234,2.015650450,Other,random,hydrogenation/dehydrogenation,2.015650074,RC2_0046_ICR-3_p08
389.173465256,391.189115706,2.015650450,Other,random,hydrogenation/dehydrogenation,2.015650074,RC2_0046_ICR-3_p08
473.072409354,475.088059803,2.015650450,Other,random,hydrogenation/dehydrogenation,2.015650074,RC2_0046_ICR-3_p08
375.066421099,377.082072549,2.015651450,Other,random,hydrogenation/dehydrogenation,2.015650074,RC2_0046_ICR-3_p08
507.091032045,509.106683495,2.015651450,Other,random,hydrogenation/dehydrogenation,2.015650074,RC2_0046_ICR-3_p08
287.141838079,289.157489528,2.015651450,Other,random,hydrogenation/dehydrogenation,2.015650074,RC2_0046_ICR-3_p08
481.163287032,483.178938481,2.015651450,Other,random,hydrogenation/dehydrogenation,2.015650074,RC2_0046_ICR-3_p08
639.136087905,641.151739355,2.015651450,Other,random,hydrogenation/dehydrogenation,2.015650074,RC2_0046_ICR-3_p08
433.041118168,435.056770618,2.015652450,Other,random,hydrogenation/dehydrogenation,2.015650074,RC2_0046_ICR-3_p08
645.146244410,647.161896859,2.015652450,Other,random,hydrogenation/dehydrogenation,2.015650074,RC2_0046_ICR-3_p08
595.231419150,597.247071600,2.015652450,Other,random,hydrogenation/dehydrogenation,2.015650074,RC2_0046_ICR-3_p08
607.166828520,609.182480970,2.015652450,Other,random,hydrogenation/dehydrogenation,2.015650074,RC2_0046_ICR-3_p08
441.095670000,443.111322450,2.015652450,Other,random,hydrogenation/dehydrogenation,2.015650074,RC2_0046_ICR-3_p08
477.225844735,479.241497184,2.015652450,Other,random,hydrogenation/dehydrogenation,2.015650074,RC2_0046_ICR-3_p08
227.092600810,229.108253259,2.015652450,Other,random,hydrogenation/dehydrogenation,2.015650074,RC2_0046_ICR-3_p08
235.097628852,237.113281302,2.015652450,Other,random,hydrogenation/dehydrogenation,2.015650074,RC2_0046_ICR-3_p08
471.093033750,473.108686200,2.015652450,Other,random,hydrogenation/dehydrogenation,2.015650074,RC2_0046_ICR-3_p08
530.130061313,532.145713763,2.015652450,Other,random,hydrogenation/dehydrogenation,2.015650074,RC2_0046_ICR-3_p08
563.176918127,565.192570576,2.015652450,Other,random,hydrogenation/dehydrogenation,2.015650074,RC2_0046_ICR-3_p08
329.066555232,331.082208682,2.015653450,Other,random,hydrogenation/dehydrogenation,2.015650074,RC2_0046_ICR-3_p08
431.092608434,433.108261883,2.015653450,Other,random,hydrogenation/dehydrogenation,2.015650074,RC2_0046_ICR-3_p08
447.069611659,449.085265108,2.015653450,Other,random,hydrogenation/dehydrogenation,2.015650074,RC2_0046_ICR-3_p08
273.076802743,275.092456193,2.015653450,Other,random,hydrogenation/dehydrogenation,2.015650074,RC2_0046_ICR-3_p08
313.056432148,315.072085597,2.015653450,Other,random,hydrogenation/dehydrogenation,2.015650074,RC2_0046_ICR-3_p08
323.090168584,325.105822034,2.015653450,Other,random,hydrogenation/dehydrogenation,2.015650074,RC2_0046_ICR-3_p08
339.136681514,341.152334964,2.015653450,Other,random,hydrogenation/dehydrogenation,2.015650074,RC2_0046_ICR-3_p08
431.256855737,433.272509187,2.015653450,Other,random,hydrogenation/dehydrogenation,2.015650074,RC2_0046_ICR-3_p08
441.149624771,443.165278221,2.015653450,Other,random,hydrogenation/dehydrogenation,2.015650074,RC2_0046_ICR-3_p08
233.081975403,235.097628852,2.015653450,Other,random,hydrogenation/dehydrogenation,2.015650074,RC2_0046_ICR-3_p08
305.030204195,307.045857645,2.015653450,Other,random,hydrogenation/dehydrogenation,2.015650074,RC2_0046_ICR-3_p08
411.178943908,413.194597358,2.015653450,Other,random,hydrogenation/dehydrogenation,2.015650074,RC2_0046_ICR-3_p08
415.134151130,417.149804580,2.015653450,Other,random,hydrogenation/dehydrogenation,2.015650074,RC2_0046_ICR-3_p08
491.132440742,493.148094192,2.015653450,Other,random,hydrogenation/dehydrogenation,2.015650074,RC2_0046_ICR-3_p08
528.078186017,530.093839467,2.015653450,Other,random,hydrogenation/dehydrogenation,2.015650074,RC2_0046_ICR-3_p08
523.109276095,525.124930545,2.015654450,Other,random,hydrogenation/dehydrogenation,2.015650074,RC2_0046_ICR-3_p08
589.120006075,591.135660525,2.015654450,Other,random,hydrogenation/dehydrogenation,2.015650074,RC2_0046_ICR-3_p08
309.134218786,311.149873236,2.015654450,Other,random,hydrogenation/dehydrogenation,2.015650074,RC2_0046_ICR-3_p08
311.090239489,313.105893938,2.015654450,Other,random,hydrogenation/dehydrogenation,2.015650074,RC2_0046_ICR-3_p08
319.131689376,321.147343826,2.015654450,Other,random,hydrogenation/dehydrogenation,2.015650074,RC2_0046_ICR-3_p08
387.157810807,389.173465256,2.015654450,Other,random,hydrogenation/dehydrogenation,2.015650074,RC2_0046_ICR-3_p08
396.028713176,398.044367626,2.015654450,Other,random,hydrogenation/dehydrogenation,2.015650074,RC2_0046_ICR-3_p08
457.025877424,459.041531873,2.015654450,Other,random,hydrogenation/dehydrogenation,2.015650074,RC2_0046_ICR-3_p08
482.138149897,484.153804346,2.015654450,Other,random,hydrogenation/dehydrogenation,2.015650074,RC2_0046_ICR-3_p08
345.191780828,347.207435278,2.015654450,Other,random,hydrogenation/dehydrogenation,2.015650074,RC2_0046_ICR-3_p08
521.215676128,523.231330578,2.015654450,Other,random,hydrogenation/dehydrogenation,2.015650074,RC2_0046_ICR-3_p08
355.131632663,357.147287113,2.015654450,Other,random,hydrogenation/dehydrogenation,2.015650074,RC2_0046_ICR-3_p08
379.206786535,381.222440985,2.015654450,Other,random,hydrogenation/dehydrogenation,2.015650074,RC2_0046_ICR-3_p08
382.090696302,384.106350751,2.015654450,Other,random,hydrogenation/dehydrogenation,2.015650074,RC2_0046_ICR-3_p08
433.077380014,435.093034464,2.015654450,Other,random,hydrogenation/dehydrogenation,2.015650074,RC2_0046_ICR-3_p08
307.058969589,309.074625039,2.015655450,Other,random,hydrogenation/dehydrogenation,2.015650074,RC2_0046_ICR-3_p08
377.209883006,379.225538456,2.015655450,Other,random,hydrogenation/dehydrogenation,2.015650074,RC2_0046_ICR-3_p08
425.145111663,427.160767113,2.015655450,Other,random,hydrogenation/dehydrogenation,2.015650074,RC2_0046_ICR-3_p08
685.104459905,687.120115355,2.015655450,Other,random,hydrogenation/dehydrogenation,2.015650074,RC2_0046_ICR-3_p08
305.102952887,307.118609336,2.015656450,Other,random,hydrogenation/dehydrogenation,2.015650074,RC2_0046_ICR-3_p08
347.004343139,349.019999589,2.015656450,Other,random,hydrogenation/dehydrogenation,2.015650074,RC2_0046_ICR-3_p08
387.075265157,389.090921607,2.015656450,Other,random,hydrogenation/dehydrogenation,2.015650074,RC2_0046_ICR-3_p08
521.129966492,523.145622941,2.015656450,Other,random,hydrogenation/dehydrogenation,2.015650074,RC2_0046_ICR-3_p08
543.077938388,545.093594837,2.015656450,Other,random,hydrogenation/dehydrogenation,2.015650074,RC2_0046_ICR-3_p08
225.040542515,227.056198964,2.015656450,Other,random,hydrogenation/dehydrogenation,2.015650074,RC2_0046_ICR-3_p08
311.186302081,313.201958531,2.015656450,Other,random,hydrogenation/dehydrogenation,2.015650074,RC2_0046_ICR-3_p08
331.066992746,333.082649196,2.015656450,Other,random,hydrogenation/dehydrogenation,2.015650074,RC2_0046_ICR-3_p08
353.142686100,355.158342550,2.015656450,Other,random,hydrogenation/dehydrogenation,2.015650074,RC2_0046_ICR-3_p08
373.129183317,375.144839766,2.015656450,Other,random,hydrogenation/dehydrogenation,2.015650074,RC2_0046_ICR-3_p08
539.286006473,541.301662923,2.015656450,Other,random,hydrogenation/dehydrogenation,2.015650074,RC2_0046_ICR-3_p08
587.189952263,589.205608712,2.015656450,Other,random,hydrogenation/dehydrogenation,2.015650074,RC2_0046_ICR-3_p08
418.041491797,420.057149247,2.015657450,Other,random,hydrogenation/dehydrogenation,2.015650074,RC2_0046_ICR-3_p08
371.126536812,373.142194262,2.015657450,Other,random,hydrogenation/dehydrogenation,2.015650074,RC2_0046_ICR-3_p08
257.103127504,259.118784953,2.015657450,Other,random,hydrogenation/dehydrogenation,2.015650074,RC2_0046_ICR-3_p08
357.055879500,359.071536950,2.015657450,Other,random,hydrogenation/dehydrogenation,2.015650074,RC2_0046_ICR-3_p08
369.147203209,371.162860658,2.015657450,Other,random,hydrogenation/dehydrogenation,2.015650074,RC2_0046_ICR-3_p08
409.163286459,411.178943908,2.015657450,Other,random,hydrogenation/dehydrogenation,2.015650074,RC2_0046_ICR-3_p08
465.116668102,467.132325552,2.015657450,Other,random,hydrogenation/dehydrogenation,2.015650074,RC2_0046_ICR-3_p08
546.205903119,548.221560568,2.015657450,Other,random,hydrogenation/dehydrogenation,2.015650074,RC2_0046_ICR-3_p08
581.093905122,583.109562572,2.015657450,Other,random,hydrogenation/dehydrogenation,2.015650074,RC2_0046_ICR-3_p08
603.208347312,605.224004762,2.015657450,Other,random,hydrogenation/dehydrogenation,2.015650074,RC2_0046_ICR-3_p08
313.048325182,315.063982632,2.015657450,Other,random,hydrogenation/dehydrogenation,2.015650074,RC2_0046_ICR-3_p08
573.109874991,575.125532440,2.015657450,Other,random,hydrogenation/dehydrogenation,2.015650074,RC2_0046_ICR-3_p08
354.095958057,356.111616506,2.015658449,Other,random,hydrogenation/dehydrogenation,2.015650074,RC2_0046_ICR-3_p08
451.160809304,453.176467753,2.015658449,Other,random,hydrogenation/dehydrogenation,2.015650074,RC2_0046_ICR-3_p08
487.137476689,489.153135139,2.015658449,Other,random,hydrogenation/dehydrogenation,2.015650074,RC2_0046_ICR-3_p08
519.077881197,521.093539646,2.015658449,Other,random,hydrogenation/dehydrogenation,2.015650074,RC2_0046_ICR-3_p08
287.056163442,289.071821892,2.015658449,Other,random,hydrogenation/dehydrogenation,2.015650074,RC2_0046_ICR-3_p08
349.165495972,351.181154421,2.015658449,Other,random,hydrogenation/dehydrogenation,2.015650074,RC2_0046_ICR-3_p08
265.035417855,267.051077304,2.015659449,Other,random,hydrogenation/dehydrogenation,2.015650074,RC2_0046_ICR-3_p08
269.103117600,271.118777049,2.015659449,Other,random,hydrogenation/dehydrogenation,2.015650074,RC2_0046_ICR-3_p08
273.134353499,275.150012948,2.015659449,Other,random,hydrogenation/dehydrogenation,2.015650074,RC2_0046_ICR-3_p08
317.116029927,319.131689376,2.015659449,Other,random,hydrogenation/dehydrogenation,2.015650074,RC2_0046_ICR-3_p08
417.168303501,419.183962951,2.015659449,Other,random,hydrogenation/dehydrogenation,2.015650074,RC2_0046_ICR-3_p08
421.142285643,423.157945093,2.015659449,Other,random,hydrogenation/dehydrogenation,2.015650074,RC2_0046_ICR-3_p08
423.160315083,425.175974532,2.015659449,Other,random,hydrogenation/dehydrogenation,2.015650074,RC2_0046_ICR-3_p08
475.191451365,477.207110814,2.015659449,Other,random,hydrogenation/dehydrogenation,2.015650074,RC2_0046_ICR-3_p08
489.088461413,491.104120863,2.015659449,Other,random,hydrogenation/dehydrogenation,2.015650074,RC2_0046_ICR-3_p08
495.186943543,497.202602993,2.015659449,Other,random,hydrogenation/dehydrogenation,2.015650074,RC2_0046_ICR-3_p08
568.138531080,570.154190529,2.015659449,Other,random,hydrogenation/dehydrogenation,2.015650074,RC2_0046_ICR-3_p08
255.051044209,257.066703658,2.015659449,Other,random,hydrogenation/dehydrogenation,2.015650074,RC2_0046_ICR-3_p08
419.220378796,421.236038246,2.015659449,Other,random,hydrogenation/dehydrogenation,2.015650074,RC2_0046_ICR-3_p08
447.251731886,449.267391336,2.015659449,Other,random,hydrogenation/dehydrogenation,2.015650074,RC2_0046_ICR-3_p08
425.084940919,427.124406267,2.039465349,Other,random,transamination (-O),2.039459000,RC2_0046_ICR-3_p08
479.147709582,481.199734877,2.052025295,Other,random,CH6O_1,2.052035000,RC2_0046_ICR-3_p08
297.025191153,299.077216448,2.052025295,Other,random,CH6O_1,2.052035000,RC2_0046_ICR-3_p08
329.051278297,331.103303592,2.052025295,Other,random,CH6O_1,2.052035000,RC2_0046_ICR-3_p08
525.153121425,527.205146721,2.052025295,Other,random,CH6O_1,2.052035000,RC2_0046_ICR-3_p08
591.099303679,593.151328974,2.052025295,Other,random,CH6O_1,2.052035000,RC2_0046_ICR-3_p08
299.077216448,301.129241743,2.052025295,Other,random,CH6O_1,2.052035000,RC2_0046_ICR-3_p08
459.087465678,461.139490974,2.052025295,Other,random,CH6O_1,2.052035000,RC2_0046_ICR-3_p08
507.127296892,509.179322187,2.052025295,Other,random,CH6O_1,2.052035000,RC2_0046_ICR-3_p08
509.129854397,511.181879692,2.052025295,Other,random,CH6O_1,2.052035000,RC2_0046_ICR-3_p08
517.098707592,519.150732888,2.052025295,Other,random,CH6O_1,2.052035000,RC2_0046_ICR-3_p08
331.009427991,333.061454286,2.052026295,Other,random,CH6O_1,2.052035000,RC2_0046_ICR-3_p08
413.064265911,415.116292206,2.052026295,Other,random,CH6O_1,2.052035000,RC2_0046_ICR-3_p08
495.142515732,497.194542027,2.052026295,Other,random,CH6O_1,2.052035000,RC2_0046_ICR-3_p08
513.080374638,515.132400934,2.052026295,Other,random,CH6O_1,2.052035000,RC2_0046_ICR-3_p08
523.173911821,525.225938116,2.052026295,Other,random,CH6O_1,2.052035000,RC2_0046_ICR-3_p08
541.184620419,543.236646714,2.052026295,Other,random,CH6O_1,2.052035000,RC2_0046_ICR-3_p08
585.210914658,587.262940953,2.052026295,Other,random,CH6O_1,2.052035000,RC2_0046_ICR-3_p08
295.118722240,297.170748536,2.052026295,Other,random,CH6O_1,2.052035000,RC2_0046_ICR-3_p08
443.101274493,445.153300788,2.052026295,Other,random,CH6O_1,2.052035000,RC2_0046_ICR-3_p08
495.186943543,497.238969838,2.052026295,Other,random,CH6O_1,2.052035000,RC2_0046_ICR-3_p08
362.088018154,364.140045449,2.052027295,Other,random,CH6O_1,2.052035000,RC2_0046_ICR-3_p08
421.113886764,423.165914059,2.052027295,Other,random,CH6O_1,2.052035000,RC2_0046_ICR-3_p08
487.051596054,489.103623349,2.052027295,Other,random,CH6O_1,2.052035000,RC2_0046_ICR-3_p08
511.173789726,513.225817021,2.052027295,Other,random,CH6O_1,2.052035000,RC2_0046_ICR-3_p08
527.104257149,529.156284444,2.052027295,Other,random,CH6O_1,2.052035000,RC2_0046_ICR-3_p08
555.099096393,557.151123689,2.052027295,Other,random,CH6O_1,2.052035000,RC2_0046_ICR-3_p08
275.019730501,277.071757796,2.052027295,Other,random,CH6O_1,2.052035000,RC2_0046_ICR-3_p08
287.113623198,289.165650494,2.052027295,Other,random,CH6O_1,2.052035000,RC2_0046_ICR-3_p08
345.025123535,347.077150831,2.052027295,Other,random,CH6O_1,2.052035000,RC2_0046_ICR-3_p08
443.074725605,445.126752900,2.052027295,Other,random,CH6O_1,2.052035000,RC2_0046_ICR-3_p08
389.209768102,391.261795398,2.052027295,Other,random,CH6O_1,2.052035000,RC2_0046_ICR-3_p08
533.143082532,535.195109827,2.052027295,Other,random,CH6O_1,2.052035000,RC2_0046_ICR-3_p08
395.061821278,397.113849573,2.052028295,Other,random,CH6O_1,2.052035000,RC2_0046_ICR-3_p08
397.142169453,399.194197748,2.052028295,Other,random,CH6O_1,2.052035000,RC2_0046_ICR-3_p08
427.152719147,429.204747442,2.052028295,Other,random,CH6O_1,2.052035000,RC2_0046_ICR-3_p08
497.166327146,499.218355442,2.052028295,Other,random,CH6O_1,2.052035000,RC2_0046_ICR-3_p08
225.076953360,227.128981655,2.052028295,Other,random,CH6O_1,2.052035000,RC2_0046_ICR-3_p08
294.061942723,296.113972018,2.052029295,Other,random,CH6O_1,2.052035000,RC2_0046_ICR-3_p08
276.051284125,278.103313420,2.052029295,Other,random,CH6O_1,2.052035000,RC2_0046_ICR-3_p08
325.105822034,327.157851329,2.052029295,Other,random,CH6O_1,2.052035000,RC2_0046_ICR-3_p08
339.108406634,341.160435930,2.052029295,Other,random,CH6O_1,2.052035000,RC2_0046_ICR-3_p08
441.212854503,443.264883798,2.052029295,Other,random,CH6O_1,2.052035000,RC2_0046_ICR-3_p08
389.014911929,391.066942224,2.052030295,Other,random,CH6O_1,2.052035000,RC2_0046_ICR-3_p08
445.077470109,447.129500405,2.052030295,Other,random,CH6O_1,2.052035000,RC2_0046_ICR-3_p08
471.093033750,473.145064046,2.052030295,Other,random,CH6O_1,2.052035000,RC2_0046_ICR-3_p08
473.049133453,475.101163748,2.052030295,Other,random,CH6O_1,2.052035000,RC2_0046_ICR-3_p08
541.111803728,543.163834023,2.052030295,Other,random,CH6O_1,2.052035000,RC2_0046_ICR-3_p08
319.118653432,321.170683727,2.052030295,Other,random,CH6O_1,2.052035000,RC2_0046_ICR-3_p08
407.220360701,409.272390996,2.052030295,Other,random,CH6O_1,2.052035000,RC2_0046_ICR-3_p08
549.161221582,551.213251877,2.052030295,Other,random,CH6O_1,2.052035000,RC2_0046_ICR-3_p08
359.113546772,361.165578067,2.052031295,Other,random,CH6O_1,2.052035000,RC2_0046_ICR-3_p08
534.125411365,536.177442660,2.052031295,Other,random,CH6O_1,2.052035000,RC2_0046_ICR-3_p08
359.053811025,361.105842320,2.052031295,Other,random,CH6O_1,2.052035000,RC2_0046_ICR-3_p08
359.061871991,361.113903286,2.052031295,Other,random,CH6O_1,2.052035000,RC2_0046_ICR-3_p08
395.098140124,397.150171419,2.052031295,Other,random,CH6O_1,2.052035000,RC2_0046_ICR-3_p08
541.075405882,543.127438178,2.052032295,Other,random,CH6O_1,2.052035000,RC2_0046_ICR-3_p08
547.145688132,549.197720427,2.052032295,Other,random,CH6O_1,2.052035000,RC2_0046_ICR-3_p08
303.087286437,305.139318733,2.052032295,Other,random,CH6O_1,2.052035000,RC2_0046_ICR-3_p08
317.051321201,319.103353497,2.052032295,Other,random,CH6O_1,2.052035000,RC2_0046_ICR-3_p08
585.161300868,587.213333163,2.052032295,Other,random,CH6O_1,2.052035000,RC2_0046_ICR-3_p08
491.241601279,493.293634575,2.052033295,Other,random,CH6O_1,2.052035000,RC2_0046_ICR-3_p08
325.084766123,327.136799418,2.052033295,Other,random,CH6O_1,2.052035000,RC2_0046_ICR-3_p08
423.020394676,425.072427972,2.052033295,Other,random,CH6O_1,2.052035000,RC2_0046_ICR-3_p08
433.077380014,435.129413309,2.052033295,Other,random,CH6O_1,2.052035000,RC2_0046_ICR-3_p08
443.170789198,445.222822493,2.052033295,Other,random,CH6O_1,2.052035000,RC2_0046_ICR-3_p08
461.194548740,463.246582035,2.052033295,Other,random,CH6O_1,2.052035000,RC2_0046_ICR-3_p08
675.120677257,677.172711552,2.052034295,Other,random,CH6O_1,2.052035000,RC2_0046_ICR-3_p08
355.066835938,357.118870233,2.052034295,Other,random,CH6O_1,2.052035000,RC2_0046_ICR-3_p08
379.079953073,381.131987369,2.052034295,Other,random,CH6O_1,2.052035000,RC2_0046_ICR-3_p08
317.102938982,319.154973278,2.052034295,Other,random,CH6O_1,2.052035000,RC2_0046_ICR-3_p08
417.076967889,419.129002184,2.052034295,Other,random,CH6O_1,2.052035000,RC2_0046_ICR-3_p08
437.175803629,439.227837924,2.052034295,Other,random,CH6O_1,2.052035000,RC2_0046_ICR-3_p08
443.129016375,445.181050670,2.052034295,Other,random,CH6O_1,2.052035000,RC2_0046_ICR-3_p08
449.108775008,451.160809304,2.052034295,Other,random,CH6O_1,2.052035000,RC2_0046_ICR-3_p08
585.247262504,587.299296799,2.052034295,Other,random,CH6O_1,2.052035000,RC2_0046_ICR-3_p08
335.077103735,337.129139030,2.052035295,Other,random,CH6O_1,2.052035000,RC2_0046_ICR-3_p08
403.116282110,405.168317406,2.052035295,Other,random,CH6O_1,2.052035000,RC2_0046_ICR-3_p08
434.036417946,436.088453241,2.052035295,Other,random,CH6O_1,2.052035000,RC2_0046_ICR-3_p08
463.087943708,465.139979003,2.052035295,Other,random,CH6O_1,2.052035000,RC2_0046_ICR-3_p08
469.135005056,471.187040352,2.052035295,Other,random,CH6O_1,2.052035000,RC2_0046_ICR-3_p08
301.092838898,303.144874193,2.052035295,Other,random,CH6O_1,2.052035000,RC2_0046_ICR-3_p08
345.147339017,347.199374312,2.052035295,Other,random,CH6O_1,2.052035000,RC2_0046_ICR-3_p08
389.123867467,391.175902762,2.052035295,Other,random,CH6O_1,2.052035000,RC2_0046_ICR-3_p08
455.147662391,457.199697686,2.052035295,Other,random,CH6O_1,2.052035000,RC2_0046_ICR-3_p08
369.095614427,371.147649723,2.052035295,Other,random,CH6O_1,2.052035000,RC2_0046_ICR-3_p08
271.024766448,273.076802743,2.052036295,Other,random,CH6O_1,2.052035000,RC2_0046_ICR-3_p08
483.186977447,485.239013743,2.052036295,Other,random,CH6O_1,2.052035000,RC2_0046_ICR-3_p08
527.083035239,529.135071534,2.052036295,Other,random,CH6O_1,2.052035000,RC2_0046_ICR-3_p08
557.166361624,559.218397919,2.052036295,Other,random,CH6O_1,2.052035000,RC2_0046_ICR-3_p08
241.035461664,243.087497959,2.052036295,Other,random,CH6O_1,2.052035000,RC2_0046_ICR-3_p08
445.144640824,447.196677120,2.052036295,Other,random,CH6O_1,2.052035000,RC2_0046_ICR-3_p08
439.197172054,441.249208349,2.052036295,Other,random,CH6O_1,2.052035000,RC2_0046_ICR-3_p08
317.152398773,319.204436068,2.052037295,Other,random,CH6O_1,2.052035000,RC2_0046_ICR-3_p08
399.142459968,401.194497263,2.052037295,Other,random,CH6O_1,2.052035000,RC2_0046_ICR-3_p08
225.004161669,227.056198964,2.052037295,Other,random,CH6O_1,2.052035000,RC2_0046_ICR-3_p08
305.066572041,307.118609336,2.052037295,Other,random,CH6O_1,2.052035000,RC2_0046_ICR-3_p08
425.181585509,427.233622804,2.052037295,Other,random,CH6O_1,2.052035000,RC2_0046_ICR-3_p08
503.277958221,505.329995516,2.052037295,Other,random,CH6O_1,2.052035000,RC2_0046_ICR-3_p08
559.109269382,561.161306677,2.052037295,Other,random,CH6O_1,2.052035000,RC2_0046_ICR-3_p08
349.019999589,351.072037884,2.052038295,Other,random,CH6O_1,2.052035000,RC2_0046_ICR-3_p08
259.061249198,261.113287493,2.052038295,Other,random,CH6O_1,2.052035000,RC2_0046_ICR-3_p08
497.057056610,499.109094905,2.052038295,Other,random,CH6O_1,2.052035000,RC2_0046_ICR-3_p08
221.045627461,223.097665756,2.052038295,Other,random,CH6O_1,2.052035000,RC2_0046_ICR-3_p08
301.056416052,303.108454348,2.052038295,Other,random,CH6O_1,2.052035000,RC2_0046_ICR-3_p08
303.136812227,305.188850522,2.052038295,Other,random,CH6O_1,2.052035000,RC2_0046_ICR-3_p08
377.082072549,379.134110844,2.052038295,Other,random,CH6O_1,2.052035000,RC2_0046_ICR-3_p08
399.139248981,401.191287276,2.052038295,Other,random,CH6O_1,2.052035000,RC2_0046_ICR-3_p08
527.132518029,529.184556324,2.052038295,Other,random,CH6O_1,2.052035000,RC2_0046_ICR-3_p08
685.141121750,687.193160045,2.052038295,Other,random,CH6O_1,2.052035000,RC2_0046_ICR-3_p08
308.077508269,310.129547564,2.052039295,Other,random,CH6O_1,2.052035000,RC2_0046_ICR-3_p08
287.077210353,289.129249648,2.052039295,Other,random,CH6O_1,2.052035000,RC2_0046_ICR-3_p08
335.090226680,337.142265975,2.052039295,Other,random,CH6O_1,2.052035000,RC2_0046_ICR-3_p08
383.040680272,385.092719567,2.052039295,Other,random,CH6O_1,2.052035000,RC2_0046_ICR-3_p08
527.067842303,529.119881598,2.052039295,Other,random,CH6O_1,2.052035000,RC2_0046_ICR-3_p08
699.120254450,701.172293745,2.052039295,Other,random,CH6O_1,2.052035000,RC2_0046_ICR-3_p08
529.148213478,531.200252773,2.052039295,Other,random,CH6O_1,2.052035000,RC2_0046_ICR-3_p08
413.144988568,415.197027863,2.052039295,Other,random,CH6O_1,2.052035000,RC2_0046_ICR-3_p08
473.181610891,475.233650186,2.052039295,Other,random,CH6O_1,2.052035000,RC2_0046_ICR-3_p08
485.036023604,487.088062899,2.052039295,Other,random,CH6O_1,2.052035000,RC2_0046_ICR-3_p08
271.082314204,273.134353499,2.052039295,Other,random,CH6O_1,2.052035000,RC2_0046_ICR-3_p08
287.040813507,289.092852802,2.052039295,Other,random,CH6O_1,2.052035000,RC2_0046_ICR-3_p08
363.108305826,365.160345121,2.052039295,Other,random,CH6O_1,2.052035000,RC2_0046_ICR-3_p08
267.051077304,269.103117600,2.052040295,Other,random,CH6O_1,2.052035000,RC2_0046_ICR-3_p08
289.084773837,291.136814132,2.052040295,Other,random,CH6O_1,2.052035000,RC2_0046_ICR-3_p08
289.121132682,291.173172978,2.052040295,Other,random,CH6O_1,2.052035000,RC2_0046_ICR-3_p08
371.162860658,373.214900953,2.052040295,Other,random,CH6O_1,2.052035000,RC2_0046_ICR-3_p08
507.041553255,509.093593551,2.052040295,Other,random,CH6O_1,2.052035000,RC2_0046_ICR-3_p08
555.171803085,557.223844380,2.052041295,Other,random,CH6O_1,2.052035000,RC2_0046_ICR-3_p08
233.009237711,235.061279006,2.052041295,Other,random,CH6O_1,2.052035000,RC2_0046_ICR-3_p08
333.038185384,335.090226680,2.052041295,Other,random,CH6O_1,2.052035000,RC2_0046_ICR-3_p08
334.020361218,336.072402513,2.052041295,Other,random,CH6O_1,2.052035000,RC2_0046_ICR-3_p08
359.077025927,361.129067222,2.052041295,Other,random,CH6O_1,2.052035000,RC2_0046_ICR-3_p08
401.100698661,403.152739956,2.052041295,Other,random,CH6O_1,2.052035000,RC2_0046_ICR-3_p08
397.150171419,399.202213714,2.052042295,Other,random,CH6O_1,2.052035000,RC2_0046_ICR-3_p08
333.110888076,335.162930371,2.052042295,Other,random,CH6O_1,2.052035000,RC2_0046_ICR-3_p08
479.119272703,481.171314998,2.052042295,Other,random,CH6O_1,2.052035000,RC2_0046_ICR-3_p08
367.116372823,369.168415119,2.052042295,Other,random,CH6O_1,2.052035000,RC2_0046_ICR-3_p08
457.025877424,459.077919719,2.052042295,Other,random,CH6O_1,2.052035000,RC2_0046_ICR-3_p08
559.218397919,561.270440214,2.052042295,Other,random,CH6O_1,2.052035000,RC2_0046_ICR-3_p08
249.004150860,251.056194155,2.052043295,Other,random,CH6O_1,2.052035000,RC2_0046_ICR-3_p08
323.126518430,325.178561725,2.052043295,Other,random,CH6O_1,2.052035000,RC2_0046_ICR-3_p08
453.168471787,455.220515082,2.052043295,Other,random,CH6O_1,2.052035000,RC2_0046_ICR-3_p08
457.054123304,459.106166599,2.052043295,Other,random,CH6O_1,2.052035000,RC2_0046_ICR-3_p08
572.105202253,574.157245548,2.052043295,Other,random,CH6O_1,2.052035000,RC2_0046_ICR-3_p08
361.033077629,363.085120924,2.052043295,Other,random,CH6O_1,2.052035000,RC2_0046_ICR-3_p08
405.168317406,407.220360701,2.052043295,Other,random,CH6O_1,2.052035000,RC2_0046_ICR-3_p08
515.103953054,517.155996349,2.052043295,Other,random,CH6O_1,2.052035000,RC2_0046_ICR-3_p08
525.088482700,527.140525995,2.052043295,Other,random,CH6O_1,2.052035000,RC2_0046_ICR-3_p08
685.104459905,687.156503201,2.052043295,Other,random,CH6O_1,2.052035000,RC2_0046_ICR-3_p08
363.102831849,365.154875144,2.052043295,Other,random,CH6O_1,2.052035000,RC2_0046_ICR-3_p08
501.067371598,503.119415893,2.052044295,Other,random,CH6O_1,2.052035000,RC2_0046_ICR-3_p08
271.045954358,273.097998653,2.052044295,Other,random,CH6O_1,2.052035000,RC2_0046_ICR-3_p08
483.223322293,485.275366588,2.052044295,Other,random,CH6O_1,2.052035000,RC2_0046_ICR-3_p08
313.071666083,315.123710378,2.052044295,Other,random,CH6O_1,2.052035000,RC2_0046_ICR-3_p08
337.129139030,339.181183326,2.052044295,Other,random,CH6O_1,2.052035000,RC2_0046_ICR-3_p08
320.077487364,322.129531659,2.052044295,Other,random,CH6O_1,2.052035000,RC2_0046_ICR-3_p08
409.180991384,412.174122687,2.993131303,Other,random,C_1H1N1O_2S1,2.993141000,RC2_0046_ICR-3_p08
413.118394681,416.111530984,2.993136303,Other,random,C_1H1N1O_2S1,2.993141000,RC2_0046_ICR-3_p08
465.207157718,468.200306021,2.993148303,Other,random,C_1H1N1O_2S1,2.993141000,RC2_0046_ICR-3_p08
526.120224323,529.119881598,2.999657275,Other,random,H1O1N_1,2.999666000,RC2_0046_ICR-3_p08
268.046297083,271.045954358,2.999657275,Other,random,H1O1N_1,2.999666000,RC2_0046_ICR-3_p08
354.155689803,357.155348079,2.999658275,Other,random,H1O1N_1,2.999666000,RC2_0046_ICR-3_p08
334.129479755,337.129139030,2.999659275,Other,random,H1O1N_1,2.999666000,RC2_0046_ICR-3_p08
452.046879545,455.046540820,2.999661275,Other,random,H1O1N_1,2.999666000,RC2_0046_ICR-3_p08
478.098924031,481.098586306,2.999662275,Other,random,H1O1N_1,2.999666000,RC2_0046_ICR-3_p08
340.103685412,343.103348688,2.999663275,Other,random,H1O1N_1,2.999666000,RC2_0046_ICR-3_p08
270.061965532,273.061628807,2.999663275,Other,random,H1O1N_1,2.999666000,RC2_0046_ICR-3_p08
293.077855898,296.077520173,2.999664275,Other,random,H1O1N_1,2.999666000,RC2_0046_ICR-3_p08
350.015254367,353.014920642,2.999666275,Other,random,H1O1N_1,2.999666000,RC2_0046_ICR-3_p08
604.131008398,607.130674673,2.999666275,Other,random,H1O1N_1,2.999666000,RC2_0046_ICR-3_p08
292.082640120,295.082307395,2.999667275,Other,random,H1O1N_1,2.999666000,RC2_0046_ICR-3_p08
408.129820843,411.129493118,2.999672275,Other,random,H1O1N_1,2.999666000,RC2_0046_ICR-3_p08
666.204482080,669.204154355,2.999672275,Other,random,H1O1N_1,2.999666000,RC2_0046_ICR-3_p08
438.067594846,441.067268121,2.999673275,Other,random,H1O1N_1,2.999666000,RC2_0046_ICR-3_p08
420.057149247,423.056822522,2.999673275,Other,random,H1O1N_1,2.999666000,RC2_0046_ICR-3_p08
392.062148003,395.061821278,2.999673275,Other,random,H1O1N_1,2.999666000,RC2_0046_ICR-3_p08
305.079709985,308.126984059,3.047274073,Other,random,H5O_1N1,3.047284000,RC2_0046_ICR-3_p08
353.064341433,356.111616506,3.047275073,Other,random,H5O_1N1,3.047284000,RC2_0046_ICR-3_p08
420.104825044,423.152100118,3.047275073,Other,random,H5O_1N1,3.047284000,RC2_0046_ICR-3_p08
235.024861161,238.072137234,3.047276073,Other,random,H5O_1N1,3.047284000,RC2_0046_ICR-3_p08
359.040742081,362.088018154,3.047276073,Other,random,H5O_1N1,3.047284000,RC2_0046_ICR-3_p08
347.004343139,350.051620213,3.047277073,Other,random,H5O_1N1,3.047284000,RC2_0046_ICR-3_p08
293.030243100,296.077520173,3.047277073,Other,random,H5O_1N1,3.047284000,RC2_0046_ICR-3_p08
407.147582010,410.194859083,3.047277073,Other,random,H5O_1N1,3.047284000,RC2_0046_ICR-3_p08
341.030232482,344.077510555,3.047278073,Other,random,H5O_1N1,3.047284000,RC2_0046_ICR-3_p08
321.025120344,324.072399418,3.047279073,Other,random,H5O_1N1,3.047284000,RC2_0046_ICR-3_p08
309.097848940,312.145129014,3.047280073,Other,random,H5O_1N1,3.047284000,RC2_0046_ICR-3_p08
333.025122440,336.072402513,3.047280073,Other,random,H5O_1N1,3.047284000,RC2_0046_ICR-3_p08
485.202678897,488.249958970,3.047280073,Other,random,H5O_1N1,3.047284000,RC2_0046_ICR-3_p08
239.128947751,242.176229824,3.047282073,Other,random,H5O_1N1,3.047284000,RC2_0046_ICR-3_p08
333.110888076,336.158171149,3.047283073,Other,random,H5O_1N1,3.047284000,RC2_0046_ICR-3_p08
461.072387258,464.119670332,3.047283073,Other,random,H5O_1N1,3.047284000,RC2_0046_ICR-3_p08
291.014658650,294.061942723,3.047284073,Other,random,H5O_1N1,3.047284000,RC2_0046_ICR-3_p08
306.025524973,309.072809047,3.047284073,Other,random,H5O_1N1,3.047284000,RC2_0046_ICR-3_p08
391.066942224,394.114226298,3.047284073,Other,random,H5O_1N1,3.047284000,RC2_0046_ICR-3_p08
273.061628807,276.108913881,3.047285073,Other,random,H5O_1N1,3.047284000,RC2_0046_ICR-3_p08
239.019772214,242.067057288,3.047285073,Other,random,H5O_1N1,3.047284000,RC2_0046_ICR-3_p08
423.069787467,426.117072540,3.047285073,Other,random,H5O_1N1,3.047284000,RC2_0046_ICR-3_p08
479.132386647,482.179671720,3.047285073,Other,random,H5O_1N1,3.047284000,RC2_0046_ICR-3_p08
505.148134287,508.195420361,3.047286073,Other,random,H5O_1N1,3.047284000,RC2_0046_ICR-3_p08
305.066572041,308.113859114,3.047287073,Other,random,H5O_1N1,3.047284000,RC2_0046_ICR-3_p08
263.019780405,266.067068479,3.047288073,Other,random,H5O_1N1,3.047284000,RC2_0046_ICR-3_p08
343.058954876,346.106242949,3.047288073,Other,random,H5O_1N1,3.047284000,RC2_0046_ICR-3_p08
347.199374312,350.246662385,3.047288073,Other,random,H5O_1N1,3.047284000,RC2_0046_ICR-3_p08
355.058749972,358.106038046,3.047288073,Other,random,H5O_1N1,3.047284000,RC2_0046_ICR-3_p08
279.051061400,282.098350473,3.047289073,Other,random,H5O_1N1,3.047284000,RC2_0046_ICR-3_p08
307.045857645,310.093147718,3.047290073,Other,random,H5O_1N1,3.047284000,RC2_0046_ICR-3_p08
521.179520282,524.226811355,3.047291073,Other,random,H5O_1N1,3.047284000,RC2_0046_ICR-3_p08
417.204763347,420.252055420,3.047292073,Other,random,H5O_1N1,3.047284000,RC2_0046_ICR-3_p08
427.030465666,430.077757739,3.047292073,Other,random,H5O_1N1,3.047284000,RC2_0046_ICR-3_p08
249.040480706,252.087772779,3.047292073,Other,random,H5O_1N1,3.047284000,RC2_0046_ICR-3_p08
349.056393435,352.103685508,3.047292073,Other,random,H5O_1N1,3.047284000,RC2_0046_ICR-3_p08
319.045834741,322.093127814,3.047293073,Other,random,H5O_1N1,3.047284000,RC2_0046_ICR-3_p08
297.061587999,300.108881072,3.047293073,Other,random,H5O_1N1,3.047284000,RC2_0046_ICR-3_p08
343.045765932,346.093059005,3.047293073,Other,random,H5O_1N1,3.047284000,RC2_0046_ICR-3_p08
449.139602878,452.186895951,3.047293073,Other,random,H5O_1N1,3.047284000,RC2_0046_ICR-3_p08
301.129241743,305.124146797,3.994905053,Other,random,C_1O1,3.994915000,RC2_0046_ICR-3_p08
363.194225461,367.189130515,3.994905053,Other,random,C_1O1,3.994915000,RC2_0046_ICR-3_p08
377.173368161,381.168273215,3.994905053,Other,random,C_1O1,3.994915000,RC2_0046_ICR-3_p08
413.064265911,417.059170964,3.994905053,Other,random,C_1O1,3.994915000,RC2_0046_ICR-3_p08
479.046470012,483.041375065,3.994905053,Other,random,C_1O1,3.994915000,RC2_0046_ICR-3_p08
485.194680931,489.189585984,3.994905053,Other,random,C_1O1,3.994915000,RC2_0046_ICR-3_p08
545.179553472,549.174458526,3.994905053,Other,random,C_1O1,3.994915000,RC2_0046_ICR-3_p08
343.076587801,347.071492855,3.994905053,Other,random,C_1O1,3.994915000,RC2_0046_ICR-3_p08
379.103200975,383.098106028,3.994905053,Other,random,C_1O1,3.994915000,RC2_0046_ICR-3_p08
403.066851320,407.061756374,3.994905053,Other,random,C_1O1,3.994915000,RC2_0046_ICR-3_p08
345.074538326,349.069444379,3.994906053,Other,random,C_1O1,3.994915000,RC2_0046_ICR-3_p08
387.084999116,391.079905169,3.994906053,Other,random,C_1O1,3.994915000,RC2_0046_ICR-3_p08
415.030496570,419.025402623,3.994906053,Other,random,C_1O1,3.994915000,RC2_0046_ICR-3_p08
473.108686200,477.103592253,3.994906053,Other,random,C_1O1,3.994915000,RC2_0046_ICR-3_p08
391.103234070,395.098140124,3.994906053,Other,random,C_1O1,3.994915000,RC2_0046_ICR-3_p08
545.202814374,549.197720427,3.994906053,Other,random,C_1O1,3.994915000,RC2_0046_ICR-3_p08
391.225456552,395.220362605,3.994906053,Other,random,C_1O1,3.994915000,RC2_0046_ICR-3_p08
443.025449814,447.020355868,3.994906053,Other,random,C_1O1,3.994915000,RC2_0046_ICR-3_p08
237.076947456,241.071853509,3.994906053,Other,random,C_1O1,3.994915000,RC2_0046_ICR-3_p08
451.189052184,455.183959237,3.994907053,Other,random,C_1O1,3.994915000,RC2_0046_ICR-3_p08
525.233851083,529.228758136,3.994907053,Other,random,C_1O1,3.994915000,RC2_0046_ICR-3_p08
555.041691637,559.036598690,3.994907053,Other,random,C_1O1,3.994915000,RC2_0046_ICR-3_p08
379.116250920,383.111158973,3.994908053,Other,random,C_1O1,3.994915000,RC2_0046_ICR-3_p08
415.097611285,419.092519339,3.994908053,Other,random,C_1O1,3.994915000,RC2_0046_ICR-3_p08
569.332953013,573.327861066,3.994908053,Other,random,C_1O1,3.994915000,RC2_0046_ICR-3_p08
265.144574392,269.139482445,3.994908053,Other,random,C_1O1,3.994915000,RC2_0046_ICR-3_p08
299.186352985,303.181261039,3.994908053,Other,random,C_1O1,3.994915000,RC2_0046_ICR-3_p08
411.129493118,415.124401172,3.994908053,Other,random,C_1O1,3.994915000,RC2_0046_ICR-3_p08
461.218001641,465.212909694,3.994908053,Other,random,C_1O1,3.994915000,RC2_0046_ICR-3_p08
715.188911286,719.183819339,3.994908053,Other,random,C_1O1,3.994915000,RC2_0046_ICR-3_p08
295.082307395,299.077216448,3.994909053,Other,random,C_1O1,3.994915000,RC2_0046_ICR-3_p08
321.097822036,325.092731089,3.994909053,Other,random,C_1O1,3.994915000,RC2_0046_ICR-3_p08
327.087299628,331.082208682,3.994909053,Other,random,C_1O1,3.994915000,RC2_0046_ICR-3_p08
296.113972018,300.108881072,3.994909053,Other,random,C_1O1,3.994915000,RC2_0046_ICR-3_p08
508.195420361,512.190329414,3.994909053,Other,random,C_1O1,3.994915000,RC2_0046_ICR-3_p08
322.093127814,326.088036867,3.994909053,Other,random,C_1O1,3.994915000,RC2_0046_ICR-3_p08
517.207786130,521.202695183,3.994909053,Other,random,C_1O1,3.994915000,RC2_0046_ICR-3_p08
271.118777049,275.113686102,3.994909053,Other,random,C_1O1,3.994915000,RC2_0046_ICR-3_p08
304.046170370,308.041080423,3.994910053,Other,random,C_1O1,3.994915000,RC2_0046_ICR-3_p08
431.165408125,435.160318178,3.994910053,Other,random,C_1O1,3.994915000,RC2_0046_ICR-3_p08
444.093507283,448.088417337,3.994910053,Other,random,C_1O1,3.994915000,RC2_0046_ICR-3_p08
467.220442178,471.215352231,3.994910053,Other,random,C_1O1,3.994915000,RC2_0046_ICR-3_p08
303.123699283,307.118609336,3.994910053,Other,random,C_1O1,3.994915000,RC2_0046_ICR-3_p08
434.072684792,438.067594846,3.994910053,Other,random,C_1O1,3.994915000,RC2_0046_ICR-3_p08
331.058887781,335.053797834,3.994910053,Other,random,C_1O1,3.994915000,RC2_0046_ICR-3_p08
295.045910549,299.040821603,3.994911053,Other,random,C_1O1,3.994915000,RC2_0046_ICR-3_p08
235.024861161,239.019772214,3.994911053,Other,random,C_1O1,3.994915000,RC2_0046_ICR-3_p08
401.209749198,405.204660251,3.994911053,Other,random,C_1O1,3.994915000,RC2_0046_ICR-3_p08
443.038280760,447.033191813,3.994911053,Other,random,C_1O1,3.994915000,RC2_0046_ICR-3_p08
443.101274493,447.096185546,3.994911053,Other,random,C_1O1,3.994915000,RC2_0046_ICR-3_p08
509.166310242,513.161221295,3.994911053,Other,random,C_1O1,3.994915000,RC2_0046_ICR-3_p08
523.137606975,527.132518029,3.994911053,Other,random,C_1O1,3.994915000,RC2_0046_ICR-3_p08
309.110981885,313.105893938,3.994912053,Other,random,C_1O1,3.994915000,RC2_0046_ICR-3_p08
569.166461719,573.161373772,3.994912053,Other,random,C_1O1,3.994915000,RC2_0046_ICR-3_p08
301.084797932,305.079709985,3.994912053,Other,random,C_1O1,3.994915000,RC2_0046_ICR-3_p08
395.126544003,399.121456057,3.994912053,Other,random,C_1O1,3.994915000,RC2_0046_ICR-3_p08
419.207352851,423.202264905,3.994912053,Other,random,C_1O1,3.994915000,RC2_0046_ICR-3_p08
320.077487364,324.072399418,3.994912053,Other,random,C_1O1,3.994915000,RC2_0046_ICR-3_p08
321.025120344,325.020032398,3.994912053,Other,random,C_1O1,3.994915000,RC2_0046_ICR-3_p08
401.137065506,405.131978560,3.994913053,Other,random,C_1O1,3.994915000,RC2_0046_ICR-3_p08
373.287654645,377.282567698,3.994913053,Other,random,C_1O1,3.994915000,RC2_0046_ICR-3_p08
259.061249198,263.056162251,3.994913053,Other,random,C_1O1,3.994915000,RC2_0046_ICR-3_p08
337.178601821,341.173514874,3.994913053,Other,random,C_1O1,3.994915000,RC2_0046_ICR-3_p08
304.082595215,308.077508269,3.994913053,Other,random,C_1O1,3.994915000,RC2_0046_ICR-3_p08
325.056365244,329.051278297,3.994913053,Other,random,C_1O1,3.994915000,RC2_0046_ICR-3_p08
461.267301432,465.262214485,3.994913053,Other,random,C_1O1,3.994915000,RC2_0046_ICR-3_p08
321.170683727,325.165597780,3.994914053,Other,random,C_1O1,3.994915000,RC2_0046_ICR-3_p08
361.129067222,365.123981275,3.994914053,Other,random,C_1O1,3.994915000,RC2_0046_ICR-3_p08
401.108727627,405.103641680,3.994914053,Other,random,C_1O1,3.994915000,RC2_0046_ICR-3_p08
438.112042657,442.106956710,3.994914053,Other,random,C_1O1,3.994915000,RC2_0046_ICR-3_p08
467.147712487,471.142626540,3.994914053,Other,random,C_1O1,3.994915000,RC2_0046_ICR-3_p08
505.098679497,509.093593551,3.994914053,Other,random,C_1O1,3.994915000,RC2_0046_ICR-3_p08
555.150822174,559.145736227,3.994914053,Other,random,C_1O1,3.994915000,RC2_0046_ICR-3_p08
225.040542515,229.035456568,3.994914053,Other,random,C_1O1,3.994915000,RC2_0046_ICR-3_p08
369.082489483,373.077404537,3.994915053,Other,random,C_1O1,3.994915000,RC2_0046_ICR-3_p08
429.103625871,433.098540925,3.994915053,Other,random,C_1O1,3.994915000,RC2_0046_ICR-3_p08
493.220757884,497.215672937,3.994915053,Other,random,C_1O1,3.994915000,RC2_0046_ICR-3_p08
504.151074517,508.145989570,3.994915053,Other,random,C_1O1,3.994915000,RC2_0046_ICR-3_p08
221.045627461,225.040542515,3.994915053,Other,random,C_1O1,3.994915000,RC2_0046_ICR-3_p08
239.128947751,243.123862805,3.994915053,Other,random,C_1O1,3.994915000,RC2_0046_ICR-3_p08
263.056162251,267.051077304,3.994915053,Other,random,C_1O1,3.994915000,RC2_0046_ICR-3_p08
305.079709985,309.074625039,3.994915053,Other,random,C_1O1,3.994915000,RC2_0046_ICR-3_p08
320.041108519,324.036023572,3.994915053,Other,random,C_1O1,3.994915000,RC2_0046_ICR-3_p08
347.149900522,351.144815575,3.994915053,Other,random,C_1O1,3.994915000,RC2_0046_ICR-3_p08
407.025354528,411.020269581,3.994915053,Other,random,C_1O1,3.994915000,RC2_0046_ICR-3_p08
471.165773442,475.160688495,3.994915053,Other,random,C_1O1,3.994915000,RC2_0046_ICR-3_p08
545.252125165,549.247040218,3.994915053,Other,random,C_1O1,3.994915000,RC2_0046_ICR-3_p08
227.092600810,231.087516863,3.994916053,Other,random,C_1O1,3.994915000,RC2_0046_ICR-3_p08
306.098231665,310.093147718,3.994916053,Other,random,C_1O1,3.994915000,RC2_0046_ICR-3_p08
425.072427972,429.067344025,3.994916053,Other,random,C_1O1,3.994915000,RC2_0046_ICR-3_p08
487.109204809,491.104120863,3.994916053,Other,random,C_1O1,3.994915000,RC2_0046_ICR-3_p08
509.072314641,513.067230694,3.994916053,Other,random,C_1O1,3.994915000,RC2_0046_ICR-3_p08
305.030204195,309.025120249,3.994916053,Other,random,C_1O1,3.994915000,RC2_0046_ICR-3_p08
317.079713081,321.074629134,3.994916053,Other,random,C_1O1,3.994915000,RC2_0046_ICR-3_p08
329.115972023,333.110888076,3.994916053,Other,random,C_1O1,3.994915000,RC2_0046_ICR-3_p08
571.158727268,575.153643321,3.994916053,Other,random,C_1O1,3.994915000,RC2_0046_ICR-3_p08
227.128981655,231.123898709,3.994917053,Other,random,C_1O1,3.994915000,RC2_0046_ICR-3_p08
387.175505732,391.170422785,3.994917053,Other,random,C_1O1,3.994915000,RC2_0046_ICR-3_p08
559.182001074,563.176918127,3.994917053,Other,random,C_1O1,3.994915000,RC2_0046_ICR-3_p08
559.254833765,563.249751818,3.994918053,Other,random,C_1O1,3.994915000,RC2_0046_ICR-3_p08
301.121166778,305.116084831,3.994918053,Other,random,C_1O1,3.994915000,RC2_0046_ICR-3_p08
303.136812227,307.131730281,3.994918053,Other,random,C_1O1,3.994915000,RC2_0046_ICR-3_p08
346.093059005,350.087977059,3.994918053,Other,random,C_1O1,3.994915000,RC2_0046_ICR-3_p08
457.134896961,461.129815015,3.994918053,Other,random,C_1O1,3.994915000,RC2_0046_ICR-3_p08
535.109213191,539.104131245,3.994918053,Other,random,C_1O1,3.994915000,RC2_0046_ICR-3_p08
579.041850827,583.036768881,3.994918053,Other,random,C_1O1,3.994915000,RC2_0046_ICR-3_p08
637.141313367,641.136231420,3.994918053,Other,random,C_1O1,3.994915000,RC2_0046_ICR-3_p08
325.084766123,329.079685177,3.994919053,Other,random,C_1O1,3.994915000,RC2_0046_ICR-3_p08
443.155615262,447.150534315,3.994919053,Other,random,C_1O1,3.994915000,RC2_0046_ICR-3_p08
461.181466796,465.176385849,3.994919053,Other,random,C_1O1,3.994915000,RC2_0046_ICR-3_p08
485.230949777,489.225868830,3.994919053,Other,random,C_1O1,3.994915000,RC2_0046_ICR-3_p08
308.113859114,312.108778168,3.994919053,Other,random,C_1O1,3.994915000,RC2_0046_ICR-3_p08
317.043276236,321.038195289,3.994919053,Other,random,C_1O1,3.994915000,RC2_0046_ICR-3_p08
349.056393435,353.051312488,3.994919053,Other,random,C_1O1,3.994915000,RC2_0046_ICR-3_p08
433.222976397,437.217895450,3.994919053,Other,random,C_1O1,3.994915000,RC2_0046_ICR-3_p08
473.085417299,477.080336352,3.994919053,Other,random,C_1O1,3.994915000,RC2_0046_ICR-3_p08
461.103241127,465.098161181,3.994920053,Other,random,C_1O1,3.994915000,RC2_0046_ICR-3_p08
487.064718998,491.059639051,3.994920053,Other,random,C_1O1,3.994915000,RC2_0046_ICR-3_p08
238.072137234,242.067057288,3.994920053,Other,random,C_1O1,3.994915000,RC2_0046_ICR-3_p08
757.271537770,761.266457823,3.994920053,Other,random,C_1O1,3.994915000,RC2_0046_ICR-3_p08
261.076864647,265.071784701,3.994920053,Other,random,C_1O1,3.994915000,RC2_0046_ICR-3_p08
323.162931276,327.157851329,3.994920053,Other,random,C_1O1,3.994915000,RC2_0046_ICR-3_p08
447.215148041,451.210068095,3.994920053,Other,random,C_1O1,3.994915000,RC2_0046_ICR-3_p08
681.204035451,685.198955505,3.994920053,Other,random,C_1O1,3.994915000,RC2_0046_ICR-3_p08
311.040790698,315.035711752,3.994921053,Other,random,C_1O1,3.994915000,RC2_0046_ICR-3_p08
455.061816755,459.056737809,3.994921053,Other,random,C_1O1,3.994915000,RC2_0046_ICR-3_p08
349.019999589,353.014920642,3.994921053,Other,random,C_1O1,3.994915000,RC2_0046_ICR-3_p08
249.040480706,253.035401759,3.994921053,Other,random,C_1O1,3.994915000,RC2_0046_ICR-3_p08
249.076919551,253.071840605,3.994921053,Other,random,C_1O1,3.994915000,RC2_0046_ICR-3_p08
277.071757796,281.066678850,3.994921053,Other,random,C_1O1,3.994915000,RC2_0046_ICR-3_p08
453.139975908,457.134896961,3.994921053,Other,random,C_1O1,3.994915000,RC2_0046_ICR-3_p08
703.187996194,707.182917248,3.994921053,Other,random,C_1O1,3.994915000,RC2_0046_ICR-3_p08
339.121490579,343.116412632,3.994922053,Other,random,C_1O1,3.994915000,RC2_0046_ICR-3_p08
441.118732903,445.113654956,3.994922053,Other,random,C_1O1,3.994915000,RC2_0046_ICR-3_p08
485.057204514,489.052126567,3.994922053,Other,random,C_1O1,3.994915000,RC2_0046_ICR-3_p08
515.168918779,519.163840832,3.994922053,Other,random,C_1O1,3.994915000,RC2_0046_ICR-3_p08
645.218979101,649.213901155,3.994922053,Other,random,C_1O1,3.994915000,RC2_0046_ICR-3_p08
225.076953360,229.071875414,3.994922053,Other,random,C_1O1,3.994915000,RC2_0046_ICR-3_p08
491.241601279,495.236523333,3.994922053,Other,random,C_1O1,3.994915000,RC2_0046_ICR-3_p08
267.160205841,271.155127895,3.994922053,Other,random,C_1O1,3.994915000,RC2_0046_ICR-3_p08
283.082288299,287.077210353,3.994922053,Other,random,C_1O1,3.994915000,RC2_0046_ICR-3_p08
419.220378796,423.215300850,3.994922053,Other,random,C_1O1,3.994915000,RC2_0046_ICR-3_p08
501.170715160,505.165637213,3.994922053,Other,random,C_1O1,3.994915000,RC2_0046_ICR-3_p08
283.045890454,287.040813507,3.994923053,Other,random,C_1O1,3.994915000,RC2_0046_ICR-3_p08
347.186231368,351.181154421,3.994923053,Other,random,C_1O1,3.994915000,RC2_0046_ICR-3_p08
373.056398626,377.051321679,3.994923053,Other,random,C_1O1,3.994915000,RC2_0046_ICR-3_p08
235.097628852,239.092551906,3.994923053,Other,random,C_1O1,3.994915000,RC2_0046_ICR-3_p08
351.144815575,355.139738629,3.994923053,Other,random,C_1O1,3.994915000,RC2_0046_ICR-3_p08
355.103296783,359.098219837,3.994923053,Other,random,C_1O1,3.994915000,RC2_0046_ICR-3_p08
407.171018910,411.165941963,3.994923053,Other,random,C_1O1,3.994915000,RC2_0046_ICR-3_p08
425.181585509,429.176508562,3.994923053,Other,random,C_1O1,3.994915000,RC2_0046_ICR-3_p08
453.059200251,457.054123304,3.994923053,Other,random,C_1O1,3.994915000,RC2_0046_ICR-3_p08
475.051546958,479.046470012,3.994923053,Other,random,C_1O1,3.994915000,RC2_0046_ICR-3_p08
551.067900494,555.062823547,3.994923053,Other,random,C_1O1,3.994915000,RC2_0046_ICR-3_p08
623.234623360,627.229546413,3.994923053,Other,random,C_1O1,3.994915000,RC2_0046_ICR-3_p08
467.155762452,471.150686506,3.994924053,Other,random,C_1O1,3.994915000,RC2_0046_ICR-3_p08
373.159911187,377.154835240,3.994924053,Other,random,C_1O1,3.994915000,RC2_0046_ICR-3_p08
377.209883006,381.204807060,3.994924053,Other,random,C_1O1,3.994915000,RC2_0046_ICR-3_p08
479.147709582,483.142633635,3.994924053,Other,random,C_1O1,3.994915000,RC2_0046_ICR-3_p08
281.066678850,285.061602903,3.994924053,Other,random,C_1O1,3.994915000,RC2_0046_ICR-3_p08
459.123916524,463.118840577,3.994924053,Other,random,C_1O1,3.994915000,RC2_0046_ICR-3_p08
507.078000101,511.072924154,3.994924053,Other,random,C_1O1,3.994915000,RC2_0046_ICR-3_p08
296.077520173,300.072444226,3.994924053,Other,random,C_1O1,3.994915000,RC2_0046_ICR-3_p08
461.194548740,465.189472794,3.994924053,Other,random,C_1O1,3.994915000,RC2_0046_ICR-3_p08
589.047167384,593.042091438,3.994924053,Other,random,C_1O1,3.994915000,RC2_0046_ICR-3_p08
287.059517428,291.090808327,4.031290899,Other,random,H4,4.031300000,RC2_0046_ICR-3_p08
315.063982632,319.095273531,4.031290899,Other,random,H4,4.031300000,RC2_0046_ICR-3_p08
365.087635429,369.118926329,4.031290899,Other,random,H4,4.031300000,RC2_0046_ICR-3_p08
487.051596054,491.082886953,4.031290899,Other,random,H4,4.031300000,RC2_0046_ICR-3_p08
571.145566324,575.176857223,4.031290899,Other,random,H4,4.031300000,RC2_0046_ICR-3_p08
587.068012780,591.099303679,4.031290899,Other,random,H4,4.031300000,RC2_0046_ICR-3_p08
251.092527001,255.123817900,4.031290899,Other,random,H4,4.031300000,RC2_0046_ICR-3_p08
317.079713081,321.111003980,4.031290899,Other,random,H4,4.031300000,RC2_0046_ICR-3_p08
320.041108519,324.072399418,4.031290899,Other,random,H4,4.031300000,RC2_0046_ICR-3_p08
473.273043503,477.304334402,4.031290899,Other,random,H4,4.031300000,RC2_0046_ICR-3_p08
389.160429312,393.191721211,4.031291899,Other,random,H4,4.031300000,RC2_0046_ICR-3_p08
399.035559421,403.066851320,4.031291899,Other,random,H4,4.031300000,RC2_0046_ICR-3_p08
405.204660251,409.235952151,4.031291899,Other,random,H4,4.031300000,RC2_0046_ICR-3_p08
441.113348925,445.144640824,4.031291899,Other,random,H4,4.031300000,RC2_0046_ICR-3_p08
443.155615262,447.186907161,4.031291899,Other,random,H4,4.031300000,RC2_0046_ICR-3_p08
469.199660782,473.230952681,4.031291899,Other,random,H4,4.031300000,RC2_0046_ICR-3_p08
545.166428528,549.197720427,4.031291899,Other,random,H4,4.031300000,RC2_0046_ICR-3_p08
509.085645584,513.116938483,4.031292899,Other,random,H4,4.031300000,RC2_0046_ICR-3_p08
345.055820405,349.087113304,4.031292899,Other,random,H4,4.031300000,RC2_0046_ICR-3_p08
553.265270173,557.296563072,4.031292899,Other,random,H4,4.031300000,RC2_0046_ICR-3_p08
311.149873236,315.181166135,4.031292899,Other,random,H4,4.031300000,RC2_0046_ICR-3_p08
337.121042065,341.152334964,4.031292899,Other,random,H4,4.031300000,RC2_0046_ICR-3_p08
397.178456299,401.209749198,4.031292899,Other,random,H4,4.031300000,RC2_0046_ICR-3_p08
375.102817945,379.134110844,4.031292899,Other,random,H4,4.031300000,RC2_0046_ICR-3_p08
403.225581647,407.256874546,4.031292899,Other,random,H4,4.031300000,RC2_0046_ICR-3_p08
493.207676939,497.238969838,4.031292899,Other,random,H4,4.031300000,RC2_0046_ICR-3_p08
545.057240991,549.088533890,4.031292899,Other,random,H4,4.031300000,RC2_0046_ICR-3_p08
323.004408948,327.035702847,4.031293899,Other,random,H4,4.031300000,RC2_0046_ICR-3_p08
343.131627568,347.162921467,4.031293899,Other,random,H4,4.031300000,RC2_0046_ICR-3_p08
444.106588228,448.137882127,4.031293899,Other,random,H4,4.031300000,RC2_0046_ICR-3_p08
463.210085190,467.241379089,4.031293899,Other,random,H4,4.031300000,RC2_0046_ICR-3_p08
310.056843872,314.088137771,4.031293899,Other,random,H4,4.031300000,RC2_0046_ICR-3_p08
317.102938982,321.134232882,4.031293899,Other,random,H4,4.031300000,RC2_0046_ICR-3_p08
389.051174775,393.082468674,4.031293899,Other,random,H4,4.031300000,RC2_0046_ICR-3_p08
259.082346108,263.113640007,4.031293899,Other,random,H4,4.031300000,RC2_0046_ICR-3_p08
394.127357242,398.158651141,4.031293899,Other,random,H4,4.031300000,RC2_0046_ICR-3_p08
541.165859499,545.197153398,4.031293899,Other,random,H4,4.031300000,RC2_0046_ICR-3_p08
519.236543524,523.267838423,4.031294899,Other,random,H4,4.031300000,RC2_0046_ICR-3_p08
311.040790698,315.072085597,4.031294899,Other,random,H4,4.031300000,RC2_0046_ICR-3_p08
359.071536950,363.102831849,4.031294899,Other,random,H4,4.031300000,RC2_0046_ICR-3_p08
361.105842320,365.137137219,4.031294899,Other,random,H4,4.031300000,RC2_0046_ICR-3_p08
415.134151130,419.165446029,4.031294899,Other,random,H4,4.031300000,RC2_0046_ICR-3_p08
515.205248625,519.236543524,4.031294899,Other,random,H4,4.031300000,RC2_0046_ICR-3_p08
527.067842303,531.099137202,4.031294899,Other,random,H4,4.031300000,RC2_0046_ICR-3_p08
531.272938465,535.304233364,4.031294899,Other,random,H4,4.031300000,RC2_0046_ICR-3_p08
645.255506946,649.286801845,4.031294899,Other,random,H4,4.031300000,RC2_0046_ICR-3_p08
225.004161669,229.035456568,4.031294899,Other,random,H4,4.031300000,RC2_0046_ICR-3_p08
359.199255408,363.230550307,4.031294899,Other,random,H4,4.031300000,RC2_0046_ICR-3_p08
427.134113226,431.165408125,4.031294899,Other,random,H4,4.031300000,RC2_0046_ICR-3_p08
523.181835788,527.213131687,4.031295899,Other,random,H4,4.031300000,RC2_0046_ICR-3_p08
273.097998653,277.129294552,4.031295899,Other,random,H4,4.031300000,RC2_0046_ICR-3_p08
345.147339017,349.178634916,4.031295899,Other,random,H4,4.031300000,RC2_0046_ICR-3_p08
381.046223732,385.077519632,4.031295899,Other,random,H4,4.031300000,RC2_0046_ICR-3_p08
485.202678897,489.233974796,4.031295899,Other,random,H4,4.031300000,RC2_0046_ICR-3_p08
503.096000993,507.127296892,4.031295899,Other,random,H4,4.031300000,RC2_0046_ICR-3_p08
565.099092973,569.130388872,4.031295899,Other,random,H4,4.031300000,RC2_0046_ICR-3_p08
591.171950371,595.203246270,4.031295899,Other,random,H4,4.031300000,RC2_0046_ICR-3_p08
607.130674673,611.161970572,4.031295899,Other,random,H4,4.031300000,RC2_0046_ICR-3_p08
275.128888038,279.160184937,4.031296899,Other,random,H4,4.031300000,RC2_0046_ICR-3_p08
385.178471203,389.209768102,4.031296899,Other,random,H4,4.031300000,RC2_0046_ICR-3_p08
443.046397725,447.077694624,4.031296899,Other,random,H4,4.031300000,RC2_0046_ICR-3_p08
467.228347145,471.259644044,4.031296899,Other,random,H4,4.031300000,RC2_0046_ICR-3_p08
233.009237711,237.040534610,4.031296899,Other,random,H4,4.031300000,RC2_0046_ICR-3_p08
247.061230102,251.092527001,4.031296899,Other,random,H4,4.031300000,RC2_0046_ICR-3_p08
263.019780405,267.051077304,4.031296899,Other,random,H4,4.031300000,RC2_0046_ICR-3_p08
282.061907628,286.093204527,4.031296899,Other,random,H4,4.031300000,RC2_0046_ICR-3_p08
285.134353594,289.165650494,4.031296899,Other,random,H4,4.031300000,RC2_0046_ICR-3_p08
294.025500878,298.056797777,4.031296899,Other,random,H4,4.031300000,RC2_0046_ICR-3_p08
337.129139030,341.160435930,4.031296899,Other,random,H4,4.031300000,RC2_0046_ICR-3_p08
329.124093988,333.155391887,4.031297899,Other,random,H4,4.031300000,RC2_0046_ICR-3_p08
345.097853227,349.129151126,4.031297899,Other,random,H4,4.031300000,RC2_0046_ICR-3_p08
491.096002897,495.127300796,4.031297899,Other,random,H4,4.031300000,RC2_0046_ICR-3_p08
533.129930587,537.161228486,4.031297899,Other,random,H4,4.031300000,RC2_0046_ICR-3_p08
621.109730374,625.141028273,4.031297899,Other,random,H4,4.031300000,RC2_0046_ICR-3_p08
227.092600810,231.123898709,4.031297899,Other,random,H4,4.031300000,RC2_0046_ICR-3_p08
393.155279365,397.186577264,4.031297899,Other,random,H4,4.031300000,RC2_0046_ICR-3_p08
397.223083110,401.254381009,4.031297899,Other,random,H4,4.031300000,RC2_0046_ICR-3_p08
443.134565351,447.165863250,4.031297899,Other,random,H4,4.031300000,RC2_0046_ICR-3_p08
485.139515165,489.170813064,4.031297899,Other,random,H4,4.031300000,RC2_0046_ICR-3_p08
305.043327140,309.074625039,4.031297899,Other,random,H4,4.031300000,RC2_0046_ICR-3_p08
409.126819613,413.158117513,4.031297899,Other,random,H4,4.031300000,RC2_0046_ICR-3_p08
595.158886458,599.190184357,4.031297899,Other,random,H4,4.031300000,RC2_0046_ICR-3_p08
363.157831616,367.189130515,4.031298899,Other,random,H4,4.031300000,RC2_0046_ICR-3_p08
449.230954490,453.262253389,4.031298899,Other,random,H4,4.031300000,RC2_0046_ICR-3_p08
456.086114410,460.117413309,4.031298899,Other,random,H4,4.031300000,RC2_0046_ICR-3_p08
545.143159627,549.174458526,4.031298899,Other,random,H4,4.031300000,RC2_0046_ICR-3_p08
547.145688132,551.176987031,4.031298899,Other,random,H4,4.031300000,RC2_0046_ICR-3_p08
583.182034264,587.213333163,4.031298899,Other,random,H4,4.031300000,RC2_0046_ICR-3_p08
671.162027050,675.193325949,4.031298899,Other,random,H4,4.031300000,RC2_0046_ICR-3_p08
285.097950749,289.129249648,4.031298899,Other,random,H4,4.031300000,RC2_0046_ICR-3_p08
321.072898142,325.104197041,4.031298899,Other,random,H4,4.031300000,RC2_0046_ICR-3_p08
387.194157653,391.225456552,4.031298899,Other,random,H4,4.031300000,RC2_0046_ICR-3_p08
435.178948099,439.210246998,4.031298899,Other,random,H4,4.031300000,RC2_0046_ICR-3_p08
537.210479278,541.241778177,4.031298899,Other,random,H4,4.031300000,RC2_0046_ICR-3_p08
307.009491799,311.040790698,4.031298899,Other,random,H4,4.031300000,RC2_0046_ICR-3_p08
373.178584107,377.209883006,4.031298899,Other,random,H4,4.031300000,RC2_0046_ICR-3_p08
267.087477150,271.118777049,4.031299899,Other,random,H4,4.031300000,RC2_0046_ICR-3_p08
323.077059640,327.108359539,4.031299899,Other,random,H4,4.031300000,RC2_0046_ICR-3_p08
397.113849573,401.145149472,4.031299899,Other,random,H4,4.031300000,RC2_0046_ICR-3_p08
403.116282110,407.147582010,4.031299899,Other,random,H4,4.031300000,RC2_0046_ICR-3_p08
533.215762223,537.247062122,4.031299899,Other,random,H4,4.031300000,RC2_0046_ICR-3_p08
537.225969212,541.257269111,4.031299899,Other,random,H4,4.031300000,RC2_0046_ICR-3_p08
543.150872078,547.182171977,4.031299899,Other,random,H4,4.031300000,RC2_0046_ICR-3_p08
629.164263206,633.195563105,4.031299899,Other,random,H4,4.031300000,RC2_0046_ICR-3_p08
225.076953360,229.108253259,4.031299899,Other,random,H4,4.031300000,RC2_0046_ICR-3_p08
278.067049574,282.098350473,4.031300899,Other,random,H4,4.031300000,RC2_0046_ICR-3_p08
439.160662209,443.191963108,4.031300899,Other,random,H4,4.031300000,RC2_0046_ICR-3_p08
513.052060759,517.083361658,4.031300899,Other,random,H4,4.031300000,RC2_0046_ICR-3_p08
343.076587801,347.107888700,4.031300899,Other,random,H4,4.031300000,RC2_0046_ICR-3_p08
367.168067604,371.199368503,4.031300899,Other,random,H4,4.031300000,RC2_0046_ICR-3_p08
392.135046693,396.166347592,4.031300899,Other,random,H4,4.031300000,RC2_0046_ICR-3_p08
513.140035385,517.171336284,4.031300899,Other,random,H4,4.031300000,RC2_0046_ICR-3_p08
459.093144654,463.124446553,4.031301899,Other,random,H4,4.031300000,RC2_0046_ICR-3_p08
503.192178585,507.223480484,4.031301899,Other,random,H4,4.031300000,RC2_0046_ICR-3_p08
255.051044209,259.082346108,4.031301899,Other,random,H4,4.031300000,RC2_0046_ICR-3_p08
309.134218786,313.165520685,4.031301899,Other,random,H4,4.031300000,RC2_0046_ICR-3_p08
331.095193627,335.126495526,4.031301899,Other,random,H4,4.031300000,RC2_0046_ICR-3_p08
253.035401759,257.066703658,4.031301899,Other,random,H4,4.031300000,RC2_0046_ICR-3_p08
247.097626948,251.128928847,4.031301899,Other,random,H4,4.031300000,RC2_0046_ICR-3_p08
237.076947456,241.108249355,4.031301899,Other,random,H4,4.031300000,RC2_0046_ICR-3_p08
305.030204195,309.061506094,4.031301899,Other,random,H4,4.031300000,RC2_0046_ICR-3_p08
371.077031022,375.108332921,4.031301899,Other,random,H4,4.031300000,RC2_0046_ICR-3_p08
379.095271009,383.126572908,4.031301899,Other,random,H4,4.031300000,RC2_0046_ICR-3_p08
621.218999910,625.250301809,4.031301899,Other,random,H4,4.031300000,RC2_0046_ICR-3_p08
335.077103735,339.108406634,4.031302899,Other,random,H4,4.031300000,RC2_0046_ICR-3_p08
359.113546772,363.144849671,4.031302899,Other,random,H4,4.031300000,RC2_0046_ICR-3_p08
423.157945093,427.189247992,4.031302899,Other,random,H4,4.031300000,RC2_0046_ICR-3_p08
453.030979370,457.062282269,4.031302899,Other,random,H4,4.031300000,RC2_0046_ICR-3_p08
397.105762607,401.137065506,4.031302899,Other,random,H4,4.031300000,RC2_0046_ICR-3_p08
611.140891662,615.172195561,4.031303899,Other,random,H4,4.031300000,RC2_0046_ICR-3_p08
396.028713176,400.060017075,4.031303899,Other,random,H4,4.031300000,RC2_0046_ICR-3_p08
331.103303592,335.134607491,4.031303899,Other,random,H4,4.031300000,RC2_0046_ICR-3_p08
496.044658905,500.075962804,4.031303899,Other,random,H4,4.031300000,RC2_0046_ICR-3_p08
541.098742783,545.130046682,4.031303899,Other,random,H4,4.031300000,RC2_0046_ICR-3_p08
391.139715916,395.171020815,4.031304899,Other,random,H4,4.031300000,RC2_0046_ICR-3_p08
445.077470109,449.108775008,4.031304899,Other,random,H4,4.031300000,RC2_0046_ICR-3_p08
345.170591918,349.201896817,4.031304899,Other,random,H4,4.031300000,RC2_0046_ICR-3_p08
453.131953942,457.163258841,4.031304899,Other,random,H4,4.031300000,RC2_0046_ICR-3_p08
341.116034118,345.147339017,4.031304899,Other,random,H4,4.031300000,RC2_0046_ICR-3_p08
369.025093727,373.056398626,4.031304899,Other,random,H4,4.031300000,RC2_0046_ICR-3_p08
387.157810807,391.189115706,4.031304899,Other,random,H4,4.031300000,RC2_0046_ICR-3_p08
403.103167166,407.134472065,4.031304899,Other,random,H4,4.031300000,RC2_0046_ICR-3_p08
485.158281085,489.189585984,4.031304899,Other,random,H4,4.031300000,RC2_0046_ICR-3_p08
333.170599823,337.201905722,4.031305899,Other,random,H4,4.031300000,RC2_0046_ICR-3_p08
483.178938481,487.210244381,4.031305899,Other,random,H4,4.031300000,RC2_0046_ICR-3_p08
295.045910549,299.077216448,4.031305899,Other,random,H4,4.031300000,RC2_0046_ICR-3_p08
371.134600778,375.165906677,4.031305899,Other,random,H4,4.031300000,RC2_0046_ICR-3_p08
391.061341248,395.092647147,4.031305899,Other,random,H4,4.031300000,RC2_0046_ICR-3_p08
427.030465666,431.061771565,4.031305899,Other,random,H4,4.031300000,RC2_0046_ICR-3_p08
233.081975403,237.113281302,4.031305899,Other,random,H4,4.031300000,RC2_0046_ICR-3_p08
276.998980105,281.030286004,4.031305899,Other,random,H4,4.031300000,RC2_0046_ICR-3_p08
469.126936091,473.158241990,4.031305899,Other,random,H4,4.031300000,RC2_0046_ICR-3_p08
595.166989424,599.198295323,4.031305899,Other,random,H4,4.031300000,RC2_0046_ICR-3_p08
469.098457211,473.129764110,4.031306899,Other,random,H4,4.031300000,RC2_0046_ICR-3_p08
509.093593551,513.124900450,4.031306899,Other,random,H4,4.031300000,RC2_0046_ICR-3_p08
417.095552810,421.126859709,4.031306899,Other,random,H4,4.031300000,RC2_0046_ICR-3_p08
437.145079759,441.176386658,4.031306899,Other,random,H4,4.031300000,RC2_0046_ICR-3_p08
449.085265108,453.116572007,4.031306899,Other,random,H4,4.031300000,RC2_0046_ICR-3_p08
459.142468445,463.173775344,4.031306899,Other,random,H4,4.031300000,RC2_0046_ICR-3_p08
467.074738796,471.106045695,4.031306899,Other,random,H4,4.031300000,RC2_0046_ICR-3_p08
522.088917424,526.120224323,4.031306899,Other,random,H4,4.031300000,RC2_0046_ICR-3_p08
363.108305826,367.139612725,4.031306899,Other,random,H4,4.031300000,RC2_0046_ICR-3_p08
301.092838898,305.124146797,4.031307899,Other,random,H4,4.031300000,RC2_0046_ICR-3_p08
343.082106778,347.113414677,4.031307899,Other,random,H4,4.031300000,RC2_0046_ICR-3_p08
405.131978560,409.163286459,4.031307899,Other,random,H4,4.031300000,RC2_0046_ICR-3_p08
443.170789198,447.202097097,4.031307899,Other,random,H4,4.031300000,RC2_0046_ICR-3_p08
501.067371598,505.098679497,4.031307899,Other,random,H4,4.031300000,RC2_0046_ICR-3_p08
593.078522283,597.109830182,4.031307899,Other,random,H4,4.031300000,RC2_0046_ICR-3_p08
607.094171828,611.125479727,4.031307899,Other,random,H4,4.031300000,RC2_0046_ICR-3_p08
323.149985331,327.181293230,4.031307899,Other,random,H4,4.031300000,RC2_0046_ICR-3_p08
365.123981275,369.155289174,4.031307899,Other,random,H4,4.031300000,RC2_0046_ICR-3_p08
371.053802121,375.085110020,4.031307899,Other,random,H4,4.031300000,RC2_0046_ICR-3_p08
502.070500343,506.101808242,4.031307899,Other,random,H4,4.031300000,RC2_0046_ICR-3_p08
299.019651692,303.050960591,4.031308899,Other,random,H4,4.031300000,RC2_0046_ICR-3_p08
439.051555672,443.082864571,4.031308899,Other,random,H4,4.031300000,RC2_0046_ICR-3_p08
447.129500405,451.160809304,4.031308899,Other,random,H4,4.031300000,RC2_0046_ICR-3_p08
469.144618016,473.175926915,4.031308899,Other,random,H4,4.031300000,RC2_0046_ICR-3_p08
481.135014152,485.166323051,4.031308899,Other,random,H4,4.031300000,RC2_0046_ICR-3_p08
275.092456193,279.123766092,4.031309899,Other,random,H4,4.031300000,RC2_0046_ICR-3_p08
365.154875144,369.186185043,4.031309899,Other,random,H4,4.031300000,RC2_0046_ICR-3_p08
446.109167733,450.140477632,4.031309899,Other,random,H4,4.031300000,RC2_0046_ICR-3_p08
447.050984738,451.082294637,4.031309899,Other,random,H4,4.031300000,RC2_0046_ICR-3_p08
675.120677257,679.151987156,4.031309899,Other,random,H4,4.031300000,RC2_0046_ICR-3_p08
359.053811025,363.085120924,4.031309899,Other,random,H4,4.031300000,RC2_0046_ICR-3_p08
441.176386658,445.207696557,4.031309899,Other,random,H4,4.031300000,RC2_0046_ICR-3_p08
353.030038578,357.061348477,4.031309899,Other,random,H4,4.031300000,RC2_0046_ICR-3_p08
282.025506782,287.040813507,5.015306725,Other,random,H3N_1O1,5.015316000,RC2_0046_ICR-3_p08
298.093147623,303.108454348,5.015306725,Other,random,H3N_1O1,5.015316000,RC2_0046_ICR-3_p08
338.088041963,343.103348688,5.015306725,Other,random,H3N_1O1,5.015316000,RC2_0046_ICR-3_p08
318.074860859,323.090168584,5.015307725,Other,random,H3N_1O1,5.015316000,RC2_0046_ICR-3_p08
346.020358314,351.035667038,5.015308725,Other,random,H3N_1O1,5.015316000,RC2_0046_ICR-3_p08
250.072156330,255.087467054,5.015310725,Other,random,H3N_1O1,5.015316000,RC2_0046_ICR-3_p08
394.114226298,399.129537022,5.015310725,Other,random,H3N_1O1,5.015316000,RC2_0046_ICR-3_p08
450.067591941,455.082903666,5.015311725,Other,random,H3N_1O1,5.015316000,RC2_0046_ICR-3_p08
392.025809157,397.041121882,5.015312725,Other,random,H3N_1O1,5.015316000,RC2_0046_ICR-3_p08
536.177442660,541.192755385,5.015312725,Other,random,H3N_1O1,5.015316000,RC2_0046_ICR-3_p08
291.098655294,296.113972018,5.015316725,Other,random,H3N_1O1,5.015316000,RC2_0046_ICR-3_p08
350.124420904,355.139738629,5.015317725,Other,random,H3N_1O1,5.015316000,RC2_0046_ICR-3_p08
254.067027383,259.082346108,5.015318725,Other,random,H3N_1O1,5.015316000,RC2_0046_ICR-3_p08
296.077520173,301.092838898,5.015318725,Other,random,H3N_1O1,5.015316000,RC2_0046_ICR-3_p08
350.087977059,355.103296783,5.015319725,Other,random,H3N_1O1,5.015316000,RC2_0046_ICR-3_p08
294.025500878,299.040821603,5.015320725,Other,random,H3N_1O1,5.015316000,RC2_0046_ICR-3_p08
338.101091907,343.116412632,5.015320725,Other,random,H3N_1O1,5.015316000,RC2_0046_ICR-3_p08
509.269113806,514.284436531,5.015322725,Other,random,H3N_1O1,5.015316000,RC2_0046_ICR-3_p08
270.061965532,275.077289257,5.015323725,Other,random,H3N_1O1,5.015316000,RC2_0046_ICR-3_p08
490.098952127,495.114276851,5.015324725,Other,random,H3N_1O1,5.015316000,RC2_0046_ICR-3_p08
340.140044258,345.155369983,5.015325725,Other,random,H3N_1O1,5.015316000,RC2_0046_ICR-3_p08
487.064718998,492.151140421,5.086421423,Other,random,C4H6N1O_2P_1,5.086431000,RC2_0046_ICR-3_p08
331.058887781,336.145318204,5.086430423,Other,random,C4H6N1O_2P_1,5.086431000,RC2_0046_ICR-3_p08
515.096002088,520.182433511,5.086431423,Other,random,C4H6N1O_2P_1,5.086431000,RC2_0046_ICR-3_p08
455.168554303,460.254990726,5.086436423,Other,random,C4H6N1O_2P_1,5.086431000,RC2_0046_ICR-3_p08
239.128947751,245.103118408,5.974170657,Other,random,C_2H_2O2,5.974180000,RC2_0046_ICR-3_p08
417.113388734,423.087559391,5.974170657,Other,random,C_2H_2O2,5.974180000,RC2_0046_ICR-3_p08
321.183680672,327.157851329,5.974170657,Other,random,C_2H_2O2,5.974180000,RC2_0046_ICR-3_p08
373.105781416,379.079953073,5.974171657,Other,random,C_2H_2O2,5.974180000,RC2_0046_ICR-3_p08
247.061230102,253.035401759,5.974171657,Other,random,C_2H_2O2,5.974180000,RC2_0046_ICR-3_p08
249.113295397,255.087467054,5.974171657,Other,random,C_2H_2O2,5.974180000,RC2_0046_ICR-3_p08
269.103117600,275.077289257,5.974171657,Other,random,C_2H_2O2,5.974180000,RC2_0046_ICR-3_p08
301.084797932,307.058969589,5.974171657,Other,random,C_2H_2O2,5.974180000,RC2_0046_ICR-3_p08
397.069409762,403.043582419,5.974172657,Other,random,C_2H_2O2,5.974180000,RC2_0046_ICR-3_p08
533.166243433,539.140416091,5.974172657,Other,random,C_2H_2O2,5.974180000,RC2_0046_ICR-3_p08
329.102931078,335.077103735,5.974172657,Other,random,C_2H_2O2,5.974180000,RC2_0046_ICR-3_p08
353.079638368,359.053811025,5.974172657,Other,random,C_2H_2O2,5.974180000,RC2_0046_ICR-3_p08
361.092668376,367.066841034,5.974172657,Other,random,C_2H_2O2,5.974180000,RC2_0046_ICR-3_p08
445.186636646,451.160809304,5.974172657,Other,random,C_2H_2O2,5.974180000,RC2_0046_ICR-3_p08
545.202814374,551.176987031,5.974172657,Other,random,C_2H_2O2,5.974180000,RC2_0046_ICR-3_p08
233.081975403,239.056148060,5.974172657,Other,random,C_2H_2O2,5.974180000,RC2_0046_ICR-3_p08
373.178584107,379.152756765,5.974172657,Other,random,C_2H_2O2,5.974180000,RC2_0046_ICR-3_p08
559.218397919,565.192570576,5.974172657,Other,random,C_2H_2O2,5.974180000,RC2_0046_ICR-3_p08
350.087977059,356.062150716,5.974173657,Other,random,C_2H_2O2,5.974180000,RC2_0046_ICR-3_p08
417.168303501,423.142477159,5.974173657,Other,random,C_2H_2O2,5.974180000,RC2_0046_ICR-3_p08
463.210085190,469.184258847,5.974173657,Other,random,C_2H_2O2,5.974180000,RC2_0046_ICR-3_p08
499.173960630,505.148134287,5.974173657,Other,random,C_2H_2O2,5.974180000,RC2_0046_ICR-3_p08
227.092600810,233.066774467,5.974173657,Other,random,C_2H_2O2,5.974180000,RC2_0046_ICR-3_p08
239.165338597,245.139512254,5.974173657,Other,random,C_2H_2O2,5.974180000,RC2_0046_ICR-3_p08
283.082288299,289.056461957,5.974173657,Other,random,C_2H_2O2,5.974180000,RC2_0046_ICR-3_p08
299.149973140,305.124146797,5.974173657,Other,random,C_2H_2O2,5.974180000,RC2_0046_ICR-3_p08
395.134553969,401.108727627,5.974173657,Other,random,C_2H_2O2,5.974180000,RC2_0046_ICR-3_p08
499.210270476,505.184444133,5.974173657,Other,random,C_2H_2O2,5.974180000,RC2_0046_ICR-3_p08
577.229035517,583.203209175,5.974173657,Other,random,C_2H_2O2,5.974180000,RC2_0046_ICR-3_p08
349.178634916,355.152809573,5.974174657,Other,random,C_2H_2O2,5.974180000,RC2_0046_ICR-3_p08
363.175521541,369.149696198,5.974174657,Other,random,C_2H_2O2,5.974180000,RC2_0046_ICR-3_p08
417.118955711,423.093130368,5.974174657,Other,random,C_2H_2O2,5.974180000,RC2_0046_ICR-3_p08
419.170937006,425.145111663,5.974174657,Other,random,C_2H_2O2,5.974180000,RC2_0046_ICR-3_p08
449.217818546,455.191993203,5.974174657,Other,random,C_2H_2O2,5.974180000,RC2_0046_ICR-3_p08
454.143238652,460.117413309,5.974174657,Other,random,C_2H_2O2,5.974180000,RC2_0046_ICR-3_p08
543.200283869,549.174458526,5.974174657,Other,random,C_2H_2O2,5.974180000,RC2_0046_ICR-3_p08
663.265885546,669.240060203,5.974174657,Other,random,C_2H_2O2,5.974180000,RC2_0046_ICR-3_p08
249.149643243,255.123817900,5.974174657,Other,random,C_2H_2O2,5.974180000,RC2_0046_ICR-3_p08
341.152334964,347.126509621,5.974174657,Other,random,C_2H_2O2,5.974180000,RC2_0046_ICR-3_p08
331.095193627,337.069369284,5.974175657,Other,random,C_2H_2O2,5.974180000,RC2_0046_ICR-3_p08
301.144433679,307.118609336,5.974175657,Other,random,C_2H_2O2,5.974180000,RC2_0046_ICR-3_p08
385.165540258,391.139715916,5.974175657,Other,random,C_2H_2O2,5.974180000,RC2_0046_ICR-3_p08
389.051174775,395.025350432,5.974175657,Other,random,C_2H_2O2,5.974180000,RC2_0046_ICR-3_p08
433.077380014,439.051555672,5.974175657,Other,random,C_2H_2O2,5.974180000,RC2_0046_ICR-3_p08
441.139909813,447.114085470,5.974175657,Other,random,C_2H_2O2,5.974180000,RC2_0046_ICR-3_p08
463.087943708,469.062119366,5.974175657,Other,random,C_2H_2O2,5.974180000,RC2_0046_ICR-3_p08
509.202722088,515.176897745,5.974175657,Other,random,C_2H_2O2,5.974180000,RC2_0046_ICR-3_p08
617.260446702,623.234623360,5.974176657,Other,random,C_2H_2O2,5.974180000,RC2_0046_ICR-3_p08
251.092527001,257.066703658,5.974176657,Other,random,C_2H_2O2,5.974180000,RC2_0046_ICR-3_p08
335.040815889,341.014992547,5.974176657,Other,random,C_2H_2O2,5.974180000,RC2_0046_ICR-3_p08
409.105700703,415.079877360,5.974176657,Other,random,C_2H_2O2,5.974180000,RC2_0046_ICR-3_p08
473.230952681,479.205129339,5.974176657,Other,random,C_2H_2O2,5.974180000,RC2_0046_ICR-3_p08
561.088525986,567.062702643,5.974176657,Other,random,C_2H_2O2,5.974180000,RC2_0046_ICR-3_p08
261.040534801,267.014712459,5.974177657,Other,random,C_2H_2O2,5.974180000,RC2_0046_ICR-3_p08
375.072046075,381.046223732,5.974177657,Other,random,C_2H_2O2,5.974180000,RC2_0046_ICR-3_p08
503.119415893,509.093593551,5.974177657,Other,random,C_2H_2O2,5.974180000,RC2_0046_ICR-3_p08
619.093968925,625.068146582,5.974177657,Other,random,C_2H_2O2,5.974180000,RC2_0046_ICR-3_p08
387.139235886,393.113413543,5.974177657,Other,random,C_2H_2O2,5.974180000,RC2_0046_ICR-3_p08
529.148213478,535.122392135,5.974178657,Other,random,C_2H_2O2,5.974180000,RC2_0046_ICR-3_p08
341.160435930,347.134614587,5.974178657,Other,random,C_2H_2O2,5.974180000,RC2_0046_ICR-3_p08
464.083290486,470.057469143,5.974178657,Other,random,C_2H_2O2,5.974180000,RC2_0046_ICR-3_p08
303.100446382,309.074625039,5.974178657,Other,random,C_2H_2O2,5.974180000,RC2_0046_ICR-3_p08
321.147343826,327.121522483,5.974178657,Other,random,C_2H_2O2,5.974180000,RC2_0046_ICR-3_p08
447.288073732,453.262253389,5.974179657,Other,random,C_2H_2O2,5.974180000,RC2_0046_ICR-3_p08
543.259986615,549.234166273,5.974179657,Other,random,C_2H_2O2,5.974180000,RC2_0046_ICR-3_p08
391.066942224,397.041121882,5.974179657,Other,random,C_2H_2O2,5.974180000,RC2_0046_ICR-3_p08
501.212756981,507.186936639,5.974179657,Other,random,C_2H_2O2,5.974180000,RC2_0046_ICR-3_p08
475.051546958,481.025727615,5.974180657,Other,random,C_2H_2O2,5.974180000,RC2_0046_ICR-3_p08
285.076861838,291.051042496,5.974180657,Other,random,C_2H_2O2,5.974180000,RC2_0046_ICR-3_p08
543.236646714,549.210827372,5.974180657,Other,random,C_2H_2O2,5.974180000,RC2_0046_ICR-3_p08
501.067371598,507.041553255,5.974181657,Other,random,C_2H_2O2,5.974180000,RC2_0046_ICR-3_p08
661.141135559,667.115317216,5.974181657,Other,random,C_2H_2O2,5.974180000,RC2_0046_ICR-3_p08
711.229943080,717.204124737,5.974181657,Other,random,C_2H_2O2,5.974180000,RC2_0046_ICR-3_p08
245.139512254,251.113693911,5.974181657,Other,random,C_2H_2O2,5.974180000,RC2_0046_ICR-3_p08
235.134067698,241.108249355,5.974181657,Other,random,C_2H_2O2,5.974180000,RC2_0046_ICR-3_p08
353.051312488,359.025494145,5.974181657,Other,random,C_2H_2O2,5.974180000,RC2_0046_ICR-3_p08
417.046213019,423.020394676,5.974181657,Other,random,C_2H_2O2,5.974180000,RC2_0046_ICR-3_p08
579.236732001,585.210914658,5.974182657,Other,random,C_2H_2O2,5.974180000,RC2_0046_ICR-3_p08
253.071840605,259.046023262,5.974182657,Other,random,C_2H_2O2,5.974180000,RC2_0046_ICR-3_p08
235.061279006,241.035461664,5.974182657,Other,random,C_2H_2O2,5.974180000,RC2_0046_ICR-3_p08
509.158218276,515.132400934,5.974182657,Other,random,C_2H_2O2,5.974180000,RC2_0046_ICR-3_p08
533.202712279,539.176895936,5.974183657,Other,random,C_2H_2O2,5.974180000,RC2_0046_ICR-3_p08
339.100354669,345.074538326,5.974183657,Other,random,C_2H_2O2,5.974180000,RC2_0046_ICR-3_p08
335.162930371,341.137114029,5.974183657,Other,random,C_2H_2O2,5.974180000,RC2_0046_ICR-3_p08
363.108305826,369.082489483,5.974183657,Other,random,C_2H_2O2,5.974180000,RC2_0046_ICR-3_p08
275.128888038,281.103072695,5.974184657,Other,random,C_2H_2O2,5.974180000,RC2_0046_ICR-3_p08
539.083056334,545.057240991,5.974184657,Other,random,C_2H_2O2,5.974180000,RC2_0046_ICR-3_p08
541.135031629,547.109216287,5.974184657,Other,random,C_2H_2O2,5.974180000,RC2_0046_ICR-3_p08
291.087403341,297.061587999,5.974184657,Other,random,C_2H_2O2,5.974180000,RC2_0046_ICR-3_p08
315.087331533,321.061516190,5.974184657,Other,random,C_2H_2O2,5.974180000,RC2_0046_ICR-3_p08
345.097853227,351.072037884,5.974184657,Other,random,C_2H_2O2,5.974180000,RC2_0046_ICR-3_p08
279.123766092,285.097950749,5.974184657,Other,random,C_2H_2O2,5.974180000,RC2_0046_ICR-3_p08
497.158335180,503.132519838,5.974184657,Other,random,C_2H_2O2,5.974180000,RC2_0046_ICR-3_p08
274.072153521,280.046339178,5.974185657,Other,random,C_2H_2O2,5.974180000,RC2_0046_ICR-3_p08
359.162951562,365.137137219,5.974185657,Other,random,C_2H_2O2,5.974180000,RC2_0046_ICR-3_p08
413.136928602,419.111114260,5.974185657,Other,random,C_2H_2O2,5.974180000,RC2_0046_ICR-3_p08
487.197073436,493.171259094,5.974185657,Other,random,C_2H_2O2,5.974180000,RC2_0046_ICR-3_p08
491.228417335,497.202602993,5.974185657,Other,random,C_2H_2O2,5.974180000,RC2_0046_ICR-3_p08
549.161221582,555.135407239,5.974185657,Other,random,C_2H_2O2,5.974180000,RC2_0046_ICR-3_p08
321.061516190,327.035702847,5.974186657,Other,random,C_2H_2O2,5.974180000,RC2_0046_ICR-3_p08
294.098257569,300.072444226,5.974186657,Other,random,C_2H_2O2,5.974180000,RC2_0046_ICR-3_p08
339.181183326,345.155369983,5.974186657,Other,random,C_2H_2O2,5.974180000,RC2_0046_ICR-3_p08
413.064265911,419.038452568,5.974186657,Other,random,C_2H_2O2,5.974180000,RC2_0046_ICR-3_p08
559.182001074,565.156187731,5.974186657,Other,random,C_2H_2O2,5.974180000,RC2_0046_ICR-3_p08
569.166461719,575.140648376,5.974186657,Other,random,C_2H_2O2,5.974180000,RC2_0046_ICR-3_p08
327.100344573,333.074532230,5.974187657,Other,random,C_2H_2O2,5.974180000,RC2_0046_ICR-3_p08
519.114295042,525.088482700,5.974187657,Other,random,C_2H_2O2,5.974180000,RC2_0046_ICR-3_p08
577.265327363,583.239515021,5.974187657,Other,random,C_2H_2O2,5.974180000,RC2_0046_ICR-3_p08
451.170461263,457.144648920,5.974187657,Other,random,C_2H_2O2,5.974180000,RC2_0046_ICR-3_p08
481.090531341,487.064718998,5.974187657,Other,random,C_2H_2O2,5.974180000,RC2_0046_ICR-3_p08
587.140698472,593.114886129,5.974187657,Other,random,C_2H_2O2,5.974180000,RC2_0046_ICR-3_p08
639.136087905,645.110275562,5.974187657,Other,random,C_2H_2O2,5.974180000,RC2_0046_ICR-3_p08
385.178471203,391.152659861,5.974188657,Other,random,C_2H_2O2,5.974180000,RC2_0046_ICR-3_p08
279.051061400,285.025250057,5.974188657,Other,random,C_2H_2O2,5.974180000,RC2_0046_ICR-3_p08
319.154973278,325.129161935,5.974188657,Other,random,C_2H_2O2,5.974180000,RC2_0046_ICR-3_p08
469.180899862,475.155088519,5.974188657,Other,random,C_2H_2O2,5.974180000,RC2_0046_ICR-3_p08
297.061587999,303.035776656,5.974188657,Other,random,C_2H_2O2,5.974180000,RC2_0046_ICR-3_p08
425.072427972,431.046616629,5.974188657,Other,random,C_2H_2O2,5.974180000,RC2_0046_ICR-3_p08
591.281166908,597.255355565,5.974188657,Other,random,C_2H_2O2,5.974180000,RC2_0046_ICR-3_p08
261.113287493,267.087477150,5.974189657,Other,random,C_2H_2O2,5.974180000,RC2_0046_ICR-3_p08
359.144237642,365.118427299,5.974189657,Other,random,C_2H_2O2,5.974180000,RC2_0046_ICR-3_p08
363.194225461,369.168415119,5.974189657,Other,random,C_2H_2O2,5.974180000,RC2_0046_ICR-3_p08
413.154812527,419.129002184,5.974189657,Other,random,C_2H_2O2,5.974180000,RC2_0046_ICR-3_p08
421.113886764,427.088076421,5.974189657,Other,random,C_2H_2O2,5.974180000,RC2_0046_ICR-3_p08
481.098586306,487.072775964,5.974189657,Other,random,C_2H_2O2,5.974180000,RC2_0046_ICR-3_p08
481.163287032,487.137476689,5.974189657,Other,random,C_2H_2O2,5.974180000,RC2_0046_ICR-3_p08
502.171799913,508.145989570,5.974189657,Other,random,C_2H_2O2,5.974180000,RC2_0046_ICR-3_p08
393.168270310,399.142459968,5.974189657,Other,random,C_2H_2O2,5.974180000,RC2_0046_ICR-3_p08
589.229056613,595.203246270,5.974189657,Other,random,C_2H_2O2,5.974180000,RC2_0046_ICR-3_p08
601.119982171,607.094171828,5.974189657,Other,random,C_2H_2O2,5.974180000,RC2_0046_ICR-3_p08
311.141840270,317.116029927,5.974189657,Other,random,C_2H_2O2,5.974180000,RC2_0046_ICR-3_p08
343.076587801,349.050777458,5.974189657,Other,random,C_2H_2O2,5.974180000,RC2_0046_ICR-3_p08
380.092698777,386.080783376,5.988084598,Other,random,H_4N3O_2,5.988092000,RC2_0046_ICR-3_p08
603.158002526,609.146093124,5.988090598,Other,random,H_4N3O_2,5.988092000,RC2_0046_ICR-3_p08
359.162951562,365.152377155,5.989425593,Other,random,C2H_2O_1,5.989435000,RC2_0046_ICR-3_p08
439.210246998,445.199672591,5.989425593,Other,random,C2H_2O_1,5.989435000,RC2_0046_ICR-3_p08
459.114232565,465.103658158,5.989425593,Other,random,C2H_2O_1,5.989435000,RC2_0046_ICR-3_p08
595.203246270,601.192671863,5.989425593,Other,random,C2H_2O_1,5.989435000,RC2_0046_ICR-3_p08
649.177736308,655.167161901,5.989425593,Other,random,C2H_2O_1,5.989435000,RC2_0046_ICR-3_p08
319.139735342,325.129161935,5.989426593,Other,random,C2H_2O_1,5.989435000,RC2_0046_ICR-3_p08
429.067344025,435.056770618,5.989426593,Other,random,C2H_2O_1,5.989435000,RC2_0046_ICR-3_p08
487.072775964,493.062202556,5.989426593,Other,random,C2H_2O_1,5.989435000,RC2_0046_ICR-3_p08
503.132519838,509.121946430,5.989426593,Other,random,C2H_2O_1,5.989435000,RC2_0046_ICR-3_p08
705.167461797,711.156888390,5.989426593,Other,random,C2H_2O_1,5.989435000,RC2_0046_ICR-3_p08
539.213387781,545.202814374,5.989426593,Other,random,C2H_2O_1,5.989435000,RC2_0046_ICR-3_p08
295.045910549,301.035337142,5.989426593,Other,random,C2H_2O_1,5.989435000,RC2_0046_ICR-3_p08
439.088043517,445.077470109,5.989426593,Other,random,C2H_2O_1,5.989435000,RC2_0046_ICR-3_p08
599.161710478,605.151138071,5.989427593,Other,random,C2H_2O_1,5.989435000,RC2_0046_ICR-3_p08
389.035922840,395.025350432,5.989427593,Other,random,C2H_2O_1,5.989435000,RC2_0046_ICR-3_p08
469.062119366,475.051546958,5.989427593,Other,random,C2H_2O_1,5.989435000,RC2_0046_ICR-3_p08
557.143136722,563.132564315,5.989427593,Other,random,C2H_2O_1,5.989435000,RC2_0046_ICR-3_p08
459.041531873,465.030959466,5.989427593,Other,random,C2H_2O_1,5.989435000,RC2_0046_ICR-3_p08
379.152756765,385.142185357,5.989428593,Other,random,C2H_2O_1,5.989435000,RC2_0046_ICR-3_p08
567.171945180,573.161373772,5.989428593,Other,random,C2H_2O_1,5.989435000,RC2_0046_ICR-3_p08
273.170756344,279.160184937,5.989428593,Other,random,C2H_2O_1,5.989435000,RC2_0046_ICR-3_p08
565.242115366,571.231543959,5.989428593,Other,random,C2H_2O_1,5.989435000,RC2_0046_ICR-3_p08
555.099096393,561.088525986,5.989429593,Other,random,C2H_2O_1,5.989435000,RC2_0046_ICR-3_p08
243.160213650,249.149643243,5.989429593,Other,random,C2H_2O_1,5.989435000,RC2_0046_ICR-3_p08
295.082307395,301.071736987,5.989429593,Other,random,C2H_2O_1,5.989435000,RC2_0046_ICR-3_p08
463.137506498,469.126936091,5.989429593,Other,random,C2H_2O_1,5.989435000,RC2_0046_ICR-3_p08
353.051312488,359.040742081,5.989429593,Other,random,C2H_2O_1,5.989435000,RC2_0046_ICR-3_p08
545.179553472,551.168983065,5.989429593,Other,random,C2H_2O_1,5.989435000,RC2_0046_ICR-3_p08
679.261195693,685.250625285,5.989429593,Other,random,C2H_2O_1,5.989435000,RC2_0046_ICR-3_p08
287.040813507,293.030243100,5.989429593,Other,random,C2H_2O_1,5.989435000,RC2_0046_ICR-3_p08
361.041140595,367.030570187,5.989429593,Other,random,C2H_2O_1,5.989435000,RC2_0046_ICR-3_p08
395.171020815,401.160450407,5.989429593,Other,random,C2H_2O_1,5.989435000,RC2_0046_ICR-3_p08
467.119256607,473.108686200,5.989429593,Other,random,C2H_2O_1,5.989435000,RC2_0046_ICR-3_p08
469.184258847,475.173688440,5.989429593,Other,random,C2H_2O_1,5.989435000,RC2_0046_ICR-3_p08
231.087516863,237.076947456,5.989430593,Other,random,C2H_2O_1,5.989435000,RC2_0046_ICR-3_p08
315.072085597,321.061516190,5.989430593,Other,random,C2H_2O_1,5.989435000,RC2_0046_ICR-3_p08
493.135048247,499.124478840,5.989430593,Other,random,C2H_2O_1,5.989435000,RC2_0046_ICR-3_p08
505.165637213,511.155067806,5.989430593,Other,random,C2H_2O_1,5.989435000,RC2_0046_ICR-3_p08
283.009498608,288.998929201,5.989430593,Other,random,C2H_2O_1,5.989435000,RC2_0046_ICR-3_p08
233.045607557,239.035039150,5.989431593,Other,random,C2H_2O_1,5.989435000,RC2_0046_ICR-3_p08
333.118975042,339.108406634,5.989431593,Other,random,C2H_2O_1,5.989435000,RC2_0046_ICR-3_p08
419.155680071,425.145111663,5.989431593,Other,random,C2H_2O_1,5.989435000,RC2_0046_ICR-3_p08
491.155723644,497.145155236,5.989431593,Other,random,C2H_2O_1,5.989435000,RC2_0046_ICR-3_p08
273.061628807,279.051061400,5.989432593,Other,random,C2H_2O_1,5.989435000,RC2_0046_ICR-3_p08
243.123862805,249.113295397,5.989432593,Other,random,C2H_2O_1,5.989435000,RC2_0046_ICR-3_p08
447.106093504,453.095526097,5.989432593,Other,random,C2H_2O_1,5.989435000,RC2_0046_ICR-3_p08
511.072924154,517.062356747,5.989432593,Other,random,C2H_2O_1,5.989435000,RC2_0046_ICR-3_p08
515.278014316,521.267446909,5.989432593,Other,random,C2H_2O_1,5.989435000,RC2_0046_ICR-3_p08
522.125382269,528.114814862,5.989432593,Other,random,C2H_2O_1,5.989435000,RC2_0046_ICR-3_p08
343.066959842,349.056393435,5.989433593,Other,random,C2H_2O_1,5.989435000,RC2_0046_ICR-3_p08
519.244417490,525.233851083,5.989433593,Other,random,C2H_2O_1,5.989435000,RC2_0046_ICR-3_p08
311.126596334,317.116029927,5.989433593,Other,random,C2H_2O_1,5.989435000,RC2_0046_ICR-3_p08
351.121387675,357.110821267,5.989433593,Other,random,C2H_2O_1,5.989435000,RC2_0046_ICR-3_p08
409.077438823,415.066872416,5.989433593,Other,random,C2H_2O_1,5.989435000,RC2_0046_ICR-3_p08
445.098445020,451.087878613,5.989433593,Other,random,C2H_2O_1,5.989435000,RC2_0046_ICR-3_p08
445.171375711,451.160809304,5.989433593,Other,random,C2H_2O_1,5.989435000,RC2_0046_ICR-3_p08
247.118758858,253.108192451,5.989433593,Other,random,C2H_2O_1,5.989435000,RC2_0046_ICR-3_p08
251.113693911,257.103127504,5.989433593,Other,random,C2H_2O_1,5.989435000,RC2_0046_ICR-3_p08
425.175974532,431.165408125,5.989433593,Other,random,C2H_2O_1,5.989435000,RC2_0046_ICR-3_p08
453.262253389,459.251686982,5.989433593,Other,random,C2H_2O_1,5.989435000,RC2_0046_ICR-3_p08
495.077938005,501.067371598,5.989433593,Other,random,C2H_2O_1,5.989435000,RC2_0046_ICR-3_p08
451.137461403,457.126895995,5.989434593,Other,random,C2H_2O_1,5.989435000,RC2_0046_ICR-3_p08
453.067303216,459.056737809,5.989434593,Other,random,C2H_2O_1,5.989435000,RC2_0046_ICR-3_p08
446.101826764,452.091261357,5.989434593,Other,random,C2H_2O_1,5.989435000,RC2_0046_ICR-3_p08
286.093204527,292.082640120,5.989435593,Other,random,C2H_2O_1,5.989435000,RC2_0046_ICR-3_p08
303.181261039,309.170696631,5.989435593,Other,random,C2H_2O_1,5.989435000,RC2_0046_ICR-3_p08
357.118870233,363.108305826,5.989435593,Other,random,C2H_2O_1,5.989435000,RC2_0046_ICR-3_p08
468.122594351,474.112029944,5.989435593,Other,random,C2H_2O_1,5.989435000,RC2_0046_ICR-3_p08
276.108913881,282.098350473,5.989436593,Other,random,C2H_2O_1,5.989435000,RC2_0046_ICR-3_p08
561.052241140,567.041677732,5.989436593,Other,random,C2H_2O_1,5.989435000,RC2_0046_ICR-3_p08
681.276675143,687.266111736,5.989436593,Other,random,C2H_2O_1,5.989435000,RC2_0046_ICR-3_p08
379.170528689,385.159965282,5.989436593,Other,random,C2H_2O_1,5.989435000,RC2_0046_ICR-3_p08
571.275889771,577.265327363,5.989437593,Other,random,C2H_2O_1,5.989435000,RC2_0046_ICR-3_p08
491.104120863,497.093558455,5.989437593,Other,random,C2H_2O_1,5.989435000,RC2_0046_ICR-3_p08
421.113886764,427.103325356,5.989438593,Other,random,C2H_2O_1,5.989435000,RC2_0046_ICR-3_p08
427.173820057,433.163258650,5.989438593,Other,random,C2H_2O_1,5.989435000,RC2_0046_ICR-3_p08
533.093617741,539.083056334,5.989438593,Other,random,C2H_2O_1,5.989435000,RC2_0046_ICR-3_p08
541.046988003,547.036426596,5.989438593,Other,random,C2H_2O_1,5.989435000,RC2_0046_ICR-3_p08
259.082346108,265.071784701,5.989438593,Other,random,C2H_2O_1,5.989435000,RC2_0046_ICR-3_p08
427.124406267,433.113845860,5.989439593,Other,random,C2H_2O_1,5.989435000,RC2_0046_ICR-3_p08
479.155765548,485.145205141,5.989439593,Other,random,C2H_2O_1,5.989435000,RC2_0046_ICR-3_p08
285.061602903,291.051042496,5.989439593,Other,random,C2H_2O_1,5.989435000,RC2_0046_ICR-3_p08
347.090198775,353.079638368,5.989439593,Other,random,C2H_2O_1,5.989435000,RC2_0046_ICR-3_p08
347.207435278,353.196874871,5.989439593,Other,random,C2H_2O_1,5.989435000,RC2_0046_ICR-3_p08
292.103708030,298.093147623,5.989439593,Other,random,C2H_2O_1,5.989435000,RC2_0046_ICR-3_p08
409.144710538,415.134151130,5.989440593,Other,random,C2H_2O_1,5.989435000,RC2_0046_ICR-3_p08
481.207632844,487.197073436,5.989440593,Other,random,C2H_2O_1,5.989435000,RC2_0046_ICR-3_p08
547.158841076,553.148281669,5.989440593,Other,random,C2H_2O_1,5.989435000,RC2_0046_ICR-3_p08
259.118784953,265.108226546,5.989441593,Other,random,C2H_2O_1,5.989435000,RC2_0046_ICR-3_p08
461.129815015,467.119256607,5.989441593,Other,random,C2H_2O_1,5.989435000,RC2_0046_ICR-3_p08
496.073170784,502.062612376,5.989441593,Other,random,C2H_2O_1,5.989435000,RC2_0046_ICR-3_p08
301.056416052,307.045857645,5.989441593,Other,random,C2H_2O_1,5.989435000,RC2_0046_ICR-3_p08
447.150534315,453.139975908,5.989441593,Other,random,C2H_2O_1,5.989435000,RC2_0046_ICR-3_p08
469.220739693,475.210181285,5.989441593,Other,random,C2H_2O_1,5.989435000,RC2_0046_ICR-3_p08
591.099303679,597.088745272,5.989441593,Other,random,C2H_2O_1,5.989435000,RC2_0046_ICR-3_p08
407.061756374,413.051198966,5.989442593,Other,random,C2H_2O_1,5.989435000,RC2_0046_ICR-3_p08
421.199805399,427.189247992,5.989442593,Other,random,C2H_2O_1,5.989435000,RC2_0046_ICR-3_p08
323.113488485,329.102931078,5.989442593,Other,random,C2H_2O_1,5.989435000,RC2_0046_ICR-3_p08
399.056783331,405.046226924,5.989443593,Other,random,C2H_2O_1,5.989435000,RC2_0046_ICR-3_p08
271.082314204,277.071757796,5.989443593,Other,random,C2H_2O_1,5.989435000,RC2_0046_ICR-3_p08
294.083000634,300.072444226,5.989443593,Other,random,C2H_2O_1,5.989435000,RC2_0046_ICR-3_p08
309.025120249,315.014563841,5.989443593,Other,random,C2H_2O_1,5.989435000,RC2_0046_ICR-3_p08
261.061632712,267.051077304,5.989444593,Other,random,C2H_2O_1,5.989435000,RC2_0046_ICR-3_p08
353.124102179,359.113546772,5.989444593,Other,random,C2H_2O_1,5.989435000,RC2_0046_ICR-3_p08
377.064367624,383.053812216,5.989444593,Other,random,C2H_2O_1,5.989435000,RC2_0046_ICR-3_p08
388.052124013,394.041568606,5.989444593,Other,random,C2H_2O_1,5.989435000,RC2_0046_ICR-3_p08
407.098242219,413.087686811,5.989444593,Other,random,C2H_2O_1,5.989435000,RC2_0046_ICR-3_p08
407.184092855,413.173537447,5.989444593,Other,random,C2H_2O_1,5.989435000,RC2_0046_ICR-3_p08
461.121770049,467.111214641,5.989444593,Other,random,C2H_2O_1,5.989435000,RC2_0046_ICR-3_p08
531.281086430,537.270531023,5.989444593,Other,random,C2H_2O_1,5.989435000,RC2_0046_ICR-3_p08
331.095193627,337.105749130,6.010555503,Other,random,C_1H2O,6.010565000,RC2_0046_ICR-3_p08
386.051592500,392.062148003,6.010555503,Other,random,C_1H2O,6.010565000,RC2_0046_ICR-3_p08
428.062129289,434.072684792,6.010555503,Other,random,C_1H2O,6.010565000,RC2_0046_ICR-3_p08
275.019730501,281.030286004,6.010555503,Other,random,C_1H2O,6.010565000,RC2_0046_ICR-3_p08
461.121770049,467.132325552,6.010555503,Other,random,C_1H2O,6.010565000,RC2_0046_ICR-3_p08
535.036432500,541.046988003,6.010555503,Other,random,C_1H2O,6.010565000,RC2_0046_ICR-3_p08
315.014563841,321.025120344,6.010556503,Other,random,C_1H2O,6.010565000,RC2_0046_ICR-3_p08
479.119272703,485.129829206,6.010556503,Other,random,C_1H2O,6.010565000,RC2_0046_ICR-3_p08
332.090535404,338.101091907,6.010556503,Other,random,C_1H2O,6.010565000,RC2_0046_ICR-3_p08
379.175978666,385.186535169,6.010556503,Other,random,C_1H2O,6.010565000,RC2_0046_ICR-3_p08
525.124930545,531.135487048,6.010556503,Other,random,C_1H2O,6.010565000,RC2_0046_ICR-3_p08
557.166361624,563.176918127,6.010556503,Other,random,C_1H2O,6.010565000,RC2_0046_ICR-3_p08
367.176132570,373.186690073,6.010557503,Other,random,C_1H2O,6.010565000,RC2_0046_ICR-3_p08
441.249208349,447.259765852,6.010557503,Other,random,C_1H2O,6.010565000,RC2_0046_ICR-3_p08
479.155765548,485.166323051,6.010557503,Other,random,C_1H2O,6.010565000,RC2_0046_ICR-3_p08
391.152659861,397.163217364,6.010557503,Other,random,C_1H2O,6.010565000,RC2_0046_ICR-3_p08
549.124849736,555.135407239,6.010557503,Other,random,C_1H2O,6.010565000,RC2_0046_ICR-3_p08
471.093033750,477.103592253,6.010558503,Other,random,C_1H2O,6.010565000,RC2_0046_ICR-3_p08
483.215310327,489.225868830,6.010558503,Other,random,C_1H2O,6.010565000,RC2_0046_ICR-3_p08
249.004150860,255.014709363,6.010558503,Other,random,C_1H2O,6.010565000,RC2_0046_ICR-3_p08
331.045749836,337.056308339,6.010558503,Other,random,C_1H2O,6.010565000,RC2_0046_ICR-3_p08
401.082095740,407.092654243,6.010558503,Other,random,C_1H2O,6.010565000,RC2_0046_ICR-3_p08
443.061682660,449.072241163,6.010558503,Other,random,C_1H2O,6.010565000,RC2_0046_ICR-3_p08
545.166428528,551.176987031,6.010558503,Other,random,C_1H2O,6.010565000,RC2_0046_ICR-3_p08
565.184571610,571.195130113,6.010558503,Other,random,C_1H2O,6.010565000,RC2_0046_ICR-3_p08
311.141840270,317.152398773,6.010558503,Other,random,C_1H2O,6.010565000,RC2_0046_ICR-3_p08
463.124446553,469.135005056,6.010558503,Other,random,C_1H2O,6.010565000,RC2_0046_ICR-3_p08
388.103666795,394.114226298,6.010559503,Other,random,C_1H2O,6.010565000,RC2_0046_ICR-3_p08
317.043276236,323.053835738,6.010559503,Other,random,C_1H2O,6.010565000,RC2_0046_ICR-3_p08
487.246737226,493.257296729,6.010559503,Other,random,C_1H2O,6.010565000,RC2_0046_ICR-3_p08
499.124478840,505.135038343,6.010559503,Other,random,C_1H2O,6.010565000,RC2_0046_ICR-3_p08
521.129966492,527.140525995,6.010559503,Other,random,C_1H2O,6.010565000,RC2_0046_ICR-3_p08
539.205288816,545.215848318,6.010559503,Other,random,C_1H2O,6.010565000,RC2_0046_ICR-3_p08
343.095198722,349.105758225,6.010559503,Other,random,C_1H2O,6.010565000,RC2_0046_ICR-3_p08
353.051312488,359.061871991,6.010559503,Other,random,C_1H2O,6.010565000,RC2_0046_ICR-3_p08
412.116557931,418.127117434,6.010559503,Other,random,C_1H2O,6.010565000,RC2_0046_ICR-3_p08
419.134552160,425.145111663,6.010559503,Other,random,C_1H2O,6.010565000,RC2_0046_ICR-3_p08
451.233505995,457.244065498,6.010559503,Other,random,C_1H2O,6.010565000,RC2_0046_ICR-3_p08
457.108281074,463.118840577,6.010559503,Other,random,C_1H2O,6.010565000,RC2_0046_ICR-3_p08
597.247071600,603.257631103,6.010559503,Other,random,C_1H2O,6.010565000,RC2_0046_ICR-3_p08
288.998929201,295.009489704,6.010560503,Other,random,C_1H2O,6.010565000,RC2_0046_ICR-3_p08
393.168270310,399.178830813,6.010560503,Other,random,C_1H2O,6.010565000,RC2_0046_ICR-3_p08
426.095716631,432.106277134,6.010560503,Other,random,C_1H2O,6.010565000,RC2_0046_ICR-3_p08
627.208498502,633.219059005,6.010560503,Other,random,C_1H2O,6.010565000,RC2_0046_ICR-3_p08
397.178456299,403.189017802,6.010561503,Other,random,C_1H2O,6.010565000,RC2_0046_ICR-3_p08
455.220515082,461.231076585,6.010561503,Other,random,C_1H2O,6.010565000,RC2_0046_ICR-3_p08
568.167375957,574.177937460,6.010561503,Other,random,C_1H2O,6.010565000,RC2_0046_ICR-3_p08
611.213374354,617.223935857,6.010561503,Other,random,C_1H2O,6.010565000,RC2_0046_ICR-3_p08
239.056148060,245.066709563,6.010561503,Other,random,C_1H2O,6.010565000,RC2_0046_ICR-3_p08
466.106922902,472.117484405,6.010561503,Other,random,C_1H2O,6.010565000,RC2_0046_ICR-3_p08
569.179450664,575.190012167,6.010561503,Other,random,C_1H2O,6.010565000,RC2_0046_ICR-3_p08
303.087286437,309.097848940,6.010562503,Other,random,C_1H2O,6.010565000,RC2_0046_ICR-3_p08
343.118588623,349.129151126,6.010562503,Other,random,C_1H2O,6.010565000,RC2_0046_ICR-3_p08
345.183700863,351.194263366,6.010562503,Other,random,C_1H2O,6.010565000,RC2_0046_ICR-3_p08
397.077311728,403.087874231,6.010562503,Other,random,C_1H2O,6.010565000,RC2_0046_ICR-3_p08
515.155850834,521.166413337,6.010562503,Other,random,C_1H2O,6.010565000,RC2_0046_ICR-3_p08
549.088533890,555.099096393,6.010562503,Other,random,C_1H2O,6.010565000,RC2_0046_ICR-3_p08
607.195273399,613.205835902,6.010562503,Other,random,C_1H2O,6.010565000,RC2_0046_ICR-3_p08
345.170591918,351.181154421,6.010562503,Other,random,C_1H2O,6.010565000,RC2_0046_ICR-3_p08
373.142194262,379.152756765,6.010562503,Other,random,C_1H2O,6.010565000,RC2_0046_ICR-3_p08
511.181879692,517.192443195,6.010563503,Other,random,C_1H2O,6.010565000,RC2_0046_ICR-3_p08
225.076953360,231.087516863,6.010563503,Other,random,C_1H2O,6.010565000,RC2_0046_ICR-3_p08
249.040480706,255.051044209,6.010563503,Other,random,C_1H2O,6.010565000,RC2_0046_ICR-3_p08
301.121166778,307.131730281,6.010563503,Other,random,C_1H2O,6.010565000,RC2_0046_ICR-3_p08
323.040714794,329.051278297,6.010563503,Other,random,C_1H2O,6.010565000,RC2_0046_ICR-3_p08
367.066841034,373.077404537,6.010563503,Other,random,C_1H2O,6.010565000,RC2_0046_ICR-3_p08
373.092637472,379.103200975,6.010563503,Other,random,C_1H2O,6.010565000,RC2_0046_ICR-3_p08
405.046226924,411.056790426,6.010563503,Other,random,C_1H2O,6.010565000,RC2_0046_ICR-3_p08
571.073052631,577.083616134,6.010563503,Other,random,C_1H2O,6.010565000,RC2_0046_ICR-3_p08
527.132518029,533.143082532,6.010564503,Other,random,C_1H2O,6.010565000,RC2_0046_ICR-3_p08
285.080243824,291.090808327,6.010564503,Other,random,C_1H2O,6.010565000,RC2_0046_ICR-3_p08
239.128947751,245.139512254,6.010564503,Other,random,C_1H2O,6.010565000,RC2_0046_ICR-3_p08
277.144604487,283.155168990,6.010564503,Other,random,C_1H2O,6.010565000,RC2_0046_ICR-3_p08
283.082288299,289.092852802,6.010564503,Other,random,C_1H2O,6.010565000,RC2_0046_ICR-3_p08
334.129479755,340.140044258,6.010564503,Other,random,C_1H2O,6.010565000,RC2_0046_ICR-3_p08
401.118440585,407.129005088,6.010564503,Other,random,C_1H2O,6.010565000,RC2_0046_ICR-3_p08
529.062147843,535.072712346,6.010564503,Other,random,C_1H2O,6.010565000,RC2_0046_ICR-3_p08
629.115011415,635.125575918,6.010564503,Other,random,C_1H2O,6.010565000,RC2_0046_ICR-3_p08
741.240436774,747.251001277,6.010564503,Other,random,C_1H2O,6.010565000,RC2_0046_ICR-3_p08
448.096436303,454.107001806,6.010565503,Other,random,C_1H2O,6.010565000,RC2_0046_ICR-3_p08
381.074433613,387.084999116,6.010565503,Other,random,C_1H2O,6.010565000,RC2_0046_ICR-3_p08
247.097626948,253.108192451,6.010565503,Other,random,C_1H2O,6.010565000,RC2_0046_ICR-3_p08
397.159894378,403.170459881,6.010565503,Other,random,C_1H2O,6.010565000,RC2_0046_ICR-3_p08
371.053802121,377.064367624,6.010565503,Other,random,C_1H2O,6.010565000,RC2_0046_ICR-3_p08
359.071536950,365.082103453,6.010566503,Other,random,C_1H2O,6.010565000,RC2_0046_ICR-3_p08
361.069290475,367.079856978,6.010566503,Other,random,C_1H2O,6.010565000,RC2_0046_ICR-3_p08
462.112027848,468.122594351,6.010566503,Other,random,C_1H2O,6.010565000,RC2_0046_ICR-3_p08
468.122594351,474.133160854,6.010566503,Other,random,C_1H2O,6.010565000,RC2_0046_ICR-3_p08
239.092551906,245.103118408,6.010566503,Other,random,C_1H2O,6.010565000,RC2_0046_ICR-3_p08
413.108696722,419.119263225,6.010566503,Other,random,C_1H2O,6.010565000,RC2_0046_ICR-3_p08
455.165356316,461.175922819,6.010566503,Other,random,C_1H2O,6.010565000,RC2_0046_ICR-3_p08
501.103698444,507.114264947,6.010566503,Other,random,C_1H2O,6.010565000,RC2_0046_ICR-3_p08
677.136289707,683.146856210,6.010566503,Other,random,C_1H2O,6.010565000,RC2_0046_ICR-3_p08
257.139447350,263.150014853,6.010567503,Other,random,C_1H2O,6.010565000,RC2_0046_ICR-3_p08
609.255561659,615.266129162,6.010567503,Other,random,C_1H2O,6.010565000,RC2_0046_ICR-3_p08
529.098645688,535.109213191,6.010567503,Other,random,C_1H2O,6.010565000,RC2_0046_ICR-3_p08
415.116292206,421.126859709,6.010567503,Other,random,C_1H2O,6.010565000,RC2_0046_ICR-3_p08
423.157945093,429.168512596,6.010567503,Other,random,C_1H2O,6.010565000,RC2_0046_ICR-3_p08
510.161888019,516.172455522,6.010567503,Other,random,C_1H2O,6.010565000,RC2_0046_ICR-3_p08
415.061279439,421.071847942,6.010568503,Other,random,C_1H2O,6.010565000,RC2_0046_ICR-3_p08
401.160450407,407.171018910,6.010568503,Other,random,C_1H2O,6.010565000,RC2_0046_ICR-3_p08
553.156285635,559.166854138,6.010568503,Other,random,C_1H2O,6.010565000,RC2_0046_ICR-3_p08
269.103117600,275.113686102,6.010568503,Other,random,C_1H2O,6.010565000,RC2_0046_ICR-3_p08
501.080463543,507.091032045,6.010568503,Other,random,C_1H2O,6.010565000,RC2_0046_ICR-3_p08
517.098707592,523.109276095,6.010568503,Other,random,C_1H2O,6.010565000,RC2_0046_ICR-3_p08
379.116250920,385.126820422,6.010569503,Other,random,C_1H2O,6.010565000,RC2_0046_ICR-3_p08
329.139349923,335.149919426,6.010569503,Other,random,C_1H2O,6.010565000,RC2_0046_ICR-3_p08
341.087629238,347.098198741,6.010569503,Other,random,C_1H2O,6.010565000,RC2_0046_ICR-3_p08
345.110818172,351.121387675,6.010569503,Other,random,C_1H2O,6.010565000,RC2_0046_ICR-3_p08
513.176541230,519.187110733,6.010569503,Other,random,C_1H2O,6.010565000,RC2_0046_ICR-3_p08
565.257149302,571.267718805,6.010569503,Other,random,C_1H2O,6.010565000,RC2_0046_ICR-3_p08
309.097848940,315.108418443,6.010569503,Other,random,C_1H2O,6.010565000,RC2_0046_ICR-3_p08
423.178972004,429.189541507,6.010569503,Other,random,C_1H2O,6.010565000,RC2_0046_ICR-3_p08
449.145106854,455.155676357,6.010569503,Other,random,C_1H2O,6.010565000,RC2_0046_ICR-3_p08
471.179039386,477.189608888,6.010569503,Other,random,C_1H2O,6.010565000,RC2_0046_ICR-3_p08
559.182001074,565.192570576,6.010569503,Other,random,C_1H2O,6.010565000,RC2_0046_ICR-3_p08
377.100588470,383.111158973,6.010570503,Other,random,C_1H2O,6.010565000,RC2_0046_ICR-3_p08
397.142169453,403.152739956,6.010570503,Other,random,C_1H2O,6.010565000,RC2_0046_ICR-3_p08
427.116393301,433.126963804,6.010570503,Other,random,C_1H2O,6.010565000,RC2_0046_ICR-3_p08
455.061816755,461.072387258,6.010570503,Other,random,C_1H2O,6.010565000,RC2_0046_ICR-3_p08
527.046731393,533.057301896,6.010570503,Other,random,C_1H2O,6.010565000,RC2_0046_ICR-3_p08
277.108173642,283.118744145,6.010570503,Other,random,C_1H2O,6.010565000,RC2_0046_ICR-3_p08
399.139248981,405.149819484,6.010570503,Other,random,C_1H2O,6.010565000,RC2_0046_ICR-3_p08
479.147709582,485.158281085,6.010571503,Other,random,C_1H2O,6.010565000,RC2_0046_ICR-3_p08
221.045627461,227.056198964,6.010571503,Other,random,C_1H2O,6.010565000,RC2_0046_ICR-3_p08
283.045890454,289.056461957,6.010571503,Other,random,C_1H2O,6.010565000,RC2_0046_ICR-3_p08
383.134591874,389.145163376,6.010571503,Other,random,C_1H2O,6.010565000,RC2_0046_ICR-3_p08
583.145808418,589.156379921,6.010571503,Other,random,C_1H2O,6.010565000,RC2_0046_ICR-3_p08
384.036035050,390.046606553,6.010571503,Other,random,C_1H2O,6.010565000,RC2_0046_ICR-3_p08
327.063959727,333.074532230,6.010572503,Other,random,C_1H2O,6.010565000,RC2_0046_ICR-3_p08
473.049133453,479.059705955,6.010572503,Other,random,C_1H2O,6.010565000,RC2_0046_ICR-3_p08
523.181835788,529.192408291,6.010572503,Other,random,C_1H2O,6.010565000,RC2_0046_ICR-3_p08
325.092731089,331.103303592,6.010572503,Other,random,C_1H2O,6.010565000,RC2_0046_ICR-3_p08
373.069380571,379.079953073,6.010572503,Other,random,C_1H2O,6.010565000,RC2_0046_ICR-3_p08
499.137561784,505.148134287,6.010572503,Other,random,C_1H2O,6.010565000,RC2_0046_ICR-3_p08
391.030549379,397.041121882,6.010572503,Other,random,C_1H2O,6.010565000,RC2_0046_ICR-3_p08
291.087403341,297.097976844,6.010573503,Other,random,C_1H2O,6.010565000,RC2_0046_ICR-3_p08
353.014920642,359.025494145,6.010573503,Other,random,C_1H2O,6.010565000,RC2_0046_ICR-3_p08
437.181389605,443.191963108,6.010573503,Other,random,C_1H2O,6.010565000,RC2_0046_ICR-3_p08
411.194189844,417.204763347,6.010573503,Other,random,C_1H2O,6.010565000,RC2_0046_ICR-3_p08
283.110559179,289.121132682,6.010573503,Other,random,C_1H2O,6.010565000,RC2_0046_ICR-3_p08
501.139932290,507.150505793,6.010573503,Other,random,C_1H2O,6.010565000,RC2_0046_ICR-3_p08
307.045857645,313.056432148,6.010574503,Other,random,C_1H2O,6.010565000,RC2_0046_ICR-3_p08
363.100395859,369.110970362,6.010574503,Other,random,C_1H2O,6.010565000,RC2_0046_ICR-3_p08
421.077501918,427.088076421,6.010574503,Other,random,C_1H2O,6.010565000,RC2_0046_ICR-3_p08
235.061279006,241.071853509,6.010574503,Other,random,C_1H2O,6.010565000,RC2_0046_ICR-3_p08
579.221452065,585.247262504,6.025810438,Other,random,C3H2O_2,6.025820000,RC2_0046_ICR-3_p08
589.205608712,595.231419150,6.025810438,Other,random,C3H2O_2,6.025820000,RC2_0046_ICR-3_p08
383.165244744,389.191055182,6.025810438,Other,random,C3H2O_2,6.025820000,RC2_0046_ICR-3_p08
471.077781815,477.103592253,6.025810438,Other,random,C3H2O_2,6.025820000,RC2_0046_ICR-3_p08
245.103118408,251.128928847,6.025810438,Other,random,C3H2O_2,6.025820000,RC2_0046_ICR-3_p08
385.163305268,391.189115706,6.025810438,Other,random,C3H2O_2,6.025820000,RC2_0046_ICR-3_p08
405.059221868,411.085032307,6.025810438,Other,random,C3H2O_2,6.025820000,RC2_0046_ICR-3_p08
425.145111663,431.170922102,6.025810438,Other,random,C3H2O_2,6.025820000,RC2_0046_ICR-3_p08
379.097644998,385.123456437,6.025811438,Other,random,C3H2O_2,6.025820000,RC2_0046_ICR-3_p08
369.046234637,375.072046075,6.025811438,Other,random,C3H2O_2,6.025820000,RC2_0046_ICR-3_p08
545.223786285,551.249597723,6.025811438,Other,random,C3H2O_2,6.025820000,RC2_0046_ICR-3_p08
489.052126567,495.077938005,6.025811438,Other,random,C3H2O_2,6.025820000,RC2_0046_ICR-3_p08
561.247239313,567.273050751,6.025811438,Other,random,C3H2O_2,6.025820000,RC2_0046_ICR-3_p08
651.084406220,657.110217658,6.025811438,Other,random,C3H2O_2,6.025820000,RC2_0046_ICR-3_p08
363.157831616,369.183644054,6.025812438,Other,random,C3H2O_2,6.025820000,RC2_0046_ICR-3_p08
375.121347866,381.147160304,6.025812438,Other,random,C3H2O_2,6.025820000,RC2_0046_ICR-3_p08
627.084381029,633.110193467,6.025812438,Other,random,C3H2O_2,6.025820000,RC2_0046_ICR-3_p08
447.186907161,453.212719599,6.025812438,Other,random,C3H2O_2,6.025820000,RC2_0046_ICR-3_p08
421.090579863,427.116393301,6.025813438,Other,random,C3H2O_2,6.025820000,RC2_0046_ICR-3_p08
495.186943543,501.212756981,6.025813438,Other,random,C3H2O_2,6.025820000,RC2_0046_ICR-3_p08
557.114567844,563.140381282,6.025813438,Other,random,C3H2O_2,6.025820000,RC2_0046_ICR-3_p08
315.108418443,321.134232882,6.025814438,Other,random,C3H2O_2,6.025820000,RC2_0046_ICR-3_p08
381.149691294,387.175505732,6.025814438,Other,random,C3H2O_2,6.025820000,RC2_0046_ICR-3_p08
229.108253259,235.134067698,6.025814438,Other,random,C3H2O_2,6.025820000,RC2_0046_ICR-3_p08
321.155478791,327.181293230,6.025814438,Other,random,C3H2O_2,6.025820000,RC2_0046_ICR-3_p08
331.066992746,337.092807185,6.025814438,Other,random,C3H2O_2,6.025820000,RC2_0046_ICR-3_p08
365.082103453,371.107917891,6.025814438,Other,random,C3H2O_2,6.025820000,RC2_0046_ICR-3_p08
503.140495804,509.166310242,6.025814438,Other,random,C3H2O_2,6.025820000,RC2_0046_ICR-3_p08
261.097959558,267.123774996,6.025815438,Other,random,C3H2O_2,6.025820000,RC2_0046_ICR-3_p08
489.088461413,495.114276851,6.025815438,Other,random,C3H2O_2,6.025820000,RC2_0046_ICR-3_p08
353.137136124,359.162951562,6.025815438,Other,random,C3H2O_2,6.025820000,RC2_0046_ICR-3_p08
453.176467753,459.202283191,6.025815438,Other,random,C3H2O_2,6.025820000,RC2_0046_ICR-3_p08
381.076867602,387.102684041,6.025816438,Other,random,C3H2O_2,6.025820000,RC2_0046_ICR-3_p08
479.095911802,485.121728240,6.025816438,Other,random,C3H2O_2,6.025820000,RC2_0046_ICR-3_p08
485.215784841,491.241601279,6.025816438,Other,random,C3H2O_2,6.025820000,RC2_0046_ICR-3_p08
245.066709563,251.092527001,6.025817438,Other,random,C3H2O_2,6.025820000,RC2_0046_ICR-3_p08
325.129161935,331.154979373,6.025817438,Other,random,C3H2O_2,6.025820000,RC2_0046_ICR-3_p08
367.103365879,373.129183317,6.025817438,Other,random,C3H2O_2,6.025820000,RC2_0046_ICR-3_p08
275.113686102,281.139504541,6.025818438,Other,random,C3H2O_2,6.025820000,RC2_0046_ICR-3_p08
529.119881598,535.145700036,6.025818438,Other,random,C3H2O_2,6.025820000,RC2_0046_ICR-3_p08
535.109213191,541.135031629,6.025818438,Other,random,C3H2O_2,6.025820000,RC2_0046_ICR-3_p08
537.247062122,543.272880561,6.025818438,Other,random,C3H2O_2,6.025820000,RC2_0046_ICR-3_p08
599.161710478,605.187528916,6.025818438,Other,random,C3H2O_2,6.025820000,RC2_0046_ICR-3_p08
397.150171419,403.175990857,6.025819438,Other,random,C3H2O_2,6.025820000,RC2_0046_ICR-3_p08
339.072033789,345.097853227,6.025819438,Other,random,C3H2O_2,6.025820000,RC2_0046_ICR-3_p08
355.030544092,361.056363530,6.025819438,Other,random,C3H2O_2,6.025820000,RC2_0046_ICR-3_p08
403.152739956,409.178559394,6.025819438,Other,random,C3H2O_2,6.025820000,RC2_0046_ICR-3_p08
411.178943908,417.204763347,6.025819438,Other,random,C3H2O_2,6.025820000,RC2_0046_ICR-3_p08
355.116234729,361.142055167,6.025820438,Other,random,C3H2O_2,6.025820000,RC2_0046_ICR-3_p08
255.051044209,261.076864647,6.025820438,Other,random,C3H2O_2,6.025820000,RC2_0046_ICR-3_p08
255.087467054,261.113287493,6.025820438,Other,random,C3H2O_2,6.025820000,RC2_0046_ICR-3_p08
257.103127504,263.128947942,6.025820438,Other,random,C3H2O_2,6.025820000,RC2_0046_ICR-3_p08
445.144640824,451.170461263,6.025820438,Other,random,C3H2O_2,6.025820000,RC2_0046_ICR-3_p08
479.205129339,485.230949777,6.025820438,Other,random,C3H2O_2,6.025820000,RC2_0046_ICR-3_p08
510.088613330,516.114433768,6.025820438,Other,random,C3H2O_2,6.025820000,RC2_0046_ICR-3_p08
513.052060759,519.077881197,6.025820438,Other,random,C3H2O_2,6.025820000,RC2_0046_ICR-3_p08
353.014920642,359.040742081,6.025821438,Other,random,C3H2O_2,6.025820000,RC2_0046_ICR-3_p08
367.116372823,373.142194262,6.025821438,Other,random,C3H2O_2,6.025820000,RC2_0046_ICR-3_p08
303.144874193,309.170696631,6.025822438,Other,random,C3H2O_2,6.025820000,RC2_0046_ICR-3_p08
229.035456568,235.061279006,6.025822438,Other,random,C3H2O_2,6.025820000,RC2_0046_ICR-3_p08
471.114181661,477.140004099,6.025822438,Other,random,C3H2O_2,6.025820000,RC2_0046_ICR-3_p08
473.093450265,479.119272703,6.025822438,Other,random,C3H2O_2,6.025820000,RC2_0046_ICR-3_p08
333.074532230,339.100354669,6.025822438,Other,random,C3H2O_2,6.025820000,RC2_0046_ICR-3_p08
301.020034207,307.045857645,6.025823438,Other,random,C3H2O_2,6.025820000,RC2_0046_ICR-3_p08
545.143159627,551.168983065,6.025823438,Other,random,C3H2O_2,6.025820000,RC2_0046_ICR-3_p08
381.131987369,387.157810807,6.025823438,Other,random,C3H2O_2,6.025820000,RC2_0046_ICR-3_p08
421.077501918,427.103325356,6.025823438,Other,random,C3H2O_2,6.025820000,RC2_0046_ICR-3_p08
627.193235567,633.219059005,6.025823438,Other,random,C3H2O_2,6.025820000,RC2_0046_ICR-3_p08
425.072427972,431.098252410,6.025824438,Other,random,C3H2O_2,6.025820000,RC2_0046_ICR-3_p08
375.048609175,381.074433613,6.025824438,Other,random,C3H2O_2,6.025820000,RC2_0046_ICR-3_p08
255.014709363,261.040534801,6.025825438,Other,random,C3H2O_2,6.025820000,RC2_0046_ICR-3_p08
267.014712459,273.040537897,6.025825438,Other,random,C3H2O_2,6.025820000,RC2_0046_ICR-3_p08
269.066630754,275.092456193,6.025825438,Other,random,C3H2O_2,6.025820000,RC2_0046_ICR-3_p08
309.061506094,315.087331533,6.025825438,Other,random,C3H2O_2,6.025820000,RC2_0046_ICR-3_p08
323.004408948,329.030234386,6.025825438,Other,random,C3H2O_2,6.025820000,RC2_0046_ICR-3_p08
329.051278297,335.077103735,6.025825438,Other,random,C3H2O_2,6.025820000,RC2_0046_ICR-3_p08
467.046583916,473.072409354,6.025825438,Other,random,C3H2O_2,6.025820000,RC2_0046_ICR-3_p08
483.186977447,489.212802886,6.025825438,Other,random,C3H2O_2,6.025820000,RC2_0046_ICR-3_p08
329.124093988,335.149919426,6.025825438,Other,random,C3H2O_2,6.025820000,RC2_0046_ICR-3_p08
423.056822522,429.082647960,6.025825438,Other,random,C3H2O_2,6.025820000,RC2_0046_ICR-3_p08
495.041546160,501.067371598,6.025825438,Other,random,C3H2O_2,6.025820000,RC2_0046_ICR-3_p08
347.126509621,353.152336059,6.025826438,Other,random,C3H2O_2,6.025820000,RC2_0046_ICR-3_p08
596.134306320,602.160132759,6.025826438,Other,random,C3H2O_2,6.025820000,RC2_0046_ICR-3_p08
369.149696198,375.175522636,6.025826438,Other,random,C3H2O_2,6.025820000,RC2_0046_ICR-3_p08
295.045910549,301.071736987,6.025826438,Other,random,C3H2O_2,6.025820000,RC2_0046_ICR-3_p08
317.160496738,323.186323176,6.025826438,Other,random,C3H2O_2,6.025820000,RC2_0046_ICR-3_p08
363.048628079,369.074455517,6.025827438,Other,random,C3H2O_2,6.025820000,RC2_0046_ICR-3_p08
271.118777049,277.144604487,6.025827438,Other,random,C3H2O_2,6.025820000,RC2_0046_ICR-3_p08
395.098140124,401.123967562,6.025827438,Other,random,C3H2O_2,6.025820000,RC2_0046_ICR-3_p08
403.087874231,409.113701669,6.025827438,Other,random,C3H2O_2,6.025820000,RC2_0046_ICR-3_p08
437.175803629,443.201631067,6.025827438,Other,random,C3H2O_2,6.025820000,RC2_0046_ICR-3_p08
507.078000101,513.103828539,6.025828438,Other,random,C3H2O_2,6.025820000,RC2_0046_ICR-3_p08
335.134607491,341.160435930,6.025828438,Other,random,C3H2O_2,6.025820000,RC2_0046_ICR-3_p08
367.030570187,373.056398626,6.025828438,Other,random,C3H2O_2,6.025820000,RC2_0046_ICR-3_p08
337.142265975,343.168094413,6.025828438,Other,random,C3H2O_2,6.025820000,RC2_0046_ICR-3_p08
337.069369284,343.095198722,6.025829438,Other,random,C3H2O_2,6.025820000,RC2_0046_ICR-3_p08
379.103200975,385.129030413,6.025829438,Other,random,C3H2O_2,6.025820000,RC2_0046_ICR-3_p08
453.103555062,459.129384501,6.025829438,Other,random,C3H2O_2,6.025820000,RC2_0046_ICR-3_p08
501.088435509,507.114264947,6.025829438,Other,random,C3H2O_2,6.025820000,RC2_0046_ICR-3_p08
509.252184878,515.278014316,6.025829438,Other,random,C3H2O_2,6.025820000,RC2_0046_ICR-3_p08
399.178830813,405.204660251,6.025829438,Other,random,C3H2O_2,6.025820000,RC2_0046_ICR-3_p08
319.009424895,325.056365244,6.046940349,Other,random,H6,6.046950000,RC2_0046_ICR-3_p08
307.009491799,313.056432148,6.046940349,Other,random,H6,6.046950000,RC2_0046_ICR-3_p08
343.095198722,349.142139071,6.046940349,Other,random,H6,6.046950000,RC2_0046_ICR-3_p08
407.061756374,413.108696722,6.046940349,Other,random,H6,6.046950000,RC2_0046_ICR-3_p08
417.132031655,423.178972004,6.046940349,Other,random,H6,6.046950000,RC2_0046_ICR-3_p08
545.130046682,551.176987031,6.046940349,Other,random,H6,6.046950000,RC2_0046_ICR-3_p08
349.201896817,355.248837166,6.046940349,Other,random,H6,6.046950000,RC2_0046_ICR-3_p08
453.030979370,459.077919719,6.046940349,Other,random,H6,6.046950000,RC2_0046_ICR-3_p08
346.093059005,352.140000354,6.046941349,Other,random,H6,6.046950000,RC2_0046_ICR-3_p08
657.146296505,663.193237854,6.046941349,Other,random,H6,6.046950000,RC2_0046_ICR-3_p08
347.107888700,353.154830049,6.046941349,Other,random,H6,6.046950000,RC2_0046_ICR-3_p08
645.218979101,651.265920450,6.046941349,Other,random,H6,6.046950000,RC2_0046_ICR-3_p08
261.040534801,267.087477150,6.046942349,Other,random,H6,6.046950000,RC2_0046_ICR-3_p08
281.103072695,287.150015044,6.046942349,Other,random,H6,6.046950000,RC2_0046_ICR-3_p08
427.103325356,433.150267705,6.046942349,Other,random,H6,6.046950000,RC2_0046_ICR-3_p08
441.030752276,447.077694624,6.046942349,Other,random,H6,6.046950000,RC2_0046_ICR-3_p08
441.204789537,447.251731886,6.046942349,Other,random,H6,6.046950000,RC2_0046_ICR-3_p08
453.095526097,459.142468445,6.046942349,Other,random,H6,6.046950000,RC2_0046_ICR-3_p08
581.143008914,587.189952263,6.046943349,Other,random,H6,6.046950000,RC2_0046_ICR-3_p08
334.020361218,340.067304567,6.046943349,Other,random,H6,6.046950000,RC2_0046_ICR-3_p08
307.155015182,313.201958531,6.046943349,Other,random,H6,6.046950000,RC2_0046_ICR-3_p08
451.015338921,457.062282269,6.046943349,Other,random,H6,6.046950000,RC2_0046_ICR-3_p08
493.025723711,499.072667060,6.046943349,Other,random,H6,6.046950000,RC2_0046_ICR-3_p08
539.213387781,545.260331130,6.046943349,Other,random,H6,6.046950000,RC2_0046_ICR-3_p08
294.025500878,300.072444226,6.046943349,Other,random,H6,6.046950000,RC2_0046_ICR-3_p08
253.035401759,259.082346108,6.046944349,Other,random,H6,6.046950000,RC2_0046_ICR-3_p08
591.062885834,597.109830182,6.046944349,Other,random,H6,6.046950000,RC2_0046_ICR-3_p08
233.045607557,239.092551906,6.046944349,Other,random,H6,6.046950000,RC2_0046_ICR-3_p08
253.071840605,259.118784953,6.046944349,Other,random,H6,6.046950000,RC2_0046_ICR-3_p08
281.066678850,287.113623198,6.046944349,Other,random,H6,6.046950000,RC2_0046_ICR-3_p08
327.136799418,333.183743767,6.046944349,Other,random,H6,6.046950000,RC2_0046_ICR-3_p08
339.181183326,345.228127674,6.046944349,Other,random,H6,6.046950000,RC2_0046_ICR-3_p08
377.100588470,383.147532819,6.046944349,Other,random,H6,6.046950000,RC2_0046_ICR-3_p08
475.160688495,481.207632844,6.046944349,Other,random,H6,6.046950000,RC2_0046_ICR-3_p08
319.118653432,325.165597780,6.046944349,Other,random,H6,6.046950000,RC2_0046_ICR-3_p08
361.092668376,367.139612725,6.046944349,Other,random,H6,6.046950000,RC2_0046_ICR-3_p08
376.080321798,382.127266147,6.046944349,Other,random,H6,6.046950000,RC2_0046_ICR-3_p08
415.043635514,421.090579863,6.046944349,Other,random,H6,6.046950000,RC2_0046_ICR-3_p08
403.170459881,409.217405229,6.046945349,Other,random,H6,6.046950000,RC2_0046_ICR-3_p08
225.076953360,231.123898709,6.046945349,Other,random,H6,6.046950000,RC2_0046_ICR-3_p08
252.087772779,258.134718128,6.046945349,Other,random,H6,6.046950000,RC2_0046_ICR-3_p08
341.043253427,347.090198775,6.046945349,Other,random,H6,6.046950000,RC2_0046_ICR-3_p08
429.095567905,435.142513254,6.046945349,Other,random,H6,6.046950000,RC2_0046_ICR-3_p08
481.090531341,487.137476689,6.046945349,Other,random,H6,6.046950000,RC2_0046_ICR-3_p08
541.098742783,547.145688132,6.046945349,Other,random,H6,6.046950000,RC2_0046_ICR-3_p08
463.051510863,469.098457211,6.046946349,Other,random,H6,6.046950000,RC2_0046_ICR-3_p08
487.173811535,493.220757884,6.046946349,Other,random,H6,6.046950000,RC2_0046_ICR-3_p08
327.035702847,333.082649196,6.046946349,Other,random,H6,6.046950000,RC2_0046_ICR-3_p08
415.139778106,421.186724455,6.046946349,Other,random,H6,6.046950000,RC2_0046_ICR-3_p08
309.134218786,315.181166135,6.046947349,Other,random,H6,6.046950000,RC2_0046_ICR-3_p08
447.020355868,453.067303216,6.046947349,Other,random,H6,6.046950000,RC2_0046_ICR-3_p08
449.158081799,455.205029148,6.046947349,Other,random,H6,6.046950000,RC2_0046_ICR-3_p08
357.025128631,363.072076980,6.046948349,Other,random,H6,6.046950000,RC2_0046_ICR-3_p08
377.154835240,383.201783589,6.046948349,Other,random,H6,6.046950000,RC2_0046_ICR-3_p08
381.074433613,387.121381961,6.046948349,Other,random,H6,6.046950000,RC2_0046_ICR-3_p08
415.116292206,421.163240555,6.046948349,Other,random,H6,6.046950000,RC2_0046_ICR-3_p08
537.124989640,543.171937989,6.046948349,Other,random,H6,6.046950000,RC2_0046_ICR-3_p08
270.061965532,276.108913881,6.046948349,Other,random,H6,6.046950000,RC2_0046_ICR-3_p08
275.019730501,281.066678850,6.046948349,Other,random,H6,6.046950000,RC2_0046_ICR-3_p08
313.048325182,319.095273531,6.046948349,Other,random,H6,6.046950000,RC2_0046_ICR-3_p08
350.124420904,356.171370253,6.046949349,Other,random,H6,6.046950000,RC2_0046_ICR-3_p08
607.195273399,613.242222748,6.046949349,Other,random,H6,6.046950000,RC2_0046_ICR-3_p08
427.097780380,433.144729729,6.046949349,Other,random,H6,6.046950000,RC2_0046_ICR-3_p08
313.035352237,319.082301586,6.046949349,Other,random,H6,6.046950000,RC2_0046_ICR-3_p08
423.020394676,429.067344025,6.046949349,Other,random,H6,6.046950000,RC2_0046_ICR-3_p08
291.087403341,297.134352690,6.046949349,Other,random,H6,6.046950000,RC2_0046_ICR-3_p08
523.137606975,529.184556324,6.046949349,Other,random,H6,6.046950000,RC2_0046_ICR-3_p08
353.079638368,359.126588716,6.046950349,Other,random,H6,6.046950000,RC2_0046_ICR-3_p08
415.103213261,421.150163610,6.046950349,Other,random,H6,6.046950000,RC2_0046_ICR-3_p08
485.121728240,491.168678589,6.046950349,Other,random,H6,6.046950000,RC2_0046_ICR-3_p08
353.014920642,359.061871991,6.046951349,Other,random,H6,6.046950000,RC2_0046_ICR-3_p08
369.046234637,375.093185986,6.046951349,Other,random,H6,6.046950000,RC2_0046_ICR-3_p08
435.142513254,441.189464602,6.046951349,Other,random,H6,6.046950000,RC2_0046_ICR-3_p08
611.190019453,617.236970802,6.046951349,Other,random,H6,6.046950000,RC2_0046_ICR-3_p08
347.077150831,353.124102179,6.046951349,Other,random,H6,6.046950000,RC2_0046_ICR-3_p08
315.014563841,321.061516190,6.046952349,Other,random,H6,6.046950000,RC2_0046_ICR-3_p08
304.082595215,310.129547564,6.046952349,Other,random,H6,6.046950000,RC2_0046_ICR-3_p08
357.055879500,363.102831849,6.046952349,Other,random,H6,6.046950000,RC2_0046_ICR-3_p08
369.025093727,375.072046075,6.046952349,Other,random,H6,6.046950000,RC2_0046_ICR-3_p08
227.056198964,233.103151313,6.046952349,Other,random,H6,6.046950000,RC2_0046_ICR-3_p08
333.061454286,339.108406634,6.046952349,Other,random,H6,6.046950000,RC2_0046_ICR-3_p08
479.046470012,485.093422360,6.046952349,Other,random,H6,6.046950000,RC2_0046_ICR-3_p08
483.142633635,489.189585984,6.046952349,Other,random,H6,6.046950000,RC2_0046_ICR-3_p08
613.278189595,619.325141944,6.046952349,Other,random,H6,6.046950000,RC2_0046_ICR-3_p08
481.098586306,487.145539655,6.046953349,Other,random,H6,6.046950000,RC2_0046_ICR-3_p08
649.141509462,655.188462810,6.046953349,Other,random,H6,6.046950000,RC2_0046_ICR-3_p08
707.146711401,713.193664750,6.046953349,Other,random,H6,6.046950000,RC2_0046_ICR-3_p08
388.116682739,394.163636088,6.046953349,Other,random,H6,6.046950000,RC2_0046_ICR-3_p08
549.124849736,555.171803085,6.046953349,Other,random,H6,6.046950000,RC2_0046_ICR-3_p08
471.087429774,477.134384123,6.046954349,Other,random,H6,6.046950000,RC2_0046_ICR-3_p08
475.088059803,481.135014152,6.046954349,Other,random,H6,6.046950000,RC2_0046_ICR-3_p08
497.231003872,503.277958221,6.046954349,Other,random,H6,6.046950000,RC2_0046_ICR-3_p08
659.198307800,665.245262149,6.046954349,Other,random,H6,6.046950000,RC2_0046_ICR-3_p08
373.178584107,379.225538456,6.046954349,Other,random,H6,6.046950000,RC2_0046_ICR-3_p08
263.056162251,269.103117600,6.046955349,Other,random,H6,6.046950000,RC2_0046_ICR-3_p08
263.128947942,269.175903291,6.046955349,Other,random,H6,6.046950000,RC2_0046_ICR-3_p08
359.077025927,365.123981275,6.046955349,Other,random,H6,6.046950000,RC2_0046_ICR-3_p08
418.127117434,424.174072782,6.046955349,Other,random,H6,6.046950000,RC2_0046_ICR-3_p08
385.069431666,391.116388014,6.046956349,Other,random,H6,6.046950000,RC2_0046_ICR-3_p08
629.151378261,635.198334609,6.046956349,Other,random,H6,6.046950000,RC2_0046_ICR-3_p08
293.066606945,299.113563294,6.046956349,Other,random,H6,6.046950000,RC2_0046_ICR-3_p08
321.036377297,327.083333645,6.046956349,Other,random,H6,6.046950000,RC2_0046_ICR-3_p08
345.055820405,351.102776754,6.046956349,Other,random,H6,6.046950000,RC2_0046_ICR-3_p08
461.108806104,467.155762452,6.046956349,Other,random,H6,6.046950000,RC2_0046_ICR-3_p08
507.114264947,513.161221295,6.046956349,Other,random,H6,6.046950000,RC2_0046_ICR-3_p08
559.072814537,565.119770885,6.046956349,Other,random,H6,6.046950000,RC2_0046_ICR-3_p08
563.205457006,569.252413354,6.046956349,Other,random,H6,6.046950000,RC2_0046_ICR-3_p08
549.161221582,555.208177931,6.046956349,Other,random,H6,6.046950000,RC2_0046_ICR-3_p08
357.061348477,363.108305826,6.046957349,Other,random,H6,6.046950000,RC2_0046_ICR-3_p08
279.087396246,285.134353594,6.046957349,Other,random,H6,6.046950000,RC2_0046_ICR-3_p08
323.186323176,329.233280525,6.046957349,Other,random,H6,6.046950000,RC2_0046_ICR-3_p08
481.163287032,487.210244381,6.046957349,Other,random,H6,6.046950000,RC2_0046_ICR-3_p08
251.128928847,257.175886195,6.046957349,Other,random,H6,6.046950000,RC2_0046_ICR-3_p08
355.009406182,361.056363530,6.046957349,Other,random,H6,6.046950000,RC2_0046_ICR-3_p08
399.108381112,405.155339461,6.046958349,Other,random,H6,6.046950000,RC2_0046_ICR-3_p08
417.118955711,423.165914059,6.046958349,Other,random,H6,6.046950000,RC2_0046_ICR-3_p08
471.069724849,477.116683198,6.046958349,Other,random,H6,6.046950000,RC2_0046_ICR-3_p08
329.115972023,335.162930371,6.046958349,Other,random,H6,6.046950000,RC2_0046_ICR-3_p08
559.195157018,565.242115366,6.046958349,Other,random,H6,6.046950000,RC2_0046_ICR-3_p08
333.074532230,339.121490579,6.046958349,Other,random,H6,6.046950000,RC2_0046_ICR-3_p08
285.076861838,291.123821187,6.046959349,Other,random,H6,6.046950000,RC2_0046_ICR-3_p08
529.025752997,535.072712346,6.046959349,Other,random,H6,6.046950000,RC2_0046_ICR-3_p08
501.044072697,507.091032045,6.046959349,Other,random,H6,6.046950000,RC2_0046_ICR-3_p08
469.199660782,475.246620131,6.046959349,Other,random,H6,6.046950000,RC2_0046_ICR-3_p08
312.108778168,319.085600572,6.976822404,Other,random,C_1H1N_1S1,6.976823000,RC2_0046_ICR-3_p08
308.077508269,315.054332673,6.976824404,Other,random,C_1H1N_1S1,6.976823000,RC2_0046_ICR-3_p08
334.129479755,341.160435930,7.030956174,Other,random,H5O1N_1,7.030966000,RC2_0046_ICR-3_p08
312.108778168,319.139735342,7.030957174,Other,random,H5O1N_1,7.030966000,RC2_0046_ICR-3_p08
410.072702601,417.103659775,7.030957174,Other,random,H5O1N_1,7.030966000,RC2_0046_ICR-3_p08
318.074860859,325.105822034,7.030961174,Other,random,H5O1N_1,7.030966000,RC2_0046_ICR-3_p08
488.046975831,495.077938005,7.030962174,Other,random,H5O1N_1,7.030966000,RC2_0046_ICR-3_p08
604.131008398,611.161970572,7.030962174,Other,random,H5O1N_1,7.030966000,RC2_0046_ICR-3_p08
296.041124327,303.072087502,7.030963174,Other,random,H5O1N_1,7.030966000,RC2_0046_ICR-3_p08
318.061766915,325.092731089,7.030964174,Other,random,H5O1N_1,7.030966000,RC2_0046_ICR-3_p08
522.088917424,529.119881598,7.030964174,Other,random,H5O1N_1,7.030966000,RC2_0046_ICR-3_p08
322.093127814,329.124093988,7.030966174,Other,random,H5O1N_1,7.030966000,RC2_0046_ICR-3_p08
424.088423146,431.119390320,7.030967174,Other,random,H5O1N_1,7.030966000,RC2_0046_ICR-3_p08
324.036023572,331.066992746,7.030969174,Other,random,H5O1N_1,7.030966000,RC2_0046_ICR-3_p08
250.072156330,257.103127504,7.030971174,Other,random,H5O1N_1,7.030966000,RC2_0046_ICR-3_p08
350.051620213,357.082591387,7.030971174,Other,random,H5O1N_1,7.030966000,RC2_0046_ICR-3_p08
496.073170784,503.104141958,7.030971174,Other,random,H5O1N_1,7.030966000,RC2_0046_ICR-3_p08
408.093426997,415.124401172,7.030974174,Other,random,H5O1N_1,7.030966000,RC2_0046_ICR-3_p08
392.025809157,399.056783331,7.030974174,Other,random,H5O1N_1,7.030966000,RC2_0046_ICR-3_p08
259.155084800,267.123774996,7.968690197,Other,random,CH_4,7.968700000,RC2_0046_ICR-3_p08
323.077059640,331.045749836,7.968690197,Other,random,CH_4,7.968700000,RC2_0046_ICR-3_p08
463.228043114,471.196733310,7.968690197,Other,random,CH_4,7.968700000,RC2_0046_ICR-3_p08
475.246620131,483.215310327,7.968690197,Other,random,CH_4,7.968700000,RC2_0046_ICR-3_p08
517.098707592,525.067397789,7.968690197,Other,random,CH_4,7.968700000,RC2_0046_ICR-3_p08
585.146195932,593.114886129,7.968690197,Other,random,CH_4,7.968700000,RC2_0046_ICR-3_p08
425.072427972,433.041118168,7.968690197,Other,random,CH_4,7.968700000,RC2_0046_ICR-3_p08
295.045910549,303.014600746,7.968690197,Other,random,CH_4,7.968700000,RC2_0046_ICR-3_p08
615.156716627,623.125407823,7.968691196,Other,random,CH_4,7.968700000,RC2_0046_ICR-3_p08
255.123817900,263.092509097,7.968691196,Other,random,CH_4,7.968700000,RC2_0046_ICR-3_p08
269.139482445,277.108173642,7.968691196,Other,random,CH_4,7.968700000,RC2_0046_ICR-3_p08
281.152441486,289.121132682,7.968691196,Other,random,CH_4,7.968700000,RC2_0046_ICR-3_p08
329.051278297,337.019969494,7.968691196,Other,random,CH_4,7.968700000,RC2_0046_ICR-3_p08
403.152739956,411.121431152,7.968691196,Other,random,CH_4,7.968700000,RC2_0046_ICR-3_p08
549.124849736,557.093540933,7.968691196,Other,random,CH_4,7.968700000,RC2_0046_ICR-3_p08
439.197172054,447.165863250,7.968691196,Other,random,CH_4,7.968700000,RC2_0046_ICR-3_p08
259.118784953,267.087477150,7.968692196,Other,random,CH_4,7.968700000,RC2_0046_ICR-3_p08
377.064367624,385.033059820,7.968692196,Other,random,CH_4,7.968700000,RC2_0046_ICR-3_p08
245.066709563,253.035401759,7.968692196,Other,random,CH_4,7.968700000,RC2_0046_ICR-3_p08
545.093594837,553.062287034,7.968692196,Other,random,CH_4,7.968700000,RC2_0046_ICR-3_p08
319.168107222,327.136799418,7.968692196,Other,random,CH_4,7.968700000,RC2_0046_ICR-3_p08
375.121347866,383.090040063,7.968692196,Other,random,CH_4,7.968700000,RC2_0046_ICR-3_p08
479.168784493,487.137476689,7.968692196,Other,random,CH_4,7.968700000,RC2_0046_ICR-3_p08
495.236523333,503.205216529,7.968693196,Other,random,CH_4,7.968700000,RC2_0046_ICR-3_p08
579.172005275,587.140698472,7.968693196,Other,random,CH_4,7.968700000,RC2_0046_ICR-3_p08
397.150171419,405.118864615,7.968693196,Other,random,CH_4,7.968700000,RC2_0046_ICR-3_p08
521.179520282,529.148213478,7.968693196,Other,random,CH_4,7.968700000,RC2_0046_ICR-3_p08
427.173820057,435.142513254,7.968693196,Other,random,CH_4,7.968700000,RC2_0046_ICR-3_p08
579.294247757,587.262940953,7.968693196,Other,random,CH_4,7.968700000,RC2_0046_ICR-3_p08
385.144720347,393.113413543,7.968693196,Other,random,CH_4,7.968700000,RC2_0046_ICR-3_p08
229.108253259,237.076947456,7.968694196,Other,random,CH_4,7.968700000,RC2_0046_ICR-3_p08
253.071840605,261.040534801,7.968694196,Other,random,CH_4,7.968700000,RC2_0046_ICR-3_p08
271.191490741,279.160184937,7.968694196,Other,random,CH_4,7.968700000,RC2_0046_ICR-3_p08
365.051172584,373.019866781,7.968694196,Other,random,CH_4,7.968700000,RC2_0046_ICR-3_p08
421.108318788,429.077012984,7.968694196,Other,random,CH_4,7.968700000,RC2_0046_ICR-3_p08
421.144623633,429.113317830,7.968694196,Other,random,CH_4,7.968700000,RC2_0046_ICR-3_p08
427.088076421,435.056770618,7.968694196,Other,random,CH_4,7.968700000,RC2_0046_ICR-3_p08
339.144720480,347.113414677,7.968694196,Other,random,CH_4,7.968700000,RC2_0046_ICR-3_p08
461.175922819,469.144618016,7.968695196,Other,random,CH_4,7.968700000,RC2_0046_ICR-3_p08
255.087467054,263.056162251,7.968695196,Other,random,CH_4,7.968700000,RC2_0046_ICR-3_p08
225.040542515,233.009237711,7.968695196,Other,random,CH_4,7.968700000,RC2_0046_ICR-3_p08
307.155015182,315.123710378,7.968695196,Other,random,CH_4,7.968700000,RC2_0046_ICR-3_p08
435.123825333,443.092520530,7.968695196,Other,random,CH_4,7.968700000,RC2_0046_ICR-3_p08
453.153074852,461.121770049,7.968695196,Other,random,CH_4,7.968700000,RC2_0046_ICR-3_p08
475.218282251,483.186977447,7.968695196,Other,random,CH_4,7.968700000,RC2_0046_ICR-3_p08
503.132519838,511.101215034,7.968695196,Other,random,CH_4,7.968700000,RC2_0046_ICR-3_p08
671.183291960,679.151987156,7.968695196,Other,random,CH_4,7.968700000,RC2_0046_ICR-3_p08
697.235336446,705.204031642,7.968695196,Other,random,CH_4,7.968700000,RC2_0046_ICR-3_p08
325.165597780,333.134293977,7.968696196,Other,random,CH_4,7.968700000,RC2_0046_ICR-3_p08
437.108773913,445.077470109,7.968696196,Other,random,CH_4,7.968700000,RC2_0046_ICR-3_p08
493.184325038,501.153021235,7.968696196,Other,random,CH_4,7.968700000,RC2_0046_ICR-3_p08
237.076947456,245.045643652,7.968696196,Other,random,CH_4,7.968700000,RC2_0046_ICR-3_p08
243.087497959,251.056194155,7.968696196,Other,random,CH_4,7.968700000,RC2_0046_ICR-3_p08
339.139191504,347.107888700,7.968697196,Other,random,CH_4,7.968700000,RC2_0046_ICR-3_p08
293.030243100,300.998940296,7.968697196,Other,random,CH_4,7.968700000,RC2_0046_ICR-3_p08
383.183962664,391.152659861,7.968697196,Other,random,CH_4,7.968700000,RC2_0046_ICR-3_p08
435.106028409,443.074725605,7.968697196,Other,random,CH_4,7.968700000,RC2_0046_ICR-3_p08
450.140477632,458.109174828,7.968697196,Other,random,CH_4,7.968700000,RC2_0046_ICR-3_p08
473.238935647,481.207632844,7.968697196,Other,random,CH_4,7.968700000,RC2_0046_ICR-3_p08
315.035711752,323.004408948,7.968697196,Other,random,CH_4,7.968700000,RC2_0046_ICR-3_p08
335.162930371,343.131627568,7.968697196,Other,random,CH_4,7.968700000,RC2_0046_ICR-3_p08
225.113277206,233.081975403,7.968698196,Other,random,CH_4,7.968700000,RC2_0046_ICR-3_p08
435.160318178,443.129016375,7.968698196,Other,random,CH_4,7.968700000,RC2_0046_ICR-3_p08
499.145566750,507.114264947,7.968698196,Other,random,CH_4,7.968700000,RC2_0046_ICR-3_p08
551.067900494,559.036598690,7.968698196,Other,random,CH_4,7.968700000,RC2_0046_ICR-3_p08
321.134232882,329.102931078,7.968698196,Other,random,CH_4,7.968700000,RC2_0046_ICR-3_p08
359.061871991,367.030570187,7.968698196,Other,random,CH_4,7.968700000,RC2_0046_ICR-3_p08
427.051574576,435.020272772,7.968698196,Other,random,CH_4,7.968700000,RC2_0046_ICR-3_p08
289.121132682,297.089831879,7.968699196,Other,random,CH_4,7.968700000,RC2_0046_ICR-3_p08
417.168303501,425.137002698,7.968699196,Other,random,CH_4,7.968700000,RC2_0046_ICR-3_p08
543.200283869,551.168983065,7.968699196,Other,random,CH_4,7.968700000,RC2_0046_ICR-3_p08
683.255919747,691.224618944,7.968699196,Other,random,CH_4,7.968700000,RC2_0046_ICR-3_p08
497.202602993,505.171302189,7.968699196,Other,random,CH_4,7.968700000,RC2_0046_ICR-3_p08
287.077210353,295.045910549,7.968700196,Other,random,CH_4,7.968700000,RC2_0046_ICR-3_p08
495.127300796,503.096000993,7.968700196,Other,random,CH_4,7.968700000,RC2_0046_ICR-3_p08
359.162951562,367.131651759,7.968700196,Other,random,CH_4,7.968700000,RC2_0046_ICR-3_p08
437.158052704,445.126752900,7.968700196,Other,random,CH_4,7.968700000,RC2_0046_ICR-3_p08
571.203305079,579.172005275,7.968700196,Other,random,CH_4,7.968700000,RC2_0046_ICR-3_p08
483.199977392,491.168678589,7.968701196,Other,random,CH_4,7.968700000,RC2_0046_ICR-3_p08
595.130498579,603.099199775,7.968701196,Other,random,CH_4,7.968700000,RC2_0046_ICR-3_p08
325.142186880,333.110888076,7.968701196,Other,random,CH_4,7.968700000,RC2_0046_ICR-3_p08
465.212909694,473.181610891,7.968701196,Other,random,CH_4,7.968700000,RC2_0046_ICR-3_p08
269.175903291,277.144604487,7.968701196,Other,random,CH_4,7.968700000,RC2_0046_ICR-3_p08
543.171937989,551.140640185,7.968702196,Other,random,CH_4,7.968700000,RC2_0046_ICR-3_p08
423.056822522,431.025524718,7.968702196,Other,random,CH_4,7.968700000,RC2_0046_ICR-3_p08
233.103151313,241.071853509,7.968702196,Other,random,CH_4,7.968700000,RC2_0046_ICR-3_p08
289.165650494,297.134352690,7.968702196,Other,random,CH_4,7.968700000,RC2_0046_ICR-3_p08
338.124356809,346.093059005,7.968702196,Other,random,CH_4,7.968700000,RC2_0046_ICR-3_p08
347.040703985,355.009406182,7.968702196,Other,random,CH_4,7.968700000,RC2_0046_ICR-3_p08
375.085110020,383.053812216,7.968702196,Other,random,CH_4,7.968700000,RC2_0046_ICR-3_p08
303.072087502,311.040790698,7.968703196,Other,random,CH_4,7.968700000,RC2_0046_ICR-3_p08
335.126495526,343.095198722,7.968703196,Other,random,CH_4,7.968700000,RC2_0046_ICR-3_p08
353.196874871,361.165578067,7.968703196,Other,random,CH_4,7.968700000,RC2_0046_ICR-3_p08
359.126588716,367.095291913,7.968703196,Other,random,CH_4,7.968700000,RC2_0046_ICR-3_p08
423.069787467,431.038490663,7.968703196,Other,random,CH_4,7.968700000,RC2_0046_ICR-3_p08
567.171945180,575.140648376,7.968703196,Other,random,CH_4,7.968700000,RC2_0046_ICR-3_p08
309.183695576,317.152398773,7.968703196,Other,random,CH_4,7.968700000,RC2_0046_ICR-3_p08
385.040921787,393.009625983,7.968704196,Other,random,CH_4,7.968700000,RC2_0046_ICR-3_p08
327.121522483,335.090226680,7.968704196,Other,random,CH_4,7.968700000,RC2_0046_ICR-3_p08
351.072037884,359.040742081,7.968704196,Other,random,CH_4,7.968700000,RC2_0046_ICR-3_p08
467.082842762,475.051546958,7.968704196,Other,random,CH_4,7.968700000,RC2_0046_ICR-3_p08
487.173811535,495.142515732,7.968704196,Other,random,CH_4,7.968700000,RC2_0046_ICR-3_p08
301.056416052,309.025120249,7.968704196,Other,random,CH_4,7.968700000,RC2_0046_ICR-3_p08
389.173465256,397.142169453,7.968704196,Other,random,CH_4,7.968700000,RC2_0046_ICR-3_p08
369.113367352,377.082072549,7.968705196,Other,random,CH_4,7.968700000,RC2_0046_ICR-3_p08
399.129537022,407.098242219,7.968705196,Other,random,CH_4,7.968700000,RC2_0046_ICR-3_p08
451.137461403,459.106166599,7.968705196,Other,random,CH_4,7.968700000,RC2_0046_ICR-3_p08
481.171314998,489.140020194,7.968705196,Other,random,CH_4,7.968700000,RC2_0046_ICR-3_p08
555.281046622,563.249751818,7.968705196,Other,random,CH_4,7.968700000,RC2_0046_ICR-3_p08
519.187110733,527.155815930,7.968705196,Other,random,CH_4,7.968700000,RC2_0046_ICR-3_p08
681.276675143,689.245380340,7.968705196,Other,random,CH_4,7.968700000,RC2_0046_ICR-3_p08
363.157831616,371.126536812,7.968705196,Other,random,CH_4,7.968700000,RC2_0046_ICR-3_p08
349.092643281,357.061348477,7.968705196,Other,random,CH_4,7.968700000,RC2_0046_ICR-3_p08
403.066851320,411.035556517,7.968705196,Other,random,CH_4,7.968700000,RC2_0046_ICR-3_p08
507.127296892,515.096002088,7.968705196,Other,random,CH_4,7.968700000,RC2_0046_ICR-3_p08
529.156284444,537.124989640,7.968705196,Other,random,CH_4,7.968700000,RC2_0046_ICR-3_p08
575.226373013,583.195078209,7.968705196,Other,random,CH_4,7.968700000,RC2_0046_ICR-3_p08
287.186398890,295.155105086,7.968706196,Other,random,CH_4,7.968700000,RC2_0046_ICR-3_p08
433.126963804,441.095670000,7.968706196,Other,random,CH_4,7.968700000,RC2_0046_ICR-3_p08
489.161302104,497.130008301,7.968706196,Other,random,CH_4,7.968700000,RC2_0046_ICR-3_p08
307.045857645,315.014563841,7.968706196,Other,random,CH_4,7.968700000,RC2_0046_ICR-3_p08
353.137136124,361.105842320,7.968706196,Other,random,CH_4,7.968700000,RC2_0046_ICR-3_p08
385.126820422,393.095526619,7.968706196,Other,random,CH_4,7.968700000,RC2_0046_ICR-3_p08
573.073577145,581.042283341,7.968706196,Other,random,CH_4,7.968700000,RC2_0046_ICR-3_p08
550.237086018,558.205793215,7.968707196,Other,random,CH_4,7.968700000,RC2_0046_ICR-3_p08
287.150015044,295.118722240,7.968707196,Other,random,CH_4,7.968700000,RC2_0046_ICR-3_p08
343.066959842,351.035667038,7.968707196,Other,random,CH_4,7.968700000,RC2_0046_ICR-3_p08
352.116773452,360.085480649,7.968707196,Other,random,CH_4,7.968700000,RC2_0046_ICR-3_p08
367.176132570,375.144839766,7.968707196,Other,random,CH_4,7.968700000,RC2_0046_ICR-3_p08
379.170528689,387.139235886,7.968707196,Other,random,CH_4,7.968700000,RC2_0046_ICR-3_p08
421.199805399,429.168512596,7.968707196,Other,random,CH_4,7.968700000,RC2_0046_ICR-3_p08
431.082848475,439.051555672,7.968707196,Other,random,CH_4,7.968700000,RC2_0046_ICR-3_p08
333.191728733,341.160435930,7.968707196,Other,random,CH_4,7.968700000,RC2_0046_ICR-3_p08
681.312979989,689.281687186,7.968707196,Other,random,CH_4,7.968700000,RC2_0046_ICR-3_p08
423.196700929,431.165408125,7.968707196,Other,random,CH_4,7.968700000,RC2_0046_ICR-3_p08
465.139979003,473.108686200,7.968707196,Other,random,CH_4,7.968700000,RC2_0046_ICR-3_p08
515.140568899,523.109276095,7.968707196,Other,random,CH_4,7.968700000,RC2_0046_ICR-3_p08
339.121490579,347.090198775,7.968708196,Other,random,CH_4,7.968700000,RC2_0046_ICR-3_p08
385.223013014,393.191721211,7.968708196,Other,random,CH_4,7.968700000,RC2_0046_ICR-3_p08
247.118758858,255.087467054,7.968708196,Other,random,CH_4,7.968700000,RC2_0046_ICR-3_p08
333.097906131,341.066614328,7.968708196,Other,random,CH_4,7.968700000,RC2_0046_ICR-3_p08
356.062150716,364.030858912,7.968708196,Other,random,CH_4,7.968700000,RC2_0046_ICR-3_p08
393.241041002,401.209749198,7.968708196,Other,random,CH_4,7.968700000,RC2_0046_ICR-3_p08
421.126859709,429.095567905,7.968708196,Other,random,CH_4,7.968700000,RC2_0046_ICR-3_p08
507.309306120,515.278014316,7.968708196,Other,random,CH_4,7.968700000,RC2_0046_ICR-3_p08
649.141509462,657.110217658,7.968708196,Other,random,CH_4,7.968700000,RC2_0046_ICR-3_p08
312.108778168,320.077487364,7.968709196,Other,random,CH_4,7.968700000,RC2_0046_ICR-3_p08
325.121134969,333.089844165,7.968709196,Other,random,CH_4,7.968700000,RC2_0046_ICR-3_p08
421.236038246,429.204747442,7.968709196,Other,random,CH_4,7.968700000,RC2_0046_ICR-3_p08
291.087403341,299.056112538,7.968709196,Other,random,CH_4,7.968700000,RC2_0046_ICR-3_p08
255.160194746,263.150014853,7.989820107,Other,random,C_2O2,7.989830000,RC2_0046_ICR-3_p08
367.103365879,375.093185986,7.989820107,Other,random,C_2O2,7.989830000,RC2_0046_ICR-3_p08
681.110370849,689.100190955,7.989820107,Other,random,C_2O2,7.989830000,RC2_0046_ICR-3_p08
579.172005275,587.161826382,7.989821107,Other,random,C_2O2,7.989830000,RC2_0046_ICR-3_p08
771.287066315,779.276887422,7.989821107,Other,random,C_2O2,7.989830000,RC2_0046_ICR-3_p08
391.139715916,399.129537022,7.989821107,Other,random,C_2O2,7.989830000,RC2_0046_ICR-3_p08
433.113845860,441.103666966,7.989821107,Other,random,C_2O2,7.989830000,RC2_0046_ICR-3_p08
225.076953360,233.066774467,7.989821107,Other,random,C_2O2,7.989830000,RC2_0046_ICR-3_p08
361.092668376,369.082489483,7.989821107,Other,random,C_2O2,7.989830000,RC2_0046_ICR-3_p08
511.137589880,519.127410987,7.989821107,Other,random,C_2O2,7.989830000,RC2_0046_ICR-3_p08
255.123817900,263.113640007,7.989822107,Other,random,C_2O2,7.989830000,RC2_0046_ICR-3_p08
331.131668472,339.121490579,7.989822107,Other,random,C_2O2,7.989830000,RC2_0046_ICR-3_p08
355.204403355,363.194225461,7.989822107,Other,random,C_2O2,7.989830000,RC2_0046_ICR-3_p08
477.067382407,485.057204514,7.989822107,Other,random,C_2O2,7.989830000,RC2_0046_ICR-3_p08
423.165914059,431.155737166,7.989823107,Other,random,C_2O2,7.989830000,RC2_0046_ICR-3_p08
357.061348477,365.051172584,7.989824107,Other,random,C_2O2,7.989830000,RC2_0046_ICR-3_p08
515.278014316,523.267838423,7.989824107,Other,random,C_2O2,7.989830000,RC2_0046_ICR-3_p08
525.225938116,533.215762223,7.989824107,Other,random,C_2O2,7.989830000,RC2_0046_ICR-3_p08
589.120006075,597.109830182,7.989824107,Other,random,C_2O2,7.989830000,RC2_0046_ICR-3_p08
371.040630177,379.030454283,7.989824107,Other,random,C_2O2,7.989830000,RC2_0046_ICR-3_p08
487.137476689,495.127300796,7.989824107,Other,random,C_2O2,7.989830000,RC2_0046_ICR-3_p08
289.157489528,297.147313635,7.989824107,Other,random,C_2O2,7.989830000,RC2_0046_ICR-3_p08
545.093594837,553.083418944,7.989824107,Other,random,C_2O2,7.989830000,RC2_0046_ICR-3_p08
373.056398626,381.046223732,7.989825107,Other,random,C_2O2,7.989830000,RC2_0046_ICR-3_p08
477.140004099,485.129829206,7.989825107,Other,random,C_2O2,7.989830000,RC2_0046_ICR-3_p08
331.082208682,339.072033789,7.989825107,Other,random,C_2O2,7.989830000,RC2_0046_ICR-3_p08
479.183986428,487.173811535,7.989825107,Other,random,C_2O2,7.989830000,RC2_0046_ICR-3_p08
417.204763347,425.194589453,7.989826107,Other,random,C_2O2,7.989830000,RC2_0046_ICR-3_p08
387.071995171,395.061821278,7.989826107,Other,random,C_2O2,7.989830000,RC2_0046_ICR-3_p08
557.166361624,565.156187731,7.989826107,Other,random,C_2O2,7.989830000,RC2_0046_ICR-3_p08
729.240576678,737.230402785,7.989826107,Other,random,C_2O2,7.989830000,RC2_0046_ICR-3_p08
351.035667038,359.025494145,7.989827107,Other,random,C_2O2,7.989830000,RC2_0046_ICR-3_p08
507.259938329,515.249765436,7.989827107,Other,random,C_2O2,7.989830000,RC2_0046_ICR-3_p08
573.161373772,581.151200879,7.989827107,Other,random,C_2O2,7.989830000,RC2_0046_ICR-3_p08
261.040534801,269.030361908,7.989827107,Other,random,C_2O2,7.989830000,RC2_0046_ICR-3_p08
301.084797932,309.074625039,7.989827107,Other,random,C_2O2,7.989830000,RC2_0046_ICR-3_p08
315.050887687,323.040714794,7.989827107,Other,random,C_2O2,7.989830000,RC2_0046_ICR-3_p08
507.179091672,515.168918779,7.989827107,Other,random,C_2O2,7.989830000,RC2_0046_ICR-3_p08
615.172195561,623.162022668,7.989827107,Other,random,C_2O2,7.989830000,RC2_0046_ICR-3_p08
441.113348925,449.103177032,7.989828107,Other,random,C_2O2,7.989830000,RC2_0046_ICR-3_p08
475.051546958,483.041375065,7.989828107,Other,random,C_2O2,7.989830000,RC2_0046_ICR-3_p08
259.061249198,267.051077304,7.989828107,Other,random,C_2O2,7.989830000,RC2_0046_ICR-3_p08
353.051312488,361.041140595,7.989828107,Other,random,C_2O2,7.989830000,RC2_0046_ICR-3_p08
339.136681514,347.126509621,7.989828107,Other,random,C_2O2,7.989830000,RC2_0046_ICR-3_p08
359.040742081,367.030570187,7.989828107,Other,random,C_2O2,7.989830000,RC2_0046_ICR-3_p08
543.114467233,551.104296339,7.989829107,Other,random,C_2O2,7.989830000,RC2_0046_ICR-3_p08
263.128947942,271.118777049,7.989829107,Other,random,C_2O2,7.989830000,RC2_0046_ICR-3_p08
251.056194155,259.046023262,7.989829107,Other,random,C_2O2,7.989830000,RC2_0046_ICR-3_p08
451.124403458,459.114232565,7.989829107,Other,random,C_2O2,7.989830000,RC2_0046_ICR-3_p08
533.129930587,541.119759694,7.989829107,Other,random,C_2O2,7.989830000,RC2_0046_ICR-3_p08
221.045627461,229.035456568,7.989829107,Other,random,C_2O2,7.989830000,RC2_0046_ICR-3_p08
261.113287493,269.103117600,7.989830107,Other,random,C_2O2,7.989830000,RC2_0046_ICR-3_p08
279.160184937,287.150015044,7.989830107,Other,random,C_2O2,7.989830000,RC2_0046_ICR-3_p08
303.050960591,311.040790698,7.989830107,Other,random,C_2O2,7.989830000,RC2_0046_ICR-3_p08
419.170937006,427.160767113,7.989830107,Other,random,C_2O2,7.989830000,RC2_0046_ICR-3_p08
435.093034464,443.082864571,7.989830107,Other,random,C_2O2,7.989830000,RC2_0046_ICR-3_p08
509.158218276,517.148048383,7.989830107,Other,random,C_2O2,7.989830000,RC2_0046_ICR-3_p08
477.103592253,485.093422360,7.989830107,Other,random,C_2O2,7.989830000,RC2_0046_ICR-3_p08
445.186636646,453.176467753,7.989831107,Other,random,C_2O2,7.989830000,RC2_0046_ICR-3_p08
560.148699973,568.138531080,7.989831107,Other,random,C_2O2,7.989830000,RC2_0046_ICR-3_p08
243.123862805,251.113693911,7.989831107,Other,random,C_2O2,7.989830000,RC2_0046_ICR-3_p08
497.122003334,505.111834441,7.989831107,Other,random,C_2O2,7.989830000,RC2_0046_ICR-3_p08
505.207650035,513.197481142,7.989831107,Other,random,C_2O2,7.989830000,RC2_0046_ICR-3_p08
262.072133425,270.061965532,7.989832107,Other,random,C_2O2,7.989830000,RC2_0046_ICR-3_p08
275.092456193,283.082288299,7.989832107,Other,random,C_2O2,7.989830000,RC2_0046_ICR-3_p08
289.108144737,297.097976844,7.989832107,Other,random,C_2O2,7.989830000,RC2_0046_ICR-3_p08
405.118864615,413.108696722,7.989832107,Other,random,C_2O2,7.989830000,RC2_0046_ICR-3_p08
409.150237514,417.140069621,7.989832107,Other,random,C_2O2,7.989830000,RC2_0046_ICR-3_p08
249.113295397,257.103127504,7.989832107,Other,random,C_2O2,7.989830000,RC2_0046_ICR-3_p08
319.131689376,327.121522483,7.989833107,Other,random,C_2O2,7.989830000,RC2_0046_ICR-3_p08
333.134293977,341.124127084,7.989833107,Other,random,C_2O2,7.989830000,RC2_0046_ICR-3_p08
445.077470109,453.067303216,7.989833107,Other,random,C_2O2,7.989830000,RC2_0046_ICR-3_p08
727.297729920,735.287563027,7.989833107,Other,random,C_2O2,7.989830000,RC2_0046_ICR-3_p08
345.134268072,353.124102179,7.989834107,Other,random,C_2O2,7.989830000,RC2_0046_ICR-3_p08
351.072037884,359.061871991,7.989834107,Other,random,C_2O2,7.989830000,RC2_0046_ICR-3_p08
459.106166599,467.096000706,7.989834107,Other,random,C_2O2,7.989830000,RC2_0046_ICR-3_p08
517.171336284,525.161170391,7.989834107,Other,random,C_2O2,7.989830000,RC2_0046_ICR-3_p08
277.035415950,285.025250057,7.989834107,Other,random,C_2O2,7.989830000,RC2_0046_ICR-3_p08
399.102820136,407.092654243,7.989834107,Other,random,C_2O2,7.989830000,RC2_0046_ICR-3_p08
560.141220004,568.131055111,7.989835107,Other,random,C_2O2,7.989830000,RC2_0046_ICR-3_p08
367.168067604,375.157902711,7.989835107,Other,random,C_2O2,7.989830000,RC2_0046_ICR-3_p08
533.275530970,541.265366077,7.989835107,Other,random,C_2O2,7.989830000,RC2_0046_ICR-3_p08
333.170599823,341.160435930,7.989836107,Other,random,C_2O2,7.989830000,RC2_0046_ICR-3_p08
543.223415770,551.213251877,7.989836107,Other,random,C_2O2,7.989830000,RC2_0046_ICR-3_p08
553.220993360,561.210829467,7.989836107,Other,random,C_2O2,7.989830000,RC2_0046_ICR-3_p08
641.187900201,649.177736308,7.989836107,Other,random,C_2O2,7.989830000,RC2_0046_ICR-3_p08
627.208498502,635.198334609,7.989836107,Other,random,C_2O2,7.989830000,RC2_0046_ICR-3_p08
237.113281302,245.103118408,7.989837107,Other,random,C_2O2,7.989830000,RC2_0046_ICR-3_p08
319.154973278,327.144810384,7.989837107,Other,random,C_2O2,7.989830000,RC2_0046_ICR-3_p08
379.066941129,387.056778235,7.989837107,Other,random,C_2O2,7.989830000,RC2_0046_ICR-3_p08
430.077757739,438.067594846,7.989837107,Other,random,C_2O2,7.989830000,RC2_0046_ICR-3_p08
541.184620419,549.174458526,7.989838107,Other,random,C_2O2,7.989830000,RC2_0046_ICR-3_p08
345.110818172,353.100656279,7.989838107,Other,random,C_2O2,7.989830000,RC2_0046_ICR-3_p08
395.061821278,403.051659385,7.989838107,Other,random,C_2O2,7.989830000,RC2_0046_ICR-3_p08
443.134565351,451.124403458,7.989838107,Other,random,C_2O2,7.989830000,RC2_0046_ICR-3_p08
473.217794737,481.207632844,7.989838107,Other,random,C_2O2,7.989830000,RC2_0046_ICR-3_p08
327.063959727,335.053797834,7.989838107,Other,random,C_2O2,7.989830000,RC2_0046_ICR-3_p08
337.092807185,345.082645291,7.989838107,Other,random,C_2O2,7.989830000,RC2_0046_ICR-3_p08
347.149900522,355.139738629,7.989838107,Other,random,C_2O2,7.989830000,RC2_0046_ICR-3_p08
463.087943708,471.077781815,7.989838107,Other,random,C_2O2,7.989830000,RC2_0046_ICR-3_p08
515.046539298,523.036377405,7.989838107,Other,random,C_2O2,7.989830000,RC2_0046_ICR-3_p08
585.088684176,593.078522283,7.989838107,Other,random,C_2O2,7.989830000,RC2_0046_ICR-3_p08
595.195159304,603.184997411,7.989838107,Other,random,C_2O2,7.989830000,RC2_0046_ICR-3_p08
523.246784512,531.236623619,7.989839107,Other,random,C_2O2,7.989830000,RC2_0046_ICR-3_p08
453.139975908,461.129815015,7.989839107,Other,random,C_2O2,7.989830000,RC2_0046_ICR-3_p08
319.139735342,327.144810384,8.005075042,Other,random,C2O_1,8.005085000,RC2_0046_ICR-3_p08
351.035667038,359.040742081,8.005075042,Other,random,C2O_1,8.005085000,RC2_0046_ICR-3_p08
239.092551906,247.097626948,8.005075042,Other,random,C2O_1,8.005085000,RC2_0046_ICR-3_p08
296.077520173,304.082595215,8.005075042,Other,random,C2O_1,8.005085000,RC2_0046_ICR-3_p08
503.205216529,511.210291571,8.005075042,Other,random,C2O_1,8.005085000,RC2_0046_ICR-3_p08
543.200283869,551.205358911,8.005075042,Other,random,C2O_1,8.005085000,RC2_0046_ICR-3_p08
561.210829467,569.215905509,8.005076042,Other,random,C2O_1,8.005085000,RC2_0046_ICR-3_p08
617.187817011,625.192893053,8.005076042,Other,random,C2O_1,8.005085000,RC2_0046_ICR-3_p08
225.004161669,233.009237711,8.005076042,Other,random,C2O_1,8.005085000,RC2_0046_ICR-3_p08
355.095319817,363.100395859,8.005076042,Other,random,C2O_1,8.005085000,RC2_0046_ICR-3_p08
411.215302754,419.220378796,8.005076042,Other,random,C2O_1,8.005085000,RC2_0046_ICR-3_p08
447.160280274,455.165356316,8.005076042,Other,random,C2O_1,8.005085000,RC2_0046_ICR-3_p08
563.213363972,571.218440014,8.005076042,Other,random,C2O_1,8.005085000,RC2_0046_ICR-3_p08
359.025494145,367.030570187,8.005076042,Other,random,C2O_1,8.005085000,RC2_0046_ICR-3_p08
437.085376012,445.090453054,8.005077042,Other,random,C2O_1,8.005085000,RC2_0046_ICR-3_p08
283.118744145,291.123821187,8.005077042,Other,random,C2O_1,8.005085000,RC2_0046_ICR-3_p08
377.100588470,385.105665512,8.005077042,Other,random,C2O_1,8.005085000,RC2_0046_ICR-3_p08
457.171308807,465.176385849,8.005077042,Other,random,C2O_1,8.005085000,RC2_0046_ICR-3_p08
229.035456568,237.040534610,8.005078042,Other,random,C2O_1,8.005085000,RC2_0046_ICR-3_p08
325.084766123,333.089844165,8.005078042,Other,random,C2O_1,8.005085000,RC2_0046_ICR-3_p08
343.066959842,351.072037884,8.005078042,Other,random,C2O_1,8.005085000,RC2_0046_ICR-3_p08
424.088423146,432.093501188,8.005078042,Other,random,C2O_1,8.005085000,RC2_0046_ICR-3_p08
603.135813620,611.140891662,8.005078042,Other,random,C2O_1,8.005085000,RC2_0046_ICR-3_p08
327.157851329,335.162930371,8.005079042,Other,random,C2O_1,8.005085000,RC2_0046_ICR-3_p08
559.036598690,567.041677732,8.005079042,Other,random,C2O_1,8.005085000,RC2_0046_ICR-3_p08
233.066774467,241.071853509,8.005079042,Other,random,C2O_1,8.005085000,RC2_0046_ICR-3_p08
471.150686506,479.155765548,8.005079042,Other,random,C2O_1,8.005085000,RC2_0046_ICR-3_p08
667.188245907,675.193325949,8.005080042,Other,random,C2O_1,8.005085000,RC2_0046_ICR-3_p08
227.056198964,235.061279006,8.005080042,Other,random,C2O_1,8.005085000,RC2_0046_ICR-3_p08
391.152659861,399.157739903,8.005080042,Other,random,C2O_1,8.005085000,RC2_0046_ICR-3_p08
407.220360701,415.225440743,8.005080042,Other,random,C2O_1,8.005085000,RC2_0046_ICR-3_p08
493.207676939,501.212756981,8.005080042,Other,random,C2O_1,8.005085000,RC2_0046_ICR-3_p08
407.111211164,415.116292206,8.005081042,Other,random,C2O_1,8.005085000,RC2_0046_ICR-3_p08
547.267739614,555.272820656,8.005081042,Other,random,C2O_1,8.005085000,RC2_0046_ICR-3_p08
257.066703658,265.071784701,8.005081042,Other,random,C2O_1,8.005085000,RC2_0046_ICR-3_p08
391.189115706,399.194197748,8.005082042,Other,random,C2O_1,8.005085000,RC2_0046_ICR-3_p08
457.134896961,465.139979003,8.005082042,Other,random,C2O_1,8.005085000,RC2_0046_ICR-3_p08
239.056148060,247.061230102,8.005082042,Other,random,C2O_1,8.005085000,RC2_0046_ICR-3_p08
271.082314204,279.087396246,8.005082042,Other,random,C2O_1,8.005085000,RC2_0046_ICR-3_p08
457.025877424,465.030959466,8.005082042,Other,random,C2O_1,8.005085000,RC2_0046_ICR-3_p08
517.134968439,525.140050481,8.005082042,Other,random,C2O_1,8.005085000,RC2_0046_ICR-3_p08
575.067690686,583.072772728,8.005082042,Other,random,C2O_1,8.005085000,RC2_0046_ICR-3_p08
519.150732888,527.155815930,8.005083042,Other,random,C2O_1,8.005085000,RC2_0046_ICR-3_p08
415.160831017,423.165914059,8.005083042,Other,random,C2O_1,8.005085000,RC2_0046_ICR-3_p08
471.142626540,479.147709582,8.005083042,Other,random,C2O_1,8.005085000,RC2_0046_ICR-3_p08
373.186690073,381.191773115,8.005083042,Other,random,C2O_1,8.005085000,RC2_0046_ICR-3_p08
549.234166273,557.239250315,8.005084042,Other,random,C2O_1,8.005085000,RC2_0046_ICR-3_p08
335.004389044,343.009473086,8.005084042,Other,random,C2O_1,8.005085000,RC2_0046_ICR-3_p08
453.067303216,461.072387258,8.005084042,Other,random,C2O_1,8.005085000,RC2_0046_ICR-3_p08
275.019730501,283.024814543,8.005084042,Other,random,C2O_1,8.005085000,RC2_0046_ICR-3_p08
298.093147623,306.098231665,8.005084042,Other,random,C2O_1,8.005085000,RC2_0046_ICR-3_p08
313.056432148,321.061516190,8.005084042,Other,random,C2O_1,8.005085000,RC2_0046_ICR-3_p08
270.061965532,278.067049574,8.005084042,Other,random,C2O_1,8.005085000,RC2_0046_ICR-3_p08
457.207825652,465.212909694,8.005084042,Other,random,C2O_1,8.005085000,RC2_0046_ICR-3_p08
313.092737994,321.097822036,8.005084042,Other,random,C2O_1,8.005085000,RC2_0046_ICR-3_p08
463.124446553,471.129530596,8.005084042,Other,random,C2O_1,8.005085000,RC2_0046_ICR-3_p08
513.052060759,521.057145801,8.005085042,Other,random,C2O_1,8.005085000,RC2_0046_ICR-3_p08
539.104131245,547.109216287,8.005085042,Other,random,C2O_1,8.005085000,RC2_0046_ICR-3_p08
465.139979003,473.145064046,8.005085042,Other,random,C2O_1,8.005085000,RC2_0046_ICR-3_p08
266.067068479,274.072153521,8.005085042,Other,random,C2O_1,8.005085000,RC2_0046_ICR-3_p08
447.123941428,455.129027470,8.005086042,Other,random,C2O_1,8.005085000,RC2_0046_ICR-3_p08
301.020034207,309.025120249,8.005086042,Other,random,C2O_1,8.005085000,RC2_0046_ICR-3_p08
227.128981655,235.134067698,8.005086042,Other,random,C2O_1,8.005085000,RC2_0046_ICR-3_p08
363.102831849,371.107917891,8.005086042,Other,random,C2O_1,8.005085000,RC2_0046_ICR-3_p08
388.059908980,396.064995022,8.005086042,Other,random,C2O_1,8.005085000,RC2_0046_ICR-3_p08
409.186496360,417.191582402,8.005086042,Other,random,C2O_1,8.005085000,RC2_0046_ICR-3_p08
447.186907161,455.191993203,8.005086042,Other,random,C2O_1,8.005085000,RC2_0046_ICR-3_p08
369.046234637,377.051321679,8.005087042,Other,random,C2O_1,8.005085000,RC2_0046_ICR-3_p08
419.155680071,427.160767113,8.005087042,Other,random,C2O_1,8.005085000,RC2_0046_ICR-3_p08
430.106955615,438.112042657,8.005087042,Other,random,C2O_1,8.005085000,RC2_0046_ICR-3_p08
453.189461698,461.194548740,8.005087042,Other,random,C2O_1,8.005085000,RC2_0046_ICR-3_p08
499.064788093,507.069875135,8.005087042,Other,random,C2O_1,8.005085000,RC2_0046_ICR-3_p08
259.061249198,267.066336240,8.005087042,Other,random,C2O_1,8.005085000,RC2_0046_ICR-3_p08
533.057301896,541.062388938,8.005087042,Other,random,C2O_1,8.005085000,RC2_0046_ICR-3_p08
375.102817945,383.107904987,8.005087042,Other,random,C2O_1,8.005085000,RC2_0046_ICR-3_p08
433.108261883,441.113348925,8.005087042,Other,random,C2O_1,8.005085000,RC2_0046_ICR-3_p08
309.074625039,317.079713081,8.005088042,Other,random,C2O_1,8.005085000,RC2_0046_ICR-3_p08
651.084406220,659.089494262,8.005088042,Other,random,C2O_1,8.005085000,RC2_0046_ICR-3_p08
697.235336446,705.240424488,8.005088042,Other,random,C2O_1,8.005085000,RC2_0046_ICR-3_p08
401.145149472,409.150237514,8.005088042,Other,random,C2O_1,8.005085000,RC2_0046_ICR-3_p08
445.134887866,453.139975908,8.005088042,Other,random,C2O_1,8.005085000,RC2_0046_ICR-3_p08
457.163258841,465.168346883,8.005088042,Other,random,C2O_1,8.005085000,RC2_0046_ICR-3_p08
523.085859195,531.090947237,8.005088042,Other,random,C2O_1,8.005085000,RC2_0046_ICR-3_p08
325.056365244,333.061454286,8.005089042,Other,random,C2O_1,8.005085000,RC2_0046_ICR-3_p08
371.098111933,379.103200975,8.005089042,Other,random,C2O_1,8.005085000,RC2_0046_ICR-3_p08
503.140495804,511.145584846,8.005089042,Other,random,C2O_1,8.005085000,RC2_0046_ICR-3_p08
599.190184357,607.195273399,8.005089042,Other,random,C2O_1,8.005085000,RC2_0046_ICR-3_p08
655.151884965,663.156974008,8.005089042,Other,random,C2O_1,8.005085000,RC2_0046_ICR-3_p08
325.020032398,333.025122440,8.005090042,Other,random,C2O_1,8.005085000,RC2_0046_ICR-3_p08
347.053659930,355.058749972,8.005090042,Other,random,C2O_1,8.005085000,RC2_0046_ICR-3_p08
541.119759694,549.124849736,8.005090042,Other,random,C2O_1,8.005085000,RC2_0046_ICR-3_p08
357.147287113,365.152377155,8.005090042,Other,random,C2O_1,8.005085000,RC2_0046_ICR-3_p08
287.150015044,295.155105086,8.005090042,Other,random,C2O_1,8.005085000,RC2_0046_ICR-3_p08
301.056416052,309.061506094,8.005090042,Other,random,C2O_1,8.005085000,RC2_0046_ICR-3_p08
309.097848940,317.102938982,8.005090042,Other,random,C2O_1,8.005085000,RC2_0046_ICR-3_p08
463.087943708,471.093033750,8.005090042,Other,random,C2O_1,8.005085000,RC2_0046_ICR-3_p08
479.132386647,487.137476689,8.005090042,Other,random,C2O_1,8.005085000,RC2_0046_ICR-3_p08
293.139342637,301.144433679,8.005091042,Other,random,C2O_1,8.005085000,RC2_0046_ICR-3_p08
347.162921467,355.168012509,8.005091042,Other,random,C2O_1,8.005085000,RC2_0046_ICR-3_p08
357.046081542,365.051172584,8.005091042,Other,random,C2O_1,8.005085000,RC2_0046_ICR-3_p08
403.124402076,411.129493118,8.005091042,Other,random,C2O_1,8.005085000,RC2_0046_ICR-3_p08
435.142513254,443.147604296,8.005091042,Other,random,C2O_1,8.005085000,RC2_0046_ICR-3_p08
439.246640844,447.251731886,8.005091042,Other,random,C2O_1,8.005085000,RC2_0046_ICR-3_p08
571.094035542,579.099126584,8.005091042,Other,random,C2O_1,8.005085000,RC2_0046_ICR-3_p08
251.113693911,259.118784953,8.005091042,Other,random,C2O_1,8.005085000,RC2_0046_ICR-3_p08
309.147307731,317.152398773,8.005091042,Other,random,C2O_1,8.005085000,RC2_0046_ICR-3_p08
471.114181661,479.119272703,8.005091042,Other,random,C2O_1,8.005085000,RC2_0046_ICR-3_p08
559.166854138,567.171945180,8.005091042,Other,random,C2O_1,8.005085000,RC2_0046_ICR-3_p08
611.125479727,619.130570769,8.005091042,Other,random,C2O_1,8.005085000,RC2_0046_ICR-3_p08
445.171375711,453.176467753,8.005092042,Other,random,C2O_1,8.005085000,RC2_0046_ICR-3_p08
501.124762355,509.129854397,8.005092042,Other,random,C2O_1,8.005085000,RC2_0046_ICR-3_p08
321.038195289,329.043287331,8.005092042,Other,random,C2O_1,8.005085000,RC2_0046_ICR-3_p08
363.121444770,371.126536812,8.005092042,Other,random,C2O_1,8.005085000,RC2_0046_ICR-3_p08
433.171294616,441.176386658,8.005092042,Other,random,C2O_1,8.005085000,RC2_0046_ICR-3_p08
523.145622941,531.150714983,8.005092042,Other,random,C2O_1,8.005085000,RC2_0046_ICR-3_p08
601.104609236,609.109701278,8.005092042,Other,random,C2O_1,8.005085000,RC2_0046_ICR-3_p08
545.179553472,553.184645515,8.005092042,Other,random,C2O_1,8.005085000,RC2_0046_ICR-3_p08
311.126596334,319.131689376,8.005093042,Other,random,C2O_1,8.005085000,RC2_0046_ICR-3_p08
377.014765834,385.019858876,8.005093042,Other,random,C2O_1,8.005085000,RC2_0046_ICR-3_p08
423.160315083,431.165408125,8.005093042,Other,random,C2O_1,8.005085000,RC2_0046_ICR-3_p08
405.113300639,413.118394681,8.005094042,Other,random,C2O_1,8.005085000,RC2_0046_ICR-3_p08
305.066572041,313.071666083,8.005094042,Other,random,C2O_1,8.005085000,RC2_0046_ICR-3_p08
393.059273773,401.064367815,8.005094042,Other,random,C2O_1,8.005085000,RC2_0046_ICR-3_p08
293.030243100,301.035337142,8.005094042,Other,random,C2O_1,8.005085000,RC2_0046_ICR-3_p08
345.191780828,353.196874871,8.005094042,Other,random,C2O_1,8.005085000,RC2_0046_ICR-3_p08
361.041140595,369.046234637,8.005094042,Other,random,C2O_1,8.005085000,RC2_0046_ICR-3_p08
437.145079759,445.150173801,8.005094042,Other,random,C2O_1,8.005085000,RC2_0046_ICR-3_p08
409.144710538,417.149804580,8.005094042,Other,random,C2O_1,8.005085000,RC2_0046_ICR-3_p08
571.203305079,579.208399121,8.005094042,Other,random,C2O_1,8.005085000,RC2_0046_ICR-3_p08
325.020032398,333.046238350,8.026205953,Other,random,C_1H4O,8.026215000,RC2_0046_ICR-3_p08
373.105781416,381.131987369,8.026205953,Other,random,C_1H4O,8.026215000,RC2_0046_ICR-3_p08
299.019651692,307.045857645,8.026205953,Other,random,C_1H4O,8.026215000,RC2_0046_ICR-3_p08
433.163258650,441.189464602,8.026205953,Other,random,C_1H4O,8.026215000,RC2_0046_ICR-3_p08
537.153347520,545.179553472,8.026205953,Other,random,C_1H4O,8.026215000,RC2_0046_ICR-3_p08
537.088629794,545.114835747,8.026205953,Other,random,C_1H4O,8.026215000,RC2_0046_ICR-3_p08
365.152377155,373.178584107,8.026206953,Other,random,C_1H4O,8.026215000,RC2_0046_ICR-3_p08
239.092551906,247.118758858,8.026206953,Other,random,C_1H4O,8.026215000,RC2_0046_ICR-3_p08
377.196806062,385.223013014,8.026206953,Other,random,C_1H4O,8.026215000,RC2_0046_ICR-3_p08
441.046034211,449.072241163,8.026206953,Other,random,C_1H4O,8.026215000,RC2_0046_ICR-3_p08
489.249171731,497.275378684,8.026206953,Other,random,C_1H4O,8.026215000,RC2_0046_ICR-3_p08
541.184620419,549.210827372,8.026206953,Other,random,C_1H4O,8.026215000,RC2_0046_ICR-3_p08
264.998979009,273.025186962,8.026207953,Other,random,C_1H4O,8.026215000,RC2_0046_ICR-3_p08
329.102931078,337.129139030,8.026207953,Other,random,C_1H4O,8.026215000,RC2_0046_ICR-3_p08
249.076919551,257.103127504,8.026207953,Other,random,C_1H4O,8.026215000,RC2_0046_ICR-3_p08
339.108406634,347.134614587,8.026207953,Other,random,C_1H4O,8.026215000,RC2_0046_ICR-3_p08
393.046244828,401.072452780,8.026207953,Other,random,C_1H4O,8.026215000,RC2_0046_ICR-3_p08
456.057082533,464.083290486,8.026207953,Other,random,C_1H4O,8.026215000,RC2_0046_ICR-3_p08
491.082886953,499.109094905,8.026207953,Other,random,C_1H4O,8.026215000,RC2_0046_ICR-3_p08
289.108144737,297.134352690,8.026207953,Other,random,C_1H4O,8.026215000,RC2_0046_ICR-3_p08
363.102831849,371.129039802,8.026207953,Other,random,C_1H4O,8.026215000,RC2_0046_ICR-3_p08
583.195078209,591.221286162,8.026207953,Other,random,C_1H4O,8.026215000,RC2_0046_ICR-3_p08
579.236732001,587.262940953,8.026208953,Other,random,C_1H4O,8.026215000,RC2_0046_ICR-3_p08
559.145736227,567.171945180,8.026208953,Other,random,C_1H4O,8.026215000,RC2_0046_ICR-3_p08
267.087477150,275.113686102,8.026208953,Other,random,C_1H4O,8.026215000,RC2_0046_ICR-3_p08
476.054980702,484.081189654,8.026208953,Other,random,C_1H4O,8.026215000,RC2_0046_ICR-3_p08
557.166361624,565.192570576,8.026208953,Other,random,C_1H4O,8.026215000,RC2_0046_ICR-3_p08
574.091496827,582.117706779,8.026209953,Other,random,C_1H4O,8.026215000,RC2_0046_ICR-3_p08
593.187617820,601.213827773,8.026209953,Other,random,C_1H4O,8.026215000,RC2_0046_ICR-3_p08
369.128625287,377.154835240,8.026209953,Other,random,C_1H4O,8.026215000,RC2_0046_ICR-3_p08
389.014911929,397.041121882,8.026209953,Other,random,C_1H4O,8.026215000,RC2_0046_ICR-3_p08
401.051228870,409.077438823,8.026209953,Other,random,C_1H4O,8.026215000,RC2_0046_ICR-3_p08
443.092520530,451.118730482,8.026209953,Other,random,C_1H4O,8.026215000,RC2_0046_ICR-3_p08
443.183858142,451.210068095,8.026209953,Other,random,C_1H4O,8.026215000,RC2_0046_ICR-3_p08
239.056148060,247.082359012,8.026210952,Other,random,C_1H4O,8.026215000,RC2_0046_ICR-3_p08
523.109276095,531.135487048,8.026210952,Other,random,C_1H4O,8.026215000,RC2_0046_ICR-3_p08
265.035417855,273.061628807,8.026210952,Other,random,C_1H4O,8.026215000,RC2_0046_ICR-3_p08
305.175747578,313.201958531,8.026210952,Other,random,C_1H4O,8.026215000,RC2_0046_ICR-3_p08
469.180899862,477.207110814,8.026210952,Other,random,C_1H4O,8.026215000,RC2_0046_ICR-3_p08
523.036377405,531.062589357,8.026211952,Other,random,C_1H4O,8.026215000,RC2_0046_ICR-3_p08
285.040394993,293.066606945,8.026211952,Other,random,C_1H4O,8.026215000,RC2_0046_ICR-3_p08
267.051077304,275.077289257,8.026211952,Other,random,C_1H4O,8.026215000,RC2_0046_ICR-3_p08
467.111214641,475.137426594,8.026211952,Other,random,C_1H4O,8.026215000,RC2_0046_ICR-3_p08
595.231419150,603.257631103,8.026211952,Other,random,C_1H4O,8.026215000,RC2_0046_ICR-3_p08
355.168012509,363.194225461,8.026212952,Other,random,C_1H4O,8.026215000,RC2_0046_ICR-3_p08
405.155339461,413.181552413,8.026212952,Other,random,C_1H4O,8.026215000,RC2_0046_ICR-3_p08
265.071784701,273.097998653,8.026213952,Other,random,C_1H4O,8.026215000,RC2_0046_ICR-3_p08
297.134352690,305.160566642,8.026213952,Other,random,C_1H4O,8.026215000,RC2_0046_ICR-3_p08
381.118949424,389.145163376,8.026213952,Other,random,C_1H4O,8.026215000,RC2_0046_ICR-3_p08
400.067213045,408.093426997,8.026213952,Other,random,C_1H4O,8.026215000,RC2_0046_ICR-3_p08
465.030959466,473.057173418,8.026213952,Other,random,C_1H4O,8.026215000,RC2_0046_ICR-3_p08
487.088062899,495.114276851,8.026213952,Other,random,C_1H4O,8.026215000,RC2_0046_ICR-3_p08
541.026221091,549.052435044,8.026213952,Other,random,C_1H4O,8.026215000,RC2_0046_ICR-3_p08
551.140640185,559.166854138,8.026213952,Other,random,C_1H4O,8.026215000,RC2_0046_ICR-3_p08
457.163258841,465.189472794,8.026213952,Other,random,C_1H4O,8.026215000,RC2_0046_ICR-3_p08
385.033059820,393.059273773,8.026213952,Other,random,C_1H4O,8.026215000,RC2_0046_ICR-3_p08
475.124479649,483.150693601,8.026213952,Other,random,C_1H4O,8.026215000,RC2_0046_ICR-3_p08
279.160184937,287.186398890,8.026213952,Other,random,C_1H4O,8.026215000,RC2_0046_ICR-3_p08
417.046213019,425.072427972,8.026214952,Other,random,C_1H4O,8.026215000,RC2_0046_ICR-3_p08
419.134552160,427.160767113,8.026214952,Other,random,C_1H4O,8.026215000,RC2_0046_ICR-3_p08
489.067343503,497.093558455,8.026214952,Other,random,C_1H4O,8.026215000,RC2_0046_ICR-3_p08
315.100302478,323.126518430,8.026215952,Other,random,C_1H4O,8.026215000,RC2_0046_ICR-3_p08
397.105762607,405.131978560,8.026215952,Other,random,C_1H4O,8.026215000,RC2_0046_ICR-3_p08
461.231076585,469.257292538,8.026215952,Other,random,C_1H4O,8.026215000,RC2_0046_ICR-3_p08
587.068012780,595.094229732,8.026216952,Other,random,C_1H4O,8.026215000,RC2_0046_ICR-3_p08
302.030626920,310.056843872,8.026216952,Other,random,C_1H4O,8.026215000,RC2_0046_ICR-3_p08
619.130570769,627.156788722,8.026217952,Other,random,C_1H4O,8.026215000,RC2_0046_ICR-3_p08
235.061279006,243.087497959,8.026218952,Other,random,C_1H4O,8.026215000,RC2_0046_ICR-3_p08
405.082477770,413.108696722,8.026218952,Other,random,C_1H4O,8.026215000,RC2_0046_ICR-3_p08
439.152643243,447.178862195,8.026218952,Other,random,C_1H4O,8.026215000,RC2_0046_ICR-3_p08
473.158241990,481.184460942,8.026218952,Other,random,C_1H4O,8.026215000,RC2_0046_ICR-3_p08
495.114276851,503.140495804,8.026218952,Other,random,C_1H4O,8.026215000,RC2_0046_ICR-3_p08
303.160082129,311.186302081,8.026219952,Other,random,C_1H4O,8.026215000,RC2_0046_ICR-3_p08
307.009491799,315.035711752,8.026219952,Other,random,C_1H4O,8.026215000,RC2_0046_ICR-3_p08
353.014920642,361.041140595,8.026219952,Other,random,C_1H4O,8.026215000,RC2_0046_ICR-3_p08
501.080463543,509.106683495,8.026219952,Other,random,C_1H4O,8.026215000,RC2_0046_ICR-3_p08
525.067397789,533.093617741,8.026219952,Other,random,C_1H4O,8.026215000,RC2_0046_ICR-3_p08
371.126536812,379.152756765,8.026219952,Other,random,C_1H4O,8.026215000,RC2_0046_ICR-3_p08
381.082418579,389.108638531,8.026219952,Other,random,C_1H4O,8.026215000,RC2_0046_ICR-3_p08
401.137065506,409.163286459,8.026220952,Other,random,C_1H4O,8.026215000,RC2_0046_ICR-3_p08
505.098679497,513.124900450,8.026220952,Other,random,C_1H4O,8.026215000,RC2_0046_ICR-3_p08
619.167014615,627.193235567,8.026220952,Other,random,C_1H4O,8.026215000,RC2_0046_ICR-3_p08
501.262250771,509.288471724,8.026220952,Other,random,C_1H4O,8.026215000,RC2_0046_ICR-3_p08
231.029927108,239.056148060,8.026220952,Other,random,C_1H4O,8.026215000,RC2_0046_ICR-3_p08
333.097906131,341.124127084,8.026220952,Other,random,C_1H4O,8.026215000,RC2_0046_ICR-3_p08
409.077438823,417.103659775,8.026220952,Other,random,C_1H4O,8.026215000,RC2_0046_ICR-3_p08
701.100661049,709.126882001,8.026220952,Other,random,C_1H4O,8.026215000,RC2_0046_ICR-3_p08
483.129501691,491.155723644,8.026221952,Other,random,C_1H4O,8.026215000,RC2_0046_ICR-3_p08
501.067371598,509.093593551,8.026221952,Other,random,C_1H4O,8.026215000,RC2_0046_ICR-3_p08
318.025419069,326.051641022,8.026221952,Other,random,C_1H4O,8.026215000,RC2_0046_ICR-3_p08
361.129067222,369.155289174,8.026221952,Other,random,C_1H4O,8.026215000,RC2_0046_ICR-3_p08
337.201905722,345.228127674,8.026221952,Other,random,C_1H4O,8.026215000,RC2_0046_ICR-3_p08
423.020394676,431.046616629,8.026221952,Other,random,C_1H4O,8.026215000,RC2_0046_ICR-3_p08
317.102938982,325.129161935,8.026222952,Other,random,C_1H4O,8.026215000,RC2_0046_ICR-3_p08
321.111003980,329.137226933,8.026222952,Other,random,C_1H4O,8.026215000,RC2_0046_ICR-3_p08
373.178584107,381.204807060,8.026222952,Other,random,C_1H4O,8.026215000,RC2_0046_ICR-3_p08
517.098707592,525.124930545,8.026222952,Other,random,C_1H4O,8.026215000,RC2_0046_ICR-3_p08
249.040480706,257.066703658,8.026222952,Other,random,C_1H4O,8.026215000,RC2_0046_ICR-3_p08
416.062200193,424.088423146,8.026222952,Other,random,C_1H4O,8.026215000,RC2_0046_ICR-3_p08
357.055879500,365.082103453,8.026223952,Other,random,C_1H4O,8.026215000,RC2_0046_ICR-3_p08
373.214900953,381.241124906,8.026223952,Other,random,C_1H4O,8.026215000,RC2_0046_ICR-3_p08
461.158034895,469.184258847,8.026223952,Other,random,C_1H4O,8.026215000,RC2_0046_ICR-3_p08
233.009237711,241.035461664,8.026223952,Other,random,C_1H4O,8.026215000,RC2_0046_ICR-3_p08
299.032745637,307.058969589,8.026223952,Other,random,C_1H4O,8.026215000,RC2_0046_ICR-3_p08
393.009625983,401.035849936,8.026223952,Other,random,C_1H4O,8.026215000,RC2_0046_ICR-3_p08
523.218322633,531.244547585,8.026224952,Other,random,C_1H4O,8.026215000,RC2_0046_ICR-3_p08
477.030979561,485.057204514,8.026224952,Other,random,C_1H4O,8.026215000,RC2_0046_ICR-3_p08
557.215890414,565.242115366,8.026224952,Other,random,C_1H4O,8.026215000,RC2_0046_ICR-3_p08
455.129027470,463.155252423,8.026224952,Other,random,C_1H4O,8.026215000,RC2_0046_ICR-3_p08
341.160435930,349.201896817,8.041460888,Other,random,C3H4O_2,8.041470000,RC2_0046_ICR-3_p08
333.118975042,341.160435930,8.041460888,Other,random,C3H4O_2,8.041470000,RC2_0046_ICR-3_p08
337.092807185,345.134268072,8.041460888,Other,random,C3H4O_2,8.041470000,RC2_0046_ICR-3_p08
351.102776754,359.144237642,8.041460888,Other,random,C3H4O_2,8.041470000,RC2_0046_ICR-3_p08
381.204807060,389.246267948,8.041460888,Other,random,C3H4O_2,8.041470000,RC2_0046_ICR-3_p08
447.020355868,455.061816755,8.041460888,Other,random,C3H4O_2,8.041470000,RC2_0046_ICR-3_p08
593.187617820,601.229078708,8.041460888,Other,random,C3H4O_2,8.041470000,RC2_0046_ICR-3_p08
393.132102464,401.173563352,8.041460888,Other,random,C3H4O_2,8.041470000,RC2_0046_ICR-3_p08
541.119759694,549.161221582,8.041461888,Other,random,C3H4O_2,8.041470000,RC2_0046_ICR-3_p08
283.131711090,291.173172978,8.041461888,Other,random,C3H4O_2,8.041470000,RC2_0046_ICR-3_p08
475.254720096,483.296181984,8.041461888,Other,random,C3H4O_2,8.041470000,RC2_0046_ICR-3_p08
305.030204195,313.071666083,8.041461888,Other,random,C3H4O_2,8.041470000,RC2_0046_ICR-3_p08
589.205608712,597.247071600,8.041462888,Other,random,C3H4O_2,8.041470000,RC2_0046_ICR-3_p08
253.035401759,261.076864647,8.041462888,Other,random,C3H4O_2,8.041470000,RC2_0046_ICR-3_p08
453.116572007,461.158034895,8.041462888,Other,random,C3H4O_2,8.041470000,RC2_0046_ICR-3_p08
225.113277206,233.154740094,8.041462888,Other,random,C3H4O_2,8.041470000,RC2_0046_ICR-3_p08
375.085110020,383.126572908,8.041462888,Other,random,C3H4O_2,8.041470000,RC2_0046_ICR-3_p08
441.139909813,449.181372701,8.041462888,Other,random,C3H4O_2,8.041470000,RC2_0046_ICR-3_p08
459.178979290,467.220442178,8.041462888,Other,random,C3H4O_2,8.041470000,RC2_0046_ICR-3_p08
467.205157243,475.246620131,8.041462888,Other,random,C3H4O_2,8.041470000,RC2_0046_ICR-3_p08
333.038185384,341.079649272,8.041463888,Other,random,C3H4O_2,8.041470000,RC2_0046_ICR-3_p08
319.045834741,327.087299628,8.041464888,Other,random,C3H4O_2,8.041470000,RC2_0046_ICR-3_p08
365.051172584,373.092637472,8.041464888,Other,random,C3H4O_2,8.041470000,RC2_0046_ICR-3_p08
503.010230356,511.051695244,8.041464888,Other,random,C3H4O_2,8.041470000,RC2_0046_ICR-3_p08
255.051044209,263.092509097,8.041464888,Other,random,C3H4O_2,8.041470000,RC2_0046_ICR-3_p08
495.199928488,503.241394376,8.041465888,Other,random,C3H4O_2,8.041470000,RC2_0046_ICR-3_p08
281.066678850,289.108144737,8.041465888,Other,random,C3H4O_2,8.041470000,RC2_0046_ICR-3_p08
309.183695576,317.225161464,8.041465888,Other,random,C3H4O_2,8.041470000,RC2_0046_ICR-3_p08
343.103348688,351.144815575,8.041466888,Other,random,C3H4O_2,8.041470000,RC2_0046_ICR-3_p08
413.108696722,421.150163610,8.041466888,Other,random,C3H4O_2,8.041470000,RC2_0046_ICR-3_p08
587.189952263,595.231419150,8.041466888,Other,random,C3H4O_2,8.041470000,RC2_0046_ICR-3_p08
227.092600810,235.134067698,8.041466888,Other,random,C3H4O_2,8.041470000,RC2_0046_ICR-3_p08
331.058887781,339.100354669,8.041466888,Other,random,C3H4O_2,8.041470000,RC2_0046_ICR-3_p08
363.102831849,371.144298737,8.041466888,Other,random,C3H4O_2,8.041470000,RC2_0046_ICR-3_p08
369.113367352,377.154835240,8.041467888,Other,random,C3H4O_2,8.041470000,RC2_0046_ICR-3_p08
543.244462681,551.285930569,8.041467888,Other,random,C3H4O_2,8.041470000,RC2_0046_ICR-3_p08
377.087562525,385.129030413,8.041467888,Other,random,C3H4O_2,8.041470000,RC2_0046_ICR-3_p08
365.246186757,373.287654645,8.041467888,Other,random,C3H4O_2,8.041470000,RC2_0046_ICR-3_p08
369.168415119,377.209883006,8.041467888,Other,random,C3H4O_2,8.041470000,RC2_0046_ICR-3_p08
457.090642149,465.132110037,8.041467888,Other,random,C3H4O_2,8.041470000,RC2_0046_ICR-3_p08
309.055853118,317.097322006,8.041468888,Other,random,C3H4O_2,8.041470000,RC2_0046_ICR-3_p08
371.053802121,379.095271009,8.041468888,Other,random,C3H4O_2,8.041470000,RC2_0046_ICR-3_p08
461.093536169,469.135005056,8.041468888,Other,random,C3H4O_2,8.041470000,RC2_0046_ICR-3_p08
355.066835938,363.108305826,8.041469888,Other,random,C3H4O_2,8.041470000,RC2_0046_ICR-3_p08
415.051660480,423.093130368,8.041469888,Other,random,C3H4O_2,8.041470000,RC2_0046_ICR-3_p08
475.101163748,483.142633635,8.041469888,Other,random,C3H4O_2,8.041470000,RC2_0046_ICR-3_p08
421.071847942,429.113317830,8.041469888,Other,random,C3H4O_2,8.041470000,RC2_0046_ICR-3_p08
581.151200879,589.192670767,8.041469888,Other,random,C3H4O_2,8.041470000,RC2_0046_ICR-3_p08
531.127359082,539.168829970,8.041470888,Other,random,C3H4O_2,8.041470000,RC2_0046_ICR-3_p08
549.101665835,557.143136722,8.041470888,Other,random,C3H4O_2,8.041470000,RC2_0046_ICR-3_p08
295.009489704,303.050960591,8.041470888,Other,random,C3H4O_2,8.041470000,RC2_0046_ICR-3_p08
296.041124327,304.082595215,8.041470888,Other,random,C3H4O_2,8.041470000,RC2_0046_ICR-3_p08
301.020034207,309.061506094,8.041471888,Other,random,C3H4O_2,8.041470000,RC2_0046_ICR-3_p08
567.062702643,575.104174531,8.041471888,Other,random,C3H4O_2,8.041470000,RC2_0046_ICR-3_p08
449.103177032,457.144648920,8.041471888,Other,random,C3H4O_2,8.041470000,RC2_0046_ICR-3_p08
283.118744145,291.160217032,8.041472888,Other,random,C3H4O_2,8.041470000,RC2_0046_ICR-3_p08
469.062119366,477.103592253,8.041472888,Other,random,C3H4O_2,8.041470000,RC2_0046_ICR-3_p08
483.114250756,491.155723644,8.041472888,Other,random,C3H4O_2,8.041470000,RC2_0046_ICR-3_p08
307.045857645,315.087331533,8.041473888,Other,random,C3H4O_2,8.041470000,RC2_0046_ICR-3_p08
513.161221295,521.202695183,8.041473888,Other,random,C3H4O_2,8.041470000,RC2_0046_ICR-3_p08
367.103365879,375.144839766,8.041473888,Other,random,C3H4O_2,8.041470000,RC2_0046_ICR-3_p08
451.160809304,459.202283191,8.041473888,Other,random,C3H4O_2,8.041470000,RC2_0046_ICR-3_p08
453.153074852,461.194548740,8.041473888,Other,random,C3H4O_2,8.041470000,RC2_0046_ICR-3_p08
463.118840577,471.160314465,8.041473888,Other,random,C3H4O_2,8.041470000,RC2_0046_ICR-3_p08
475.064622903,483.106096790,8.041473888,Other,random,C3H4O_2,8.041470000,RC2_0046_ICR-3_p08
559.166854138,567.208328026,8.041473888,Other,random,C3H4O_2,8.041470000,RC2_0046_ICR-3_p08
649.177736308,657.219210196,8.041473888,Other,random,C3H4O_2,8.041470000,RC2_0046_ICR-3_p08
467.241379089,475.282852977,8.041473888,Other,random,C3H4O_2,8.041470000,RC2_0046_ICR-3_p08
565.192570576,573.234045464,8.041474888,Other,random,C3H4O_2,8.041470000,RC2_0046_ICR-3_p08
349.050777458,357.092252346,8.041474888,Other,random,C3H4O_2,8.041470000,RC2_0046_ICR-3_p08
351.157780520,359.199255408,8.041474888,Other,random,C3H4O_2,8.041470000,RC2_0046_ICR-3_p08
393.076965698,401.118440585,8.041474888,Other,random,C3H4O_2,8.041470000,RC2_0046_ICR-3_p08
393.046244828,401.087719716,8.041474888,Other,random,C3H4O_2,8.041470000,RC2_0046_ICR-3_p08
437.194494549,445.235969437,8.041474888,Other,random,C3H4O_2,8.041470000,RC2_0046_ICR-3_p08
595.203246270,603.244721158,8.041474888,Other,random,C3H4O_2,8.041470000,RC2_0046_ICR-3_p08
655.115499120,663.156974008,8.041474888,Other,random,C3H4O_2,8.041470000,RC2_0046_ICR-3_p08
233.066774467,241.108249355,8.041474888,Other,random,C3H4O_2,8.041470000,RC2_0046_ICR-3_p08
357.118870233,365.160345121,8.041474888,Other,random,C3H4O_2,8.041470000,RC2_0046_ICR-3_p08
367.030570187,375.072046075,8.041475888,Other,random,C3H4O_2,8.041470000,RC2_0046_ICR-3_p08
353.124102179,361.165578067,8.041475888,Other,random,C3H4O_2,8.041470000,RC2_0046_ICR-3_p08
377.124064370,385.165540258,8.041475888,Other,random,C3H4O_2,8.041470000,RC2_0046_ICR-3_p08
509.166310242,517.207786130,8.041475888,Other,random,C3H4O_2,8.041470000,RC2_0046_ICR-3_p08
263.150014853,271.191490741,8.041475888,Other,random,C3H4O_2,8.041470000,RC2_0046_ICR-3_p08
353.137136124,361.178612012,8.041475888,Other,random,C3H4O_2,8.041470000,RC2_0046_ICR-3_p08
467.046583916,475.088059803,8.041475888,Other,random,C3H4O_2,8.041470000,RC2_0046_ICR-3_p08
336.036034667,344.077510555,8.041475888,Other,random,C3H4O_2,8.041470000,RC2_0046_ICR-3_p08
366.082980207,374.124457095,8.041476888,Other,random,C3H4O_2,8.041470000,RC2_0046_ICR-3_p08
385.077519632,393.118996519,8.041476888,Other,random,C3H4O_2,8.041470000,RC2_0046_ICR-3_p08
409.163286459,417.204763347,8.041476888,Other,random,C3H4O_2,8.041470000,RC2_0046_ICR-3_p08
333.082649196,341.124127084,8.041477888,Other,random,C3H4O_2,8.041470000,RC2_0046_ICR-3_p08
353.116068213,361.157546101,8.041477888,Other,random,C3H4O_2,8.041470000,RC2_0046_ICR-3_p08
381.131987369,389.173465256,8.041477888,Other,random,C3H4O_2,8.041470000,RC2_0046_ICR-3_p08
495.077938005,503.119415893,8.041477888,Other,random,C3H4O_2,8.041470000,RC2_0046_ICR-3_p08
501.030836753,509.072314641,8.041477888,Other,random,C3H4O_2,8.041470000,RC2_0046_ICR-3_p08
513.088488604,521.129966492,8.041477888,Other,random,C3H4O_2,8.041470000,RC2_0046_ICR-3_p08
542.195608130,550.237086018,8.041477888,Other,random,C3H4O_2,8.041470000,RC2_0046_ICR-3_p08
251.019771310,259.061249198,8.041477888,Other,random,C3H4O_2,8.041470000,RC2_0046_ICR-3_p08
239.056148060,247.097626948,8.041478888,Other,random,C3H4O_2,8.041470000,RC2_0046_ICR-3_p08
513.052060759,521.093539646,8.041478888,Other,random,C3H4O_2,8.041470000,RC2_0046_ICR-3_p08
359.126588716,367.168067604,8.041478888,Other,random,C3H4O_2,8.041470000,RC2_0046_ICR-3_p08
391.061341248,399.102820136,8.041478888,Other,random,C3H4O_2,8.041470000,RC2_0046_ICR-3_p08
393.168270310,401.209749198,8.041478888,Other,random,C3H4O_2,8.041470000,RC2_0046_ICR-3_p08
465.189472794,473.230952681,8.041479888,Other,random,C3H4O_2,8.041470000,RC2_0046_ICR-3_p08
497.093558455,505.135038343,8.041479888,Other,random,C3H4O_2,8.041470000,RC2_0046_ICR-3_p08
381.118949424,389.160429312,8.041479888,Other,random,C3H4O_2,8.041470000,RC2_0046_ICR-3_p08
445.207696557,453.249176445,8.041479888,Other,random,C3H4O_2,8.041470000,RC2_0046_ICR-3_p08
571.239670924,579.281150812,8.041479888,Other,random,C3H4O_2,8.041470000,RC2_0046_ICR-3_p08
509.057227705,517.098707592,8.041479888,Other,random,C3H4O_2,8.041470000,RC2_0046_ICR-3_p08
335.149919426,343.212510225,8.062590798,Other,random,H8,8.062600000,RC2_0046_ICR-3_p08
401.191287276,409.253878075,8.062590798,Other,random,H8,8.062600000,RC2_0046_ICR-3_p08
251.056194155,259.118784953,8.062590798,Other,random,H8,8.062600000,RC2_0046_ICR-3_p08
353.051312488,361.113903286,8.062590798,Other,random,H8,8.062600000,RC2_0046_ICR-3_p08
249.113295397,257.175886195,8.062590798,Other,random,H8,8.062600000,RC2_0046_ICR-3_p08
285.040394993,293.102986791,8.062591798,Other,random,H8,8.062600000,RC2_0046_ICR-3_p08
349.019999589,357.082591387,8.062591798,Other,random,H8,8.062600000,RC2_0046_ICR-3_p08
411.085032307,419.147624105,8.062591798,Other,random,H8,8.062600000,RC2_0046_ICR-3_p08
435.020272772,443.082864571,8.062591798,Other,random,H8,8.062600000,RC2_0046_ICR-3_p08
527.132518029,535.195109827,8.062591798,Other,random,H8,8.062600000,RC2_0046_ICR-3_p08
527.205146721,535.267738519,8.062591798,Other,random,H8,8.062600000,RC2_0046_ICR-3_p08
559.145736227,567.208328026,8.062591798,Other,random,H8,8.062600000,RC2_0046_ICR-3_p08
719.110869649,727.173461447,8.062591798,Other,random,H8,8.062600000,RC2_0046_ICR-3_p08
301.108103833,309.170696631,8.062592798,Other,random,H8,8.062600000,RC2_0046_ICR-3_p08
317.066569137,325.129161935,8.062592798,Other,random,H8,8.062600000,RC2_0046_ICR-3_p08
347.040703985,355.103296783,8.062592798,Other,random,H8,8.062600000,RC2_0046_ICR-3_p08
355.131632663,363.194225461,8.062592798,Other,random,H8,8.062600000,RC2_0046_ICR-3_p08
519.200250678,527.262843476,8.062592798,Other,random,H8,8.062600000,RC2_0046_ICR-3_p08
384.036035050,392.098628848,8.062593798,Other,random,H8,8.062600000,RC2_0046_ICR-3_p08
413.064265911,421.126859709,8.062593798,Other,random,H8,8.062600000,RC2_0046_ICR-3_p08
553.184645515,561.247239313,8.062593798,Other,random,H8,8.062600000,RC2_0046_ICR-3_p08
675.193325949,683.255919747,8.062593798,Other,random,H8,8.062600000,RC2_0046_ICR-3_p08
307.009491799,315.072085597,8.062593798,Other,random,H8,8.062600000,RC2_0046_ICR-3_p08
439.197172054,447.259765852,8.062593798,Other,random,H8,8.062600000,RC2_0046_ICR-3_p08
443.038280760,451.100874558,8.062593798,Other,random,H8,8.062600000,RC2_0046_ICR-3_p08
463.124446553,471.187040352,8.062593798,Other,random,H8,8.062600000,RC2_0046_ICR-3_p08
531.041537446,539.104131245,8.062593798,Other,random,H8,8.062600000,RC2_0046_ICR-3_p08
453.131953942,461.194548740,8.062594798,Other,random,H8,8.062600000,RC2_0046_ICR-3_p08
353.152336059,361.214930858,8.062594798,Other,random,H8,8.062600000,RC2_0046_ICR-3_p08
391.066942224,399.129537022,8.062594798,Other,random,H8,8.062600000,RC2_0046_ICR-3_p08
277.071757796,285.134353594,8.062595798,Other,random,H8,8.062600000,RC2_0046_ICR-3_p08
293.030243100,301.092838898,8.062595798,Other,random,H8,8.062600000,RC2_0046_ICR-3_p08
425.173575543,433.236171341,8.062595798,Other,random,H8,8.062600000,RC2_0046_ICR-3_p08
495.041546160,503.104141958,8.062595798,Other,random,H8,8.062600000,RC2_0046_ICR-3_p08
255.051044209,263.113640007,8.062595798,Other,random,H8,8.062600000,RC2_0046_ICR-3_p08
311.141840270,319.204436068,8.062595798,Other,random,H8,8.062600000,RC2_0046_ICR-3_p08
361.050771554,369.113367352,8.062595798,Other,random,H8,8.062600000,RC2_0046_ICR-3_p08
321.170683727,329.233280525,8.062596798,Other,random,H8,8.062600000,RC2_0046_ICR-3_p08
442.041535988,450.104132786,8.062596798,Other,random,H8,8.062600000,RC2_0046_ICR-3_p08
485.121728240,493.184325038,8.062596798,Other,random,H8,8.062600000,RC2_0046_ICR-3_p08
321.074629134,329.137226933,8.062597798,Other,random,H8,8.062600000,RC2_0046_ICR-3_p08
345.074538326,353.137136124,8.062597798,Other,random,H8,8.062600000,RC2_0046_ICR-3_p08
485.108661296,493.171259094,8.062597798,Other,random,H8,8.062600000,RC2_0046_ICR-3_p08
295.009489704,303.072087502,8.062597798,Other,random,H8,8.062600000,RC2_0046_ICR-3_p08
306.061948819,314.124547617,8.062598798,Other,random,H8,8.062600000,RC2_0046_ICR-3_p08
389.064309719,397.126908518,8.062598798,Other,random,H8,8.062600000,RC2_0046_ICR-3_p08
419.061807469,427.124406267,8.062598798,Other,random,H8,8.062600000,RC2_0046_ICR-3_p08
550.120282514,558.182881312,8.062598798,Other,random,H8,8.062600000,RC2_0046_ICR-3_p08
415.079877360,423.142477159,8.062599798,Other,random,H8,8.062600000,RC2_0046_ICR-3_p08
422.145494388,430.208094186,8.062599798,Other,random,H8,8.062600000,RC2_0046_ICR-3_p08
519.259831425,527.322431223,8.062599798,Other,random,H8,8.062600000,RC2_0046_ICR-3_p08
581.143008914,589.205608712,8.062599798,Other,random,H8,8.062600000,RC2_0046_ICR-3_p08
511.051695244,519.114295042,8.062599798,Other,random,H8,8.062600000,RC2_0046_ICR-3_p08
435.056770618,443.119370416,8.062599798,Other,random,H8,8.062600000,RC2_0046_ICR-3_p08
511.210291571,519.272892370,8.062600798,Other,random,H8,8.062600000,RC2_0046_ICR-3_p08
457.113785051,465.176385849,8.062600798,Other,random,H8,8.062600000,RC2_0046_ICR-3_p08
315.050887687,323.113488485,8.062600798,Other,random,H8,8.062600000,RC2_0046_ICR-3_p08
341.116034118,349.178634916,8.062600798,Other,random,H8,8.062600000,RC2_0046_ICR-3_p08
373.032836726,381.095437524,8.062600798,Other,random,H8,8.062600000,RC2_0046_ICR-3_p08
453.204700633,461.267301432,8.062600798,Other,random,H8,8.062600000,RC2_0046_ICR-3_p08
437.108773913,445.171375711,8.062601798,Other,random,H8,8.062600000,RC2_0046_ICR-3_p08
441.204789537,449.267391336,8.062601798,Other,random,H8,8.062600000,RC2_0046_ICR-3_p08
435.165894155,443.228496953,8.062602798,Other,random,H8,8.062600000,RC2_0046_ICR-3_p08
303.123699283,311.186302081,8.062602798,Other,random,H8,8.062600000,RC2_0046_ICR-3_p08
331.058887781,339.121490579,8.062602798,Other,random,H8,8.062600000,RC2_0046_ICR-3_p08
409.105700703,417.168303501,8.062602798,Other,random,H8,8.062600000,RC2_0046_ICR-3_p08
481.090531341,489.153135139,8.062603798,Other,random,H8,8.062600000,RC2_0046_ICR-3_p08
289.108144737,297.170748536,8.062603798,Other,random,H8,8.062600000,RC2_0046_ICR-3_p08
465.132110037,473.194713835,8.062603798,Other,random,H8,8.062600000,RC2_0046_ICR-3_p08
537.052231949,545.114835747,8.062603798,Other,random,H8,8.062600000,RC2_0046_ICR-3_p08
253.071840605,261.134445403,8.062604798,Other,random,H8,8.062600000,RC2_0046_ICR-3_p08
359.090102871,367.152707669,8.062604798,Other,random,H8,8.062600000,RC2_0046_ICR-3_p08
453.168471787,461.231076585,8.062604798,Other,random,H8,8.062600000,RC2_0046_ICR-3_p08
266.067068479,274.129673277,8.062604798,Other,random,H8,8.062600000,RC2_0046_ICR-3_p08
385.105665512,393.168270310,8.062604798,Other,random,H8,8.062600000,RC2_0046_ICR-3_p08
473.072409354,481.135014152,8.062604798,Other,random,H8,8.062600000,RC2_0046_ICR-3_p08
331.009427991,339.072033789,8.062605798,Other,random,H8,8.062600000,RC2_0046_ICR-3_p08
347.186231368,355.248837166,8.062605798,Other,random,H8,8.062600000,RC2_0046_ICR-3_p08
465.168346883,473.230952681,8.062605798,Other,random,H8,8.062600000,RC2_0046_ICR-3_p08
429.204747442,437.267353240,8.062605798,Other,random,H8,8.062600000,RC2_0046_ICR-3_p08
457.041052359,465.103658158,8.062605798,Other,random,H8,8.062600000,RC2_0046_ICR-3_p08
509.166310242,517.228916040,8.062605798,Other,random,H8,8.062600000,RC2_0046_ICR-3_p08
373.069380571,381.131987369,8.062606798,Other,random,H8,8.062600000,RC2_0046_ICR-3_p08
345.134268072,353.196874871,8.062606798,Other,random,H8,8.062600000,RC2_0046_ICR-3_p08
401.014832025,409.077438823,8.062606798,Other,random,H8,8.062600000,RC2_0046_ICR-3_p08
423.093130368,431.155737166,8.062606798,Other,random,H8,8.062600000,RC2_0046_ICR-3_p08
461.181466796,469.244073594,8.062606798,Other,random,H8,8.062600000,RC2_0046_ICR-3_p08
381.147160304,389.209768102,8.062607798,Other,random,H8,8.062600000,RC2_0046_ICR-3_p08
400.067213045,408.129820843,8.062607798,Other,random,H8,8.062600000,RC2_0046_ICR-3_p08
499.173960630,507.236568428,8.062607798,Other,random,H8,8.062600000,RC2_0046_ICR-3_p08
304.046170370,312.108778168,8.062607798,Other,random,H8,8.062600000,RC2_0046_ICR-3_p08
471.056664905,479.119272703,8.062607798,Other,random,H8,8.062600000,RC2_0046_ICR-3_p08
267.051077304,275.113686102,8.062608798,Other,random,H8,8.062600000,RC2_0046_ICR-3_p08
325.121134969,333.183743767,8.062608798,Other,random,H8,8.062600000,RC2_0046_ICR-3_p08
479.155765548,487.218374346,8.062608798,Other,random,H8,8.062600000,RC2_0046_ICR-3_p08
225.040542515,233.103151313,8.062608798,Other,random,H8,8.062600000,RC2_0046_ICR-3_p08
601.229078708,609.291688506,8.062609798,Other,random,H8,8.062600000,RC2_0046_ICR-3_p08
547.218436823,555.281046622,8.062609798,Other,random,H8,8.062600000,RC2_0046_ICR-3_p08
325.056365244,333.118975042,8.062609798,Other,random,H8,8.062600000,RC2_0046_ICR-3_p08
385.019858876,393.082468674,8.062609798,Other,random,H8,8.062600000,RC2_0046_ICR-3_p08
423.129399214,431.192009012,8.062609798,Other,random,H8,8.062600000,RC2_0046_ICR-3_p08
471.215352231,479.277962030,8.062609798,Other,random,H8,8.062600000,RC2_0046_ICR-3_p08
561.124799832,569.187409630,8.062609798,Other,random,H8,8.062600000,RC2_0046_ICR-3_p08
434.072684792,443.038280760,8.965595968,Other,random,C_2N_1O1P1,8.965604000,RC2_0046_ICR-3_p08
438.067594846,447.033191813,8.965596968,Other,random,C_2N_1O1P1,8.965604000,RC2_0046_ICR-3_p08
502.135615067,511.101215034,8.965599968,Other,random,C_2N_1O1P1,8.965604000,RC2_0046_ICR-3_p08
490.171960817,499.137561784,8.965600968,Other,random,C_2N_1O1P1,8.965604000,RC2_0046_ICR-3_p08
460.124737278,469.090340246,8.965602968,Other,random,C_2N_1O1P1,8.965604000,RC2_0046_ICR-3_p08
352.103685508,361.069290475,8.965604968,Other,random,C_2N_1O1P1,8.965604000,RC2_0046_ICR-3_p08
582.219375348,591.184987316,8.965611968,Other,random,C_2N_1O1P1,8.965604000,RC2_0046_ICR-3_p08
560.141220004,569.106832972,8.965612968,Other,random,C_2N_1O1P1,8.965604000,RC2_0046_ICR-3_p08
317.124150892,326.124475713,9.000324820,Other,random,C1H_1N1O_1,9.000334000,RC2_0046_ICR-3_p08
270.061965532,279.062293352,9.000327820,Other,random,C1H_1N1O_1,9.000334000,RC2_0046_ICR-3_p08
393.046244828,402.046572648,9.000327820,Other,random,C1H_1N1O_1,9.000334000,RC2_0046_ICR-3_p08
325.020032398,334.020361218,9.000328820,Other,random,C1H_1N1O_1,9.000334000,RC2_0046_ICR-3_p08
385.163305268,394.163636088,9.000330820,Other,random,C1H_1N1O_1,9.000334000,RC2_0046_ICR-3_p08
327.035702847,336.036034667,9.000331820,Other,random,C1H_1N1O_1,9.000334000,RC2_0046_ICR-3_p08
427.160767113,436.161098933,9.000331820,Other,random,C1H_1N1O_1,9.000334000,RC2_0046_ICR-3_p08
261.061632712,270.061965532,9.000332820,Other,random,C1H_1N1O_1,9.000334000,RC2_0046_ICR-3_p08
489.088461413,498.088794233,9.000332820,Other,random,C1H_1N1O_1,9.000334000,RC2_0046_ICR-3_p08
297.025191153,306.025524973,9.000333820,Other,random,C1H_1N1O_1,9.000334000,RC2_0046_ICR-3_p08
451.124403458,460.124737278,9.000333820,Other,random,C1H_1N1O_1,9.000334000,RC2_0046_ICR-3_p08
289.056461957,298.056797777,9.000335820,Other,random,C1H_1N1O_1,9.000334000,RC2_0046_ICR-3_p08
357.155348079,366.155683899,9.000335820,Other,random,C1H_1N1O_1,9.000334000,RC2_0046_ICR-3_p08
383.061812182,392.062148003,9.000335820,Other,random,C1H_1N1O_1,9.000334000,RC2_0046_ICR-3_p08
343.103348688,352.103685508,9.000336820,Other,random,C1H_1N1O_1,9.000334000,RC2_0046_ICR-3_p08
505.062203652,514.062540472,9.000336820,Other,random,C1H_1N1O_1,9.000334000,RC2_0046_ICR-3_p08
325.178561725,334.178898546,9.000336820,Other,random,C1H_1N1O_1,9.000334000,RC2_0046_ICR-3_p08
337.214948666,346.215287487,9.000338820,Other,random,C1H_1N1O_1,9.000334000,RC2_0046_ICR-3_p08
553.083418944,562.083757764,9.000338820,Other,random,C1H_1N1O_1,9.000334000,RC2_0046_ICR-3_p08
323.040714794,332.041054614,9.000339820,Other,random,C1H_1N1O_1,9.000334000,RC2_0046_ICR-3_p08
285.061602903,294.061942723,9.000339820,Other,random,C1H_1N1O_1,9.000334000,RC2_0046_ICR-3_p08
317.087765047,326.124475713,9.036710666,Other,random,C2H3N1O_2,9.036719000,RC2_0046_ICR-3_p08
325.142186880,334.178898546,9.036711666,Other,random,C2H3N1O_2,9.036719000,RC2_0046_ICR-3_p08
583.130317484,592.167029150,9.036711666,Other,random,C2H3N1O_2,9.036719000,RC2_0046_ICR-3_p08
457.171308807,466.208022473,9.036713666,Other,random,C2H3N1O_2,9.036719000,RC2_0046_ICR-3_p08
355.189059420,364.225774086,9.036714666,Other,random,C2H3N1O_2,9.036719000,RC2_0046_ICR-3_p08
397.041121882,406.077836547,9.036714666,Other,random,C2H3N1O_2,9.036719000,RC2_0046_ICR-3_p08
317.051321201,326.088036867,9.036715666,Other,random,C2H3N1O_2,9.036719000,RC2_0046_ICR-3_p08
353.173473970,362.210190636,9.036716666,Other,random,C2H3N1O_2,9.036719000,RC2_0046_ICR-3_p08
541.192755385,550.229472050,9.036716666,Other,random,C2H3N1O_2,9.036719000,RC2_0046_ICR-3_p08
601.140808083,610.177527748,9.036719666,Other,random,C2H3N1O_2,9.036719000,RC2_0046_ICR-3_p08
394.090747397,403.127467063,9.036719666,Other,random,C2H3N1O_2,9.036719000,RC2_0046_ICR-3_p08
273.025186962,282.061907628,9.036720666,Other,random,C2H3N1O_2,9.036719000,RC2_0046_ICR-3_p08
273.061628807,282.098350473,9.036721666,Other,random,C2H3N1O_2,9.036719000,RC2_0046_ICR-3_p08
310.056843872,319.093567538,9.036723666,Other,random,C2H3N1O_2,9.036719000,RC2_0046_ICR-3_p08
363.035585134,372.072309800,9.036724666,Other,random,C2H3N1O_2,9.036719000,RC2_0046_ICR-3_p08
343.066959842,352.103685508,9.036725666,Other,random,C2H3N1O_2,9.036719000,RC2_0046_ICR-3_p08
379.066941129,388.103666795,9.036725666,Other,random,C2H3N1O_2,9.036719000,RC2_0046_ICR-3_p08
447.020355868,456.057082533,9.036726666,Other,random,C2H3N1O_2,9.036719000,RC2_0046_ICR-3_p08
419.025402623,428.062129289,9.036726666,Other,random,C2H3N1O_2,9.036719000,RC2_0046_ICR-3_p08
457.025877424,466.062605090,9.036727666,Other,random,C2H3N1O_2,9.036719000,RC2_0046_ICR-3_p08
417.204763347,427.152719147,9.947955800,Other,random,H_6O1,9.947965000,RC2_0046_ICR-3_p08
457.163258841,467.111214641,9.947955800,Other,random,H_6O1,9.947965000,RC2_0046_ICR-3_p08
311.090239489,321.038195289,9.947955800,Other,random,H_6O1,9.947965000,RC2_0046_ICR-3_p08
336.072402513,346.020358314,9.947955800,Other,random,H_6O1,9.947965000,RC2_0046_ICR-3_p08
367.103365879,377.051321679,9.947955800,Other,random,H_6O1,9.947965000,RC2_0046_ICR-3_p08
403.225581647,413.173537447,9.947955800,Other,random,H_6O1,9.947965000,RC2_0046_ICR-3_p08
577.241996462,587.189952263,9.947955800,Other,random,H_6O1,9.947965000,RC2_0046_ICR-3_p08
411.142624062,421.090579863,9.947955800,Other,random,H_6O1,9.947965000,RC2_0046_ICR-3_p08
453.103555062,463.051510863,9.947955800,Other,random,H_6O1,9.947965000,RC2_0046_ICR-3_p08
239.165338597,249.113295397,9.947956800,Other,random,H_6O1,9.947965000,RC2_0046_ICR-3_p08
409.126819613,419.074776414,9.947956800,Other,random,H_6O1,9.947965000,RC2_0046_ICR-3_p08
459.178979290,469.126936091,9.947956800,Other,random,H_6O1,9.947965000,RC2_0046_ICR-3_p08
532.145713763,542.093670563,9.947956800,Other,random,H_6O1,9.947965000,RC2_0046_ICR-3_p08
323.162931276,333.110888076,9.947956800,Other,random,H_6O1,9.947965000,RC2_0046_ICR-3_p08
505.184444133,515.132400934,9.947956800,Other,random,H_6O1,9.947965000,RC2_0046_ICR-3_p08
309.170696631,319.118653432,9.947956800,Other,random,H_6O1,9.947965000,RC2_0046_ICR-3_p08
333.155391887,343.103348688,9.947956800,Other,random,H_6O1,9.947965000,RC2_0046_ICR-3_p08
459.187048256,469.135005056,9.947956800,Other,random,H_6O1,9.947965000,RC2_0046_ICR-3_p08
317.196852584,327.144810384,9.947957800,Other,random,H_6O1,9.947965000,RC2_0046_ICR-3_p08
319.154973278,329.102931078,9.947957800,Other,random,H_6O1,9.947965000,RC2_0046_ICR-3_p08
345.191780828,355.139738629,9.947957800,Other,random,H_6O1,9.947965000,RC2_0046_ICR-3_p08
387.108221017,397.056178818,9.947957800,Other,random,H_6O1,9.947965000,RC2_0046_ICR-3_p08
423.215300850,433.163258650,9.947957800,Other,random,H_6O1,9.947965000,RC2_0046_ICR-3_p08
475.254720096,485.202678897,9.947958800,Other,random,H_6O1,9.947965000,RC2_0046_ICR-3_p08
285.207146286,295.155105086,9.947958800,Other,random,H_6O1,9.947965000,RC2_0046_ICR-3_p08
361.105842320,371.053802121,9.947959800,Other,random,H_6O1,9.947965000,RC2_0046_ICR-3_p08
407.111211164,417.059170964,9.947959800,Other,random,H_6O1,9.947965000,RC2_0046_ICR-3_p08
285.097950749,295.045910549,9.947959800,Other,random,H_6O1,9.947965000,RC2_0046_ICR-3_p08
307.118609336,317.066569137,9.947959800,Other,random,H_6O1,9.947965000,RC2_0046_ICR-3_p08
639.265941354,649.213901155,9.947959800,Other,random,H_6O1,9.947965000,RC2_0046_ICR-3_p08
279.160184937,289.108144737,9.947959800,Other,random,H_6O1,9.947965000,RC2_0046_ICR-3_p08
473.166290956,483.114250756,9.947959800,Other,random,H_6O1,9.947965000,RC2_0046_ICR-3_p08
587.177193317,597.125154117,9.947960800,Other,random,H_6O1,9.947965000,RC2_0046_ICR-3_p08
310.093147718,320.041108519,9.947960800,Other,random,H_6O1,9.947965000,RC2_0046_ICR-3_p08
337.159927900,347.107888700,9.947960800,Other,random,H_6O1,9.947965000,RC2_0046_ICR-3_p08
343.066959842,353.014920642,9.947960800,Other,random,H_6O1,9.947965000,RC2_0046_ICR-3_p08
399.157739903,409.105700703,9.947960800,Other,random,H_6O1,9.947965000,RC2_0046_ICR-3_p08
457.236243531,467.184204332,9.947960800,Other,random,H_6O1,9.947965000,RC2_0046_ICR-3_p08
485.230949777,495.178910577,9.947960800,Other,random,H_6O1,9.947965000,RC2_0046_ICR-3_p08
275.077289257,285.025250057,9.947960800,Other,random,H_6O1,9.947965000,RC2_0046_ICR-3_p08
433.150267705,443.098228505,9.947960800,Other,random,H_6O1,9.947965000,RC2_0046_ICR-3_p08
451.233505995,461.181466796,9.947960800,Other,random,H_6O1,9.947965000,RC2_0046_ICR-3_p08
519.187110733,529.135071534,9.947960800,Other,random,H_6O1,9.947965000,RC2_0046_ICR-3_p08
563.249751818,573.197712618,9.947960800,Other,random,H_6O1,9.947965000,RC2_0046_ICR-3_p08
287.150015044,297.097976844,9.947961800,Other,random,H_6O1,9.947965000,RC2_0046_ICR-3_p08
324.072399418,334.020361218,9.947961800,Other,random,H_6O1,9.947965000,RC2_0046_ICR-3_p08
361.092668376,371.040630177,9.947961800,Other,random,H_6O1,9.947965000,RC2_0046_ICR-3_p08
383.129003897,393.076965698,9.947961800,Other,random,H_6O1,9.947965000,RC2_0046_ICR-3_p08
438.112042657,448.060004457,9.947961800,Other,random,H_6O1,9.947965000,RC2_0046_ICR-3_p08
481.220715788,491.168678589,9.947962800,Other,random,H_6O1,9.947965000,RC2_0046_ICR-3_p08
300.108881072,310.056843872,9.947962800,Other,random,H_6O1,9.947965000,RC2_0046_ICR-3_p08
375.202306523,385.150269323,9.947962800,Other,random,H_6O1,9.947965000,RC2_0046_ICR-3_p08
305.175747578,315.123710378,9.947962800,Other,random,H_6O1,9.947965000,RC2_0046_ICR-3_p08
331.118651527,341.066614328,9.947962800,Other,random,H_6O1,9.947965000,RC2_0046_ICR-3_p08
395.184015759,405.131978560,9.947962800,Other,random,H_6O1,9.947965000,RC2_0046_ICR-3_p08
407.129005088,417.076967889,9.947962800,Other,random,H_6O1,9.947965000,RC2_0046_ICR-3_p08
437.212317474,447.160280274,9.947962800,Other,random,H_6O1,9.947965000,RC2_0046_ICR-3_p08
449.108775008,459.056737809,9.947962800,Other,random,H_6O1,9.947965000,RC2_0046_ICR-3_p08
461.231076585,471.179039386,9.947962800,Other,random,H_6O1,9.947965000,RC2_0046_ICR-3_p08
463.124446553,473.072409354,9.947962800,Other,random,H_6O1,9.947965000,RC2_0046_ICR-3_p08
489.197603950,499.145566750,9.947962800,Other,random,H_6O1,9.947965000,RC2_0046_ICR-3_p08
253.144546296,263.092509097,9.947962800,Other,random,H_6O1,9.947965000,RC2_0046_ICR-3_p08
519.200250678,529.148213478,9.947962800,Other,random,H_6O1,9.947965000,RC2_0046_ICR-3_p08
343.103348688,353.051312488,9.947963800,Other,random,H_6O1,9.947965000,RC2_0046_ICR-3_p08
361.129067222,371.077031022,9.947963800,Other,random,H_6O1,9.947965000,RC2_0046_ICR-3_p08
475.088059803,485.036023604,9.947963800,Other,random,H_6O1,9.947965000,RC2_0046_ICR-3_p08
409.077438823,419.025402623,9.947963800,Other,random,H_6O1,9.947965000,RC2_0046_ICR-3_p08
605.114646225,615.062610026,9.947963800,Other,random,H_6O1,9.947965000,RC2_0046_ICR-3_p08
349.142139071,359.090102871,9.947963800,Other,random,H_6O1,9.947965000,RC2_0046_ICR-3_p08
353.087620334,363.035585134,9.947964800,Other,random,H_6O1,9.947965000,RC2_0046_ICR-3_p08
369.082489483,379.030454283,9.947964800,Other,random,H_6O1,9.947965000,RC2_0046_ICR-3_p08
505.165637213,515.113602013,9.947964800,Other,random,H_6O1,9.947965000,RC2_0046_ICR-3_p08
561.197601523,571.145566324,9.947964800,Other,random,H_6O1,9.947965000,RC2_0046_ICR-3_p08
633.219059005,643.167023806,9.947964800,Other,random,H_6O1,9.947965000,RC2_0046_ICR-3_p08
287.113623198,297.061587999,9.947964800,Other,random,H_6O1,9.947965000,RC2_0046_ICR-3_p08
337.123528054,347.071492855,9.947964800,Other,random,H_6O1,9.947965000,RC2_0046_ICR-3_p08
525.247145027,535.195109827,9.947964800,Other,random,H_6O1,9.947965000,RC2_0046_ICR-3_p08
549.124849736,559.072814537,9.947964800,Other,random,H_6O1,9.947965000,RC2_0046_ICR-3_p08
550.193255204,560.141220004,9.947964800,Other,random,H_6O1,9.947965000,RC2_0046_ICR-3_p08
227.128981655,237.076947456,9.947965800,Other,random,H_6O1,9.947965000,RC2_0046_ICR-3_p08
277.144604487,287.092570288,9.947965800,Other,random,H_6O1,9.947965000,RC2_0046_ICR-3_p08
323.113488485,333.061454286,9.947965800,Other,random,H_6O1,9.947965000,RC2_0046_ICR-3_p08
411.123882142,421.071847942,9.947965800,Other,random,H_6O1,9.947965000,RC2_0046_ICR-3_p08
585.219023623,595.166989424,9.947965800,Other,random,H_6O1,9.947965000,RC2_0046_ICR-3_p08
635.234910454,645.182876254,9.947965800,Other,random,H_6O1,9.947965000,RC2_0046_ICR-3_p08
309.147307731,319.095273531,9.947965800,Other,random,H_6O1,9.947965000,RC2_0046_ICR-3_p08
327.253939921,337.201905722,9.947965800,Other,random,H_6O1,9.947965000,RC2_0046_ICR-3_p08
339.072033789,349.019999589,9.947965800,Other,random,H_6O1,9.947965000,RC2_0046_ICR-3_p08
447.251731886,457.199697686,9.947965800,Other,random,H_6O1,9.947965000,RC2_0046_ICR-3_p08
289.129249648,299.077216448,9.947966800,Other,random,H_6O1,9.947965000,RC2_0046_ICR-3_p08
255.123817900,265.071784701,9.947966800,Other,random,H_6O1,9.947965000,RC2_0046_ICR-3_p08
303.123699283,313.071666083,9.947966800,Other,random,H_6O1,9.947965000,RC2_0046_ICR-3_p08
401.137065506,411.085032307,9.947966800,Other,random,H_6O1,9.947965000,RC2_0046_ICR-3_p08
451.210068095,461.158034895,9.947966800,Other,random,H_6O1,9.947965000,RC2_0046_ICR-3_p08
461.129815015,471.077781815,9.947966800,Other,random,H_6O1,9.947965000,RC2_0046_ICR-3_p08
465.262214485,475.210181285,9.947966800,Other,random,H_6O1,9.947965000,RC2_0046_ICR-3_p08
473.129764110,483.077730911,9.947966800,Other,random,H_6O1,9.947965000,RC2_0046_ICR-3_p08
477.225844735,487.173811535,9.947966800,Other,random,H_6O1,9.947965000,RC2_0046_ICR-3_p08
491.119404798,501.067371598,9.947966800,Other,random,H_6O1,9.947965000,RC2_0046_ICR-3_p08
497.238969838,507.186936639,9.947966800,Other,random,H_6O1,9.947965000,RC2_0046_ICR-3_p08
321.170683727,331.118651527,9.947967800,Other,random,H_6O1,9.947965000,RC2_0046_ICR-3_p08
339.181183326,349.129151126,9.947967800,Other,random,H_6O1,9.947965000,RC2_0046_ICR-3_p08
313.165520685,323.113488485,9.947967800,Other,random,H_6O1,9.947965000,RC2_0046_ICR-3_p08
437.217895450,447.165863250,9.947967800,Other,random,H_6O1,9.947965000,RC2_0046_ICR-3_p08
453.139975908,463.087943708,9.947967800,Other,random,H_6O1,9.947965000,RC2_0046_ICR-3_p08
267.160205841,277.108173642,9.947967800,Other,random,H_6O1,9.947965000,RC2_0046_ICR-3_p08
289.108144737,299.056112538,9.947967800,Other,random,H_6O1,9.947965000,RC2_0046_ICR-3_p08
555.171803085,565.119770885,9.947967800,Other,random,H_6O1,9.947965000,RC2_0046_ICR-3_p08
653.209005207,663.156974008,9.947968800,Other,random,H_6O1,9.947965000,RC2_0046_ICR-3_p08
289.092852802,299.040821603,9.947968800,Other,random,H_6O1,9.947965000,RC2_0046_ICR-3_p08
375.108332921,385.056301722,9.947968800,Other,random,H_6O1,9.947965000,RC2_0046_ICR-3_p08
363.194225461,373.142194262,9.947968800,Other,random,H_6O1,9.947965000,RC2_0046_ICR-3_p08
432.130094033,442.078062833,9.947968800,Other,random,H_6O1,9.947965000,RC2_0046_ICR-3_p08
545.179553472,555.127522273,9.947968800,Other,random,H_6O1,9.947965000,RC2_0046_ICR-3_p08
705.276566335,715.224535135,9.947968800,Other,random,H_6O1,9.947965000,RC2_0046_ICR-3_p08
441.139909813,451.087878613,9.947968800,Other,random,H_6O1,9.947965000,RC2_0046_ICR-3_p08
403.152739956,413.100708756,9.947968800,Other,random,H_6O1,9.947965000,RC2_0046_ICR-3_p08
454.107001806,464.054970606,9.947968800,Other,random,H_6O1,9.947965000,RC2_0046_ICR-3_p08
253.108192451,263.056162251,9.947969800,Other,random,H_6O1,9.947965000,RC2_0046_ICR-3_p08
451.100874558,461.048844358,9.947969800,Other,random,H_6O1,9.947965000,RC2_0046_ICR-3_p08
281.103072695,291.051042496,9.947969800,Other,random,H_6O1,9.947965000,RC2_0046_ICR-3_p08
367.134101748,377.082072549,9.947970800,Other,random,H_6O1,9.947965000,RC2_0046_ICR-3_p08
535.254843573,545.202814374,9.947970800,Other,random,H_6O1,9.947965000,RC2_0046_ICR-3_p08
323.186323176,333.134293977,9.947970800,Other,random,H_6O1,9.947965000,RC2_0046_ICR-3_p08
353.173473970,363.121444770,9.947970800,Other,random,H_6O1,9.947965000,RC2_0046_ICR-3_p08
357.118870233,367.066841034,9.947970800,Other,random,H_6O1,9.947965000,RC2_0046_ICR-3_p08
379.066941129,389.014911929,9.947970800,Other,random,H_6O1,9.947965000,RC2_0046_ICR-3_p08
407.098242219,417.046213019,9.947970800,Other,random,H_6O1,9.947965000,RC2_0046_ICR-3_p08
407.147582010,417.095552810,9.947970800,Other,random,H_6O1,9.947965000,RC2_0046_ICR-3_p08
443.228496953,453.176467753,9.947970800,Other,random,H_6O1,9.947965000,RC2_0046_ICR-3_p08
563.104032436,573.052004236,9.947971800,Other,random,H_6O1,9.947965000,RC2_0046_ICR-3_p08
323.199425121,333.147396921,9.947971800,Other,random,H_6O1,9.947965000,RC2_0046_ICR-3_p08
541.221011265,551.168983065,9.947971800,Other,random,H_6O1,9.947965000,RC2_0046_ICR-3_p08
289.084773837,299.032745637,9.947971800,Other,random,H_6O1,9.947965000,RC2_0046_ICR-3_p08
447.196677120,457.144648920,9.947971800,Other,random,H_6O1,9.947965000,RC2_0046_ICR-3_p08
585.210914658,595.158886458,9.947971800,Other,random,H_6O1,9.947965000,RC2_0046_ICR-3_p08
239.128947751,249.076919551,9.947971800,Other,random,H_6O1,9.947965000,RC2_0046_ICR-3_p08
265.108226546,275.056198346,9.947971800,Other,random,H_6O1,9.947965000,RC2_0046_ICR-3_p08
271.082314204,281.030286004,9.947971800,Other,random,H_6O1,9.947965000,RC2_0046_ICR-3_p08
353.100656279,363.048628079,9.947971800,Other,random,H_6O1,9.947965000,RC2_0046_ICR-3_p08
369.095614427,379.043586228,9.947971800,Other,random,H_6O1,9.947965000,RC2_0046_ICR-3_p08
389.209768102,399.157739903,9.947971800,Other,random,H_6O1,9.947965000,RC2_0046_ICR-3_p08
391.124480980,401.072452780,9.947971800,Other,random,H_6O1,9.947965000,RC2_0046_ICR-3_p08
489.212802886,499.160774686,9.947971800,Other,random,H_6O1,9.947965000,RC2_0046_ICR-3_p08
675.266165640,685.214137440,9.947971800,Other,random,H_6O1,9.947965000,RC2_0046_ICR-3_p08
337.214948666,347.162921467,9.947972800,Other,random,H_6O1,9.947965000,RC2_0046_ICR-3_p08
365.137137219,375.085110020,9.947972800,Other,random,H_6O1,9.947965000,RC2_0046_ICR-3_p08
475.160688495,485.108661296,9.947972800,Other,random,H_6O1,9.947965000,RC2_0046_ICR-3_p08
531.281086430,541.229059231,9.947972800,Other,random,H_6O1,9.947965000,RC2_0046_ICR-3_p08
385.126820422,395.074793223,9.947972800,Other,random,H_6O1,9.947965000,RC2_0046_ICR-3_p08
275.128888038,285.076861838,9.947973800,Other,random,H_6O1,9.947965000,RC2_0046_ICR-3_p08
343.168094413,353.116068213,9.947973800,Other,random,H_6O1,9.947965000,RC2_0046_ICR-3_p08
459.251686982,469.199660782,9.947973800,Other,random,H_6O1,9.947965000,RC2_0046_ICR-3_p08
471.187040352,481.135014152,9.947973800,Other,random,H_6O1,9.947965000,RC2_0046_ICR-3_p08
569.224031475,579.172005275,9.947973800,Other,random,H_6O1,9.947965000,RC2_0046_ICR-3_p08
293.102986791,303.050960591,9.947973800,Other,random,H_6O1,9.947965000,RC2_0046_ICR-3_p08
355.204403355,365.152377155,9.947973800,Other,random,H_6O1,9.947965000,RC2_0046_ICR-3_p08
379.103200975,389.051174775,9.947973800,Other,random,H_6O1,9.947965000,RC2_0046_ICR-3_p08
237.076947456,247.024922256,9.947974800,Other,random,H_6O1,9.947965000,RC2_0046_ICR-3_p08
261.113287493,271.061262293,9.947974800,Other,random,H_6O1,9.947965000,RC2_0046_ICR-3_p08
353.124102179,363.072076980,9.947974800,Other,random,H_6O1,9.947965000,RC2_0046_ICR-3_p08
353.196874871,363.144849671,9.947974800,Other,random,H_6O1,9.947965000,RC2_0046_ICR-3_p08
367.206860440,377.154835240,9.947974800,Other,random,H_6O1,9.947965000,RC2_0046_ICR-3_p08
405.168317406,415.116292206,9.947974800,Other,random,H_6O1,9.947965000,RC2_0046_ICR-3_p08
491.155723644,501.103698444,9.947974800,Other,random,H_6O1,9.947965000,RC2_0046_ICR-3_p08
527.104257149,537.052231949,9.947974800,Other,random,H_6O1,9.947965000,RC2_0046_ICR-3_p08
609.219039814,619.167014615,9.947974800,Other,random,H_6O1,9.947965000,RC2_0046_ICR-3_p08
357.147287113,367.116372823,9.969085711,Other,random,C_3H_2O3,9.969095000,RC2_0046_ICR-3_p08
591.244741062,601.213827773,9.969086711,Other,random,C_3H_2O3,9.969095000,RC2_0046_ICR-3_p08
279.123766092,289.092852802,9.969086711,Other,random,C_3H_2O3,9.969095000,RC2_0046_ICR-3_p08
274.072153521,284.041241231,9.969087711,Other,random,C_3H_2O3,9.969095000,RC2_0046_ICR-3_p08
273.076802743,283.045890454,9.969087711,Other,random,C_3H_2O3,9.969095000,RC2_0046_ICR-3_p08
395.134553969,405.103641680,9.969087711,Other,random,C_3H_2O3,9.969095000,RC2_0046_ICR-3_p08
351.144815575,361.113903286,9.969087711,Other,random,C_3H_2O3,9.969095000,RC2_0046_ICR-3_p08
399.194197748,409.163286459,9.969088711,Other,random,C_3H_2O3,9.969095000,RC2_0046_ICR-3_p08
605.151138071,615.120226781,9.969088711,Other,random,C_3H_2O3,9.969095000,RC2_0046_ICR-3_p08
267.160205841,277.129294552,9.969088711,Other,random,C_3H_2O3,9.969095000,RC2_0046_ICR-3_p08
339.100354669,349.069444379,9.969089711,Other,random,C_3H_2O3,9.969095000,RC2_0046_ICR-3_p08
419.061807469,429.030897180,9.969089711,Other,random,C_3H_2O3,9.969095000,RC2_0046_ICR-3_p08
261.076864647,271.045954358,9.969089711,Other,random,C_3H_2O3,9.969095000,RC2_0046_ICR-3_p08
387.108221017,397.077311728,9.969090711,Other,random,C_3H_2O3,9.969095000,RC2_0046_ICR-3_p08
433.186524551,443.155615262,9.969090711,Other,random,C_3H_2O3,9.969095000,RC2_0046_ICR-3_p08
476.091108548,486.060199259,9.969090711,Other,random,C_3H_2O3,9.969095000,RC2_0046_ICR-3_p08
499.197219531,509.166310242,9.969090711,Other,random,C_3H_2O3,9.969095000,RC2_0046_ICR-3_p08
325.121134969,335.090226680,9.969091711,Other,random,C_3H_2O3,9.969095000,RC2_0046_ICR-3_p08
346.093059005,356.062150716,9.969091711,Other,random,C_3H_2O3,9.969095000,RC2_0046_ICR-3_p08
455.183959237,465.153050948,9.969091711,Other,random,C_3H_2O3,9.969095000,RC2_0046_ICR-3_p08
659.198307800,669.167399511,9.969091711,Other,random,C_3H_2O3,9.969095000,RC2_0046_ICR-3_p08
313.157426719,323.126518430,9.969091711,Other,random,C_3H_2O3,9.969095000,RC2_0046_ICR-3_p08
373.159911187,383.129003897,9.969092711,Other,random,C_3H_2O3,9.969095000,RC2_0046_ICR-3_p08
545.239085220,555.208177931,9.969092711,Other,random,C_3H_2O3,9.969095000,RC2_0046_ICR-3_p08
417.082480865,427.051574576,9.969093711,Other,random,C_3H_2O3,9.969095000,RC2_0046_ICR-3_p08
493.135048247,503.104141958,9.969093711,Other,random,C_3H_2O3,9.969095000,RC2_0046_ICR-3_p08
253.144546296,263.113640007,9.969093711,Other,random,C_3H_2O3,9.969095000,RC2_0046_ICR-3_p08
285.040394993,295.009489704,9.969094711,Other,random,C_3H_2O3,9.969095000,RC2_0046_ICR-3_p08
507.114264947,517.083361658,9.969096711,Other,random,C_3H_2O3,9.969095000,RC2_0046_ICR-3_p08
387.157810807,397.126908518,9.969097711,Other,random,C_3H_2O3,9.969095000,RC2_0046_ICR-3_p08
488.119696523,498.088794233,9.969097711,Other,random,C_3H_2O3,9.969095000,RC2_0046_ICR-3_p08
453.131953942,463.101052653,9.969098711,Other,random,C_3H_2O3,9.969095000,RC2_0046_ICR-3_p08
523.051603340,533.020702051,9.969098711,Other,random,C_3H_2O3,9.969095000,RC2_0046_ICR-3_p08
363.108305826,373.077404537,9.969098711,Other,random,C_3H_2O3,9.969095000,RC2_0046_ICR-3_p08
617.260446702,627.229546413,9.969099711,Other,random,C_3H_2O3,9.969095000,RC2_0046_ICR-3_p08
305.139318733,315.108418443,9.969099711,Other,random,C_3H_2O3,9.969095000,RC2_0046_ICR-3_p08
403.189017802,413.158117513,9.969099711,Other,random,C_3H_2O3,9.969095000,RC2_0046_ICR-3_p08
317.102938982,327.072039693,9.969100711,Other,random,C_3H_2O3,9.969095000,RC2_0046_ICR-3_p08
293.102986791,303.072087502,9.969100711,Other,random,C_3H_2O3,9.969095000,RC2_0046_ICR-3_p08
349.056393435,359.025494145,9.969100711,Other,random,C_3H_2O3,9.969095000,RC2_0046_ICR-3_p08
395.199216695,405.168317406,9.969100711,Other,random,C_3H_2O3,9.969095000,RC2_0046_ICR-3_p08
575.213512067,585.182612778,9.969100711,Other,random,C_3H_2O3,9.969095000,RC2_0046_ICR-3_p08
307.082219491,317.051321201,9.969101711,Other,random,C_3H_2O3,9.969095000,RC2_0046_ICR-3_p08
385.092719567,395.061821278,9.969101711,Other,random,C_3H_2O3,9.969095000,RC2_0046_ICR-3_p08
329.102931078,339.072033789,9.969102711,Other,random,C_3H_2O3,9.969095000,RC2_0046_ICR-3_p08
471.093033750,481.062136461,9.969102711,Other,random,C_3H_2O3,9.969095000,RC2_0046_ICR-3_p08
351.072037884,361.041140595,9.969102711,Other,random,C_3H_2O3,9.969095000,RC2_0046_ICR-3_p08
433.150267705,443.119370416,9.969102711,Other,random,C_3H_2O3,9.969095000,RC2_0046_ICR-3_p08
249.076919551,259.046023262,9.969103711,Other,random,C_3H_2O3,9.969095000,RC2_0046_ICR-3_p08
319.118653432,329.087757142,9.969103711,Other,random,C_3H_2O3,9.969095000,RC2_0046_ICR-3_p08
417.155302556,427.124406267,9.969103711,Other,random,C_3H_2O3,9.969095000,RC2_0046_ICR-3_p08
457.126895995,467.096000706,9.969104711,Other,random,C_3H_2O3,9.969095000,RC2_0046_ICR-3_p08
241.071853509,251.056194155,9.984340646,Other,random,H_2C1,9.984350000,RC2_0046_ICR-3_p08
275.150012948,285.134353594,9.984340646,Other,random,H_2C1,9.984350000,RC2_0046_ICR-3_p08
375.075328061,385.059668707,9.984340646,Other,random,H_2C1,9.984350000,RC2_0046_ICR-3_p08
551.067900494,561.052241140,9.984340646,Other,random,H_2C1,9.984350000,RC2_0046_ICR-3_p08
519.244417490,529.228758136,9.984340646,Other,random,H_2C1,9.984350000,RC2_0046_ICR-3_p08
251.056194155,261.040534801,9.984340646,Other,random,H_2C1,9.984350000,RC2_0046_ICR-3_p08
407.111211164,417.095552810,9.984341646,Other,random,H_2C1,9.984350000,RC2_0046_ICR-3_p08
523.109276095,533.093617741,9.984341646,Other,random,H_2C1,9.984350000,RC2_0046_ICR-3_p08
569.296809166,579.281150812,9.984341646,Other,random,H_2C1,9.984350000,RC2_0046_ICR-3_p08
597.109830182,607.094171828,9.984341646,Other,random,H_2C1,9.984350000,RC2_0046_ICR-3_p08
485.057204514,495.041546160,9.984341646,Other,random,H_2C1,9.984350000,RC2_0046_ICR-3_p08
605.078268380,615.062610026,9.984341646,Other,random,H_2C1,9.984350000,RC2_0046_ICR-3_p08
369.168415119,379.152756765,9.984341646,Other,random,H_2C1,9.984350000,RC2_0046_ICR-3_p08
425.072427972,435.056770618,9.984342646,Other,random,H_2C1,9.984350000,RC2_0046_ICR-3_p08
525.247145027,535.231487673,9.984342646,Other,random,H_2C1,9.984350000,RC2_0046_ICR-3_p08
453.080211161,463.064553808,9.984342646,Other,random,H_2C1,9.984350000,RC2_0046_ICR-3_p08
243.087497959,253.071840605,9.984342646,Other,random,H_2C1,9.984350000,RC2_0046_ICR-3_p08
491.168678589,501.153021235,9.984342646,Other,random,H_2C1,9.984350000,RC2_0046_ICR-3_p08
499.291087133,509.275429779,9.984342646,Other,random,H_2C1,9.984350000,RC2_0046_ICR-3_p08
337.092807185,347.077150831,9.984343646,Other,random,H_2C1,9.984350000,RC2_0046_ICR-3_p08
299.186352985,309.170696631,9.984343646,Other,random,H_2C1,9.984350000,RC2_0046_ICR-3_p08
355.116234729,365.100578375,9.984343646,Other,random,H_2C1,9.984350000,RC2_0046_ICR-3_p08
369.186185043,379.170528689,9.984343646,Other,random,H_2C1,9.984350000,RC2_0046_ICR-3_p08
387.056778235,397.041121882,9.984343646,Other,random,H_2C1,9.984350000,RC2_0046_ICR-3_p08
401.145149472,411.129493118,9.984343646,Other,random,H_2C1,9.984350000,RC2_0046_ICR-3_p08
419.065111455,429.049455101,9.984343646,Other,random,H_2C1,9.984350000,RC2_0046_ICR-3_p08
425.035929126,435.020272772,9.984343646,Other,random,H_2C1,9.984350000,RC2_0046_ICR-3_p08
427.116393301,437.100736947,9.984343646,Other,random,H_2C1,9.984350000,RC2_0046_ICR-3_p08
428.127699011,438.112042657,9.984343646,Other,random,H_2C1,9.984350000,RC2_0046_ICR-3_p08
431.111326354,441.095670000,9.984343646,Other,random,H_2C1,9.984350000,RC2_0046_ICR-3_p08
508.109518725,518.093862371,9.984343646,Other,random,H_2C1,9.984350000,RC2_0046_ICR-3_p08
609.219039814,619.203383460,9.984343646,Other,random,H_2C1,9.984350000,RC2_0046_ICR-3_p08
425.175974532,435.160318178,9.984343646,Other,random,H_2C1,9.984350000,RC2_0046_ICR-3_p08
303.072087502,313.056432148,9.984344646,Other,random,H_2C1,9.984350000,RC2_0046_ICR-3_p08
322.106190758,332.090535404,9.984344646,Other,random,H_2C1,9.984350000,RC2_0046_ICR-3_p08
292.082640120,302.066984766,9.984344646,Other,random,H_2C1,9.984350000,RC2_0046_ICR-3_p08
349.105758225,359.090102871,9.984344646,Other,random,H_2C1,9.984350000,RC2_0046_ICR-3_p08
421.272511091,431.256855737,9.984344646,Other,random,H_2C1,9.984350000,RC2_0046_ICR-3_p08
501.197535046,511.181879692,9.984344646,Other,random,H_2C1,9.984350000,RC2_0046_ICR-3_p08
503.168942683,513.153287329,9.984344646,Other,random,H_2C1,9.984350000,RC2_0046_ICR-3_p08
247.082359012,257.066703658,9.984344646,Other,random,H_2C1,9.984350000,RC2_0046_ICR-3_p08
229.144602105,239.128947751,9.984345646,Other,random,H_2C1,9.984350000,RC2_0046_ICR-3_p08
237.113281302,247.097626948,9.984345646,Other,random,H_2C1,9.984350000,RC2_0046_ICR-3_p08
433.163258650,443.147604296,9.984345646,Other,random,H_2C1,9.984350000,RC2_0046_ICR-3_p08
548.141302909,558.125648555,9.984345646,Other,random,H_2C1,9.984350000,RC2_0046_ICR-3_p08
665.208980303,675.193325949,9.984345646,Other,random,H_2C1,9.984350000,RC2_0046_ICR-3_p08
227.092600810,237.076947456,9.984346646,Other,random,H_2C1,9.984350000,RC2_0046_ICR-3_p08
233.103151313,243.087497959,9.984346646,Other,random,H_2C1,9.984350000,RC2_0046_ICR-3_p08
349.214908762,359.199255408,9.984346646,Other,random,H_2C1,9.984350000,RC2_0046_ICR-3_p08
352.116773452,362.101120098,9.984346646,Other,random,H_2C1,9.984350000,RC2_0046_ICR-3_p08
445.077470109,455.061816755,9.984346646,Other,random,H_2C1,9.984350000,RC2_0046_ICR-3_p08
503.104141958,513.088488604,9.984346646,Other,random,H_2C1,9.984350000,RC2_0046_ICR-3_p08
535.145700036,545.130046682,9.984346646,Other,random,H_2C1,9.984350000,RC2_0046_ICR-3_p08
543.236646714,553.220993360,9.984346646,Other,random,H_2C1,9.984350000,RC2_0046_ICR-3_p08
553.301621018,563.285967664,9.984346646,Other,random,H_2C1,9.984350000,RC2_0046_ICR-3_p08
380.062259907,390.046606553,9.984346646,Other,random,H_2C1,9.984350000,RC2_0046_ICR-3_p08
543.171937989,553.156285635,9.984347646,Other,random,H_2C1,9.984350000,RC2_0046_ICR-3_p08
239.128947751,249.113295397,9.984347646,Other,random,H_2C1,9.984350000,RC2_0046_ICR-3_p08
389.108638531,399.092986177,9.984347646,Other,random,H_2C1,9.984350000,RC2_0046_ICR-3_p08
417.155302556,427.139650202,9.984347646,Other,random,H_2C1,9.984350000,RC2_0046_ICR-3_p08
483.199977392,493.184325038,9.984347646,Other,random,H_2C1,9.984350000,RC2_0046_ICR-3_p08
403.066851320,413.051198966,9.984347646,Other,random,H_2C1,9.984350000,RC2_0046_ICR-3_p08
541.221011265,551.205358911,9.984347646,Other,random,H_2C1,9.984350000,RC2_0046_ICR-3_p08
543.077938388,553.062287034,9.984348646,Other,random,H_2C1,9.984350000,RC2_0046_ICR-3_p08
568.131055111,578.115403757,9.984348646,Other,random,H_2C1,9.984350000,RC2_0046_ICR-3_p08
245.103118408,255.087467054,9.984348646,Other,random,H_2C1,9.984350000,RC2_0046_ICR-3_p08
335.149919426,345.134268072,9.984348646,Other,random,H_2C1,9.984350000,RC2_0046_ICR-3_p08
349.056393435,359.040742081,9.984348646,Other,random,H_2C1,9.984350000,RC2_0046_ICR-3_p08
351.194263366,361.178612012,9.984348646,Other,random,H_2C1,9.984350000,RC2_0046_ICR-3_p08
371.134600778,381.118949424,9.984348646,Other,random,H_2C1,9.984350000,RC2_0046_ICR-3_p08
405.118864615,415.103213261,9.984348646,Other,random,H_2C1,9.984350000,RC2_0046_ICR-3_p08
445.163313745,455.147662391,9.984348646,Other,random,H_2C1,9.984350000,RC2_0046_ICR-3_p08
483.041375065,493.025723711,9.984348646,Other,random,H_2C1,9.984350000,RC2_0046_ICR-3_p08
563.213363972,573.197712618,9.984348646,Other,random,H_2C1,9.984350000,RC2_0046_ICR-3_p08
257.103127504,267.087477150,9.984349646,Other,random,H_2C1,9.984350000,RC2_0046_ICR-3_p08
287.186398890,297.170748536,9.984349646,Other,random,H_2C1,9.984350000,RC2_0046_ICR-3_p08
307.082219491,317.066569137,9.984349646,Other,random,H_2C1,9.984350000,RC2_0046_ICR-3_p08
312.108778168,322.093127814,9.984349646,Other,random,H_2C1,9.984350000,RC2_0046_ICR-3_p08
323.053835738,333.038185384,9.984349646,Other,random,H_2C1,9.984350000,RC2_0046_ICR-3_p08
551.213251877,561.197601523,9.984349646,Other,random,H_2C1,9.984350000,RC2_0046_ICR-3_p08
336.108709359,346.093059005,9.984349646,Other,random,H_2C1,9.984350000,RC2_0046_ICR-3_p08
443.147604296,453.131953942,9.984349646,Other,random,H_2C1,9.984350000,RC2_0046_ICR-3_p08
479.119272703,489.103623349,9.984350646,Other,random,H_2C1,9.984350000,RC2_0046_ICR-3_p08
543.099068298,553.083418944,9.984350646,Other,random,H_2C1,9.984350000,RC2_0046_ICR-3_p08
231.123898709,241.108249355,9.984350646,Other,random,H_2C1,9.984350000,RC2_0046_ICR-3_p08
333.183743767,343.168094413,9.984350646,Other,random,H_2C1,9.984350000,RC2_0046_ICR-3_p08
363.230550307,373.214900953,9.984350646,Other,random,H_2C1,9.984350000,RC2_0046_ICR-3_p08
433.199507496,443.183858142,9.984350646,Other,random,H_2C1,9.984350000,RC2_0046_ICR-3_p08
469.062119366,479.046470012,9.984350646,Other,random,H_2C1,9.984350000,RC2_0046_ICR-3_p08
479.168784493,489.153135139,9.984350646,Other,random,H_2C1,9.984350000,RC2_0046_ICR-3_p08
519.114295042,529.098645688,9.984350646,Other,random,H_2C1,9.984350000,RC2_0046_ICR-3_p08
641.100055574,651.084406220,9.984350646,Other,random,H_2C1,9.984350000,RC2_0046_ICR-3_p08
333.025122440,343.009473086,9.984350646,Other,random,H_2C1,9.984350000,RC2_0046_ICR-3_p08
375.194119557,385.178471203,9.984351646,Other,random,H_2C1,9.984350000,RC2_0046_ICR-3_p08
611.198267418,621.182619064,9.984351646,Other,random,H_2C1,9.984350000,RC2_0046_ICR-3_p08
225.113277206,235.097628852,9.984351646,Other,random,H_2C1,9.984350000,RC2_0046_ICR-3_p08
359.040742081,369.025093727,9.984351646,Other,random,H_2C1,9.984350000,RC2_0046_ICR-3_p08
365.123981275,375.108332921,9.984351646,Other,random,H_2C1,9.984350000,RC2_0046_ICR-3_p08
343.066959842,353.051312488,9.984352646,Other,random,H_2C1,9.984350000,RC2_0046_ICR-3_p08
359.090102871,369.074455517,9.984352646,Other,random,H_2C1,9.984350000,RC2_0046_ICR-3_p08
405.204660251,415.189012897,9.984352646,Other,random,H_2C1,9.984350000,RC2_0046_ICR-3_p08
283.045890454,293.030243100,9.984352646,Other,random,H_2C1,9.984350000,RC2_0046_ICR-3_p08
291.136814132,301.121166778,9.984352646,Other,random,H_2C1,9.984350000,RC2_0046_ICR-3_p08
403.170459881,413.154812527,9.984352646,Other,random,H_2C1,9.984350000,RC2_0046_ICR-3_p08
436.088453241,446.072805887,9.984352646,Other,random,H_2C1,9.984350000,RC2_0046_ICR-3_p08
501.170715160,511.155067806,9.984352646,Other,random,H_2C1,9.984350000,RC2_0046_ICR-3_p08
287.113623198,297.097976844,9.984353646,Other,random,H_2C1,9.984350000,RC2_0046_ICR-3_p08
517.192443195,527.176796841,9.984353646,Other,random,H_2C1,9.984350000,RC2_0046_ICR-3_p08
293.066606945,303.050960591,9.984353646,Other,random,H_2C1,9.984350000,RC2_0046_ICR-3_p08
423.165914059,433.150267705,9.984353646,Other,random,H_2C1,9.984350000,RC2_0046_ICR-3_p08
445.090453054,455.074806700,9.984353646,Other,random,H_2C1,9.984350000,RC2_0046_ICR-3_p08
487.109204809,497.093558455,9.984353646,Other,random,H_2C1,9.984350000,RC2_0046_ICR-3_p08
261.097959558,271.082314204,9.984354646,Other,random,H_2C1,9.984350000,RC2_0046_ICR-3_p08
409.113701669,419.098056315,9.984354646,Other,random,H_2C1,9.984350000,RC2_0046_ICR-3_p08
471.077781815,481.062136461,9.984354646,Other,random,H_2C1,9.984350000,RC2_0046_ICR-3_p08
483.150693601,493.135048247,9.984354646,Other,random,H_2C1,9.984350000,RC2_0046_ICR-3_p08
483.223322293,493.207676939,9.984354646,Other,random,H_2C1,9.984350000,RC2_0046_ICR-3_p08
525.052077854,535.036432500,9.984354646,Other,random,H_2C1,9.984350000,RC2_0046_ICR-3_p08
551.189987976,561.174342622,9.984354646,Other,random,H_2C1,9.984350000,RC2_0046_ICR-3_p08
513.197481142,523.181835788,9.984354646,Other,random,H_2C1,9.984350000,RC2_0046_ICR-3_p08
550.083636669,560.067991315,9.984354646,Other,random,H_2C1,9.984350000,RC2_0046_ICR-3_p08
533.143082532,543.127438178,9.984355646,Other,random,H_2C1,9.984350000,RC2_0046_ICR-3_p08
354.155689803,364.140045449,9.984355646,Other,random,H_2C1,9.984350000,RC2_0046_ICR-3_p08
355.030544092,365.014899738,9.984355646,Other,random,H_2C1,9.984350000,RC2_0046_ICR-3_p08
506.093732276,516.078087922,9.984355646,Other,random,H_2C1,9.984350000,RC2_0046_ICR-3_p08
395.128944993,405.113300639,9.984355646,Other,random,H_2C1,9.984350000,RC2_0046_ICR-3_p08
293.139342637,303.123699283,9.984356646,Other,random,H_2C1,9.984350000,RC2_0046_ICR-3_p08
379.079953073,389.064309719,9.984356646,Other,random,H_2C1,9.984350000,RC2_0046_ICR-3_p08
437.072269068,447.056625714,9.984356646,Other,random,H_2C1,9.984350000,RC2_0046_ICR-3_p08
285.097950749,295.082307395,9.984356646,Other,random,H_2C1,9.984350000,RC2_0046_ICR-3_p08
325.020032398,335.004389044,9.984356646,Other,random,H_2C1,9.984350000,RC2_0046_ICR-3_p08
370.127223051,380.111579697,9.984356646,Other,random,H_2C1,9.984350000,RC2_0046_ICR-3_p08
507.078000101,517.062356747,9.984356646,Other,random,H_2C1,9.984350000,RC2_0046_ICR-3_p08
537.247062122,547.231418768,9.984356646,Other,random,H_2C1,9.984350000,RC2_0046_ICR-3_p08
438.153524481,448.137882127,9.984357646,Other,random,H_2C1,9.984350000,RC2_0046_ICR-3_p08
467.132325552,477.116683198,9.984357646,Other,random,H_2C1,9.984350000,RC2_0046_ICR-3_p08
353.173473970,363.157831616,9.984357646,Other,random,H_2C1,9.984350000,RC2_0046_ICR-3_p08
641.172373267,651.156730913,9.984357646,Other,random,H_2C1,9.984350000,RC2_0046_ICR-3_p08
284.077585077,294.061942723,9.984357646,Other,random,H_2C1,9.984350000,RC2_0046_ICR-3_p08
293.030243100,303.014600746,9.984357646,Other,random,H_2C1,9.984350000,RC2_0046_ICR-3_p08
460.117413309,470.101770955,9.984357646,Other,random,H_2C1,9.984350000,RC2_0046_ICR-3_p08
473.230952681,483.215310327,9.984357646,Other,random,H_2C1,9.984350000,RC2_0046_ICR-3_p08
597.182470874,607.166828520,9.984357646,Other,random,H_2C1,9.984350000,RC2_0046_ICR-3_p08
319.139735342,329.124093988,9.984358646,Other,random,H_2C1,9.984350000,RC2_0046_ICR-3_p08
251.128928847,261.113287493,9.984358646,Other,random,H_2C1,9.984350000,RC2_0046_ICR-3_p08
263.113640007,273.097998653,9.984358646,Other,random,H_2C1,9.984350000,RC2_0046_ICR-3_p08
363.194225461,373.178584107,9.984358646,Other,random,H_2C1,9.984350000,RC2_0046_ICR-3_p08
369.155289174,379.139647820,9.984358646,Other,random,H_2C1,9.984350000,RC2_0046_ICR-3_p08
387.157810807,397.142169453,9.984358646,Other,random,H_2C1,9.984350000,RC2_0046_ICR-3_p08
433.126963804,443.111322450,9.984358646,Other,random,H_2C1,9.984350000,RC2_0046_ICR-3_p08
499.087955995,509.072314641,9.984358646,Other,random,H_2C1,9.984350000,RC2_0046_ICR-3_p08
385.142185357,395.126544003,9.984358646,Other,random,H_2C1,9.984350000,RC2_0046_ICR-3_p08
425.194589453,435.178948099,9.984358646,Other,random,H_2C1,9.984350000,RC2_0046_ICR-3_p08
530.232009881,540.216368526,9.984358646,Other,random,H_2C1,9.984350000,RC2_0046_ICR-3_p08
495.186943543,505.171302189,9.984358646,Other,random,H_2C1,9.984350000,RC2_0046_ICR-3_p08
509.252184878,519.236543524,9.984358646,Other,random,H_2C1,9.984350000,RC2_0046_ICR-3_p08
289.056461957,299.040821603,9.984359646,Other,random,H_2C1,9.984350000,RC2_0046_ICR-3_p08
339.072033789,349.056393435,9.984359646,Other,random,H_2C1,9.984350000,RC2_0046_ICR-3_p08
399.142459968,409.126819613,9.984359646,Other,random,H_2C1,9.984350000,RC2_0046_ICR-3_p08
413.158117513,423.142477159,9.984359646,Other,random,H_2C1,9.984350000,RC2_0046_ICR-3_p08
457.134896961,467.119256607,9.984359646,Other,random,H_2C1,9.984350000,RC2_0046_ICR-3_p08
311.149873236,321.134232882,9.984359646,Other,random,H_2C1,9.984350000,RC2_0046_ICR-3_p08
403.175990857,413.160350503,9.984359646,Other,random,H_2C1,9.984350000,RC2_0046_ICR-3_p08
437.212317474,447.196677120,9.984359646,Other,random,H_2C1,9.984350000,RC2_0046_ICR-3_p08
305.030204195,315.014563841,9.984359646,Other,random,H_2C1,9.984350000,RC2_0046_ICR-3_p08
345.134268072,355.139738629,10.005470556,Other,random,C_2H2O2,10.005480000,RC2_0046_ICR-3_p08
551.205358911,561.210829467,10.005470556,Other,random,C_2H2O2,10.005480000,RC2_0046_ICR-3_p08
317.066569137,327.072039693,10.005470556,Other,random,C_2H2O2,10.005480000,RC2_0046_ICR-3_p08
345.147339017,355.152809573,10.005470556,Other,random,C_2H2O2,10.005480000,RC2_0046_ICR-3_p08
435.056770618,445.062241174,10.005470556,Other,random,C_2H2O2,10.005480000,RC2_0046_ICR-3_p08
443.147604296,453.153074852,10.005470556,Other,random,C_2H2O2,10.005480000,RC2_0046_ICR-3_p08
536.213921505,546.219392061,10.005470556,Other,random,C_2H2O2,10.005480000,RC2_0046_ICR-3_p08
303.050960591,313.056432148,10.005471556,Other,random,C_2H2O2,10.005480000,RC2_0046_ICR-3_p08
381.074433613,391.079905169,10.005471556,Other,random,C_2H2O2,10.005480000,RC2_0046_ICR-3_p08
471.056664905,481.062136461,10.005471556,Other,random,C_2H2O2,10.005480000,RC2_0046_ICR-3_p08
457.113785051,467.119256607,10.005471556,Other,random,C_2H2O2,10.005480000,RC2_0046_ICR-3_p08
481.090531341,491.096002897,10.005471556,Other,random,C_2H2O2,10.005480000,RC2_0046_ICR-3_p08
489.103623349,499.109094905,10.005471556,Other,random,C_2H2O2,10.005480000,RC2_0046_ICR-3_p08
657.073617813,667.079090370,10.005472556,Other,random,C_2H2O2,10.005480000,RC2_0046_ICR-3_p08
361.056363530,371.061836087,10.005472556,Other,random,C_2H2O2,10.005480000,RC2_0046_ICR-3_p08
372.085223745,382.090696302,10.005472556,Other,random,C_2H2O2,10.005480000,RC2_0046_ICR-3_p08
375.121347866,385.126820422,10.005472556,Other,random,C_2H2O2,10.005480000,RC2_0046_ICR-3_p08
507.114264947,517.119737503,10.005472556,Other,random,C_2H2O2,10.005480000,RC2_0046_ICR-3_p08
643.276467341,653.281939898,10.005472556,Other,random,C_2H2O2,10.005480000,RC2_0046_ICR-3_p08
351.035667038,361.041140595,10.005473556,Other,random,C_2H2O2,10.005480000,RC2_0046_ICR-3_p08
233.154740094,243.160213650,10.005473556,Other,random,C_2H2O2,10.005480000,RC2_0046_ICR-3_p08
247.061230102,257.066703658,10.005473556,Other,random,C_2H2O2,10.005480000,RC2_0046_ICR-3_p08
375.072046075,385.077519632,10.005473556,Other,random,C_2H2O2,10.005480000,RC2_0046_ICR-3_p08
474.067832131,484.073305688,10.005473556,Other,random,C_2H2O2,10.005480000,RC2_0046_ICR-3_p08
345.061361382,355.066835938,10.005474556,Other,random,C_2H2O2,10.005480000,RC2_0046_ICR-3_p08
435.129413309,445.134887866,10.005474556,Other,random,C_2H2O2,10.005480000,RC2_0046_ICR-3_p08
477.212899790,487.218374346,10.005474556,Other,random,C_2H2O2,10.005480000,RC2_0046_ICR-3_p08
605.187528916,615.193003473,10.005474556,Other,random,C_2H2O2,10.005480000,RC2_0046_ICR-3_p08
367.131651759,377.137127315,10.005475556,Other,random,C_2H2O2,10.005480000,RC2_0046_ICR-3_p08
329.102931078,339.108406634,10.005475556,Other,random,C_2H2O2,10.005480000,RC2_0046_ICR-3_p08
503.046585202,513.052060759,10.005475556,Other,random,C_2H2O2,10.005480000,RC2_0046_ICR-3_p08
523.137606975,533.143082532,10.005475556,Other,random,C_2H2O2,10.005480000,RC2_0046_ICR-3_p08
287.141838079,297.147313635,10.005475556,Other,random,C_2H2O2,10.005480000,RC2_0046_ICR-3_p08
331.118651527,341.124127084,10.005475556,Other,random,C_2H2O2,10.005480000,RC2_0046_ICR-3_p08
337.129139030,347.134614587,10.005475556,Other,random,C_2H2O2,10.005480000,RC2_0046_ICR-3_p08
611.104254817,621.109730374,10.005475556,Other,random,C_2H2O2,10.005480000,RC2_0046_ICR-3_p08
321.061516190,331.066992746,10.005476556,Other,random,C_2H2O2,10.005480000,RC2_0046_ICR-3_p08
237.113281302,247.118758858,10.005477556,Other,random,C_2H2O2,10.005480000,RC2_0046_ICR-3_p08
315.050887687,325.056365244,10.005477556,Other,random,C_2H2O2,10.005480000,RC2_0046_ICR-3_p08
539.083056334,549.088533890,10.005477556,Other,random,C_2H2O2,10.005480000,RC2_0046_ICR-3_p08
329.066555232,339.072033789,10.005478556,Other,random,C_2H2O2,10.005480000,RC2_0046_ICR-3_p08
349.056393435,359.061871991,10.005478556,Other,random,C_2H2O2,10.005480000,RC2_0046_ICR-3_p08
519.259831425,529.265309981,10.005478556,Other,random,C_2H2O2,10.005480000,RC2_0046_ICR-3_p08
667.094346305,677.099825861,10.005479556,Other,random,C_2H2O2,10.005480000,RC2_0046_ICR-3_p08
547.210410857,557.215890414,10.005479556,Other,random,C_2H2O2,10.005480000,RC2_0046_ICR-3_p08
385.165540258,395.171020815,10.005480556,Other,random,C_2H2O2,10.005480000,RC2_0046_ICR-3_p08
529.220683171,539.226163727,10.005480556,Other,random,C_2H2O2,10.005480000,RC2_0046_ICR-3_p08
543.077938388,553.083418944,10.005480556,Other,random,C_2H2O2,10.005480000,RC2_0046_ICR-3_p08
293.066606945,303.072087502,10.005480556,Other,random,C_2H2O2,10.005480000,RC2_0046_ICR-3_p08
321.097822036,331.103303592,10.005481556,Other,random,C_2H2O2,10.005480000,RC2_0046_ICR-3_p08
294.061942723,304.067424280,10.005481556,Other,random,C_2H2O2,10.005480000,RC2_0046_ICR-3_p08
307.155015182,317.160496738,10.005481556,Other,random,C_2H2O2,10.005480000,RC2_0046_ICR-3_p08
313.108006929,323.113488485,10.005481556,Other,random,C_2H2O2,10.005480000,RC2_0046_ICR-3_p08
399.071957267,409.077438823,10.005481556,Other,random,C_2H2O2,10.005480000,RC2_0046_ICR-3_p08
435.165894155,445.171375711,10.005481556,Other,random,C_2H2O2,10.005480000,RC2_0046_ICR-3_p08
353.079638368,363.085120924,10.005482556,Other,random,C_2H2O2,10.005480000,RC2_0046_ICR-3_p08
479.119272703,489.124755259,10.005482556,Other,random,C_2H2O2,10.005480000,RC2_0046_ICR-3_p08
513.189450176,523.194932732,10.005482556,Other,random,C_2H2O2,10.005480000,RC2_0046_ICR-3_p08
471.129530596,481.135014152,10.005483556,Other,random,C_2H2O2,10.005480000,RC2_0046_ICR-3_p08
421.223077301,431.228560857,10.005483556,Other,random,C_2H2O2,10.005480000,RC2_0046_ICR-3_p08
279.123766092,289.129249648,10.005483556,Other,random,C_2H2O2,10.005480000,RC2_0046_ICR-3_p08
355.045688028,365.051172584,10.005484556,Other,random,C_2H2O2,10.005480000,RC2_0046_ICR-3_p08
383.162785754,393.168270310,10.005484556,Other,random,C_2H2O2,10.005480000,RC2_0046_ICR-3_p08
503.119415893,513.124900450,10.005484556,Other,random,C_2H2O2,10.005480000,RC2_0046_ICR-3_p08
503.228312431,513.233796988,10.005484556,Other,random,C_2H2O2,10.005480000,RC2_0046_ICR-3_p08
513.080374638,523.085859195,10.005484556,Other,random,C_2H2O2,10.005480000,RC2_0046_ICR-3_p08
365.051172584,375.056657140,10.005484556,Other,random,C_2H2O2,10.005480000,RC2_0046_ICR-3_p08
433.077380014,443.082864571,10.005484556,Other,random,C_2H2O2,10.005480000,RC2_0046_ICR-3_p08
561.124799832,571.130284388,10.005484556,Other,random,C_2H2O2,10.005480000,RC2_0046_ICR-3_p08
223.097665756,233.103151313,10.005485556,Other,random,C_2H2O2,10.005480000,RC2_0046_ICR-3_p08
273.076802743,283.082288299,10.005485556,Other,random,C_2H2O2,10.005480000,RC2_0046_ICR-3_p08
369.128625287,379.134110844,10.005485556,Other,random,C_2H2O2,10.005480000,RC2_0046_ICR-3_p08
443.074725605,453.080211161,10.005485556,Other,random,C_2H2O2,10.005480000,RC2_0046_ICR-3_p08
517.062356747,527.067842303,10.005485556,Other,random,C_2H2O2,10.005480000,RC2_0046_ICR-3_p08
529.098645688,539.104131245,10.005485556,Other,random,C_2H2O2,10.005480000,RC2_0046_ICR-3_p08
365.115861310,375.121347866,10.005486556,Other,random,C_2H2O2,10.005480000,RC2_0046_ICR-3_p08
383.090040063,393.095526619,10.005486556,Other,random,C_2H2O2,10.005480000,RC2_0046_ICR-3_p08
313.084682028,323.090168584,10.005486556,Other,random,C_2H2O2,10.005480000,RC2_0046_ICR-3_p08
323.113488485,333.118975042,10.005486556,Other,random,C_2H2O2,10.005480000,RC2_0046_ICR-3_p08
371.107917891,381.113404448,10.005486556,Other,random,C_2H2O2,10.005480000,RC2_0046_ICR-3_p08
375.194119557,385.199607114,10.005487556,Other,random,C_2H2O2,10.005480000,RC2_0046_ICR-3_p08
535.254843573,545.260331130,10.005487556,Other,random,C_2H2O2,10.005480000,RC2_0046_ICR-3_p08
633.182757159,643.188244716,10.005487556,Other,random,C_2H2O2,10.005480000,RC2_0046_ICR-3_p08
504.158934484,514.164422040,10.005487556,Other,random,C_2H2O2,10.005480000,RC2_0046_ICR-3_p08
385.123456437,395.128944993,10.005488556,Other,random,C_2H2O2,10.005480000,RC2_0046_ICR-3_p08
235.097628852,245.103118408,10.005489556,Other,random,C_2H2O2,10.005480000,RC2_0046_ICR-3_p08
261.113287493,271.118777049,10.005489556,Other,random,C_2H2O2,10.005480000,RC2_0046_ICR-3_p08
263.092509097,273.097998653,10.005489556,Other,random,C_2H2O2,10.005480000,RC2_0046_ICR-3_p08
400.067213045,410.072702601,10.005489556,Other,random,C_2H2O2,10.005480000,RC2_0046_ICR-3_p08
385.142185357,395.147674914,10.005489556,Other,random,C_2H2O2,10.005480000,RC2_0046_ICR-3_p08
557.057213087,567.062702643,10.005489556,Other,random,C_2H2O2,10.005480000,RC2_0046_ICR-3_p08
249.113295397,259.118784953,10.005489556,Other,random,C_2H2O2,10.005480000,RC2_0046_ICR-3_p08
311.040790698,321.061516190,10.020725492,Other,random,C2H2O_1,10.020735000,RC2_0046_ICR-3_p08
559.145736227,569.166461719,10.020725492,Other,random,C2H2O_1,10.020735000,RC2_0046_ICR-3_p08
367.225385361,377.246110853,10.020725492,Other,random,C2H2O_1,10.020735000,RC2_0046_ICR-3_p08
475.124479649,485.145205141,10.020725492,Other,random,C2H2O_1,10.020735000,RC2_0046_ICR-3_p08
503.140495804,513.161221295,10.020725492,Other,random,C2H2O_1,10.020735000,RC2_0046_ICR-3_p08
435.069726563,445.090453054,10.020726492,Other,random,C2H2O_1,10.020735000,RC2_0046_ICR-3_p08
437.108773913,447.129500405,10.020726492,Other,random,C2H2O_1,10.020735000,RC2_0046_ICR-3_p08
379.066941129,389.087667620,10.020726492,Other,random,C2H2O_1,10.020735000,RC2_0046_ICR-3_p08
719.183819339,729.204545831,10.020726492,Other,random,C2H2O_1,10.020735000,RC2_0046_ICR-3_p08
305.087691952,315.108418443,10.020726492,Other,random,C2H2O_1,10.020735000,RC2_0046_ICR-3_p08
501.052197662,511.072924154,10.020726492,Other,random,C2H2O_1,10.020735000,RC2_0046_ICR-3_p08
567.135508334,577.156235826,10.020727492,Other,random,C2H2O_1,10.020735000,RC2_0046_ICR-3_p08
261.040534801,271.061262293,10.020727492,Other,random,C2H2O_1,10.020735000,RC2_0046_ICR-3_p08
389.137012411,399.157739903,10.020727492,Other,random,C2H2O_1,10.020735000,RC2_0046_ICR-3_p08
425.230873299,435.251600791,10.020727492,Other,random,C2H2O_1,10.020735000,RC2_0046_ICR-3_p08
509.106683495,519.127410987,10.020727492,Other,random,C2H2O_1,10.020735000,RC2_0046_ICR-3_p08
655.151884965,665.172612457,10.020727492,Other,random,C2H2O_1,10.020735000,RC2_0046_ICR-3_p08
345.046108446,355.066835938,10.020727492,Other,random,C2H2O_1,10.020735000,RC2_0046_ICR-3_p08
271.118777049,281.139504541,10.020727492,Other,random,C2H2O_1,10.020735000,RC2_0046_ICR-3_p08
329.064250242,339.084977734,10.020727492,Other,random,C2H2O_1,10.020735000,RC2_0046_ICR-3_p08
479.192074394,489.212802886,10.020728492,Other,random,C2H2O_1,10.020735000,RC2_0046_ICR-3_p08
535.145700036,545.166428528,10.020728492,Other,random,C2H2O_1,10.020735000,RC2_0046_ICR-3_p08
657.073617813,667.094346305,10.020728492,Other,random,C2H2O_1,10.020735000,RC2_0046_ICR-3_p08
669.204154355,679.224882847,10.020728492,Other,random,C2H2O_1,10.020735000,RC2_0046_ICR-3_p08
379.225538456,389.246267948,10.020729492,Other,random,C2H2O_1,10.020735000,RC2_0046_ICR-3_p08
593.187617820,603.208347312,10.020729492,Other,random,C2H2O_1,10.020735000,RC2_0046_ICR-3_p08
287.113623198,297.134352690,10.020729492,Other,random,C2H2O_1,10.020735000,RC2_0046_ICR-3_p08
373.186690073,383.207419565,10.020729492,Other,random,C2H2O_1,10.020735000,RC2_0046_ICR-3_p08
403.051659385,413.072388876,10.020729492,Other,random,C2H2O_1,10.020735000,RC2_0046_ICR-3_p08
399.048804365,409.069534857,10.020730492,Other,random,C2H2O_1,10.020735000,RC2_0046_ICR-3_p08
487.173811535,497.194542027,10.020730492,Other,random,C2H2O_1,10.020735000,RC2_0046_ICR-3_p08
317.066569137,327.087299628,10.020730492,Other,random,C2H2O_1,10.020735000,RC2_0046_ICR-3_p08
511.218297537,521.239028029,10.020730492,Other,random,C2H2O_1,10.020735000,RC2_0046_ICR-3_p08
525.088482700,535.109213191,10.020730492,Other,random,C2H2O_1,10.020735000,RC2_0046_ICR-3_p08
579.244743967,589.265474458,10.020730492,Other,random,C2H2O_1,10.020735000,RC2_0046_ICR-3_p08
281.152441486,291.173172978,10.020731492,Other,random,C2H2O_1,10.020735000,RC2_0046_ICR-3_p08
365.209922911,375.230654402,10.020731492,Other,random,C2H2O_1,10.020735000,RC2_0046_ICR-3_p08
437.035894222,447.056625714,10.020731492,Other,random,C2H2O_1,10.020735000,RC2_0046_ICR-3_p08
439.088043517,449.108775008,10.020731492,Other,random,C2H2O_1,10.020735000,RC2_0046_ICR-3_p08
475.218282251,485.239013743,10.020731492,Other,random,C2H2O_1,10.020735000,RC2_0046_ICR-3_p08
545.106790781,555.127522273,10.020731492,Other,random,C2H2O_1,10.020735000,RC2_0046_ICR-3_p08
571.166655234,581.187386726,10.020731492,Other,random,C2H2O_1,10.020735000,RC2_0046_ICR-3_p08
367.079856978,377.100588470,10.020731492,Other,random,C2H2O_1,10.020735000,RC2_0046_ICR-3_p08
381.149691294,391.170422785,10.020731492,Other,random,C2H2O_1,10.020735000,RC2_0046_ICR-3_p08
240.051424838,250.072156330,10.020731492,Other,random,C2H2O_1,10.020735000,RC2_0046_ICR-3_p08
433.180899575,443.201631067,10.020731492,Other,random,C2H2O_1,10.020735000,RC2_0046_ICR-3_p08
529.184556324,539.205288816,10.020732492,Other,random,C2H2O_1,10.020735000,RC2_0046_ICR-3_p08
264.108940785,274.129673277,10.020732492,Other,random,C2H2O_1,10.020735000,RC2_0046_ICR-3_p08
435.160318178,445.181050670,10.020732492,Other,random,C2H2O_1,10.020735000,RC2_0046_ICR-3_p08
231.087516863,241.108249355,10.020732492,Other,random,C2H2O_1,10.020735000,RC2_0046_ICR-3_p08
241.035461664,251.056194155,10.020732492,Other,random,C2H2O_1,10.020735000,RC2_0046_ICR-3_p08
282.061907628,292.082640120,10.020732492,Other,random,C2H2O_1,10.020735000,RC2_0046_ICR-3_p08
389.173465256,399.194197748,10.020732492,Other,random,C2H2O_1,10.020735000,RC2_0046_ICR-3_p08
401.100698661,411.121431152,10.020732492,Other,random,C2H2O_1,10.020735000,RC2_0046_ICR-3_p08
439.173721153,449.194453645,10.020732492,Other,random,C2H2O_1,10.020735000,RC2_0046_ICR-3_p08
449.230954490,459.251686982,10.020732492,Other,random,C2H2O_1,10.020735000,RC2_0046_ICR-3_p08
521.179520282,531.200252773,10.020732492,Other,random,C2H2O_1,10.020735000,RC2_0046_ICR-3_p08
527.104257149,537.124989640,10.020732492,Other,random,C2H2O_1,10.020735000,RC2_0046_ICR-3_p08
587.068012780,597.088745272,10.020732492,Other,random,C2H2O_1,10.020735000,RC2_0046_ICR-3_p08
611.198267418,621.218999910,10.020732492,Other,random,C2H2O_1,10.020735000,RC2_0046_ICR-3_p08
649.213901155,659.234633646,10.020732492,Other,random,C2H2O_1,10.020735000,RC2_0046_ICR-3_p08
367.134101748,377.154835240,10.020733492,Other,random,C2H2O_1,10.020735000,RC2_0046_ICR-3_p08
485.057204514,495.077938005,10.020733492,Other,random,C2H2O_1,10.020735000,RC2_0046_ICR-3_p08
287.150015044,297.170748536,10.020733492,Other,random,C2H2O_1,10.020735000,RC2_0046_ICR-3_p08
311.077088544,321.097822036,10.020733492,Other,random,C2H2O_1,10.020735000,RC2_0046_ICR-3_p08
336.036034667,346.056768159,10.020733492,Other,random,C2H2O_1,10.020735000,RC2_0046_ICR-3_p08
347.134614587,357.155348079,10.020733492,Other,random,C2H2O_1,10.020735000,RC2_0046_ICR-3_p08
391.103234070,401.123967562,10.020733492,Other,random,C2H2O_1,10.020735000,RC2_0046_ICR-3_p08
537.234052178,547.254785669,10.020733492,Other,random,C2H2O_1,10.020735000,RC2_0046_ICR-3_p08
575.104174531,585.124908023,10.020733492,Other,random,C2H2O_1,10.020735000,RC2_0046_ICR-3_p08
597.146095028,607.166828520,10.020733492,Other,random,C2H2O_1,10.020735000,RC2_0046_ICR-3_p08
335.004389044,345.025123535,10.020734492,Other,random,C2H2O_1,10.020735000,RC2_0046_ICR-3_p08
337.019969494,347.040703985,10.020734492,Other,random,C2H2O_1,10.020735000,RC2_0046_ICR-3_p08
407.092654243,417.113388734,10.020734492,Other,random,C2H2O_1,10.020735000,RC2_0046_ICR-3_p08
373.041077691,383.061812182,10.020734492,Other,random,C2H2O_1,10.020735000,RC2_0046_ICR-3_p08
391.139715916,401.160450407,10.020734492,Other,random,C2H2O_1,10.020735000,RC2_0046_ICR-3_p08
623.162022668,633.182757159,10.020734492,Other,random,C2H2O_1,10.020735000,RC2_0046_ICR-3_p08
425.158213608,435.178948099,10.020734492,Other,random,C2H2O_1,10.020735000,RC2_0046_ICR-3_p08
361.092668376,371.113403868,10.020735492,Other,random,C2H2O_1,10.020735000,RC2_0046_ICR-3_p08
405.082477770,415.103213261,10.020735492,Other,random,C2H2O_1,10.020735000,RC2_0046_ICR-3_p08
409.144710538,419.165446029,10.020735492,Other,random,C2H2O_1,10.020735000,RC2_0046_ICR-3_p08
440.132556086,450.153291578,10.020735492,Other,random,C2H2O_1,10.020735000,RC2_0046_ICR-3_p08
463.137506498,473.158241990,10.020735492,Other,random,C2H2O_1,10.020735000,RC2_0046_ICR-3_p08
549.088533890,559.109269382,10.020735492,Other,random,C2H2O_1,10.020735000,RC2_0046_ICR-3_p08
667.079090370,677.099825861,10.020735492,Other,random,C2H2O_1,10.020735000,RC2_0046_ICR-3_p08
340.103685412,350.124420904,10.020735492,Other,random,C2H2O_1,10.020735000,RC2_0046_ICR-3_p08
411.215302754,421.236038246,10.020735492,Other,random,C2H2O_1,10.020735000,RC2_0046_ICR-3_p08
527.176796841,537.197533332,10.020736492,Other,random,C2H2O_1,10.020735000,RC2_0046_ICR-3_p08
225.040542515,235.061279006,10.020736492,Other,random,C2H2O_1,10.020735000,RC2_0046_ICR-3_p08
229.144602105,239.165338597,10.020736492,Other,random,C2H2O_1,10.020735000,RC2_0046_ICR-3_p08
325.092731089,335.113467581,10.020736492,Other,random,C2H2O_1,10.020735000,RC2_0046_ICR-3_p08
415.087905326,425.108641818,10.020736492,Other,random,C2H2O_1,10.020735000,RC2_0046_ICR-3_p08
427.116393301,437.137129793,10.020736492,Other,random,C2H2O_1,10.020735000,RC2_0046_ICR-3_p08
441.103666966,451.124403458,10.020736492,Other,random,C2H2O_1,10.020735000,RC2_0046_ICR-3_p08
533.197084303,543.217820794,10.020736492,Other,random,C2H2O_1,10.020735000,RC2_0046_ICR-3_p08
437.230994394,447.251731886,10.020737492,Other,random,C2H2O_1,10.020735000,RC2_0046_ICR-3_p08
383.147532819,393.168270310,10.020737492,Other,random,C2H2O_1,10.020735000,RC2_0046_ICR-3_p08
571.094035542,581.114773034,10.020737492,Other,random,C2H2O_1,10.020735000,RC2_0046_ICR-3_p08
279.123766092,289.144503583,10.020737492,Other,random,C2H2O_1,10.020735000,RC2_0046_ICR-3_p08
535.195109827,545.215848318,10.020738492,Other,random,C2H2O_1,10.020735000,RC2_0046_ICR-3_p08
325.056365244,335.077103735,10.020738492,Other,random,C2H2O_1,10.020735000,RC2_0046_ICR-3_p08
541.184620419,551.205358911,10.020738492,Other,random,C2H2O_1,10.020735000,RC2_0046_ICR-3_p08
583.203209175,593.223947666,10.020738492,Other,random,C2H2O_1,10.020735000,RC2_0046_ICR-3_p08
647.161896859,657.182635351,10.020738492,Other,random,C2H2O_1,10.020735000,RC2_0046_ICR-3_p08
467.192161298,477.212899790,10.020738492,Other,random,C2H2O_1,10.020735000,RC2_0046_ICR-3_p08
485.215784841,495.236523333,10.020738492,Other,random,C2H2O_1,10.020735000,RC2_0046_ICR-3_p08
323.040714794,333.061454286,10.020739492,Other,random,C2H2O_1,10.020735000,RC2_0046_ICR-3_p08
455.111370545,465.132110037,10.020739492,Other,random,C2H2O_1,10.020735000,RC2_0046_ICR-3_p08
479.205129339,489.225868830,10.020739492,Other,random,C2H2O_1,10.020735000,RC2_0046_ICR-3_p08
293.139342637,303.160082129,10.020739492,Other,random,C2H2O_1,10.020735000,RC2_0046_ICR-3_p08
449.103177032,459.123916524,10.020739492,Other,random,C2H2O_1,10.020735000,RC2_0046_ICR-3_p08
333.110888076,343.131627568,10.020739492,Other,random,C2H2O_1,10.020735000,RC2_0046_ICR-3_p08
458.101854859,468.122594351,10.020739492,Other,random,C2H2O_1,10.020735000,RC2_0046_ICR-3_p08
319.103353497,329.124093988,10.020740492,Other,random,C2H2O_1,10.020735000,RC2_0046_ICR-3_p08
335.053797834,345.074538326,10.020740492,Other,random,C2H2O_1,10.020735000,RC2_0046_ICR-3_p08
431.092608434,441.113348925,10.020740492,Other,random,C2H2O_1,10.020735000,RC2_0046_ICR-3_p08
465.212909694,475.233650186,10.020740492,Other,random,C2H2O_1,10.020735000,RC2_0046_ICR-3_p08
477.134384123,487.155124614,10.020740492,Other,random,C2H2O_1,10.020735000,RC2_0046_ICR-3_p08
255.051044209,265.071784701,10.020740492,Other,random,C2H2O_1,10.020735000,RC2_0046_ICR-3_p08
309.183695576,319.204436068,10.020740492,Other,random,C2H2O_1,10.020735000,RC2_0046_ICR-3_p08
334.056770064,344.077510555,10.020740492,Other,random,C2H2O_1,10.020735000,RC2_0046_ICR-3_p08
505.129513366,515.150253858,10.020740492,Other,random,C2H2O_1,10.020735000,RC2_0046_ICR-3_p08
359.025494145,369.046234637,10.020740492,Other,random,C2H2O_1,10.020735000,RC2_0046_ICR-3_p08
263.150014853,273.170756344,10.020741492,Other,random,C2H2O_1,10.020735000,RC2_0046_ICR-3_p08
413.072388876,423.093130368,10.020741492,Other,random,C2H2O_1,10.020735000,RC2_0046_ICR-3_p08
421.186724455,431.207465947,10.020741492,Other,random,C2H2O_1,10.020735000,RC2_0046_ICR-3_p08
351.048548984,361.069290475,10.020741492,Other,random,C2H2O_1,10.020735000,RC2_0046_ICR-3_p08
411.123882142,421.144623633,10.020741492,Other,random,C2H2O_1,10.020735000,RC2_0046_ICR-3_p08
495.077938005,505.098679497,10.020741492,Other,random,C2H2O_1,10.020735000,RC2_0046_ICR-3_p08
499.173960630,509.194702122,10.020741492,Other,random,C2H2O_1,10.020735000,RC2_0046_ICR-3_p08
531.062589357,541.083330849,10.020741492,Other,random,C2H2O_1,10.020735000,RC2_0046_ICR-3_p08
349.019999589,359.040742081,10.020742492,Other,random,C2H2O_1,10.020735000,RC2_0046_ICR-3_p08
485.194680931,495.215423422,10.020742492,Other,random,C2H2O_1,10.020735000,RC2_0046_ICR-3_p08
393.204839155,403.225581647,10.020742492,Other,random,C2H2O_1,10.020735000,RC2_0046_ICR-3_p08
435.165894155,445.186636646,10.020742492,Other,random,C2H2O_1,10.020735000,RC2_0046_ICR-3_p08
357.118870233,367.139612725,10.020742492,Other,random,C2H2O_1,10.020735000,RC2_0046_ICR-3_p08
463.087943708,473.108686200,10.020742492,Other,random,C2H2O_1,10.020735000,RC2_0046_ICR-3_p08
485.049086548,495.069829040,10.020742492,Other,random,C2H2O_1,10.020735000,RC2_0046_ICR-3_p08
671.183291960,681.204035451,10.020743492,Other,random,C2H2O_1,10.020735000,RC2_0046_ICR-3_p08
307.058969589,317.079713081,10.020743492,Other,random,C2H2O_1,10.020735000,RC2_0046_ICR-3_p08
325.142186880,335.162930371,10.020743492,Other,random,C2H2O_1,10.020735000,RC2_0046_ICR-3_p08
327.121522483,337.142265975,10.020743492,Other,random,C2H2O_1,10.020735000,RC2_0046_ICR-3_p08
369.113367352,379.134110844,10.020743492,Other,random,C2H2O_1,10.020735000,RC2_0046_ICR-3_p08
239.092551906,249.113295397,10.020743492,Other,random,C2H2O_1,10.020735000,RC2_0046_ICR-3_p08
315.108418443,325.129161935,10.020743492,Other,random,C2H2O_1,10.020735000,RC2_0046_ICR-3_p08
499.145566750,509.166310242,10.020743492,Other,random,C2H2O_1,10.020735000,RC2_0046_ICR-3_p08
301.202030435,311.222773926,10.020743492,Other,random,C2H2O_1,10.020735000,RC2_0046_ICR-3_p08
489.080318448,499.101061939,10.020743492,Other,random,C2H2O_1,10.020735000,RC2_0046_ICR-3_p08
461.231076585,471.251820077,10.020743492,Other,random,C2H2O_1,10.020735000,RC2_0046_ICR-3_p08
535.254843573,545.275588065,10.020744492,Other,random,C2H2O_1,10.020735000,RC2_0046_ICR-3_p08
599.198295323,609.219039814,10.020744492,Other,random,C2H2O_1,10.020735000,RC2_0046_ICR-3_p08
339.108406634,349.129151126,10.020744492,Other,random,C2H2O_1,10.020735000,RC2_0046_ICR-3_p08
432.106277134,442.127021625,10.020744492,Other,random,C2H2O_1,10.020735000,RC2_0046_ICR-3_p08
437.072269068,447.093013559,10.020744492,Other,random,C2H2O_1,10.020735000,RC2_0046_ICR-3_p08
457.199697686,467.220442178,10.020744492,Other,random,C2H2O_1,10.020735000,RC2_0046_ICR-3_p08
283.009498608,293.030243100,10.020744492,Other,random,C2H2O_1,10.020735000,RC2_0046_ICR-3_p08
355.131632663,365.152377155,10.020744492,Other,random,C2H2O_1,10.020735000,RC2_0046_ICR-3_p08
543.135541143,553.156285635,10.020744492,Other,random,C2H2O_1,10.020735000,RC2_0046_ICR-3_p08
543.280876527,553.301621018,10.020744492,Other,random,C2H2O_1,10.020735000,RC2_0046_ICR-3_p08
441.168307692,451.189052184,10.020744492,Other,random,C2H2O_1,10.020735000,RC2_0046_ICR-3_p08
289.144503583,299.222743831,10.078240248,Other,random,H10,10.078250000,RC2_0046_ICR-3_p08
323.004408948,333.082649196,10.078240248,Other,random,H10,10.078250000,RC2_0046_ICR-3_p08
323.113488485,333.191728733,10.078240248,Other,random,H10,10.078250000,RC2_0046_ICR-3_p08
275.092456193,285.170697440,10.078241248,Other,random,H10,10.078250000,RC2_0046_ICR-3_p08
317.066569137,327.144810384,10.078241248,Other,random,H10,10.078250000,RC2_0046_ICR-3_p08
327.127034460,337.205275708,10.078241248,Other,random,H10,10.078250000,RC2_0046_ICR-3_p08
345.110818172,355.189059420,10.078241248,Other,random,H10,10.078250000,RC2_0046_ICR-3_p08
409.077438823,419.155680071,10.078241248,Other,random,H10,10.078250000,RC2_0046_ICR-3_p08
261.040534801,271.118777049,10.078242248,Other,random,H10,10.078250000,RC2_0046_ICR-3_p08
459.165831346,469.244073594,10.078242248,Other,random,H10,10.078250000,RC2_0046_ICR-3_p08
271.061262293,281.139504541,10.078242248,Other,random,H10,10.078250000,RC2_0046_ICR-3_p08
325.056365244,335.134607491,10.078242248,Other,random,H10,10.078250000,RC2_0046_ICR-3_p08
343.076587801,353.154830049,10.078242248,Other,random,H10,10.078250000,RC2_0046_ICR-3_p08
485.158281085,495.236523333,10.078242248,Other,random,H10,10.078250000,RC2_0046_ICR-3_p08
385.069431666,395.147674914,10.078243248,Other,random,H10,10.078250000,RC2_0046_ICR-3_p08
499.124478840,509.202722088,10.078243248,Other,random,H10,10.078250000,RC2_0046_ICR-3_p08
285.076861838,295.155105086,10.078243248,Other,random,H10,10.078250000,RC2_0046_ICR-3_p08
307.118609336,317.196852584,10.078243248,Other,random,H10,10.078250000,RC2_0046_ICR-3_p08
343.082106778,353.160351025,10.078244248,Other,random,H10,10.078250000,RC2_0046_ICR-3_p08
455.074806700,465.153050948,10.078244248,Other,random,H10,10.078250000,RC2_0046_ICR-3_p08
541.098742783,551.176987031,10.078244248,Other,random,H10,10.078250000,RC2_0046_ICR-3_p08
425.137002698,435.215247945,10.078245248,Other,random,H10,10.078250000,RC2_0046_ICR-3_p08
333.097906131,343.176151379,10.078245248,Other,random,H10,10.078250000,RC2_0046_ICR-3_p08
345.170591918,355.248837166,10.078245248,Other,random,H10,10.078250000,RC2_0046_ICR-3_p08
401.100698661,411.178943908,10.078245248,Other,random,H10,10.078250000,RC2_0046_ICR-3_p08
427.139650202,437.217895450,10.078245248,Other,random,H10,10.078250000,RC2_0046_ICR-3_p08
317.043276236,327.121522483,10.078246248,Other,random,H10,10.078250000,RC2_0046_ICR-3_p08
263.092509097,273.170756344,10.078247248,Other,random,H10,10.078250000,RC2_0046_ICR-3_p08
425.100700852,435.178948099,10.078247248,Other,random,H10,10.078250000,RC2_0046_ICR-3_p08
478.070548151,488.148795399,10.078247248,Other,random,H10,10.078250000,RC2_0046_ICR-3_p08
407.163061944,417.241310192,10.078248248,Other,random,H10,10.078250000,RC2_0046_ICR-3_p08
347.004343139,357.082591387,10.078248248,Other,random,H10,10.078250000,RC2_0046_ICR-3_p08
433.222976397,443.301224644,10.078248248,Other,random,H10,10.078250000,RC2_0046_ICR-3_p08
393.009625983,403.087874231,10.078248248,Other,random,H10,10.078250000,RC2_0046_ICR-3_p08
325.121134969,335.199384217,10.078249248,Other,random,H10,10.078250000,RC2_0046_ICR-3_p08
451.189052184,461.267301432,10.078249248,Other,random,H10,10.078250000,RC2_0046_ICR-3_p08
313.084682028,323.162931276,10.078249248,Other,random,H10,10.078250000,RC2_0046_ICR-3_p08
453.095526097,463.173775344,10.078249248,Other,random,H10,10.078250000,RC2_0046_ICR-3_p08
529.098645688,539.176895936,10.078250248,Other,random,H10,10.078250000,RC2_0046_ICR-3_p08
529.184556324,539.262806572,10.078250248,Other,random,H10,10.078250000,RC2_0046_ICR-3_p08
333.089844165,343.168094413,10.078250248,Other,random,H10,10.078250000,RC2_0046_ICR-3_p08
251.056194155,261.134445403,10.078251248,Other,random,H10,10.078250000,RC2_0046_ICR-3_p08
541.062388938,551.140640185,10.078251248,Other,random,H10,10.078250000,RC2_0046_ICR-3_p08
329.102931078,339.181183326,10.078252248,Other,random,H10,10.078250000,RC2_0046_ICR-3_p08
357.128608192,367.206860440,10.078252248,Other,random,H10,10.078250000,RC2_0046_ICR-3_p08
385.056301722,395.134553969,10.078252248,Other,random,H10,10.078250000,RC2_0046_ICR-3_p08
433.041118168,443.119370416,10.078252248,Other,random,H10,10.078250000,RC2_0046_ICR-3_p08
621.073243528,631.151495776,10.078252248,Other,random,H10,10.078250000,RC2_0046_ICR-3_p08
463.051510863,473.129764110,10.078253248,Other,random,H10,10.078250000,RC2_0046_ICR-3_p08
485.036023604,495.114276851,10.078253248,Other,random,H10,10.078250000,RC2_0046_ICR-3_p08
279.087396246,289.165650494,10.078254248,Other,random,H10,10.078250000,RC2_0046_ICR-3_p08
387.102684041,397.180938288,10.078254248,Other,random,H10,10.078250000,RC2_0046_ICR-3_p08
233.045607557,243.123862805,10.078255248,Other,random,H10,10.078250000,RC2_0046_ICR-3_p08
383.162785754,393.241041002,10.078255248,Other,random,H10,10.078250000,RC2_0046_ICR-3_p08
455.183959237,465.262214485,10.078255248,Other,random,H10,10.078250000,RC2_0046_ICR-3_p08
401.064367815,411.142624062,10.078256248,Other,random,H10,10.078250000,RC2_0046_ICR-3_p08
403.097599190,413.175855437,10.078256248,Other,random,H10,10.078250000,RC2_0046_ICR-3_p08
551.168983065,561.247239313,10.078256248,Other,random,H10,10.078250000,RC2_0046_ICR-3_p08
239.035039150,249.113295397,10.078256248,Other,random,H10,10.078250000,RC2_0046_ICR-3_p08
335.004389044,345.082645291,10.078256248,Other,random,H10,10.078250000,RC2_0046_ICR-3_p08
377.196806062,387.275062310,10.078256248,Other,random,H10,10.078250000,RC2_0046_ICR-3_p08
553.220993360,563.299250608,10.078257248,Other,random,H10,10.078250000,RC2_0046_ICR-3_p08
327.100344573,337.178601821,10.078257248,Other,random,H10,10.078250000,RC2_0046_ICR-3_p08
277.071757796,287.150015044,10.078257248,Other,random,H10,10.078250000,RC2_0046_ICR-3_p08
381.046223732,391.124480980,10.078257248,Other,random,H10,10.078250000,RC2_0046_ICR-3_p08
457.150089897,467.228347145,10.078257248,Other,random,H10,10.078250000,RC2_0046_ICR-3_p08
235.024861161,245.103118408,10.078257248,Other,random,H10,10.078250000,RC2_0046_ICR-3_p08
275.128888038,285.207146286,10.078258248,Other,random,H10,10.078250000,RC2_0046_ICR-3_p08
365.115861310,375.194119557,10.078258248,Other,random,H10,10.078250000,RC2_0046_ICR-3_p08
473.145064046,483.223322293,10.078258248,Other,random,H10,10.078250000,RC2_0046_ICR-3_p08
503.010230356,513.088488604,10.078258248,Other,random,H10,10.078250000,RC2_0046_ICR-3_p08
527.046731393,537.124989640,10.078258248,Other,random,H10,10.078250000,RC2_0046_ICR-3_p08
315.100302478,325.178561725,10.078259248,Other,random,H10,10.078250000,RC2_0046_ICR-3_p08
319.045834741,329.124093988,10.078259248,Other,random,H10,10.078250000,RC2_0046_ICR-3_p08
347.053659930,357.131919178,10.078259248,Other,random,H10,10.078250000,RC2_0046_ICR-3_p08
375.121347866,385.199607114,10.078259248,Other,random,H10,10.078250000,RC2_0046_ICR-3_p08
295.082307395,305.160566642,10.078259248,Other,random,H10,10.078250000,RC2_0046_ICR-3_p08
247.097626948,257.175886195,10.078259248,Other,random,H10,10.078250000,RC2_0046_ICR-3_p08
303.123699283,313.201958531,10.078259248,Other,random,H10,10.078250000,RC2_0046_ICR-3_p08
345.191780828,356.171370253,10.979589424,Other,random,N1H_3,10.979599000,RC2_0046_ICR-3_p08
487.109204809,498.088794233,10.979589424,Other,random,N1H_3,10.979599000,RC2_0046_ICR-3_p08
319.082301586,330.061892010,10.979590424,Other,random,N1H_3,10.979599000,RC2_0046_ICR-3_p08
329.124093988,340.103685412,10.979591424,Other,random,N1H_3,10.979599000,RC2_0046_ICR-3_p08
529.265309981,540.244901405,10.979591424,Other,random,N1H_3,10.979599000,RC2_0046_ICR-3_p08
289.092852802,300.072444226,10.979591424,Other,random,N1H_3,10.979599000,RC2_0046_ICR-3_p08
313.056432148,324.036023572,10.979591424,Other,random,N1H_3,10.979599000,RC2_0046_ICR-3_p08
335.113467581,346.093059005,10.979591424,Other,random,N1H_3,10.979599000,RC2_0046_ICR-3_p08
257.066703658,268.046297083,10.979593424,Other,random,N1H_3,10.979599000,RC2_0046_ICR-3_p08
477.067382407,488.046975831,10.979593424,Other,random,N1H_3,10.979599000,RC2_0046_ICR-3_p08
271.082314204,282.061907628,10.979593424,Other,random,N1H_3,10.979599000,RC2_0046_ICR-3_p08
311.126596334,322.106190758,10.979594424,Other,random,N1H_3,10.979599000,RC2_0046_ICR-3_p08
381.241124906,392.220719330,10.979594424,Other,random,N1H_3,10.979599000,RC2_0046_ICR-3_p08
423.056822522,434.036417946,10.979595424,Other,random,N1H_3,10.979599000,RC2_0046_ICR-3_p08
507.114264947,518.093862371,10.979597424,Other,random,N1H_3,10.979599000,RC2_0046_ICR-3_p08
241.071853509,252.051452933,10.979599424,Other,random,N1H_3,10.979599000,RC2_0046_ICR-3_p08
255.087467054,266.067068479,10.979601424,Other,random,N1H_3,10.979599000,RC2_0046_ICR-3_p08
309.061506094,320.041108519,10.979602424,Other,random,N1H_3,10.979599000,RC2_0046_ICR-3_p08
377.124064370,388.103666795,10.979602424,Other,random,N1H_3,10.979599000,RC2_0046_ICR-3_p08
511.109313000,522.088917424,10.979604424,Other,random,N1H_3,10.979599000,RC2_0046_ICR-3_p08
239.092551906,250.072156330,10.979604424,Other,random,N1H_3,10.979599000,RC2_0046_ICR-3_p08
333.097906131,344.077510555,10.979604424,Other,random,N1H_3,10.979599000,RC2_0046_ICR-3_p08
437.085376012,448.064981436,10.979605424,Other,random,N1H_3,10.979599000,RC2_0046_ICR-3_p08
251.092527001,262.072133425,10.979606424,Other,random,N1H_3,10.979599000,RC2_0046_ICR-3_p08
363.144849671,374.124457095,10.979607424,Other,random,N1H_3,10.979599000,RC2_0046_ICR-3_p08
555.135407239,566.115015663,10.979608424,Other,random,N1H_3,10.979599000,RC2_0046_ICR-3_p08
293.102986791,304.082595215,10.979608424,Other,random,N1H_3,10.979599000,RC2_0046_ICR-3_p08
337.214948666,348.230924936,11.015976270,Other,random,C1H1N1O_1,11.015984000,RC2_0046_ICR-3_p08
269.030361908,280.046339178,11.015977270,Other,random,C1H1N1O_1,11.015984000,RC2_0046_ICR-3_p08
325.092731089,336.108709359,11.015978270,Other,random,C1H1N1O_1,11.015984000,RC2_0046_ICR-3_p08
353.100656279,364.116634548,11.015978270,Other,random,C1H1N1O_1,11.015984000,RC2_0046_ICR-3_p08
351.072037884,362.088018154,11.015980270,Other,random,C1H1N1O_1,11.015984000,RC2_0046_ICR-3_p08
309.061506094,320.077487364,11.015981270,Other,random,C1H1N1O_1,11.015984000,RC2_0046_ICR-3_p08
497.130008301,508.145989570,11.015981270,Other,random,C1H1N1O_1,11.015984000,RC2_0046_ICR-3_p08
289.056461957,300.072444226,11.015982270,Other,random,C1H1N1O_1,11.015984000,RC2_0046_ICR-3_p08
325.142186880,336.158171149,11.015984270,Other,random,C1H1N1O_1,11.015984000,RC2_0046_ICR-3_p08
299.113563294,310.129547564,11.015984270,Other,random,C1H1N1O_1,11.015984000,RC2_0046_ICR-3_p08
287.040813507,298.056797777,11.015984270,Other,random,C1H1N1O_1,11.015984000,RC2_0046_ICR-3_p08
513.088488604,524.104473874,11.015985270,Other,random,C1H1N1O_1,11.015984000,RC2_0046_ICR-3_p08
455.082903666,466.098888936,11.015985270,Other,random,C1H1N1O_1,11.015984000,RC2_0046_ICR-3_p08
425.145111663,436.161098933,11.015987270,Other,random,C1H1N1O_1,11.015984000,RC2_0046_ICR-3_p08
453.067303216,464.083290486,11.015987270,Other,random,C1H1N1O_1,11.015984000,RC2_0046_ICR-3_p08
309.025120249,320.041108519,11.015988270,Other,random,C1H1N1O_1,11.015984000,RC2_0046_ICR-3_p08
293.066606945,304.082595215,11.015988270,Other,random,C1H1N1O_1,11.015984000,RC2_0046_ICR-3_p08
457.041052359,468.057042629,11.015990270,Other,random,C1H1N1O_1,11.015984000,RC2_0046_ICR-3_p08
323.113488485,334.129479755,11.015991270,Other,random,C1H1N1O_1,11.015984000,RC2_0046_ICR-3_p08
353.209782816,364.225774086,11.015991270,Other,random,C1H1N1O_1,11.015984000,RC2_0046_ICR-3_p08
241.035461664,252.051452933,11.015991270,Other,random,C1H1N1O_1,11.015984000,RC2_0046_ICR-3_p08
263.056162251,274.072153521,11.015991270,Other,random,C1H1N1O_1,11.015984000,RC2_0046_ICR-3_p08
511.072924154,522.088917424,11.015993270,Other,random,C1H1N1O_1,11.015984000,RC2_0046_ICR-3_p08
361.165578067,373.129183317,11.963605250,Other,random,H_4O1,11.963615000,RC2_0046_ICR-3_p08
561.270440214,573.234045464,11.963605250,Other,random,H_4O1,11.963615000,RC2_0046_ICR-3_p08
291.144849098,303.108454348,11.963605250,Other,random,H_4O1,11.963615000,RC2_0046_ICR-3_p08
347.134614587,359.098219837,11.963605250,Other,random,H_4O1,11.963615000,RC2_0046_ICR-3_p08
461.148161937,473.111767187,11.963605250,Other,random,H_4O1,11.963615000,RC2_0046_ICR-3_p08
527.140525995,539.104131245,11.963605250,Other,random,H_4O1,11.963615000,RC2_0046_ICR-3_p08
555.236593810,567.200199060,11.963605250,Other,random,H_4O1,11.963615000,RC2_0046_ICR-3_p08
359.199255408,371.162860658,11.963605250,Other,random,H_4O1,11.963615000,RC2_0046_ICR-3_p08
425.267389145,437.230994394,11.963605250,Other,random,H_4O1,11.963615000,RC2_0046_ICR-3_p08
431.192009012,443.155615262,11.963606250,Other,random,H_4O1,11.963615000,RC2_0046_ICR-3_p08
447.178862195,459.142468445,11.963606250,Other,random,H_4O1,11.963615000,RC2_0046_ICR-3_p08
317.124150892,329.087757142,11.963606250,Other,random,H_4O1,11.963615000,RC2_0046_ICR-3_p08
321.061516190,333.025122440,11.963606250,Other,random,H_4O1,11.963615000,RC2_0046_ICR-3_p08
371.144298737,383.107904987,11.963606250,Other,random,H_4O1,11.963615000,RC2_0046_ICR-3_p08
435.165894155,447.129500405,11.963606250,Other,random,H_4O1,11.963615000,RC2_0046_ICR-3_p08
555.099096393,567.062702643,11.963606250,Other,random,H_4O1,11.963615000,RC2_0046_ICR-3_p08
559.254833765,571.218440014,11.963606250,Other,random,H_4O1,11.963615000,RC2_0046_ICR-3_p08
591.244741062,603.208347312,11.963606250,Other,random,H_4O1,11.963615000,RC2_0046_ICR-3_p08
597.146095028,609.109701278,11.963606250,Other,random,H_4O1,11.963615000,RC2_0046_ICR-3_p08
419.129002184,431.092608434,11.963606250,Other,random,H_4O1,11.963615000,RC2_0046_ICR-3_p08
511.254716383,523.218322633,11.963606250,Other,random,H_4O1,11.963615000,RC2_0046_ICR-3_p08
653.209005207,665.172612457,11.963607250,Other,random,H_4O1,11.963615000,RC2_0046_ICR-3_p08
447.142559349,459.106166599,11.963607250,Other,random,H_4O1,11.963615000,RC2_0046_ICR-3_p08
303.090725423,315.054332673,11.963607250,Other,random,H_4O1,11.963615000,RC2_0046_ICR-3_p08
541.301662923,553.265270173,11.963607250,Other,random,H_4O1,11.963615000,RC2_0046_ICR-3_p08
379.066941129,391.030549379,11.963608250,Other,random,H_4O1,11.963615000,RC2_0046_ICR-3_p08
422.109076542,434.072684792,11.963608250,Other,random,H_4O1,11.963615000,RC2_0046_ICR-3_p08
431.165408125,443.129016375,11.963608250,Other,random,H_4O1,11.963615000,RC2_0046_ICR-3_p08
469.062119366,481.025727615,11.963608250,Other,random,H_4O1,11.963615000,RC2_0046_ICR-3_p08
505.148134287,517.111742537,11.963608250,Other,random,H_4O1,11.963615000,RC2_0046_ICR-3_p08
573.291366221,585.254974471,11.963608250,Other,random,H_4O1,11.963615000,RC2_0046_ICR-3_p08
501.116766389,513.080374638,11.963608250,Other,random,H_4O1,11.963615000,RC2_0046_ICR-3_p08
259.082346108,271.045954358,11.963608250,Other,random,H_4O1,11.963615000,RC2_0046_ICR-3_p08
407.074844318,419.038452568,11.963608250,Other,random,H_4O1,11.963615000,RC2_0046_ICR-3_p08
409.144710538,421.108318788,11.963608250,Other,random,H_4O1,11.963615000,RC2_0046_ICR-3_p08
518.130231217,530.093839467,11.963608250,Other,random,H_4O1,11.963615000,RC2_0046_ICR-3_p08
287.069136387,299.032745637,11.963609250,Other,random,H_4O1,11.963615000,RC2_0046_ICR-3_p08
331.154979373,343.118588623,11.963609250,Other,random,H_4O1,11.963615000,RC2_0046_ICR-3_p08
461.218001641,473.181610891,11.963609250,Other,random,H_4O1,11.963615000,RC2_0046_ICR-3_p08
481.220715788,493.184325038,11.963609250,Other,random,H_4O1,11.963615000,RC2_0046_ICR-3_p08
504.114478672,516.078087922,11.963609250,Other,random,H_4O1,11.963615000,RC2_0046_ICR-3_p08
507.259938329,519.223547579,11.963609250,Other,random,H_4O1,11.963615000,RC2_0046_ICR-3_p08
530.130061313,542.093670563,11.963609250,Other,random,H_4O1,11.963615000,RC2_0046_ICR-3_p08
647.234698550,659.198307800,11.963609250,Other,random,H_4O1,11.963615000,RC2_0046_ICR-3_p08
663.229716699,675.193325949,11.963609250,Other,random,H_4O1,11.963615000,RC2_0046_ICR-3_p08
355.114546736,367.078155986,11.963609250,Other,random,H_4O1,11.963615000,RC2_0046_ICR-3_p08
627.120715875,639.084326125,11.963610250,Other,random,H_4O1,11.963615000,RC2_0046_ICR-3_p08
650.253949743,662.217559993,11.963610250,Other,random,H_4O1,11.963615000,RC2_0046_ICR-3_p08
275.150012948,287.113623198,11.963610250,Other,random,H_4O1,11.963615000,RC2_0046_ICR-3_p08
321.170683727,333.134293977,11.963610250,Other,random,H_4O1,11.963615000,RC2_0046_ICR-3_p08
405.103641680,417.067251930,11.963610250,Other,random,H_4O1,11.963615000,RC2_0046_ICR-3_p08
441.189464602,453.153074852,11.963610250,Other,random,H_4O1,11.963615000,RC2_0046_ICR-3_p08
221.045627461,233.009237711,11.963610250,Other,random,H_4O1,11.963615000,RC2_0046_ICR-3_p08
255.087467054,267.051077304,11.963610250,Other,random,H_4O1,11.963615000,RC2_0046_ICR-3_p08
293.139342637,305.102952887,11.963610250,Other,random,H_4O1,11.963615000,RC2_0046_ICR-3_p08
385.199607114,397.163217364,11.963610250,Other,random,H_4O1,11.963615000,RC2_0046_ICR-3_p08
394.114226298,406.077836547,11.963610250,Other,random,H_4O1,11.963615000,RC2_0046_ICR-3_p08
549.137988681,561.101598930,11.963610250,Other,random,H_4O1,11.963615000,RC2_0046_ICR-3_p08
287.077210353,299.040821603,11.963611250,Other,random,H_4O1,11.963615000,RC2_0046_ICR-3_p08
445.150173801,457.113785051,11.963611250,Other,random,H_4O1,11.963615000,RC2_0046_ICR-3_p08
347.113414677,359.077025927,11.963611250,Other,random,H_4O1,11.963615000,RC2_0046_ICR-3_p08
435.178948099,447.142559349,11.963611250,Other,random,H_4O1,11.963615000,RC2_0046_ICR-3_p08
450.104132786,462.067744036,11.963611250,Other,random,H_4O1,11.963615000,RC2_0046_ICR-3_p08
497.158335180,509.121946430,11.963611250,Other,random,H_4O1,11.963615000,RC2_0046_ICR-3_p08
547.254785669,559.218397919,11.963612250,Other,random,H_4O1,11.963615000,RC2_0046_ICR-3_p08
445.207696557,457.171308807,11.963612250,Other,random,H_4O1,11.963615000,RC2_0046_ICR-3_p08
347.090198775,359.053811025,11.963612250,Other,random,H_4O1,11.963615000,RC2_0046_ICR-3_p08
377.087562525,389.051174775,11.963612250,Other,random,H_4O1,11.963615000,RC2_0046_ICR-3_p08
621.291501603,633.255113852,11.963612250,Other,random,H_4O1,11.963615000,RC2_0046_ICR-3_p08
275.056198346,287.019810596,11.963612250,Other,random,H_4O1,11.963615000,RC2_0046_ICR-3_p08
449.108775008,461.072387258,11.963612250,Other,random,H_4O1,11.963615000,RC2_0046_ICR-3_p08
453.243545469,465.207157718,11.963612250,Other,random,H_4O1,11.963615000,RC2_0046_ICR-3_p08
577.241996462,589.205608712,11.963612250,Other,random,H_4O1,11.963615000,RC2_0046_ICR-3_p08
531.171927893,543.135541143,11.963613250,Other,random,H_4O1,11.963615000,RC2_0046_ICR-3_p08
223.097665756,235.061279006,11.963613250,Other,random,H_4O1,11.963615000,RC2_0046_ICR-3_p08
367.066841034,379.030454283,11.963613250,Other,random,H_4O1,11.963615000,RC2_0046_ICR-3_p08
437.072269068,449.035882318,11.963613250,Other,random,H_4O1,11.963615000,RC2_0046_ICR-3_p08
441.212854503,453.176467753,11.963613250,Other,random,H_4O1,11.963615000,RC2_0046_ICR-3_p08
447.288073732,459.251686982,11.963613250,Other,random,H_4O1,11.963615000,RC2_0046_ICR-3_p08
493.244036785,505.207650035,11.963613250,Other,random,H_4O1,11.963615000,RC2_0046_ICR-3_p08
499.181971596,511.145584846,11.963613250,Other,random,H_4O1,11.963615000,RC2_0046_ICR-3_p08
465.139979003,477.103592253,11.963613250,Other,random,H_4O1,11.963615000,RC2_0046_ICR-3_p08
463.124446553,475.088059803,11.963613250,Other,random,H_4O1,11.963615000,RC2_0046_ICR-3_p08
309.061506094,321.025120344,11.963614250,Other,random,H_4O1,11.963615000,RC2_0046_ICR-3_p08
319.095273531,331.058887781,11.963614250,Other,random,H_4O1,11.963615000,RC2_0046_ICR-3_p08
479.119272703,491.082886953,11.963614250,Other,random,H_4O1,11.963615000,RC2_0046_ICR-3_p08
473.072409354,485.036023604,11.963614250,Other,random,H_4O1,11.963615000,RC2_0046_ICR-3_p08
435.215247945,447.178862195,11.963614250,Other,random,H_4O1,11.963615000,RC2_0046_ICR-3_p08
491.241601279,503.205216529,11.963615250,Other,random,H_4O1,11.963615000,RC2_0046_ICR-3_p08
245.139512254,257.103127504,11.963615250,Other,random,H_4O1,11.963615000,RC2_0046_ICR-3_p08
249.076919551,261.040534801,11.963615250,Other,random,H_4O1,11.963615000,RC2_0046_ICR-3_p08
301.071736987,313.035352237,11.963615250,Other,random,H_4O1,11.963615000,RC2_0046_ICR-3_p08
307.082219491,319.045834741,11.963615250,Other,random,H_4O1,11.963615000,RC2_0046_ICR-3_p08
311.149873236,323.113488485,11.963615250,Other,random,H_4O1,11.963615000,RC2_0046_ICR-3_p08
323.113488485,335.077103735,11.963615250,Other,random,H_4O1,11.963615000,RC2_0046_ICR-3_p08
483.259780139,495.223395388,11.963615250,Other,random,H_4O1,11.963615000,RC2_0046_ICR-3_p08
495.077938005,507.041553255,11.963615250,Other,random,H_4O1,11.963615000,RC2_0046_ICR-3_p08
589.229056613,601.192671863,11.963615250,Other,random,H_4O1,11.963615000,RC2_0046_ICR-3_p08
305.102952887,317.066569137,11.963616250,Other,random,H_4O1,11.963615000,RC2_0046_ICR-3_p08
413.194597358,425.158213608,11.963616250,Other,random,H_4O1,11.963615000,RC2_0046_ICR-3_p08
481.098586306,493.062202556,11.963616250,Other,random,H_4O1,11.963615000,RC2_0046_ICR-3_p08
271.155127895,283.118744145,11.963616250,Other,random,H_4O1,11.963615000,RC2_0046_ICR-3_p08
385.113695478,397.077311728,11.963616250,Other,random,H_4O1,11.963615000,RC2_0046_ICR-3_p08
507.114264947,519.077881197,11.963616250,Other,random,H_4O1,11.963615000,RC2_0046_ICR-3_p08
237.040534610,249.004150860,11.963616250,Other,random,H_4O1,11.963615000,RC2_0046_ICR-3_p08
317.102938982,329.066555232,11.963616250,Other,random,H_4O1,11.963615000,RC2_0046_ICR-3_p08
359.098219837,371.061836087,11.963616250,Other,random,H_4O1,11.963615000,RC2_0046_ICR-3_p08
395.098140124,407.061756374,11.963616250,Other,random,H_4O1,11.963615000,RC2_0046_ICR-3_p08
405.118864615,417.082480865,11.963616250,Other,random,H_4O1,11.963615000,RC2_0046_ICR-3_p08
405.155339461,417.118955711,11.963616250,Other,random,H_4O1,11.963615000,RC2_0046_ICR-3_p08
421.077501918,433.041118168,11.963616250,Other,random,H_4O1,11.963615000,RC2_0046_ICR-3_p08
461.139490974,473.103107224,11.963616250,Other,random,H_4O1,11.963615000,RC2_0046_ICR-3_p08
479.132386647,491.096002897,11.963616250,Other,random,H_4O1,11.963615000,RC2_0046_ICR-3_p08
487.191635459,499.155251709,11.963616250,Other,random,H_4O1,11.963615000,RC2_0046_ICR-3_p08
280.140090780,292.103708030,11.963617250,Other,random,H_4O1,11.963615000,RC2_0046_ICR-3_p08
315.072085597,327.035702847,11.963617250,Other,random,H_4O1,11.963615000,RC2_0046_ICR-3_p08
391.103234070,403.066851320,11.963617250,Other,random,H_4O1,11.963615000,RC2_0046_ICR-3_p08
463.155252423,475.118869673,11.963617250,Other,random,H_4O1,11.963615000,RC2_0046_ICR-3_p08
599.125182633,611.088799883,11.963617250,Other,random,H_4O1,11.963615000,RC2_0046_ICR-3_p08
423.196700929,435.160318178,11.963617250,Other,random,H_4O1,11.963615000,RC2_0046_ICR-3_p08
289.084773837,301.048392086,11.963618250,Other,random,H_4O1,11.963615000,RC2_0046_ICR-3_p08
305.124146797,317.087765047,11.963618250,Other,random,H_4O1,11.963615000,RC2_0046_ICR-3_p08
311.040790698,323.004408948,11.963618250,Other,random,H_4O1,11.963615000,RC2_0046_ICR-3_p08
393.191721211,405.155339461,11.963618250,Other,random,H_4O1,11.963615000,RC2_0046_ICR-3_p08
451.264424864,463.228043114,11.963618250,Other,random,H_4O1,11.963615000,RC2_0046_ICR-3_p08
465.176385849,477.140004099,11.963618250,Other,random,H_4O1,11.963615000,RC2_0046_ICR-3_p08
473.148355032,485.111973281,11.963618250,Other,random,H_4O1,11.963615000,RC2_0046_ICR-3_p08
545.093594837,557.057213087,11.963618250,Other,random,H_4O1,11.963615000,RC2_0046_ICR-3_p08
545.143159627,557.106777877,11.963618250,Other,random,H_4O1,11.963615000,RC2_0046_ICR-3_p08
567.135508334,579.099126584,11.963618250,Other,random,H_4O1,11.963615000,RC2_0046_ICR-3_p08
519.259831425,531.223449675,11.963618250,Other,random,H_4O1,11.963615000,RC2_0046_ICR-3_p08
367.131651759,379.095271009,11.963619250,Other,random,H_4O1,11.963615000,RC2_0046_ICR-3_p08
527.176796841,539.140416091,11.963619250,Other,random,H_4O1,11.963615000,RC2_0046_ICR-3_p08
413.100708756,425.064328006,11.963619250,Other,random,H_4O1,11.963615000,RC2_0046_ICR-3_p08
477.140004099,489.103623349,11.963619250,Other,random,H_4O1,11.963615000,RC2_0046_ICR-3_p08
299.090093394,311.053712643,11.963619250,Other,random,H_4O1,11.963615000,RC2_0046_ICR-3_p08
357.118870233,369.082489483,11.963619250,Other,random,H_4O1,11.963615000,RC2_0046_ICR-3_p08
359.080395912,371.044015162,11.963619250,Other,random,H_4O1,11.963615000,RC2_0046_ICR-3_p08
393.241041002,405.204660251,11.963619250,Other,random,H_4O1,11.963615000,RC2_0046_ICR-3_p08
629.115011415,641.078630665,11.963619250,Other,random,H_4O1,11.963615000,RC2_0046_ICR-3_p08
511.210291571,523.173911821,11.963620250,Other,random,H_4O1,11.963615000,RC2_0046_ICR-3_p08
305.139318733,317.102938982,11.963620250,Other,random,H_4O1,11.963615000,RC2_0046_ICR-3_p08
311.162898180,323.126518430,11.963620250,Other,random,H_4O1,11.963615000,RC2_0046_ICR-3_p08
338.124356809,350.087977059,11.963620250,Other,random,H_4O1,11.963615000,RC2_0046_ICR-3_p08
447.186907161,459.150527411,11.963620250,Other,random,H_4O1,11.963615000,RC2_0046_ICR-3_p08
401.194497263,413.158117513,11.963620250,Other,random,H_4O1,11.963615000,RC2_0046_ICR-3_p08
513.233796988,525.197417237,11.963620250,Other,random,H_4O1,11.963615000,RC2_0046_ICR-3_p08
537.161228486,549.124849736,11.963621250,Other,random,H_4O1,11.963615000,RC2_0046_ICR-3_p08
273.061628807,285.025250057,11.963621250,Other,random,H_4O1,11.963615000,RC2_0046_ICR-3_p08
312.108778168,324.072399418,11.963621250,Other,random,H_4O1,11.963615000,RC2_0046_ICR-3_p08
315.108418443,327.072039693,11.963621250,Other,random,H_4O1,11.963615000,RC2_0046_ICR-3_p08
425.230873299,437.194494549,11.963621250,Other,random,H_4O1,11.963615000,RC2_0046_ICR-3_p08
461.175922819,473.139544069,11.963621250,Other,random,H_4O1,11.963615000,RC2_0046_ICR-3_p08
483.223322293,495.186943543,11.963621250,Other,random,H_4O1,11.963615000,RC2_0046_ICR-3_p08
341.173514874,353.137136124,11.963621250,Other,random,H_4O1,11.963615000,RC2_0046_ICR-3_p08
267.123774996,279.087396246,11.963621250,Other,random,H_4O1,11.963615000,RC2_0046_ICR-3_p08
355.116234729,367.079856978,11.963622250,Other,random,H_4O1,11.963615000,RC2_0046_ICR-3_p08
583.094079638,595.057701887,11.963622250,Other,random,H_4O1,11.963615000,RC2_0046_ICR-3_p08
247.097626948,259.061249198,11.963622250,Other,random,H_4O1,11.963615000,RC2_0046_ICR-3_p08
283.082288299,295.045910549,11.963622250,Other,random,H_4O1,11.963615000,RC2_0046_ICR-3_p08
391.152659861,403.116282110,11.963622250,Other,random,H_4O1,11.963615000,RC2_0046_ICR-3_p08
597.182470874,609.146093124,11.963622250,Other,random,H_4O1,11.963615000,RC2_0046_ICR-3_p08
345.170591918,357.134214168,11.963622250,Other,random,H_4O1,11.963615000,RC2_0046_ICR-3_p08
239.056148060,251.019771310,11.963623250,Other,random,H_4O1,11.963615000,RC2_0046_ICR-3_p08
285.134353594,297.097976844,11.963623250,Other,random,H_4O1,11.963615000,RC2_0046_ICR-3_p08
435.160318178,447.123941428,11.963623250,Other,random,H_4O1,11.963615000,RC2_0046_ICR-3_p08
533.093617741,545.057240991,11.963623250,Other,random,H_4O1,11.963615000,RC2_0046_ICR-3_p08
559.145736227,571.109359477,11.963623250,Other,random,H_4O1,11.963615000,RC2_0046_ICR-3_p08
649.250204001,661.213827250,11.963623250,Other,random,H_4O1,11.963615000,RC2_0046_ICR-3_p08
377.196806062,389.160429312,11.963623250,Other,random,H_4O1,11.963615000,RC2_0046_ICR-3_p08
303.072087502,315.035711752,11.963624250,Other,random,H_4O1,11.963615000,RC2_0046_ICR-3_p08
391.189115706,403.152739956,11.963624250,Other,random,H_4O1,11.963615000,RC2_0046_ICR-3_p08
475.246620131,487.210244381,11.963624250,Other,random,H_4O1,11.963615000,RC2_0046_ICR-3_p08
417.113388734,429.077012984,11.963624250,Other,random,H_4O1,11.963615000,RC2_0046_ICR-3_p08
419.092519339,431.056143588,11.963624250,Other,random,H_4O1,11.963615000,RC2_0046_ICR-3_p08
433.113845860,445.077470109,11.963624250,Other,random,H_4O1,11.963615000,RC2_0046_ICR-3_p08
643.130615960,655.094240210,11.963624250,Other,random,H_4O1,11.963615000,RC2_0046_ICR-3_p08
441.082623056,453.046247306,11.963624250,Other,random,H_4O1,11.963615000,RC2_0046_ICR-3_p08
257.103127504,269.103117600,11.999990096,Other,random,C1,12.000000000,RC2_0046_ICR-3_p08
321.038195289,333.038185384,11.999990096,Other,random,C1,12.000000000,RC2_0046_ICR-3_p08
363.144849671,375.144839766,11.999990096,Other,random,C1,12.000000000,RC2_0046_ICR-3_p08
365.137137219,377.137127315,11.999990096,Other,random,C1,12.000000000,RC2_0046_ICR-3_p08
427.080056455,439.080046551,11.999990096,Other,random,C1,12.000000000,RC2_0046_ICR-3_p08
493.135048247,505.135038343,11.999990096,Other,random,C1,12.000000000,RC2_0046_ICR-3_p08
465.212909694,477.212899790,11.999990096,Other,random,C1,12.000000000,RC2_0046_ICR-3_p08
564.099091215,576.099081311,11.999990096,Other,random,C1,12.000000000,RC2_0046_ICR-3_p08
335.199384217,347.199374312,11.999990096,Other,random,C1,12.000000000,RC2_0046_ICR-3_p08
499.051704149,511.051695244,11.999991096,Other,random,C1,12.000000000,RC2_0046_ICR-3_p08
337.201905722,349.201896817,11.999991096,Other,random,C1,12.000000000,RC2_0046_ICR-3_p08
359.053811025,371.053802121,11.999991096,Other,random,C1,12.000000000,RC2_0046_ICR-3_p08
609.073252433,621.073243528,11.999991096,Other,random,C1,12.000000000,RC2_0046_ICR-3_p08
267.123774996,279.123766092,11.999991096,Other,random,C1,12.000000000,RC2_0046_ICR-3_p08
283.009498608,295.009489704,11.999991096,Other,random,C1,12.000000000,RC2_0046_ICR-3_p08
315.035711752,327.035702847,11.999991096,Other,random,C1,12.000000000,RC2_0046_ICR-3_p08
335.162930371,347.162921467,11.999991096,Other,random,C1,12.000000000,RC2_0046_ICR-3_p08
341.087629238,353.087620334,11.999991096,Other,random,C1,12.000000000,RC2_0046_ICR-3_p08
371.134600778,383.134591874,11.999991096,Other,random,C1,12.000000000,RC2_0046_ICR-3_p08
373.142194262,385.142185357,11.999991096,Other,random,C1,12.000000000,RC2_0046_ICR-3_p08
391.139715916,403.139707011,11.999991096,Other,random,C1,12.000000000,RC2_0046_ICR-3_p08
417.132031655,429.132022751,11.999991096,Other,random,C1,12.000000000,RC2_0046_ICR-3_p08
445.054132208,457.054123304,11.999991096,Other,random,C1,12.000000000,RC2_0046_ICR-3_p08
549.088533890,561.088525986,11.999992096,Other,random,C1,12.000000000,RC2_0046_ICR-3_p08
259.118784953,271.118777049,11.999992096,Other,random,C1,12.000000000,RC2_0046_ICR-3_p08
333.170599823,345.170591918,11.999992096,Other,random,C1,12.000000000,RC2_0046_ICR-3_p08
410.121899392,422.121891488,11.999992096,Other,random,C1,12.000000000,RC2_0046_ICR-3_p08
413.194597358,425.194589453,11.999992096,Other,random,C1,12.000000000,RC2_0046_ICR-3_p08
289.129249648,301.129241743,11.999992096,Other,random,C1,12.000000000,RC2_0046_ICR-3_p08
317.087765047,329.087757142,11.999992096,Other,random,C1,12.000000000,RC2_0046_ICR-3_p08
317.102938982,329.102931078,11.999992096,Other,random,C1,12.000000000,RC2_0046_ICR-3_p08
413.100708756,425.100700852,11.999992096,Other,random,C1,12.000000000,RC2_0046_ICR-3_p08
225.040542515,237.040534610,11.999992096,Other,random,C1,12.000000000,RC2_0046_ICR-3_p08
249.113295397,261.113287493,11.999992096,Other,random,C1,12.000000000,RC2_0046_ICR-3_p08
373.019866781,385.019858876,11.999992096,Other,random,C1,12.000000000,RC2_0046_ICR-3_p08
399.194197748,411.194189844,11.999992096,Other,random,C1,12.000000000,RC2_0046_ICR-3_p08
459.187048256,471.187040352,11.999992096,Other,random,C1,12.000000000,RC2_0046_ICR-3_p08
463.197025246,475.197017341,11.999992096,Other,random,C1,12.000000000,RC2_0046_ICR-3_p08
537.161228486,549.161221582,11.999993096,Other,random,C1,12.000000000,RC2_0046_ICR-3_p08
240.087779684,252.087772779,11.999993096,Other,random,C1,12.000000000,RC2_0046_ICR-3_p08
370.049436381,382.049429477,11.999993096,Other,random,C1,12.000000000,RC2_0046_ICR-3_p08
447.150534315,459.150527411,11.999993096,Other,random,C1,12.000000000,RC2_0046_ICR-3_p08
291.108461252,303.108454348,11.999993096,Other,random,C1,12.000000000,RC2_0046_ICR-3_p08
313.092737994,325.092731089,11.999993096,Other,random,C1,12.000000000,RC2_0046_ICR-3_p08
495.186943543,507.186936639,11.999993096,Other,random,C1,12.000000000,RC2_0046_ICR-3_p08
645.073624718,657.073617813,11.999993096,Other,random,C1,12.000000000,RC2_0046_ICR-3_p08
282.025506782,294.025500878,11.999994096,Other,random,C1,12.000000000,RC2_0046_ICR-3_p08
297.147313635,309.147307731,11.999994096,Other,random,C1,12.000000000,RC2_0046_ICR-3_p08
329.069961218,341.069955313,11.999994096,Other,random,C1,12.000000000,RC2_0046_ICR-3_p08
349.050777458,361.050771554,11.999994096,Other,random,C1,12.000000000,RC2_0046_ICR-3_p08
487.191635459,499.191629555,11.999994096,Other,random,C1,12.000000000,RC2_0046_ICR-3_p08
513.088488604,525.088482700,11.999994096,Other,random,C1,12.000000000,RC2_0046_ICR-3_p08
225.076953360,237.076947456,11.999994096,Other,random,C1,12.000000000,RC2_0046_ICR-3_p08
245.066709563,257.066703658,11.999994096,Other,random,C1,12.000000000,RC2_0046_ICR-3_p08
327.072039693,339.072033789,11.999994096,Other,random,C1,12.000000000,RC2_0046_ICR-3_p08
353.160351025,365.160345121,11.999994096,Other,random,C1,12.000000000,RC2_0046_ICR-3_p08
475.118869673,487.118863768,11.999994096,Other,random,C1,12.000000000,RC2_0046_ICR-3_p08
354.155689803,366.155683899,11.999994096,Other,random,C1,12.000000000,RC2_0046_ICR-3_p08
363.035585134,375.035579230,11.999994096,Other,random,C1,12.000000000,RC2_0046_ICR-3_p08
371.098111933,383.098106028,11.999994096,Other,random,C1,12.000000000,RC2_0046_ICR-3_p08
430.041541892,442.041535988,11.999994096,Other,random,C1,12.000000000,RC2_0046_ICR-3_p08
535.036432500,547.036426596,11.999994096,Other,random,C1,12.000000000,RC2_0046_ICR-3_p08
369.149696198,381.149691294,11.999995096,Other,random,C1,12.000000000,RC2_0046_ICR-3_p08
374.080788280,386.080783376,11.999995096,Other,random,C1,12.000000000,RC2_0046_ICR-3_p08
403.189017802,415.189012897,11.999995096,Other,random,C1,12.000000000,RC2_0046_ICR-3_p08
569.057591181,581.057586276,11.999995096,Other,random,C1,12.000000000,RC2_0046_ICR-3_p08
367.131651759,379.131647854,11.999996096,Other,random,C1,12.000000000,RC2_0046_ICR-3_p08
431.111326354,443.111322450,11.999996096,Other,random,C1,12.000000000,RC2_0046_ICR-3_p08
438.075718811,450.075714907,11.999996096,Other,random,C1,12.000000000,RC2_0046_ICR-3_p08
475.101163748,487.101159843,11.999996096,Other,random,C1,12.000000000,RC2_0046_ICR-3_p08
495.127300796,507.127296892,11.999996096,Other,random,C1,12.000000000,RC2_0046_ICR-3_p08
229.108253259,241.108249355,11.999996096,Other,random,C1,12.000000000,RC2_0046_ICR-3_p08
261.061632712,273.061628807,11.999996096,Other,random,C1,12.000000000,RC2_0046_ICR-3_p08
333.082649196,345.082645291,11.999996096,Other,random,C1,12.000000000,RC2_0046_ICR-3_p08
389.072456685,401.072452780,11.999996096,Other,random,C1,12.000000000,RC2_0046_ICR-3_p08
477.116683198,489.116679293,11.999996096,Other,random,C1,12.000000000,RC2_0046_ICR-3_p08
481.025727615,493.025723711,11.999996096,Other,random,C1,12.000000000,RC2_0046_ICR-3_p08
535.122392135,547.122388231,11.999996096,Other,random,C1,12.000000000,RC2_0046_ICR-3_p08
305.066572041,317.066569137,11.999997096,Other,random,C1,12.000000000,RC2_0046_ICR-3_p08
345.228127674,357.228124770,11.999997096,Other,random,C1,12.000000000,RC2_0046_ICR-3_p08
438.067594846,450.067591941,11.999997096,Other,random,C1,12.000000000,RC2_0046_ICR-3_p08
334.020361218,346.020358314,11.999997096,Other,random,C1,12.000000000,RC2_0046_ICR-3_p08
365.173371066,377.173368161,11.999997096,Other,random,C1,12.000000000,RC2_0046_ICR-3_p08
381.168273215,393.168270310,11.999997096,Other,random,C1,12.000000000,RC2_0046_ICR-3_p08
385.019858876,397.019855972,11.999997096,Other,random,C1,12.000000000,RC2_0046_ICR-3_p08
399.035559421,411.035556517,11.999997096,Other,random,C1,12.000000000,RC2_0046_ICR-3_p08
407.129005088,419.129002184,11.999997096,Other,random,C1,12.000000000,RC2_0046_ICR-3_p08
441.189464602,453.189461698,11.999997096,Other,random,C1,12.000000000,RC2_0046_ICR-3_p08
467.147712487,479.147709582,11.999997096,Other,random,C1,12.000000000,RC2_0046_ICR-3_p08
473.230952681,485.230949777,11.999997096,Other,random,C1,12.000000000,RC2_0046_ICR-3_p08
579.244743967,591.244741062,11.999997096,Other,random,C1,12.000000000,RC2_0046_ICR-3_p08
597.219042719,609.219039814,11.999997096,Other,random,C1,12.000000000,RC2_0046_ICR-3_p08
265.035417855,277.035415950,11.999998096,Other,random,C1,12.000000000,RC2_0046_ICR-3_p08
303.072087502,315.072085597,11.999998096,Other,random,C1,12.000000000,RC2_0046_ICR-3_p08
329.030234386,341.030232482,11.999998096,Other,random,C1,12.000000000,RC2_0046_ICR-3_p08
395.220362605,407.220360701,11.999998096,Other,random,C1,12.000000000,RC2_0046_ICR-3_p08
411.157946997,423.157945093,11.999998096,Other,random,C1,12.000000000,RC2_0046_ICR-3_p08
491.096002897,503.096000993,11.999998096,Other,random,C1,12.000000000,RC2_0046_ICR-3_p08
235.097628852,247.097626948,11.999998096,Other,random,C1,12.000000000,RC2_0046_ICR-3_p08
319.118653432,331.118651527,11.999998096,Other,random,C1,12.000000000,RC2_0046_ICR-3_p08
334.056770064,346.056768159,11.999998096,Other,random,C1,12.000000000,RC2_0046_ICR-3_p08
387.035561325,399.035559421,11.999998096,Other,random,C1,12.000000000,RC2_0046_ICR-3_p08
493.257296729,505.257294824,11.999998096,Other,random,C1,12.000000000,RC2_0046_ICR-3_p08
597.146095028,609.146093124,11.999998096,Other,random,C1,12.000000000,RC2_0046_ICR-3_p08
263.150014853,275.150012948,11.999998096,Other,random,C1,12.000000000,RC2_0046_ICR-3_p08
291.136814132,303.136812227,11.999998096,Other,random,C1,12.000000000,RC2_0046_ICR-3_p08
293.175749483,305.175747578,11.999998096,Other,random,C1,12.000000000,RC2_0046_ICR-3_p08
395.171020815,407.171018910,11.999998096,Other,random,C1,12.000000000,RC2_0046_ICR-3_p08
411.215302754,423.215300850,11.999998096,Other,random,C1,12.000000000,RC2_0046_ICR-3_p08
419.074776414,431.074774509,11.999998096,Other,random,C1,12.000000000,RC2_0046_ICR-3_p08
421.272511091,433.272509187,11.999998096,Other,random,C1,12.000000000,RC2_0046_ICR-3_p08
667.297712442,679.297710538,11.999998096,Other,random,C1,12.000000000,RC2_0046_ICR-3_p08
631.276468246,643.276467341,11.999999096,Other,random,C1,12.000000000,RC2_0046_ICR-3_p08
239.019772214,251.019771310,11.999999096,Other,random,C1,12.000000000,RC2_0046_ICR-3_p08
323.162931276,335.162930371,11.999999096,Other,random,C1,12.000000000,RC2_0046_ICR-3_p08
403.124402076,415.124401172,11.999999096,Other,random,C1,12.000000000,RC2_0046_ICR-3_p08
439.189053088,451.189052184,11.999999096,Other,random,C1,12.000000000,RC2_0046_ICR-3_p08
285.134353594,297.134352690,11.999999096,Other,random,C1,12.000000000,RC2_0046_ICR-3_p08
273.134353499,285.134353594,12.000000096,Other,random,C1,12.000000000,RC2_0046_ICR-3_p08
309.025120249,321.025120344,12.000000096,Other,random,C1,12.000000000,RC2_0046_ICR-3_p08
514.200988885,526.200988980,12.000000096,Other,random,C1,12.000000000,RC2_0046_ICR-3_p08
605.236970707,617.236970802,12.000000096,Other,random,C1,12.000000000,RC2_0046_ICR-3_p08
280.046339178,292.046339274,12.000000096,Other,random,C1,12.000000000,RC2_0046_ICR-3_p08
298.093147623,310.093147718,12.000000096,Other,random,C1,12.000000000,RC2_0046_ICR-3_p08
340.103685412,352.103685508,12.000000096,Other,random,C1,12.000000000,RC2_0046_ICR-3_p08
264.998979009,276.998980105,12.000001096,Other,random,C1,12.000000000,RC2_0046_ICR-3_p08
437.108773913,449.108775008,12.000001096,Other,random,C1,12.000000000,RC2_0046_ICR-3_p08
341.152334964,353.152336059,12.000001096,Other,random,C1,12.000000000,RC2_0046_ICR-3_p08
363.175521541,375.175522636,12.000001096,Other,random,C1,12.000000000,RC2_0046_ICR-3_p08
379.066941129,391.066942224,12.000001096,Other,random,C1,12.000000000,RC2_0046_ICR-3_p08
430.106955615,442.106956710,12.000001096,Other,random,C1,12.000000000,RC2_0046_ICR-3_p08
333.025122440,345.025123535,12.000001096,Other,random,C1,12.000000000,RC2_0046_ICR-3_p08
353.137136124,365.137137219,12.000001096,Other,random,C1,12.000000000,RC2_0046_ICR-3_p08
535.267738519,547.267739614,12.000001096,Other,random,C1,12.000000000,RC2_0046_ICR-3_p08
403.051659385,415.051660480,12.000001096,Other,random,C1,12.000000000,RC2_0046_ICR-3_p08
493.062202556,505.062203652,12.000001096,Other,random,C1,12.000000000,RC2_0046_ICR-3_p08
503.096000993,515.096002088,12.000001096,Other,random,C1,12.000000000,RC2_0046_ICR-3_p08
589.192670767,601.192671863,12.000001096,Other,random,C1,12.000000000,RC2_0046_ICR-3_p08
275.150012948,287.150015044,12.000002096,Other,random,C1,12.000000000,RC2_0046_ICR-3_p08
462.112027848,474.112029944,12.000002096,Other,random,C1,12.000000000,RC2_0046_ICR-3_p08
549.210827372,561.210829467,12.000002096,Other,random,C1,12.000000000,RC2_0046_ICR-3_p08
295.009489704,307.009491799,12.000002096,Other,random,C1,12.000000000,RC2_0046_ICR-3_p08
321.025120344,333.025122440,12.000002096,Other,random,C1,12.000000000,RC2_0046_ICR-3_p08
637.104991521,649.104993617,12.000002096,Other,random,C1,12.000000000,RC2_0046_ICR-3_p08
519.200250678,531.200252773,12.000002096,Other,random,C1,12.000000000,RC2_0046_ICR-3_p08
255.014709363,267.014712459,12.000003096,Other,random,C1,12.000000000,RC2_0046_ICR-3_p08
261.040534801,273.040537897,12.000003096,Other,random,C1,12.000000000,RC2_0046_ICR-3_p08
305.079709985,317.079713081,12.000003096,Other,random,C1,12.000000000,RC2_0046_ICR-3_p08
324.072399418,336.072402513,12.000003096,Other,random,C1,12.000000000,RC2_0046_ICR-3_p08
345.110818172,357.110821267,12.000003096,Other,random,C1,12.000000000,RC2_0046_ICR-3_p08
453.139975908,465.139979003,12.000003096,Other,random,C1,12.000000000,RC2_0046_ICR-3_p08
467.155762452,479.155765548,12.000003096,Other,random,C1,12.000000000,RC2_0046_ICR-3_p08
475.088059803,487.088062899,12.000003096,Other,random,C1,12.000000000,RC2_0046_ICR-3_p08
535.109213191,547.109216287,12.000003096,Other,random,C1,12.000000000,RC2_0046_ICR-3_p08
319.009424895,331.009427991,12.000003096,Other,random,C1,12.000000000,RC2_0046_ICR-3_p08
405.082477770,417.082480865,12.000003096,Other,random,C1,12.000000000,RC2_0046_ICR-3_p08
423.160315083,435.160318178,12.000003096,Other,random,C1,12.000000000,RC2_0046_ICR-3_p08
561.291363126,573.291366221,12.000003096,Other,random,C1,12.000000000,RC2_0046_ICR-3_p08
567.294243661,579.294247757,12.000004096,Other,random,C1,12.000000000,RC2_0046_ICR-3_p08
395.025350432,407.025354528,12.000004096,Other,random,C1,12.000000000,RC2_0046_ICR-3_p08
461.175922819,473.175926915,12.000004096,Other,random,C1,12.000000000,RC2_0046_ICR-3_p08
225.113277206,237.113281302,12.000004096,Other,random,C1,12.000000000,RC2_0046_ICR-3_p08
305.124146797,317.124150892,12.000004096,Other,random,C1,12.000000000,RC2_0046_ICR-3_p08
309.074625039,321.074629134,12.000004096,Other,random,C1,12.000000000,RC2_0046_ICR-3_p08
339.072033789,351.072037884,12.000004096,Other,random,C1,12.000000000,RC2_0046_ICR-3_p08
442.148269535,454.148273631,12.000004096,Other,random,C1,12.000000000,RC2_0046_ICR-3_p08
461.111763091,473.111767187,12.000004096,Other,random,C1,12.000000000,RC2_0046_ICR-3_p08
485.166323051,497.166327146,12.000004096,Other,random,C1,12.000000000,RC2_0046_ICR-3_p08
491.082886953,503.082891048,12.000004096,Other,random,C1,12.000000000,RC2_0046_ICR-3_p08
535.072712346,547.072716442,12.000004096,Other,random,C1,12.000000000,RC2_0046_ICR-3_p08
613.242222748,625.242226843,12.000004096,Other,random,C1,12.000000000,RC2_0046_ICR-3_p08
343.131627568,355.131632663,12.000005096,Other,random,C1,12.000000000,RC2_0046_ICR-3_p08
229.035456568,241.035461664,12.000005096,Other,random,C1,12.000000000,RC2_0046_ICR-3_p08
326.088036867,338.088041963,12.000005096,Other,random,C1,12.000000000,RC2_0046_ICR-3_p08
331.095193627,343.095198722,12.000005096,Other,random,C1,12.000000000,RC2_0046_ICR-3_p08
355.066835938,367.066841034,12.000005096,Other,random,C1,12.000000000,RC2_0046_ICR-3_p08
359.077025927,371.077031022,12.000005096,Other,random,C1,12.000000000,RC2_0046_ICR-3_p08
591.221286162,603.221291257,12.000005096,Other,random,C1,12.000000000,RC2_0046_ICR-3_p08
364.116634548,376.116639644,12.000005096,Other,random,C1,12.000000000,RC2_0046_ICR-3_p08
345.025123535,357.025128631,12.000005096,Other,random,C1,12.000000000,RC2_0046_ICR-3_p08
351.230545212,363.230550307,12.000005096,Other,random,C1,12.000000000,RC2_0046_ICR-3_p08
387.056778235,399.056783331,12.000005096,Other,random,C1,12.000000000,RC2_0046_ICR-3_p08
415.124401172,427.124406267,12.000005096,Other,random,C1,12.000000000,RC2_0046_ICR-3_p08
287.077210353,299.077216448,12.000006096,Other,random,C1,12.000000000,RC2_0046_ICR-3_p08
294.061942723,306.061948819,12.000006096,Other,random,C1,12.000000000,RC2_0046_ICR-3_p08
319.154973278,331.154979373,12.000006096,Other,random,C1,12.000000000,RC2_0046_ICR-3_p08
389.090921607,401.090927702,12.000006096,Other,random,C1,12.000000000,RC2_0046_ICR-3_p08
432.093501188,444.093507283,12.000006096,Other,random,C1,12.000000000,RC2_0046_ICR-3_p08
333.074532230,345.074538326,12.000006096,Other,random,C1,12.000000000,RC2_0046_ICR-3_p08
279.087396246,291.087403341,12.000007095,Other,random,C1,12.000000000,RC2_0046_ICR-3_p08
335.134607491,347.134614587,12.000007095,Other,random,C1,12.000000000,RC2_0046_ICR-3_p08
399.056783331,411.056790426,12.000007095,Other,random,C1,12.000000000,RC2_0046_ICR-3_p08
438.189762327,450.189769423,12.000007095,Other,random,C1,12.000000000,RC2_0046_ICR-3_p08
446.109167733,458.109174828,12.000007095,Other,random,C1,12.000000000,RC2_0046_ICR-3_p08
471.142626540,483.142633635,12.000007095,Other,random,C1,12.000000000,RC2_0046_ICR-3_p08
495.041546160,507.041553255,12.000007095,Other,random,C1,12.000000000,RC2_0046_ICR-3_p08
345.101088213,357.101095309,12.000007095,Other,random,C1,12.000000000,RC2_0046_ICR-3_p08
395.092647147,407.092654243,12.000007095,Other,random,C1,12.000000000,RC2_0046_ICR-3_p08
489.124755259,501.124762355,12.000007095,Other,random,C1,12.000000000,RC2_0046_ICR-3_p08
545.130046682,557.130053778,12.000007095,Other,random,C1,12.000000000,RC2_0046_ICR-3_p08
471.150686506,483.150693601,12.000007095,Other,random,C1,12.000000000,RC2_0046_ICR-3_p08
503.241394376,515.241401471,12.000007095,Other,random,C1,12.000000000,RC2_0046_ICR-3_p08
371.025299242,383.025307337,12.000008095,Other,random,C1,12.000000000,RC2_0046_ICR-3_p08
457.244065498,469.244073594,12.000008095,Other,random,C1,12.000000000,RC2_0046_ICR-3_p08
559.036598690,571.036606786,12.000008095,Other,random,C1,12.000000000,RC2_0046_ICR-3_p08
565.229027422,577.229035517,12.000008095,Other,random,C1,12.000000000,RC2_0046_ICR-3_p08
287.040813507,299.040821603,12.000008095,Other,random,C1,12.000000000,RC2_0046_ICR-3_p08
335.235644063,347.235652158,12.000008095,Other,random,C1,12.000000000,RC2_0046_ICR-3_p08
417.085774851,429.085782947,12.000008095,Other,random,C1,12.000000000,RC2_0046_ICR-3_p08
444.057074438,456.057082533,12.000008095,Other,random,C1,12.000000000,RC2_0046_ICR-3_p08
445.144640824,457.144648920,12.000008095,Other,random,C1,12.000000000,RC2_0046_ICR-3_p08
481.127056186,493.127064281,12.000008095,Other,random,C1,12.000000000,RC2_0046_ICR-3_p08
367.134101748,379.134110844,12.000009095,Other,random,C1,12.000000000,RC2_0046_ICR-3_p08
469.135005056,481.135014152,12.000009095,Other,random,C1,12.000000000,RC2_0046_ICR-3_p08
393.082468674,405.082477770,12.000009095,Other,random,C1,12.000000000,RC2_0046_ICR-3_p08
403.233703612,415.233712708,12.000009095,Other,random,C1,12.000000000,RC2_0046_ICR-3_p08
229.144602105,241.144611201,12.000009095,Other,random,C1,12.000000000,RC2_0046_ICR-3_p08
245.103118408,257.103127504,12.000009095,Other,random,C1,12.000000000,RC2_0046_ICR-3_p08
251.019771310,263.019780405,12.000009095,Other,random,C1,12.000000000,RC2_0046_ICR-3_p08
337.105749130,349.105758225,12.000009095,Other,random,C1,12.000000000,RC2_0046_ICR-3_p08
381.113404448,393.113413543,12.000009095,Other,random,C1,12.000000000,RC2_0046_ICR-3_p08
383.061812182,395.061821278,12.000009095,Other,random,C1,12.000000000,RC2_0046_ICR-3_p08
445.134887866,457.134896961,12.000009095,Other,random,C1,12.000000000,RC2_0046_ICR-3_p08
535.218427728,547.218436823,12.000009095,Other,random,C1,12.000000000,RC2_0046_ICR-3_p08
535.086012290,547.122388231,12.036375941,Other,random,C2H4O_1,12.036385000,RC2_0046_ICR-3_p08
423.020394676,435.056770618,12.036375941,Other,random,C2H4O_1,12.036385000,RC2_0046_ICR-3_p08
361.050771554,373.087147495,12.036375941,Other,random,C2H4O_1,12.036385000,RC2_0046_ICR-3_p08
398.121986296,410.158362238,12.036375941,Other,random,C2H4O_1,12.036385000,RC2_0046_ICR-3_p08
491.191936490,503.228312431,12.036375941,Other,random,C2H4O_1,12.036385000,RC2_0046_ICR-3_p08
551.176987031,563.213363972,12.036376941,Other,random,C2H4O_1,12.036385000,RC2_0046_ICR-3_p08
239.092551906,251.128928847,12.036376941,Other,random,C2H4O_1,12.036385000,RC2_0046_ICR-3_p08
289.056461957,301.092838898,12.036376941,Other,random,C2H4O_1,12.036385000,RC2_0046_ICR-3_p08
307.131730281,319.168107222,12.036376941,Other,random,C2H4O_1,12.036385000,RC2_0046_ICR-3_p08
359.004253235,371.040630177,12.036376941,Other,random,C2H4O_1,12.036385000,RC2_0046_ICR-3_p08
391.079905169,403.116282110,12.036376941,Other,random,C2H4O_1,12.036385000,RC2_0046_ICR-3_p08
431.056143588,443.092520530,12.036376941,Other,random,C2H4O_1,12.036385000,RC2_0046_ICR-3_p08
565.083511039,577.119887980,12.036376941,Other,random,C2H4O_1,12.036385000,RC2_0046_ICR-3_p08
555.244842775,567.281220716,12.036377941,Other,random,C2H4O_1,12.036385000,RC2_0046_ICR-3_p08
397.126908518,409.163286459,12.036377941,Other,random,C2H4O_1,12.036385000,RC2_0046_ICR-3_p08
359.077025927,371.113403868,12.036377941,Other,random,C2H4O_1,12.036385000,RC2_0046_ICR-3_p08
373.113891382,385.150269323,12.036377941,Other,random,C2H4O_1,12.036385000,RC2_0046_ICR-3_p08
443.155615262,455.191993203,12.036377941,Other,random,C2H4O_1,12.036385000,RC2_0046_ICR-3_p08
265.108226546,277.144604487,12.036377941,Other,random,C2H4O_1,12.036385000,RC2_0046_ICR-3_p08
473.093450265,485.129829206,12.036378941,Other,random,C2H4O_1,12.036385000,RC2_0046_ICR-3_p08
239.056148060,251.092527001,12.036378941,Other,random,C2H4O_1,12.036385000,RC2_0046_ICR-3_p08
309.074625039,321.111003980,12.036378941,Other,random,C2H4O_1,12.036385000,RC2_0046_ICR-3_p08
324.036023572,336.072402513,12.036378941,Other,random,C2H4O_1,12.036385000,RC2_0046_ICR-3_p08
379.061296153,391.097675094,12.036378941,Other,random,C2H4O_1,12.036385000,RC2_0046_ICR-3_p08
412.137693841,424.174072782,12.036378941,Other,random,C2H4O_1,12.036385000,RC2_0046_ICR-3_p08
470.101770955,482.138149897,12.036378941,Other,random,C2H4O_1,12.036385000,RC2_0046_ICR-3_p08
507.091032045,519.127410987,12.036378941,Other,random,C2H4O_1,12.036385000,RC2_0046_ICR-3_p08
263.092509097,275.128888038,12.036378941,Other,random,C2H4O_1,12.036385000,RC2_0046_ICR-3_p08
433.108261883,445.144640824,12.036378941,Other,random,C2H4O_1,12.036385000,RC2_0046_ICR-3_p08
241.035461664,253.071840605,12.036378941,Other,random,C2H4O_1,12.036385000,RC2_0046_ICR-3_p08
338.088041963,350.124420904,12.036378941,Other,random,C2H4O_1,12.036385000,RC2_0046_ICR-3_p08
289.165650494,301.202030435,12.036379941,Other,random,C2H4O_1,12.036385000,RC2_0046_ICR-3_p08
301.075100973,313.111480914,12.036379941,Other,random,C2H4O_1,12.036385000,RC2_0046_ICR-3_p08
329.030234386,341.066614328,12.036379941,Other,random,C2H4O_1,12.036385000,RC2_0046_ICR-3_p08
331.082208682,343.118588623,12.036379941,Other,random,C2H4O_1,12.036385000,RC2_0046_ICR-3_p08
359.171080528,371.207460469,12.036379941,Other,random,C2H4O_1,12.036385000,RC2_0046_ICR-3_p08
489.044083601,501.080463543,12.036379941,Other,random,C2H4O_1,12.036385000,RC2_0046_ICR-3_p08
500.075962804,512.112342745,12.036379941,Other,random,C2H4O_1,12.036385000,RC2_0046_ICR-3_p08
581.179406760,593.215786701,12.036379941,Other,random,C2H4O_1,12.036385000,RC2_0046_ICR-3_p08
549.161221582,561.197601523,12.036379941,Other,random,C2H4O_1,12.036385000,RC2_0046_ICR-3_p08
359.071536950,371.107917891,12.036380941,Other,random,C2H4O_1,12.036385000,RC2_0046_ICR-3_p08
359.098219837,371.134600778,12.036380941,Other,random,C2H4O_1,12.036385000,RC2_0046_ICR-3_p08
421.113886764,433.150267705,12.036380941,Other,random,C2H4O_1,12.036385000,RC2_0046_ICR-3_p08
685.198955505,697.235336446,12.036380941,Other,random,C2H4O_1,12.036385000,RC2_0046_ICR-3_p08
340.067304567,352.103685508,12.036380941,Other,random,C2H4O_1,12.036385000,RC2_0046_ICR-3_p08
365.246186757,377.282567698,12.036380941,Other,random,C2H4O_1,12.036385000,RC2_0046_ICR-3_p08
407.147582010,419.183962951,12.036380941,Other,random,C2H4O_1,12.036385000,RC2_0046_ICR-3_p08
253.108192451,265.144574392,12.036381941,Other,random,C2H4O_1,12.036385000,RC2_0046_ICR-3_p08
297.147313635,309.183695576,12.036381941,Other,random,C2H4O_1,12.036385000,RC2_0046_ICR-3_p08
447.020355868,459.056737809,12.036381941,Other,random,C2H4O_1,12.036385000,RC2_0046_ICR-3_p08
569.151004785,581.187386726,12.036381941,Other,random,C2H4O_1,12.036385000,RC2_0046_ICR-3_p08
603.135813620,615.172195561,12.036381941,Other,random,C2H4O_1,12.036385000,RC2_0046_ICR-3_p08
357.110821267,369.147203209,12.036381941,Other,random,C2H4O_1,12.036385000,RC2_0046_ICR-3_p08
489.225868830,501.262250771,12.036381941,Other,random,C2H4O_1,12.036385000,RC2_0046_ICR-3_p08
401.123967562,413.160350503,12.036382941,Other,random,C2H4O_1,12.036385000,RC2_0046_ICR-3_p08
547.122388231,559.158771172,12.036382941,Other,random,C2H4O_1,12.036385000,RC2_0046_ICR-3_p08
567.163916214,579.200299155,12.036382941,Other,random,C2H4O_1,12.036385000,RC2_0046_ICR-3_p08
253.035401759,265.071784701,12.036382941,Other,random,C2H4O_1,12.036385000,RC2_0046_ICR-3_p08
539.067913398,551.104296339,12.036382941,Other,random,C2H4O_1,12.036385000,RC2_0046_ICR-3_p08
373.095896458,385.132280399,12.036383941,Other,random,C2H4O_1,12.036385000,RC2_0046_ICR-3_p08
421.090579863,433.126963804,12.036383941,Other,random,C2H4O_1,12.036385000,RC2_0046_ICR-3_p08
249.004150860,261.040534801,12.036383941,Other,random,C2H4O_1,12.036385000,RC2_0046_ICR-3_p08
249.040480706,261.076864647,12.036383941,Other,random,C2H4O_1,12.036385000,RC2_0046_ICR-3_p08
309.097848940,321.134232882,12.036383941,Other,random,C2H4O_1,12.036385000,RC2_0046_ICR-3_p08
310.093147718,322.129531659,12.036383941,Other,random,C2H4O_1,12.036385000,RC2_0046_ICR-3_p08
564.180037872,576.216421813,12.036383941,Other,random,C2H4O_1,12.036385000,RC2_0046_ICR-3_p08
603.062765930,615.099149871,12.036383941,Other,random,C2H4O_1,12.036385000,RC2_0046_ICR-3_p08
414.117124444,426.153508386,12.036383941,Other,random,C2H4O_1,12.036385000,RC2_0046_ICR-3_p08
445.163313745,457.199697686,12.036383941,Other,random,C2H4O_1,12.036385000,RC2_0046_ICR-3_p08
296.041124327,308.077508269,12.036383941,Other,random,C2H4O_1,12.036385000,RC2_0046_ICR-3_p08
367.116372823,379.152756765,12.036383941,Other,random,C2H4O_1,12.036385000,RC2_0046_ICR-3_p08
343.131627568,355.168012509,12.036384941,Other,random,C2H4O_1,12.036385000,RC2_0046_ICR-3_p08
445.071896133,457.108281074,12.036384941,Other,random,C2H4O_1,12.036385000,RC2_0046_ICR-3_p08
377.209883006,389.246267948,12.036384941,Other,random,C2H4O_1,12.036385000,RC2_0046_ICR-3_p08
270.061965532,282.098350473,12.036384941,Other,random,C2H4O_1,12.036385000,RC2_0046_ICR-3_p08
475.160688495,487.197073436,12.036384941,Other,random,C2H4O_1,12.036385000,RC2_0046_ICR-3_p08
481.127056186,493.163441127,12.036384941,Other,random,C2H4O_1,12.036385000,RC2_0046_ICR-3_p08
509.166310242,521.202695183,12.036384941,Other,random,C2H4O_1,12.036385000,RC2_0046_ICR-3_p08
237.040534610,249.076919551,12.036384941,Other,random,C2H4O_1,12.036385000,RC2_0046_ICR-3_p08
341.043253427,353.079638368,12.036384941,Other,random,C2H4O_1,12.036385000,RC2_0046_ICR-3_p08
428.132707990,440.169092931,12.036384941,Other,random,C2H4O_1,12.036385000,RC2_0046_ICR-3_p08
475.137426594,487.173811535,12.036384941,Other,random,C2H4O_1,12.036385000,RC2_0046_ICR-3_p08
253.071840605,265.108226546,12.036385941,Other,random,C2H4O_1,12.036385000,RC2_0046_ICR-3_p08
383.053812216,395.090198157,12.036385941,Other,random,C2H4O_1,12.036385000,RC2_0046_ICR-3_p08
289.129249648,301.165635589,12.036385941,Other,random,C2H4O_1,12.036385000,RC2_0046_ICR-3_p08
529.098645688,541.135031629,12.036385941,Other,random,C2H4O_1,12.036385000,RC2_0046_ICR-3_p08
597.146095028,609.182480970,12.036385941,Other,random,C2H4O_1,12.036385000,RC2_0046_ICR-3_p08
227.019762119,239.056148060,12.036385941,Other,random,C2H4O_1,12.036385000,RC2_0046_ICR-3_p08
275.150012948,287.186398890,12.036385941,Other,random,C2H4O_1,12.036385000,RC2_0046_ICR-3_p08
305.043327140,317.079713081,12.036385941,Other,random,C2H4O_1,12.036385000,RC2_0046_ICR-3_p08
387.071995171,399.108381112,12.036385941,Other,random,C2H4O_1,12.036385000,RC2_0046_ICR-3_p08
393.204839155,405.241225096,12.036385941,Other,random,C2H4O_1,12.036385000,RC2_0046_ICR-3_p08
417.249190158,429.285576099,12.036385941,Other,random,C2H4O_1,12.036385000,RC2_0046_ICR-3_p08
459.093144654,471.129530596,12.036385941,Other,random,C2H4O_1,12.036385000,RC2_0046_ICR-3_p08
467.096000706,479.132386647,12.036385941,Other,random,C2H4O_1,12.036385000,RC2_0046_ICR-3_p08
487.124388745,499.160774686,12.036385941,Other,random,C2H4O_1,12.036385000,RC2_0046_ICR-3_p08
297.110920789,309.147307731,12.036386941,Other,random,C2H4O_1,12.036385000,RC2_0046_ICR-3_p08
387.157810807,399.194197748,12.036386941,Other,random,C2H4O_1,12.036385000,RC2_0046_ICR-3_p08
400.060017075,412.096404016,12.036386941,Other,random,C2H4O_1,12.036385000,RC2_0046_ICR-3_p08
277.071757796,289.108144737,12.036386941,Other,random,C2H4O_1,12.036385000,RC2_0046_ICR-3_p08
284.077585077,296.113972018,12.036386941,Other,random,C2H4O_1,12.036385000,RC2_0046_ICR-3_p08
325.178561725,337.214948666,12.036386941,Other,random,C2H4O_1,12.036385000,RC2_0046_ICR-3_p08
593.187617820,605.224004762,12.036386941,Other,random,C2H4O_1,12.036385000,RC2_0046_ICR-3_p08
269.103117600,281.139504541,12.036386941,Other,random,C2H4O_1,12.036385000,RC2_0046_ICR-3_p08
559.195157018,571.231543959,12.036386941,Other,random,C2H4O_1,12.036385000,RC2_0046_ICR-3_p08
595.158886458,607.195273399,12.036386941,Other,random,C2H4O_1,12.036385000,RC2_0046_ICR-3_p08
255.123817900,267.160205841,12.036387941,Other,random,C2H4O_1,12.036385000,RC2_0046_ICR-3_p08
429.046235115,441.082623056,12.036387941,Other,random,C2H4O_1,12.036385000,RC2_0046_ICR-3_p08
438.039326966,450.075714907,12.036387941,Other,random,C2H4O_1,12.036385000,RC2_0046_ICR-3_p08
473.166290956,485.202678897,12.036387941,Other,random,C2H4O_1,12.036385000,RC2_0046_ICR-3_p08
490.135411972,502.171799913,12.036387941,Other,random,C2H4O_1,12.036385000,RC2_0046_ICR-3_p08
547.036426596,559.072814537,12.036387941,Other,random,C2H4O_1,12.036385000,RC2_0046_ICR-3_p08
397.113849573,409.150237514,12.036387941,Other,random,C2H4O_1,12.036385000,RC2_0046_ICR-3_p08
411.093011273,423.129399214,12.036387941,Other,random,C2H4O_1,12.036385000,RC2_0046_ICR-3_p08
434.036417946,446.072805887,12.036387941,Other,random,C2H4O_1,12.036385000,RC2_0046_ICR-3_p08
448.060004457,460.096392399,12.036387941,Other,random,C2H4O_1,12.036385000,RC2_0046_ICR-3_p08
466.098888936,478.135276877,12.036387941,Other,random,C2H4O_1,12.036385000,RC2_0046_ICR-3_p08
617.164297110,629.200685051,12.036387941,Other,random,C2H4O_1,12.036385000,RC2_0046_ICR-3_p08
487.118863768,499.155251709,12.036387941,Other,random,C2H4O_1,12.036385000,RC2_0046_ICR-3_p08
515.150253858,527.186641799,12.036387941,Other,random,C2H4O_1,12.036385000,RC2_0046_ICR-3_p08
615.266129162,627.302517104,12.036387941,Other,random,C2H4O_1,12.036385000,RC2_0046_ICR-3_p08
265.071784701,277.108173642,12.036388941,Other,random,C2H4O_1,12.036385000,RC2_0046_ICR-3_p08
289.092852802,301.129241743,12.036388941,Other,random,C2H4O_1,12.036385000,RC2_0046_ICR-3_p08
323.040714794,335.077103735,12.036388941,Other,random,C2H4O_1,12.036385000,RC2_0046_ICR-3_p08
334.178898546,346.215287487,12.036388941,Other,random,C2H4O_1,12.036385000,RC2_0046_ICR-3_p08
337.069369284,349.105758225,12.036388941,Other,random,C2H4O_1,12.036385000,RC2_0046_ICR-3_p08
389.064309719,401.100698661,12.036388941,Other,random,C2H4O_1,12.036385000,RC2_0046_ICR-3_p08
459.129384501,471.165773442,12.036388941,Other,random,C2H4O_1,12.036385000,RC2_0046_ICR-3_p08
503.213376495,515.249765436,12.036388941,Other,random,C2H4O_1,12.036385000,RC2_0046_ICR-3_p08
333.155391887,345.191780828,12.036388941,Other,random,C2H4O_1,12.036385000,RC2_0046_ICR-3_p08
501.189427080,513.225817021,12.036389941,Other,random,C2H4O_1,12.036385000,RC2_0046_ICR-3_p08
343.103348688,355.139738629,12.036389941,Other,random,C2H4O_1,12.036385000,RC2_0046_ICR-3_p08
347.090198775,359.126588716,12.036389941,Other,random,C2H4O_1,12.036385000,RC2_0046_ICR-3_p08
385.040921787,397.077311728,12.036389941,Other,random,C2H4O_1,12.036385000,RC2_0046_ICR-3_p08
475.082473827,487.118863768,12.036389941,Other,random,C2H4O_1,12.036385000,RC2_0046_ICR-3_p08
273.170756344,285.207146286,12.036389941,Other,random,C2H4O_1,12.036385000,RC2_0046_ICR-3_p08
321.061516190,333.097906131,12.036389941,Other,random,C2H4O_1,12.036385000,RC2_0046_ICR-3_p08
337.105749130,349.142139071,12.036389941,Other,random,C2H4O_1,12.036385000,RC2_0046_ICR-3_p08
365.051172584,377.087562525,12.036389941,Other,random,C2H4O_1,12.036385000,RC2_0046_ICR-3_p08
397.077311728,409.113701669,12.036389941,Other,random,C2H4O_1,12.036385000,RC2_0046_ICR-3_p08
397.142169453,409.178559394,12.036389941,Other,random,C2H4O_1,12.036385000,RC2_0046_ICR-3_p08
557.296563072,569.332953013,12.036389941,Other,random,C2H4O_1,12.036385000,RC2_0046_ICR-3_p08
577.083616134,589.120006075,12.036389941,Other,random,C2H4O_1,12.036385000,RC2_0046_ICR-3_p08
375.048609175,387.084999116,12.036389941,Other,random,C2H4O_1,12.036385000,RC2_0046_ICR-3_p08
393.168270310,405.204660251,12.036389941,Other,random,C2H4O_1,12.036385000,RC2_0046_ICR-3_p08
493.171259094,505.207650035,12.036390941,Other,random,C2H4O_1,12.036385000,RC2_0046_ICR-3_p08
613.205835902,625.242226843,12.036390941,Other,random,C2H4O_1,12.036385000,RC2_0046_ICR-3_p08
645.146244410,657.182635351,12.036390941,Other,random,C2H4O_1,12.036385000,RC2_0046_ICR-3_p08
323.053835738,335.090226680,12.036390941,Other,random,C2H4O_1,12.036385000,RC2_0046_ICR-3_p08
251.019771310,263.056162251,12.036390941,Other,random,C2H4O_1,12.036385000,RC2_0046_ICR-3_p08
521.093539646,533.129930587,12.036390941,Other,random,C2H4O_1,12.036385000,RC2_0046_ICR-3_p08
511.101215034,523.137606975,12.036391941,Other,random,C2H4O_1,12.036385000,RC2_0046_ICR-3_p08
315.108418443,327.144810384,12.036391941,Other,random,C2H4O_1,12.036385000,RC2_0046_ICR-3_p08
369.168415119,381.204807060,12.036391941,Other,random,C2H4O_1,12.036385000,RC2_0046_ICR-3_p08
436.124782087,448.161174028,12.036391941,Other,random,C2H4O_1,12.036385000,RC2_0046_ICR-3_p08
271.118777049,283.155168990,12.036391941,Other,random,C2H4O_1,12.036385000,RC2_0046_ICR-3_p08
289.084773837,301.121166778,12.036392941,Other,random,C2H4O_1,12.036385000,RC2_0046_ICR-3_p08
321.111003980,333.147396921,12.036392941,Other,random,C2H4O_1,12.036385000,RC2_0046_ICR-3_p08
409.041108977,421.077501918,12.036392941,Other,random,C2H4O_1,12.036385000,RC2_0046_ICR-3_p08
441.168307692,453.204700633,12.036392941,Other,random,C2H4O_1,12.036385000,RC2_0046_ICR-3_p08
453.131953942,465.168346883,12.036392941,Other,random,C2H4O_1,12.036385000,RC2_0046_ICR-3_p08
373.092637472,385.129030413,12.036392941,Other,random,C2H4O_1,12.036385000,RC2_0046_ICR-3_p08
517.228916040,529.265309981,12.036393941,Other,random,C2H4O_1,12.036385000,RC2_0046_ICR-3_p08
709.235362541,721.271756482,12.036393941,Other,random,C2H4O_1,12.036385000,RC2_0046_ICR-3_p08
355.139738629,367.176132570,12.036393941,Other,random,C2H4O_1,12.036385000,RC2_0046_ICR-3_p08
501.030836753,513.067230694,12.036393941,Other,random,C2H4O_1,12.036385000,RC2_0046_ICR-3_p08
261.097959558,273.134353499,12.036393941,Other,random,C2H4O_1,12.036385000,RC2_0046_ICR-3_p08
367.079856978,379.116250920,12.036393941,Other,random,C2H4O_1,12.036385000,RC2_0046_ICR-3_p08
531.200252773,543.236646714,12.036393941,Other,random,C2H4O_1,12.036385000,RC2_0046_ICR-3_p08
555.127522273,567.163916214,12.036393941,Other,random,C2H4O_1,12.036385000,RC2_0046_ICR-3_p08
519.236543524,531.272938465,12.036394941,Other,random,C2H4O_1,12.036385000,RC2_0046_ICR-3_p08
627.120715875,639.157110816,12.036394941,Other,random,C2H4O_1,12.036385000,RC2_0046_ICR-3_p08
367.225385361,379.261780302,12.036394941,Other,random,C2H4O_1,12.036385000,RC2_0046_ICR-3_p08
389.054532761,401.090927702,12.036394941,Other,random,C2H4O_1,12.036385000,RC2_0046_ICR-3_p08
497.166327146,509.202722088,12.036394941,Other,random,C2H4O_1,12.036385000,RC2_0046_ICR-3_p08
505.184444133,517.220839074,12.036394941,Other,random,C2H4O_1,12.036385000,RC2_0046_ICR-3_p08
327.063959727,339.100354669,12.036394941,Other,random,C2H4O_1,12.036385000,RC2_0046_ICR-3_p08
523.267838423,535.304233364,12.036394941,Other,random,C2H4O_1,12.036385000,RC2_0046_ICR-3_p08
627.229546413,639.265941354,12.036394941,Other,random,C2H4O_1,12.036385000,RC2_0046_ICR-3_p08
285.134353594,297.170748536,12.036394941,Other,random,C2H4O_1,12.036385000,RC2_0046_ICR-3_p08
319.095273531,331.131668472,12.036394941,Other,random,C2H4O_1,12.036385000,RC2_0046_ICR-3_p08
333.118975042,345.155369983,12.036394941,Other,random,C2H4O_1,12.036385000,RC2_0046_ICR-3_p08
308.077508269,321.061516190,12.984007921,Other,random,CH_1N_1O,12.984016000,RC2_0046_ICR-3_p08
340.067304567,353.051312488,12.984007921,Other,random,CH_1N_1O,12.984016000,RC2_0046_ICR-3_p08
436.161098933,449.145106854,12.984007921,Other,random,CH_1N_1O,12.984016000,RC2_0046_ICR-3_p08
378.046540457,391.030549379,12.984008921,Other,random,CH_1N_1O,12.984016000,RC2_0046_ICR-3_p08
268.082669928,281.066678850,12.984008921,Other,random,CH_1N_1O,12.984016000,RC2_0046_ICR-3_p08
318.025419069,331.009427991,12.984008921,Other,random,CH_1N_1O,12.984016000,RC2_0046_ICR-3_p08
274.072153521,287.056163442,12.984009921,Other,random,CH_1N_1O,12.984016000,RC2_0046_ICR-3_p08
378.241445630,391.225456552,12.984010921,Other,random,CH_1N_1O,12.984016000,RC2_0046_ICR-3_p08
286.093204527,299.077216448,12.984011921,Other,random,CH_1N_1O,12.984016000,RC2_0046_ICR-3_p08
502.265753514,515.249765436,12.984011921,Other,random,CH_1N_1O,12.984016000,RC2_0046_ICR-3_p08
252.087772779,265.071784701,12.984011921,Other,random,CH_1N_1O,12.984016000,RC2_0046_ICR-3_p08
560.067991315,573.052004236,12.984012921,Other,random,CH_1N_1O,12.984016000,RC2_0046_ICR-3_p08
353.098967286,366.082980207,12.984012921,Other,random,CH_1N_1O,12.984016000,RC2_0046_ICR-3_p08
380.134982598,393.118996519,12.984013921,Other,random,CH_1N_1O,12.984016000,RC2_0046_ICR-3_p08
320.041108519,333.025122440,12.984013921,Other,random,CH_1N_1O,12.984016000,RC2_0046_ICR-3_p08
388.116682739,401.100698661,12.984015921,Other,random,CH_1N_1O,12.984016000,RC2_0046_ICR-3_p08
394.114226298,407.098242219,12.984015921,Other,random,CH_1N_1O,12.984016000,RC2_0046_ICR-3_p08
440.132556086,453.116572007,12.984015921,Other,random,CH_1N_1O,12.984016000,RC2_0046_ICR-3_p08
488.083355677,501.067371598,12.984015921,Other,random,CH_1N_1O,12.984016000,RC2_0046_ICR-3_p08
522.211093906,535.195109827,12.984015921,Other,random,CH_1N_1O,12.984016000,RC2_0046_ICR-3_p08
404.134936789,417.118955711,12.984018921,Other,random,CH_1N_1O,12.984016000,RC2_0046_ICR-3_p08
532.109575916,545.093594837,12.984018921,Other,random,CH_1N_1O,12.984016000,RC2_0046_ICR-3_p08
364.140045449,377.124064370,12.984018921,Other,random,CH_1N_1O,12.984016000,RC2_0046_ICR-3_p08
308.126984059,321.111003980,12.984019921,Other,random,CH_1N_1O,12.984016000,RC2_0046_ICR-3_p08
508.109518725,521.093539646,12.984020921,Other,random,CH_1N_1O,12.984016000,RC2_0046_ICR-3_p08
376.116639644,389.100660565,12.984020921,Other,random,CH_1N_1O,12.984016000,RC2_0046_ICR-3_p08
334.178898546,347.162921467,12.984022921,Other,random,CH_1N_1O,12.984016000,RC2_0046_ICR-3_p08
444.093507283,457.077532205,12.984024921,Other,random,CH_1N_1O,12.984016000,RC2_0046_ICR-3_p08
534.161662211,547.145688132,12.984025921,Other,random,CH_1N_1O,12.984016000,RC2_0046_ICR-3_p08
319.082301586,332.077541460,12.995239874,Other,random,H_1N1,12.995249000,RC2_0046_ICR-3_p08
323.162931276,336.158171149,12.995239874,Other,random,H_1N1,12.995249000,RC2_0046_ICR-3_p08
321.025120344,334.020361218,12.995240874,Other,random,H_1N1,12.995249000,RC2_0046_ICR-3_p08
495.114276851,508.109518725,12.995241874,Other,random,H_1N1,12.995249000,RC2_0046_ICR-3_p08
279.087396246,292.082640120,12.995243874,Other,random,H_1N1,12.995249000,RC2_0046_ICR-3_p08
293.102986791,306.098231665,12.995244874,Other,random,H_1N1,12.995249000,RC2_0046_ICR-3_p08
321.134232882,334.129479755,12.995246874,Other,random,H_1N1,12.995249000,RC2_0046_ICR-3_p08
351.121387675,364.116634548,12.995246874,Other,random,H_1N1,12.995249000,RC2_0046_ICR-3_p08
251.113693911,264.108940785,12.995246874,Other,random,H_1N1,12.995249000,RC2_0046_ICR-3_p08
481.098586306,494.093834180,12.995247874,Other,random,H_1N1,12.995249000,RC2_0046_ICR-3_p08
403.116282110,416.111530984,12.995248874,Other,random,H_1N1,12.995249000,RC2_0046_ICR-3_p08
493.135048247,506.130297121,12.995248874,Other,random,H_1N1,12.995249000,RC2_0046_ICR-3_p08
521.166413337,534.161662211,12.995248874,Other,random,H_1N1,12.995249000,RC2_0046_ICR-3_p08
307.045857645,320.041108519,12.995250874,Other,random,H_1N1,12.995249000,RC2_0046_ICR-3_p08
371.061836087,384.057088960,12.995252874,Other,random,H_1N1,12.995249000,RC2_0046_ICR-3_p08
255.051044209,268.046297083,12.995252874,Other,random,H_1N1,12.995249000,RC2_0046_ICR-3_p08
341.160435930,354.155689803,12.995253874,Other,random,H_1N1,12.995249000,RC2_0046_ICR-3_p08
321.061516190,334.056770064,12.995253874,Other,random,H_1N1,12.995249000,RC2_0046_ICR-3_p08
431.098252410,444.093507283,12.995254874,Other,random,H_1N1,12.995249000,RC2_0046_ICR-3_p08
435.069726563,448.064981436,12.995254874,Other,random,H_1N1,12.995249000,RC2_0046_ICR-3_p08
595.203246270,608.198501144,12.995254874,Other,random,H_1N1,12.995249000,RC2_0046_ICR-3_p08
297.061587999,310.056843872,12.995255874,Other,random,H_1N1,12.995249000,RC2_0046_ICR-3_p08
294.061942723,307.057199597,12.995256874,Other,random,H_1N1,12.995249000,RC2_0046_ICR-3_p08
499.072667060,512.067923933,12.995256874,Other,random,H_1N1,12.995249000,RC2_0046_ICR-3_p08
409.150237514,422.145494388,12.995256874,Other,random,H_1N1,12.995249000,RC2_0046_ICR-3_p08
415.066872416,428.062129289,12.995256874,Other,random,H_1N1,12.995249000,RC2_0046_ICR-3_p08
287.113623198,300.108881072,12.995257874,Other,random,H_1N1,12.995249000,RC2_0046_ICR-3_p08
435.056770618,448.052028491,12.995257874,Other,random,H_1N1,12.995249000,RC2_0046_ICR-3_p08
365.246186757,378.241445630,12.995258874,Other,random,H_1N1,12.995249000,RC2_0046_ICR-3_p08
239.056148060,252.087772779,13.031624719,Other,random,C1H3N1O_1,13.031634000,RC2_0046_ICR-3_p08
293.066606945,306.098231665,13.031624719,Other,random,C1H3N1O_1,13.031634000,RC2_0046_ICR-3_p08
349.056393435,362.088018154,13.031624719,Other,random,C1H3N1O_1,13.031634000,RC2_0046_ICR-3_p08
323.004408948,336.036034667,13.031625719,Other,random,C1H3N1O_1,13.031634000,RC2_0046_ICR-3_p08
255.051044209,268.082669928,13.031625719,Other,random,C1H3N1O_1,13.031634000,RC2_0046_ICR-3_p08
283.009498608,296.041124327,13.031625719,Other,random,C1H3N1O_1,13.031634000,RC2_0046_ICR-3_p08
325.092731089,338.124356809,13.031625719,Other,random,C1H3N1O_1,13.031634000,RC2_0046_ICR-3_p08
453.030979370,466.062605090,13.031625719,Other,random,C1H3N1O_1,13.031634000,RC2_0046_ICR-3_p08
267.014712459,280.046339178,13.031626719,Other,random,C1H3N1O_1,13.031634000,RC2_0046_ICR-3_p08
229.144602105,242.176229824,13.031627719,Other,random,C1H3N1O_1,13.031634000,RC2_0046_ICR-3_p08
307.045857645,320.077487364,13.031629719,Other,random,C1H3N1O_1,13.031634000,RC2_0046_ICR-3_p08
319.009424895,332.041054614,13.031629719,Other,random,C1H3N1O_1,13.031634000,RC2_0046_ICR-3_p08
283.045890454,296.077520173,13.031629719,Other,random,C1H3N1O_1,13.031634000,RC2_0046_ICR-3_p08
271.045954358,284.077585077,13.031630719,Other,random,C1H3N1O_1,13.031634000,RC2_0046_ICR-3_p08
423.056822522,436.088453241,13.031630719,Other,random,C1H3N1O_1,13.031634000,RC2_0046_ICR-3_p08
287.040813507,300.072444226,13.031630719,Other,random,C1H3N1O_1,13.031634000,RC2_0046_ICR-3_p08
265.035417855,278.067049574,13.031631719,Other,random,C1H3N1O_1,13.031634000,RC2_0046_ICR-3_p08
411.056790426,424.088423146,13.031632719,Other,random,C1H3N1O_1,13.031634000,RC2_0046_ICR-3_p08
415.030496570,428.062129289,13.031632719,Other,random,C1H3N1O_1,13.031634000,RC2_0046_ICR-3_p08
443.025449814,456.057082533,13.031632719,Other,random,C1H3N1O_1,13.031634000,RC2_0046_ICR-3_p08
387.048641270,400.080275989,13.031634719,Other,random,C1H3N1O_1,13.031634000,RC2_0046_ICR-3_p08
417.009905173,430.041541892,13.031636719,Other,random,C1H3N1O_1,13.031634000,RC2_0046_ICR-3_p08
475.088059803,488.119696523,13.031636719,Other,random,C1H3N1O_1,13.031634000,RC2_0046_ICR-3_p08
535.072712346,548.104349065,13.031636719,Other,random,C1H3N1O_1,13.031634000,RC2_0046_ICR-3_p08
409.077438823,422.109076542,13.031637719,Other,random,C1H3N1O_1,13.031634000,RC2_0046_ICR-3_p08
365.014899738,378.046540457,13.031640719,Other,random,C1H3N1O_1,13.031634000,RC2_0046_ICR-3_p08
397.163217364,410.194859083,13.031641719,Other,random,C1H3N1O_1,13.031634000,RC2_0046_ICR-3_p08
285.097950749,299.040821603,13.942870854,Other,random,C_1H_6O2,13.942880000,RC2_0046_ICR-3_p08
322.129531659,336.072402513,13.942870854,Other,random,C_1H_6O2,13.942880000,RC2_0046_ICR-3_p08
551.140640185,565.083511039,13.942870854,Other,random,C_1H_6O2,13.942880000,RC2_0046_ICR-3_p08
293.102986791,307.045857645,13.942870854,Other,random,C_1H_6O2,13.942880000,RC2_0046_ICR-3_p08
321.134232882,335.077103735,13.942870854,Other,random,C_1H_6O2,13.942880000,RC2_0046_ICR-3_p08
225.113277206,239.056148060,13.942870854,Other,random,C_1H_6O2,13.942880000,RC2_0046_ICR-3_p08
329.233280525,343.176151379,13.942870854,Other,random,C_1H_6O2,13.942880000,RC2_0046_ICR-3_p08
421.150163610,435.093034464,13.942870854,Other,random,C_1H_6O2,13.942880000,RC2_0046_ICR-3_p08
463.282973881,477.225844735,13.942870854,Other,random,C_1H_6O2,13.942880000,RC2_0046_ICR-3_p08
477.170785968,491.113656822,13.942870854,Other,random,C_1H_6O2,13.942880000,RC2_0046_ICR-3_p08
489.140020194,503.082891048,13.942870854,Other,random,C_1H_6O2,13.942880000,RC2_0046_ICR-3_p08
617.187817011,631.130687864,13.942870854,Other,random,C_1H_6O2,13.942880000,RC2_0046_ICR-3_p08
253.071840605,267.014712459,13.942871854,Other,random,C_1H_6O2,13.942880000,RC2_0046_ICR-3_p08
296.113972018,310.056843872,13.942871854,Other,random,C_1H_6O2,13.942880000,RC2_0046_ICR-3_p08
325.129161935,339.072033789,13.942871854,Other,random,C_1H_6O2,13.942880000,RC2_0046_ICR-3_p08
351.175555445,365.118427299,13.942871854,Other,random,C_1H_6O2,13.942880000,RC2_0046_ICR-3_p08
381.118949424,395.061821278,13.942871854,Other,random,C_1H_6O2,13.942880000,RC2_0046_ICR-3_p08
521.179520282,535.122392135,13.942871854,Other,random,C_1H_6O2,13.942880000,RC2_0046_ICR-3_p08
563.213363972,577.156235826,13.942871854,Other,random,C_1H_6O2,13.942880000,RC2_0046_ICR-3_p08
227.128981655,241.071853509,13.942871854,Other,random,C_1H_6O2,13.942880000,RC2_0046_ICR-3_p08
235.061279006,249.004150860,13.942871854,Other,random,C_1H_6O2,13.942880000,RC2_0046_ICR-3_p08
567.208328026,581.151200879,13.942872854,Other,random,C_1H_6O2,13.942880000,RC2_0046_ICR-3_p08
301.092838898,315.035711752,13.942872854,Other,random,C_1H_6O2,13.942880000,RC2_0046_ICR-3_p08
305.114403838,319.057276692,13.942872854,Other,random,C_1H_6O2,13.942880000,RC2_0046_ICR-3_p08
441.204789537,455.147662391,13.942872854,Other,random,C_1H_6O2,13.942880000,RC2_0046_ICR-3_p08
457.171308807,471.114181661,13.942872854,Other,random,C_1H_6O2,13.942880000,RC2_0046_ICR-3_p08
511.218297537,525.161170391,13.942872854,Other,random,C_1H_6O2,13.942880000,RC2_0046_ICR-3_p08
589.265474458,603.208347312,13.942872854,Other,random,C_1H_6O2,13.942880000,RC2_0046_ICR-3_p08
651.192960759,665.135833613,13.942872854,Other,random,C_1H_6O2,13.942880000,RC2_0046_ICR-3_p08
321.061516190,335.004389044,13.942872854,Other,random,C_1H_6O2,13.942880000,RC2_0046_ICR-3_p08
331.154979373,345.097853227,13.942873854,Other,random,C_1H_6O2,13.942880000,RC2_0046_ICR-3_p08
351.194263366,365.137137219,13.942873854,Other,random,C_1H_6O2,13.942880000,RC2_0046_ICR-3_p08
441.103666966,455.046540820,13.942873854,Other,random,C_1H_6O2,13.942880000,RC2_0046_ICR-3_p08
473.217794737,487.160668591,13.942873854,Other,random,C_1H_6O2,13.942880000,RC2_0046_ICR-3_p08
247.118758858,261.061632712,13.942873854,Other,random,C_1H_6O2,13.942880000,RC2_0046_ICR-3_p08
320.077487364,334.020361218,13.942873854,Other,random,C_1H_6O2,13.942880000,RC2_0046_ICR-3_p08
579.244743967,593.187617820,13.942873854,Other,random,C_1H_6O2,13.942880000,RC2_0046_ICR-3_p08
361.287779549,375.230654402,13.942874854,Other,random,C_1H_6O2,13.942880000,RC2_0046_ICR-3_p08
707.182917248,721.125792102,13.942874854,Other,random,C_1H_6O2,13.942880000,RC2_0046_ICR-3_p08
367.168067604,381.110942458,13.942874854,Other,random,C_1H_6O2,13.942880000,RC2_0046_ICR-3_p08
310.093147718,324.036023572,13.942875854,Other,random,C_1H_6O2,13.942880000,RC2_0046_ICR-3_p08
553.229069326,567.171945180,13.942875854,Other,random,C_1H_6O2,13.942880000,RC2_0046_ICR-3_p08
447.202097097,461.144972950,13.942875854,Other,random,C_1H_6O2,13.942880000,RC2_0046_ICR-3_p08
306.098231665,320.041108519,13.942876854,Other,random,C_1H_6O2,13.942880000,RC2_0046_ICR-3_p08
518.260818663,532.203695517,13.942876854,Other,random,C_1H_6O2,13.942880000,RC2_0046_ICR-3_p08
535.254843573,549.197720427,13.942876854,Other,random,C_1H_6O2,13.942880000,RC2_0046_ICR-3_p08
293.139342637,307.082219491,13.942876854,Other,random,C_1H_6O2,13.942880000,RC2_0046_ICR-3_p08
305.225230368,319.168107222,13.942876854,Other,random,C_1H_6O2,13.942880000,RC2_0046_ICR-3_p08
366.168702844,380.111579697,13.942876854,Other,random,C_1H_6O2,13.942880000,RC2_0046_ICR-3_p08
491.314417970,505.257294824,13.942876854,Other,random,C_1H_6O2,13.942880000,RC2_0046_ICR-3_p08
403.261886493,417.204763347,13.942876854,Other,random,C_1H_6O2,13.942880000,RC2_0046_ICR-3_p08
377.124064370,391.066942224,13.942877854,Other,random,C_1H_6O2,13.942880000,RC2_0046_ICR-3_p08
413.108696722,427.051574576,13.942877854,Other,random,C_1H_6O2,13.942880000,RC2_0046_ICR-3_p08
391.170422785,405.113300639,13.942877854,Other,random,C_1H_6O2,13.942880000,RC2_0046_ICR-3_p08
461.194548740,475.137426594,13.942877854,Other,random,C_1H_6O2,13.942880000,RC2_0046_ICR-3_p08
573.125134926,587.068012780,13.942877854,Other,random,C_1H_6O2,13.942880000,RC2_0046_ICR-3_p08
623.271138205,637.214016059,13.942877854,Other,random,C_1H_6O2,13.942880000,RC2_0046_ICR-3_p08
376.103728699,390.046606553,13.942877854,Other,random,C_1H_6O2,13.942880000,RC2_0046_ICR-3_p08
393.149776389,407.092654243,13.942877854,Other,random,C_1H_6O2,13.942880000,RC2_0046_ICR-3_p08
431.192009012,445.134887866,13.942878854,Other,random,C_1H_6O2,13.942880000,RC2_0046_ICR-3_p08
535.195109827,549.137988681,13.942878854,Other,random,C_1H_6O2,13.942880000,RC2_0046_ICR-3_p08
347.090198775,361.033077629,13.942878854,Other,random,C_1H_6O2,13.942880000,RC2_0046_ICR-3_p08
435.178948099,449.121826953,13.942878854,Other,random,C_1H_6O2,13.942880000,RC2_0046_ICR-3_p08
290.066889670,304.009768524,13.942878854,Other,random,C_1H_6O2,13.942880000,RC2_0046_ICR-3_p08
559.254833765,573.197712618,13.942878854,Other,random,C_1H_6O2,13.942880000,RC2_0046_ICR-3_p08
568.203744803,582.146623657,13.942878854,Other,random,C_1H_6O2,13.942880000,RC2_0046_ICR-3_p08
569.215905509,583.158784363,13.942878854,Other,random,C_1H_6O2,13.942880000,RC2_0046_ICR-3_p08
407.220360701,421.163240555,13.942879854,Other,random,C_1H_6O2,13.942880000,RC2_0046_ICR-3_p08
451.233505995,465.176385849,13.942879854,Other,random,C_1H_6O2,13.942880000,RC2_0046_ICR-3_p08
531.150714983,545.093594837,13.942879854,Other,random,C_1H_6O2,13.942880000,RC2_0046_ICR-3_p08
311.168551156,325.111431010,13.942879854,Other,random,C_1H_6O2,13.942880000,RC2_0046_ICR-3_p08
467.119256607,481.062136461,13.942879854,Other,random,C_1H_6O2,13.942880000,RC2_0046_ICR-3_p08
457.113785051,471.056664905,13.942879854,Other,random,C_1H_6O2,13.942880000,RC2_0046_ICR-3_p08
365.173371066,379.116250920,13.942879854,Other,random,C_1H_6O2,13.942880000,RC2_0046_ICR-3_p08
419.220378796,433.163258650,13.942879854,Other,random,C_1H_6O2,13.942880000,RC2_0046_ICR-3_p08
461.267301432,475.210181285,13.942879854,Other,random,C_1H_6O2,13.942880000,RC2_0046_ICR-3_p08
497.158335180,511.101215034,13.942879854,Other,random,C_1H_6O2,13.942880000,RC2_0046_ICR-3_p08
435.165894155,449.108775008,13.942880854,Other,random,C_1H_6O2,13.942880000,RC2_0046_ICR-3_p08
507.114264947,521.057145801,13.942880854,Other,random,C_1H_6O2,13.942880000,RC2_0046_ICR-3_p08
427.116393301,441.059274155,13.942880854,Other,random,C_1H_6O2,13.942880000,RC2_0046_ICR-3_p08
485.194680931,499.137561784,13.942880854,Other,random,C_1H_6O2,13.942880000,RC2_0046_ICR-3_p08
489.176535039,503.119415893,13.942880854,Other,random,C_1H_6O2,13.942880000,RC2_0046_ICR-3_p08
503.277958221,517.220839074,13.942880854,Other,random,C_1H_6O2,13.942880000,RC2_0046_ICR-3_p08
565.192570576,579.135451430,13.942880854,Other,random,C_1H_6O2,13.942880000,RC2_0046_ICR-3_p08
579.172005275,593.114886129,13.942880854,Other,random,C_1H_6O2,13.942880000,RC2_0046_ICR-3_p08
593.223947666,607.166828520,13.942880854,Other,random,C_1H_6O2,13.942880000,RC2_0046_ICR-3_p08
519.259831425,533.202712279,13.942880854,Other,random,C_1H_6O2,13.942880000,RC2_0046_ICR-3_p08
529.184556324,543.127438178,13.942881854,Other,random,C_1H_6O2,13.942880000,RC2_0046_ICR-3_p08
529.337994673,543.280876527,13.942881854,Other,random,C_1H_6O2,13.942880000,RC2_0046_ICR-3_p08
305.102952887,319.045834741,13.942881854,Other,random,C_1H_6O2,13.942880000,RC2_0046_ICR-3_p08
350.087977059,364.030858912,13.942881854,Other,random,C_1H_6O2,13.942880000,RC2_0046_ICR-3_p08
439.152643243,453.095526097,13.942882854,Other,random,C_1H_6O2,13.942880000,RC2_0046_ICR-3_p08
593.260203512,607.203086366,13.942882854,Other,random,C_1H_6O2,13.942880000,RC2_0046_ICR-3_p08
655.188462810,669.131345664,13.942882854,Other,random,C_1H_6O2,13.942880000,RC2_0046_ICR-3_p08
321.147343826,335.090226680,13.942882854,Other,random,C_1H_6O2,13.942880000,RC2_0046_ICR-3_p08
347.107888700,361.050771554,13.942882854,Other,random,C_1H_6O2,13.942880000,RC2_0046_ICR-3_p08
477.140004099,491.082886953,13.942882854,Other,random,C_1H_6O2,13.942880000,RC2_0046_ICR-3_p08
421.113886764,435.056770618,13.942883854,Other,random,C_1H_6O2,13.942880000,RC2_0046_ICR-3_p08
475.254720096,489.197603950,13.942883854,Other,random,C_1H_6O2,13.942880000,RC2_0046_ICR-3_p08
467.082842762,481.025727615,13.942884854,Other,random,C_1H_6O2,13.942880000,RC2_0046_ICR-3_p08
519.150732888,533.093617741,13.942884854,Other,random,C_1H_6O2,13.942880000,RC2_0046_ICR-3_p08
671.198236896,685.141121750,13.942884854,Other,random,C_1H_6O2,13.942880000,RC2_0046_ICR-3_p08
253.108192451,267.051077304,13.942884854,Other,random,C_1H_6O2,13.942880000,RC2_0046_ICR-3_p08
265.071784701,279.014669554,13.942884854,Other,random,C_1H_6O2,13.942880000,RC2_0046_ICR-3_p08
292.082640120,306.025524973,13.942884854,Other,random,C_1H_6O2,13.942880000,RC2_0046_ICR-3_p08
293.066606945,307.009491799,13.942884854,Other,random,C_1H_6O2,13.942880000,RC2_0046_ICR-3_p08
319.103353497,333.046238350,13.942884854,Other,random,C_1H_6O2,13.942880000,RC2_0046_ICR-3_p08
395.134553969,409.077438823,13.942884854,Other,random,C_1H_6O2,13.942880000,RC2_0046_ICR-3_p08
439.116315397,453.059200251,13.942884854,Other,random,C_1H_6O2,13.942880000,RC2_0046_ICR-3_p08
457.134896961,471.077781815,13.942884854,Other,random,C_1H_6O2,13.942880000,RC2_0046_ICR-3_p08
475.233650186,489.176535039,13.942884854,Other,random,C_1H_6O2,13.942880000,RC2_0046_ICR-3_p08
571.182023169,585.124908023,13.942884854,Other,random,C_1H_6O2,13.942880000,RC2_0046_ICR-3_p08
379.170528689,393.113413543,13.942884854,Other,random,C_1H_6O2,13.942880000,RC2_0046_ICR-3_p08
491.228417335,505.171302189,13.942884854,Other,random,C_1H_6O2,13.942880000,RC2_0046_ICR-3_p08
343.131627568,357.074513421,13.942885854,Other,random,C_1H_6O2,13.942880000,RC2_0046_ICR-3_p08
393.082468674,407.025354528,13.942885854,Other,random,C_1H_6O2,13.942880000,RC2_0046_ICR-3_p08
583.203209175,597.146095028,13.942885854,Other,random,C_1H_6O2,13.942880000,RC2_0046_ICR-3_p08
333.191728733,347.134614587,13.942885854,Other,random,C_1H_6O2,13.942880000,RC2_0046_ICR-3_p08
369.118926329,383.061812182,13.942885854,Other,random,C_1H_6O2,13.942880000,RC2_0046_ICR-3_p08
463.191497269,477.134384123,13.942886854,Other,random,C_1H_6O2,13.942880000,RC2_0046_ICR-3_p08
233.154740094,247.097626948,13.942886854,Other,random,C_1H_6O2,13.942880000,RC2_0046_ICR-3_p08
489.067343503,503.010230356,13.942886854,Other,random,C_1H_6O2,13.942880000,RC2_0046_ICR-3_p08
243.087497959,257.030384813,13.942886854,Other,random,C_1H_6O2,13.942880000,RC2_0046_ICR-3_p08
339.072033789,353.014920642,13.942886854,Other,random,C_1H_6O2,13.942880000,RC2_0046_ICR-3_p08
373.113891382,387.056778235,13.942886854,Other,random,C_1H_6O2,13.942880000,RC2_0046_ICR-3_p08
433.222976397,447.165863250,13.942886854,Other,random,C_1H_6O2,13.942880000,RC2_0046_ICR-3_p08
447.129500405,461.072387258,13.942886854,Other,random,C_1H_6O2,13.942880000,RC2_0046_ICR-3_p08
501.170715160,515.113602013,13.942886854,Other,random,C_1H_6O2,13.942880000,RC2_0046_ICR-3_p08
447.215148041,461.158034895,13.942886854,Other,random,C_1H_6O2,13.942880000,RC2_0046_ICR-3_p08
465.176385849,479.119272703,13.942886854,Other,random,C_1H_6O2,13.942880000,RC2_0046_ICR-3_p08
345.183700863,359.126588716,13.942887854,Other,random,C_1H_6O2,13.942880000,RC2_0046_ICR-3_p08
367.225385361,381.168273215,13.942887854,Other,random,C_1H_6O2,13.942880000,RC2_0046_ICR-3_p08
387.157810807,401.100698661,13.942887854,Other,random,C_1H_6O2,13.942880000,RC2_0046_ICR-3_p08
527.132518029,541.075405882,13.942887854,Other,random,C_1H_6O2,13.942880000,RC2_0046_ICR-3_p08
589.314743249,603.257631103,13.942887854,Other,random,C_1H_6O2,13.942880000,RC2_0046_ICR-3_p08
357.092252346,371.035140200,13.942887854,Other,random,C_1H_6O2,13.942880000,RC2_0046_ICR-3_p08
442.106956710,456.049844564,13.942887854,Other,random,C_1H_6O2,13.942880000,RC2_0046_ICR-3_p08
471.165773442,485.108661296,13.942887854,Other,random,C_1H_6O2,13.942880000,RC2_0046_ICR-3_p08
485.202678897,499.145566750,13.942887854,Other,random,C_1H_6O2,13.942880000,RC2_0046_ICR-3_p08
345.097853227,359.040742081,13.942888854,Other,random,C_1H_6O2,13.942880000,RC2_0046_ICR-3_p08
377.282567698,391.225456552,13.942888854,Other,random,C_1H_6O2,13.942880000,RC2_0046_ICR-3_p08
403.116282110,417.059170964,13.942888854,Other,random,C_1H_6O2,13.942880000,RC2_0046_ICR-3_p08
421.144623633,435.087512487,13.942888854,Other,random,C_1H_6O2,13.942880000,RC2_0046_ICR-3_p08
333.061454286,347.004343139,13.942888854,Other,random,C_1H_6O2,13.942880000,RC2_0046_ICR-3_p08
541.156207540,555.099096393,13.942888854,Other,random,C_1H_6O2,13.942880000,RC2_0046_ICR-3_p08
601.213827773,615.156716627,13.942888854,Other,random,C_1H_6O2,13.942880000,RC2_0046_ICR-3_p08
303.181261039,317.124150892,13.942889854,Other,random,C_1H_6O2,13.942880000,RC2_0046_ICR-3_p08
543.259986615,557.202876469,13.942889854,Other,random,C_1H_6O2,13.942880000,RC2_0046_ICR-3_p08
545.260331130,559.203220983,13.942889854,Other,random,C_1H_6O2,13.942880000,RC2_0046_ICR-3_p08
287.069136387,301.048392086,13.979255699,Other,random,H_2O1,13.979265000,RC2_0046_ICR-3_p08
306.098231665,320.077487364,13.979255699,Other,random,H_2O1,13.979265000,RC2_0046_ICR-3_p08
561.197601523,575.176857223,13.979255699,Other,random,H_2O1,13.979265000,RC2_0046_ICR-3_p08
567.171945180,581.151200879,13.979255699,Other,random,H_2O1,13.979265000,RC2_0046_ICR-3_p08
381.110942458,395.090198157,13.979255699,Other,random,H_2O1,13.979265000,RC2_0046_ICR-3_p08
469.062119366,483.041375065,13.979255699,Other,random,H_2O1,13.979265000,RC2_0046_ICR-3_p08
597.088745272,611.068000971,13.979255699,Other,random,H_2O1,13.979265000,RC2_0046_ICR-3_p08
408.129820843,422.109076542,13.979255699,Other,random,H_2O1,13.979265000,RC2_0046_ICR-3_p08
450.075714907,464.054970606,13.979255699,Other,random,H_2O1,13.979265000,RC2_0046_ICR-3_p08
245.048970638,259.028227338,13.979256699,Other,random,H_2O1,13.979265000,RC2_0046_ICR-3_p08
275.128888038,289.108144737,13.979256699,Other,random,H_2O1,13.979265000,RC2_0046_ICR-3_p08
300.108881072,314.088137771,13.979256699,Other,random,H_2O1,13.979265000,RC2_0046_ICR-3_p08
305.188850522,319.168107222,13.979256699,Other,random,H_2O1,13.979265000,RC2_0046_ICR-3_p08
373.214900953,387.194157653,13.979256699,Other,random,H_2O1,13.979265000,RC2_0046_ICR-3_p08
488.083355677,502.062612376,13.979256699,Other,random,H_2O1,13.979265000,RC2_0046_ICR-3_p08
529.156284444,543.135541143,13.979256699,Other,random,H_2O1,13.979265000,RC2_0046_ICR-3_p08
285.040394993,299.019651692,13.979256699,Other,random,H_2O1,13.979265000,RC2_0046_ICR-3_p08
375.165906677,389.145163376,13.979256699,Other,random,H_2O1,13.979265000,RC2_0046_ICR-3_p08
363.108305826,377.087562525,13.979256699,Other,random,H_2O1,13.979265000,RC2_0046_ICR-3_p08
505.135038343,519.114295042,13.979256699,Other,random,H_2O1,13.979265000,RC2_0046_ICR-3_p08
707.256018938,721.235275637,13.979256699,Other,random,H_2O1,13.979265000,RC2_0046_ICR-3_p08
353.196874871,367.176132570,13.979257699,Other,random,H_2O1,13.979265000,RC2_0046_ICR-3_p08
383.134591874,397.113849573,13.979257699,Other,random,H_2O1,13.979265000,RC2_0046_ICR-3_p08
395.201733684,409.180991384,13.979257699,Other,random,H_2O1,13.979265000,RC2_0046_ICR-3_p08
403.124402076,417.103659775,13.979257699,Other,random,H_2O1,13.979265000,RC2_0046_ICR-3_p08
419.256913641,433.236171341,13.979257699,Other,random,H_2O1,13.979265000,RC2_0046_ICR-3_p08
428.127699011,442.106956710,13.979257699,Other,random,H_2O1,13.979265000,RC2_0046_ICR-3_p08
469.163375936,483.142633635,13.979257699,Other,random,H_2O1,13.979265000,RC2_0046_ICR-3_p08
474.133160854,488.112418553,13.979257699,Other,random,H_2O1,13.979265000,RC2_0046_ICR-3_p08
497.166327146,511.145584846,13.979257699,Other,random,H_2O1,13.979265000,RC2_0046_ICR-3_p08
557.288461106,571.267718805,13.979257699,Other,random,H_2O1,13.979265000,RC2_0046_ICR-3_p08
251.092527001,265.071784701,13.979257699,Other,random,H_2O1,13.979265000,RC2_0046_ICR-3_p08
371.053802121,385.033059820,13.979257699,Other,random,H_2O1,13.979265000,RC2_0046_ICR-3_p08
385.056301722,399.035559421,13.979257699,Other,random,H_2O1,13.979265000,RC2_0046_ICR-3_p08
353.051312488,367.030570187,13.979257699,Other,random,H_2O1,13.979265000,RC2_0046_ICR-3_p08
312.108778168,326.088036867,13.979258699,Other,random,H_2O1,13.979265000,RC2_0046_ICR-3_p08
319.095273531,333.074532230,13.979258699,Other,random,H_2O1,13.979265000,RC2_0046_ICR-3_p08
273.170756344,287.150015044,13.979258699,Other,random,H_2O1,13.979265000,RC2_0046_ICR-3_p08
553.229069326,567.208328026,13.979258699,Other,random,H_2O1,13.979265000,RC2_0046_ICR-3_p08
611.104254817,625.083513517,13.979258699,Other,random,H_2O1,13.979265000,RC2_0046_ICR-3_p08
269.066630754,283.045890454,13.979259699,Other,random,H_2O1,13.979265000,RC2_0046_ICR-3_p08
419.129002184,433.108261883,13.979259699,Other,random,H_2O1,13.979265000,RC2_0046_ICR-3_p08
407.098242219,421.077501918,13.979259699,Other,random,H_2O1,13.979265000,RC2_0046_ICR-3_p08
439.088043517,453.067303216,13.979259699,Other,random,H_2O1,13.979265000,RC2_0046_ICR-3_p08
493.207676939,507.186936639,13.979259699,Other,random,H_2O1,13.979265000,RC2_0046_ICR-3_p08
373.069380571,387.048641270,13.979260699,Other,random,H_2O1,13.979265000,RC2_0046_ICR-3_p08
427.124406267,441.103666966,13.979260699,Other,random,H_2O1,13.979265000,RC2_0046_ICR-3_p08
453.131953942,467.111214641,13.979260699,Other,random,H_2O1,13.979265000,RC2_0046_ICR-3_p08
229.144602105,243.123862805,13.979260699,Other,random,H_2O1,13.979265000,RC2_0046_ICR-3_p08
377.137127315,391.116388014,13.979260699,Other,random,H_2O1,13.979265000,RC2_0046_ICR-3_p08
479.241497184,493.220757884,13.979260699,Other,random,H_2O1,13.979265000,RC2_0046_ICR-3_p08
499.160774686,513.140035385,13.979260699,Other,random,H_2O1,13.979265000,RC2_0046_ICR-3_p08
679.297710538,693.276971237,13.979260699,Other,random,H_2O1,13.979265000,RC2_0046_ICR-3_p08
357.055879500,371.035140200,13.979260699,Other,random,H_2O1,13.979265000,RC2_0046_ICR-3_p08
379.261780302,393.241041002,13.979260699,Other,random,H_2O1,13.979265000,RC2_0046_ICR-3_p08
405.076983793,419.056244492,13.979260699,Other,random,H_2O1,13.979265000,RC2_0046_ICR-3_p08
583.203209175,597.182470874,13.979261699,Other,random,H_2O1,13.979265000,RC2_0046_ICR-3_p08
361.165578067,375.144839766,13.979261699,Other,random,H_2O1,13.979265000,RC2_0046_ICR-3_p08
365.064324528,379.043586228,13.979261699,Other,random,H_2O1,13.979265000,RC2_0046_ICR-3_p08
397.142169453,411.121431152,13.979261699,Other,random,H_2O1,13.979265000,RC2_0046_ICR-3_p08
439.124293363,453.103555062,13.979261699,Other,random,H_2O1,13.979265000,RC2_0046_ICR-3_p08
455.165356316,469.144618016,13.979261699,Other,random,H_2O1,13.979265000,RC2_0046_ICR-3_p08
463.118840577,477.098102277,13.979261699,Other,random,H_2O1,13.979265000,RC2_0046_ICR-3_p08
269.139482445,283.118744145,13.979261699,Other,random,H_2O1,13.979265000,RC2_0046_ICR-3_p08
353.160351025,367.139612725,13.979261699,Other,random,H_2O1,13.979265000,RC2_0046_ICR-3_p08
471.106045695,485.085307395,13.979261699,Other,random,H_2O1,13.979265000,RC2_0046_ICR-3_p08
641.187900201,655.167161901,13.979261699,Other,random,H_2O1,13.979265000,RC2_0046_ICR-3_p08
499.191629555,513.170891254,13.979261699,Other,random,H_2O1,13.979265000,RC2_0046_ICR-3_p08
307.045857645,321.025120344,13.979262699,Other,random,H_2O1,13.979265000,RC2_0046_ICR-3_p08
227.056198964,241.035461664,13.979262699,Other,random,H_2O1,13.979265000,RC2_0046_ICR-3_p08
305.066572041,319.045834741,13.979262699,Other,random,H_2O1,13.979265000,RC2_0046_ICR-3_p08
327.157851329,341.137114029,13.979262699,Other,random,H_2O1,13.979265000,RC2_0046_ICR-3_p08
335.126495526,349.105758225,13.979262699,Other,random,H_2O1,13.979265000,RC2_0046_ICR-3_p08
459.178979290,473.158241990,13.979262699,Other,random,H_2O1,13.979265000,RC2_0046_ICR-3_p08
463.246582035,477.225844735,13.979262699,Other,random,H_2O1,13.979265000,RC2_0046_ICR-3_p08
481.135014152,495.114276851,13.979262699,Other,random,H_2O1,13.979265000,RC2_0046_ICR-3_p08
543.259986615,557.239250315,13.979263699,Other,random,H_2O1,13.979265000,RC2_0046_ICR-3_p08
353.124102179,367.103365879,13.979263699,Other,random,H_2O1,13.979265000,RC2_0046_ICR-3_p08
401.209749198,415.189012897,13.979263699,Other,random,H_2O1,13.979265000,RC2_0046_ICR-3_p08
487.160668591,501.139932290,13.979263699,Other,random,H_2O1,13.979265000,RC2_0046_ICR-3_p08
290.030504825,304.009768524,13.979263699,Other,random,H_2O1,13.979265000,RC2_0046_ICR-3_p08
555.200186965,569.179450664,13.979263699,Other,random,H_2O1,13.979265000,RC2_0046_ICR-3_p08
591.244741062,605.224004762,13.979263699,Other,random,H_2O1,13.979265000,RC2_0046_ICR-3_p08
280.140090780,294.119354480,13.979263699,Other,random,H_2O1,13.979265000,RC2_0046_ICR-3_p08
385.077519632,399.056783331,13.979263699,Other,random,H_2O1,13.979265000,RC2_0046_ICR-3_p08
539.286006473,553.265270173,13.979263699,Other,random,H_2O1,13.979265000,RC2_0046_ICR-3_p08
565.156187731,579.135451430,13.979263699,Other,random,H_2O1,13.979265000,RC2_0046_ICR-3_p08
335.235644063,349.214908762,13.979264699,Other,random,H_2O1,13.979265000,RC2_0046_ICR-3_p08
443.129016375,457.108281074,13.979264699,Other,random,H_2O1,13.979265000,RC2_0046_ICR-3_p08
459.093144654,473.072409354,13.979264699,Other,random,H_2O1,13.979265000,RC2_0046_ICR-3_p08
243.123862805,257.103127504,13.979264699,Other,random,H_2O1,13.979265000,RC2_0046_ICR-3_p08
567.135508334,581.114773034,13.979264699,Other,random,H_2O1,13.979265000,RC2_0046_ICR-3_p08
285.097950749,299.077216448,13.979265699,Other,random,H_2O1,13.979265000,RC2_0046_ICR-3_p08
427.066768512,441.046034211,13.979265699,Other,random,H_2O1,13.979265000,RC2_0046_ICR-3_p08
459.251686982,473.230952681,13.979265699,Other,random,H_2O1,13.979265000,RC2_0046_ICR-3_p08
348.230924936,362.210190636,13.979265699,Other,random,H_2O1,13.979265000,RC2_0046_ICR-3_p08
361.129067222,375.108332921,13.979265699,Other,random,H_2O1,13.979265000,RC2_0046_ICR-3_p08
269.175903291,283.155168990,13.979265699,Other,random,H_2O1,13.979265000,RC2_0046_ICR-3_p08
293.175749483,307.155015182,13.979265699,Other,random,H_2O1,13.979265000,RC2_0046_ICR-3_p08
375.056657140,389.035922840,13.979265699,Other,random,H_2O1,13.979265000,RC2_0046_ICR-3_p08
485.129829206,499.109094905,13.979265699,Other,random,H_2O1,13.979265000,RC2_0046_ICR-3_p08
293.139342637,307.118609336,13.979266699,Other,random,H_2O1,13.979265000,RC2_0046_ICR-3_p08
303.100446382,317.079713081,13.979266699,Other,random,H_2O1,13.979265000,RC2_0046_ICR-3_p08
413.051198966,427.030465666,13.979266699,Other,random,H_2O1,13.979265000,RC2_0046_ICR-3_p08
326.088036867,340.067304567,13.979267699,Other,random,H_2O1,13.979265000,RC2_0046_ICR-3_p08
361.105842320,375.085110020,13.979267699,Other,random,H_2O1,13.979265000,RC2_0046_ICR-3_p08
445.077470109,459.056737809,13.979267699,Other,random,H_2O1,13.979265000,RC2_0046_ICR-3_p08
641.136231420,655.115499120,13.979267699,Other,random,H_2O1,13.979265000,RC2_0046_ICR-3_p08
401.064367815,415.043635514,13.979267699,Other,random,H_2O1,13.979265000,RC2_0046_ICR-3_p08
227.128981655,241.108249355,13.979267699,Other,random,H_2O1,13.979265000,RC2_0046_ICR-3_p08
313.069267093,327.048534793,13.979267699,Other,random,H_2O1,13.979265000,RC2_0046_ICR-3_p08
313.105893938,327.085161637,13.979267699,Other,random,H_2O1,13.979265000,RC2_0046_ICR-3_p08
336.108709359,350.087977059,13.979267699,Other,random,H_2O1,13.979265000,RC2_0046_ICR-3_p08
379.103200975,393.082468674,13.979267699,Other,random,H_2O1,13.979265000,RC2_0046_ICR-3_p08
385.150269323,399.129537022,13.979267699,Other,random,H_2O1,13.979265000,RC2_0046_ICR-3_p08
401.051228870,415.030496570,13.979267699,Other,random,H_2O1,13.979265000,RC2_0046_ICR-3_p08
459.132499487,473.111767187,13.979267699,Other,random,H_2O1,13.979265000,RC2_0046_ICR-3_p08
489.103623349,503.082891048,13.979267699,Other,random,H_2O1,13.979265000,RC2_0046_ICR-3_p08
300.072444226,314.051712926,13.979268699,Other,random,H_2O1,13.979265000,RC2_0046_ICR-3_p08
378.046540457,392.025809157,13.979268699,Other,random,H_2O1,13.979265000,RC2_0046_ICR-3_p08
308.113859114,322.093127814,13.979268699,Other,random,H_2O1,13.979265000,RC2_0046_ICR-3_p08
385.178471203,399.157739903,13.979268699,Other,random,H_2O1,13.979265000,RC2_0046_ICR-3_p08
421.077501918,435.056770618,13.979268699,Other,random,H_2O1,13.979265000,RC2_0046_ICR-3_p08
434.145643483,448.124912182,13.979268699,Other,random,H_2O1,13.979265000,RC2_0046_ICR-3_p08
229.071875414,243.051144113,13.979268699,Other,random,H_2O1,13.979265000,RC2_0046_ICR-3_p08
420.057149247,434.036417946,13.979268699,Other,random,H_2O1,13.979265000,RC2_0046_ICR-3_p08
477.153172043,491.132440742,13.979268699,Other,random,H_2O1,13.979265000,RC2_0046_ICR-3_p08
259.155084800,273.134353499,13.979268699,Other,random,H_2O1,13.979265000,RC2_0046_ICR-3_p08
321.025120344,335.004389044,13.979268699,Other,random,H_2O1,13.979265000,RC2_0046_ICR-3_p08
377.082072549,391.061341248,13.979268699,Other,random,H_2O1,13.979265000,RC2_0046_ICR-3_p08
254.067027383,268.046297083,13.979269699,Other,random,H_2O1,13.979265000,RC2_0046_ICR-3_p08
273.134353499,287.113623198,13.979269699,Other,random,H_2O1,13.979265000,RC2_0046_ICR-3_p08
309.134218786,323.113488485,13.979269699,Other,random,H_2O1,13.979265000,RC2_0046_ICR-3_p08
317.102938982,331.082208682,13.979269699,Other,random,H_2O1,13.979265000,RC2_0046_ICR-3_p08
389.137012411,403.116282110,13.979269699,Other,random,H_2O1,13.979265000,RC2_0046_ICR-3_p08
317.152398773,331.131668472,13.979269699,Other,random,H_2O1,13.979265000,RC2_0046_ICR-3_p08
327.108359539,341.087629238,13.979269699,Other,random,H_2O1,13.979265000,RC2_0046_ICR-3_p08
329.079685177,343.058954876,13.979269699,Other,random,H_2O1,13.979265000,RC2_0046_ICR-3_p08
339.157866425,353.137136124,13.979269699,Other,random,H_2O1,13.979265000,RC2_0046_ICR-3_p08
411.178943908,425.158213608,13.979269699,Other,random,H_2O1,13.979265000,RC2_0046_ICR-3_p08
577.083616134,591.062885834,13.979269699,Other,random,H_2O1,13.979265000,RC2_0046_ICR-3_p08
397.105762607,411.085032307,13.979269699,Other,random,H_2O1,13.979265000,RC2_0046_ICR-3_p08
411.121431152,425.100700852,13.979269699,Other,random,H_2O1,13.979265000,RC2_0046_ICR-3_p08
449.072241163,463.051510863,13.979269699,Other,random,H_2O1,13.979265000,RC2_0046_ICR-3_p08
585.210914658,599.190184357,13.979269699,Other,random,H_2O1,13.979265000,RC2_0046_ICR-3_p08
266.067068479,280.046339178,13.979270699,Other,random,H_2O1,13.979265000,RC2_0046_ICR-3_p08
291.136814132,305.116084831,13.979270699,Other,random,H_2O1,13.979265000,RC2_0046_ICR-3_p08
313.056432148,327.035702847,13.979270699,Other,random,H_2O1,13.979265000,RC2_0046_ICR-3_p08
365.152377155,379.131647854,13.979270699,Other,random,H_2O1,13.979265000,RC2_0046_ICR-3_p08
371.077031022,385.056301722,13.979270699,Other,random,H_2O1,13.979265000,RC2_0046_ICR-3_p08
375.093185986,389.072456685,13.979270699,Other,random,H_2O1,13.979265000,RC2_0046_ICR-3_p08
387.035561325,401.014832025,13.979270699,Other,random,H_2O1,13.979265000,RC2_0046_ICR-3_p08
395.184015759,409.163286459,13.979270699,Other,random,H_2O1,13.979265000,RC2_0046_ICR-3_p08
403.116282110,417.095552810,13.979270699,Other,random,H_2O1,13.979265000,RC2_0046_ICR-3_p08
553.184645515,567.163916214,13.979270699,Other,random,H_2O1,13.979265000,RC2_0046_ICR-3_p08
583.166824329,597.146095028,13.979270699,Other,random,H_2O1,13.979265000,RC2_0046_ICR-3_p08
385.142185357,399.121456057,13.979270699,Other,random,H_2O1,13.979265000,RC2_0046_ICR-3_p08
537.088629794,551.067900494,13.979270699,Other,random,H_2O1,13.979265000,RC2_0046_ICR-3_p08
347.080451817,361.059723516,13.979271699,Other,random,H_2O1,13.979265000,RC2_0046_ICR-3_p08
629.224379951,643.203651650,13.979271699,Other,random,H_2O1,13.979265000,RC2_0046_ICR-3_p08
307.204408972,321.183680672,13.979271699,Other,random,H_2O1,13.979265000,RC2_0046_ICR-3_p08
518.224423817,532.203695517,13.979271699,Other,random,H_2O1,13.979265000,RC2_0046_ICR-3_p08
353.154830049,367.134101748,13.979271699,Other,random,H_2O1,13.979265000,RC2_0046_ICR-3_p08
471.236513142,485.215784841,13.979271699,Other,random,H_2O1,13.979265000,RC2_0046_ICR-3_p08
493.257296729,507.236568428,13.979271699,Other,random,H_2O1,13.979265000,RC2_0046_ICR-3_p08
585.219023623,599.198295323,13.979271699,Other,random,H_2O1,13.979265000,RC2_0046_ICR-3_p08
405.095503714,419.074776414,13.979272699,Other,random,H_2O1,13.979265000,RC2_0046_ICR-3_p08
345.074538326,359.053811025,13.979272699,Other,random,H_2O1,13.979265000,RC2_0046_ICR-3_p08
245.139512254,259.118784953,13.979272699,Other,random,H_2O1,13.979265000,RC2_0046_ICR-3_p08
282.119436384,296.098709083,13.979272699,Other,random,H_2O1,13.979265000,RC2_0046_ICR-3_p08
389.064309719,403.043582419,13.979272699,Other,random,H_2O1,13.979265000,RC2_0046_ICR-3_p08
441.067268121,455.046540820,13.979272699,Other,random,H_2O1,13.979265000,RC2_0046_ICR-3_p08
643.167023806,657.146296505,13.979272699,Other,random,H_2O1,13.979265000,RC2_0046_ICR-3_p08
273.040537897,287.019810596,13.979272699,Other,random,H_2O1,13.979265000,RC2_0046_ICR-3_p08
283.110559179,297.089831879,13.979272699,Other,random,H_2O1,13.979265000,RC2_0046_ICR-3_p08
421.163240555,435.142513254,13.979272699,Other,random,H_2O1,13.979265000,RC2_0046_ICR-3_p08
477.134384123,491.113656822,13.979272699,Other,random,H_2O1,13.979265000,RC2_0046_ICR-3_p08
493.098727401,507.078000101,13.979272699,Other,random,H_2O1,13.979265000,RC2_0046_ICR-3_p08
455.147662391,469.126936091,13.979273699,Other,random,H_2O1,13.979265000,RC2_0046_ICR-3_p08
469.077293301,483.056567001,13.979273699,Other,random,H_2O1,13.979265000,RC2_0046_ICR-3_p08
469.098457211,483.077730911,13.979273699,Other,random,H_2O1,13.979265000,RC2_0046_ICR-3_p08
307.131730281,321.111003980,13.979273699,Other,random,H_2O1,13.979265000,RC2_0046_ICR-3_p08
311.113457390,325.092731089,13.979273699,Other,random,H_2O1,13.979265000,RC2_0046_ICR-3_p08
485.145205141,499.124478840,13.979273699,Other,random,H_2O1,13.979265000,RC2_0046_ICR-3_p08
535.122392135,549.101665835,13.979273699,Other,random,H_2O1,13.979265000,RC2_0046_ICR-3_p08
599.176978413,613.156252113,13.979273699,Other,random,H_2O1,13.979265000,RC2_0046_ICR-3_p08
378.241445630,392.220719330,13.979273699,Other,random,H_2O1,13.979265000,RC2_0046_ICR-3_p08
247.082359012,261.061632712,13.979273699,Other,random,H_2O1,13.979265000,RC2_0046_ICR-3_p08
507.114264947,521.093539646,13.979274699,Other,random,H_2O1,13.979265000,RC2_0046_ICR-3_p08
225.113277206,239.092551906,13.979274699,Other,random,H_2O1,13.979265000,RC2_0046_ICR-3_p08
322.093127814,336.072402513,13.979274699,Other,random,H_2O1,13.979265000,RC2_0046_ICR-3_p08
389.173465256,403.152739956,13.979274699,Other,random,H_2O1,13.979265000,RC2_0046_ICR-3_p08
491.119404798,505.098679497,13.979274699,Other,random,H_2O1,13.979265000,RC2_0046_ICR-3_p08
499.087955995,513.067230694,13.979274699,Other,random,H_2O1,13.979265000,RC2_0046_ICR-3_p08
513.176541230,527.155815930,13.979274699,Other,random,H_2O1,13.979265000,RC2_0046_ICR-3_p08
543.077938388,557.057213087,13.979274699,Other,random,H_2O1,13.979265000,RC2_0046_ICR-3_p08
419.111114260,433.090388959,13.979274699,Other,random,H_2O1,13.979265000,RC2_0046_ICR-3_p08
541.241778177,555.244842775,14.003064598,Other,random,N1,14.003074000,RC2_0046_ICR-3_p08
525.210321183,539.213387781,14.003066598,Other,random,N1,14.003074000,RC2_0046_ICR-3_p08
541.241778177,555.244842775,14.003064598,Other,random,tertiary amine,14.003074010,RC2_0046_ICR-3_p08
525.210321183,539.213387781,14.003066598,Other,random,tertiary amine,14.003074010,RC2_0046_ICR-3_p08
297.080141920,311.095782465,14.015640545,Other,random,CH2,14.015650000,RC2_0046_ICR-3_p08
433.199507496,447.215148041,14.015640545,Other,random,CH2,14.015650000,RC2_0046_ICR-3_p08
438.153524481,452.169165026,14.015640545,Other,random,CH2,14.015650000,RC2_0046_ICR-3_p08
331.176140283,345.191780828,14.015640545,Other,random,CH2,14.015650000,RC2_0046_ICR-3_p08
425.137002698,439.152643243,14.015640545,Other,random,CH2,14.015650000,RC2_0046_ICR-3_p08
235.061279006,249.076919551,14.015640545,Other,random,CH2,14.015650000,RC2_0046_ICR-3_p08
239.092551906,253.108192451,14.015640545,Other,random,CH2,14.015650000,RC2_0046_ICR-3_p08
291.136814132,305.152454677,14.015640545,Other,random,CH2,14.015650000,RC2_0046_ICR-3_p08
319.118653432,333.134293977,14.015640545,Other,random,CH2,14.015650000,RC2_0046_ICR-3_p08
367.176132570,381.191773115,14.015640545,Other,random,CH2,14.015650000,RC2_0046_ICR-3_p08
368.033788932,382.049429477,14.015640545,Other,random,CH2,14.015650000,RC2_0046_ICR-3_p08
417.076967889,431.092608434,14.015640545,Other,random,CH2,14.015650000,RC2_0046_ICR-3_p08
471.077781815,485.093422360,14.015640545,Other,random,CH2,14.015650000,RC2_0046_ICR-3_p08
351.230545212,365.246186757,14.015641545,Other,random,CH2,14.015650000,RC2_0046_ICR-3_p08
373.259420764,387.275062310,14.015641545,Other,random,CH2,14.015650000,RC2_0046_ICR-3_p08
475.109113714,489.124755259,14.015641545,Other,random,CH2,14.015650000,RC2_0046_ICR-3_p08
349.214908762,363.230550307,14.015641545,Other,random,CH2,14.015650000,RC2_0046_ICR-3_p08
379.170528689,393.186170234,14.015641545,Other,random,CH2,14.015650000,RC2_0046_ICR-3_p08
431.038490663,445.054132208,14.015641545,Other,random,CH2,14.015650000,RC2_0046_ICR-3_p08
459.041531873,473.057173418,14.015641545,Other,random,CH2,14.015650000,RC2_0046_ICR-3_p08
459.087465678,473.103107224,14.015641545,Other,random,CH2,14.015650000,RC2_0046_ICR-3_p08
471.179039386,485.194680931,14.015641545,Other,random,CH2,14.015650000,RC2_0046_ICR-3_p08
254.067027383,268.082669928,14.015642545,Other,random,CH2,14.015650000,RC2_0046_ICR-3_p08
324.072399418,338.088041963,14.015642545,Other,random,CH2,14.015650000,RC2_0046_ICR-3_p08
391.061341248,405.076983793,14.015642545,Other,random,CH2,14.015650000,RC2_0046_ICR-3_p08
431.165408125,445.181050670,14.015642545,Other,random,CH2,14.015650000,RC2_0046_ICR-3_p08
299.222743831,313.238386376,14.015642545,Other,random,CH2,14.015650000,RC2_0046_ICR-3_p08
311.077088544,325.092731089,14.015642545,Other,random,CH2,14.015650000,RC2_0046_ICR-3_p08
415.210347807,429.225990352,14.015642545,Other,random,CH2,14.015650000,RC2_0046_ICR-3_p08
447.160280274,461.175922819,14.015642545,Other,random,CH2,14.015650000,RC2_0046_ICR-3_p08
463.282973881,477.298616426,14.015642545,Other,random,CH2,14.015650000,RC2_0046_ICR-3_p08
529.083425753,543.099068298,14.015642545,Other,random,CH2,14.015650000,RC2_0046_ICR-3_p08
273.170756344,287.186398890,14.015642545,Other,random,CH2,14.015650000,RC2_0046_ICR-3_p08
237.004127765,251.019771310,14.015643545,Other,random,CH2,14.015650000,RC2_0046_ICR-3_p08
265.035417855,279.051061400,14.015643545,Other,random,CH2,14.015650000,RC2_0046_ICR-3_p08
317.160496738,331.176140283,14.015643545,Other,random,CH2,14.015650000,RC2_0046_ICR-3_p08
335.126495526,349.142139071,14.015643545,Other,random,CH2,14.015650000,RC2_0046_ICR-3_p08
338.124356809,352.140000354,14.015643545,Other,random,CH2,14.015650000,RC2_0046_ICR-3_p08
371.116636854,385.132280399,14.015643545,Other,random,CH2,14.015650000,RC2_0046_ICR-3_p08
397.113849573,411.129493118,14.015643545,Other,random,CH2,14.015650000,RC2_0046_ICR-3_p08
397.199659209,411.215302754,14.015643545,Other,random,CH2,14.015650000,RC2_0046_ICR-3_p08
401.051228870,415.066872416,14.015643545,Other,random,CH2,14.015650000,RC2_0046_ICR-3_p08
411.165941963,425.181585509,14.015643545,Other,random,CH2,14.015650000,RC2_0046_ICR-3_p08
549.197720427,563.213363972,14.015643545,Other,random,CH2,14.015650000,RC2_0046_ICR-3_p08
338.088041963,352.103685508,14.015643545,Other,random,CH2,14.015650000,RC2_0046_ICR-3_p08
347.090198775,361.105842320,14.015643545,Other,random,CH2,14.015650000,RC2_0046_ICR-3_p08
399.075130253,413.090773798,14.015643545,Other,random,CH2,14.015650000,RC2_0046_ICR-3_p08
423.093130368,437.108773913,14.015643545,Other,random,CH2,14.015650000,RC2_0046_ICR-3_p08
489.176535039,503.192178585,14.015643545,Other,random,CH2,14.015650000,RC2_0046_ICR-3_p08
331.082208682,345.097853227,14.015644545,Other,random,CH2,14.015650000,RC2_0046_ICR-3_p08
407.098242219,421.113886764,14.015644545,Other,random,CH2,14.015650000,RC2_0046_ICR-3_p08
427.173820057,441.189464602,14.015644545,Other,random,CH2,14.015650000,RC2_0046_ICR-3_p08
515.322350128,529.337994673,14.015644545,Other,random,CH2,14.015650000,RC2_0046_ICR-3_p08
251.128928847,265.144574392,14.015645545,Other,random,CH2,14.015650000,RC2_0046_ICR-3_p08
303.014600746,317.030246291,14.015645545,Other,random,CH2,14.015650000,RC2_0046_ICR-3_p08
321.097822036,335.113467581,14.015645545,Other,random,CH2,14.015650000,RC2_0046_ICR-3_p08
339.121490579,353.137136124,14.015645545,Other,random,CH2,14.015650000,RC2_0046_ICR-3_p08
340.140044258,354.155689803,14.015645545,Other,random,CH2,14.015650000,RC2_0046_ICR-3_p08
629.151378261,643.167023806,14.015645545,Other,random,CH2,14.015650000,RC2_0046_ICR-3_p08
411.178943908,425.194589453,14.015645545,Other,random,CH2,14.015650000,RC2_0046_ICR-3_p08
514.062540472,528.078186017,14.015645545,Other,random,CH2,14.015650000,RC2_0046_ICR-3_p08
581.223779571,595.239425116,14.015645545,Other,random,CH2,14.015650000,RC2_0046_ICR-3_p08
277.071757796,291.087403341,14.015645545,Other,random,CH2,14.015650000,RC2_0046_ICR-3_p08
359.199255408,373.214900953,14.015645545,Other,random,CH2,14.015650000,RC2_0046_ICR-3_p08
359.243775219,373.259420764,14.015645545,Other,random,CH2,14.015650000,RC2_0046_ICR-3_p08
405.131978560,419.147624105,14.015645545,Other,random,CH2,14.015650000,RC2_0046_ICR-3_p08
405.168317406,419.183962951,14.015645545,Other,random,CH2,14.015650000,RC2_0046_ICR-3_p08
461.166115861,475.181761406,14.015645545,Other,random,CH2,14.015650000,RC2_0046_ICR-3_p08
335.053797834,349.069444379,14.015646545,Other,random,CH2,14.015650000,RC2_0046_ICR-3_p08
409.142298548,423.157945093,14.015646545,Other,random,CH2,14.015650000,RC2_0046_ICR-3_p08
445.186636646,459.202283191,14.015646545,Other,random,CH2,14.015650000,RC2_0046_ICR-3_p08
511.210291571,525.225938116,14.015646545,Other,random,CH2,14.015650000,RC2_0046_ICR-3_p08
583.166824329,597.182470874,14.015646545,Other,random,CH2,14.015650000,RC2_0046_ICR-3_p08
782.245914828,796.261561373,14.015646545,Other,random,CH2,14.015650000,RC2_0046_ICR-3_p08
251.019771310,265.035417855,14.015646545,Other,random,CH2,14.015650000,RC2_0046_ICR-3_p08
345.228127674,359.243775219,14.015647545,Other,random,CH2,14.015650000,RC2_0046_ICR-3_p08
237.113281302,251.128928847,14.015647545,Other,random,CH2,14.015650000,RC2_0046_ICR-3_p08
277.108173642,291.123821187,14.015647545,Other,random,CH2,14.015650000,RC2_0046_ICR-3_p08
439.189053088,453.204700633,14.015647545,Other,random,CH2,14.015650000,RC2_0046_ICR-3_p08
457.117005037,471.132652582,14.015647545,Other,random,CH2,14.015650000,RC2_0046_ICR-3_p08
469.040919456,483.056567001,14.015647545,Other,random,CH2,14.015650000,RC2_0046_ICR-3_p08
471.114181661,485.129829206,14.015647545,Other,random,CH2,14.015650000,RC2_0046_ICR-3_p08
483.223322293,497.238969838,14.015647545,Other,random,CH2,14.015650000,RC2_0046_ICR-3_p08
529.207768225,543.223415770,14.015647545,Other,random,CH2,14.015650000,RC2_0046_ICR-3_p08
541.119759694,555.135407239,14.015647545,Other,random,CH2,14.015650000,RC2_0046_ICR-3_p08
559.218397919,573.234045464,14.015647545,Other,random,CH2,14.015650000,RC2_0046_ICR-3_p08
313.201958531,327.217607076,14.015648545,Other,random,CH2,14.015650000,RC2_0046_ICR-3_p08
375.194119557,389.209768102,14.015648545,Other,random,CH2,14.015650000,RC2_0046_ICR-3_p08
407.111211164,421.126859709,14.015648545,Other,random,CH2,14.015650000,RC2_0046_ICR-3_p08
503.249723340,517.265371885,14.015648545,Other,random,CH2,14.015650000,RC2_0046_ICR-3_p08
326.088036867,340.103685412,14.015648545,Other,random,CH2,14.015650000,RC2_0046_ICR-3_p08
371.126536812,385.142185357,14.015648545,Other,random,CH2,14.015650000,RC2_0046_ICR-3_p08
227.092600810,241.108249355,14.015648545,Other,random,CH2,14.015650000,RC2_0046_ICR-3_p08
271.045954358,285.061602903,14.015648545,Other,random,CH2,14.015650000,RC2_0046_ICR-3_p08
271.110492084,285.126140629,14.015648545,Other,random,CH2,14.015650000,RC2_0046_ICR-3_p08
341.066614328,355.082262873,14.015648545,Other,random,CH2,14.015650000,RC2_0046_ICR-3_p08
429.285576099,443.301224644,14.015648545,Other,random,CH2,14.015650000,RC2_0046_ICR-3_p08
455.264931894,469.280580439,14.015648545,Other,random,CH2,14.015650000,RC2_0046_ICR-3_p08
461.218001641,475.233650186,14.015648545,Other,random,CH2,14.015650000,RC2_0046_ICR-3_p08
463.087943708,477.103592253,14.015648545,Other,random,CH2,14.015650000,RC2_0046_ICR-3_p08
485.166323051,499.181971596,14.015648545,Other,random,CH2,14.015650000,RC2_0046_ICR-3_p08
311.095782465,325.111431010,14.015648545,Other,random,CH2,14.015650000,RC2_0046_ICR-3_p08
525.088482700,539.104131245,14.015648545,Other,random,CH2,14.015650000,RC2_0046_ICR-3_p08
561.088525986,575.104174531,14.015648545,Other,random,CH2,14.015650000,RC2_0046_ICR-3_p08
257.103127504,271.118777049,14.015649545,Other,random,CH2,14.015650000,RC2_0046_ICR-3_p08
261.004080956,275.019730501,14.015649545,Other,random,CH2,14.015650000,RC2_0046_ICR-3_p08
281.103072695,295.118722240,14.015649545,Other,random,CH2,14.015650000,RC2_0046_ICR-3_p08
361.050771554,375.066421099,14.015649545,Other,random,CH2,14.015650000,RC2_0046_ICR-3_p08
593.078522283,607.094171828,14.015649545,Other,random,CH2,14.015650000,RC2_0046_ICR-3_p08
597.109830182,611.125479727,14.015649545,Other,random,CH2,14.015650000,RC2_0046_ICR-3_p08
449.139602878,463.155252423,14.015649545,Other,random,CH2,14.015650000,RC2_0046_ICR-3_p08
326.187497445,340.203146990,14.015649545,Other,random,CH2,14.015650000,RC2_0046_ICR-3_p08
333.220002613,347.235652158,14.015649545,Other,random,CH2,14.015650000,RC2_0046_ICR-3_p08
353.014920642,367.030570187,14.015649545,Other,random,CH2,14.015650000,RC2_0046_ICR-3_p08
369.035658682,383.051308227,14.015649545,Other,random,CH2,14.015650000,RC2_0046_ICR-3_p08
371.080278008,385.095927553,14.015649545,Other,random,CH2,14.015650000,RC2_0046_ICR-3_p08
396.142712693,410.158362238,14.015649545,Other,random,CH2,14.015650000,RC2_0046_ICR-3_p08
408.093426997,422.109076542,14.015649545,Other,random,CH2,14.015650000,RC2_0046_ICR-3_p08
469.199660782,483.215310327,14.015649545,Other,random,CH2,14.015650000,RC2_0046_ICR-3_p08
355.095319817,369.110970362,14.015650545,Other,random,CH2,14.015650000,RC2_0046_ICR-3_p08
537.124989640,551.140640185,14.015650545,Other,random,CH2,14.015650000,RC2_0046_ICR-3_p08
555.244842775,569.260493320,14.015650545,Other,random,CH2,14.015650000,RC2_0046_ICR-3_p08
255.087467054,269.103117600,14.015650545,Other,random,CH2,14.015650000,RC2_0046_ICR-3_p08
304.009768524,318.025419069,14.015650545,Other,random,CH2,14.015650000,RC2_0046_ICR-3_p08
323.113488485,337.129139030,14.015650545,Other,random,CH2,14.015650000,RC2_0046_ICR-3_p08
351.102776754,365.118427299,14.015650545,Other,random,CH2,14.015650000,RC2_0046_ICR-3_p08
357.064627463,371.080278008,14.015650545,Other,random,CH2,14.015650000,RC2_0046_ICR-3_p08
493.163441127,507.179091672,14.015650545,Other,random,CH2,14.015650000,RC2_0046_ICR-3_p08
711.250524993,725.266175538,14.015650545,Other,random,CH2,14.015650000,RC2_0046_ICR-3_p08
367.095291913,381.110942458,14.015650545,Other,random,CH2,14.015650000,RC2_0046_ICR-3_p08
513.197481142,527.213131687,14.015650545,Other,random,CH2,14.015650000,RC2_0046_ICR-3_p08
331.058887781,345.074538326,14.015650545,Other,random,CH2,14.015650000,RC2_0046_ICR-3_p08
425.108641818,439.124293363,14.015651545,Other,random,CH2,14.015650000,RC2_0046_ICR-3_p08
443.220591986,457.236243531,14.015651545,Other,random,CH2,14.015650000,RC2_0046_ICR-3_p08
567.200199060,581.215850605,14.015651545,Other,random,CH2,14.015650000,RC2_0046_ICR-3_p08
599.190184357,613.205835902,14.015651545,Other,random,CH2,14.015650000,RC2_0046_ICR-3_p08
701.244841437,715.260492982,14.015651545,Other,random,CH2,14.015650000,RC2_0046_ICR-3_p08
221.045627461,235.061279006,14.015651545,Other,random,CH2,14.015650000,RC2_0046_ICR-3_p08
233.081975403,247.097626948,14.015651545,Other,random,CH2,14.015650000,RC2_0046_ICR-3_p08
321.219992518,335.235644063,14.015651545,Other,random,CH2,14.015650000,RC2_0046_ICR-3_p08
377.124064370,391.139715916,14.015651545,Other,random,CH2,14.015650000,RC2_0046_ICR-3_p08
527.155815930,541.171467475,14.015651545,Other,random,CH2,14.015650000,RC2_0046_ICR-3_p08
575.299091704,589.314743249,14.015651545,Other,random,CH2,14.015650000,RC2_0046_ICR-3_p08
441.168307692,455.183959237,14.015651545,Other,random,CH2,14.015650000,RC2_0046_ICR-3_p08
569.252413354,583.268065899,14.015652545,Other,random,CH2,14.015650000,RC2_0046_ICR-3_p08
255.014709363,269.030361908,14.015652545,Other,random,CH2,14.015650000,RC2_0046_ICR-3_p08
303.087286437,317.102938982,14.015652545,Other,random,CH2,14.015650000,RC2_0046_ICR-3_p08
305.152454677,319.168107222,14.015652545,Other,random,CH2,14.015650000,RC2_0046_ICR-3_p08
325.111431010,339.127083555,14.015652545,Other,random,CH2,14.015650000,RC2_0046_ICR-3_p08
347.113414677,361.129067222,14.015652545,Other,random,CH2,14.015650000,RC2_0046_ICR-3_p08
447.033191813,461.048844358,14.015652545,Other,random,CH2,14.015650000,RC2_0046_ICR-3_p08
449.181372701,463.197025246,14.015652545,Other,random,CH2,14.015650000,RC2_0046_ICR-3_p08
249.113295397,263.128947942,14.015652545,Other,random,CH2,14.015650000,RC2_0046_ICR-3_p08
259.082346108,273.097998653,14.015652545,Other,random,CH2,14.015650000,RC2_0046_ICR-3_p08
331.066992746,345.082645291,14.015652545,Other,random,CH2,14.015650000,RC2_0046_ICR-3_p08
579.257582912,593.273235457,14.015652545,Other,random,CH2,14.015650000,RC2_0046_ICR-3_p08
353.079638368,367.095291913,14.015653545,Other,random,CH2,14.015650000,RC2_0046_ICR-3_p08
365.154875144,379.170528689,14.015653545,Other,random,CH2,14.015650000,RC2_0046_ICR-3_p08
367.030570187,381.046223732,14.015653545,Other,random,CH2,14.015650000,RC2_0046_ICR-3_p08
371.044015162,385.059668707,14.015653545,Other,random,CH2,14.015650000,RC2_0046_ICR-3_p08
483.129501691,497.145155236,14.015653545,Other,random,CH2,14.015650000,RC2_0046_ICR-3_p08
535.086012290,549.101665835,14.015653545,Other,random,CH2,14.015650000,RC2_0046_ICR-3_p08
613.068727484,627.084381029,14.015653545,Other,random,CH2,14.015650000,RC2_0046_ICR-3_p08
641.136231420,655.151884965,14.015653545,Other,random,CH2,14.015650000,RC2_0046_ICR-3_p08
355.066835938,369.082489483,14.015653545,Other,random,CH2,14.015650000,RC2_0046_ICR-3_p08
509.252184878,523.267838423,14.015653545,Other,random,CH2,14.015650000,RC2_0046_ICR-3_p08
421.126859709,435.142513254,14.015653545,Other,random,CH2,14.015650000,RC2_0046_ICR-3_p08
461.158034895,475.173688440,14.015653545,Other,random,CH2,14.015650000,RC2_0046_ICR-3_p08
473.072409354,487.088062899,14.015653545,Other,random,CH2,14.015650000,RC2_0046_ICR-3_p08
529.156284444,543.171937989,14.015653545,Other,random,CH2,14.015650000,RC2_0046_ICR-3_p08
557.215890414,571.231543959,14.015653545,Other,random,CH2,14.015650000,RC2_0046_ICR-3_p08
263.113640007,277.129294552,14.015654545,Other,random,CH2,14.015650000,RC2_0046_ICR-3_p08
339.136681514,353.152336059,14.015654545,Other,random,CH2,14.015650000,RC2_0046_ICR-3_p08
433.113845860,447.129500405,14.015654545,Other,random,CH2,14.015650000,RC2_0046_ICR-3_p08
457.199697686,471.215352231,14.015654545,Other,random,CH2,14.015650000,RC2_0046_ICR-3_p08
471.142626540,485.158281085,14.015654545,Other,random,CH2,14.015650000,RC2_0046_ICR-3_p08
547.254785669,561.270440214,14.015654545,Other,random,CH2,14.015650000,RC2_0046_ICR-3_p08
553.119853789,567.135508334,14.015654545,Other,random,CH2,14.015650000,RC2_0046_ICR-3_p08
645.218979101,659.234633646,14.015654545,Other,random,CH2,14.015650000,RC2_0046_ICR-3_p08
499.145566750,513.161221295,14.015654545,Other,random,CH2,14.015650000,RC2_0046_ICR-3_p08
305.139318733,319.154973278,14.015654545,Other,random,CH2,14.015650000,RC2_0046_ICR-3_p08
443.147604296,457.163258841,14.015654545,Other,random,CH2,14.015650000,RC2_0046_ICR-3_p08
227.056198964,241.071853509,14.015654545,Other,random,CH2,14.015650000,RC2_0046_ICR-3_p08
569.215905509,583.231560054,14.015654545,Other,random,CH2,14.015650000,RC2_0046_ICR-3_p08
271.191490741,285.207146286,14.015655545,Other,random,CH2,14.015650000,RC2_0046_ICR-3_p08
285.170697440,299.186352985,14.015655545,Other,random,CH2,14.015650000,RC2_0046_ICR-3_p08
371.147649723,385.163305268,14.015655545,Other,random,CH2,14.015650000,RC2_0046_ICR-3_p08
494.179764816,508.195420361,14.015655545,Other,random,CH2,14.015650000,RC2_0046_ICR-3_p08
343.009473086,357.025128631,14.015655545,Other,random,CH2,14.015650000,RC2_0046_ICR-3_p08
354.046584266,368.062239811,14.015655545,Other,random,CH2,14.015650000,RC2_0046_ICR-3_p08
385.056301722,399.071957267,14.015655545,Other,random,CH2,14.015650000,RC2_0046_ICR-3_p08
495.077938005,509.093593551,14.015655545,Other,random,CH2,14.015650000,RC2_0046_ICR-3_p08
569.114661939,583.130317484,14.015655545,Other,random,CH2,14.015650000,RC2_0046_ICR-3_p08
617.236970802,631.252626347,14.015655545,Other,random,CH2,14.015650000,RC2_0046_ICR-3_p08
329.115972023,343.131627568,14.015655545,Other,random,CH2,14.015650000,RC2_0046_ICR-3_p08
319.139735342,333.155391887,14.015656545,Other,random,CH2,14.015650000,RC2_0046_ICR-3_p08
353.173473970,367.189130515,14.015656545,Other,random,CH2,14.015650000,RC2_0046_ICR-3_p08
357.134214168,371.149870713,14.015656545,Other,random,CH2,14.015650000,RC2_0046_ICR-3_p08
261.061632712,275.077289257,14.015656545,Other,random,CH2,14.015650000,RC2_0046_ICR-3_p08
263.128947942,277.144604487,14.015656545,Other,random,CH2,14.015650000,RC2_0046_ICR-3_p08
417.085774851,431.101431396,14.015656545,Other,random,CH2,14.015650000,RC2_0046_ICR-3_p08
455.220515082,469.236171627,14.015656545,Other,random,CH2,14.015650000,RC2_0046_ICR-3_p08
456.086114410,470.101770955,14.015656545,Other,random,CH2,14.015650000,RC2_0046_ICR-3_p08
461.121770049,475.137426594,14.015656545,Other,random,CH2,14.015650000,RC2_0046_ICR-3_p08
465.189472794,479.205129339,14.015656545,Other,random,CH2,14.015650000,RC2_0046_ICR-3_p08
487.254764192,501.270420737,14.015656545,Other,random,CH2,14.015650000,RC2_0046_ICR-3_p08
504.078205826,518.093862371,14.015656545,Other,random,CH2,14.015650000,RC2_0046_ICR-3_p08
343.085438764,357.101095309,14.015656545,Other,random,CH2,14.015650000,RC2_0046_ICR-3_p08
359.040742081,373.056398626,14.015656545,Other,random,CH2,14.015650000,RC2_0046_ICR-3_p08
434.080779758,448.096436303,14.015656545,Other,random,CH2,14.015650000,RC2_0046_ICR-3_p08
533.215762223,547.231418768,14.015656545,Other,random,CH2,14.015650000,RC2_0046_ICR-3_p08
269.066630754,283.082288299,14.015657545,Other,random,CH2,14.015650000,RC2_0046_ICR-3_p08
445.150173801,459.165831346,14.015657545,Other,random,CH2,14.015650000,RC2_0046_ICR-3_p08
329.102931078,343.118588623,14.015657545,Other,random,CH2,14.015650000,RC2_0046_ICR-3_p08
391.152659861,405.168317406,14.015657545,Other,random,CH2,14.015650000,RC2_0046_ICR-3_p08
527.046731393,541.062388938,14.015657545,Other,random,CH2,14.015650000,RC2_0046_ICR-3_p08
355.248837166,369.264494711,14.015657545,Other,random,CH2,14.015650000,RC2_0046_ICR-3_p08
363.194225461,377.209883006,14.015657545,Other,random,CH2,14.015650000,RC2_0046_ICR-3_p08
399.142459968,413.158117513,14.015657545,Other,random,CH2,14.015650000,RC2_0046_ICR-3_p08
409.126819613,423.142477159,14.015657545,Other,random,CH2,14.015650000,RC2_0046_ICR-3_p08
425.194589453,439.210246998,14.015657545,Other,random,CH2,14.015650000,RC2_0046_ICR-3_p08
307.045857645,321.061516190,14.015658545,Other,random,CH2,14.015650000,RC2_0046_ICR-3_p08
407.147582010,421.163240555,14.015658545,Other,random,CH2,14.015650000,RC2_0046_ICR-3_p08
445.280643248,459.296301793,14.015658545,Other,random,CH2,14.015650000,RC2_0046_ICR-3_p08
525.067397789,539.083056334,14.015658545,Other,random,CH2,14.015650000,RC2_0046_ICR-3_p08
343.131627568,357.147287113,14.015659545,Other,random,CH2,14.015650000,RC2_0046_ICR-3_p08
529.119881598,543.135541143,14.015659545,Other,random,CH2,14.015650000,RC2_0046_ICR-3_p08
253.144546296,267.160205841,14.015659545,Other,random,CH2,14.015650000,RC2_0046_ICR-3_p08
237.040534610,251.056194155,14.015659545,Other,random,CH2,14.015650000,RC2_0046_ICR-3_p08
307.058969589,321.074629134,14.015659545,Other,random,CH2,14.015650000,RC2_0046_ICR-3_p08
351.194263366,365.209922911,14.015659545,Other,random,CH2,14.015650000,RC2_0046_ICR-3_p08
411.020269581,425.035929126,14.015659545,Other,random,CH2,14.015650000,RC2_0046_ICR-3_p08
487.072775964,501.088435509,14.015659545,Other,random,CH2,14.015650000,RC2_0046_ICR-3_p08
493.257296729,507.272956274,14.015659545,Other,random,CH2,14.015650000,RC2_0046_ICR-3_p08
553.156285635,567.171945180,14.015659545,Other,random,CH2,14.015650000,RC2_0046_ICR-3_p08
347.040703985,361.056363530,14.015659545,Other,random,CH2,14.015650000,RC2_0046_ICR-3_p08
297.080141920,311.095782465,14.015640545,Other,random,methanol (-H2O),14.015650070,RC2_0046_ICR-3_p08
433.199507496,447.215148041,14.015640545,Other,random,methanol (-H2O),14.015650070,RC2_0046_ICR-3_p08
438.153524481,452.169165026,14.015640545,Other,random,methanol (-H2O),14.015650070,RC2_0046_ICR-3_p08
331.176140283,345.191780828,14.015640545,Other,random,methanol (-H2O),14.015650070,RC2_0046_ICR-3_p08
425.137002698,439.152643243,14.015640545,Other,random,methanol (-H2O),14.015650070,RC2_0046_ICR-3_p08
235.061279006,249.076919551,14.015640545,Other,random,methanol (-H2O),14.015650070,RC2_0046_ICR-3_p08
239.092551906,253.108192451,14.015640545,Other,random,methanol (-H2O),14.015650070,RC2_0046_ICR-3_p08
291.136814132,305.152454677,14.015640545,Other,random,methanol (-H2O),14.015650070,RC2_0046_ICR-3_p08
319.118653432,333.134293977,14.015640545,Other,random,methanol (-H2O),14.015650070,RC2_0046_ICR-3_p08
367.176132570,381.191773115,14.015640545,Other,random,methanol (-H2O),14.015650070,RC2_0046_ICR-3_p08
368.033788932,382.049429477,14.015640545,Other,random,methanol (-H2O),14.015650070,RC2_0046_ICR-3_p08
417.076967889,431.092608434,14.015640545,Other,random,methanol (-H2O),14.015650070,RC2_0046_ICR-3_p08
471.077781815,485.093422360,14.015640545,Other,random,methanol (-H2O),14.015650070,RC2_0046_ICR-3_p08
351.230545212,365.246186757,14.015641545,Other,random,methanol (-H2O),14.015650070,RC2_0046_ICR-3_p08
373.259420764,387.275062310,14.015641545,Other,random,methanol (-H2O),14.015650070,RC2_0046_ICR-3_p08
475.109113714,489.124755259,14.015641545,Other,random,methanol (-H2O),14.015650070,RC2_0046_ICR-3_p08
349.214908762,363.230550307,14.015641545,Other,random,methanol (-H2O),14.015650070,RC2_0046_ICR-3_p08
379.170528689,393.186170234,14.015641545,Other,random,methanol (-H2O),14.015650070,RC2_0046_ICR-3_p08
431.038490663,445.054132208,14.015641545,Other,random,methanol (-H2O),14.015650070,RC2_0046_ICR-3_p08
459.041531873,473.057173418,14.015641545,Other,random,methanol (-H2O),14.015650070,RC2_0046_ICR-3_p08
459.087465678,473.103107224,14.015641545,Other,random,methanol (-H2O),14.015650070,RC2_0046_ICR-3_p08
471.179039386,485.194680931,14.015641545,Other,random,methanol (-H2O),14.015650070,RC2_0046_ICR-3_p08
254.067027383,268.082669928,14.015642545,Other,random,methanol (-H2O),14.015650070,RC2_0046_ICR-3_p08
324.072399418,338.088041963,14.015642545,Other,random,methanol (-H2O),14.015650070,RC2_0046_ICR-3_p08
391.061341248,405.076983793,14.015642545,Other,random,methanol (-H2O),14.015650070,RC2_0046_ICR-3_p08
431.165408125,445.181050670,14.015642545,Other,random,methanol (-H2O),14.015650070,RC2_0046_ICR-3_p08
299.222743831,313.238386376,14.015642545,Other,random,methanol (-H2O),14.015650070,RC2_0046_ICR-3_p08
311.077088544,325.092731089,14.015642545,Other,random,methanol (-H2O),14.015650070,RC2_0046_ICR-3_p08
415.210347807,429.225990352,14.015642545,Other,random,methanol (-H2O),14.015650070,RC2_0046_ICR-3_p08
447.160280274,461.175922819,14.015642545,Other,random,methanol (-H2O),14.015650070,RC2_0046_ICR-3_p08
463.282973881,477.298616426,14.015642545,Other,random,methanol (-H2O),14.015650070,RC2_0046_ICR-3_p08
529.083425753,543.099068298,14.015642545,Other,random,methanol (-H2O),14.015650070,RC2_0046_ICR-3_p08
273.170756344,287.186398890,14.015642545,Other,random,methanol (-H2O),14.015650070,RC2_0046_ICR-3_p08
237.004127765,251.019771310,14.015643545,Other,random,methanol (-H2O),14.015650070,RC2_0046_ICR-3_p08
265.035417855,279.051061400,14.015643545,Other,random,methanol (-H2O),14.015650070,RC2_0046_ICR-3_p08
317.160496738,331.176140283,14.015643545,Other,random,methanol (-H2O),14.015650070,RC2_0046_ICR-3_p08
335.126495526,349.142139071,14.015643545,Other,random,methanol (-H2O),14.015650070,RC2_0046_ICR-3_p08
338.124356809,352.140000354,14.015643545,Other,random,methanol (-H2O),14.015650070,RC2_0046_ICR-3_p08
371.116636854,385.132280399,14.015643545,Other,random,methanol (-H2O),14.015650070,RC2_0046_ICR-3_p08
397.113849573,411.129493118,14.015643545,Other,random,methanol (-H2O),14.015650070,RC2_0046_ICR-3_p08
397.199659209,411.215302754,14.015643545,Other,random,methanol (-H2O),14.015650070,RC2_0046_ICR-3_p08
401.051228870,415.066872416,14.015643545,Other,random,methanol (-H2O),14.015650070,RC2_0046_ICR-3_p08
411.165941963,425.181585509,14.015643545,Other,random,methanol (-H2O),14.015650070,RC2_0046_ICR-3_p08
549.197720427,563.213363972,14.015643545,Other,random,methanol (-H2O),14.015650070,RC2_0046_ICR-3_p08
338.088041963,352.103685508,14.015643545,Other,random,methanol (-H2O),14.015650070,RC2_0046_ICR-3_p08
347.090198775,361.105842320,14.015643545,Other,random,methanol (-H2O),14.015650070,RC2_0046_ICR-3_p08
399.075130253,413.090773798,14.015643545,Other,random,methanol (-H2O),14.015650070,RC2_0046_ICR-3_p08
423.093130368,437.108773913,14.015643545,Other,random,methanol (-H2O),14.015650070,RC2_0046_ICR-3_p08
489.176535039,503.192178585,14.015643545,Other,random,methanol (-H2O),14.015650070,RC2_0046_ICR-3_p08
331.082208682,345.097853227,14.015644545,Other,random,methanol (-H2O),14.015650070,RC2_0046_ICR-3_p08
407.098242219,421.113886764,14.015644545,Other,random,methanol (-H2O),14.015650070,RC2_0046_ICR-3_p08
427.173820057,441.189464602,14.015644545,Other,random,methanol (-H2O),14.015650070,RC2_0046_ICR-3_p08
515.322350128,529.337994673,14.015644545,Other,random,methanol (-H2O),14.015650070,RC2_0046_ICR-3_p08
251.128928847,265.144574392,14.015645545,Other,random,methanol (-H2O),14.015650070,RC2_0046_ICR-3_p08
303.014600746,317.030246291,14.015645545,Other,random,methanol (-H2O),14.015650070,RC2_0046_ICR-3_p08
321.097822036,335.113467581,14.015645545,Other,random,methanol (-H2O),14.015650070,RC2_0046_ICR-3_p08
339.121490579,353.137136124,14.015645545,Other,random,methanol (-H2O),14.015650070,RC2_0046_ICR-3_p08
340.140044258,354.155689803,14.015645545,Other,random,methanol (-H2O),14.015650070,RC2_0046_ICR-3_p08
629.151378261,643.167023806,14.015645545,Other,random,methanol (-H2O),14.015650070,RC2_0046_ICR-3_p08
411.178943908,425.194589453,14.015645545,Other,random,methanol (-H2O),14.015650070,RC2_0046_ICR-3_p08
514.062540472,528.078186017,14.015645545,Other,random,methanol (-H2O),14.015650070,RC2_0046_ICR-3_p08
581.223779571,595.239425116,14.015645545,Other,random,methanol (-H2O),14.015650070,RC2_0046_ICR-3_p08
277.071757796,291.087403341,14.015645545,Other,random,methanol (-H2O),14.015650070,RC2_0046_ICR-3_p08
359.199255408,373.214900953,14.015645545,Other,random,methanol (-H2O),14.015650070,RC2_0046_ICR-3_p08
359.243775219,373.259420764,14.015645545,Other,random,methanol (-H2O),14.015650070,RC2_0046_ICR-3_p08
405.131978560,419.147624105,14.015645545,Other,random,methanol (-H2O),14.015650070,RC2_0046_ICR-3_p08
405.168317406,419.183962951,14.015645545,Other,random,methanol (-H2O),14.015650070,RC2_0046_ICR-3_p08
461.166115861,475.181761406,14.015645545,Other,random,methanol (-H2O),14.015650070,RC2_0046_ICR-3_p08
335.053797834,349.069444379,14.015646545,Other,random,methanol (-H2O),14.015650070,RC2_0046_ICR-3_p08
409.142298548,423.157945093,14.015646545,Other,random,methanol (-H2O),14.015650070,RC2_0046_ICR-3_p08
445.186636646,459.202283191,14.015646545,Other,random,methanol (-H2O),14.015650070,RC2_0046_ICR-3_p08
511.210291571,525.225938116,14.015646545,Other,random,methanol (-H2O),14.015650070,RC2_0046_ICR-3_p08
583.166824329,597.182470874,14.015646545,Other,random,methanol (-H2O),14.015650070,RC2_0046_ICR-3_p08
782.245914828,796.261561373,14.015646545,Other,random,methanol (-H2O),14.015650070,RC2_0046_ICR-3_p08
251.019771310,265.035417855,14.015646545,Other,random,methanol (-H2O),14.015650070,RC2_0046_ICR-3_p08
345.228127674,359.243775219,14.015647545,Other,random,methanol (-H2O),14.015650070,RC2_0046_ICR-3_p08
237.113281302,251.128928847,14.015647545,Other,random,methanol (-H2O),14.015650070,RC2_0046_ICR-3_p08
277.108173642,291.123821187,14.015647545,Other,random,methanol (-H2O),14.015650070,RC2_0046_ICR-3_p08
439.189053088,453.204700633,14.015647545,Other,random,methanol (-H2O),14.015650070,RC2_0046_ICR-3_p08
457.117005037,471.132652582,14.015647545,Other,random,methanol (-H2O),14.015650070,RC2_0046_ICR-3_p08
469.040919456,483.056567001,14.015647545,Other,random,methanol (-H2O),14.015650070,RC2_0046_ICR-3_p08
471.114181661,485.129829206,14.015647545,Other,random,methanol (-H2O),14.015650070,RC2_0046_ICR-3_p08
483.223322293,497.238969838,14.015647545,Other,random,methanol (-H2O),14.015650070,RC2_0046_ICR-3_p08
529.207768225,543.223415770,14.015647545,Other,random,methanol (-H2O),14.015650070,RC2_0046_ICR-3_p08
541.119759694,555.135407239,14.015647545,Other,random,methanol (-H2O),14.015650070,RC2_0046_ICR-3_p08
559.218397919,573.234045464,14.015647545,Other,random,methanol (-H2O),14.015650070,RC2_0046_ICR-3_p08
313.201958531,327.217607076,14.015648545,Other,random,methanol (-H2O),14.015650070,RC2_0046_ICR-3_p08
375.194119557,389.209768102,14.015648545,Other,random,methanol (-H2O),14.015650070,RC2_0046_ICR-3_p08
407.111211164,421.126859709,14.015648545,Other,random,methanol (-H2O),14.015650070,RC2_0046_ICR-3_p08
503.249723340,517.265371885,14.015648545,Other,random,methanol (-H2O),14.015650070,RC2_0046_ICR-3_p08
326.088036867,340.103685412,14.015648545,Other,random,methanol (-H2O),14.015650070,RC2_0046_ICR-3_p08
371.126536812,385.142185357,14.015648545,Other,random,methanol (-H2O),14.015650070,RC2_0046_ICR-3_p08
227.092600810,241.108249355,14.015648545,Other,random,methanol (-H2O),14.015650070,RC2_0046_ICR-3_p08
271.045954358,285.061602903,14.015648545,Other,random,methanol (-H2O),14.015650070,RC2_0046_ICR-3_p08
271.110492084,285.126140629,14.015648545,Other,random,methanol (-H2O),14.015650070,RC2_0046_ICR-3_p08
341.066614328,355.082262873,14.015648545,Other,random,methanol (-H2O),14.015650070,RC2_0046_ICR-3_p08
429.285576099,443.301224644,14.015648545,Other,random,methanol (-H2O),14.015650070,RC2_0046_ICR-3_p08
455.264931894,469.280580439,14.015648545,Other,random,methanol (-H2O),14.015650070,RC2_0046_ICR-3_p08
461.218001641,475.233650186,14.015648545,Other,random,methanol (-H2O),14.015650070,RC2_0046_ICR-3_p08
463.087943708,477.103592253,14.015648545,Other,random,methanol (-H2O),14.015650070,RC2_0046_ICR-3_p08
485.166323051,499.181971596,14.015648545,Other,random,methanol (-H2O),14.015650070,RC2_0046_ICR-3_p08
311.095782465,325.111431010,14.015648545,Other,random,methanol (-H2O),14.015650070,RC2_0046_ICR-3_p08
525.088482700,539.104131245,14.015648545,Other,random,methanol (-H2O),14.015650070,RC2_0046_ICR-3_p08
561.088525986,575.104174531,14.015648545,Other,random,methanol (-H2O),14.015650070,RC2_0046_ICR-3_p08
257.103127504,271.118777049,14.015649545,Other,random,methanol (-H2O),14.015650070,RC2_0046_ICR-3_p08
261.004080956,275.019730501,14.015649545,Other,random,methanol (-H2O),14.015650070,RC2_0046_ICR-3_p08
281.103072695,295.118722240,14.015649545,Other,random,methanol (-H2O),14.015650070,RC2_0046_ICR-3_p08
361.050771554,375.066421099,14.015649545,Other,random,methanol (-H2O),14.015650070,RC2_0046_ICR-3_p08
593.078522283,607.094171828,14.015649545,Other,random,methanol (-H2O),14.015650070,RC2_0046_ICR-3_p08
597.109830182,611.125479727,14.015649545,Other,random,methanol (-H2O),14.015650070,RC2_0046_ICR-3_p08
449.139602878,463.155252423,14.015649545,Other,random,methanol (-H2O),14.015650070,RC2_0046_ICR-3_p08
326.187497445,340.203146990,14.015649545,Other,random,methanol (-H2O),14.015650070,RC2_0046_ICR-3_p08
333.220002613,347.235652158,14.015649545,Other,random,methanol (-H2O),14.015650070,RC2_0046_ICR-3_p08
353.014920642,367.030570187,14.015649545,Other,random,methanol (-H2O),14.015650070,RC2_0046_ICR-3_p08
369.035658682,383.051308227,14.015649545,Other,random,methanol (-H2O),14.015650070,RC2_0046_ICR-3_p08
371.080278008,385.095927553,14.015649545,Other,random,methanol (-H2O),14.015650070,RC2_0046_ICR-3_p08
396.142712693,410.158362238,14.015649545,Other,random,methanol (-H2O),14.015650070,RC2_0046_ICR-3_p08
408.093426997,422.109076542,14.015649545,Other,random,methanol (-H2O),14.015650070,RC2_0046_ICR-3_p08
469.199660782,483.215310327,14.015649545,Other,random,methanol (-H2O),14.015650070,RC2_0046_ICR-3_p08
355.095319817,369.110970362,14.015650545,Other,random,methanol (-H2O),14.015650070,RC2_0046_ICR-3_p08
537.124989640,551.140640185,14.015650545,Other,random,methanol (-H2O),14.015650070,RC2_0046_ICR-3_p08
555.244842775,569.260493320,14.015650545,Other,random,methanol (-H2O),14.015650070,RC2_0046_ICR-3_p08
255.087467054,269.103117600,14.015650545,Other,random,methanol (-H2O),14.015650070,RC2_0046_ICR-3_p08
304.009768524,318.025419069,14.015650545,Other,random,methanol (-H2O),14.015650070,RC2_0046_ICR-3_p08
323.113488485,337.129139030,14.015650545,Other,random,methanol (-H2O),14.015650070,RC2_0046_ICR-3_p08
351.102776754,365.118427299,14.015650545,Other,random,methanol (-H2O),14.015650070,RC2_0046_ICR-3_p08
357.064627463,371.080278008,14.015650545,Other,random,methanol (-H2O),14.015650070,RC2_0046_ICR-3_p08
493.163441127,507.179091672,14.015650545,Other,random,methanol (-H2O),14.015650070,RC2_0046_ICR-3_p08
711.250524993,725.266175538,14.015650545,Other,random,methanol (-H2O),14.015650070,RC2_0046_ICR-3_p08
367.095291913,381.110942458,14.015650545,Other,random,methanol (-H2O),14.015650070,RC2_0046_ICR-3_p08
513.197481142,527.213131687,14.015650545,Other,random,methanol (-H2O),14.015650070,RC2_0046_ICR-3_p08
331.058887781,345.074538326,14.015650545,Other,random,methanol (-H2O),14.015650070,RC2_0046_ICR-3_p08
425.108641818,439.124293363,14.015651545,Other,random,methanol (-H2O),14.015650070,RC2_0046_ICR-3_p08
443.220591986,457.236243531,14.015651545,Other,random,methanol (-H2O),14.015650070,RC2_0046_ICR-3_p08
567.200199060,581.215850605,14.015651545,Other,random,methanol (-H2O),14.015650070,RC2_0046_ICR-3_p08
599.190184357,613.205835902,14.015651545,Other,random,methanol (-H2O),14.015650070,RC2_0046_ICR-3_p08
701.244841437,715.260492982,14.015651545,Other,random,methanol (-H2O),14.015650070,RC2_0046_ICR-3_p08
221.045627461,235.061279006,14.015651545,Other,random,methanol (-H2O),14.015650070,RC2_0046_ICR-3_p08
233.081975403,247.097626948,14.015651545,Other,random,methanol (-H2O),14.015650070,RC2_0046_ICR-3_p08
321.219992518,335.235644063,14.015651545,Other,random,methanol (-H2O),14.015650070,RC2_0046_ICR-3_p08
377.124064370,391.139715916,14.015651545,Other,random,methanol (-H2O),14.015650070,RC2_0046_ICR-3_p08
527.155815930,541.171467475,14.015651545,Other,random,methanol (-H2O),14.015650070,RC2_0046_ICR-3_p08
575.299091704,589.314743249,14.015651545,Other,random,methanol (-H2O),14.015650070,RC2_0046_ICR-3_p08
441.168307692,455.183959237,14.015651545,Other,random,methanol (-H2O),14.015650070,RC2_0046_ICR-3_p08
569.252413354,583.268065899,14.015652545,Other,random,methanol (-H2O),14.015650070,RC2_0046_ICR-3_p08
255.014709363,269.030361908,14.015652545,Other,random,methanol (-H2O),14.015650070,RC2_0046_ICR-3_p08
303.087286437,317.102938982,14.015652545,Other,random,methanol (-H2O),14.015650070,RC2_0046_ICR-3_p08
305.152454677,319.168107222,14.015652545,Other,random,methanol (-H2O),14.015650070,RC2_0046_ICR-3_p08
325.111431010,339.127083555,14.015652545,Other,random,methanol (-H2O),14.015650070,RC2_0046_ICR-3_p08
347.113414677,361.129067222,14.015652545,Other,random,methanol (-H2O),14.015650070,RC2_0046_ICR-3_p08
447.033191813,461.048844358,14.015652545,Other,random,methanol (-H2O),14.015650070,RC2_0046_ICR-3_p08
449.181372701,463.197025246,14.015652545,Other,random,methanol (-H2O),14.015650070,RC2_0046_ICR-3_p08
249.113295397,263.128947942,14.015652545,Other,random,methanol (-H2O),14.015650070,RC2_0046_ICR-3_p08
259.082346108,273.097998653,14.015652545,Other,random,methanol (-H2O),14.015650070,RC2_0046_ICR-3_p08
331.066992746,345.082645291,14.015652545,Other,random,methanol (-H2O),14.015650070,RC2_0046_ICR-3_p08
579.257582912,593.273235457,14.015652545,Other,random,methanol (-H2O),14.015650070,RC2_0046_ICR-3_p08
353.079638368,367.095291913,14.015653545,Other,random,methanol (-H2O),14.015650070,RC2_0046_ICR-3_p08
365.154875144,379.170528689,14.015653545,Other,random,methanol (-H2O),14.015650070,RC2_0046_ICR-3_p08
367.030570187,381.046223732,14.015653545,Other,random,methanol (-H2O),14.015650070,RC2_0046_ICR-3_p08
371.044015162,385.059668707,14.015653545,Other,random,methanol (-H2O),14.015650070,RC2_0046_ICR-3_p08
483.129501691,497.145155236,14.015653545,Other,random,methanol (-H2O),14.015650070,RC2_0046_ICR-3_p08
535.086012290,549.101665835,14.015653545,Other,random,methanol (-H2O),14.015650070,RC2_0046_ICR-3_p08
613.068727484,627.084381029,14.015653545,Other,random,methanol (-H2O),14.015650070,RC2_0046_ICR-3_p08
641.136231420,655.151884965,14.015653545,Other,random,methanol (-H2O),14.015650070,RC2_0046_ICR-3_p08
355.066835938,369.082489483,14.015653545,Other,random,methanol (-H2O),14.015650070,RC2_0046_ICR-3_p08
509.252184878,523.267838423,14.015653545,Other,random,methanol (-H2O),14.015650070,RC2_0046_ICR-3_p08
421.126859709,435.142513254,14.015653545,Other,random,methanol (-H2O),14.015650070,RC2_0046_ICR-3_p08
461.158034895,475.173688440,14.015653545,Other,random,methanol (-H2O),14.015650070,RC2_0046_ICR-3_p08
473.072409354,487.088062899,14.015653545,Other,random,methanol (-H2O),14.015650070,RC2_0046_ICR-3_p08
529.156284444,543.171937989,14.015653545,Other,random,methanol (-H2O),14.015650070,RC2_0046_ICR-3_p08
557.215890414,571.231543959,14.015653545,Other,random,methanol (-H2O),14.015650070,RC2_0046_ICR-3_p08
263.113640007,277.129294552,14.015654545,Other,random,methanol (-H2O),14.015650070,RC2_0046_ICR-3_p08
339.136681514,353.152336059,14.015654545,Other,random,methanol (-H2O),14.015650070,RC2_0046_ICR-3_p08
433.113845860,447.129500405,14.015654545,Other,random,methanol (-H2O),14.015650070,RC2_0046_ICR-3_p08
457.199697686,471.215352231,14.015654545,Other,random,methanol (-H2O),14.015650070,RC2_0046_ICR-3_p08
471.142626540,485.158281085,14.015654545,Other,random,methanol (-H2O),14.015650070,RC2_0046_ICR-3_p08
547.254785669,561.270440214,14.015654545,Other,random,methanol (-H2O),14.015650070,RC2_0046_ICR-3_p08
553.119853789,567.135508334,14.015654545,Other,random,methanol (-H2O),14.015650070,RC2_0046_ICR-3_p08
645.218979101,659.234633646,14.015654545,Other,random,methanol (-H2O),14.015650070,RC2_0046_ICR-3_p08
499.145566750,513.161221295,14.015654545,Other,random,methanol (-H2O),14.015650070,RC2_0046_ICR-3_p08
305.139318733,319.154973278,14.015654545,Other,random,methanol (-H2O),14.015650070,RC2_0046_ICR-3_p08
443.147604296,457.163258841,14.015654545,Other,random,methanol (-H2O),14.015650070,RC2_0046_ICR-3_p08
227.056198964,241.071853509,14.015654545,Other,random,methanol (-H2O),14.015650070,RC2_0046_ICR-3_p08
569.215905509,583.231560054,14.015654545,Other,random,methanol (-H2O),14.015650070,RC2_0046_ICR-3_p08
271.191490741,285.207146286,14.015655545,Other,random,methanol (-H2O),14.015650070,RC2_0046_ICR-3_p08
285.170697440,299.186352985,14.015655545,Other,random,methanol (-H2O),14.015650070,RC2_0046_ICR-3_p08
371.147649723,385.163305268,14.015655545,Other,random,methanol (-H2O),14.015650070,RC2_0046_ICR-3_p08
494.179764816,508.195420361,14.015655545,Other,random,methanol (-H2O),14.015650070,RC2_0046_ICR-3_p08
343.009473086,357.025128631,14.015655545,Other,random,methanol (-H2O),14.015650070,RC2_0046_ICR-3_p08
354.046584266,368.062239811,14.015655545,Other,random,methanol (-H2O),14.015650070,RC2_0046_ICR-3_p08
385.056301722,399.071957267,14.015655545,Other,random,methanol (-H2O),14.015650070,RC2_0046_ICR-3_p08
495.077938005,509.093593551,14.015655545,Other,random,methanol (-H2O),14.015650070,RC2_0046_ICR-3_p08
569.114661939,583.130317484,14.015655545,Other,random,methanol (-H2O),14.015650070,RC2_0046_ICR-3_p08
617.236970802,631.252626347,14.015655545,Other,random,methanol (-H2O),14.015650070,RC2_0046_ICR-3_p08
329.115972023,343.131627568,14.015655545,Other,random,methanol (-H2O),14.015650070,RC2_0046_ICR-3_p08
319.139735342,333.155391887,14.015656545,Other,random,methanol (-H2O),14.015650070,RC2_0046_ICR-3_p08
353.173473970,367.189130515,14.015656545,Other,random,methanol (-H2O),14.015650070,RC2_0046_ICR-3_p08
357.134214168,371.149870713,14.015656545,Other,random,methanol (-H2O),14.015650070,RC2_0046_ICR-3_p08
261.061632712,275.077289257,14.015656545,Other,random,methanol (-H2O),14.015650070,RC2_0046_ICR-3_p08
263.128947942,277.144604487,14.015656545,Other,random,methanol (-H2O),14.015650070,RC2_0046_ICR-3_p08
417.085774851,431.101431396,14.015656545,Other,random,methanol (-H2O),14.015650070,RC2_0046_ICR-3_p08
455.220515082,469.236171627,14.015656545,Other,random,methanol (-H2O),14.015650070,RC2_0046_ICR-3_p08
456.086114410,470.101770955,14.015656545,Other,random,methanol (-H2O),14.015650070,RC2_0046_ICR-3_p08
461.121770049,475.137426594,14.015656545,Other,random,methanol (-H2O),14.015650070,RC2_0046_ICR-3_p08
465.189472794,479.205129339,14.015656545,Other,random,methanol (-H2O),14.015650070,RC2_0046_ICR-3_p08
487.254764192,501.270420737,14.015656545,Other,random,methanol (-H2O),14.015650070,RC2_0046_ICR-3_p08
504.078205826,518.093862371,14.015656545,Other,random,methanol (-H2O),14.015650070,RC2_0046_ICR-3_p08
343.085438764,357.101095309,14.015656545,Other,random,methanol (-H2O),14.015650070,RC2_0046_ICR-3_p08
359.040742081,373.056398626,14.015656545,Other,random,methanol (-H2O),14.015650070,RC2_0046_ICR-3_p08
434.080779758,448.096436303,14.015656545,Other,random,methanol (-H2O),14.015650070,RC2_0046_ICR-3_p08
533.215762223,547.231418768,14.015656545,Other,random,methanol (-H2O),14.015650070,RC2_0046_ICR-3_p08
269.066630754,283.082288299,14.015657545,Other,random,methanol (-H2O),14.015650070,RC2_0046_ICR-3_p08
445.150173801,459.165831346,14.015657545,Other,random,methanol (-H2O),14.015650070,RC2_0046_ICR-3_p08
329.102931078,343.118588623,14.015657545,Other,random,methanol (-H2O),14.015650070,RC2_0046_ICR-3_p08
391.152659861,405.168317406,14.015657545,Other,random,methanol (-H2O),14.015650070,RC2_0046_ICR-3_p08
527.046731393,541.062388938,14.015657545,Other,random,methanol (-H2O),14.015650070,RC2_0046_ICR-3_p08
355.248837166,369.264494711,14.015657545,Other,random,methanol (-H2O),14.015650070,RC2_0046_ICR-3_p08
363.194225461,377.209883006,14.015657545,Other,random,methanol (-H2O),14.015650070,RC2_0046_ICR-3_p08
399.142459968,413.158117513,14.015657545,Other,random,methanol (-H2O),14.015650070,RC2_0046_ICR-3_p08
409.126819613,423.142477159,14.015657545,Other,random,methanol (-H2O),14.015650070,RC2_0046_ICR-3_p08
425.194589453,439.210246998,14.015657545,Other,random,methanol (-H2O),14.015650070,RC2_0046_ICR-3_p08
307.045857645,321.061516190,14.015658545,Other,random,methanol (-H2O),14.015650070,RC2_0046_ICR-3_p08
407.147582010,421.163240555,14.015658545,Other,random,methanol (-H2O),14.015650070,RC2_0046_ICR-3_p08
445.280643248,459.296301793,14.015658545,Other,random,methanol (-H2O),14.015650070,RC2_0046_ICR-3_p08
525.067397789,539.083056334,14.015658545,Other,random,methanol (-H2O),14.015650070,RC2_0046_ICR-3_p08
343.131627568,357.147287113,14.015659545,Other,random,methanol (-H2O),14.015650070,RC2_0046_ICR-3_p08
529.119881598,543.135541143,14.015659545,Other,random,methanol (-H2O),14.015650070,RC2_0046_ICR-3_p08
253.144546296,267.160205841,14.015659545,Other,random,methanol (-H2O),14.015650070,RC2_0046_ICR-3_p08
237.040534610,251.056194155,14.015659545,Other,random,methanol (-H2O),14.015650070,RC2_0046_ICR-3_p08
307.058969589,321.074629134,14.015659545,Other,random,methanol (-H2O),14.015650070,RC2_0046_ICR-3_p08
351.194263366,365.209922911,14.015659545,Other,random,methanol (-H2O),14.015650070,RC2_0046_ICR-3_p08
411.020269581,425.035929126,14.015659545,Other,random,methanol (-H2O),14.015650070,RC2_0046_ICR-3_p08
487.072775964,501.088435509,14.015659545,Other,random,methanol (-H2O),14.015650070,RC2_0046_ICR-3_p08
493.257296729,507.272956274,14.015659545,Other,random,methanol (-H2O),14.015650070,RC2_0046_ICR-3_p08
553.156285635,567.171945180,14.015659545,Other,random,methanol (-H2O),14.015650070,RC2_0046_ICR-3_p08
347.040703985,361.056363530,14.015659545,Other,random,methanol (-H2O),14.015650070,RC2_0046_ICR-3_p08
265.035417855,279.062293352,14.026875497,Other,random,H2N2O_1,14.026883000,RC2_0046_ICR-3_p08
225.040542515,239.067418012,14.026875497,Other,random,H2N2O_1,14.026883000,RC2_0046_ICR-3_p08
381.204807060,395.231685557,14.026878497,Other,random,H2N2O_1,14.026883000,RC2_0046_ICR-3_p08
307.009491799,321.036377297,14.026885497,Other,random,H2N2O_1,14.026883000,RC2_0046_ICR-3_p08
289.071821892,303.098712389,14.026890497,Other,random,H2N2O_1,14.026883000,RC2_0046_ICR-3_p08
557.093540933,571.145566324,14.052025391,Other,random,C2H6O_1,14.052035000,RC2_0046_ICR-3_p08
679.151987156,693.204012547,14.052025391,Other,random,C2H6O_1,14.052035000,RC2_0046_ICR-3_p08
297.170748536,311.222773926,14.052025391,Other,random,C2H6O_1,14.052035000,RC2_0046_ICR-3_p08
504.078205826,518.130231217,14.052025391,Other,random,C2H6O_1,14.052035000,RC2_0046_ICR-3_p08
287.040813507,301.092838898,14.052025391,Other,random,C2H6O_1,14.052035000,RC2_0046_ICR-3_p08
334.178898546,348.230924936,14.052026391,Other,random,C2H6O_1,14.052035000,RC2_0046_ICR-3_p08
395.074793223,409.126819613,14.052026391,Other,random,C2H6O_1,14.052035000,RC2_0046_ICR-3_p08
473.049133453,487.101159843,14.052026391,Other,random,C2H6O_1,14.052035000,RC2_0046_ICR-3_p08
497.093558455,511.145584846,14.052026391,Other,random,C2H6O_1,14.052035000,RC2_0046_ICR-3_p08
507.163649737,521.215676128,14.052026391,Other,random,C2H6O_1,14.052035000,RC2_0046_ICR-3_p08
519.041591351,533.093617741,14.052026391,Other,random,C2H6O_1,14.052035000,RC2_0046_ICR-3_p08
565.047100194,579.099126584,14.052026391,Other,random,C2H6O_1,14.052035000,RC2_0046_ICR-3_p08
429.067344025,443.119370416,14.052026391,Other,random,C2H6O_1,14.052035000,RC2_0046_ICR-3_p08
296.077520173,310.129547564,14.052027391,Other,random,C2H6O_1,14.052035000,RC2_0046_ICR-3_p08
493.127064281,507.179091672,14.052027391,Other,random,C2H6O_1,14.052035000,RC2_0046_ICR-3_p08
392.025809157,406.077836547,14.052027391,Other,random,C2H6O_1,14.052035000,RC2_0046_ICR-3_p08
522.088917424,536.140944815,14.052027391,Other,random,C2H6O_1,14.052035000,RC2_0046_ICR-3_p08
593.179537855,607.231565245,14.052027391,Other,random,C2H6O_1,14.052035000,RC2_0046_ICR-3_p08
409.150237514,423.202264905,14.052027391,Other,random,C2H6O_1,14.052035000,RC2_0046_ICR-3_p08
535.231487673,549.283515063,14.052027391,Other,random,C2H6O_1,14.052035000,RC2_0046_ICR-3_p08
267.087477150,281.139504541,14.052027391,Other,random,C2H6O_1,14.052035000,RC2_0046_ICR-3_p08
337.123528054,351.175555445,14.052027391,Other,random,C2H6O_1,14.052035000,RC2_0046_ICR-3_p08
335.113467581,349.165495972,14.052028391,Other,random,C2H6O_1,14.052035000,RC2_0046_ICR-3_p08
249.076919551,263.128947942,14.052028391,Other,random,C2H6O_1,14.052035000,RC2_0046_ICR-3_p08
293.102986791,307.155015182,14.052028391,Other,random,C2H6O_1,14.052035000,RC2_0046_ICR-3_p08
333.025122440,347.077150831,14.052028391,Other,random,C2H6O_1,14.052035000,RC2_0046_ICR-3_p08
365.051172584,379.103200975,14.052028391,Other,random,C2H6O_1,14.052035000,RC2_0046_ICR-3_p08
381.131987369,395.184015759,14.052028391,Other,random,C2H6O_1,14.052035000,RC2_0046_ICR-3_p08
395.220362605,409.272390996,14.052028391,Other,random,C2H6O_1,14.052035000,RC2_0046_ICR-3_p08
249.040480706,263.092509097,14.052028391,Other,random,C2H6O_1,14.052035000,RC2_0046_ICR-3_p08
545.057240991,559.109269382,14.052028391,Other,random,C2H6O_1,14.052035000,RC2_0046_ICR-3_p08
643.203651650,657.255680041,14.052028391,Other,random,C2H6O_1,14.052035000,RC2_0046_ICR-3_p08
407.111211164,421.163240555,14.052029391,Other,random,C2H6O_1,14.052035000,RC2_0046_ICR-3_p08
319.009424895,333.061454286,14.052029391,Other,random,C2H6O_1,14.052035000,RC2_0046_ICR-3_p08
373.105781416,387.157810807,14.052029391,Other,random,C2H6O_1,14.052035000,RC2_0046_ICR-3_p08
509.093593551,523.145622941,14.052029391,Other,random,C2H6O_1,14.052035000,RC2_0046_ICR-3_p08
525.080426734,539.132456124,14.052029391,Other,random,C2H6O_1,14.052035000,RC2_0046_ICR-3_p08
536.177442660,550.229472050,14.052029391,Other,random,C2H6O_1,14.052035000,RC2_0046_ICR-3_p08
351.048548984,365.100578375,14.052029391,Other,random,C2H6O_1,14.052035000,RC2_0046_ICR-3_p08
287.069136387,301.121166778,14.052030391,Other,random,C2H6O_1,14.052035000,RC2_0046_ICR-3_p08
447.114085470,461.166115861,14.052030391,Other,random,C2H6O_1,14.052035000,RC2_0046_ICR-3_p08
561.174342622,575.226373013,14.052030391,Other,random,C2H6O_1,14.052035000,RC2_0046_ICR-3_p08
637.177400214,651.229430605,14.052030391,Other,random,C2H6O_1,14.052035000,RC2_0046_ICR-3_p08
353.124102179,367.176132570,14.052030391,Other,random,C2H6O_1,14.052035000,RC2_0046_ICR-3_p08
353.154830049,367.206860440,14.052030391,Other,random,C2H6O_1,14.052035000,RC2_0046_ICR-3_p08
357.046081542,371.098111933,14.052030391,Other,random,C2H6O_1,14.052035000,RC2_0046_ICR-3_p08
627.135869811,641.187900201,14.052030391,Other,random,C2H6O_1,14.052035000,RC2_0046_ICR-3_p08
341.030232482,355.082262873,14.052030391,Other,random,C2H6O_1,14.052035000,RC2_0046_ICR-3_p08
287.077210353,301.129241743,14.052031391,Other,random,C2H6O_1,14.052035000,RC2_0046_ICR-3_p08
321.038195289,335.090226680,14.052031391,Other,random,C2H6O_1,14.052035000,RC2_0046_ICR-3_p08
353.064341433,367.116372823,14.052031391,Other,random,C2H6O_1,14.052035000,RC2_0046_ICR-3_p08
419.119263225,433.171294616,14.052031391,Other,random,C2H6O_1,14.052035000,RC2_0046_ICR-3_p08
447.020355868,461.072387258,14.052031391,Other,random,C2H6O_1,14.052035000,RC2_0046_ICR-3_p08
473.057173418,487.109204809,14.052031391,Other,random,C2H6O_1,14.052035000,RC2_0046_ICR-3_p08
549.197720427,563.249751818,14.052031391,Other,random,C2H6O_1,14.052035000,RC2_0046_ICR-3_p08
288.998929201,303.050960591,14.052031391,Other,random,C2H6O_1,14.052035000,RC2_0046_ICR-3_p08
337.105749130,351.157780520,14.052031391,Other,random,C2H6O_1,14.052035000,RC2_0046_ICR-3_p08
431.092608434,445.144640824,14.052032391,Other,random,C2H6O_1,14.052035000,RC2_0046_ICR-3_p08
251.056194155,265.108226546,14.052032391,Other,random,C2H6O_1,14.052035000,RC2_0046_ICR-3_p08
273.040537897,287.092570288,14.052032391,Other,random,C2H6O_1,14.052035000,RC2_0046_ICR-3_p08
281.103072695,295.155105086,14.052032391,Other,random,C2H6O_1,14.052035000,RC2_0046_ICR-3_p08
331.131668472,345.183700863,14.052032391,Other,random,C2H6O_1,14.052035000,RC2_0046_ICR-3_p08
351.144815575,365.196847966,14.052032391,Other,random,C2H6O_1,14.052035000,RC2_0046_ICR-3_p08
361.033077629,375.085110020,14.052032391,Other,random,C2H6O_1,14.052035000,RC2_0046_ICR-3_p08
443.082864571,457.134896961,14.052032391,Other,random,C2H6O_1,14.052035000,RC2_0046_ICR-3_p08
454.148273631,468.200306021,14.052032391,Other,random,C2H6O_1,14.052035000,RC2_0046_ICR-3_p08
485.166323051,499.218355442,14.052032391,Other,random,C2H6O_1,14.052035000,RC2_0046_ICR-3_p08
529.171383380,543.223415770,14.052032391,Other,random,C2H6O_1,14.052035000,RC2_0046_ICR-3_p08
573.088666081,587.140698472,14.052032391,Other,random,C2H6O_1,14.052035000,RC2_0046_ICR-3_p08
589.047167384,603.099199775,14.052032391,Other,random,C2H6O_1,14.052035000,RC2_0046_ICR-3_p08
329.066555232,343.118588623,14.052033391,Other,random,C2H6O_1,14.052035000,RC2_0046_ICR-3_p08
470.101770955,484.153804346,14.052033391,Other,random,C2H6O_1,14.052035000,RC2_0046_ICR-3_p08
333.110888076,347.162921467,14.052033391,Other,random,C2H6O_1,14.052035000,RC2_0046_ICR-3_p08
299.186352985,313.238386376,14.052033391,Other,random,C2H6O_1,14.052035000,RC2_0046_ICR-3_p08
401.027843970,415.079877360,14.052033391,Other,random,C2H6O_1,14.052035000,RC2_0046_ICR-3_p08
425.158213608,439.210246998,14.052033391,Other,random,C2H6O_1,14.052035000,RC2_0046_ICR-3_p08
457.108281074,471.160314465,14.052033391,Other,random,C2H6O_1,14.052035000,RC2_0046_ICR-3_p08
495.114276851,509.166310242,14.052033391,Other,random,C2H6O_1,14.052035000,RC2_0046_ICR-3_p08
307.058969589,321.111003980,14.052034391,Other,random,C2H6O_1,14.052035000,RC2_0046_ICR-3_p08
445.054132208,459.106166599,14.052034391,Other,random,C2H6O_1,14.052035000,RC2_0046_ICR-3_p08
489.088461413,503.140495804,14.052034391,Other,random,C2H6O_1,14.052035000,RC2_0046_ICR-3_p08
463.246582035,477.298616426,14.052034391,Other,random,C2H6O_1,14.052035000,RC2_0046_ICR-3_p08
495.223395388,509.275429779,14.052034391,Other,random,C2H6O_1,14.052035000,RC2_0046_ICR-3_p08
611.198267418,625.250301809,14.052034391,Other,random,C2H6O_1,14.052035000,RC2_0046_ICR-3_p08
623.198482513,637.250516904,14.052034391,Other,random,C2H6O_1,14.052035000,RC2_0046_ICR-3_p08
659.162385953,673.214421343,14.052035391,Other,random,C2H6O_1,14.052035000,RC2_0046_ICR-3_p08
397.126908518,411.178943908,14.052035391,Other,random,C2H6O_1,14.052035000,RC2_0046_ICR-3_p08
437.108773913,451.160809304,14.052035391,Other,random,C2H6O_1,14.052035000,RC2_0046_ICR-3_p08
393.204839155,407.256874546,14.052035391,Other,random,C2H6O_1,14.052035000,RC2_0046_ICR-3_p08
429.095567905,443.147604296,14.052036391,Other,random,C2H6O_1,14.052035000,RC2_0046_ICR-3_p08
398.044367626,412.096404016,14.052036391,Other,random,C2H6O_1,14.052035000,RC2_0046_ICR-3_p08
291.136814132,305.188850522,14.052036391,Other,random,C2H6O_1,14.052035000,RC2_0046_ICR-3_p08
397.186577264,411.238614655,14.052037391,Other,random,C2H6O_1,14.052035000,RC2_0046_ICR-3_p08
513.088488604,527.140525995,14.052037391,Other,random,C2H6O_1,14.052035000,RC2_0046_ICR-3_p08
581.223779571,595.275816962,14.052037391,Other,random,C2H6O_1,14.052035000,RC2_0046_ICR-3_p08
383.061812182,397.113849573,14.052037391,Other,random,C2H6O_1,14.052035000,RC2_0046_ICR-3_p08
717.167880891,731.219918282,14.052037391,Other,random,C2H6O_1,14.052035000,RC2_0046_ICR-3_p08
599.190184357,613.242222748,14.052038391,Other,random,C2H6O_1,14.052035000,RC2_0046_ICR-3_p08
319.103353497,333.155391887,14.052038391,Other,random,C2H6O_1,14.052035000,RC2_0046_ICR-3_p08
415.061279439,429.113317830,14.052038391,Other,random,C2H6O_1,14.052035000,RC2_0046_ICR-3_p08
289.084773837,303.136812227,14.052038391,Other,random,C2H6O_1,14.052035000,RC2_0046_ICR-3_p08
357.055879500,371.107917891,14.052038391,Other,random,C2H6O_1,14.052035000,RC2_0046_ICR-3_p08
399.165705869,413.217744260,14.052038391,Other,random,C2H6O_1,14.052035000,RC2_0046_ICR-3_p08
405.103641680,419.155680071,14.052038391,Other,random,C2H6O_1,14.052035000,RC2_0046_ICR-3_p08
419.061807469,433.113845860,14.052038391,Other,random,C2H6O_1,14.052035000,RC2_0046_ICR-3_p08
581.187386726,595.239425116,14.052038391,Other,random,C2H6O_1,14.052035000,RC2_0046_ICR-3_p08
431.082848475,445.134887866,14.052039391,Other,random,C2H6O_1,14.052035000,RC2_0046_ICR-3_p08
467.205157243,481.257196634,14.052039391,Other,random,C2H6O_1,14.052035000,RC2_0046_ICR-3_p08
271.082314204,285.134353594,14.052039391,Other,random,C2H6O_1,14.052035000,RC2_0046_ICR-3_p08
349.214908762,363.266948153,14.052039391,Other,random,C2H6O_1,14.052035000,RC2_0046_ICR-3_p08
393.076965698,407.129005088,14.052039391,Other,random,C2H6O_1,14.052035000,RC2_0046_ICR-3_p08
357.110821267,371.162860658,14.052039391,Other,random,C2H6O_1,14.052035000,RC2_0046_ICR-3_p08
389.087667620,403.139707011,14.052039391,Other,random,C2H6O_1,14.052035000,RC2_0046_ICR-3_p08
417.046213019,431.098252410,14.052039391,Other,random,C2H6O_1,14.052035000,RC2_0046_ICR-3_p08
419.170937006,433.222976397,14.052039391,Other,random,C2H6O_1,14.052035000,RC2_0046_ICR-3_p08
317.102938982,331.154979373,14.052040391,Other,random,C2H6O_1,14.052035000,RC2_0046_ICR-3_p08
321.147343826,335.199384217,14.052040391,Other,random,C2H6O_1,14.052035000,RC2_0046_ICR-3_p08
401.014832025,415.066872416,14.052040391,Other,random,C2H6O_1,14.052035000,RC2_0046_ICR-3_p08
551.176987031,565.229027422,14.052040391,Other,random,C2H6O_1,14.052035000,RC2_0046_ICR-3_p08
723.250813087,737.302853478,14.052040391,Other,random,C2H6O_1,14.052035000,RC2_0046_ICR-3_p08
229.035456568,243.087497959,14.052041391,Other,random,C2H6O_1,14.052035000,RC2_0046_ICR-3_p08
319.058846685,333.110888076,14.052041391,Other,random,C2H6O_1,14.052035000,RC2_0046_ICR-3_p08
325.056365244,339.108406634,14.052041391,Other,random,C2H6O_1,14.052035000,RC2_0046_ICR-3_p08
365.014899738,379.066941129,14.052041391,Other,random,C2H6O_1,14.052035000,RC2_0046_ICR-3_p08
361.178612012,375.230654402,14.052042391,Other,random,C2H6O_1,14.052035000,RC2_0046_ICR-3_p08
381.149691294,395.201733684,14.052042391,Other,random,C2H6O_1,14.052035000,RC2_0046_ICR-3_p08
303.108454348,317.160496738,14.052042391,Other,random,C2H6O_1,14.052035000,RC2_0046_ICR-3_p08
553.156285635,567.208328026,14.052042391,Other,random,C2H6O_1,14.052035000,RC2_0046_ICR-3_p08
683.220006899,697.272049290,14.052042391,Other,random,C2H6O_1,14.052035000,RC2_0046_ICR-3_p08
281.066678850,295.118722240,14.052043391,Other,random,C2H6O_1,14.052035000,RC2_0046_ICR-3_p08
430.090552685,444.142596075,14.052043391,Other,random,C2H6O_1,14.052035000,RC2_0046_ICR-3_p08
257.139447350,271.191490741,14.052043391,Other,random,C2H6O_1,14.052035000,RC2_0046_ICR-3_p08
277.108173642,291.160217032,14.052043391,Other,random,C2H6O_1,14.052035000,RC2_0046_ICR-3_p08
357.097827323,371.149870713,14.052043391,Other,random,C2H6O_1,14.052035000,RC2_0046_ICR-3_p08
535.182122882,549.234166273,14.052043391,Other,random,C2H6O_1,14.052035000,RC2_0046_ICR-3_p08
541.119759694,555.171803085,14.052043391,Other,random,C2H6O_1,14.052035000,RC2_0046_ICR-3_p08
315.050887687,329.102931078,14.052043391,Other,random,C2H6O_1,14.052035000,RC2_0046_ICR-3_p08
333.155391887,347.207435278,14.052043391,Other,random,C2H6O_1,14.052035000,RC2_0046_ICR-3_p08
305.087691952,319.139735342,14.052043391,Other,random,C2H6O_1,14.052035000,RC2_0046_ICR-3_p08
577.083616134,591.135660525,14.052044391,Other,random,C2H6O_1,14.052035000,RC2_0046_ICR-3_p08
325.105822034,339.157866425,14.052044391,Other,random,C2H6O_1,14.052035000,RC2_0046_ICR-3_p08
326.051641022,340.103685412,14.052044391,Other,random,C2H6O_1,14.052035000,RC2_0046_ICR-3_p08
461.144972950,475.197017341,14.052044391,Other,random,C2H6O_1,14.052035000,RC2_0046_ICR-3_p08
239.056148060,253.108192451,14.052044391,Other,random,C2H6O_1,14.052035000,RC2_0046_ICR-3_p08
343.212510225,357.264554615,14.052044391,Other,random,C2H6O_1,14.052035000,RC2_0046_ICR-3_p08
541.148142574,555.200186965,14.052044391,Other,random,C2H6O_1,14.052035000,RC2_0046_ICR-3_p08
559.182001074,573.234045464,14.052044391,Other,random,C2H6O_1,14.052035000,RC2_0046_ICR-3_p08
603.099199775,617.151244166,14.052044391,Other,random,C2H6O_1,14.052035000,RC2_0046_ICR-3_p08
619.167014615,633.219059005,14.052044391,Other,random,C2H6O_1,14.052035000,RC2_0046_ICR-3_p08
561.101598930,575.153643321,14.052044391,Other,random,C2H6O_1,14.052035000,RC2_0046_ICR-3_p08
461.121770049,476.091108548,14.969338499,Other,random,H_1S1O_1,14.969332000,RC2_0046_ICR-3_p08
523.085859195,538.055197694,14.969338499,Other,random,H_1S1O_1,14.969332000,RC2_0046_ICR-3_p08
487.101159843,502.070500343,14.969340499,Other,random,H_1S1O_1,14.969332000,RC2_0046_ICR-3_p08
354.095958057,369.095614427,14.999656371,Other,random,CHN_1O,14.999666000,RC2_0046_ICR-3_p08
304.009768524,319.009424895,14.999656371,Other,random,CHN_1O,14.999666000,RC2_0046_ICR-3_p08
242.176229824,257.175886195,14.999656371,Other,random,CHN_1O,14.999666000,RC2_0046_ICR-3_p08
321.036377297,336.036034667,14.999657371,Other,random,CHN_1O,14.999666000,RC2_0046_ICR-3_p08
524.104473874,539.104131245,14.999657371,Other,random,CHN_1O,14.999666000,RC2_0046_ICR-3_p08
333.072802238,348.072460608,14.999658371,Other,random,CHN_1O,14.999666000,RC2_0046_ICR-3_p08
350.087977059,365.087635429,14.999658371,Other,random,CHN_1O,14.999666000,RC2_0046_ICR-3_p08
504.151074517,519.150732888,14.999658371,Other,random,CHN_1O,14.999666000,RC2_0046_ICR-3_p08
400.067213045,415.066872416,14.999659371,Other,random,CHN_1O,14.999666000,RC2_0046_ICR-3_p08
444.057074438,459.056737809,14.999663371,Other,random,CHN_1O,14.999666000,RC2_0046_ICR-3_p08
394.108454322,409.108117693,14.999663371,Other,random,CHN_1O,14.999666000,RC2_0046_ICR-3_p08
332.090535404,347.090198775,14.999663371,Other,random,CHN_1O,14.999666000,RC2_0046_ICR-3_p08
458.072744983,473.072409354,14.999664371,Other,random,CHN_1O,14.999666000,RC2_0046_ICR-3_p08
368.111494602,383.111158973,14.999664371,Other,random,CHN_1O,14.999666000,RC2_0046_ICR-3_p08
304.046170370,319.045834741,14.999664371,Other,random,CHN_1O,14.999666000,RC2_0046_ICR-3_p08
406.077836547,421.077501918,14.999665371,Other,random,CHN_1O,14.999666000,RC2_0046_ICR-3_p08
526.148476203,541.148142574,14.999666371,Other,random,CHN_1O,14.999666000,RC2_0046_ICR-3_p08
296.041124327,311.040790698,14.999666371,Other,random,CHN_1O,14.999666000,RC2_0046_ICR-3_p08
380.220696234,395.220362605,14.999666371,Other,random,CHN_1O,14.999666000,RC2_0046_ICR-3_p08
582.219375348,597.219042719,14.999667371,Other,random,CHN_1O,14.999666000,RC2_0046_ICR-3_p08
274.072153521,289.071821892,14.999668371,Other,random,CHN_1O,14.999666000,RC2_0046_ICR-3_p08
506.130297121,521.129966492,14.999669371,Other,random,CHN_1O,14.999666000,RC2_0046_ICR-3_p08
318.074860859,333.074532230,14.999671371,Other,random,CHN_1O,14.999666000,RC2_0046_ICR-3_p08
328.067288471,343.066959842,14.999671371,Other,random,CHN_1O,14.999666000,RC2_0046_ICR-3_p08
334.129479755,349.129151126,14.999671371,Other,random,CHN_1O,14.999666000,RC2_0046_ICR-3_p08
468.200306021,483.199977392,14.999671371,Other,random,CHN_1O,14.999666000,RC2_0046_ICR-3_p08
394.236280780,409.235952151,14.999671371,Other,random,CHN_1O,14.999666000,RC2_0046_ICR-3_p08
278.103313420,293.102986791,14.999673371,Other,random,CHN_1O,14.999666000,RC2_0046_ICR-3_p08
504.078205826,519.077881197,14.999675371,Other,random,CHN_1O,14.999666000,RC2_0046_ICR-3_p08
271.082314204,286.093204527,15.010890323,Other,random,secondary amine,15.010899050,RC2_0046_ICR-3_p08
299.040821603,314.051712926,15.010891323,Other,random,secondary amine,15.010899050,RC2_0046_ICR-3_p08
325.105822034,340.116714357,15.010892323,Other,random,secondary amine,15.010899050,RC2_0046_ICR-3_p08
475.088059803,490.098952127,15.010892323,Other,random,secondary amine,15.010899050,RC2_0046_ICR-3_p08
491.119404798,506.130297121,15.010892323,Other,random,secondary amine,15.010899050,RC2_0046_ICR-3_p08
309.061506094,324.072399418,15.010893323,Other,random,secondary amine,15.010899050,RC2_0046_ICR-3_p08
367.116372823,382.127266147,15.010893323,Other,random,secondary amine,15.010899050,RC2_0046_ICR-3_p08
349.129151126,364.140045449,15.010894323,Other,random,secondary amine,15.010899050,RC2_0046_ICR-3_p08
391.066942224,406.077836547,15.010894323,Other,random,secondary amine,15.010899050,RC2_0046_ICR-3_p08
253.035401759,268.046297083,15.010895323,Other,random,secondary amine,15.010899050,RC2_0046_ICR-3_p08
363.230550307,378.241445630,15.010895323,Other,random,secondary amine,15.010899050,RC2_0046_ICR-3_p08
421.113886764,436.124782087,15.010895323,Other,random,secondary amine,15.010899050,RC2_0046_ICR-3_p08
449.108775008,464.119670332,15.010895323,Other,random,secondary amine,15.010899050,RC2_0046_ICR-3_p08
281.103072695,296.113972018,15.010899323,Other,random,secondary amine,15.010899050,RC2_0046_ICR-3_p08
373.105781416,388.116682739,15.010901323,Other,random,secondary amine,15.010899050,RC2_0046_ICR-3_p08
349.050777458,364.061678782,15.010901323,Other,random,secondary amine,15.010899050,RC2_0046_ICR-3_p08
293.066606945,308.077508269,15.010901323,Other,random,secondary amine,15.010899050,RC2_0046_ICR-3_p08
247.061230102,262.072133425,15.010903323,Other,random,secondary amine,15.010899050,RC2_0046_ICR-3_p08
309.025120249,324.036023572,15.010903323,Other,random,secondary amine,15.010899050,RC2_0046_ICR-3_p08
359.040742081,374.051645404,15.010903323,Other,random,secondary amine,15.010899050,RC2_0046_ICR-3_p08
259.061249198,274.072153521,15.010904323,Other,random,secondary amine,15.010899050,RC2_0046_ICR-3_p08
305.030204195,320.041108519,15.010904323,Other,random,secondary amine,15.010899050,RC2_0046_ICR-3_p08
397.163217364,412.174122687,15.010905323,Other,random,secondary amine,15.010899050,RC2_0046_ICR-3_p08
291.051042496,306.061948819,15.010906323,Other,random,secondary amine,15.010899050,RC2_0046_ICR-3_p08
433.150267705,448.161174028,15.010906323,Other,random,secondary amine,15.010899050,RC2_0046_ICR-3_p08
283.045890454,298.056797777,15.010907323,Other,random,secondary amine,15.010899050,RC2_0046_ICR-3_p08
431.025524718,446.036432041,15.010907323,Other,random,secondary amine,15.010899050,RC2_0046_ICR-3_p08
307.082219491,322.093127814,15.010908323,Other,random,secondary amine,15.010899050,RC2_0046_ICR-3_p08
271.082314204,286.093204527,15.010890323,Other,random,H1N1,15.010900000,RC2_0046_ICR-3_p08
299.040821603,314.051712926,15.010891323,Other,random,H1N1,15.010900000,RC2_0046_ICR-3_p08
325.105822034,340.116714357,15.010892323,Other,random,H1N1,15.010900000,RC2_0046_ICR-3_p08
475.088059803,490.098952127,15.010892323,Other,random,H1N1,15.010900000,RC2_0046_ICR-3_p08
491.119404798,506.130297121,15.010892323,Other,random,H1N1,15.010900000,RC2_0046_ICR-3_p08
309.061506094,324.072399418,15.010893323,Other,random,H1N1,15.010900000,RC2_0046_ICR-3_p08
367.116372823,382.127266147,15.010893323,Other,random,H1N1,15.010900000,RC2_0046_ICR-3_p08
349.129151126,364.140045449,15.010894323,Other,random,H1N1,15.010900000,RC2_0046_ICR-3_p08
391.066942224,406.077836547,15.010894323,Other,random,H1N1,15.010900000,RC2_0046_ICR-3_p08
253.035401759,268.046297083,15.010895323,Other,random,H1N1,15.010900000,RC2_0046_ICR-3_p08
363.230550307,378.241445630,15.010895323,Other,random,H1N1,15.010900000,RC2_0046_ICR-3_p08
421.113886764,436.124782087,15.010895323,Other,random,H1N1,15.010900000,RC2_0046_ICR-3_p08
449.108775008,464.119670332,15.010895323,Other,random,H1N1,15.010900000,RC2_0046_ICR-3_p08
281.103072695,296.113972018,15.010899323,Other,random,H1N1,15.010900000,RC2_0046_ICR-3_p08
373.105781416,388.116682739,15.010901323,Other,random,H1N1,15.010900000,RC2_0046_ICR-3_p08
349.050777458,364.061678782,15.010901323,Other,random,H1N1,15.010900000,RC2_0046_ICR-3_p08
293.066606945,308.077508269,15.010901323,Other,random,H1N1,15.010900000,RC2_0046_ICR-3_p08
247.061230102,262.072133425,15.010903323,Other,random,H1N1,15.010900000,RC2_0046_ICR-3_p08
309.025120249,324.036023572,15.010903323,Other,random,H1N1,15.010900000,RC2_0046_ICR-3_p08
359.040742081,374.051645404,15.010903323,Other,random,H1N1,15.010900000,RC2_0046_ICR-3_p08
259.061249198,274.072153521,15.010904323,Other,random,H1N1,15.010900000,RC2_0046_ICR-3_p08
305.030204195,320.041108519,15.010904323,Other,random,H1N1,15.010900000,RC2_0046_ICR-3_p08
397.163217364,412.174122687,15.010905323,Other,random,H1N1,15.010900000,RC2_0046_ICR-3_p08
291.051042496,306.061948819,15.010906323,Other,random,H1N1,15.010900000,RC2_0046_ICR-3_p08
433.150267705,448.161174028,15.010906323,Other,random,H1N1,15.010900000,RC2_0046_ICR-3_p08
283.045890454,298.056797777,15.010907323,Other,random,H1N1,15.010900000,RC2_0046_ICR-3_p08
431.025524718,446.036432041,15.010907323,Other,random,H1N1,15.010900000,RC2_0046_ICR-3_p08
307.082219491,322.093127814,15.010908323,Other,random,H1N1,15.010900000,RC2_0046_ICR-3_p08
523.072780250,538.083689573,15.010909323,Other,random,H1N1,15.010900000,RC2_0046_ICR-3_p08
765.225423029,780.248897299,15.023474270,Other,random,C1H3,15.023475000,RC2_0046_ICR-3_p08
493.122505300,508.145989570,15.023484270,Other,random,C1H3,15.023475000,RC2_0046_ICR-3_p08
381.095437524,396.142712693,15.047275169,Other,random,CH5NO_1,15.047284000,RC2_0046_ICR-3_p08
275.056198346,290.103474515,15.047276169,Other,random,CH5NO_1,15.047284000,RC2_0046_ICR-3_p08
329.030234386,344.077510555,15.047276169,Other,random,CH5NO_1,15.047284000,RC2_0046_ICR-3_p08
503.046585202,518.093862371,15.047277169,Other,random,CH5NO_1,15.047284000,RC2_0046_ICR-3_p08
285.061602903,300.108881072,15.047278169,Other,random,CH5NO_1,15.047284000,RC2_0046_ICR-3_p08
335.199384217,350.246662385,15.047278169,Other,random,CH5NO_1,15.047284000,RC2_0046_ICR-3_p08
409.090338768,424.137616937,15.047278169,Other,random,CH5NO_1,15.047284000,RC2_0046_ICR-3_p08
309.025120249,324.072399418,15.047279169,Other,random,CH5NO_1,15.047284000,RC2_0046_ICR-3_p08
421.077501918,436.124782087,15.047280169,Other,random,CH5NO_1,15.047284000,RC2_0046_ICR-3_p08
261.061632712,276.108913881,15.047281169,Other,random,CH5NO_1,15.047284000,RC2_0046_ICR-3_p08
431.025524718,446.072805887,15.047281169,Other,random,CH5NO_1,15.047284000,RC2_0046_ICR-3_p08
321.025120344,336.072402513,15.047282169,Other,random,CH5NO_1,15.047284000,RC2_0046_ICR-3_p08
419.025402623,434.072684792,15.047282169,Other,random,CH5NO_1,15.047284000,RC2_0046_ICR-3_p08
305.030204195,320.077487364,15.047283169,Other,random,CH5NO_1,15.047284000,RC2_0046_ICR-3_p08
339.108406634,354.155689803,15.047283169,Other,random,CH5NO_1,15.047284000,RC2_0046_ICR-3_p08
505.025608807,520.072893976,15.047285169,Other,random,CH5NO_1,15.047284000,RC2_0046_ICR-3_p08
379.066941129,394.114226298,15.047285169,Other,random,CH5NO_1,15.047284000,RC2_0046_ICR-3_p08
423.142477159,438.189762327,15.047285169,Other,random,CH5NO_1,15.047284000,RC2_0046_ICR-3_p08
357.037938577,372.085223745,15.047285169,Other,random,CH5NO_1,15.047284000,RC2_0046_ICR-3_p08
473.072409354,488.119696523,15.047287169,Other,random,CH5NO_1,15.047284000,RC2_0046_ICR-3_p08
391.030549379,406.077836547,15.047287169,Other,random,CH5NO_1,15.047284000,RC2_0046_ICR-3_p08
417.046213019,432.093501188,15.047288169,Other,random,CH5NO_1,15.047284000,RC2_0046_ICR-3_p08
291.014658650,306.061948819,15.047290169,Other,random,CH5NO_1,15.047284000,RC2_0046_ICR-3_p08
313.092737994,328.140030163,15.047292169,Other,random,CH5NO_1,15.047284000,RC2_0046_ICR-3_p08
281.066678850,296.113972018,15.047293169,Other,random,CH5NO_1,15.047284000,RC2_0046_ICR-3_p08
462.112027848,478.070548151,15.958520303,Other,random,C_1H_4O2,15.958530000,RC2_0046_ICR-3_p08
549.247040218,565.205560521,15.958520303,Other,random,C_1H_4O2,15.958530000,RC2_0046_ICR-3_p08
367.095291913,383.053812216,15.958520303,Other,random,C_1H_4O2,15.958530000,RC2_0046_ICR-3_p08
383.061812182,399.020332486,15.958520303,Other,random,C_1H_4O2,15.958530000,RC2_0046_ICR-3_p08
253.071840605,269.030361908,15.958521303,Other,random,C_1H_4O2,15.958530000,RC2_0046_ICR-3_p08
329.152296869,345.110818172,15.958521303,Other,random,C_1H_4O2,15.958530000,RC2_0046_ICR-3_p08
359.126588716,375.085110020,15.958521303,Other,random,C_1H_4O2,15.958530000,RC2_0046_ICR-3_p08
371.162860658,387.121381961,15.958521303,Other,random,C_1H_4O2,15.958530000,RC2_0046_ICR-3_p08
457.126895995,473.085417299,15.958521303,Other,random,C_1H_4O2,15.958530000,RC2_0046_ICR-3_p08
485.239013743,501.197535046,15.958521303,Other,random,C_1H_4O2,15.958530000,RC2_0046_ICR-3_p08
551.176987031,567.135508334,15.958521303,Other,random,C_1H_4O2,15.958530000,RC2_0046_ICR-3_p08
571.203305079,587.161826382,15.958521303,Other,random,C_1H_4O2,15.958530000,RC2_0046_ICR-3_p08
611.198267418,627.156788722,15.958521303,Other,random,C_1H_4O2,15.958530000,RC2_0046_ICR-3_p08
521.267446909,537.225969212,15.958522303,Other,random,C_1H_4O2,15.958530000,RC2_0046_ICR-3_p08
299.113563294,315.072085597,15.958522303,Other,random,C_1H_4O2,15.958530000,RC2_0046_ICR-3_p08
307.204408972,323.162931276,15.958522303,Other,random,C_1H_4O2,15.958530000,RC2_0046_ICR-3_p08
405.095503714,421.054026018,15.958522303,Other,random,C_1H_4O2,15.958530000,RC2_0046_ICR-3_p08
362.088018154,378.046540457,15.958522303,Other,random,C_1H_4O2,15.958530000,RC2_0046_ICR-3_p08
391.103234070,407.061756374,15.958522303,Other,random,C_1H_4O2,15.958530000,RC2_0046_ICR-3_p08
487.088062899,503.046585202,15.958522303,Other,random,C_1H_4O2,15.958530000,RC2_0046_ICR-3_p08
513.067230694,529.025752997,15.958522303,Other,random,C_1H_4O2,15.958530000,RC2_0046_ICR-3_p08
301.129241743,317.087765047,15.958523303,Other,random,C_1H_4O2,15.958530000,RC2_0046_ICR-3_p08
343.103348688,359.061871991,15.958523303,Other,random,C_1H_4O2,15.958530000,RC2_0046_ICR-3_p08
529.135071534,545.093594837,15.958523303,Other,random,C_1H_4O2,15.958530000,RC2_0046_ICR-3_p08
347.162921467,363.121444770,15.958523303,Other,random,C_1H_4O2,15.958530000,RC2_0046_ICR-3_p08
463.282973881,479.241497184,15.958523303,Other,random,C_1H_4O2,15.958530000,RC2_0046_ICR-3_p08
375.102817945,391.061341248,15.958523303,Other,random,C_1H_4O2,15.958530000,RC2_0046_ICR-3_p08
252.087772779,268.046297083,15.958524303,Other,random,C_1H_4O2,15.958530000,RC2_0046_ICR-3_p08
271.191490741,287.150015044,15.958524303,Other,random,C_1H_4O2,15.958530000,RC2_0046_ICR-3_p08
325.111431010,341.069955313,15.958524303,Other,random,C_1H_4O2,15.958530000,RC2_0046_ICR-3_p08
401.108727627,417.067251930,15.958524303,Other,random,C_1H_4O2,15.958530000,RC2_0046_ICR-3_p08
455.220515082,471.179039386,15.958524303,Other,random,C_1H_4O2,15.958530000,RC2_0046_ICR-3_p08
487.137476689,503.096000993,15.958524303,Other,random,C_1H_4O2,15.958530000,RC2_0046_ICR-3_p08
319.095273531,335.053797834,15.958524303,Other,random,C_1H_4O2,15.958530000,RC2_0046_ICR-3_p08
355.168012509,371.126536812,15.958524303,Other,random,C_1H_4O2,15.958530000,RC2_0046_ICR-3_p08
431.192009012,447.150534315,15.958525303,Other,random,C_1H_4O2,15.958530000,RC2_0046_ICR-3_p08
627.208498502,643.167023806,15.958525303,Other,random,C_1H_4O2,15.958530000,RC2_0046_ICR-3_p08
243.087497959,259.046023262,15.958525303,Other,random,C_1H_4O2,15.958530000,RC2_0046_ICR-3_p08
337.214948666,353.173473970,15.958525303,Other,random,C_1H_4O2,15.958530000,RC2_0046_ICR-3_p08
361.105842320,377.064367624,15.958525303,Other,random,C_1H_4O2,15.958530000,RC2_0046_ICR-3_p08
397.150171419,413.108696722,15.958525303,Other,random,C_1H_4O2,15.958530000,RC2_0046_ICR-3_p08
513.124900450,529.083425753,15.958525303,Other,random,C_1H_4O2,15.958530000,RC2_0046_ICR-3_p08
629.187719106,645.146244410,15.958525303,Other,random,C_1H_4O2,15.958530000,RC2_0046_ICR-3_p08
391.139715916,407.098242219,15.958526303,Other,random,C_1H_4O2,15.958530000,RC2_0046_ICR-3_p08
561.174342622,577.132868925,15.958526303,Other,random,C_1H_4O2,15.958530000,RC2_0046_ICR-3_p08
563.262925762,579.221452065,15.958526303,Other,random,C_1H_4O2,15.958530000,RC2_0046_ICR-3_p08
309.061506094,325.020032398,15.958526303,Other,random,C_1H_4O2,15.958530000,RC2_0046_ICR-3_p08
463.087943708,479.046470012,15.958526303,Other,random,C_1H_4O2,15.958530000,RC2_0046_ICR-3_p08
432.093501188,448.052028491,15.958527303,Other,random,C_1H_4O2,15.958530000,RC2_0046_ICR-3_p08
515.150253858,531.108781161,15.958527303,Other,random,C_1H_4O2,15.958530000,RC2_0046_ICR-3_p08
517.220839074,533.179366378,15.958527303,Other,random,C_1H_4O2,15.958530000,RC2_0046_ICR-3_p08
557.260455225,573.218982528,15.958527303,Other,random,C_1H_4O2,15.958530000,RC2_0046_ICR-3_p08
401.118440585,417.076967889,15.958527303,Other,random,C_1H_4O2,15.958530000,RC2_0046_ICR-3_p08
403.334649184,419.293176487,15.958527303,Other,random,C_1H_4O2,15.958530000,RC2_0046_ICR-3_p08
373.105781416,389.064309719,15.958528303,Other,random,C_1H_4O2,15.958530000,RC2_0046_ICR-3_p08
378.241445630,394.199973934,15.958528303,Other,random,C_1H_4O2,15.958530000,RC2_0046_ICR-3_p08
325.165597780,341.124127084,15.958529303,Other,random,C_1H_4O2,15.958530000,RC2_0046_ICR-3_p08
349.092643281,365.051172584,15.958529303,Other,random,C_1H_4O2,15.958530000,RC2_0046_ICR-3_p08
365.154875144,381.113404448,15.958529303,Other,random,C_1H_4O2,15.958530000,RC2_0046_ICR-3_p08
411.194189844,427.152719147,15.958529303,Other,random,C_1H_4O2,15.958530000,RC2_0046_ICR-3_p08
437.108773913,453.067303216,15.958529303,Other,random,C_1H_4O2,15.958530000,RC2_0046_ICR-3_p08
479.183986428,495.142515732,15.958529303,Other,random,C_1H_4O2,15.958530000,RC2_0046_ICR-3_p08
511.109313000,527.067842303,15.958529303,Other,random,C_1H_4O2,15.958530000,RC2_0046_ICR-3_p08
466.098888936,482.057418239,15.958529303,Other,random,C_1H_4O2,15.958530000,RC2_0046_ICR-3_p08
627.193235567,643.151764870,15.958529303,Other,random,C_1H_4O2,15.958530000,RC2_0046_ICR-3_p08
331.131668472,347.090198775,15.958530303,Other,random,C_1H_4O2,15.958530000,RC2_0046_ICR-3_p08
371.077031022,387.035561325,15.958530303,Other,random,C_1H_4O2,15.958530000,RC2_0046_ICR-3_p08
385.056301722,401.014832025,15.958530303,Other,random,C_1H_4O2,15.958530000,RC2_0046_ICR-3_p08
513.176541230,529.135071534,15.958530303,Other,random,C_1H_4O2,15.958530000,RC2_0046_ICR-3_p08
569.260493320,585.219023623,15.958530303,Other,random,C_1H_4O2,15.958530000,RC2_0046_ICR-3_p08
589.265474458,605.224004762,15.958530303,Other,random,C_1H_4O2,15.958530000,RC2_0046_ICR-3_p08
241.071853509,257.030384813,15.958531303,Other,random,C_1H_4O2,15.958530000,RC2_0046_ICR-3_p08
359.243775219,375.202306523,15.958531303,Other,random,C_1H_4O2,15.958530000,RC2_0046_ICR-3_p08
363.194225461,379.152756765,15.958531303,Other,random,C_1H_4O2,15.958530000,RC2_0046_ICR-3_p08
487.291192037,503.249723340,15.958531303,Other,random,C_1H_4O2,15.958530000,RC2_0046_ICR-3_p08
415.097611285,431.056143588,15.958532303,Other,random,C_1H_4O2,15.958530000,RC2_0046_ICR-3_p08
467.082842762,483.041375065,15.958532303,Other,random,C_1H_4O2,15.958530000,RC2_0046_ICR-3_p08
471.129530596,487.088062899,15.958532303,Other,random,C_1H_4O2,15.958530000,RC2_0046_ICR-3_p08
507.309306120,523.267838423,15.958532303,Other,random,C_1H_4O2,15.958530000,RC2_0046_ICR-3_p08
351.072037884,367.030570187,15.958532303,Other,random,C_1H_4O2,15.958530000,RC2_0046_ICR-3_p08
454.143238652,470.101770955,15.958532303,Other,random,C_1H_4O2,15.958530000,RC2_0046_ICR-3_p08
467.192161298,483.150693601,15.958532303,Other,random,C_1H_4O2,15.958530000,RC2_0046_ICR-3_p08
461.231076585,477.189608888,15.958532303,Other,random,C_1H_4O2,15.958530000,RC2_0046_ICR-3_p08
531.163854928,547.122388231,15.958533303,Other,random,C_1H_4O2,15.958530000,RC2_0046_ICR-3_p08
593.223947666,609.182480970,15.958533303,Other,random,C_1H_4O2,15.958530000,RC2_0046_ICR-3_p08
283.082288299,299.040821603,15.958533303,Other,random,C_1H_4O2,15.958530000,RC2_0046_ICR-3_p08
345.155369983,361.113903286,15.958533303,Other,random,C_1H_4O2,15.958530000,RC2_0046_ICR-3_p08
431.165408125,447.123941428,15.958533303,Other,random,C_1H_4O2,15.958530000,RC2_0046_ICR-3_p08
471.142626540,487.101159843,15.958533303,Other,random,C_1H_4O2,15.958530000,RC2_0046_ICR-3_p08
361.142055167,377.100588470,15.958533303,Other,random,C_1H_4O2,15.958530000,RC2_0046_ICR-3_p08
521.202695183,537.161228486,15.958533303,Other,random,C_1H_4O2,15.958530000,RC2_0046_ICR-3_p08
563.176918127,579.135451430,15.958533303,Other,random,C_1H_4O2,15.958530000,RC2_0046_ICR-3_p08
589.278437403,605.236970707,15.958533303,Other,random,C_1H_4O2,15.958530000,RC2_0046_ICR-3_p08
662.253435840,678.211970144,15.958534303,Other,random,C_1H_4O2,15.958530000,RC2_0046_ICR-3_p08
343.066959842,359.025494145,15.958534303,Other,random,C_1H_4O2,15.958530000,RC2_0046_ICR-3_p08
381.241124906,397.199659209,15.958534303,Other,random,C_1H_4O2,15.958530000,RC2_0046_ICR-3_p08
337.178601821,353.137136124,15.958534303,Other,random,C_1H_4O2,15.958530000,RC2_0046_ICR-3_p08
357.118870233,373.077404537,15.958534303,Other,random,C_1H_4O2,15.958530000,RC2_0046_ICR-3_p08
448.096436303,464.054970606,15.958534303,Other,random,C_1H_4O2,15.958530000,RC2_0046_ICR-3_p08
247.097626948,263.056162251,15.958535303,Other,random,C_1H_4O2,15.958530000,RC2_0046_ICR-3_p08
369.186185043,385.144720347,15.958535303,Other,random,C_1H_4O2,15.958530000,RC2_0046_ICR-3_p08
355.170504498,371.129039802,15.958535303,Other,random,C_1H_4O2,15.958530000,RC2_0046_ICR-3_p08
555.236593810,571.195130113,15.958536303,Other,random,C_1H_4O2,15.958530000,RC2_0046_ICR-3_p08
599.213659258,615.172195561,15.958536303,Other,random,C_1H_4O2,15.958530000,RC2_0046_ICR-3_p08
379.134110844,395.092647147,15.958536303,Other,random,C_1H_4O2,15.958530000,RC2_0046_ICR-3_p08
279.160184937,295.118722240,15.958537303,Other,random,C_1H_4O2,15.958530000,RC2_0046_ICR-3_p08
319.131689376,335.090226680,15.958537303,Other,random,C_1H_4O2,15.958530000,RC2_0046_ICR-3_p08
461.181466796,477.140004099,15.958537303,Other,random,C_1H_4O2,15.958530000,RC2_0046_ICR-3_p08
499.109094905,515.067632208,15.958537303,Other,random,C_1H_4O2,15.958530000,RC2_0046_ICR-3_p08
555.150822174,571.109359477,15.958537303,Other,random,C_1H_4O2,15.958530000,RC2_0046_ICR-3_p08
617.273497647,633.232034950,15.958537303,Other,random,C_1H_4O2,15.958530000,RC2_0046_ICR-3_p08
353.154830049,369.113367352,15.958537303,Other,random,C_1H_4O2,15.958530000,RC2_0046_ICR-3_p08
373.092637472,389.051174775,15.958537303,Other,random,C_1H_4O2,15.958530000,RC2_0046_ICR-3_p08
453.176467753,469.135005056,15.958537303,Other,random,C_1H_4O2,15.958530000,RC2_0046_ICR-3_p08
476.156185272,492.114722576,15.958537303,Other,random,C_1H_4O2,15.958530000,RC2_0046_ICR-3_p08
327.144810384,343.103348688,15.958538303,Other,random,C_1H_4O2,15.958530000,RC2_0046_ICR-3_p08
423.232988775,439.191527078,15.958538303,Other,random,C_1H_4O2,15.958530000,RC2_0046_ICR-3_p08
491.314417970,507.272956274,15.958538303,Other,random,C_1H_4O2,15.958530000,RC2_0046_ICR-3_p08
527.278108411,543.236646714,15.958538303,Other,random,C_1H_4O2,15.958530000,RC2_0046_ICR-3_p08
537.270531023,553.229069326,15.958538303,Other,random,C_1H_4O2,15.958530000,RC2_0046_ICR-3_p08
267.160205841,283.118744145,15.958538303,Other,random,C_1H_4O2,15.958530000,RC2_0046_ICR-3_p08
317.196852584,333.155391887,15.958539303,Other,random,C_1H_4O2,15.958530000,RC2_0046_ICR-3_p08
345.074538326,361.033077629,15.958539303,Other,random,C_1H_4O2,15.958530000,RC2_0046_ICR-3_p08
451.137461403,467.096000706,15.958539303,Other,random,C_1H_4O2,15.958530000,RC2_0046_ICR-3_p08
647.234698550,663.193237854,15.958539303,Other,random,C_1H_4O2,15.958530000,RC2_0046_ICR-3_p08
355.103296783,371.061836087,15.958539303,Other,random,C_1H_4O2,15.958530000,RC2_0046_ICR-3_p08
357.128608192,373.087147495,15.958539303,Other,random,C_1H_4O2,15.958530000,RC2_0046_ICR-3_p08
397.113849573,413.072388876,15.958539303,Other,random,C_1H_4O2,15.958530000,RC2_0046_ICR-3_p08
397.142169453,413.100708756,15.958539303,Other,random,C_1H_4O2,15.958530000,RC2_0046_ICR-3_p08
399.071957267,415.030496570,15.958539303,Other,random,C_1H_4O2,15.958530000,RC2_0046_ICR-3_p08
379.097644998,395.074793223,15.977148224,Other,random,O_1S1,15.977157000,RC2_0046_ICR-3_p08
417.076967889,433.054116113,15.977148224,Other,random,O_1S1,15.977157000,RC2_0046_ICR-3_p08
331.103303592,347.080451817,15.977148224,Other,random,O_1S1,15.977157000,RC2_0046_ICR-3_p08
315.108418443,331.085567668,15.977149224,Other,random,O_1S1,15.977157000,RC2_0046_ICR-3_p08
499.155251709,515.132400934,15.977149224,Other,random,O_1S1,15.977157000,RC2_0046_ICR-3_p08
285.097950749,301.075100973,15.977150224,Other,random,O_1S1,15.977157000,RC2_0046_ICR-3_p08
443.129016375,459.106166599,15.977150224,Other,random,O_1S1,15.977157000,RC2_0046_ICR-3_p08
431.165408125,447.142559349,15.977151224,Other,random,O_1S1,15.977157000,RC2_0046_ICR-3_p08
351.175555445,367.152707669,15.977152224,Other,random,O_1S1,15.977157000,RC2_0046_ICR-3_p08
371.098111933,387.075265157,15.977153224,Other,random,O_1S1,15.977157000,RC2_0046_ICR-3_p08
357.082591387,373.059747611,15.977156224,Other,random,O_1S1,15.977157000,RC2_0046_ICR-3_p08
447.087396583,463.064553808,15.977157224,Other,random,O_1S1,15.977157000,RC2_0046_ICR-3_p08
459.087465678,475.064622903,15.977157224,Other,random,O_1S1,15.977157000,RC2_0046_ICR-3_p08
515.322350128,531.299508352,15.977158224,Other,random,O_1S1,15.977157000,RC2_0046_ICR-3_p08
391.170422785,407.147582010,15.977159224,Other,random,O_1S1,15.977157000,RC2_0046_ICR-3_p08
417.149804580,433.126963804,15.977159224,Other,random,O_1S1,15.977157000,RC2_0046_ICR-3_p08
339.181183326,355.158342550,15.977159224,Other,random,O_1S1,15.977157000,RC2_0046_ICR-3_p08
311.149873236,327.127034460,15.977161224,Other,random,O_1S1,15.977157000,RC2_0046_ICR-3_p08
373.087147495,389.064309719,15.977162224,Other,random,O_1S1,15.977157000,RC2_0046_ICR-3_p08
471.160314465,487.137476689,15.977162224,Other,random,O_1S1,15.977157000,RC2_0046_ICR-3_p08
415.097611285,431.074774509,15.977163224,Other,random,O_1S1,15.977157000,RC2_0046_ICR-3_p08
347.098198741,363.075362966,15.977164224,Other,random,O_1S1,15.977157000,RC2_0046_ICR-3_p08
403.170459881,419.147624105,15.977164224,Other,random,O_1S1,15.977157000,RC2_0046_ICR-3_p08
475.082473827,491.059639051,15.977165224,Other,random,O_1S1,15.977157000,RC2_0046_ICR-3_p08
315.063982632,331.058887781,15.994905149,Other,random,hydroxylation (-H),15.994914640,RC2_0046_ICR-3_p08
324.072399418,340.067304567,15.994905149,Other,random,hydroxylation (-H),15.994914640,RC2_0046_ICR-3_p08
407.092654243,423.087559391,15.994905149,Other,random,hydroxylation (-H),15.994914640,RC2_0046_ICR-3_p08
559.109269382,575.104174531,15.994905149,Other,random,hydroxylation (-H),15.994914640,RC2_0046_ICR-3_p08
281.030286004,297.025191153,15.994905149,Other,random,hydroxylation (-H),15.994914640,RC2_0046_ICR-3_p08
435.123825333,451.118730482,15.994905149,Other,random,hydroxylation (-H),15.994914640,RC2_0046_ICR-3_p08
469.163375936,485.158281085,15.994905149,Other,random,hydroxylation (-H),15.994914640,RC2_0046_ICR-3_p08
483.296181984,499.291087133,15.994905149,Other,random,hydroxylation (-H),15.994914640,RC2_0046_ICR-3_p08
301.056416052,317.051321201,15.994905149,Other,random,hydroxylation (-H),15.994914640,RC2_0046_ICR-3_p08
417.046213019,433.041118168,15.994905149,Other,random,hydroxylation (-H),15.994914640,RC2_0046_ICR-3_p08
321.134232882,337.129139030,15.994906149,Other,random,hydroxylation (-H),15.994914640,RC2_0046_ICR-3_p08
333.220002613,349.214908762,15.994906149,Other,random,hydroxylation (-H),15.994914640,RC2_0046_ICR-3_p08
336.158171149,352.153077298,15.994906149,Other,random,hydroxylation (-H),15.994914640,RC2_0046_ICR-3_p08
377.064367624,393.059273773,15.994906149,Other,random,hydroxylation (-H),15.994914640,RC2_0046_ICR-3_p08
379.139647820,395.134553969,15.994906149,Other,random,hydroxylation (-H),15.994914640,RC2_0046_ICR-3_p08
415.160831017,431.155737166,15.994906149,Other,random,hydroxylation (-H),15.994914640,RC2_0046_ICR-3_p08
451.152806338,467.147712487,15.994906149,Other,random,hydroxylation (-H),15.994914640,RC2_0046_ICR-3_p08
533.143082532,549.137988681,15.994906149,Other,random,hydroxylation (-H),15.994914640,RC2_0046_ICR-3_p08
577.083616134,593.078522283,15.994906149,Other,random,hydroxylation (-H),15.994914640,RC2_0046_ICR-3_p08
257.139447350,273.134353499,15.994906149,Other,random,hydroxylation (-H),15.994914640,RC2_0046_ICR-3_p08
377.087562525,393.082468674,15.994906149,Other,random,hydroxylation (-H),15.994914640,RC2_0046_ICR-3_p08
439.189053088,455.183959237,15.994906149,Other,random,hydroxylation (-H),15.994914640,RC2_0046_ICR-3_p08
637.250516904,653.245424053,15.994907149,Other,random,hydroxylation (-H),15.994914640,RC2_0046_ICR-3_p08
357.147287113,373.142194262,15.994907149,Other,random,hydroxylation (-H),15.994914640,RC2_0046_ICR-3_p08
423.202264905,439.197172054,15.994907149,Other,random,hydroxylation (-H),15.994914640,RC2_0046_ICR-3_p08
221.045627461,237.040534610,15.994907149,Other,random,hydroxylation (-H),15.994914640,RC2_0046_ICR-3_p08
315.072085597,331.066992746,15.994907149,Other,random,hydroxylation (-H),15.994914640,RC2_0046_ICR-3_p08
337.105749130,353.100656279,15.994907149,Other,random,hydroxylation (-H),15.994914640,RC2_0046_ICR-3_p08
434.072684792,450.067591941,15.994907149,Other,random,hydroxylation (-H),15.994914640,RC2_0046_ICR-3_p08
517.171336284,533.166243433,15.994907149,Other,random,hydroxylation (-H),15.994914640,RC2_0046_ICR-3_p08
539.176895936,555.171803085,15.994907149,Other,random,hydroxylation (-H),15.994914640,RC2_0046_ICR-3_p08
727.297729920,743.292637069,15.994907149,Other,random,hydroxylation (-H),15.994914640,RC2_0046_ICR-3_p08
447.165863250,463.160771399,15.994908149,Other,random,hydroxylation (-H),15.994914640,RC2_0046_ICR-3_p08
501.197535046,517.192443195,15.994908149,Other,random,hydroxylation (-H),15.994914640,RC2_0046_ICR-3_p08
271.191490741,287.186398890,15.994908149,Other,random,hydroxylation (-H),15.994914640,RC2_0046_ICR-3_p08
428.055049319,444.049957468,15.994908149,Other,random,hydroxylation (-H),15.994914640,RC2_0046_ICR-3_p08
441.204789537,457.199697686,15.994908149,Other,random,hydroxylation (-H),15.994914640,RC2_0046_ICR-3_p08
455.205029148,471.199937297,15.994908149,Other,random,hydroxylation (-H),15.994914640,RC2_0046_ICR-3_p08
497.194542027,513.189450176,15.994908149,Other,random,hydroxylation (-H),15.994914640,RC2_0046_ICR-3_p08
281.066678850,297.061587999,15.994909149,Other,random,hydroxylation (-H),15.994914640,RC2_0046_ICR-3_p08
301.035337142,317.030246291,15.994909149,Other,random,hydroxylation (-H),15.994914640,RC2_0046_ICR-3_p08
301.129241743,317.124150892,15.994909149,Other,random,hydroxylation (-H),15.994914640,RC2_0046_ICR-3_p08
317.043276236,333.038185384,15.994909149,Other,random,hydroxylation (-H),15.994914640,RC2_0046_ICR-3_p08
411.035556517,427.030465666,15.994909149,Other,random,hydroxylation (-H),15.994914640,RC2_0046_ICR-3_p08
441.082623056,457.077532205,15.994909149,Other,random,hydroxylation (-H),15.994914640,RC2_0046_ICR-3_p08
389.160429312,405.155339461,15.994910149,Other,random,hydroxylation (-H),15.994914640,RC2_0046_ICR-3_p08
415.152816051,431.147726200,15.994910149,Other,random,hydroxylation (-H),15.994914640,RC2_0046_ICR-3_p08
229.144602105,245.139512254,15.994910149,Other,random,hydroxylation (-H),15.994914640,RC2_0046_ICR-3_p08
235.024861161,251.019771310,15.994910149,Other,random,hydroxylation (-H),15.994914640,RC2_0046_ICR-3_p08
255.051044209,271.045954358,15.994910149,Other,random,hydroxylation (-H),15.994914640,RC2_0046_ICR-3_p08
347.162921467,363.157831616,15.994910149,Other,random,hydroxylation (-H),15.994914640,RC2_0046_ICR-3_p08
385.165540258,401.160450407,15.994910149,Other,random,hydroxylation (-H),15.994914640,RC2_0046_ICR-3_p08
478.098924031,494.093834180,15.994910149,Other,random,hydroxylation (-H),15.994914640,RC2_0046_ICR-3_p08
517.098707592,533.093617741,15.994910149,Other,random,hydroxylation (-H),15.994914640,RC2_0046_ICR-3_p08
525.052077854,541.046988003,15.994910149,Other,random,hydroxylation (-H),15.994914640,RC2_0046_ICR-3_p08
655.094240210,671.089150359,15.994910149,Other,random,hydroxylation (-H),15.994914640,RC2_0046_ICR-3_p08
539.067913398,555.062823547,15.994910149,Other,random,hydroxylation (-H),15.994914640,RC2_0046_ICR-3_p08
347.080451817,363.075362966,15.994911149,Other,random,hydroxylation (-H),15.994914640,RC2_0046_ICR-3_p08
237.113281302,253.108192451,15.994911149,Other,random,hydroxylation (-H),15.994914640,RC2_0046_ICR-3_p08
279.087396246,295.082307395,15.994911149,Other,random,hydroxylation (-H),15.994914640,RC2_0046_ICR-3_p08
288.051259221,304.046170370,15.994911149,Other,random,hydroxylation (-H),15.994914640,RC2_0046_ICR-3_p08
345.183700863,361.178612012,15.994911149,Other,random,hydroxylation (-H),15.994914640,RC2_0046_ICR-3_p08
393.241041002,409.235952151,15.994911149,Other,random,hydroxylation (-H),15.994914640,RC2_0046_ICR-3_p08
484.153804346,500.148715495,15.994911149,Other,random,hydroxylation (-H),15.994914640,RC2_0046_ICR-3_p08
553.220993360,569.215905509,15.994912149,Other,random,hydroxylation (-H),15.994914640,RC2_0046_ICR-3_p08
250.072156330,266.067068479,15.994912149,Other,random,hydroxylation (-H),15.994914640,RC2_0046_ICR-3_p08
305.160566642,321.155478791,15.994912149,Other,random,hydroxylation (-H),15.994914640,RC2_0046_ICR-3_p08
311.040790698,327.035702847,15.994912149,Other,random,hydroxylation (-H),15.994914640,RC2_0046_ICR-3_p08
343.066959842,359.061871991,15.994912149,Other,random,hydroxylation (-H),15.994914640,RC2_0046_ICR-3_p08
443.155615262,459.150527411,15.994912149,Other,random,hydroxylation (-H),15.994914640,RC2_0046_ICR-3_p08
559.145736227,575.140648376,15.994912149,Other,random,hydroxylation (-H),15.994914640,RC2_0046_ICR-3_p08
299.019651692,315.014563841,15.994912149,Other,random,hydroxylation (-H),15.994914640,RC2_0046_ICR-3_p08
309.025120249,325.020032398,15.994912149,Other,random,hydroxylation (-H),15.994914640,RC2_0046_ICR-3_p08
333.074532230,349.069444379,15.994912149,Other,random,hydroxylation (-H),15.994914640,RC2_0046_ICR-3_p08
341.160435930,357.155348079,15.994912149,Other,random,hydroxylation (-H),15.994914640,RC2_0046_ICR-3_p08
389.064309719,405.059221868,15.994912149,Other,random,hydroxylation (-H),15.994914640,RC2_0046_ICR-3_p08
423.121403248,439.116315397,15.994912149,Other,random,hydroxylation (-H),15.994914640,RC2_0046_ICR-3_p08
577.229035517,593.223947666,15.994912149,Other,random,hydroxylation (-H),15.994914640,RC2_0046_ICR-3_p08
269.131227480,285.126140629,15.994913149,Other,random,hydroxylation (-H),15.994914640,RC2_0046_ICR-3_p08
423.093130368,439.088043517,15.994913149,Other,random,hydroxylation (-H),15.994914640,RC2_0046_ICR-3_p08
447.178862195,463.173775344,15.994913149,Other,random,hydroxylation (-H),15.994914640,RC2_0046_ICR-3_p08
461.121770049,477.116683198,15.994913149,Other,random,hydroxylation (-H),15.994914640,RC2_0046_ICR-3_p08
477.225844735,493.220757884,15.994913149,Other,random,hydroxylation (-H),15.994914640,RC2_0046_ICR-3_p08
541.257269111,557.252182260,15.994913149,Other,random,hydroxylation (-H),15.994914640,RC2_0046_ICR-3_p08
683.125341301,699.120254450,15.994913149,Other,random,hydroxylation (-H),15.994914640,RC2_0046_ICR-3_p08
233.009237711,249.004150860,15.994913149,Other,random,hydroxylation (-H),15.994914640,RC2_0046_ICR-3_p08
387.129488927,403.124402076,15.994913149,Other,random,hydroxylation (-H),15.994914640,RC2_0046_ICR-3_p08
411.129493118,427.124406267,15.994913149,Other,random,hydroxylation (-H),15.994914640,RC2_0046_ICR-3_p08
575.226373013,591.221286162,15.994913149,Other,random,hydroxylation (-H),15.994914640,RC2_0046_ICR-3_p08
322.093127814,338.088041963,15.994914149,Other,random,hydroxylation (-H),15.994914640,RC2_0046_ICR-3_p08
347.116693663,363.111607812,15.994914149,Other,random,hydroxylation (-H),15.994914640,RC2_0046_ICR-3_p08
371.149870713,387.144784862,15.994914149,Other,random,hydroxylation (-H),15.994914640,RC2_0046_ICR-3_p08
427.066768512,443.061682660,15.994914149,Other,random,hydroxylation (-H),15.994914640,RC2_0046_ICR-3_p08
475.210181285,491.205095434,15.994914149,Other,random,hydroxylation (-H),15.994914640,RC2_0046_ICR-3_p08
305.139318733,321.134232882,15.994914149,Other,random,hydroxylation (-H),15.994914640,RC2_0046_ICR-3_p08
419.111114260,435.106028409,15.994914149,Other,random,hydroxylation (-H),15.994914640,RC2_0046_ICR-3_p08
479.132386647,495.127300796,15.994914149,Other,random,hydroxylation (-H),15.994914640,RC2_0046_ICR-3_p08
298.056797777,314.051712926,15.994915149,Other,random,hydroxylation (-H),15.994914640,RC2_0046_ICR-3_p08
301.084797932,317.079713081,15.994915149,Other,random,hydroxylation (-H),15.994914640,RC2_0046_ICR-3_p08
331.009427991,347.004343139,15.994915149,Other,random,hydroxylation (-H),15.994914640,RC2_0046_ICR-3_p08
377.196806062,393.191721211,15.994915149,Other,random,hydroxylation (-H),15.994914640,RC2_0046_ICR-3_p08
383.107904987,399.102820136,15.994915149,Other,random,hydroxylation (-H),15.994914640,RC2_0046_ICR-3_p08
399.071957267,415.066872416,15.994915149,Other,random,hydroxylation (-H),15.994914640,RC2_0046_ICR-3_p08
433.108261883,449.103177032,15.994915149,Other,random,hydroxylation (-H),15.994914640,RC2_0046_ICR-3_p08
435.165894155,451.160809304,15.994915149,Other,random,hydroxylation (-H),15.994914640,RC2_0046_ICR-3_p08
459.093144654,475.088059803,15.994915149,Other,random,hydroxylation (-H),15.994914640,RC2_0046_ICR-3_p08
463.246582035,479.241497184,15.994915149,Other,random,hydroxylation (-H),15.994914640,RC2_0046_ICR-3_p08
555.041691637,571.036606786,15.994915149,Other,random,hydroxylation (-H),15.994914640,RC2_0046_ICR-3_p08
235.061279006,251.056194155,15.994915149,Other,random,hydroxylation (-H),15.994914640,RC2_0046_ICR-3_p08
239.092551906,255.087467054,15.994915149,Other,random,hydroxylation (-H),15.994914640,RC2_0046_ICR-3_p08
268.082669928,284.077585077,15.994915149,Other,random,hydroxylation (-H),15.994914640,RC2_0046_ICR-3_p08
320.077487364,336.072402513,15.994915149,Other,random,hydroxylation (-H),15.994914640,RC2_0046_ICR-3_p08
387.102684041,403.097599190,15.994915149,Other,random,hydroxylation (-H),15.994914640,RC2_0046_ICR-3_p08
427.139650202,443.134565351,15.994915149,Other,random,hydroxylation (-H),15.994914640,RC2_0046_ICR-3_p08
489.225868830,505.220783979,15.994915149,Other,random,hydroxylation (-H),15.994914640,RC2_0046_ICR-3_p08
543.171937989,559.166854138,15.994916149,Other,random,hydroxylation (-H),15.994914640,RC2_0046_ICR-3_p08
262.072133425,278.067049574,15.994916149,Other,random,hydroxylation (-H),15.994914640,RC2_0046_ICR-3_p08
289.165650494,305.160566642,15.994916149,Other,random,hydroxylation (-H),15.994914640,RC2_0046_ICR-3_p08
291.136814132,307.131730281,15.994916149,Other,random,hydroxylation (-H),15.994914640,RC2_0046_ICR-3_p08
305.030204195,321.025120344,15.994916149,Other,random,hydroxylation (-H),15.994914640,RC2_0046_ICR-3_p08
421.150163610,437.145079759,15.994916149,Other,random,hydroxylation (-H),15.994914640,RC2_0046_ICR-3_p08
427.043364611,443.038280760,15.994916149,Other,random,hydroxylation (-H),15.994914640,RC2_0046_ICR-3_p08
432.093501188,448.088417337,15.994916149,Other,random,hydroxylation (-H),15.994914640,RC2_0046_ICR-3_p08
443.098228505,459.093144654,15.994916149,Other,random,hydroxylation (-H),15.994914640,RC2_0046_ICR-3_p08
473.230952681,489.225868830,15.994916149,Other,random,hydroxylation (-H),15.994914640,RC2_0046_ICR-3_p08
533.093617741,549.088533890,15.994916149,Other,random,hydroxylation (-H),15.994914640,RC2_0046_ICR-3_p08
541.156207540,557.151123689,15.994916149,Other,random,hydroxylation (-H),15.994914640,RC2_0046_ICR-3_p08
677.245313244,693.240229393,15.994916149,Other,random,hydroxylation (-H),15.994914640,RC2_0046_ICR-3_p08
317.051321201,333.046238350,15.994917149,Other,random,hydroxylation (-H),15.994914640,RC2_0046_ICR-3_p08
445.077470109,461.072387258,15.994917149,Other,random,hydroxylation (-H),15.994914640,RC2_0046_ICR-3_p08
471.251820077,487.246737226,15.994917149,Other,random,hydroxylation (-H),15.994914640,RC2_0046_ICR-3_p08
513.067230694,529.062147843,15.994917149,Other,random,hydroxylation (-H),15.994914640,RC2_0046_ICR-3_p08
555.062823547,571.057740696,15.994917149,Other,random,hydroxylation (-H),15.994914640,RC2_0046_ICR-3_p08
511.181879692,527.176796841,15.994917149,Other,random,hydroxylation (-H),15.994914640,RC2_0046_ICR-3_p08
397.180938288,413.175855437,15.994917149,Other,random,hydroxylation (-H),15.994914640,RC2_0046_ICR-3_p08
307.009491799,323.004408948,15.994917149,Other,random,hydroxylation (-H),15.994914640,RC2_0046_ICR-3_p08
379.152756765,395.147674914,15.994918149,Other,random,hydroxylation (-H),15.994914640,RC2_0046_ICR-3_p08
323.113488485,339.108406634,15.994918149,Other,random,hydroxylation (-H),15.994914640,RC2_0046_ICR-3_p08
329.139349923,345.134268072,15.994918149,Other,random,hydroxylation (-H),15.994914640,RC2_0046_ICR-3_p08
414.112037466,430.106955615,15.994918149,Other,random,hydroxylation (-H),15.994914640,RC2_0046_ICR-3_p08
455.074806700,471.069724849,15.994918149,Other,random,hydroxylation (-H),15.994914640,RC2_0046_ICR-3_p08
469.077293301,485.072211450,15.994918149,Other,random,hydroxylation (-H),15.994914640,RC2_0046_ICR-3_p08
500.112280650,516.107198799,15.994918149,Other,random,hydroxylation (-H),15.994914640,RC2_0046_ICR-3_p08
511.072924154,527.067842303,15.994918149,Other,random,hydroxylation (-H),15.994914640,RC2_0046_ICR-3_p08
519.114295042,535.109213191,15.994918149,Other,random,hydroxylation (-H),15.994914640,RC2_0046_ICR-3_p08
523.173911821,539.168829970,15.994918149,Other,random,hydroxylation (-H),15.994914640,RC2_0046_ICR-3_p08
531.090947237,547.085865386,15.994918149,Other,random,hydroxylation (-H),15.994914640,RC2_0046_ICR-3_p08
397.159894378,413.154812527,15.994918149,Other,random,hydroxylation (-H),15.994914640,RC2_0046_ICR-3_p08
515.140568899,531.135487048,15.994918149,Other,random,hydroxylation (-H),15.994914640,RC2_0046_ICR-3_p08
533.129930587,549.124849736,15.994919149,Other,random,hydroxylation (-H),15.994914640,RC2_0046_ICR-3_p08
332.077541460,348.072460608,15.994919149,Other,random,hydroxylation (-H),15.994914640,RC2_0046_ICR-3_p08
343.082106778,359.077025927,15.994919149,Other,random,hydroxylation (-H),15.994914640,RC2_0046_ICR-3_p08
395.025350432,411.020269581,15.994919149,Other,random,hydroxylation (-H),15.994914640,RC2_0046_ICR-3_p08
475.197017341,491.191936490,15.994919149,Other,random,hydroxylation (-H),15.994914640,RC2_0046_ICR-3_p08
224.056505689,240.051424838,15.994919149,Other,random,hydroxylation (-H),15.994914640,RC2_0046_ICR-3_p08
225.040542515,241.035461664,15.994919149,Other,random,hydroxylation (-H),15.994914640,RC2_0046_ICR-3_p08
291.173172978,307.168092126,15.994919149,Other,random,hydroxylation (-H),15.994914640,RC2_0046_ICR-3_p08
305.079709985,321.074629134,15.994919149,Other,random,hydroxylation (-H),15.994914640,RC2_0046_ICR-3_p08
305.116084831,321.111003980,15.994919149,Other,random,hydroxylation (-H),15.994914640,RC2_0046_ICR-3_p08
399.092986177,415.087905326,15.994919149,Other,random,hydroxylation (-H),15.994914640,RC2_0046_ICR-3_p08
402.046572648,418.041491797,15.994919149,Other,random,hydroxylation (-H),15.994914640,RC2_0046_ICR-3_p08
527.132518029,543.127438178,15.994920149,Other,random,hydroxylation (-H),15.994914640,RC2_0046_ICR-3_p08
403.079856265,419.074776414,15.994920149,Other,random,hydroxylation (-H),15.994914640,RC2_0046_ICR-3_p08
403.097599190,419.092519339,15.994920149,Other,random,hydroxylation (-H),15.994914640,RC2_0046_ICR-3_p08
297.147313635,313.142233784,15.994920149,Other,random,hydroxylation (-H),15.994914640,RC2_0046_ICR-3_p08
279.160184937,295.155105086,15.994920149,Other,random,hydroxylation (-H),15.994914640,RC2_0046_ICR-3_p08
369.191615020,385.186535169,15.994920149,Other,random,hydroxylation (-H),15.994914640,RC2_0046_ICR-3_p08
375.066421099,391.061341248,15.994920149,Other,random,hydroxylation (-H),15.994914640,RC2_0046_ICR-3_p08
401.145149472,417.140069621,15.994920149,Other,random,hydroxylation (-H),15.994914640,RC2_0046_ICR-3_p08
481.062136461,497.057056610,15.994920149,Other,random,hydroxylation (-H),15.994914640,RC2_0046_ICR-3_p08
327.072039693,343.066959842,15.994920149,Other,random,hydroxylation (-H),15.994914640,RC2_0046_ICR-3_p08
331.154979373,347.149900522,15.994921149,Other,random,hydroxylation (-H),15.994914640,RC2_0046_ICR-3_p08
367.131651759,383.126572908,15.994921149,Other,random,hydroxylation (-H),15.994914640,RC2_0046_ICR-3_p08
467.147712487,483.142633635,15.994921149,Other,random,hydroxylation (-H),15.994914640,RC2_0046_ICR-3_p08
321.183680672,337.178601821,15.994921149,Other,random,hydroxylation (-H),15.994914640,RC2_0046_ICR-3_p08
409.235952151,425.230873299,15.994921149,Other,random,hydroxylation (-H),15.994914640,RC2_0046_ICR-3_p08
575.153643321,591.148564470,15.994921149,Other,random,hydroxylation (-H),15.994914640,RC2_0046_ICR-3_p08
381.131987369,397.126908518,15.994921149,Other,random,hydroxylation (-H),15.994914640,RC2_0046_ICR-3_p08
395.171020815,411.165941963,15.994921149,Other,random,hydroxylation (-H),15.994914640,RC2_0046_ICR-3_p08
447.087396583,463.082317732,15.994921149,Other,random,hydroxylation (-H),15.994914640,RC2_0046_ICR-3_p08
549.124849736,565.119770885,15.994921149,Other,random,hydroxylation (-H),15.994914640,RC2_0046_ICR-3_p08
441.176386658,457.171308807,15.994922149,Other,random,hydroxylation (-H),15.994914640,RC2_0046_ICR-3_p08
311.090239489,327.085161637,15.994922149,Other,random,hydroxylation (-H),15.994914640,RC2_0046_ICR-3_p08
321.147343826,337.142265975,15.994922149,Other,random,hydroxylation (-H),15.994914640,RC2_0046_ICR-3_p08
329.102931078,345.097853227,15.994922149,Other,random,hydroxylation (-H),15.994914640,RC2_0046_ICR-3_p08
347.090198775,363.085120924,15.994922149,Other,random,hydroxylation (-H),15.994914640,RC2_0046_ICR-3_p08
364.225774086,380.220696234,15.994922149,Other,random,hydroxylation (-H),15.994914640,RC2_0046_ICR-3_p08
369.228090865,385.223013014,15.994922149,Other,random,hydroxylation (-H),15.994914640,RC2_0046_ICR-3_p08
391.152659861,407.147582010,15.994922149,Other,random,hydroxylation (-H),15.994914640,RC2_0046_ICR-3_p08
637.287017749,653.281939898,15.994922149,Other,random,hydroxylation (-H),15.994914640,RC2_0046_ICR-3_p08
243.123862805,259.118784953,15.994922149,Other,random,hydroxylation (-H),15.994914640,RC2_0046_ICR-3_p08
353.051312488,369.046234637,15.994922149,Other,random,hydroxylation (-H),15.994914640,RC2_0046_ICR-3_p08
514.062540472,530.057462621,15.994922149,Other,random,hydroxylation (-H),15.994914640,RC2_0046_ICR-3_p08
387.144784862,403.139707011,15.994922149,Other,random,hydroxylation (-H),15.994914640,RC2_0046_ICR-3_p08
477.153172043,493.148094192,15.994922149,Other,random,hydroxylation (-H),15.994914640,RC2_0046_ICR-3_p08
499.197219531,515.192141680,15.994922149,Other,random,hydroxylation (-H),15.994914640,RC2_0046_ICR-3_p08
555.317510467,571.312433616,15.994923149,Other,random,hydroxylation (-H),15.994914640,RC2_0046_ICR-3_p08
479.277962030,495.272885178,15.994923149,Other,random,hydroxylation (-H),15.994914640,RC2_0046_ICR-3_p08
339.139191504,355.134114653,15.994923149,Other,random,hydroxylation (-H),15.994914640,RC2_0046_ICR-3_p08
367.206860440,383.201783589,15.994923149,Other,random,hydroxylation (-H),15.994914640,RC2_0046_ICR-3_p08
405.168317406,421.163240555,15.994923149,Other,random,hydroxylation (-H),15.994914640,RC2_0046_ICR-3_p08
517.220839074,533.215762223,15.994923149,Other,random,hydroxylation (-H),15.994914640,RC2_0046_ICR-3_p08
671.198236896,687.193160045,15.994923149,Other,random,hydroxylation (-H),15.994914640,RC2_0046_ICR-3_p08
241.035461664,257.030384813,15.994923149,Other,random,hydroxylation (-H),15.994914640,RC2_0046_ICR-3_p08
245.066709563,261.061632712,15.994923149,Other,random,hydroxylation (-H),15.994914640,RC2_0046_ICR-3_p08
377.051321679,393.046244828,15.994923149,Other,random,hydroxylation (-H),15.994914640,RC2_0046_ICR-3_p08
413.118394681,429.113317830,15.994923149,Other,random,hydroxylation (-H),15.994914640,RC2_0046_ICR-3_p08
304.067424280,320.062348428,15.994924149,Other,random,hydroxylation (-H),15.994914640,RC2_0046_ICR-3_p08
515.278014316,531.272938465,15.994924149,Other,random,hydroxylation (-H),15.994914640,RC2_0046_ICR-3_p08
543.187076925,559.182001074,15.994924149,Other,random,hydroxylation (-H),15.994914640,RC2_0046_ICR-3_p08
593.215786701,609.210710850,15.994924149,Other,random,hydroxylation (-H),15.994914640,RC2_0046_ICR-3_p08
361.019841685,377.014765834,15.994924149,Other,random,hydroxylation (-H),15.994914640,RC2_0046_ICR-3_p08
479.183986428,495.178910577,15.994924149,Other,random,hydroxylation (-H),15.994914640,RC2_0046_ICR-3_p08
313.108006929,329.102931078,15.994924149,Other,random,hydroxylation (-H),15.994914640,RC2_0046_ICR-3_p08
473.181610891,489.176535039,15.994924149,Other,random,hydroxylation (-H),15.994914640,RC2_0046_ICR-3_p08
409.217405229,425.212329378,15.994924149,Other,random,hydroxylation (-H),15.994914640,RC2_0046_ICR-3_p08
315.063982632,331.058887781,15.994905149,Other,random,O1,15.994915000,RC2_0046_ICR-3_p08
324.072399418,340.067304567,15.994905149,Other,random,O1,15.994915000,RC2_0046_ICR-3_p08
407.092654243,423.087559391,15.994905149,Other,random,O1,15.994915000,RC2_0046_ICR-3_p08
559.109269382,575.104174531,15.994905149,Other,random,O1,15.994915000,RC2_0046_ICR-3_p08
281.030286004,297.025191153,15.994905149,Other,random,O1,15.994915000,RC2_0046_ICR-3_p08
435.123825333,451.118730482,15.994905149,Other,random,O1,15.994915000,RC2_0046_ICR-3_p08
469.163375936,485.158281085,15.994905149,Other,random,O1,15.994915000,RC2_0046_ICR-3_p08
483.296181984,499.291087133,15.994905149,Other,random,O1,15.994915000,RC2_0046_ICR-3_p08
301.056416052,317.051321201,15.994905149,Other,random,O1,15.994915000,RC2_0046_ICR-3_p08
417.046213019,433.041118168,15.994905149,Other,random,O1,15.994915000,RC2_0046_ICR-3_p08
321.134232882,337.129139030,15.994906149,Other,random,O1,15.994915000,RC2_0046_ICR-3_p08
333.220002613,349.214908762,15.994906149,Other,random,O1,15.994915000,RC2_0046_ICR-3_p08
336.158171149,352.153077298,15.994906149,Other,random,O1,15.994915000,RC2_0046_ICR-3_p08
377.064367624,393.059273773,15.994906149,Other,random,O1,15.994915000,RC2_0046_ICR-3_p08
379.139647820,395.134553969,15.994906149,Other,random,O1,15.994915000,RC2_0046_ICR-3_p08
415.160831017,431.155737166,15.994906149,Other,random,O1,15.994915000,RC2_0046_ICR-3_p08
451.152806338,467.147712487,15.994906149,Other,random,O1,15.994915000,RC2_0046_ICR-3_p08
533.143082532,549.137988681,15.994906149,Other,random,O1,15.994915000,RC2_0046_ICR-3_p08
577.083616134,593.078522283,15.994906149,Other,random,O1,15.994915000,RC2_0046_ICR-3_p08
257.139447350,273.134353499,15.994906149,Other,random,O1,15.994915000,RC2_0046_ICR-3_p08
377.087562525,393.082468674,15.994906149,Other,random,O1,15.994915000,RC2_0046_ICR-3_p08
439.189053088,455.183959237,15.994906149,Other,random,O1,15.994915000,RC2_0046_ICR-3_p08
637.250516904,653.245424053,15.994907149,Other,random,O1,15.994915000,RC2_0046_ICR-3_p08
357.147287113,373.142194262,15.994907149,Other,random,O1,15.994915000,RC2_0046_ICR-3_p08
423.202264905,439.197172054,15.994907149,Other,random,O1,15.994915000,RC2_0046_ICR-3_p08
221.045627461,237.040534610,15.994907149,Other,random,O1,15.994915000,RC2_0046_ICR-3_p08
315.072085597,331.066992746,15.994907149,Other,random,O1,15.994915000,RC2_0046_ICR-3_p08
337.105749130,353.100656279,15.994907149,Other,random,O1,15.994915000,RC2_0046_ICR-3_p08
434.072684792,450.067591941,15.994907149,Other,random,O1,15.994915000,RC2_0046_ICR-3_p08
517.171336284,533.166243433,15.994907149,Other,random,O1,15.994915000,RC2_0046_ICR-3_p08
539.176895936,555.171803085,15.994907149,Other,random,O1,15.994915000,RC2_0046_ICR-3_p08
727.297729920,743.292637069,15.994907149,Other,random,O1,15.994915000,RC2_0046_ICR-3_p08
447.165863250,463.160771399,15.994908149,Other,random,O1,15.994915000,RC2_0046_ICR-3_p08
501.197535046,517.192443195,15.994908149,Other,random,O1,15.994915000,RC2_0046_ICR-3_p08
271.191490741,287.186398890,15.994908149,Other,random,O1,15.994915000,RC2_0046_ICR-3_p08
428.055049319,444.049957468,15.994908149,Other,random,O1,15.994915000,RC2_0046_ICR-3_p08
441.204789537,457.199697686,15.994908149,Other,random,O1,15.994915000,RC2_0046_ICR-3_p08
455.205029148,471.199937297,15.994908149,Other,random,O1,15.994915000,RC2_0046_ICR-3_p08
497.194542027,513.189450176,15.994908149,Other,random,O1,15.994915000,RC2_0046_ICR-3_p08
281.066678850,297.061587999,15.994909149,Other,random,O1,15.994915000,RC2_0046_ICR-3_p08
301.035337142,317.030246291,15.994909149,Other,random,O1,15.994915000,RC2_0046_ICR-3_p08
301.129241743,317.124150892,15.994909149,Other,random,O1,15.994915000,RC2_0046_ICR-3_p08
317.043276236,333.038185384,15.994909149,Other,random,O1,15.994915000,RC2_0046_ICR-3_p08
411.035556517,427.030465666,15.994909149,Other,random,O1,15.994915000,RC2_0046_ICR-3_p08
441.082623056,457.077532205,15.994909149,Other,random,O1,15.994915000,RC2_0046_ICR-3_p08
389.160429312,405.155339461,15.994910149,Other,random,O1,15.994915000,RC2_0046_ICR-3_p08
415.152816051,431.147726200,15.994910149,Other,random,O1,15.994915000,RC2_0046_ICR-3_p08
229.144602105,245.139512254,15.994910149,Other,random,O1,15.994915000,RC2_0046_ICR-3_p08
235.024861161,251.019771310,15.994910149,Other,random,O1,15.994915000,RC2_0046_ICR-3_p08
255.051044209,271.045954358,15.994910149,Other,random,O1,15.994915000,RC2_0046_ICR-3_p08
347.162921467,363.157831616,15.994910149,Other,random,O1,15.994915000,RC2_0046_ICR-3_p08
385.165540258,401.160450407,15.994910149,Other,random,O1,15.994915000,RC2_0046_ICR-3_p08
478.098924031,494.093834180,15.994910149,Other,random,O1,15.994915000,RC2_0046_ICR-3_p08
517.098707592,533.093617741,15.994910149,Other,random,O1,15.994915000,RC2_0046_ICR-3_p08
525.052077854,541.046988003,15.994910149,Other,random,O1,15.994915000,RC2_0046_ICR-3_p08
655.094240210,671.089150359,15.994910149,Other,random,O1,15.994915000,RC2_0046_ICR-3_p08
539.067913398,555.062823547,15.994910149,Other,random,O1,15.994915000,RC2_0046_ICR-3_p08
347.080451817,363.075362966,15.994911149,Other,random,O1,15.994915000,RC2_0046_ICR-3_p08
237.113281302,253.108192451,15.994911149,Other,random,O1,15.994915000,RC2_0046_ICR-3_p08
279.087396246,295.082307395,15.994911149,Other,random,O1,15.994915000,RC2_0046_ICR-3_p08
288.051259221,304.046170370,15.994911149,Other,random,O1,15.994915000,RC2_0046_ICR-3_p08
345.183700863,361.178612012,15.994911149,Other,random,O1,15.994915000,RC2_0046_ICR-3_p08
393.241041002,409.235952151,15.994911149,Other,random,O1,15.994915000,RC2_0046_ICR-3_p08
484.153804346,500.148715495,15.994911149,Other,random,O1,15.994915000,RC2_0046_ICR-3_p08
553.220993360,569.215905509,15.994912149,Other,random,O1,15.994915000,RC2_0046_ICR-3_p08
250.072156330,266.067068479,15.994912149,Other,random,O1,15.994915000,RC2_0046_ICR-3_p08
305.160566642,321.155478791,15.994912149,Other,random,O1,15.994915000,RC2_0046_ICR-3_p08
311.040790698,327.035702847,15.994912149,Other,random,O1,15.994915000,RC2_0046_ICR-3_p08
343.066959842,359.061871991,15.994912149,Other,random,O1,15.994915000,RC2_0046_ICR-3_p08
443.155615262,459.150527411,15.994912149,Other,random,O1,15.994915000,RC2_0046_ICR-3_p08
559.145736227,575.140648376,15.994912149,Other,random,O1,15.994915000,RC2_0046_ICR-3_p08
299.019651692,315.014563841,15.994912149,Other,random,O1,15.994915000,RC2_0046_ICR-3_p08
309.025120249,325.020032398,15.994912149,Other,random,O1,15.994915000,RC2_0046_ICR-3_p08
333.074532230,349.069444379,15.994912149,Other,random,O1,15.994915000,RC2_0046_ICR-3_p08
341.160435930,357.155348079,15.994912149,Other,random,O1,15.994915000,RC2_0046_ICR-3_p08
389.064309719,405.059221868,15.994912149,Other,random,O1,15.994915000,RC2_0046_ICR-3_p08
423.121403248,439.116315397,15.994912149,Other,random,O1,15.994915000,RC2_0046_ICR-3_p08
577.229035517,593.223947666,15.994912149,Other,random,O1,15.994915000,RC2_0046_ICR-3_p08
269.131227480,285.126140629,15.994913149,Other,random,O1,15.994915000,RC2_0046_ICR-3_p08
423.093130368,439.088043517,15.994913149,Other,random,O1,15.994915000,RC2_0046_ICR-3_p08
447.178862195,463.173775344,15.994913149,Other,random,O1,15.994915000,RC2_0046_ICR-3_p08
461.121770049,477.116683198,15.994913149,Other,random,O1,15.994915000,RC2_0046_ICR-3_p08
477.225844735,493.220757884,15.994913149,Other,random,O1,15.994915000,RC2_0046_ICR-3_p08
541.257269111,557.252182260,15.994913149,Other,random,O1,15.994915000,RC2_0046_ICR-3_p08
683.125341301,699.120254450,15.994913149,Other,random,O1,15.994915000,RC2_0046_ICR-3_p08
233.009237711,249.004150860,15.994913149,Other,random,O1,15.994915000,RC2_0046_ICR-3_p08
387.129488927,403.124402076,15.994913149,Other,random,O1,15.994915000,RC2_0046_ICR-3_p08
411.129493118,427.124406267,15.994913149,Other,random,O1,15.994915000,RC2_0046_ICR-3_p08
575.226373013,591.221286162,15.994913149,Other,random,O1,15.994915000,RC2_0046_ICR-3_p08
322.093127814,338.088041963,15.994914149,Other,random,O1,15.994915000,RC2_0046_ICR-3_p08
347.116693663,363.111607812,15.994914149,Other,random,O1,15.994915000,RC2_0046_ICR-3_p08
371.149870713,387.144784862,15.994914149,Other,random,O1,15.994915000,RC2_0046_ICR-3_p08
427.066768512,443.061682660,15.994914149,Other,random,O1,15.994915000,RC2_0046_ICR-3_p08
475.210181285,491.205095434,15.994914149,Other,random,O1,15.994915000,RC2_0046_ICR-3_p08
305.139318733,321.134232882,15.994914149,Other,random,O1,15.994915000,RC2_0046_ICR-3_p08
419.111114260,435.106028409,15.994914149,Other,random,O1,15.994915000,RC2_0046_ICR-3_p08
479.132386647,495.127300796,15.994914149,Other,random,O1,15.994915000,RC2_0046_ICR-3_p08
298.056797777,314.051712926,15.994915149,Other,random,O1,15.994915000,RC2_0046_ICR-3_p08
301.084797932,317.079713081,15.994915149,Other,random,O1,15.994915000,RC2_0046_ICR-3_p08
331.009427991,347.004343139,15.994915149,Other,random,O1,15.994915000,RC2_0046_ICR-3_p08
377.196806062,393.191721211,15.994915149,Other,random,O1,15.994915000,RC2_0046_ICR-3_p08
383.107904987,399.102820136,15.994915149,Other,random,O1,15.994915000,RC2_0046_ICR-3_p08
399.071957267,415.066872416,15.994915149,Other,random,O1,15.994915000,RC2_0046_ICR-3_p08
433.108261883,449.103177032,15.994915149,Other,random,O1,15.994915000,RC2_0046_ICR-3_p08
435.165894155,451.160809304,15.994915149,Other,random,O1,15.994915000,RC2_0046_ICR-3_p08
459.093144654,475.088059803,15.994915149,Other,random,O1,15.994915000,RC2_0046_ICR-3_p08
463.246582035,479.241497184,15.994915149,Other,random,O1,15.994915000,RC2_0046_ICR-3_p08
555.041691637,571.036606786,15.994915149,Other,random,O1,15.994915000,RC2_0046_ICR-3_p08
235.061279006,251.056194155,15.994915149,Other,random,O1,15.994915000,RC2_0046_ICR-3_p08
239.092551906,255.087467054,15.994915149,Other,random,O1,15.994915000,RC2_0046_ICR-3_p08
268.082669928,284.077585077,15.994915149,Other,random,O1,15.994915000,RC2_0046_ICR-3_p08
320.077487364,336.072402513,15.994915149,Other,random,O1,15.994915000,RC2_0046_ICR-3_p08
387.102684041,403.097599190,15.994915149,Other,random,O1,15.994915000,RC2_0046_ICR-3_p08
427.139650202,443.134565351,15.994915149,Other,random,O1,15.994915000,RC2_0046_ICR-3_p08
489.225868830,505.220783979,15.994915149,Other,random,O1,15.994915000,RC2_0046_ICR-3_p08
543.171937989,559.166854138,15.994916149,Other,random,O1,15.994915000,RC2_0046_ICR-3_p08
262.072133425,278.067049574,15.994916149,Other,random,O1,15.994915000,RC2_0046_ICR-3_p08
289.165650494,305.160566642,15.994916149,Other,random,O1,15.994915000,RC2_0046_ICR-3_p08
291.136814132,307.131730281,15.994916149,Other,random,O1,15.994915000,RC2_0046_ICR-3_p08
305.030204195,321.025120344,15.994916149,Other,random,O1,15.994915000,RC2_0046_ICR-3_p08
421.150163610,437.145079759,15.994916149,Other,random,O1,15.994915000,RC2_0046_ICR-3_p08
427.043364611,443.038280760,15.994916149,Other,random,O1,15.994915000,RC2_0046_ICR-3_p08
432.093501188,448.088417337,15.994916149,Other,random,O1,15.994915000,RC2_0046_ICR-3_p08
443.098228505,459.093144654,15.994916149,Other,random,O1,15.994915000,RC2_0046_ICR-3_p08
473.230952681,489.225868830,15.994916149,Other,random,O1,15.994915000,RC2_0046_ICR-3_p08
533.093617741,549.088533890,15.994916149,Other,random,O1,15.994915000,RC2_0046_ICR-3_p08
541.156207540,557.151123689,15.994916149,Other,random,O1,15.994915000,RC2_0046_ICR-3_p08
677.245313244,693.240229393,15.994916149,Other,random,O1,15.994915000,RC2_0046_ICR-3_p08
317.051321201,333.046238350,15.994917149,Other,random,O1,15.994915000,RC2_0046_ICR-3_p08
445.077470109,461.072387258,15.994917149,Other,random,O1,15.994915000,RC2_0046_ICR-3_p08
471.251820077,487.246737226,15.994917149,Other,random,O1,15.994915000,RC2_0046_ICR-3_p08
513.067230694,529.062147843,15.994917149,Other,random,O1,15.994915000,RC2_0046_ICR-3_p08
555.062823547,571.057740696,15.994917149,Other,random,O1,15.994915000,RC2_0046_ICR-3_p08
511.181879692,527.176796841,15.994917149,Other,random,O1,15.994915000,RC2_0046_ICR-3_p08
397.180938288,413.175855437,15.994917149,Other,random,O1,15.994915000,RC2_0046_ICR-3_p08
307.009491799,323.004408948,15.994917149,Other,random,O1,15.994915000,RC2_0046_ICR-3_p08
379.152756765,395.147674914,15.994918149,Other,random,O1,15.994915000,RC2_0046_ICR-3_p08
323.113488485,339.108406634,15.994918149,Other,random,O1,15.994915000,RC2_0046_ICR-3_p08
329.139349923,345.134268072,15.994918149,Other,random,O1,15.994915000,RC2_0046_ICR-3_p08
414.112037466,430.106955615,15.994918149,Other,random,O1,15.994915000,RC2_0046_ICR-3_p08
455.074806700,471.069724849,15.994918149,Other,random,O1,15.994915000,RC2_0046_ICR-3_p08
469.077293301,485.072211450,15.994918149,Other,random,O1,15.994915000,RC2_0046_ICR-3_p08
500.112280650,516.107198799,15.994918149,Other,random,O1,15.994915000,RC2_0046_ICR-3_p08
511.072924154,527.067842303,15.994918149,Other,random,O1,15.994915000,RC2_0046_ICR-3_p08
519.114295042,535.109213191,15.994918149,Other,random,O1,15.994915000,RC2_0046_ICR-3_p08
523.173911821,539.168829970,15.994918149,Other,random,O1,15.994915000,RC2_0046_ICR-3_p08
531.090947237,547.085865386,15.994918149,Other,random,O1,15.994915000,RC2_0046_ICR-3_p08
397.159894378,413.154812527,15.994918149,Other,random,O1,15.994915000,RC2_0046_ICR-3_p08
515.140568899,531.135487048,15.994918149,Other,random,O1,15.994915000,RC2_0046_ICR-3_p08
533.129930587,549.124849736,15.994919149,Other,random,O1,15.994915000,RC2_0046_ICR-3_p08
332.077541460,348.072460608,15.994919149,Other,random,O1,15.994915000,RC2_0046_ICR-3_p08
343.082106778,359.077025927,15.994919149,Other,random,O1,15.994915000,RC2_0046_ICR-3_p08
395.025350432,411.020269581,15.994919149,Other,random,O1,15.994915000,RC2_0046_ICR-3_p08
475.197017341,491.191936490,15.994919149,Other,random,O1,15.994915000,RC2_0046_ICR-3_p08
224.056505689,240.051424838,15.994919149,Other,random,O1,15.994915000,RC2_0046_ICR-3_p08
225.040542515,241.035461664,15.994919149,Other,random,O1,15.994915000,RC2_0046_ICR-3_p08
291.173172978,307.168092126,15.994919149,Other,random,O1,15.994915000,RC2_0046_ICR-3_p08
305.079709985,321.074629134,15.994919149,Other,random,O1,15.994915000,RC2_0046_ICR-3_p08
305.116084831,321.111003980,15.994919149,Other,random,O1,15.994915000,RC2_0046_ICR-3_p08
399.092986177,415.087905326,15.994919149,Other,random,O1,15.994915000,RC2_0046_ICR-3_p08
402.046572648,418.041491797,15.994919149,Other,random,O1,15.994915000,RC2_0046_ICR-3_p08
527.132518029,543.127438178,15.994920149,Other,random,O1,15.994915000,RC2_0046_ICR-3_p08
403.079856265,419.074776414,15.994920149,Other,random,O1,15.994915000,RC2_0046_ICR-3_p08
403.097599190,419.092519339,15.994920149,Other,random,O1,15.994915000,RC2_0046_ICR-3_p08
297.147313635,313.142233784,15.994920149,Other,random,O1,15.994915000,RC2_0046_ICR-3_p08
279.160184937,295.155105086,15.994920149,Other,random,O1,15.994915000,RC2_0046_ICR-3_p08
369.191615020,385.186535169,15.994920149,Other,random,O1,15.994915000,RC2_0046_ICR-3_p08
375.066421099,391.061341248,15.994920149,Other,random,O1,15.994915000,RC2_0046_ICR-3_p08
401.145149472,417.140069621,15.994920149,Other,random,O1,15.994915000,RC2_0046_ICR-3_p08
481.062136461,497.057056610,15.994920149,Other,random,O1,15.994915000,RC2_0046_ICR-3_p08
327.072039693,343.066959842,15.994920149,Other,random,O1,15.994915000,RC2_0046_ICR-3_p08
331.154979373,347.149900522,15.994921149,Other,random,O1,15.994915000,RC2_0046_ICR-3_p08
367.131651759,383.126572908,15.994921149,Other,random,O1,15.994915000,RC2_0046_ICR-3_p08
467.147712487,483.142633635,15.994921149,Other,random,O1,15.994915000,RC2_0046_ICR-3_p08
321.183680672,337.178601821,15.994921149,Other,random,O1,15.994915000,RC2_0046_ICR-3_p08
409.235952151,425.230873299,15.994921149,Other,random,O1,15.994915000,RC2_0046_ICR-3_p08
575.153643321,591.148564470,15.994921149,Other,random,O1,15.994915000,RC2_0046_ICR-3_p08
381.131987369,397.126908518,15.994921149,Other,random,O1,15.994915000,RC2_0046_ICR-3_p08
395.171020815,411.165941963,15.994921149,Other,random,O1,15.994915000,RC2_0046_ICR-3_p08
447.087396583,463.082317732,15.994921149,Other,random,O1,15.994915000,RC2_0046_ICR-3_p08
549.124849736,565.119770885,15.994921149,Other,random,O1,15.994915000,RC2_0046_ICR-3_p08
441.176386658,457.171308807,15.994922149,Other,random,O1,15.994915000,RC2_0046_ICR-3_p08
311.090239489,327.085161637,15.994922149,Other,random,O1,15.994915000,RC2_0046_ICR-3_p08
321.147343826,337.142265975,15.994922149,Other,random,O1,15.994915000,RC2_0046_ICR-3_p08
329.102931078,345.097853227,15.994922149,Other,random,O1,15.994915000,RC2_0046_ICR-3_p08
347.090198775,363.085120924,15.994922149,Other,random,O1,15.994915000,RC2_0046_ICR-3_p08
364.225774086,380.220696234,15.994922149,Other,random,O1,15.994915000,RC2_0046_ICR-3_p08
369.228090865,385.223013014,15.994922149,Other,random,O1,15.994915000,RC2_0046_ICR-3_p08
391.152659861,407.147582010,15.994922149,Other,random,O1,15.994915000,RC2_0046_ICR-3_p08
637.287017749,653.281939898,15.994922149,Other,random,O1,15.994915000,RC2_0046_ICR-3_p08
243.123862805,259.118784953,15.994922149,Other,random,O1,15.994915000,RC2_0046_ICR-3_p08
353.051312488,369.046234637,15.994922149,Other,random,O1,15.994915000,RC2_0046_ICR-3_p08
514.062540472,530.057462621,15.994922149,Other,random,O1,15.994915000,RC2_0046_ICR-3_p08
387.144784862,403.139707011,15.994922149,Other,random,O1,15.994915000,RC2_0046_ICR-3_p08
477.153172043,493.148094192,15.994922149,Other,random,O1,15.994915000,RC2_0046_ICR-3_p08
499.197219531,515.192141680,15.994922149,Other,random,O1,15.994915000,RC2_0046_ICR-3_p08
555.317510467,571.312433616,15.994923149,Other,random,O1,15.994915000,RC2_0046_ICR-3_p08
479.277962030,495.272885178,15.994923149,Other,random,O1,15.994915000,RC2_0046_ICR-3_p08
339.139191504,355.134114653,15.994923149,Other,random,O1,15.994915000,RC2_0046_ICR-3_p08
367.206860440,383.201783589,15.994923149,Other,random,O1,15.994915000,RC2_0046_ICR-3_p08
405.168317406,421.163240555,15.994923149,Other,random,O1,15.994915000,RC2_0046_ICR-3_p08
517.220839074,533.215762223,15.994923149,Other,random,O1,15.994915000,RC2_0046_ICR-3_p08
671.198236896,687.193160045,15.994923149,Other,random,O1,15.994915000,RC2_0046_ICR-3_p08
241.035461664,257.030384813,15.994923149,Other,random,O1,15.994915000,RC2_0046_ICR-3_p08
245.066709563,261.061632712,15.994923149,Other,random,O1,15.994915000,RC2_0046_ICR-3_p08
377.051321679,393.046244828,15.994923149,Other,random,O1,15.994915000,RC2_0046_ICR-3_p08
413.118394681,429.113317830,15.994923149,Other,random,O1,15.994915000,RC2_0046_ICR-3_p08
304.067424280,320.062348428,15.994924149,Other,random,O1,15.994915000,RC2_0046_ICR-3_p08
515.278014316,531.272938465,15.994924149,Other,random,O1,15.994915000,RC2_0046_ICR-3_p08
543.187076925,559.182001074,15.994924149,Other,random,O1,15.994915000,RC2_0046_ICR-3_p08
593.215786701,609.210710850,15.994924149,Other,random,O1,15.994915000,RC2_0046_ICR-3_p08
361.019841685,377.014765834,15.994924149,Other,random,O1,15.994915000,RC2_0046_ICR-3_p08
479.183986428,495.178910577,15.994924149,Other,random,O1,15.994915000,RC2_0046_ICR-3_p08
313.108006929,329.102931078,15.994924149,Other,random,O1,15.994915000,RC2_0046_ICR-3_p08
473.181610891,489.176535039,15.994924149,Other,random,O1,15.994915000,RC2_0046_ICR-3_p08
409.217405229,425.212329378,15.994924149,Other,random,O1,15.994915000,RC2_0046_ICR-3_p08
527.140525995,543.144947103,16.004421109,Other,random,H1O1P1S_1,16.004431000,RC2_0046_ICR-3_p08
497.130008301,513.134430409,16.004422109,Other,random,H1O1P1S_1,16.004431000,RC2_0046_ICR-3_p08
345.082645291,361.087071400,16.004426109,Other,random,H1O1P1S_1,16.004431000,RC2_0046_ICR-3_p08
467.119256607,483.123684716,16.004428109,Other,random,H1O1P1S_1,16.004431000,RC2_0046_ICR-3_p08
453.176467753,469.180899862,16.004432109,Other,random,H1O1P1S_1,16.004431000,RC2_0046_ICR-3_p08
457.098673115,473.103107224,16.004434109,Other,random,H1O1P1S_1,16.004431000,RC2_0046_ICR-3_p08
471.150686506,487.155124614,16.004438109,Other,random,H1O1P1S_1,16.004431000,RC2_0046_ICR-3_p08
558.182881312,574.201603360,16.018722048,Other,random,H2N1,16.018724000,RC2_0046_ICR-3_p08
425.084940919,441.103666966,16.018726048,Other,random,H2N1,16.018724000,RC2_0046_ICR-3_p08
597.210775754,613.229506802,16.018731048,Other,random,H2N1,16.018724000,RC2_0046_ICR-3_p08
558.182881312,574.201603360,16.018722048,Other,random,primary amine,16.018724080,RC2_0046_ICR-3_p08
425.084940919,441.103666966,16.018726048,Other,random,primary amine,16.018724080,RC2_0046_ICR-3_p08
597.210775754,613.229506802,16.018731048,Other,random,primary amine,16.018724080,RC2_0046_ICR-3_p08
533.129930587,549.161221582,16.031290995,Other,random,C1H4,16.031300000,RC2_0046_ICR-3_p08
282.025506782,298.056797777,16.031290995,Other,random,C1H4,16.031300000,RC2_0046_ICR-3_p08
285.097950749,301.129241743,16.031290995,Other,random,C1H4,16.031300000,RC2_0046_ICR-3_p08
303.035776656,319.067067651,16.031290995,Other,random,C1H4,16.031300000,RC2_0046_ICR-3_p08
336.108709359,352.140000354,16.031290995,Other,random,C1H4,16.031300000,RC2_0046_ICR-3_p08
429.132022751,445.163313745,16.031290995,Other,random,C1H4,16.031300000,RC2_0046_ICR-3_p08
487.109204809,503.140495804,16.031290995,Other,random,C1H4,16.031300000,RC2_0046_ICR-3_p08
321.061516190,337.092807185,16.031290995,Other,random,C1H4,16.031300000,RC2_0046_ICR-3_p08
425.194589453,441.225880448,16.031290995,Other,random,C1H4,16.031300000,RC2_0046_ICR-3_p08
529.184556324,545.215848318,16.031291995,Other,random,C1H4,16.031300000,RC2_0046_ICR-3_p08
335.053797834,351.085089829,16.031291995,Other,random,C1H4,16.031300000,RC2_0046_ICR-3_p08
487.082520922,503.113812917,16.031291995,Other,random,C1H4,16.031300000,RC2_0046_ICR-3_p08
513.270442832,529.301734827,16.031291995,Other,random,C1H4,16.031300000,RC2_0046_ICR-3_p08
325.105822034,341.137114029,16.031291995,Other,random,C1H4,16.031300000,RC2_0046_ICR-3_p08
355.030544092,371.061836087,16.031291995,Other,random,C1H4,16.031300000,RC2_0046_ICR-3_p08
411.165941963,427.197233958,16.031291995,Other,random,C1H4,16.031300000,RC2_0046_ICR-3_p08
469.040919456,485.072211450,16.031291995,Other,random,C1H4,16.031300000,RC2_0046_ICR-3_p08
483.041375065,499.072667060,16.031291995,Other,random,C1H4,16.031300000,RC2_0046_ICR-3_p08
487.036188119,503.067481114,16.031292995,Other,random,C1H4,16.031300000,RC2_0046_ICR-3_p08
601.047376479,617.078669474,16.031292995,Other,random,C1H4,16.031300000,RC2_0046_ICR-3_p08
359.113546772,375.144839766,16.031292995,Other,random,C1H4,16.031300000,RC2_0046_ICR-3_p08
393.095526619,409.126819613,16.031292995,Other,random,C1H4,16.031300000,RC2_0046_ICR-3_p08
401.082095740,417.113388734,16.031292995,Other,random,C1H4,16.031300000,RC2_0046_ICR-3_p08
435.196641024,451.227934019,16.031292995,Other,random,C1H4,16.031300000,RC2_0046_ICR-3_p08
445.150173801,461.181466796,16.031292995,Other,random,C1H4,16.031300000,RC2_0046_ICR-3_p08
469.244073594,485.275366588,16.031292995,Other,random,C1H4,16.031300000,RC2_0046_ICR-3_p08
477.207110814,493.238403809,16.031292995,Other,random,C1H4,16.031300000,RC2_0046_ICR-3_p08
485.121728240,501.153021235,16.031292995,Other,random,C1H4,16.031300000,RC2_0046_ICR-3_p08
599.161710478,615.193003473,16.031292995,Other,random,C1H4,16.031300000,RC2_0046_ICR-3_p08
675.193325949,691.224618944,16.031292995,Other,random,C1H4,16.031300000,RC2_0046_ICR-3_p08
289.092852802,305.124146797,16.031293995,Other,random,C1H4,16.031300000,RC2_0046_ICR-3_p08
337.121042065,353.152336059,16.031293995,Other,random,C1H4,16.031300000,RC2_0046_ICR-3_p08
417.076967889,433.108261883,16.031293995,Other,random,C1H4,16.031300000,RC2_0046_ICR-3_p08
433.186524551,449.217818546,16.031293995,Other,random,C1H4,16.031300000,RC2_0046_ICR-3_p08
457.054123304,473.085417299,16.031293995,Other,random,C1H4,16.031300000,RC2_0046_ICR-3_p08
491.096002897,507.127296892,16.031293995,Other,random,C1H4,16.031300000,RC2_0046_ICR-3_p08
549.283515063,565.314809058,16.031293995,Other,random,C1H4,16.031300000,RC2_0046_ICR-3_p08
305.079709985,321.111003980,16.031293995,Other,random,C1H4,16.031300000,RC2_0046_ICR-3_p08
320.041108519,336.072402513,16.031293995,Other,random,C1H4,16.031300000,RC2_0046_ICR-3_p08
399.129537022,415.160831017,16.031293995,Other,random,C1H4,16.031300000,RC2_0046_ICR-3_p08
513.306700678,529.337994673,16.031293995,Other,random,C1H4,16.031300000,RC2_0046_ICR-3_p08
427.088076421,443.119370416,16.031293995,Other,random,C1H4,16.031300000,RC2_0046_ICR-3_p08
257.066703658,273.097998653,16.031294995,Other,random,C1H4,16.031300000,RC2_0046_ICR-3_p08
303.136812227,319.168107222,16.031294995,Other,random,C1H4,16.031300000,RC2_0046_ICR-3_p08
327.136799418,343.168094413,16.031294995,Other,random,C1H4,16.031300000,RC2_0046_ICR-3_p08
331.176140283,347.207435278,16.031294995,Other,random,C1H4,16.031300000,RC2_0046_ICR-3_p08
337.092807185,353.124102179,16.031294995,Other,random,C1H4,16.031300000,RC2_0046_ICR-3_p08
375.093185986,391.124480980,16.031294995,Other,random,C1H4,16.031300000,RC2_0046_ICR-3_p08
412.096404016,428.127699011,16.031294995,Other,random,C1H4,16.031300000,RC2_0046_ICR-3_p08
461.139490974,477.170785968,16.031294995,Other,random,C1H4,16.031300000,RC2_0046_ICR-3_p08
487.051596054,503.082891048,16.031294995,Other,random,C1H4,16.031300000,RC2_0046_ICR-3_p08
635.089366071,651.120661066,16.031294995,Other,random,C1H4,16.031300000,RC2_0046_ICR-3_p08
445.062241174,461.093536169,16.031294995,Other,random,C1H4,16.031300000,RC2_0046_ICR-3_p08
347.235652158,363.266948153,16.031295995,Other,random,C1H4,16.031300000,RC2_0046_ICR-3_p08
537.124989640,553.156285635,16.031295995,Other,random,C1H4,16.031300000,RC2_0046_ICR-3_p08
503.046585202,519.077881197,16.031295995,Other,random,C1H4,16.031300000,RC2_0046_ICR-3_p08
225.076953360,241.108249355,16.031295995,Other,random,C1H4,16.031300000,RC2_0046_ICR-3_p08
255.160194746,271.191490741,16.031295995,Other,random,C1H4,16.031300000,RC2_0046_ICR-3_p08
284.077585077,300.108881072,16.031295995,Other,random,C1H4,16.031300000,RC2_0046_ICR-3_p08
357.228124770,373.259420764,16.031295995,Other,random,C1H4,16.031300000,RC2_0046_ICR-3_p08
375.048609175,391.079905169,16.031295995,Other,random,C1H4,16.031300000,RC2_0046_ICR-3_p08
381.147160304,397.178456299,16.031295995,Other,random,C1H4,16.031300000,RC2_0046_ICR-3_p08
457.025877424,473.057173418,16.031295995,Other,random,C1H4,16.031300000,RC2_0046_ICR-3_p08
461.194548740,477.225844735,16.031295995,Other,random,C1H4,16.031300000,RC2_0046_ICR-3_p08
519.223547579,535.254843573,16.031295995,Other,random,C1H4,16.031300000,RC2_0046_ICR-3_p08
333.170599823,349.201896817,16.031296995,Other,random,C1H4,16.031300000,RC2_0046_ICR-3_p08
393.113413543,409.144710538,16.031296995,Other,random,C1H4,16.031300000,RC2_0046_ICR-3_p08
273.134353499,289.165650494,16.031296995,Other,random,C1H4,16.031300000,RC2_0046_ICR-3_p08
357.147287113,373.178584107,16.031296995,Other,random,C1H4,16.031300000,RC2_0046_ICR-3_p08
371.162860658,387.194157653,16.031296995,Other,random,C1H4,16.031300000,RC2_0046_ICR-3_p08
573.161373772,589.192670767,16.031296995,Other,random,C1H4,16.031300000,RC2_0046_ICR-3_p08
450.067591941,466.098888936,16.031296995,Other,random,C1H4,16.031300000,RC2_0046_ICR-3_p08
281.066678850,297.097976844,16.031297995,Other,random,C1H4,16.031300000,RC2_0046_ICR-3_p08
329.066555232,345.097853227,16.031297995,Other,random,C1H4,16.031300000,RC2_0046_ICR-3_p08
383.147532819,399.178830813,16.031297995,Other,random,C1H4,16.031300000,RC2_0046_ICR-3_p08
361.069290475,377.100588470,16.031297995,Other,random,C1H4,16.031300000,RC2_0046_ICR-3_p08
520.072893976,536.104191970,16.031297995,Other,random,C1H4,16.031300000,RC2_0046_ICR-3_p08
585.088684176,601.119982171,16.031297995,Other,random,C1H4,16.031300000,RC2_0046_ICR-3_p08
537.153347520,553.184645515,16.031297995,Other,random,C1H4,16.031300000,RC2_0046_ICR-3_p08
557.296563072,573.327861066,16.031297995,Other,random,C1H4,16.031300000,RC2_0046_ICR-3_p08
283.024814543,299.056112538,16.031297995,Other,random,C1H4,16.031300000,RC2_0046_ICR-3_p08
359.053811025,375.085110020,16.031298995,Other,random,C1H4,16.031300000,RC2_0046_ICR-3_p08
365.115861310,381.147160304,16.031298995,Other,random,C1H4,16.031300000,RC2_0046_ICR-3_p08
397.069409762,413.100708756,16.031298995,Other,random,C1H4,16.031300000,RC2_0046_ICR-3_p08
405.118864615,421.150163610,16.031298995,Other,random,C1H4,16.031300000,RC2_0046_ICR-3_p08
227.056198964,243.087497959,16.031298995,Other,random,C1H4,16.031300000,RC2_0046_ICR-3_p08
514.062540472,530.093839467,16.031298995,Other,random,C1H4,16.031300000,RC2_0046_ICR-3_p08
357.082591387,373.113891382,16.031299995,Other,random,C1H4,16.031300000,RC2_0046_ICR-3_p08
379.097644998,395.128944993,16.031299995,Other,random,C1H4,16.031300000,RC2_0046_ICR-3_p08
441.113348925,457.144648920,16.031299995,Other,random,C1H4,16.031300000,RC2_0046_ICR-3_p08
225.004161669,241.035461664,16.031299995,Other,random,C1H4,16.031300000,RC2_0046_ICR-3_p08
235.097628852,251.128928847,16.031299995,Other,random,C1H4,16.031300000,RC2_0046_ICR-3_p08
306.098231665,322.129531659,16.031299995,Other,random,C1H4,16.031300000,RC2_0046_ICR-3_p08
391.066942224,407.098242219,16.031299995,Other,random,C1H4,16.031300000,RC2_0046_ICR-3_p08
471.165773442,487.197073436,16.031299995,Other,random,C1H4,16.031300000,RC2_0046_ICR-3_p08
361.050771554,377.082072549,16.031300995,Other,random,C1H4,16.031300000,RC2_0046_ICR-3_p08
411.157946997,427.189247992,16.031300995,Other,random,C1H4,16.031300000,RC2_0046_ICR-3_p08
485.230949777,501.262250771,16.031300995,Other,random,C1H4,16.031300000,RC2_0046_ICR-3_p08
677.172711552,693.204012547,16.031300995,Other,random,C1H4,16.031300000,RC2_0046_ICR-3_p08
295.009489704,311.040790698,16.031300995,Other,random,C1H4,16.031300000,RC2_0046_ICR-3_p08
365.082103453,381.113404448,16.031300995,Other,random,C1H4,16.031300000,RC2_0046_ICR-3_p08
383.111158973,399.142459968,16.031300995,Other,random,C1H4,16.031300000,RC2_0046_ICR-3_p08
416.062200193,432.093501188,16.031300995,Other,random,C1H4,16.031300000,RC2_0046_ICR-3_p08
575.117263475,591.148564470,16.031300995,Other,random,C1H4,16.031300000,RC2_0046_ICR-3_p08
681.204035451,697.235336446,16.031300995,Other,random,C1H4,16.031300000,RC2_0046_ICR-3_p08
575.140648376,591.171950371,16.031301995,Other,random,C1H4,16.031300000,RC2_0046_ICR-3_p08
281.030286004,297.061587999,16.031301995,Other,random,C1H4,16.031300000,RC2_0046_ICR-3_p08
367.079856978,383.111158973,16.031301995,Other,random,C1H4,16.031300000,RC2_0046_ICR-3_p08
413.064265911,429.095567905,16.031301995,Other,random,C1H4,16.031300000,RC2_0046_ICR-3_p08
501.088435509,517.119737503,16.031301995,Other,random,C1H4,16.031300000,RC2_0046_ICR-3_p08
506.130297121,522.161599116,16.031301995,Other,random,C1H4,16.031300000,RC2_0046_ICR-3_p08
337.123528054,353.154830049,16.031301995,Other,random,C1H4,16.031300000,RC2_0046_ICR-3_p08
413.087686811,429.118988806,16.031301995,Other,random,C1H4,16.031300000,RC2_0046_ICR-3_p08
305.043327140,321.074629134,16.031301995,Other,random,C1H4,16.031300000,RC2_0046_ICR-3_p08
409.105700703,425.137002698,16.031301995,Other,random,C1H4,16.031300000,RC2_0046_ICR-3_p08
391.139715916,407.171018910,16.031302995,Other,random,C1H4,16.031300000,RC2_0046_ICR-3_p08
533.239274124,549.270577118,16.031302995,Other,random,C1H4,16.031300000,RC2_0046_ICR-3_p08
759.286966220,775.318269215,16.031302995,Other,random,C1H4,16.031300000,RC2_0046_ICR-3_p08
231.029927108,247.061230102,16.031302995,Other,random,C1H4,16.031300000,RC2_0046_ICR-3_p08
409.163286459,425.194589453,16.031302995,Other,random,C1H4,16.031300000,RC2_0046_ICR-3_p08
463.160771399,479.192074394,16.031302995,Other,random,C1H4,16.031300000,RC2_0046_ICR-3_p08
469.062119366,485.093422360,16.031302995,Other,random,C1H4,16.031300000,RC2_0046_ICR-3_p08
511.101215034,527.132518029,16.031302995,Other,random,C1H4,16.031300000,RC2_0046_ICR-3_p08
389.051174775,405.082477770,16.031302995,Other,random,C1H4,16.031300000,RC2_0046_ICR-3_p08
357.128608192,373.159911187,16.031302995,Other,random,C1H4,16.031300000,RC2_0046_ICR-3_p08
679.188106003,695.219409997,16.031303995,Other,random,C1H4,16.031300000,RC2_0046_ICR-3_p08
345.074538326,361.105842320,16.031303995,Other,random,C1H4,16.031300000,RC2_0046_ICR-3_p08
347.162921467,363.194225461,16.031303995,Other,random,C1H4,16.031300000,RC2_0046_ICR-3_p08
355.103296783,371.134600778,16.031303995,Other,random,C1H4,16.031300000,RC2_0046_ICR-3_p08
359.040742081,375.072046075,16.031303995,Other,random,C1H4,16.031300000,RC2_0046_ICR-3_p08
420.057149247,436.088453241,16.031303995,Other,random,C1H4,16.031300000,RC2_0046_ICR-3_p08
421.040965073,437.072269068,16.031303995,Other,random,C1H4,16.031300000,RC2_0046_ICR-3_p08
459.129384501,475.160688495,16.031303995,Other,random,C1H4,16.031300000,RC2_0046_ICR-3_p08
575.249862913,591.281166908,16.031303995,Other,random,C1H4,16.031300000,RC2_0046_ICR-3_p08
249.040480706,265.071784701,16.031303995,Other,random,C1H4,16.031300000,RC2_0046_ICR-3_p08
311.186302081,327.217607076,16.031304995,Other,random,C1H4,16.031300000,RC2_0046_ICR-3_p08
351.175555445,367.206860440,16.031304995,Other,random,C1H4,16.031300000,RC2_0046_ICR-3_p08
389.137012411,405.168317406,16.031304995,Other,random,C1H4,16.031300000,RC2_0046_ICR-3_p08
411.020269581,427.051574576,16.031304995,Other,random,C1H4,16.031300000,RC2_0046_ICR-3_p08
425.137002698,441.168307692,16.031304995,Other,random,C1H4,16.031300000,RC2_0046_ICR-3_p08
426.095716631,442.127021625,16.031304995,Other,random,C1H4,16.031300000,RC2_0046_ICR-3_p08
553.241719272,569.273024267,16.031304995,Other,random,C1H4,16.031300000,RC2_0046_ICR-3_p08
539.205288816,555.236593810,16.031304995,Other,random,C1H4,16.031300000,RC2_0046_ICR-3_p08
473.093450265,489.124755259,16.031304995,Other,random,C1H4,16.031300000,RC2_0046_ICR-3_p08
455.220515082,471.251820077,16.031304995,Other,random,C1H4,16.031300000,RC2_0046_ICR-3_p08
469.163375936,485.194680931,16.031304995,Other,random,C1H4,16.031300000,RC2_0046_ICR-3_p08
551.140640185,567.171945180,16.031304995,Other,random,C1H4,16.031300000,RC2_0046_ICR-3_p08
353.087620334,369.118926329,16.031305995,Other,random,C1H4,16.031300000,RC2_0046_ICR-3_p08
429.249337253,445.280643248,16.031305995,Other,random,C1H4,16.031300000,RC2_0046_ICR-3_p08
300.998940296,317.030246291,16.031305995,Other,random,C1H4,16.031300000,RC2_0046_ICR-3_p08
407.220360701,423.251666695,16.031305995,Other,random,C1H4,16.031300000,RC2_0046_ICR-3_p08
571.057740696,587.089046691,16.031305995,Other,random,C1H4,16.031300000,RC2_0046_ICR-3_p08
419.092519339,435.123825333,16.031305995,Other,random,C1H4,16.031300000,RC2_0046_ICR-3_p08
458.101854859,474.133160854,16.031305995,Other,random,C1H4,16.031300000,RC2_0046_ICR-3_p08
237.040534610,253.071840605,16.031305995,Other,random,C1H4,16.031300000,RC2_0046_ICR-3_p08
251.019771310,267.051077304,16.031305995,Other,random,C1H4,16.031300000,RC2_0046_ICR-3_p08
391.079905169,407.111211164,16.031305995,Other,random,C1H4,16.031300000,RC2_0046_ICR-3_p08
249.076919551,265.108226546,16.031306995,Other,random,C1H4,16.031300000,RC2_0046_ICR-3_p08
264.998979009,281.030286004,16.031306995,Other,random,C1H4,16.031300000,RC2_0046_ICR-3_p08
345.061361382,361.092668376,16.031306995,Other,random,C1H4,16.031300000,RC2_0046_ICR-3_p08
483.259780139,499.291087133,16.031306995,Other,random,C1H4,16.031300000,RC2_0046_ICR-3_p08
359.077025927,375.108332921,16.031306995,Other,random,C1H4,16.031300000,RC2_0046_ICR-3_p08
549.197720427,565.229027422,16.031306995,Other,random,C1H4,16.031300000,RC2_0046_ICR-3_p08
503.168942683,519.200250678,16.031307995,Other,random,C1H4,16.031300000,RC2_0046_ICR-3_p08
515.192141680,531.223449675,16.031307995,Other,random,C1H4,16.031300000,RC2_0046_ICR-3_p08
271.061262293,287.092570288,16.031307995,Other,random,C1H4,16.031300000,RC2_0046_ICR-3_p08
307.155015182,323.186323176,16.031307995,Other,random,C1H4,16.031300000,RC2_0046_ICR-3_p08
351.048548984,367.079856978,16.031307995,Other,random,C1H4,16.031300000,RC2_0046_ICR-3_p08
353.152336059,369.183644054,16.031307995,Other,random,C1H4,16.031300000,RC2_0046_ICR-3_p08
385.033059820,401.064367815,16.031307995,Other,random,C1H4,16.031300000,RC2_0046_ICR-3_p08
439.173721153,455.205029148,16.031307995,Other,random,C1H4,16.031300000,RC2_0046_ICR-3_p08
495.114276851,511.145584846,16.031307995,Other,random,C1H4,16.031300000,RC2_0046_ICR-3_p08
373.019866781,389.051174775,16.031307995,Other,random,C1H4,16.031300000,RC2_0046_ICR-3_p08
257.139447350,273.170756344,16.031308995,Other,random,C1H4,16.031300000,RC2_0046_ICR-3_p08
611.125479727,627.156788722,16.031308995,Other,random,C1H4,16.031300000,RC2_0046_ICR-3_p08
238.035718389,254.067027383,16.031308995,Other,random,C1H4,16.031300000,RC2_0046_ICR-3_p08
261.076864647,277.108173642,16.031308995,Other,random,C1H4,16.031300000,RC2_0046_ICR-3_p08
271.082314204,287.113623198,16.031308995,Other,random,C1H4,16.031300000,RC2_0046_ICR-3_p08
327.050797783,343.082106778,16.031308995,Other,random,C1H4,16.031300000,RC2_0046_ICR-3_p08
327.072039693,343.103348688,16.031308995,Other,random,C1H4,16.031300000,RC2_0046_ICR-3_p08
435.020272772,451.051581767,16.031308995,Other,random,C1H4,16.031300000,RC2_0046_ICR-3_p08
489.153135139,505.184444133,16.031308995,Other,random,C1H4,16.031300000,RC2_0046_ICR-3_p08
287.069136387,303.100446382,16.031309995,Other,random,C1H4,16.031300000,RC2_0046_ICR-3_p08
255.087467054,271.118777049,16.031309995,Other,random,C1H4,16.031300000,RC2_0046_ICR-3_p08
345.134268072,361.165578067,16.031309995,Other,random,C1H4,16.031300000,RC2_0046_ICR-3_p08
381.191773115,397.223083110,16.031309995,Other,random,C1H4,16.031300000,RC2_0046_ICR-3_p08
571.182023169,587.213333163,16.031309995,Other,random,C1H4,16.031300000,RC2_0046_ICR-3_p08
641.187900201,657.219210196,16.031309995,Other,random,C1H4,16.031300000,RC2_0046_ICR-3_p08
255.123817900,271.155127895,16.031309995,Other,random,C1H4,16.031300000,RC2_0046_ICR-3_p08
407.129005088,423.160315083,16.031309995,Other,random,C1H4,16.031300000,RC2_0046_ICR-3_p08
512.067923933,528.099233928,16.031309995,Other,random,C1H4,16.031300000,RC2_0046_ICR-3_p08
295.045910549,311.088446496,16.042535947,Other,random,O_1H4N2,16.042533000,RC2_0046_ICR-3_p08
291.014658650,307.057199597,16.042540947,Other,random,O_1H4N2,16.042533000,RC2_0046_ICR-3_p08
311.040790698,327.083333645,16.042542947,Other,random,O_1H4N2,16.042533000,RC2_0046_ICR-3_p08
547.145688132,563.213363972,16.067675840,Other,random,C2H8O_1,16.067685000,RC2_0046_ICR-3_p08
263.092509097,279.160184937,16.067675840,Other,random,C2H8O_1,16.067685000,RC2_0046_ICR-3_p08
287.069136387,303.136812227,16.067675840,Other,random,C2H8O_1,16.067685000,RC2_0046_ICR-3_p08
323.126518430,339.194194270,16.067675840,Other,random,C2H8O_1,16.067685000,RC2_0046_ICR-3_p08
375.194119557,391.261795398,16.067675840,Other,random,C2H8O_1,16.067685000,RC2_0046_ICR-3_p08
503.205216529,519.272892370,16.067675840,Other,random,C2H8O_1,16.067685000,RC2_0046_ICR-3_p08
281.103072695,297.170748536,16.067675840,Other,random,C2H8O_1,16.067685000,RC2_0046_ICR-3_p08
367.079856978,383.147532819,16.067675840,Other,random,C2H8O_1,16.067685000,RC2_0046_ICR-3_p08
261.004080956,277.071757796,16.067676840,Other,random,C2H8O_1,16.067685000,RC2_0046_ICR-3_p08
285.134353594,301.202030435,16.067676840,Other,random,C2H8O_1,16.067685000,RC2_0046_ICR-3_p08
385.126820422,401.194497263,16.067676840,Other,random,C2H8O_1,16.067685000,RC2_0046_ICR-3_p08
391.079905169,407.147582010,16.067676840,Other,random,C2H8O_1,16.067685000,RC2_0046_ICR-3_p08
397.077311728,413.144988568,16.067676840,Other,random,C2H8O_1,16.067685000,RC2_0046_ICR-3_p08
458.109174828,474.176851669,16.067676840,Other,random,C2H8O_1,16.067685000,RC2_0046_ICR-3_p08
305.043327140,321.111003980,16.067676840,Other,random,C2H8O_1,16.067685000,RC2_0046_ICR-3_p08
569.130388872,585.198065712,16.067676840,Other,random,C2H8O_1,16.067685000,RC2_0046_ICR-3_p08
443.119370416,459.187048256,16.067677840,Other,random,C2H8O_1,16.067685000,RC2_0046_ICR-3_p08
251.092527001,267.160205841,16.067678840,Other,random,C2H8O_1,16.067685000,RC2_0046_ICR-3_p08
319.009424895,335.077103735,16.067678840,Other,random,C2H8O_1,16.067685000,RC2_0046_ICR-3_p08
441.249208349,457.316887189,16.067678840,Other,random,C2H8O_1,16.067685000,RC2_0046_ICR-3_p08
587.189952263,603.257631103,16.067678840,Other,random,C2H8O_1,16.067685000,RC2_0046_ICR-3_p08
383.025307337,399.092986177,16.067678840,Other,random,C2H8O_1,16.067685000,RC2_0046_ICR-3_p08
441.176386658,457.244065498,16.067678840,Other,random,C2H8O_1,16.067685000,RC2_0046_ICR-3_p08
531.041537446,547.109216287,16.067678840,Other,random,C2H8O_1,16.067685000,RC2_0046_ICR-3_p08
489.103623349,505.171302189,16.067678840,Other,random,C2H8O_1,16.067685000,RC2_0046_ICR-3_p08
299.019651692,315.087331533,16.067679840,Other,random,C2H8O_1,16.067685000,RC2_0046_ICR-3_p08
485.049086548,501.116766389,16.067679840,Other,random,C2H8O_1,16.067685000,RC2_0046_ICR-3_p08
543.135541143,559.203220983,16.067679840,Other,random,C2H8O_1,16.067685000,RC2_0046_ICR-3_p08
357.074513421,373.142194262,16.067680840,Other,random,C2H8O_1,16.067685000,RC2_0046_ICR-3_p08
501.124762355,517.192443195,16.067680840,Other,random,C2H8O_1,16.067685000,RC2_0046_ICR-3_p08
289.084773837,305.152454677,16.067680840,Other,random,C2H8O_1,16.067685000,RC2_0046_ICR-3_p08
411.165941963,427.233622804,16.067680840,Other,random,C2H8O_1,16.067685000,RC2_0046_ICR-3_p08
507.163649737,523.231330578,16.067680840,Other,random,C2H8O_1,16.067685000,RC2_0046_ICR-3_p08
523.051603340,539.119284180,16.067680840,Other,random,C2H8O_1,16.067685000,RC2_0046_ICR-3_p08
527.104257149,543.171937989,16.067680840,Other,random,C2H8O_1,16.067685000,RC2_0046_ICR-3_p08
403.116282110,419.183962951,16.067680840,Other,random,C2H8O_1,16.067685000,RC2_0046_ICR-3_p08
637.104991521,653.172672361,16.067680840,Other,random,C2H8O_1,16.067685000,RC2_0046_ICR-3_p08
367.134101748,383.201783589,16.067681840,Other,random,C2H8O_1,16.067685000,RC2_0046_ICR-3_p08
713.172894838,729.240576678,16.067681840,Other,random,C2H8O_1,16.067685000,RC2_0046_ICR-3_p08
523.137606975,539.205288816,16.067681840,Other,random,C2H8O_1,16.067685000,RC2_0046_ICR-3_p08
551.031361649,567.099043489,16.067681840,Other,random,C2H8O_1,16.067685000,RC2_0046_ICR-3_p08
377.100588470,393.168270310,16.067681840,Other,random,C2H8O_1,16.067685000,RC2_0046_ICR-3_p08
233.009237711,249.076919551,16.067681840,Other,random,C2H8O_1,16.067685000,RC2_0046_ICR-3_p08
393.168270310,409.235952151,16.067681840,Other,random,C2H8O_1,16.067685000,RC2_0046_ICR-3_p08
447.106093504,463.173775344,16.067681840,Other,random,C2H8O_1,16.067685000,RC2_0046_ICR-3_p08
525.052077854,541.119759694,16.067681840,Other,random,C2H8O_1,16.067685000,RC2_0046_ICR-3_p08
415.152816051,431.220498891,16.067682840,Other,random,C2H8O_1,16.067685000,RC2_0046_ICR-3_p08
553.265270173,569.332953013,16.067682840,Other,random,C2H8O_1,16.067685000,RC2_0046_ICR-3_p08
573.161373772,589.229056613,16.067682840,Other,random,C2H8O_1,16.067685000,RC2_0046_ICR-3_p08
523.218322633,539.286006473,16.067683840,Other,random,C2H8O_1,16.067685000,RC2_0046_ICR-3_p08
304.140246971,320.207930811,16.067683840,Other,random,C2H8O_1,16.067685000,RC2_0046_ICR-3_p08
373.105781416,389.173465256,16.067683840,Other,random,C2H8O_1,16.067685000,RC2_0046_ICR-3_p08
459.051185832,475.118869673,16.067683840,Other,random,C2H8O_1,16.067685000,RC2_0046_ICR-3_p08
473.166290956,489.233974796,16.067683840,Other,random,C2H8O_1,16.067685000,RC2_0046_ICR-3_p08
317.079713081,333.147396921,16.067683840,Other,random,C2H8O_1,16.067685000,RC2_0046_ICR-3_p08
373.178584107,389.246267948,16.067683840,Other,random,C2H8O_1,16.067685000,RC2_0046_ICR-3_p08
557.166361624,573.234045464,16.067683840,Other,random,C2H8O_1,16.067685000,RC2_0046_ICR-3_p08
608.169805265,624.237489106,16.067683840,Other,random,C2H8O_1,16.067685000,RC2_0046_ICR-3_p08
496.044658905,512.112342745,16.067683840,Other,random,C2H8O_1,16.067685000,RC2_0046_ICR-3_p08
313.071666083,329.139349923,16.067683840,Other,random,C2H8O_1,16.067685000,RC2_0046_ICR-3_p08
283.082288299,299.149973140,16.067684840,Other,random,C2H8O_1,16.067685000,RC2_0046_ICR-3_p08
285.097950749,301.165635589,16.067684840,Other,random,C2H8O_1,16.067685000,RC2_0046_ICR-3_p08
289.056461957,305.124146797,16.067684840,Other,random,C2H8O_1,16.067685000,RC2_0046_ICR-3_p08
340.103685412,356.171370253,16.067684840,Other,random,C2H8O_1,16.067685000,RC2_0046_ICR-3_p08
379.188979611,395.256664451,16.067684840,Other,random,C2H8O_1,16.067685000,RC2_0046_ICR-3_p08
545.215848318,561.283533159,16.067684840,Other,random,C2H8O_1,16.067685000,RC2_0046_ICR-3_p08
719.219878187,735.287563027,16.067684840,Other,random,C2H8O_1,16.067685000,RC2_0046_ICR-3_p08
378.046540457,394.114226298,16.067685840,Other,random,C2H8O_1,16.067685000,RC2_0046_ICR-3_p08
431.082848475,447.150534315,16.067685840,Other,random,C2H8O_1,16.067685000,RC2_0046_ICR-3_p08
405.082477770,421.150163610,16.067685840,Other,random,C2H8O_1,16.067685000,RC2_0046_ICR-3_p08
505.111834441,521.179520282,16.067685840,Other,random,C2H8O_1,16.067685000,RC2_0046_ICR-3_p08
545.179553472,561.247239313,16.067685840,Other,random,C2H8O_1,16.067685000,RC2_0046_ICR-3_p08
549.153379615,565.221065456,16.067685840,Other,random,C2H8O_1,16.067685000,RC2_0046_ICR-3_p08
315.063982632,331.131668472,16.067685840,Other,random,C2H8O_1,16.067685000,RC2_0046_ICR-3_p08
379.030454283,395.098140124,16.067685840,Other,random,C2H8O_1,16.067685000,RC2_0046_ICR-3_p08
495.163618642,511.231304482,16.067685840,Other,random,C2H8O_1,16.067685000,RC2_0046_ICR-3_p08
411.085032307,427.152719147,16.067686840,Other,random,C2H8O_1,16.067685000,RC2_0046_ICR-3_p08
453.116572007,469.184258847,16.067686840,Other,random,C2H8O_1,16.067685000,RC2_0046_ICR-3_p08
329.124093988,345.191780828,16.067686840,Other,random,C2H8O_1,16.067685000,RC2_0046_ICR-3_p08
303.087286437,319.154973278,16.067686840,Other,random,C2H8O_1,16.067685000,RC2_0046_ICR-3_p08
335.113467581,351.181154421,16.067686840,Other,random,C2H8O_1,16.067685000,RC2_0046_ICR-3_p08
359.098219837,375.165906677,16.067686840,Other,random,C2H8O_1,16.067685000,RC2_0046_ICR-3_p08
379.139647820,395.207334661,16.067686840,Other,random,C2H8O_1,16.067685000,RC2_0046_ICR-3_p08
499.137561784,515.205248625,16.067686840,Other,random,C2H8O_1,16.067685000,RC2_0046_ICR-3_p08
321.025120344,337.092807185,16.067686840,Other,random,C2H8O_1,16.067685000,RC2_0046_ICR-3_p08
477.189608888,493.257296729,16.067687840,Other,random,C2H8O_1,16.067685000,RC2_0046_ICR-3_p08
233.045607557,249.113295397,16.067687840,Other,random,C2H8O_1,16.067685000,RC2_0046_ICR-3_p08
305.124146797,321.191834637,16.067687840,Other,random,C2H8O_1,16.067685000,RC2_0046_ICR-3_p08
551.140640185,567.208328026,16.067687840,Other,random,C2H8O_1,16.067685000,RC2_0046_ICR-3_p08
415.139778106,431.207465947,16.067687840,Other,random,C2H8O_1,16.067685000,RC2_0046_ICR-3_p08
471.150686506,487.218374346,16.067687840,Other,random,C2H8O_1,16.067685000,RC2_0046_ICR-3_p08
341.160435930,357.228124770,16.067688840,Other,random,C2H8O_1,16.067685000,RC2_0046_ICR-3_p08
397.126908518,413.194597358,16.067688840,Other,random,C2H8O_1,16.067685000,RC2_0046_ICR-3_p08
521.093539646,537.161228486,16.067688840,Other,random,C2H8O_1,16.067685000,RC2_0046_ICR-3_p08
515.205248625,531.272938465,16.067689840,Other,random,C2H8O_1,16.067685000,RC2_0046_ICR-3_p08
519.236543524,535.304233364,16.067689840,Other,random,C2H8O_1,16.067685000,RC2_0046_ICR-3_p08
631.130687864,647.198377705,16.067689840,Other,random,C2H8O_1,16.067685000,RC2_0046_ICR-3_p08
389.051174775,405.118864615,16.067689840,Other,random,C2H8O_1,16.067685000,RC2_0046_ICR-3_p08
455.147662391,471.215352231,16.067689840,Other,random,C2H8O_1,16.067685000,RC2_0046_ICR-3_p08
509.215928032,525.283617872,16.067689840,Other,random,C2H8O_1,16.067685000,RC2_0046_ICR-3_p08
565.083511039,581.151200879,16.067689840,Other,random,C2H8O_1,16.067685000,RC2_0046_ICR-3_p08
281.030286004,297.097976844,16.067690840,Other,random,C2H8O_1,16.067685000,RC2_0046_ICR-3_p08
343.049246917,359.116937757,16.067690840,Other,random,C2H8O_1,16.067685000,RC2_0046_ICR-3_p08
581.130823966,597.198514806,16.067690840,Other,random,C2H8O_1,16.067685000,RC2_0046_ICR-3_p08
396.028713176,412.096404016,16.067690840,Other,random,C2H8O_1,16.067685000,RC2_0046_ICR-3_p08
415.043635514,431.111326354,16.067690840,Other,random,C2H8O_1,16.067685000,RC2_0046_ICR-3_p08
369.095614427,385.163305268,16.067690840,Other,random,C2H8O_1,16.067685000,RC2_0046_ICR-3_p08
323.040714794,339.108406634,16.067691840,Other,random,C2H8O_1,16.067685000,RC2_0046_ICR-3_p08
331.082208682,347.149900522,16.067691840,Other,random,C2H8O_1,16.067685000,RC2_0046_ICR-3_p08
442.034163019,458.101854859,16.067691840,Other,random,C2H8O_1,16.067685000,RC2_0046_ICR-3_p08
551.205358911,567.273050751,16.067691840,Other,random,C2H8O_1,16.067685000,RC2_0046_ICR-3_p08
643.130615960,659.198307800,16.067691840,Other,random,C2H8O_1,16.067685000,RC2_0046_ICR-3_p08
359.025494145,375.093185986,16.067691840,Other,random,C2H8O_1,16.067685000,RC2_0046_ICR-3_p08
225.004161669,241.071853509,16.067691840,Other,random,C2H8O_1,16.067685000,RC2_0046_ICR-3_p08
267.087477150,283.155168990,16.067691840,Other,random,C2H8O_1,16.067685000,RC2_0046_ICR-3_p08
637.141313367,653.209005207,16.067691840,Other,random,C2H8O_1,16.067685000,RC2_0046_ICR-3_p08
303.050960591,319.118653432,16.067692840,Other,random,C2H8O_1,16.067685000,RC2_0046_ICR-3_p08
325.105822034,341.173514874,16.067692840,Other,random,C2H8O_1,16.067685000,RC2_0046_ICR-3_p08
433.090388959,449.158081799,16.067692840,Other,random,C2H8O_1,16.067685000,RC2_0046_ICR-3_p08
349.069444379,365.137137219,16.067692840,Other,random,C2H8O_1,16.067685000,RC2_0046_ICR-3_p08
391.030549379,407.098242219,16.067692840,Other,random,C2H8O_1,16.067685000,RC2_0046_ICR-3_p08
507.179091672,523.246784512,16.067692840,Other,random,C2H8O_1,16.067685000,RC2_0046_ICR-3_p08
437.108773913,453.176467753,16.067693840,Other,random,C2H8O_1,16.067685000,RC2_0046_ICR-3_p08
457.163258841,473.230952681,16.067693840,Other,random,C2H8O_1,16.067685000,RC2_0046_ICR-3_p08
421.144623633,437.212317474,16.067693840,Other,random,C2H8O_1,16.067685000,RC2_0046_ICR-3_p08
293.043288044,309.110981885,16.067693840,Other,random,C2H8O_1,16.067685000,RC2_0046_ICR-3_p08
629.078550570,645.146244410,16.067693840,Other,random,C2H8O_1,16.067685000,RC2_0046_ICR-3_p08
519.150732888,535.218427728,16.067694840,Other,random,C2H8O_1,16.067685000,RC2_0046_ICR-3_p08
319.131689376,335.199384217,16.067694840,Other,random,C2H8O_1,16.067685000,RC2_0046_ICR-3_p08
365.100578375,381.168273215,16.067694840,Other,random,C2H8O_1,16.067685000,RC2_0046_ICR-3_p08
471.087429774,487.155124614,16.067694840,Other,random,C2H8O_1,16.067685000,RC2_0046_ICR-3_p08
489.067343503,505.135038343,16.067694840,Other,random,C2H8O_1,16.067685000,RC2_0046_ICR-3_p08
503.119415893,519.187110733,16.067694840,Other,random,C2H8O_1,16.067685000,RC2_0046_ICR-3_p08
569.143219818,585.210914658,16.067694840,Other,random,C2H8O_1,16.067685000,RC2_0046_ICR-3_p08
665.208980303,681.276675143,16.067694840,Other,random,C2H8O_1,16.067685000,RC2_0046_ICR-3_p08
679.224882847,695.292577687,16.067694840,Other,random,C2H8O_1,16.067685000,RC2_0046_ICR-3_p08
239.019772214,255.087467054,16.067694840,Other,random,C2H8O_1,16.067685000,RC2_0046_ICR-3_p08
307.131730281,323.199425121,16.067694840,Other,random,C2H8O_1,16.067685000,RC2_0046_ICR-3_p08
323.113488485,339.181183326,16.067694840,Other,random,C2H8O_1,16.067685000,RC2_0046_ICR-3_p08
443.025449814,459.093144654,16.067694840,Other,random,C2H8O_1,16.067685000,RC2_0046_ICR-3_p08
509.202722088,525.270416928,16.067694840,Other,random,C2H8O_1,16.067685000,RC2_0046_ICR-3_p08
267.066336240,283.191527836,16.125191596,Other,random,H16,16.125200000,RC2_0046_ICR-3_p08
371.149870713,387.275062310,16.125191596,Other,random,H16,16.125200000,RC2_0046_ICR-3_p08
513.031091847,529.156284444,16.125192596,Other,random,H16,16.125200000,RC2_0046_ICR-3_p08
499.051704149,515.176897745,16.125193596,Other,random,H16,16.125200000,RC2_0046_ICR-3_p08
513.176541230,529.301734827,16.125193596,Other,random,H16,16.125200000,RC2_0046_ICR-3_p08
427.066768512,443.191963108,16.125194596,Other,random,H16,16.125200000,RC2_0046_ICR-3_p08
355.009406182,371.134600778,16.125194596,Other,random,H16,16.125200000,RC2_0046_ICR-3_p08
473.072409354,489.197603950,16.125194596,Other,random,H16,16.125200000,RC2_0046_ICR-3_p08
613.120295265,629.245490861,16.125195596,Other,random,H16,16.125200000,RC2_0046_ICR-3_p08
329.102931078,345.228127674,16.125196596,Other,random,H16,16.125200000,RC2_0046_ICR-3_p08
355.082262873,371.207460469,16.125197596,Other,random,H16,16.125200000,RC2_0046_ICR-3_p08
509.121946430,525.247145027,16.125198596,Other,random,H16,16.125200000,RC2_0046_ICR-3_p08
523.137606975,539.262806572,16.125199596,Other,random,H16,16.125200000,RC2_0046_ICR-3_p08
441.082623056,457.207825652,16.125202596,Other,random,H16,16.125200000,RC2_0046_ICR-3_p08
555.187231019,571.312433616,16.125202596,Other,random,H16,16.125200000,RC2_0046_ICR-3_p08
481.127056186,497.252258782,16.125202596,Other,random,H16,16.125200000,RC2_0046_ICR-3_p08
502.135615067,518.260818663,16.125203596,Other,random,H16,16.125200000,RC2_0046_ICR-3_p08
569.093820027,585.219023623,16.125203596,Other,random,H16,16.125200000,RC2_0046_ICR-3_p08
357.134214168,373.259420764,16.125206596,Other,random,H16,16.125200000,RC2_0046_ICR-3_p08
527.046731393,543.171937989,16.125206596,Other,random,H16,16.125200000,RC2_0046_ICR-3_p08
362.088018154,379.066941129,16.978922975,Other,random,H_1O2N_1,16.978931000,RC2_0046_ICR-3_p08
326.088036867,343.066959842,16.978922975,Other,random,H_1O2N_1,16.978931000,RC2_0046_ICR-3_p08
240.087779684,257.066703658,16.978923975,Other,random,H_1O2N_1,16.978931000,RC2_0046_ICR-3_p08
352.140000354,369.118926329,16.978925975,Other,random,H_1O2N_1,16.978931000,RC2_0046_ICR-3_p08
254.067027383,271.045954358,16.978926975,Other,random,H_1O2N_1,16.978931000,RC2_0046_ICR-3_p08
356.062150716,373.041077691,16.978926975,Other,random,H_1O2N_1,16.978931000,RC2_0046_ICR-3_p08
262.072133425,279.051061400,16.978927975,Other,random,H_1O2N_1,16.978931000,RC2_0046_ICR-3_p08
448.052028491,465.030959466,16.978930975,Other,random,H_1O2N_1,16.978931000,RC2_0046_ICR-3_p08
383.124900915,400.103832889,16.978931975,Other,random,H_1O2N_1,16.978931000,RC2_0046_ICR-3_p08
367.078155986,384.057088960,16.978932975,Other,random,H_1O2N_1,16.978931000,RC2_0046_ICR-3_p08
268.082669928,285.061602903,16.978932975,Other,random,H_1O2N_1,16.978931000,RC2_0046_ICR-3_p08
502.171799913,519.150732888,16.978932975,Other,random,H_1O2N_1,16.978931000,RC2_0046_ICR-3_p08
500.047111926,517.026045901,16.978933975,Other,random,H_1O2N_1,16.978931000,RC2_0046_ICR-3_p08
318.074860859,335.053797834,16.978936975,Other,random,H_1O2N_1,16.978931000,RC2_0046_ICR-3_p08
298.093147623,315.072085597,16.978937975,Other,random,H_1O2N_1,16.978931000,RC2_0046_ICR-3_p08
346.215287487,363.194225461,16.978937975,Other,random,H_1O2N_1,16.978931000,RC2_0046_ICR-3_p08
420.252055420,437.230994394,16.978938975,Other,random,H_1O2N_1,16.978931000,RC2_0046_ICR-3_p08
338.124356809,355.103296783,16.978939975,Other,random,H_1O2N_1,16.978931000,RC2_0046_ICR-3_p08
504.078205826,521.057145801,16.978939975,Other,random,H_1O2N_1,16.978931000,RC2_0046_ICR-3_p08
508.145989570,525.124930545,16.978940975,Other,random,H_1O2N_1,16.978931000,RC2_0046_ICR-3_p08
431.046616629,448.052028491,17.005411862,Other,random,C3H_1N1O_2,17.005419000,RC2_0046_ICR-3_p08
503.067481114,520.072893976,17.005412862,Other,random,C3H_1N1O_2,17.005419000,RC2_0046_ICR-3_p08
399.056783331,416.062200193,17.005416862,Other,random,C3H_1N1O_2,17.005419000,RC2_0046_ICR-3_p08
261.061632712,278.067049574,17.005416862,Other,random,C3H_1N1O_2,17.005419000,RC2_0046_ICR-3_p08
419.155680071,436.161098933,17.005418862,Other,random,C3H_1N1O_2,17.005419000,RC2_0046_ICR-3_p08
475.072935867,492.078354730,17.005418862,Other,random,C3H_1N1O_2,17.005419000,RC2_0046_ICR-3_p08
561.109984895,578.115403757,17.005418862,Other,random,C3H_1N1O_2,17.005419000,RC2_0046_ICR-3_p08
499.072667060,516.078087922,17.005420862,Other,random,C3H_1N1O_2,17.005419000,RC2_0046_ICR-3_p08
531.171927893,548.177348756,17.005420862,Other,random,C3H_1N1O_2,17.005419000,RC2_0046_ICR-3_p08
245.066709563,262.072133425,17.005423862,Other,random,C3H_1N1O_2,17.005419000,RC2_0046_ICR-3_p08
501.088435509,518.093862371,17.005426862,Other,random,C3H_1N1O_2,17.005419000,RC2_0046_ICR-3_p08
485.093422360,502.098851222,17.005428862,Other,random,C3H_1N1O_2,17.005419000,RC2_0046_ICR-3_p08
313.035352237,330.061892010,17.026539773,Other,random,H3N1,17.026549000,RC2_0046_ICR-3_p08
317.102938982,334.129479755,17.026540773,Other,random,H3N1,17.026549000,RC2_0046_ICR-3_p08
293.066606945,310.093147718,17.026540773,Other,random,H3N1,17.026549000,RC2_0046_ICR-3_p08
307.045857645,324.072399418,17.026541773,Other,random,H3N1,17.026549000,RC2_0046_ICR-3_p08
413.181552413,430.208094186,17.026541773,Other,random,H3N1,17.026549000,RC2_0046_ICR-3_p08
473.072409354,490.098952127,17.026542773,Other,random,H3N1,17.026549000,RC2_0046_ICR-3_p08
521.057145801,538.083689573,17.026543773,Other,random,H3N1,17.026549000,RC2_0046_ICR-3_p08
333.072802238,350.099347010,17.026544773,Other,random,H3N1,17.026549000,RC2_0046_ICR-3_p08
257.103127504,274.129673277,17.026545773,Other,random,H3N1,17.026549000,RC2_0046_ICR-3_p08
323.090168584,340.116714357,17.026545773,Other,random,H3N1,17.026549000,RC2_0046_ICR-3_p08
335.090226680,352.116773452,17.026546773,Other,random,H3N1,17.026549000,RC2_0046_ICR-3_p08
419.134552160,436.161098933,17.026546773,Other,random,H3N1,17.026549000,RC2_0046_ICR-3_p08
535.195109827,552.221656600,17.026546773,Other,random,H3N1,17.026549000,RC2_0046_ICR-3_p08
233.045607557,250.072156330,17.026548773,Other,random,H3N1,17.026549000,RC2_0046_ICR-3_p08
381.095437524,398.121986296,17.026548773,Other,random,H3N1,17.026549000,RC2_0046_ICR-3_p08
297.061587999,314.088137771,17.026549773,Other,random,H3N1,17.026549000,RC2_0046_ICR-3_p08
481.184460942,498.211010715,17.026549773,Other,random,H3N1,17.026549000,RC2_0046_ICR-3_p08
423.106006313,440.132556086,17.026549773,Other,random,H3N1,17.026549000,RC2_0046_ICR-3_p08
337.129139030,354.155689803,17.026550773,Other,random,H3N1,17.026549000,RC2_0046_ICR-3_p08
591.171950371,608.198501144,17.026550773,Other,random,H3N1,17.026549000,RC2_0046_ICR-3_p08
441.082623056,458.109174828,17.026551773,Other,random,H3N1,17.026549000,RC2_0046_ICR-3_p08
315.063982632,332.090535404,17.026552773,Other,random,H3N1,17.026549000,RC2_0046_ICR-3_p08
301.129241743,318.155795516,17.026553773,Other,random,H3N1,17.026549000,RC2_0046_ICR-3_p08
389.209768102,406.236321875,17.026553773,Other,random,H3N1,17.026549000,RC2_0046_ICR-3_p08
283.045890454,300.072444226,17.026553773,Other,random,H3N1,17.026549000,RC2_0046_ICR-3_p08
503.155878739,520.182433511,17.026554773,Other,random,H3N1,17.026549000,RC2_0046_ICR-3_p08
305.066572041,322.093127814,17.026555773,Other,random,H3N1,17.026549000,RC2_0046_ICR-3_p08
431.111326354,448.137882127,17.026555773,Other,random,H3N1,17.026549000,RC2_0046_ICR-3_p08
323.113488485,340.140044258,17.026555773,Other,random,H3N1,17.026549000,RC2_0046_ICR-3_p08
329.079685177,346.106242949,17.026557773,Other,random,H3N1,17.026549000,RC2_0046_ICR-3_p08
263.019780405,280.046339178,17.026558773,Other,random,H3N1,17.026549000,RC2_0046_ICR-3_p08
397.069409762,414.095968534,17.026558773,Other,random,H3N1,17.026549000,RC2_0046_ICR-3_p08
413.051198966,430.077757739,17.026558773,Other,random,H3N1,17.026549000,RC2_0046_ICR-3_p08
293.175749483,311.141840270,17.966090787,Other,random,H_1Cl1O_1,17.966100000,RC2_0046_ICR-3_p08
563.176918127,581.143008914,17.966090787,Other,random,H_1Cl1O_1,17.966100000,RC2_0046_ICR-3_p08
589.265474458,607.231565245,17.966090787,Other,random,H_1Cl1O_1,17.966100000,RC2_0046_ICR-3_p08
577.265327363,595.231419150,17.966091787,Other,random,H_1Cl1O_1,17.966100000,RC2_0046_ICR-3_p08
285.134353594,303.100446382,17.966092787,Other,random,H_1Cl1O_1,17.966100000,RC2_0046_ICR-3_p08
363.144849671,381.110942458,17.966092787,Other,random,H_1Cl1O_1,17.966100000,RC2_0046_ICR-3_p08
369.155289174,387.121381961,17.966092787,Other,random,H_1Cl1O_1,17.966100000,RC2_0046_ICR-3_p08
329.233280525,347.199374312,17.966093787,Other,random,H_1Cl1O_1,17.966100000,RC2_0046_ICR-3_p08
327.217607076,345.183700863,17.966093787,Other,random,H_1Cl1O_1,17.966100000,RC2_0046_ICR-3_p08
471.187040352,489.153135139,17.966094787,Other,random,H_1Cl1O_1,17.966100000,RC2_0046_ICR-3_p08
537.197533332,555.163629120,17.966095787,Other,random,H_1Cl1O_1,17.966100000,RC2_0046_ICR-3_p08
461.129815015,479.095911802,17.966096787,Other,random,H_1Cl1O_1,17.966100000,RC2_0046_ICR-3_p08
489.233974796,507.200071583,17.966096787,Other,random,H_1Cl1O_1,17.966100000,RC2_0046_ICR-3_p08
345.228127674,363.194225461,17.966097787,Other,random,H_1Cl1O_1,17.966100000,RC2_0046_ICR-3_p08
541.229059231,559.195157018,17.966097787,Other,random,H_1Cl1O_1,17.966100000,RC2_0046_ICR-3_p08
553.301621018,571.267718805,17.966097787,Other,random,H_1Cl1O_1,17.966100000,RC2_0046_ICR-3_p08
557.332993917,575.299091704,17.966097787,Other,random,H_1Cl1O_1,17.966100000,RC2_0046_ICR-3_p08
495.114276851,513.080374638,17.966097787,Other,random,H_1Cl1O_1,17.966100000,RC2_0046_ICR-3_p08
311.149873236,329.115972023,17.966098787,Other,random,H_1Cl1O_1,17.966100000,RC2_0046_ICR-3_p08
563.249751818,581.215850605,17.966098787,Other,random,H_1Cl1O_1,17.966100000,RC2_0046_ICR-3_p08
315.072085597,333.038185384,17.966099787,Other,random,H_1Cl1O_1,17.966100000,RC2_0046_ICR-3_p08
357.264554615,375.230654402,17.966099787,Other,random,H_1Cl1O_1,17.966100000,RC2_0046_ICR-3_p08
434.080779758,452.046879545,17.966099787,Other,random,H_1Cl1O_1,17.966100000,RC2_0046_ICR-3_p08
339.144720480,357.110821267,17.966100787,Other,random,H_1Cl1O_1,17.966100000,RC2_0046_ICR-3_p08
545.151020593,563.117121381,17.966100787,Other,random,H_1Cl1O_1,17.966100000,RC2_0046_ICR-3_p08
413.072388876,431.038490663,17.966101787,Other,random,H_1Cl1O_1,17.966100000,RC2_0046_ICR-3_p08
403.233703612,421.199805399,17.966101787,Other,random,H_1Cl1O_1,17.966100000,RC2_0046_ICR-3_p08
343.212510225,361.178612012,17.966101787,Other,random,H_1Cl1O_1,17.966100000,RC2_0046_ICR-3_p08
487.291192037,505.257294824,17.966102787,Other,random,H_1Cl1O_1,17.966100000,RC2_0046_ICR-3_p08
309.170696631,327.136799418,17.966102787,Other,random,H_1Cl1O_1,17.966100000,RC2_0046_ICR-3_p08
283.082288299,301.048392086,17.966103787,Other,random,H_1Cl1O_1,17.966100000,RC2_0046_ICR-3_p08
339.181183326,357.147287113,17.966103787,Other,random,H_1Cl1O_1,17.966100000,RC2_0046_ICR-3_p08
459.114232565,477.080336352,17.966103787,Other,random,H_1Cl1O_1,17.966100000,RC2_0046_ICR-3_p08
529.156284444,547.122388231,17.966103787,Other,random,H_1Cl1O_1,17.966100000,RC2_0046_ICR-3_p08
329.124093988,347.090198775,17.966104787,Other,random,H_1Cl1O_1,17.966100000,RC2_0046_ICR-3_p08
483.223322293,501.189427080,17.966104787,Other,random,H_1Cl1O_1,17.966100000,RC2_0046_ICR-3_p08
337.201905722,355.168012509,17.966106787,Other,random,H_1Cl1O_1,17.966100000,RC2_0046_ICR-3_p08
383.134591874,401.100698661,17.966106787,Other,random,H_1Cl1O_1,17.966100000,RC2_0046_ICR-3_p08
339.108406634,357.074513421,17.966106787,Other,random,H_1Cl1O_1,17.966100000,RC2_0046_ICR-3_p08
303.072087502,321.038195289,17.966107787,Other,random,H_1Cl1O_1,17.966100000,RC2_0046_ICR-3_p08
449.145106854,467.111214641,17.966107787,Other,random,H_1Cl1O_1,17.966100000,RC2_0046_ICR-3_p08
359.243775219,377.209883006,17.966107787,Other,random,H_1Cl1O_1,17.966100000,RC2_0046_ICR-3_p08
517.301629732,535.267738519,17.966108787,Other,random,H_1Cl1O_1,17.966100000,RC2_0046_ICR-3_p08
529.265309981,547.231418768,17.966108787,Other,random,H_1Cl1O_1,17.966100000,RC2_0046_ICR-3_p08
445.098445020,463.064553808,17.966108787,Other,random,H_1Cl1O_1,17.966100000,RC2_0046_ICR-3_p08
391.189115706,409.163286459,17.974170753,Other,random,C_1H_2O2,17.974180000,RC2_0046_ICR-3_p08
499.145566750,517.119737503,17.974170753,Other,random,C_1H_2O2,17.974180000,RC2_0046_ICR-3_p08
331.154979373,349.129151126,17.974171753,Other,random,C_1H_2O2,17.974180000,RC2_0046_ICR-3_p08
374.124457095,392.098628848,17.974171753,Other,random,C_1H_2O2,17.974180000,RC2_0046_ICR-3_p08
431.183910046,449.158081799,17.974171753,Other,random,C_1H_2O2,17.974180000,RC2_0046_ICR-3_p08
433.272509187,451.246680939,17.974171753,Other,random,C_1H_2O2,17.974180000,RC2_0046_ICR-3_p08
266.067068479,284.041241231,17.974172753,Other,random,C_1H_2O2,17.974180000,RC2_0046_ICR-3_p08
267.051077304,285.025250057,17.974172753,Other,random,C_1H_2O2,17.974180000,RC2_0046_ICR-3_p08
271.061262293,289.035435046,17.974172753,Other,random,C_1H_2O2,17.974180000,RC2_0046_ICR-3_p08
403.175990857,421.150163610,17.974172753,Other,random,C_1H_2O2,17.974180000,RC2_0046_ICR-3_p08
407.061756374,425.035929126,17.974172753,Other,random,C_1H_2O2,17.974180000,RC2_0046_ICR-3_p08
459.165831346,477.140004099,17.974172753,Other,random,C_1H_2O2,17.974180000,RC2_0046_ICR-3_p08
485.166323051,503.140495804,17.974172753,Other,random,C_1H_2O2,17.974180000,RC2_0046_ICR-3_p08
241.144611201,259.118784953,17.974173753,Other,random,C_1H_2O2,17.974180000,RC2_0046_ICR-3_p08
321.134232882,339.108406634,17.974173753,Other,random,C_1H_2O2,17.974180000,RC2_0046_ICR-3_p08
401.051228870,419.025402623,17.974173753,Other,random,C_1H_2O2,17.974180000,RC2_0046_ICR-3_p08
419.147624105,437.121797858,17.974173753,Other,random,C_1H_2O2,17.974180000,RC2_0046_ICR-3_p08
449.121826953,467.096000706,17.974173753,Other,random,C_1H_2O2,17.974180000,RC2_0046_ICR-3_p08
285.061602903,303.035776656,17.974173753,Other,random,C_1H_2O2,17.974180000,RC2_0046_ICR-3_p08
327.217607076,345.191780828,17.974173753,Other,random,C_1H_2O2,17.974180000,RC2_0046_ICR-3_p08
417.095552810,435.069726563,17.974173753,Other,random,C_1H_2O2,17.974180000,RC2_0046_ICR-3_p08
505.062203652,523.036377405,17.974173753,Other,random,C_1H_2O2,17.974180000,RC2_0046_ICR-3_p08
513.176541230,531.150714983,17.974173753,Other,random,C_1H_2O2,17.974180000,RC2_0046_ICR-3_p08
583.145808418,601.119982171,17.974173753,Other,random,C_1H_2O2,17.974180000,RC2_0046_ICR-3_p08
717.276949429,735.251123181,17.974173753,Other,random,C_1H_2O2,17.974180000,RC2_0046_ICR-3_p08
529.148213478,547.122388231,17.974174753,Other,random,C_1H_2O2,17.974180000,RC2_0046_ICR-3_p08
537.153347520,555.127522273,17.974174753,Other,random,C_1H_2O2,17.974180000,RC2_0046_ICR-3_p08
545.288751009,563.262925762,17.974174753,Other,random,C_1H_2O2,17.974180000,RC2_0046_ICR-3_p08
307.045857645,325.020032398,17.974174753,Other,random,C_1H_2O2,17.974180000,RC2_0046_ICR-3_p08
367.189130515,385.163305268,17.974174753,Other,random,C_1H_2O2,17.974180000,RC2_0046_ICR-3_p08
237.040534610,255.014709363,17.974174753,Other,random,C_1H_2O2,17.974180000,RC2_0046_ICR-3_p08
359.162951562,377.137127315,17.974175753,Other,random,C_1H_2O2,17.974180000,RC2_0046_ICR-3_p08
479.241497184,497.215672937,17.974175753,Other,random,C_1H_2O2,17.974180000,RC2_0046_ICR-3_p08
353.173473970,371.147649723,17.974175753,Other,random,C_1H_2O2,17.974180000,RC2_0046_ICR-3_p08
527.249610532,545.223786285,17.974175753,Other,random,C_1H_2O2,17.974180000,RC2_0046_ICR-3_p08
267.123774996,285.097950749,17.974175753,Other,random,C_1H_2O2,17.974180000,RC2_0046_ICR-3_p08
322.093127814,340.067304567,17.974176753,Other,random,C_1H_2O2,17.974180000,RC2_0046_ICR-3_p08
419.293176487,437.267353240,17.974176753,Other,random,C_1H_2O2,17.974180000,RC2_0046_ICR-3_p08
601.205476808,619.179653561,17.974176753,Other,random,C_1H_2O2,17.974180000,RC2_0046_ICR-3_p08
365.087635429,383.061812182,17.974176753,Other,random,C_1H_2O2,17.974180000,RC2_0046_ICR-3_p08
443.183858142,461.158034895,17.974176753,Other,random,C_1H_2O2,17.974180000,RC2_0046_ICR-3_p08
475.051546958,493.025723711,17.974176753,Other,random,C_1H_2O2,17.974180000,RC2_0046_ICR-3_p08
482.174538742,500.148715495,17.974176753,Other,random,C_1H_2O2,17.974180000,RC2_0046_ICR-3_p08
506.130297121,524.104473874,17.974176753,Other,random,C_1H_2O2,17.974180000,RC2_0046_ICR-3_p08
285.170697440,303.144874193,17.974176753,Other,random,C_1H_2O2,17.974180000,RC2_0046_ICR-3_p08
363.266948153,381.241124906,17.974176753,Other,random,C_1H_2O2,17.974180000,RC2_0046_ICR-3_p08
349.056393435,367.030570187,17.974176753,Other,random,C_1H_2O2,17.974180000,RC2_0046_ICR-3_p08
553.148281669,571.122459422,17.974177753,Other,random,C_1H_2O2,17.974180000,RC2_0046_ICR-3_p08
629.187719106,647.161896859,17.974177753,Other,random,C_1H_2O2,17.974180000,RC2_0046_ICR-3_p08
308.113859114,326.088036867,17.974177753,Other,random,C_1H_2O2,17.974180000,RC2_0046_ICR-3_p08
485.181700986,503.155878739,17.974177753,Other,random,C_1H_2O2,17.974180000,RC2_0046_ICR-3_p08
541.257269111,559.231446864,17.974177753,Other,random,C_1H_2O2,17.974180000,RC2_0046_ICR-3_p08
299.149973140,317.124150892,17.974177753,Other,random,C_1H_2O2,17.974180000,RC2_0046_ICR-3_p08
334.178898546,352.153077298,17.974178753,Other,random,C_1H_2O2,17.974180000,RC2_0046_ICR-3_p08
355.045688028,373.019866781,17.974178753,Other,random,C_1H_2O2,17.974180000,RC2_0046_ICR-3_p08
385.113695478,403.087874231,17.974178753,Other,random,C_1H_2O2,17.974180000,RC2_0046_ICR-3_p08
365.115861310,383.090040063,17.974178753,Other,random,C_1H_2O2,17.974180000,RC2_0046_ICR-3_p08
369.147203209,387.121381961,17.974178753,Other,random,C_1H_2O2,17.974180000,RC2_0046_ICR-3_p08
375.121347866,393.095526619,17.974178753,Other,random,C_1H_2O2,17.974180000,RC2_0046_ICR-3_p08
537.161228486,555.135407239,17.974178753,Other,random,C_1H_2O2,17.974180000,RC2_0046_ICR-3_p08
311.095782465,329.069961218,17.974178753,Other,random,C_1H_2O2,17.974180000,RC2_0046_ICR-3_p08
317.139288828,335.113467581,17.974178753,Other,random,C_1H_2O2,17.974180000,RC2_0046_ICR-3_p08
309.110981885,327.085161637,17.974179753,Other,random,C_1H_2O2,17.974180000,RC2_0046_ICR-3_p08
403.139707011,421.113886764,17.974179753,Other,random,C_1H_2O2,17.974180000,RC2_0046_ICR-3_p08
389.051174775,407.025354528,17.974179753,Other,random,C_1H_2O2,17.974180000,RC2_0046_ICR-3_p08
239.128947751,257.103127504,17.974179753,Other,random,C_1H_2O2,17.974180000,RC2_0046_ICR-3_p08
343.066959842,361.041140595,17.974180753,Other,random,C_1H_2O2,17.974180000,RC2_0046_ICR-3_p08
413.090773798,431.064954551,17.974180753,Other,random,C_1H_2O2,17.974180000,RC2_0046_ICR-3_p08
255.123817900,273.097998653,17.974180753,Other,random,C_1H_2O2,17.974180000,RC2_0046_ICR-3_p08
355.204403355,373.178584107,17.974180753,Other,random,C_1H_2O2,17.974180000,RC2_0046_ICR-3_p08
379.066941129,397.041121882,17.974180753,Other,random,C_1H_2O2,17.974180000,RC2_0046_ICR-3_p08
473.175926915,491.150107667,17.974180753,Other,random,C_1H_2O2,17.974180000,RC2_0046_ICR-3_p08
499.137561784,517.111742537,17.974180753,Other,random,C_1H_2O2,17.974180000,RC2_0046_ICR-3_p08
509.275429779,527.249610532,17.974180753,Other,random,C_1H_2O2,17.974180000,RC2_0046_ICR-3_p08
443.111322450,461.085503203,17.974180753,Other,random,C_1H_2O2,17.974180000,RC2_0046_ICR-3_p08
313.201958531,331.176140283,17.974181753,Other,random,C_1H_2O2,17.974180000,RC2_0046_ICR-3_p08
336.072402513,354.046584266,17.974181753,Other,random,C_1H_2O2,17.974180000,RC2_0046_ICR-3_p08
464.091401452,482.065583204,17.974181753,Other,random,C_1H_2O2,17.974180000,RC2_0046_ICR-3_p08
249.113295397,267.087477150,17.974181753,Other,random,C_1H_2O2,17.974180000,RC2_0046_ICR-3_p08
355.168012509,373.142194262,17.974181753,Other,random,C_1H_2O2,17.974180000,RC2_0046_ICR-3_p08
357.228124770,375.202306523,17.974181753,Other,random,C_1H_2O2,17.974180000,RC2_0046_ICR-3_p08
445.108135979,463.082317732,17.974181753,Other,random,C_1H_2O2,17.974180000,RC2_0046_ICR-3_p08
553.119853789,571.094035542,17.974181753,Other,random,C_1H_2O2,17.974180000,RC2_0046_ICR-3_p08
565.229027422,583.203209175,17.974181753,Other,random,C_1H_2O2,17.974180000,RC2_0046_ICR-3_p08
269.066630754,287.040813507,17.974182753,Other,random,C_1H_2O2,17.974180000,RC2_0046_ICR-3_p08
543.236646714,561.210829467,17.974182753,Other,random,C_1H_2O2,17.974180000,RC2_0046_ICR-3_p08
335.149919426,353.124102179,17.974182753,Other,random,C_1H_2O2,17.974180000,RC2_0046_ICR-3_p08
435.106028409,453.080211161,17.974182753,Other,random,C_1H_2O2,17.974180000,RC2_0046_ICR-3_p08
487.101159843,505.075342596,17.974182753,Other,random,C_1H_2O2,17.974180000,RC2_0046_ICR-3_p08
501.103698444,519.077881197,17.974182753,Other,random,C_1H_2O2,17.974180000,RC2_0046_ICR-3_p08
303.100446382,321.074629134,17.974182753,Other,random,C_1H_2O2,17.974180000,RC2_0046_ICR-3_p08
323.162931276,341.137114029,17.974182753,Other,random,C_1H_2O2,17.974180000,RC2_0046_ICR-3_p08
559.304286555,577.278469308,17.974182753,Other,random,C_1H_2O2,17.974180000,RC2_0046_ICR-3_p08
389.100660565,407.074844318,17.974183753,Other,random,C_1H_2O2,17.974180000,RC2_0046_ICR-3_p08
433.090388959,451.064572712,17.974183753,Other,random,C_1H_2O2,17.974180000,RC2_0046_ICR-3_p08
469.280580439,487.254764192,17.974183753,Other,random,C_1H_2O2,17.974180000,RC2_0046_ICR-3_p08
560.141220004,578.115403757,17.974183753,Other,random,C_1H_2O2,17.974180000,RC2_0046_ICR-3_p08
293.066606945,311.040790698,17.974183753,Other,random,C_1H_2O2,17.974180000,RC2_0046_ICR-3_p08
343.076587801,361.050771554,17.974183753,Other,random,C_1H_2O2,17.974180000,RC2_0046_ICR-3_p08
401.090927702,419.065111455,17.974183753,Other,random,C_1H_2O2,17.974180000,RC2_0046_ICR-3_p08
443.170789198,461.144972950,17.974183753,Other,random,C_1H_2O2,17.974180000,RC2_0046_ICR-3_p08
331.082208682,349.056393435,17.974184753,Other,random,C_1H_2O2,17.974180000,RC2_0046_ICR-3_p08
375.230654402,393.204839155,17.974184753,Other,random,C_1H_2O2,17.974180000,RC2_0046_ICR-3_p08
413.181552413,431.155737166,17.974184753,Other,random,C_1H_2O2,17.974180000,RC2_0046_ICR-3_p08
417.204763347,435.178948099,17.974184753,Other,random,C_1H_2O2,17.974180000,RC2_0046_ICR-3_p08
431.170922102,449.145106854,17.974184753,Other,random,C_1H_2O2,17.974180000,RC2_0046_ICR-3_p08
471.123802620,489.097987373,17.974184753,Other,random,C_1H_2O2,17.974180000,RC2_0046_ICR-3_p08
483.114250756,501.088435509,17.974184753,Other,random,C_1H_2O2,17.974180000,RC2_0046_ICR-3_p08
339.108406634,357.082591387,17.974184753,Other,random,C_1H_2O2,17.974180000,RC2_0046_ICR-3_p08
274.072153521,292.046339274,17.974185753,Other,random,C_1H_2O2,17.974180000,RC2_0046_ICR-3_p08
303.098712389,321.072898142,17.974185753,Other,random,C_1H_2O2,17.974180000,RC2_0046_ICR-3_p08
319.240762914,337.214948666,17.974185753,Other,random,C_1H_2O2,17.974180000,RC2_0046_ICR-3_p08
459.123916524,477.098102277,17.974185753,Other,random,C_1H_2O2,17.974180000,RC2_0046_ICR-3_p08
543.223415770,561.197601523,17.974185753,Other,random,C_1H_2O2,17.974180000,RC2_0046_ICR-3_p08
553.098866878,571.073052631,17.974185753,Other,random,C_1H_2O2,17.974180000,RC2_0046_ICR-3_p08
637.141313367,655.115499120,17.974185753,Other,random,C_1H_2O2,17.974180000,RC2_0046_ICR-3_p08
237.113281302,255.087467054,17.974185753,Other,random,C_1H_2O2,17.974180000,RC2_0046_ICR-3_p08
321.183680672,339.157866425,17.974185753,Other,random,C_1H_2O2,17.974180000,RC2_0046_ICR-3_p08
369.074455517,387.048641270,17.974185753,Other,random,C_1H_2O2,17.974180000,RC2_0046_ICR-3_p08
407.098242219,425.072427972,17.974185753,Other,random,C_1H_2O2,17.974180000,RC2_0046_ICR-3_p08
469.171353902,487.145539655,17.974185753,Other,random,C_1H_2O2,17.974180000,RC2_0046_ICR-3_p08
505.207650035,523.181835788,17.974185753,Other,random,C_1H_2O2,17.974180000,RC2_0046_ICR-3_p08
517.244240975,535.218427728,17.974186753,Other,random,C_1H_2O2,17.974180000,RC2_0046_ICR-3_p08
325.129161935,343.103348688,17.974186753,Other,random,C_1H_2O2,17.974180000,RC2_0046_ICR-3_p08
337.159927900,355.134114653,17.974186753,Other,random,C_1H_2O2,17.974180000,RC2_0046_ICR-3_p08
460.124737278,478.098924031,17.974186753,Other,random,C_1H_2O2,17.974180000,RC2_0046_ICR-3_p08
381.168273215,399.142459968,17.974186753,Other,random,C_1H_2O2,17.974180000,RC2_0046_ICR-3_p08
448.088417337,466.062605090,17.974187753,Other,random,C_1H_2O2,17.974180000,RC2_0046_ICR-3_p08
455.165356316,473.139544069,17.974187753,Other,random,C_1H_2O2,17.974180000,RC2_0046_ICR-3_p08
223.097665756,241.071853509,17.974187753,Other,random,C_1H_2O2,17.974180000,RC2_0046_ICR-3_p08
247.061230102,265.035417855,17.974187753,Other,random,C_1H_2O2,17.974180000,RC2_0046_ICR-3_p08
327.253939921,345.228127674,17.974187753,Other,random,C_1H_2O2,17.974180000,RC2_0046_ICR-3_p08
643.203651650,661.177839403,17.974187753,Other,random,C_1H_2O2,17.974180000,RC2_0046_ICR-3_p08
233.154740094,251.128928847,17.974188753,Other,random,C_1H_2O2,17.974180000,RC2_0046_ICR-3_p08
251.128928847,269.103117600,17.974188753,Other,random,C_1H_2O2,17.974180000,RC2_0046_ICR-3_p08
325.084766123,343.058954876,17.974188753,Other,random,C_1H_2O2,17.974180000,RC2_0046_ICR-3_p08
383.207419565,401.181608317,17.974188753,Other,random,C_1H_2O2,17.974180000,RC2_0046_ICR-3_p08
413.173537447,431.147726200,17.974188753,Other,random,C_1H_2O2,17.974180000,RC2_0046_ICR-3_p08
447.178862195,465.153050948,17.974188753,Other,random,C_1H_2O2,17.974180000,RC2_0046_ICR-3_p08
491.119404798,509.093593551,17.974188753,Other,random,C_1H_2O2,17.974180000,RC2_0046_ICR-3_p08
507.272956274,525.247145027,17.974188753,Other,random,C_1H_2O2,17.974180000,RC2_0046_ICR-3_p08
311.077088544,329.051278297,17.974189753,Other,random,C_1H_2O2,17.974180000,RC2_0046_ICR-3_p08
429.285576099,447.259765852,17.974189753,Other,random,C_1H_2O2,17.974180000,RC2_0046_ICR-3_p08
441.204789537,459.178979290,17.974189753,Other,random,C_1H_2O2,17.974180000,RC2_0046_ICR-3_p08
522.125382269,540.099572022,17.974189753,Other,random,C_1H_2O2,17.974180000,RC2_0046_ICR-3_p08
379.134110844,397.126908518,17.992797674,Other,random,H2O_1S1,17.992807000,RC2_0046_ICR-3_p08
233.066774467,251.059574141,17.992799674,Other,random,H2O_1S1,17.992807000,RC2_0046_ICR-3_p08
293.175749483,311.168551156,17.992801674,Other,random,H2O_1S1,17.992807000,RC2_0046_ICR-3_p08
405.076983793,423.069787467,17.992803674,Other,random,H2O_1S1,17.992807000,RC2_0046_ICR-3_p08
451.227934019,469.220739693,17.992805674,Other,random,H2O_1S1,17.992807000,RC2_0046_ICR-3_p08
345.055820405,363.048628079,17.992807674,Other,random,H2O_1S1,17.992807000,RC2_0046_ICR-3_p08
513.306700678,531.299508352,17.992807674,Other,random,H2O_1S1,17.992807000,RC2_0046_ICR-3_p08
487.191635459,505.184444133,17.992808674,Other,random,H2O_1S1,17.992807000,RC2_0046_ICR-3_p08
273.097998653,291.090808327,17.992809674,Other,random,H2O_1S1,17.992807000,RC2_0046_ICR-3_p08
371.098111933,389.090921607,17.992809674,Other,random,H2O_1S1,17.992807000,RC2_0046_ICR-3_p08
341.124127084,359.116937757,17.992810674,Other,random,H2O_1S1,17.992807000,RC2_0046_ICR-3_p08
387.175505732,405.168317406,17.992811674,Other,random,H2O_1S1,17.992807000,RC2_0046_ICR-3_p08
461.066894282,479.059705955,17.992811674,Other,random,H2O_1S1,17.992807000,RC2_0046_ICR-3_p08
299.077216448,317.070028122,17.992811674,Other,random,H2O_1S1,17.992807000,RC2_0046_ICR-3_p08
283.082288299,301.075100973,17.992812674,Other,random,H2O_1S1,17.992807000,RC2_0046_ICR-3_p08
415.134151130,433.126963804,17.992812674,Other,random,H2O_1S1,17.992807000,RC2_0046_ICR-3_p08
315.108418443,333.101232117,17.992813674,Other,random,H2O_1S1,17.992807000,RC2_0046_ICR-3_p08
361.050771554,379.043586228,17.992814674,Other,random,H2O_1S1,17.992807000,RC2_0046_ICR-3_p08
309.134218786,327.127034460,17.992815674,Other,random,H2O_1S1,17.992807000,RC2_0046_ICR-3_p08
373.077404537,391.070220210,17.992815674,Other,random,H2O_1S1,17.992807000,RC2_0046_ICR-3_p08
251.056194155,269.049009829,17.992815674,Other,random,H2O_1S1,17.992807000,RC2_0046_ICR-3_p08
303.050960591,321.061516190,18.010555599,Other,random,condensation/dehydration,18.010564710,RC2_0046_ICR-3_p08
373.214900953,391.225456552,18.010555599,Other,random,condensation/dehydration,18.010564710,RC2_0046_ICR-3_p08
383.053812216,401.064367815,18.010555599,Other,random,condensation/dehydration,18.010564710,RC2_0046_ICR-3_p08
479.183986428,497.194542027,18.010555599,Other,random,condensation/dehydration,18.010564710,RC2_0046_ICR-3_p08
239.056148060,257.066703658,18.010555599,Other,random,condensation/dehydration,18.010564710,RC2_0046_ICR-3_p08
399.111474099,417.122029698,18.010555599,Other,random,condensation/dehydration,18.010564710,RC2_0046_ICR-3_p08
477.067382407,495.077938005,18.010555599,Other,random,condensation/dehydration,18.010564710,RC2_0046_ICR-3_p08
399.139248981,417.149804580,18.010555599,Other,random,condensation/dehydration,18.010564710,RC2_0046_ICR-3_p08
417.059170964,435.069726563,18.010555599,Other,random,condensation/dehydration,18.010564710,RC2_0046_ICR-3_p08
347.004343139,365.014899738,18.010556599,Other,random,condensation/dehydration,18.010564710,RC2_0046_ICR-3_p08
397.178456299,415.189012897,18.010556599,Other,random,condensation/dehydration,18.010564710,RC2_0046_ICR-3_p08
315.108418443,333.118975042,18.010556599,Other,random,condensation/dehydration,18.010564710,RC2_0046_ICR-3_p08
539.286006473,557.296563072,18.010556599,Other,random,condensation/dehydration,18.010564710,RC2_0046_ICR-3_p08
263.128947942,281.139504541,18.010556599,Other,random,condensation/dehydration,18.010564710,RC2_0046_ICR-3_p08
331.058887781,349.069444379,18.010556599,Other,random,condensation/dehydration,18.010564710,RC2_0046_ICR-3_p08
358.069765200,376.080321798,18.010556599,Other,random,condensation/dehydration,18.010564710,RC2_0046_ICR-3_p08
359.053811025,377.064367624,18.010556599,Other,random,condensation/dehydration,18.010564710,RC2_0046_ICR-3_p08
395.098140124,413.108696722,18.010556599,Other,random,condensation/dehydration,18.010564710,RC2_0046_ICR-3_p08
497.072168546,515.082725144,18.010556599,Other,random,condensation/dehydration,18.010564710,RC2_0046_ICR-3_p08
249.076919551,267.087477150,18.010557599,Other,random,condensation/dehydration,18.010564710,RC2_0046_ICR-3_p08
322.093127814,340.103685412,18.010557599,Other,random,condensation/dehydration,18.010564710,RC2_0046_ICR-3_p08
381.168273215,399.178830813,18.010557599,Other,random,condensation/dehydration,18.010564710,RC2_0046_ICR-3_p08
383.134591874,401.145149472,18.010557599,Other,random,condensation/dehydration,18.010564710,RC2_0046_ICR-3_p08
404.134936789,422.145494388,18.010557599,Other,random,condensation/dehydration,18.010564710,RC2_0046_ICR-3_p08
411.194189844,429.204747442,18.010557599,Other,random,condensation/dehydration,18.010564710,RC2_0046_ICR-3_p08
417.046213019,435.056770618,18.010557599,Other,random,condensation/dehydration,18.010564710,RC2_0046_ICR-3_p08
433.113845860,451.124403458,18.010557599,Other,random,condensation/dehydration,18.010564710,RC2_0046_ICR-3_p08
471.087429774,489.097987373,18.010557599,Other,random,condensation/dehydration,18.010564710,RC2_0046_ICR-3_p08
483.186977447,501.197535046,18.010557599,Other,random,condensation/dehydration,18.010564710,RC2_0046_ICR-3_p08
487.246737226,505.257294824,18.010557599,Other,random,condensation/dehydration,18.010564710,RC2_0046_ICR-3_p08
657.219210196,675.229767794,18.010557599,Other,random,condensation/dehydration,18.010564710,RC2_0046_ICR-3_p08
687.229866889,705.240424488,18.010557599,Other,random,condensation/dehydration,18.010564710,RC2_0046_ICR-3_p08
303.100446382,321.111003980,18.010557599,Other,random,condensation/dehydration,18.010564710,RC2_0046_ICR-3_p08
333.074532230,351.085089829,18.010557599,Other,random,condensation/dehydration,18.010564710,RC2_0046_ICR-3_p08
341.043253427,359.053811025,18.010557599,Other,random,condensation/dehydration,18.010564710,RC2_0046_ICR-3_p08
339.072033789,357.082591387,18.010557599,Other,random,condensation/dehydration,18.010564710,RC2_0046_ICR-3_p08
315.014563841,333.025122440,18.010558598,Other,random,condensation/dehydration,18.010564710,RC2_0046_ICR-3_p08
357.155348079,375.165906677,18.010558599,Other,random,condensation/dehydration,18.010564710,RC2_0046_ICR-3_p08
257.103127504,275.113686102,18.010558599,Other,random,condensation/dehydration,18.010564710,RC2_0046_ICR-3_p08
371.149870713,389.160429312,18.010558599,Other,random,condensation/dehydration,18.010564710,RC2_0046_ICR-3_p08
401.137065506,419.147624105,18.010558599,Other,random,condensation/dehydration,18.010564710,RC2_0046_ICR-3_p08
527.083035239,545.093594837,18.010559598,Other,random,condensation/dehydration,18.010564710,RC2_0046_ICR-3_p08
271.061262293,289.071821892,18.010559598,Other,random,condensation/dehydration,18.010564710,RC2_0046_ICR-3_p08
327.144810384,345.155369983,18.010559598,Other,random,condensation/dehydration,18.010564710,RC2_0046_ICR-3_p08
381.046223732,399.056783331,18.010559598,Other,random,condensation/dehydration,18.010564710,RC2_0046_ICR-3_p08
391.030549379,409.041108977,18.010559598,Other,random,condensation/dehydration,18.010564710,RC2_0046_ICR-3_p08
673.177394501,691.187955099,18.010560598,Other,random,condensation/dehydration,18.010564710,RC2_0046_ICR-3_p08
467.155762452,485.166323051,18.010560598,Other,random,condensation/dehydration,18.010564710,RC2_0046_ICR-3_p08
497.130008301,515.140568899,18.010560598,Other,random,condensation/dehydration,18.010564710,RC2_0046_ICR-3_p08
503.046585202,521.057145801,18.010560598,Other,random,condensation/dehydration,18.010564710,RC2_0046_ICR-3_p08
308.041080423,326.051641022,18.010560598,Other,random,condensation/dehydration,18.010564710,RC2_0046_ICR-3_p08
433.199507496,451.210068095,18.010560598,Other,random,condensation/dehydration,18.010564710,RC2_0046_ICR-3_p08
571.036606786,589.047167384,18.010560598,Other,random,condensation/dehydration,18.010564710,RC2_0046_ICR-3_p08
515.119369989,533.129930587,18.010560598,Other,random,condensation/dehydration,18.010564710,RC2_0046_ICR-3_p08
313.056432148,331.066992746,18.010560598,Other,random,condensation/dehydration,18.010564710,RC2_0046_ICR-3_p08
339.035520944,357.046081542,18.010560598,Other,random,condensation/dehydration,18.010564710,RC2_0046_ICR-3_p08
499.218355442,517.228916040,18.010560598,Other,random,condensation/dehydration,18.010564710,RC2_0046_ICR-3_p08
255.160194746,273.170756344,18.010561598,Other,random,condensation/dehydration,18.010564710,RC2_0046_ICR-3_p08
343.082106778,361.092668376,18.010561598,Other,random,condensation/dehydration,18.010564710,RC2_0046_ICR-3_p08
435.142513254,453.153074852,18.010561598,Other,random,condensation/dehydration,18.010564710,RC2_0046_ICR-3_p08
479.155765548,497.166327146,18.010561598,Other,random,condensation/dehydration,18.010564710,RC2_0046_ICR-3_p08
241.035461664,259.046023262,18.010561598,Other,random,condensation/dehydration,18.010564710,RC2_0046_ICR-3_p08
249.004150860,267.014712459,18.010561598,Other,random,condensation/dehydration,18.010564710,RC2_0046_ICR-3_p08
355.131632663,373.142194262,18.010561598,Other,random,condensation/dehydration,18.010564710,RC2_0046_ICR-3_p08
499.160774686,517.171336284,18.010561598,Other,random,condensation/dehydration,18.010564710,RC2_0046_ICR-3_p08
615.172195561,633.182757159,18.010561598,Other,random,condensation/dehydration,18.010564710,RC2_0046_ICR-3_p08
235.061279006,253.071840605,18.010561598,Other,random,condensation/dehydration,18.010564710,RC2_0046_ICR-3_p08
401.118440585,419.129002184,18.010561598,Other,random,condensation/dehydration,18.010564710,RC2_0046_ICR-3_p08
485.036023604,503.046585202,18.010561598,Other,random,condensation/dehydration,18.010564710,RC2_0046_ICR-3_p08
288.998929201,307.009491799,18.010562598,Other,random,condensation/dehydration,18.010564710,RC2_0046_ICR-3_p08
249.149643243,267.160205841,18.010562598,Other,random,condensation/dehydration,18.010564710,RC2_0046_ICR-3_p08
313.048325182,331.058887781,18.010562598,Other,random,condensation/dehydration,18.010564710,RC2_0046_ICR-3_p08
315.181166135,333.191728733,18.010562598,Other,random,condensation/dehydration,18.010564710,RC2_0046_ICR-3_p08
369.118926329,387.129488927,18.010562598,Other,random,condensation/dehydration,18.010564710,RC2_0046_ICR-3_p08
371.134600778,389.145163376,18.010562598,Other,random,condensation/dehydration,18.010564710,RC2_0046_ICR-3_p08
435.129413309,453.139975908,18.010562598,Other,random,condensation/dehydration,18.010564710,RC2_0046_ICR-3_p08
647.234698550,665.245262149,18.010563598,Other,random,condensation/dehydration,18.010564710,RC2_0046_ICR-3_p08
263.092509097,281.103072695,18.010563598,Other,random,condensation/dehydration,18.010564710,RC2_0046_ICR-3_p08
285.170697440,303.181261039,18.010563598,Other,random,condensation/dehydration,18.010564710,RC2_0046_ICR-3_p08
471.187040352,489.197603950,18.010563598,Other,random,condensation/dehydration,18.010564710,RC2_0046_ICR-3_p08
473.139544069,491.150107667,18.010563598,Other,random,condensation/dehydration,18.010564710,RC2_0046_ICR-3_p08
235.097628852,253.108192451,18.010563598,Other,random,condensation/dehydration,18.010564710,RC2_0046_ICR-3_p08
279.160184937,297.170748536,18.010563598,Other,random,condensation/dehydration,18.010564710,RC2_0046_ICR-3_p08
315.072085597,333.082649196,18.010563598,Other,random,condensation/dehydration,18.010564710,RC2_0046_ICR-3_p08
327.050797783,345.061361382,18.010563598,Other,random,condensation/dehydration,18.010564710,RC2_0046_ICR-3_p08
399.157739903,417.168303501,18.010563598,Other,random,condensation/dehydration,18.010564710,RC2_0046_ICR-3_p08
443.038280760,461.048844358,18.010563598,Other,random,condensation/dehydration,18.010564710,RC2_0046_ICR-3_p08
472.124848373,490.135411972,18.010563598,Other,random,condensation/dehydration,18.010564710,RC2_0046_ICR-3_p08
331.095193627,349.105758225,18.010564598,Other,random,condensation/dehydration,18.010564710,RC2_0046_ICR-3_p08
494.179764816,512.190329414,18.010564598,Other,random,condensation/dehydration,18.010564710,RC2_0046_ICR-3_p08
301.071736987,319.082301586,18.010564598,Other,random,condensation/dehydration,18.010564710,RC2_0046_ICR-3_p08
257.030384813,275.040949411,18.010564598,Other,random,condensation/dehydration,18.010564710,RC2_0046_ICR-3_p08
357.092252346,375.102817945,18.010565598,Other,random,condensation/dehydration,18.010564710,RC2_0046_ICR-3_p08
399.165705869,417.176271467,18.010565598,Other,random,condensation/dehydration,18.010564710,RC2_0046_ICR-3_p08
405.059221868,423.069787467,18.010565598,Other,random,condensation/dehydration,18.010564710,RC2_0046_ICR-3_p08
411.157946997,429.168512596,18.010565598,Other,random,condensation/dehydration,18.010564710,RC2_0046_ICR-3_p08
533.288719914,551.299285512,18.010565598,Other,random,condensation/dehydration,18.010564710,RC2_0046_ICR-3_p08
257.139447350,275.150012948,18.010565598,Other,random,condensation/dehydration,18.010564710,RC2_0046_ICR-3_p08
285.040394993,303.050960591,18.010565598,Other,random,condensation/dehydration,18.010564710,RC2_0046_ICR-3_p08
332.041054614,350.051620213,18.010565598,Other,random,condensation/dehydration,18.010564710,RC2_0046_ICR-3_p08
441.103666966,459.114232565,18.010565598,Other,random,condensation/dehydration,18.010564710,RC2_0046_ICR-3_p08
469.236171627,487.246737226,18.010565598,Other,random,condensation/dehydration,18.010564710,RC2_0046_ICR-3_p08
482.138149897,500.148715495,18.010565598,Other,random,condensation/dehydration,18.010564710,RC2_0046_ICR-3_p08
313.092737994,331.103303592,18.010565598,Other,random,condensation/dehydration,18.010564710,RC2_0046_ICR-3_p08
399.194197748,417.204763347,18.010565598,Other,random,condensation/dehydration,18.010564710,RC2_0046_ICR-3_p08
413.087686811,431.098252410,18.010565598,Other,random,condensation/dehydration,18.010564710,RC2_0046_ICR-3_p08
619.239951305,637.250516904,18.010565598,Other,random,condensation/dehydration,18.010564710,RC2_0046_ICR-3_p08
315.050887687,333.061454286,18.010566598,Other,random,condensation/dehydration,18.010564710,RC2_0046_ICR-3_p08
347.113414677,365.123981275,18.010566598,Other,random,condensation/dehydration,18.010564710,RC2_0046_ICR-3_p08
375.266987248,393.277553847,18.010566598,Other,random,condensation/dehydration,18.010564710,RC2_0046_ICR-3_p08
407.171018910,425.181585509,18.010566598,Other,random,condensation/dehydration,18.010564710,RC2_0046_ICR-3_p08
411.165941963,429.176508562,18.010566598,Other,random,condensation/dehydration,18.010564710,RC2_0046_ICR-3_p08
477.030979561,495.041546160,18.010566598,Other,random,condensation/dehydration,18.010564710,RC2_0046_ICR-3_p08
490.098952127,508.109518725,18.010566598,Other,random,condensation/dehydration,18.010564710,RC2_0046_ICR-3_p08
520.044631096,538.055197694,18.010566598,Other,random,condensation/dehydration,18.010564710,RC2_0046_ICR-3_p08
415.175957953,433.186524551,18.010566598,Other,random,condensation/dehydration,18.010564710,RC2_0046_ICR-3_p08
499.197219531,517.207786130,18.010566598,Other,random,condensation/dehydration,18.010564710,RC2_0046_ICR-3_p08
369.264494711,387.275062310,18.010567598,Other,random,condensation/dehydration,18.010564710,RC2_0046_ICR-3_p08
441.113348925,459.123916524,18.010567598,Other,random,condensation/dehydration,18.010564710,RC2_0046_ICR-3_p08
453.168471787,471.179039386,18.010567598,Other,random,condensation/dehydration,18.010564710,RC2_0046_ICR-3_p08
451.233505995,469.244073594,18.010567598,Other,random,condensation/dehydration,18.010564710,RC2_0046_ICR-3_p08
351.035667038,369.046234637,18.010567598,Other,random,condensation/dehydration,18.010564710,RC2_0046_ICR-3_p08
381.082418579,399.092986177,18.010567598,Other,random,condensation/dehydration,18.010564710,RC2_0046_ICR-3_p08
395.061821278,413.072388876,18.010567598,Other,random,condensation/dehydration,18.010564710,RC2_0046_ICR-3_p08
403.030397475,421.040965073,18.010567598,Other,random,condensation/dehydration,18.010564710,RC2_0046_ICR-3_p08
463.124446553,481.135014152,18.010567598,Other,random,condensation/dehydration,18.010564710,RC2_0046_ICR-3_p08
513.153287329,531.163854928,18.010567598,Other,random,condensation/dehydration,18.010564710,RC2_0046_ICR-3_p08
330.061892010,348.072460608,18.010568598,Other,random,condensation/dehydration,18.010564710,RC2_0046_ICR-3_p08
391.170422785,409.180991384,18.010568598,Other,random,condensation/dehydration,18.010564710,RC2_0046_ICR-3_p08
431.092608434,449.103177032,18.010568598,Other,random,condensation/dehydration,18.010564710,RC2_0046_ICR-3_p08
349.142139071,367.152707669,18.010568598,Other,random,condensation/dehydration,18.010564710,RC2_0046_ICR-3_p08
355.066835938,373.077404537,18.010568598,Other,random,condensation/dehydration,18.010564710,RC2_0046_ICR-3_p08
399.102820136,417.113388734,18.010568598,Other,random,condensation/dehydration,18.010564710,RC2_0046_ICR-3_p08
467.147712487,485.158281085,18.010568598,Other,random,condensation/dehydration,18.010564710,RC2_0046_ICR-3_p08
499.210270476,517.220839074,18.010568598,Other,random,condensation/dehydration,18.010564710,RC2_0046_ICR-3_p08
511.109313000,529.119881598,18.010568598,Other,random,condensation/dehydration,18.010564710,RC2_0046_ICR-3_p08
475.124479649,493.135048247,18.010568598,Other,random,condensation/dehydration,18.010564710,RC2_0046_ICR-3_p08
467.074738796,485.085307395,18.010568598,Other,random,condensation/dehydration,18.010564710,RC2_0046_ICR-3_p08
529.062147843,547.072716442,18.010568598,Other,random,condensation/dehydration,18.010564710,RC2_0046_ICR-3_p08
565.083511039,583.094079638,18.010568598,Other,random,condensation/dehydration,18.010564710,RC2_0046_ICR-3_p08
317.030246291,335.040815889,18.010569598,Other,random,condensation/dehydration,18.010564710,RC2_0046_ICR-3_p08
389.137012411,407.147582010,18.010569598,Other,random,condensation/dehydration,18.010564710,RC2_0046_ICR-3_p08
451.152806338,469.163375936,18.010569598,Other,random,condensation/dehydration,18.010564710,RC2_0046_ICR-3_p08
323.077059640,341.087629238,18.010569598,Other,random,condensation/dehydration,18.010564710,RC2_0046_ICR-3_p08
515.192141680,533.202712279,18.010570598,Other,random,condensation/dehydration,18.010564710,RC2_0046_ICR-3_p08
529.098645688,547.109216287,18.010570598,Other,random,condensation/dehydration,18.010564710,RC2_0046_ICR-3_p08
264.051337029,282.061907628,18.010570598,Other,random,condensation/dehydration,18.010564710,RC2_0046_ICR-3_p08
401.014832025,419.025402623,18.010570598,Other,random,condensation/dehydration,18.010564710,RC2_0046_ICR-3_p08
455.165356316,473.175926915,18.010570598,Other,random,condensation/dehydration,18.010564710,RC2_0046_ICR-3_p08
475.160688495,493.171259094,18.010570598,Other,random,condensation/dehydration,18.010564710,RC2_0046_ICR-3_p08
349.019999589,367.030570187,18.010570598,Other,random,condensation/dehydration,18.010564710,RC2_0046_ICR-3_p08
497.166327146,515.176897745,18.010570598,Other,random,condensation/dehydration,18.010564710,RC2_0046_ICR-3_p08
339.139191504,357.149763102,18.010571598,Other,random,condensation/dehydration,18.010564710,RC2_0046_ICR-3_p08
331.009427991,349.019999589,18.010571598,Other,random,condensation/dehydration,18.010564710,RC2_0046_ICR-3_p08
637.141313367,655.151884965,18.010571598,Other,random,condensation/dehydration,18.010564710,RC2_0046_ICR-3_p08
355.168012509,373.178584107,18.010571598,Other,random,condensation/dehydration,18.010564710,RC2_0046_ICR-3_p08
365.196847966,383.207419565,18.010571598,Other,random,condensation/dehydration,18.010564710,RC2_0046_ICR-3_p08
413.160350503,431.170922102,18.010571598,Other,random,condensation/dehydration,18.010564710,RC2_0046_ICR-3_p08
509.121946430,527.132518029,18.010571598,Other,random,condensation/dehydration,18.010564710,RC2_0046_ICR-3_p08
467.119256607,485.129829206,18.010572598,Other,random,condensation/dehydration,18.010564710,RC2_0046_ICR-3_p08
513.080374638,531.090947237,18.010572598,Other,random,condensation/dehydration,18.010564710,RC2_0046_ICR-3_p08
413.051198966,431.061771565,18.010572598,Other,random,condensation/dehydration,18.010564710,RC2_0046_ICR-3_p08
505.243928881,523.254501479,18.010572598,Other,random,condensation/dehydration,18.010564710,RC2_0046_ICR-3_p08
363.102831849,381.113404448,18.010572598,Other,random,condensation/dehydration,18.010564710,RC2_0046_ICR-3_p08
453.176467753,471.187040352,18.010572598,Other,random,condensation/dehydration,18.010564710,RC2_0046_ICR-3_p08
287.069136387,305.079709985,18.010573598,Other,random,condensation/dehydration,18.010564710,RC2_0046_ICR-3_p08
435.165894155,453.176467753,18.010573598,Other,random,condensation/dehydration,18.010564710,RC2_0046_ICR-3_p08
631.239630402,649.250204001,18.010573598,Other,random,condensation/dehydration,18.010564710,RC2_0046_ICR-3_p08
303.181261039,321.191834637,18.010573598,Other,random,condensation/dehydration,18.010564710,RC2_0046_ICR-3_p08
280.082574024,298.093147623,18.010573598,Other,random,condensation/dehydration,18.010564710,RC2_0046_ICR-3_p08
471.114181661,489.124755259,18.010573598,Other,random,condensation/dehydration,18.010564710,RC2_0046_ICR-3_p08
529.083425753,547.093999351,18.010573598,Other,random,condensation/dehydration,18.010564710,RC2_0046_ICR-3_p08
361.087071400,379.097644998,18.010573598,Other,random,condensation/dehydration,18.010564710,RC2_0046_ICR-3_p08
305.188850522,323.199425121,18.010574598,Other,random,condensation/dehydration,18.010564710,RC2_0046_ICR-3_p08
337.019969494,355.030544092,18.010574598,Other,random,condensation/dehydration,18.010564710,RC2_0046_ICR-3_p08
363.230550307,381.241124906,18.010574598,Other,random,condensation/dehydration,18.010564710,RC2_0046_ICR-3_p08
389.087667620,407.098242219,18.010574598,Other,random,condensation/dehydration,18.010564710,RC2_0046_ICR-3_p08
399.108381112,417.118955711,18.010574598,Other,random,condensation/dehydration,18.010564710,RC2_0046_ICR-3_p08
405.155339461,423.165914059,18.010574598,Other,random,condensation/dehydration,18.010564710,RC2_0046_ICR-3_p08
537.161228486,555.171803085,18.010574598,Other,random,condensation/dehydration,18.010564710,RC2_0046_ICR-3_p08
599.140669567,617.151244166,18.010574598,Other,random,condensation/dehydration,18.010564710,RC2_0046_ICR-3_p08
315.087331533,333.097906131,18.010574598,Other,random,condensation/dehydration,18.010564710,RC2_0046_ICR-3_p08
407.025354528,425.035929126,18.010574598,Other,random,condensation/dehydration,18.010564710,RC2_0046_ICR-3_p08
447.106093504,465.116668102,18.010574598,Other,random,condensation/dehydration,18.010564710,RC2_0046_ICR-3_p08
531.200252773,549.210827372,18.010574598,Other,random,condensation/dehydration,18.010564710,RC2_0046_ICR-3_p08
377.082072549,395.092647147,18.010574598,Other,random,condensation/dehydration,18.010564710,RC2_0046_ICR-3_p08
303.050960591,321.061516190,18.010555599,Other,random,H2O,18.010565000,RC2_0046_ICR-3_p08
373.214900953,391.225456552,18.010555599,Other,random,H2O,18.010565000,RC2_0046_ICR-3_p08
383.053812216,401.064367815,18.010555599,Other,random,H2O,18.010565000,RC2_0046_ICR-3_p08
479.183986428,497.194542027,18.010555599,Other,random,H2O,18.010565000,RC2_0046_ICR-3_p08
239.056148060,257.066703658,18.010555599,Other,random,H2O,18.010565000,RC2_0046_ICR-3_p08
399.111474099,417.122029698,18.010555599,Other,random,H2O,18.010565000,RC2_0046_ICR-3_p08
477.067382407,495.077938005,18.010555599,Other,random,H2O,18.010565000,RC2_0046_ICR-3_p08
399.139248981,417.149804580,18.010555599,Other,random,H2O,18.010565000,RC2_0046_ICR-3_p08
417.059170964,435.069726563,18.010555599,Other,random,H2O,18.010565000,RC2_0046_ICR-3_p08
347.004343139,365.014899738,18.010556599,Other,random,H2O,18.010565000,RC2_0046_ICR-3_p08
397.178456299,415.189012897,18.010556599,Other,random,H2O,18.010565000,RC2_0046_ICR-3_p08
315.108418443,333.118975042,18.010556599,Other,random,H2O,18.010565000,RC2_0046_ICR-3_p08
539.286006473,557.296563072,18.010556599,Other,random,H2O,18.010565000,RC2_0046_ICR-3_p08
263.128947942,281.139504541,18.010556599,Other,random,H2O,18.010565000,RC2_0046_ICR-3_p08
331.058887781,349.069444379,18.010556599,Other,random,H2O,18.010565000,RC2_0046_ICR-3_p08
358.069765200,376.080321798,18.010556599,Other,random,H2O,18.010565000,RC2_0046_ICR-3_p08
359.053811025,377.064367624,18.010556599,Other,random,H2O,18.010565000,RC2_0046_ICR-3_p08
395.098140124,413.108696722,18.010556599,Other,random,H2O,18.010565000,RC2_0046_ICR-3_p08
497.072168546,515.082725144,18.010556599,Other,random,H2O,18.010565000,RC2_0046_ICR-3_p08
249.076919551,267.087477150,18.010557599,Other,random,H2O,18.010565000,RC2_0046_ICR-3_p08
322.093127814,340.103685412,18.010557599,Other,random,H2O,18.010565000,RC2_0046_ICR-3_p08
381.168273215,399.178830813,18.010557599,Other,random,H2O,18.010565000,RC2_0046_ICR-3_p08
383.134591874,401.145149472,18.010557599,Other,random,H2O,18.010565000,RC2_0046_ICR-3_p08
404.134936789,422.145494388,18.010557599,Other,random,H2O,18.010565000,RC2_0046_ICR-3_p08
411.194189844,429.204747442,18.010557599,Other,random,H2O,18.010565000,RC2_0046_ICR-3_p08
417.046213019,435.056770618,18.010557599,Other,random,H2O,18.010565000,RC2_0046_ICR-3_p08
433.113845860,451.124403458,18.010557599,Other,random,H2O,18.010565000,RC2_0046_ICR-3_p08
471.087429774,489.097987373,18.010557599,Other,random,H2O,18.010565000,RC2_0046_ICR-3_p08
483.186977447,501.197535046,18.010557599,Other,random,H2O,18.010565000,RC2_0046_ICR-3_p08
487.246737226,505.257294824,18.010557599,Other,random,H2O,18.010565000,RC2_0046_ICR-3_p08
657.219210196,675.229767794,18.010557599,Other,random,H2O,18.010565000,RC2_0046_ICR-3_p08
687.229866889,705.240424488,18.010557599,Other,random,H2O,18.010565000,RC2_0046_ICR-3_p08
303.100446382,321.111003980,18.010557599,Other,random,H2O,18.010565000,RC2_0046_ICR-3_p08
333.074532230,351.085089829,18.010557599,Other,random,H2O,18.010565000,RC2_0046_ICR-3_p08
341.043253427,359.053811025,18.010557599,Other,random,H2O,18.010565000,RC2_0046_ICR-3_p08
339.072033789,357.082591387,18.010557599,Other,random,H2O,18.010565000,RC2_0046_ICR-3_p08
315.014563841,333.025122440,18.010558598,Other,random,H2O,18.010565000,RC2_0046_ICR-3_p08
357.155348079,375.165906677,18.010558599,Other,random,H2O,18.010565000,RC2_0046_ICR-3_p08
257.103127504,275.113686102,18.010558599,Other,random,H2O,18.010565000,RC2_0046_ICR-3_p08
371.149870713,389.160429312,18.010558599,Other,random,H2O,18.010565000,RC2_0046_ICR-3_p08
401.137065506,419.147624105,18.010558599,Other,random,H2O,18.010565000,RC2_0046_ICR-3_p08
527.083035239,545.093594837,18.010559598,Other,random,H2O,18.010565000,RC2_0046_ICR-3_p08
271.061262293,289.071821892,18.010559598,Other,random,H2O,18.010565000,RC2_0046_ICR-3_p08
327.144810384,345.155369983,18.010559598,Other,random,H2O,18.010565000,RC2_0046_ICR-3_p08
381.046223732,399.056783331,18.010559598,Other,random,H2O,18.010565000,RC2_0046_ICR-3_p08
391.030549379,409.041108977,18.010559598,Other,random,H2O,18.010565000,RC2_0046_ICR-3_p08
673.177394501,691.187955099,18.010560598,Other,random,H2O,18.010565000,RC2_0046_ICR-3_p08
467.155762452,485.166323051,18.010560598,Other,random,H2O,18.010565000,RC2_0046_ICR-3_p08
497.130008301,515.140568899,18.010560598,Other,random,H2O,18.010565000,RC2_0046_ICR-3_p08
503.046585202,521.057145801,18.010560598,Other,random,H2O,18.010565000,RC2_0046_ICR-3_p08
308.041080423,326.051641022,18.010560598,Other,random,H2O,18.010565000,RC2_0046_ICR-3_p08
433.199507496,451.210068095,18.010560598,Other,random,H2O,18.010565000,RC2_0046_ICR-3_p08
571.036606786,589.047167384,18.010560598,Other,random,H2O,18.010565000,RC2_0046_ICR-3_p08
515.119369989,533.129930587,18.010560598,Other,random,H2O,18.010565000,RC2_0046_ICR-3_p08
313.056432148,331.066992746,18.010560598,Other,random,H2O,18.010565000,RC2_0046_ICR-3_p08
339.035520944,357.046081542,18.010560598,Other,random,H2O,18.010565000,RC2_0046_ICR-3_p08
499.218355442,517.228916040,18.010560598,Other,random,H2O,18.010565000,RC2_0046_ICR-3_p08
255.160194746,273.170756344,18.010561598,Other,random,H2O,18.010565000,RC2_0046_ICR-3_p08
343.082106778,361.092668376,18.010561598,Other,random,H2O,18.010565000,RC2_0046_ICR-3_p08
435.142513254,453.153074852,18.010561598,Other,random,H2O,18.010565000,RC2_0046_ICR-3_p08
479.155765548,497.166327146,18.010561598,Other,random,H2O,18.010565000,RC2_0046_ICR-3_p08
241.035461664,259.046023262,18.010561598,Other,random,H2O,18.010565000,RC2_0046_ICR-3_p08
249.004150860,267.014712459,18.010561598,Other,random,H2O,18.010565000,RC2_0046_ICR-3_p08
355.131632663,373.142194262,18.010561598,Other,random,H2O,18.010565000,RC2_0046_ICR-3_p08
499.160774686,517.171336284,18.010561598,Other,random,H2O,18.010565000,RC2_0046_ICR-3_p08
615.172195561,633.182757159,18.010561598,Other,random,H2O,18.010565000,RC2_0046_ICR-3_p08
235.061279006,253.071840605,18.010561598,Other,random,H2O,18.010565000,RC2_0046_ICR-3_p08
401.118440585,419.129002184,18.010561598,Other,random,H2O,18.010565000,RC2_0046_ICR-3_p08
485.036023604,503.046585202,18.010561598,Other,random,H2O,18.010565000,RC2_0046_ICR-3_p08
288.998929201,307.009491799,18.010562598,Other,random,H2O,18.010565000,RC2_0046_ICR-3_p08
249.149643243,267.160205841,18.010562598,Other,random,H2O,18.010565000,RC2_0046_ICR-3_p08
313.048325182,331.058887781,18.010562598,Other,random,H2O,18.010565000,RC2_0046_ICR-3_p08
315.181166135,333.191728733,18.010562598,Other,random,H2O,18.010565000,RC2_0046_ICR-3_p08
369.118926329,387.129488927,18.010562598,Other,random,H2O,18.010565000,RC2_0046_ICR-3_p08
371.134600778,389.145163376,18.010562598,Other,random,H2O,18.010565000,RC2_0046_ICR-3_p08
435.129413309,453.139975908,18.010562598,Other,random,H2O,18.010565000,RC2_0046_ICR-3_p08
647.234698550,665.245262149,18.010563598,Other,random,H2O,18.010565000,RC2_0046_ICR-3_p08
263.092509097,281.103072695,18.010563598,Other,random,H2O,18.010565000,RC2_0046_ICR-3_p08
285.170697440,303.181261039,18.010563598,Other,random,H2O,18.010565000,RC2_0046_ICR-3_p08
471.187040352,489.197603950,18.010563598,Other,random,H2O,18.010565000,RC2_0046_ICR-3_p08
473.139544069,491.150107667,18.010563598,Other,random,H2O,18.010565000,RC2_0046_ICR-3_p08
235.097628852,253.108192451,18.010563598,Other,random,H2O,18.010565000,RC2_0046_ICR-3_p08
279.160184937,297.170748536,18.010563598,Other,random,H2O,18.010565000,RC2_0046_ICR-3_p08
315.072085597,333.082649196,18.010563598,Other,random,H2O,18.010565000,RC2_0046_ICR-3_p08
327.050797783,345.061361382,18.010563598,Other,random,H2O,18.010565000,RC2_0046_ICR-3_p08
399.157739903,417.168303501,18.010563598,Other,random,H2O,18.010565000,RC2_0046_ICR-3_p08
443.038280760,461.048844358,18.010563598,Other,random,H2O,18.010565000,RC2_0046_ICR-3_p08
472.124848373,490.135411972,18.010563598,Other,random,H2O,18.010565000,RC2_0046_ICR-3_p08
331.095193627,349.105758225,18.010564598,Other,random,H2O,18.010565000,RC2_0046_ICR-3_p08
494.179764816,512.190329414,18.010564598,Other,random,H2O,18.010565000,RC2_0046_ICR-3_p08
301.071736987,319.082301586,18.010564598,Other,random,H2O,18.010565000,RC2_0046_ICR-3_p08
257.030384813,275.040949411,18.010564598,Other,random,H2O,18.010565000,RC2_0046_ICR-3_p08
357.092252346,375.102817945,18.010565598,Other,random,H2O,18.010565000,RC2_0046_ICR-3_p08
399.165705869,417.176271467,18.010565598,Other,random,H2O,18.010565000,RC2_0046_ICR-3_p08
405.059221868,423.069787467,18.010565598,Other,random,H2O,18.010565000,RC2_0046_ICR-3_p08
411.157946997,429.168512596,18.010565598,Other,random,H2O,18.010565000,RC2_0046_ICR-3_p08
533.288719914,551.299285512,18.010565598,Other,random,H2O,18.010565000,RC2_0046_ICR-3_p08
257.139447350,275.150012948,18.010565598,Other,random,H2O,18.010565000,RC2_0046_ICR-3_p08
285.040394993,303.050960591,18.010565598,Other,random,H2O,18.010565000,RC2_0046_ICR-3_p08
332.041054614,350.051620213,18.010565598,Other,random,H2O,18.010565000,RC2_0046_ICR-3_p08
441.103666966,459.114232565,18.010565598,Other,random,H2O,18.010565000,RC2_0046_ICR-3_p08
469.236171627,487.246737226,18.010565598,Other,random,H2O,18.010565000,RC2_0046_ICR-3_p08
482.138149897,500.148715495,18.010565598,Other,random,H2O,18.010565000,RC2_0046_ICR-3_p08
313.092737994,331.103303592,18.010565598,Other,random,H2O,18.010565000,RC2_0046_ICR-3_p08
399.194197748,417.204763347,18.010565598,Other,random,H2O,18.010565000,RC2_0046_ICR-3_p08
413.087686811,431.098252410,18.010565598,Other,random,H2O,18.010565000,RC2_0046_ICR-3_p08
619.239951305,637.250516904,18.010565598,Other,random,H2O,18.010565000,RC2_0046_ICR-3_p08
315.050887687,333.061454286,18.010566598,Other,random,H2O,18.010565000,RC2_0046_ICR-3_p08
347.113414677,365.123981275,18.010566598,Other,random,H2O,18.010565000,RC2_0046_ICR-3_p08
375.266987248,393.277553847,18.010566598,Other,random,H2O,18.010565000,RC2_0046_ICR-3_p08
407.171018910,425.181585509,18.010566598,Other,random,H2O,18.010565000,RC2_0046_ICR-3_p08
411.165941963,429.176508562,18.010566598,Other,random,H2O,18.010565000,RC2_0046_ICR-3_p08
477.030979561,495.041546160,18.010566598,Other,random,H2O,18.010565000,RC2_0046_ICR-3_p08
490.098952127,508.109518725,18.010566598,Other,random,H2O,18.010565000,RC2_0046_ICR-3_p08
520.044631096,538.055197694,18.010566598,Other,random,H2O,18.010565000,RC2_0046_ICR-3_p08
415.175957953,433.186524551,18.010566598,Other,random,H2O,18.010565000,RC2_0046_ICR-3_p08
499.197219531,517.207786130,18.010566598,Other,random,H2O,18.010565000,RC2_0046_ICR-3_p08
369.264494711,387.275062310,18.010567598,Other,random,H2O,18.010565000,RC2_0046_ICR-3_p08
441.113348925,459.123916524,18.010567598,Other,random,H2O,18.010565000,RC2_0046_ICR-3_p08
453.168471787,471.179039386,18.010567598,Other,random,H2O,18.010565000,RC2_0046_ICR-3_p08
451.233505995,469.244073594,18.010567598,Other,random,H2O,18.010565000,RC2_0046_ICR-3_p08
351.035667038,369.046234637,18.010567598,Other,random,H2O,18.010565000,RC2_0046_ICR-3_p08
381.082418579,399.092986177,18.010567598,Other,random,H2O,18.010565000,RC2_0046_ICR-3_p08
395.061821278,413.072388876,18.010567598,Other,random,H2O,18.010565000,RC2_0046_ICR-3_p08
403.030397475,421.040965073,18.010567598,Other,random,H2O,18.010565000,RC2_0046_ICR-3_p08
463.124446553,481.135014152,18.010567598,Other,random,H2O,18.010565000,RC2_0046_ICR-3_p08
513.153287329,531.163854928,18.010567598,Other,random,H2O,18.010565000,RC2_0046_ICR-3_p08
330.061892010,348.072460608,18.010568598,Other,random,H2O,18.010565000,RC2_0046_ICR-3_p08
391.170422785,409.180991384,18.010568598,Other,random,H2O,18.010565000,RC2_0046_ICR-3_p08
431.092608434,449.103177032,18.010568598,Other,random,H2O,18.010565000,RC2_0046_ICR-3_p08
349.142139071,367.152707669,18.010568598,Other,random,H2O,18.010565000,RC2_0046_ICR-3_p08
355.066835938,373.077404537,18.010568598,Other,random,H2O,18.010565000,RC2_0046_ICR-3_p08
399.102820136,417.113388734,18.010568598,Other,random,H2O,18.010565000,RC2_0046_ICR-3_p08
467.147712487,485.158281085,18.010568598,Other,random,H2O,18.010565000,RC2_0046_ICR-3_p08
499.210270476,517.220839074,18.010568598,Other,random,H2O,18.010565000,RC2_0046_ICR-3_p08
511.109313000,529.119881598,18.010568598,Other,random,H2O,18.010565000,RC2_0046_ICR-3_p08
475.124479649,493.135048247,18.010568598,Other,random,H2O,18.010565000,RC2_0046_ICR-3_p08
467.074738796,485.085307395,18.010568598,Other,random,H2O,18.010565000,RC2_0046_ICR-3_p08
529.062147843,547.072716442,18.010568598,Other,random,H2O,18.010565000,RC2_0046_ICR-3_p08
565.083511039,583.094079638,18.010568598,Other,random,H2O,18.010565000,RC2_0046_ICR-3_p08
317.030246291,335.040815889,18.010569598,Other,random,H2O,18.010565000,RC2_0046_ICR-3_p08
389.137012411,407.147582010,18.010569598,Other,random,H2O,18.010565000,RC2_0046_ICR-3_p08
451.152806338,469.163375936,18.010569598,Other,random,H2O,18.010565000,RC2_0046_ICR-3_p08
323.077059640,341.087629238,18.010569598,Other,random,H2O,18.010565000,RC2_0046_ICR-3_p08
515.192141680,533.202712279,18.010570598,Other,random,H2O,18.010565000,RC2_0046_ICR-3_p08
529.098645688,547.109216287,18.010570598,Other,random,H2O,18.010565000,RC2_0046_ICR-3_p08
264.051337029,282.061907628,18.010570598,Other,random,H2O,18.010565000,RC2_0046_ICR-3_p08
401.014832025,419.025402623,18.010570598,Other,random,H2O,18.010565000,RC2_0046_ICR-3_p08
455.165356316,473.175926915,18.010570598,Other,random,H2O,18.010565000,RC2_0046_ICR-3_p08
475.160688495,493.171259094,18.010570598,Other,random,H2O,18.010565000,RC2_0046_ICR-3_p08
349.019999589,367.030570187,18.010570598,Other,random,H2O,18.010565000,RC2_0046_ICR-3_p08
497.166327146,515.176897745,18.010570598,Other,random,H2O,18.010565000,RC2_0046_ICR-3_p08
339.139191504,357.149763102,18.010571598,Other,random,H2O,18.010565000,RC2_0046_ICR-3_p08
331.009427991,349.019999589,18.010571598,Other,random,H2O,18.010565000,RC2_0046_ICR-3_p08
637.141313367,655.151884965,18.010571598,Other,random,H2O,18.010565000,RC2_0046_ICR-3_p08
355.168012509,373.178584107,18.010571598,Other,random,H2O,18.010565000,RC2_0046_ICR-3_p08
365.196847966,383.207419565,18.010571598,Other,random,H2O,18.010565000,RC2_0046_ICR-3_p08
413.160350503,431.170922102,18.010571598,Other,random,H2O,18.010565000,RC2_0046_ICR-3_p08
509.121946430,527.132518029,18.010571598,Other,random,H2O,18.010565000,RC2_0046_ICR-3_p08
467.119256607,485.129829206,18.010572598,Other,random,H2O,18.010565000,RC2_0046_ICR-3_p08
513.080374638,531.090947237,18.010572598,Other,random,H2O,18.010565000,RC2_0046_ICR-3_p08
413.051198966,431.061771565,18.010572598,Other,random,H2O,18.010565000,RC2_0046_ICR-3_p08
505.243928881,523.254501479,18.010572598,Other,random,H2O,18.010565000,RC2_0046_ICR-3_p08
363.102831849,381.113404448,18.010572598,Other,random,H2O,18.010565000,RC2_0046_ICR-3_p08
453.176467753,471.187040352,18.010572598,Other,random,H2O,18.010565000,RC2_0046_ICR-3_p08
287.069136387,305.079709985,18.010573598,Other,random,H2O,18.010565000,RC2_0046_ICR-3_p08
435.165894155,453.176467753,18.010573598,Other,random,H2O,18.010565000,RC2_0046_ICR-3_p08
631.239630402,649.250204001,18.010573598,Other,random,H2O,18.010565000,RC2_0046_ICR-3_p08
303.181261039,321.191834637,18.010573598,Other,random,H2O,18.010565000,RC2_0046_ICR-3_p08
280.082574024,298.093147623,18.010573598,Other,random,H2O,18.010565000,RC2_0046_ICR-3_p08
471.114181661,489.124755259,18.010573598,Other,random,H2O,18.010565000,RC2_0046_ICR-3_p08
529.083425753,547.093999351,18.010573598,Other,random,H2O,18.010565000,RC2_0046_ICR-3_p08
361.087071400,379.097644998,18.010573598,Other,random,H2O,18.010565000,RC2_0046_ICR-3_p08
305.188850522,323.199425121,18.010574598,Other,random,H2O,18.010565000,RC2_0046_ICR-3_p08
337.019969494,355.030544092,18.010574598,Other,random,H2O,18.010565000,RC2_0046_ICR-3_p08
363.230550307,381.241124906,18.010574598,Other,random,H2O,18.010565000,RC2_0046_ICR-3_p08
389.087667620,407.098242219,18.010574598,Other,random,H2O,18.010565000,RC2_0046_ICR-3_p08
399.108381112,417.118955711,18.010574598,Other,random,H2O,18.010565000,RC2_0046_ICR-3_p08
405.155339461,423.165914059,18.010574598,Other,random,H2O,18.010565000,RC2_0046_ICR-3_p08
537.161228486,555.171803085,18.010574598,Other,random,H2O,18.010565000,RC2_0046_ICR-3_p08
599.140669567,617.151244166,18.010574598,Other,random,H2O,18.010565000,RC2_0046_ICR-3_p08
315.087331533,333.097906131,18.010574598,Other,random,H2O,18.010565000,RC2_0046_ICR-3_p08
407.025354528,425.035929126,18.010574598,Other,random,H2O,18.010565000,RC2_0046_ICR-3_p08
447.106093504,465.116668102,18.010574598,Other,random,H2O,18.010565000,RC2_0046_ICR-3_p08
531.200252773,549.210827372,18.010574598,Other,random,H2O,18.010565000,RC2_0046_ICR-3_p08
377.082072549,395.092647147,18.010574598,Other,random,H2O,18.010565000,RC2_0046_ICR-3_p08
549.153379615,567.187746113,18.034366498,Other,random,NH4,18.034374000,RC2_0046_ICR-3_p08
267.160205841,285.207146286,18.046940444,Other,random,CH6,18.046950000,RC2_0046_ICR-3_p08
301.121166778,319.168107222,18.046940444,Other,random,CH6,18.046950000,RC2_0046_ICR-3_p08
423.165914059,441.212854503,18.046940444,Other,random,CH6,18.046950000,RC2_0046_ICR-3_p08
463.173775344,481.220715788,18.046940444,Other,random,CH6,18.046950000,RC2_0046_ICR-3_p08
483.215310327,501.262250771,18.046940444,Other,random,CH6,18.046950000,RC2_0046_ICR-3_p08
485.239013743,503.285954187,18.046940444,Other,random,CH6,18.046950000,RC2_0046_ICR-3_p08
339.084977734,357.131919178,18.046941444,Other,random,CH6,18.046950000,RC2_0046_ICR-3_p08
339.181183326,357.228124770,18.046941444,Other,random,CH6,18.046950000,RC2_0046_ICR-3_p08
435.093034464,453.139975908,18.046941444,Other,random,CH6,18.046950000,RC2_0046_ICR-3_p08
488.083355677,506.130297121,18.046941444,Other,random,CH6,18.046950000,RC2_0046_ICR-3_p08
348.121761399,366.168702844,18.046941444,Other,random,CH6,18.046950000,RC2_0046_ICR-3_p08
519.187110733,537.234052178,18.046941444,Other,random,CH6,18.046950000,RC2_0046_ICR-3_p08
621.218999910,639.265941354,18.046941444,Other,random,CH6,18.046950000,RC2_0046_ICR-3_p08
339.108406634,357.155348079,18.046941444,Other,random,CH6,18.046950000,RC2_0046_ICR-3_p08
525.225938116,543.272880561,18.046942444,Other,random,CH6,18.046950000,RC2_0046_ICR-3_p08
597.073284337,615.120226781,18.046942444,Other,random,CH6,18.046950000,RC2_0046_ICR-3_p08
295.009489704,313.056432148,18.046942444,Other,random,CH6,18.046950000,RC2_0046_ICR-3_p08
307.082219491,325.129161935,18.046942444,Other,random,CH6,18.046950000,RC2_0046_ICR-3_p08
318.061766915,336.108709359,18.046942444,Other,random,CH6,18.046950000,RC2_0046_ICR-3_p08
331.082208682,349.129151126,18.046942444,Other,random,CH6,18.046950000,RC2_0046_ICR-3_p08
455.191993203,473.238935647,18.046942444,Other,random,CH6,18.046950000,RC2_0046_ICR-3_p08
495.041546160,513.088488604,18.046942444,Other,random,CH6,18.046950000,RC2_0046_ICR-3_p08
509.129854397,527.176796841,18.046942444,Other,random,CH6,18.046950000,RC2_0046_ICR-3_p08
533.252343068,551.299285512,18.046942444,Other,random,CH6,18.046950000,RC2_0046_ICR-3_p08
425.072427972,443.119370416,18.046942444,Other,random,CH6,18.046950000,RC2_0046_ICR-3_p08
265.108226546,283.155168990,18.046942444,Other,random,CH6,18.046950000,RC2_0046_ICR-3_p08
327.035702847,345.082645291,18.046942444,Other,random,CH6,18.046950000,RC2_0046_ICR-3_p08
343.066959842,361.113903286,18.046943444,Other,random,CH6,18.046950000,RC2_0046_ICR-3_p08
405.186045330,423.232988775,18.046943444,Other,random,CH6,18.046950000,RC2_0046_ICR-3_p08
439.116315397,457.163258841,18.046943444,Other,random,CH6,18.046950000,RC2_0046_ICR-3_p08
505.098679497,523.145622941,18.046943444,Other,random,CH6,18.046950000,RC2_0046_ICR-3_p08
287.113623198,305.160566642,18.046943444,Other,random,CH6,18.046950000,RC2_0046_ICR-3_p08
299.040821603,317.087765047,18.046943444,Other,random,CH6,18.046950000,RC2_0046_ICR-3_p08
423.202264905,441.249208349,18.046943444,Other,random,CH6,18.046950000,RC2_0046_ICR-3_p08
345.061361382,363.108305826,18.046944444,Other,random,CH6,18.046950000,RC2_0046_ICR-3_p08
417.168303501,435.215247945,18.046944444,Other,random,CH6,18.046950000,RC2_0046_ICR-3_p08
445.071896133,463.118840577,18.046944444,Other,random,CH6,18.046950000,RC2_0046_ICR-3_p08
565.192570576,583.239515021,18.046944444,Other,random,CH6,18.046950000,RC2_0046_ICR-3_p08
443.147604296,461.194548740,18.046944444,Other,random,CH6,18.046950000,RC2_0046_ICR-3_p08
525.161170391,543.208114835,18.046944444,Other,random,CH6,18.046950000,RC2_0046_ICR-3_p08
253.144546296,271.191490741,18.046944444,Other,random,CH6,18.046950000,RC2_0046_ICR-3_p08
450.039211062,468.086155506,18.046944444,Other,random,CH6,18.046950000,RC2_0046_ICR-3_p08
495.114276851,513.161221295,18.046944444,Other,random,CH6,18.046950000,RC2_0046_ICR-3_p08
499.181971596,517.228916040,18.046944444,Other,random,CH6,18.046950000,RC2_0046_ICR-3_p08
331.095193627,349.142139071,18.046945444,Other,random,CH6,18.046950000,RC2_0046_ICR-3_p08
489.176535039,507.223480484,18.046945444,Other,random,CH6,18.046950000,RC2_0046_ICR-3_p08
474.031409286,492.078354730,18.046945444,Other,random,CH6,18.046950000,RC2_0046_ICR-3_p08
223.097665756,241.144611201,18.046945444,Other,random,CH6,18.046950000,RC2_0046_ICR-3_p08
323.090168584,341.137114029,18.046945444,Other,random,CH6,18.046950000,RC2_0046_ICR-3_p08
371.090066967,389.137012411,18.046945444,Other,random,CH6,18.046950000,RC2_0046_ICR-3_p08
393.118996519,411.165941963,18.046945444,Other,random,CH6,18.046950000,RC2_0046_ICR-3_p08
547.218436823,565.265383268,18.046946444,Other,random,CH6,18.046950000,RC2_0046_ICR-3_p08
462.067744036,480.114690480,18.046946444,Other,random,CH6,18.046950000,RC2_0046_ICR-3_p08
303.087286437,321.134232882,18.046946444,Other,random,CH6,18.046950000,RC2_0046_ICR-3_p08
375.108332921,393.155279365,18.046946444,Other,random,CH6,18.046950000,RC2_0046_ICR-3_p08
394.090747397,412.137693841,18.046946444,Other,random,CH6,18.046950000,RC2_0046_ICR-3_p08
489.031053657,507.078000101,18.046946444,Other,random,CH6,18.046950000,RC2_0046_ICR-3_p08
535.182122882,553.229069326,18.046946444,Other,random,CH6,18.046950000,RC2_0046_ICR-3_p08
591.244741062,609.291688506,18.046947444,Other,random,CH6,18.046950000,RC2_0046_ICR-3_p08
243.087497959,261.134445403,18.046947444,Other,random,CH6,18.046950000,RC2_0046_ICR-3_p08
247.097626948,265.144574392,18.046947444,Other,random,CH6,18.046950000,RC2_0046_ICR-3_p08
473.057173418,491.104120863,18.046947444,Other,random,CH6,18.046950000,RC2_0046_ICR-3_p08
227.019762119,245.066709563,18.046947444,Other,random,CH6,18.046950000,RC2_0046_ICR-3_p08
323.113488485,341.160435930,18.046947444,Other,random,CH6,18.046950000,RC2_0046_ICR-3_p08
347.149900522,365.196847966,18.046947444,Other,random,CH6,18.046950000,RC2_0046_ICR-3_p08
457.077532205,475.124479649,18.046947444,Other,random,CH6,18.046950000,RC2_0046_ICR-3_p08
501.080463543,519.127410987,18.046947444,Other,random,CH6,18.046950000,RC2_0046_ICR-3_p08
287.069136387,305.116084831,18.046948444,Other,random,CH6,18.046950000,RC2_0046_ICR-3_p08
539.176895936,557.223844380,18.046948444,Other,random,CH6,18.046950000,RC2_0046_ICR-3_p08
283.045890454,301.092838898,18.046948444,Other,random,CH6,18.046950000,RC2_0046_ICR-3_p08
435.142513254,453.189461698,18.046948444,Other,random,CH6,18.046950000,RC2_0046_ICR-3_p08
461.194548740,479.241497184,18.046948444,Other,random,CH6,18.046950000,RC2_0046_ICR-3_p08
259.082346108,277.129294552,18.046948444,Other,random,CH6,18.046950000,RC2_0046_ICR-3_p08
489.044083601,507.091032045,18.046948444,Other,random,CH6,18.046950000,RC2_0046_ICR-3_p08
349.105758225,367.152707669,18.046949444,Other,random,CH6,18.046950000,RC2_0046_ICR-3_p08
355.045688028,373.092637472,18.046949444,Other,random,CH6,18.046950000,RC2_0046_ICR-3_p08
367.030570187,385.077519632,18.046949444,Other,random,CH6,18.046950000,RC2_0046_ICR-3_p08
409.142298548,427.189247992,18.046949444,Other,random,CH6,18.046950000,RC2_0046_ICR-3_p08
537.161228486,555.208177931,18.046949444,Other,random,CH6,18.046950000,RC2_0046_ICR-3_p08
329.115972023,347.162921467,18.046949444,Other,random,CH6,18.046950000,RC2_0046_ICR-3_p08
595.158886458,613.205835902,18.046949444,Other,random,CH6,18.046950000,RC2_0046_ICR-3_p08
317.043276236,335.090226680,18.046950444,Other,random,CH6,18.046950000,RC2_0046_ICR-3_p08
375.072046075,393.118996519,18.046950444,Other,random,CH6,18.046950000,RC2_0046_ICR-3_p08
443.082864571,461.129815015,18.046950444,Other,random,CH6,18.046950000,RC2_0046_ICR-3_p08
451.124403458,469.171353902,18.046950444,Other,random,CH6,18.046950000,RC2_0046_ICR-3_p08
507.057036190,525.103986634,18.046950444,Other,random,CH6,18.046950000,RC2_0046_ICR-3_p08
589.229056613,607.276007057,18.046950444,Other,random,CH6,18.046950000,RC2_0046_ICR-3_p08
321.134232882,339.181183326,18.046950444,Other,random,CH6,18.046950000,RC2_0046_ICR-3_p08
663.120530162,681.167480606,18.046950444,Other,random,CH6,18.046950000,RC2_0046_ICR-3_p08
511.051695244,529.098645688,18.046950444,Other,random,CH6,18.046950000,RC2_0046_ICR-3_p08
355.139738629,373.186690073,18.046951444,Other,random,CH6,18.046950000,RC2_0046_ICR-3_p08
293.043288044,311.090239489,18.046951444,Other,random,CH6,18.046950000,RC2_0046_ICR-3_p08
355.131632663,373.178584107,18.046951444,Other,random,CH6,18.046950000,RC2_0046_ICR-3_p08
385.040921787,403.087874231,18.046952444,Other,random,CH6,18.046950000,RC2_0046_ICR-3_p08
404.074939044,422.121891488,18.046952444,Other,random,CH6,18.046950000,RC2_0046_ICR-3_p08
401.108727627,419.155680071,18.046952444,Other,random,CH6,18.046950000,RC2_0046_ICR-3_p08
475.191451365,493.238403809,18.046952444,Other,random,CH6,18.046950000,RC2_0046_ICR-3_p08
495.150528698,513.197481142,18.046952444,Other,random,CH6,18.046950000,RC2_0046_ICR-3_p08
653.136339516,671.183291960,18.046952444,Other,random,CH6,18.046950000,RC2_0046_ICR-3_p08
683.125341301,701.172293745,18.046952444,Other,random,CH6,18.046950000,RC2_0046_ICR-3_p08
341.124127084,359.171080528,18.046953444,Other,random,CH6,18.046950000,RC2_0046_ICR-3_p08
523.036377405,541.083330849,18.046953444,Other,random,CH6,18.046950000,RC2_0046_ICR-3_p08
607.195273399,625.242226843,18.046953444,Other,random,CH6,18.046950000,RC2_0046_ICR-3_p08
233.081975403,251.128928847,18.046953444,Other,random,CH6,18.046950000,RC2_0046_ICR-3_p08
265.144574392,283.191527836,18.046953444,Other,random,CH6,18.046950000,RC2_0046_ICR-3_p08
283.082288299,301.129241743,18.046953444,Other,random,CH6,18.046950000,RC2_0046_ICR-3_p08
345.025123535,363.072076980,18.046953444,Other,random,CH6,18.046950000,RC2_0046_ICR-3_p08
403.061365343,421.108318788,18.046953444,Other,random,CH6,18.046950000,RC2_0046_ICR-3_p08
427.152719147,445.199672591,18.046953444,Other,random,CH6,18.046950000,RC2_0046_ICR-3_p08
571.073052631,589.120006075,18.046953444,Other,random,CH6,18.046950000,RC2_0046_ICR-3_p08
503.046585202,521.093539646,18.046954444,Other,random,CH6,18.046950000,RC2_0046_ICR-3_p08
365.100578375,383.147532819,18.046954444,Other,random,CH6,18.046950000,RC2_0046_ICR-3_p08
369.147203209,387.194157653,18.046954444,Other,random,CH6,18.046950000,RC2_0046_ICR-3_p08
471.069724849,489.116679293,18.046954444,Other,random,CH6,18.046950000,RC2_0046_ICR-3_p08
255.051044209,273.097998653,18.046954444,Other,random,CH6,18.046950000,RC2_0046_ICR-3_p08
463.137506498,481.184460942,18.046954444,Other,random,CH6,18.046950000,RC2_0046_ICR-3_p08
499.064788093,517.111742537,18.046954444,Other,random,CH6,18.046950000,RC2_0046_ICR-3_p08
657.219210196,675.266165640,18.046955444,Other,random,CH6,18.046950000,RC2_0046_ICR-3_p08
251.092527001,269.139482445,18.046955444,Other,random,CH6,18.046950000,RC2_0046_ICR-3_p08
225.040542515,243.087497959,18.046955444,Other,random,CH6,18.046950000,RC2_0046_ICR-3_p08
335.149919426,353.196874871,18.046955444,Other,random,CH6,18.046950000,RC2_0046_ICR-3_p08
379.079953073,397.126908518,18.046955444,Other,random,CH6,18.046950000,RC2_0046_ICR-3_p08
543.200283869,561.247239313,18.046955444,Other,random,CH6,18.046950000,RC2_0046_ICR-3_p08
609.255561659,627.302517104,18.046955444,Other,random,CH6,18.046950000,RC2_0046_ICR-3_p08
639.157110816,657.204066260,18.046955444,Other,random,CH6,18.046950000,RC2_0046_ICR-3_p08
377.124064370,395.171020815,18.046956444,Other,random,CH6,18.046950000,RC2_0046_ICR-3_p08
289.084773837,307.131730281,18.046956444,Other,random,CH6,18.046950000,RC2_0046_ICR-3_p08
308.041080423,326.088036867,18.046956444,Other,random,CH6,18.046950000,RC2_0046_ICR-3_p08
233.009237711,251.056194155,18.046956444,Other,random,CH6,18.046950000,RC2_0046_ICR-3_p08
279.087396246,297.134352690,18.046956444,Other,random,CH6,18.046950000,RC2_0046_ICR-3_p08
365.087635429,383.134591874,18.046956444,Other,random,CH6,18.046950000,RC2_0046_ICR-3_p08
579.208399121,597.255355565,18.046956444,Other,random,CH6,18.046950000,RC2_0046_ICR-3_p08
304.046170370,322.093127814,18.046957444,Other,random,CH6,18.046950000,RC2_0046_ICR-3_p08
511.072924154,529.119881598,18.046957444,Other,random,CH6,18.046950000,RC2_0046_ICR-3_p08
593.078522283,611.125479727,18.046957444,Other,random,CH6,18.046950000,RC2_0046_ICR-3_p08
599.176978413,617.223935857,18.046957444,Other,random,CH6,18.046950000,RC2_0046_ICR-3_p08
413.035891031,431.082848475,18.046957444,Other,random,CH6,18.046950000,RC2_0046_ICR-3_p08
447.106093504,465.153050948,18.046957444,Other,random,CH6,18.046950000,RC2_0046_ICR-3_p08
481.135014152,499.181971596,18.046957444,Other,random,CH6,18.046950000,RC2_0046_ICR-3_p08
609.291688506,627.338645950,18.046957444,Other,random,CH6,18.046950000,RC2_0046_ICR-3_p08
633.073703622,651.120661066,18.046957444,Other,random,CH6,18.046950000,RC2_0046_ICR-3_p08
287.105496233,305.152454677,18.046958444,Other,random,CH6,18.046950000,RC2_0046_ICR-3_p08
357.155348079,375.202306523,18.046958444,Other,random,CH6,18.046950000,RC2_0046_ICR-3_p08
403.116282110,421.163240555,18.046958444,Other,random,CH6,18.046950000,RC2_0046_ICR-3_p08
471.056664905,489.103623349,18.046958444,Other,random,CH6,18.046950000,RC2_0046_ICR-3_p08
477.030979561,495.077938005,18.046958444,Other,random,CH6,18.046950000,RC2_0046_ICR-3_p08
663.229716699,681.276675143,18.046958444,Other,random,CH6,18.046950000,RC2_0046_ICR-3_p08
715.151768444,733.198726888,18.046958444,Other,random,CH6,18.046950000,RC2_0046_ICR-3_p08
481.062136461,499.109094905,18.046958444,Other,random,CH6,18.046950000,RC2_0046_ICR-3_p08
375.102817945,393.149776389,18.046958444,Other,random,CH6,18.046950000,RC2_0046_ICR-3_p08
419.170937006,437.217895450,18.046958444,Other,random,CH6,18.046950000,RC2_0046_ICR-3_p08
265.071784701,283.118744145,18.046959444,Other,random,CH6,18.046950000,RC2_0046_ICR-3_p08
289.121132682,307.168092126,18.046959444,Other,random,CH6,18.046950000,RC2_0046_ICR-3_p08
293.139342637,311.186302081,18.046959444,Other,random,CH6,18.046950000,RC2_0046_ICR-3_p08
325.121134969,343.168094413,18.046959444,Other,random,CH6,18.046950000,RC2_0046_ICR-3_p08
461.108806104,479.155765548,18.046959444,Other,random,CH6,18.046950000,RC2_0046_ICR-3_p08
471.142626540,489.189585984,18.046959444,Other,random,CH6,18.046950000,RC2_0046_ICR-3_p08
443.220591986,462.067744036,18.847152050,Other,random,C_8H_9N1O1P2S1,18.847162000,RC2_0046_ICR-3_p08
431.228560857,450.075714907,18.847154050,Other,random,C_8H_9N1O1P2S1,18.847162000,RC2_0046_ICR-3_p08
457.207825652,476.054980702,18.847155050,Other,random,C_8H_9N1O1P2S1,18.847162000,RC2_0046_ICR-3_p08
447.259765852,466.106922902,18.847157050,Other,random,C_8H_9N1O1P2S1,18.847162000,RC2_0046_ICR-3_p08
447.251731886,466.098888936,18.847157050,Other,random,C_8H_9N1O1P2S1,18.847162000,RC2_0046_ICR-3_p08
345.183700863,364.030858912,18.847158050,Other,random,C_8H_9N1O1P2S1,18.847162000,RC2_0046_ICR-3_p08
389.246267948,408.093426997,18.847159050,Other,random,C_8H_9N1O1P2S1,18.847162000,RC2_0046_ICR-3_p08
487.210244381,506.057403430,18.847159050,Other,random,C_8H_9N1O1P2S1,18.847162000,RC2_0046_ICR-3_p08
365.209922911,384.057088960,18.847166050,Other,random,C_8H_9N1O1P2S1,18.847162000,RC2_0046_ICR-3_p08
493.220757884,512.067923933,18.847166050,Other,random,C_8H_9N1O1P2S1,18.847162000,RC2_0046_ICR-3_p08
305.225230368,324.072399418,18.847169050,Other,random,C_8H_9N1O1P2S1,18.847162000,RC2_0046_ICR-3_p08
511.210291571,530.057462621,18.847171050,Other,random,C_8H_9N1O1P2S1,18.847162000,RC2_0046_ICR-3_p08
408.215725478,427.210297903,18.994572424,Other,random,H1O2N_1,18.994581000,RC2_0046_ICR-3_p08
352.153077298,371.147649723,18.994572424,Other,random,H1O2N_1,18.994581000,RC2_0046_ICR-3_p08
504.078205826,523.072780250,18.994574424,Other,random,H1O2N_1,18.994581000,RC2_0046_ICR-3_p08
540.099572022,559.094146446,18.994574424,Other,random,H1O2N_1,18.994581000,RC2_0046_ICR-3_p08
388.103666795,407.098242219,18.994575424,Other,random,H1O2N_1,18.994581000,RC2_0046_ICR-3_p08
334.178898546,353.173473970,18.994575424,Other,random,H1O2N_1,18.994581000,RC2_0046_ICR-3_p08
242.067057288,261.061632712,18.994575424,Other,random,H1O2N_1,18.994581000,RC2_0046_ICR-3_p08
346.093059005,365.087635429,18.994576424,Other,random,H1O2N_1,18.994581000,RC2_0046_ICR-3_p08
258.134718128,277.129294552,18.994576424,Other,random,H1O2N_1,18.994581000,RC2_0046_ICR-3_p08
436.161098933,455.155676357,18.994577424,Other,random,H1O2N_1,18.994581000,RC2_0046_ICR-3_p08
488.046975831,507.041553255,18.994577424,Other,random,H1O2N_1,18.994581000,RC2_0046_ICR-3_p08
454.127128720,473.121709145,18.994580424,Other,random,H1O2N_1,18.994581000,RC2_0046_ICR-3_p08
464.119670332,483.114250756,18.994580424,Other,random,H1O2N_1,18.994581000,RC2_0046_ICR-3_p08
378.046540457,397.041121882,18.994581424,Other,random,H1O2N_1,18.994581000,RC2_0046_ICR-3_p08
392.220719330,411.215302754,18.994583424,Other,random,H1O2N_1,18.994581000,RC2_0046_ICR-3_p08
328.140030163,347.134614587,18.994584424,Other,random,H1O2N_1,18.994581000,RC2_0046_ICR-3_p08
366.155683899,385.150269323,18.994585424,Other,random,H1O2N_1,18.994581000,RC2_0046_ICR-3_p08
420.252055420,439.246640844,18.994585424,Other,random,H1O2N_1,18.994581000,RC2_0046_ICR-3_p08
408.129820843,427.124406267,18.994585424,Other,random,H1O2N_1,18.994581000,RC2_0046_ICR-3_p08
296.041124327,315.035711752,18.994587424,Other,random,H1O2N_1,18.994581000,RC2_0046_ICR-3_p08
336.108709359,355.103296783,18.994587424,Other,random,H1O2N_1,18.994581000,RC2_0046_ICR-3_p08
448.161174028,467.155762452,18.994588424,Other,random,H1O2N_1,18.994581000,RC2_0046_ICR-3_p08
430.127237529,449.121826953,18.994589424,Other,random,H1O2N_1,18.994581000,RC2_0046_ICR-3_p08
620.162520392,639.157110816,18.994590424,Other,random,H1O2N_1,18.994581000,RC2_0046_ICR-3_p08
422.109076542,441.103666966,18.994590424,Other,random,H1O2N_1,18.994581000,RC2_0046_ICR-3_p08
492.114722576,511.109313000,18.994590424,Other,random,H1O2N_1,18.994581000,RC2_0046_ICR-3_p08
446.072805887,465.067396311,18.994590424,Other,random,H1O2N_1,18.994581000,RC2_0046_ICR-3_p08
418.053885745,437.072269068,19.018383323,Other,random,H3O1,19.018390000,RC2_0046_ICR-3_p08
333.110888076,352.153077298,19.042189222,Other,random,H5N1,19.042199000,RC2_0046_ICR-3_p08
249.040480706,268.082669928,19.042189222,Other,random,H5N1,19.042199000,RC2_0046_ICR-3_p08
313.035352237,332.077541460,19.042189222,Other,random,H5N1,19.042199000,RC2_0046_ICR-3_p08
365.014899738,384.057088960,19.042189222,Other,random,H5N1,19.042199000,RC2_0046_ICR-3_p08
359.199255408,378.241445630,19.042190222,Other,random,H5N1,19.042199000,RC2_0046_ICR-3_p08
477.030979561,496.073170784,19.042191222,Other,random,H5N1,19.042199000,RC2_0046_ICR-3_p08
331.009427991,350.051620213,19.042192222,Other,random,H5N1,19.042199000,RC2_0046_ICR-3_p08
345.097853227,364.140045449,19.042192222,Other,random,H5N1,19.042199000,RC2_0046_ICR-3_p08
419.025402623,438.067594846,19.042192222,Other,random,H5N1,19.042199000,RC2_0046_ICR-3_p08
347.126509621,366.168702844,19.042193222,Other,random,H5N1,19.042199000,RC2_0046_ICR-3_p08
355.082262873,374.124457095,19.042194222,Other,random,H5N1,19.042199000,RC2_0046_ICR-3_p08
251.019771310,270.061965532,19.042194222,Other,random,H5N1,19.042199000,RC2_0046_ICR-3_p08
335.004389044,354.046584266,19.042195222,Other,random,H5N1,19.042199000,RC2_0046_ICR-3_p08
305.030204195,324.072399418,19.042195222,Other,random,H5N1,19.042199000,RC2_0046_ICR-3_p08
429.059373059,448.101568281,19.042195222,Other,random,H5N1,19.042199000,RC2_0046_ICR-3_p08
405.046226924,424.088423146,19.042196222,Other,random,H5N1,19.042199000,RC2_0046_ICR-3_p08
334.056770064,353.098967286,19.042197222,Other,random,H5N1,19.042199000,RC2_0046_ICR-3_p08
491.046414107,510.088613330,19.042199222,Other,random,H5N1,19.042199000,RC2_0046_ICR-3_p08
391.152659861,410.194859083,19.042199222,Other,random,H5N1,19.042199000,RC2_0046_ICR-3_p08
285.040394993,304.082595215,19.042200222,Other,random,H5N1,19.042199000,RC2_0046_ICR-3_p08
445.077470109,464.119670332,19.042200222,Other,random,H5N1,19.042199000,RC2_0046_ICR-3_p08
493.025723711,512.067923933,19.042200222,Other,random,H5N1,19.042199000,RC2_0046_ICR-3_p08
445.126752900,464.168953123,19.042200222,Other,random,H5N1,19.042199000,RC2_0046_ICR-3_p08
411.035556517,430.077757739,19.042201222,Other,random,H5N1,19.042199000,RC2_0046_ICR-3_p08
433.126963804,452.169165026,19.042201222,Other,random,H5N1,19.042199000,RC2_0046_ICR-3_p08
529.062147843,548.104349065,19.042201222,Other,random,H5N1,19.042199000,RC2_0046_ICR-3_p08
281.066678850,300.108881072,19.042202222,Other,random,H5N1,19.042199000,RC2_0046_ICR-3_p08
529.156284444,548.198487666,19.042203222,Other,random,H5N1,19.042199000,RC2_0046_ICR-3_p08
511.087857091,530.130061313,19.042204222,Other,random,H5N1,19.042199000,RC2_0046_ICR-3_p08
273.170756344,292.212960567,19.042204222,Other,random,H5N1,19.042199000,RC2_0046_ICR-3_p08
399.084912212,418.127117434,19.042205222,Other,random,H5N1,19.042199000,RC2_0046_ICR-3_p08
411.085032307,430.127237529,19.042205222,Other,random,H5N1,19.042199000,RC2_0046_ICR-3_p08
315.014563841,334.056770064,19.042206222,Other,random,H5N1,19.042199000,RC2_0046_ICR-3_p08
255.087467054,274.129673277,19.042206222,Other,random,H5N1,19.042199000,RC2_0046_ICR-3_p08
521.202695183,540.244901405,19.042206222,Other,random,H5N1,19.042199000,RC2_0046_ICR-3_p08
319.045834741,338.088041963,19.042207222,Other,random,H5N1,19.042199000,RC2_0046_ICR-3_p08
337.129139030,357.035588587,19.906449556,Other,random,C_10H_2O5P2,19.906451000,RC2_0046_ICR-3_p08
427.225704837,447.132158393,19.906453556,Other,random,C_10H_2O5P2,19.906451000,RC2_0046_ICR-3_p08
363.144849671,383.051308227,19.906458556,Other,random,C_10H_2O5P2,19.906451000,RC2_0046_ICR-3_p08
279.087396246,299.077216448,19.989820202,Other,random,C_1O2,19.989830000,RC2_0046_ICR-3_p08
307.082219491,327.072039693,19.989820202,Other,random,C_1O2,19.989830000,RC2_0046_ICR-3_p08
357.092252346,377.082072549,19.989820202,Other,random,C_1O2,19.989830000,RC2_0046_ICR-3_p08
451.152806338,471.142626540,19.989820202,Other,random,C_1O2,19.989830000,RC2_0046_ICR-3_p08
487.137476689,507.127296892,19.989820202,Other,random,C_1O2,19.989830000,RC2_0046_ICR-3_p08
547.145688132,567.135508334,19.989820202,Other,random,C_1O2,19.989830000,RC2_0046_ICR-3_p08
523.072780250,543.062600453,19.989820202,Other,random,C_1O2,19.989830000,RC2_0046_ICR-3_p08
355.066835938,375.056657140,19.989821202,Other,random,C_1O2,19.989830000,RC2_0046_ICR-3_p08
288.051259221,308.041080423,19.989821202,Other,random,C_1O2,19.989830000,RC2_0046_ICR-3_p08
311.105372424,331.095193627,19.989821202,Other,random,C_1O2,19.989830000,RC2_0046_ICR-3_p08
369.183644054,389.173465256,19.989821202,Other,random,C_1O2,19.989830000,RC2_0046_ICR-3_p08
389.173465256,409.163286459,19.989821202,Other,random,C_1O2,19.989830000,RC2_0046_ICR-3_p08
415.103213261,435.093034464,19.989821202,Other,random,C_1O2,19.989830000,RC2_0046_ICR-3_p08
457.108281074,477.098102277,19.989821202,Other,random,C_1O2,19.989830000,RC2_0046_ICR-3_p08
464.054970606,484.044791809,19.989821202,Other,random,C_1O2,19.989830000,RC2_0046_ICR-3_p08
521.267446909,541.257269111,19.989822202,Other,random,C_1O2,19.989830000,RC2_0046_ICR-3_p08
433.090388959,453.080211161,19.989822202,Other,random,C_1O2,19.989830000,RC2_0046_ICR-3_p08
479.119272703,499.109094905,19.989822202,Other,random,C_1O2,19.989830000,RC2_0046_ICR-3_p08
249.113295397,269.103117600,19.989822202,Other,random,C_1O2,19.989830000,RC2_0046_ICR-3_p08
255.087467054,275.077289257,19.989822202,Other,random,C_1O2,19.989830000,RC2_0046_ICR-3_p08
488.119696523,508.109518725,19.989822202,Other,random,C_1O2,19.989830000,RC2_0046_ICR-3_p08
569.093820027,589.083643230,19.989823202,Other,random,C_1O2,19.989830000,RC2_0046_ICR-3_p08
417.095552810,437.085376012,19.989823202,Other,random,C_1O2,19.989830000,RC2_0046_ICR-3_p08
453.176467753,473.166290956,19.989823202,Other,random,C_1O2,19.989830000,RC2_0046_ICR-3_p08
443.129016375,463.118840577,19.989824202,Other,random,C_1O2,19.989830000,RC2_0046_ICR-3_p08
468.122594351,488.112418553,19.989824202,Other,random,C_1O2,19.989830000,RC2_0046_ICR-3_p08
341.043253427,361.033077629,19.989824202,Other,random,C_1O2,19.989830000,RC2_0046_ICR-3_p08
511.109313000,531.099137202,19.989824202,Other,random,C_1O2,19.989830000,RC2_0046_ICR-3_p08
531.041537446,551.031361649,19.989824202,Other,random,C_1O2,19.989830000,RC2_0046_ICR-3_p08
439.152643243,459.142468445,19.989825202,Other,random,C_1O2,19.989830000,RC2_0046_ICR-3_p08
293.066606945,313.056432148,19.989825202,Other,random,C_1O2,19.989830000,RC2_0046_ICR-3_p08
315.014563841,335.004389044,19.989825202,Other,random,C_1O2,19.989830000,RC2_0046_ICR-3_p08
431.256855737,451.246680939,19.989825202,Other,random,C_1O2,19.989830000,RC2_0046_ICR-3_p08
495.215423422,515.205248625,19.989825202,Other,random,C_1O2,19.989830000,RC2_0046_ICR-3_p08
555.200186965,575.190012167,19.989825202,Other,random,C_1O2,19.989830000,RC2_0046_ICR-3_p08
555.150822174,575.140648376,19.989826202,Other,random,C_1O2,19.989830000,RC2_0046_ICR-3_p08
411.056790426,431.046616629,19.989826202,Other,random,C_1O2,19.989830000,RC2_0046_ICR-3_p08
699.157447292,719.147273495,19.989826202,Other,random,C_1O2,19.989830000,RC2_0046_ICR-3_p08
267.066336240,287.056163442,19.989827202,Other,random,C_1O2,19.989830000,RC2_0046_ICR-3_p08
547.109216287,567.099043489,19.989827202,Other,random,C_1O2,19.989830000,RC2_0046_ICR-3_p08
487.210244381,507.200071583,19.989827202,Other,random,C_1O2,19.989830000,RC2_0046_ICR-3_p08
518.093862371,538.083689573,19.989827202,Other,random,C_1O2,19.989830000,RC2_0046_ICR-3_p08
427.043364611,447.033191813,19.989827202,Other,random,C_1O2,19.989830000,RC2_0046_ICR-3_p08
353.030038578,373.019866781,19.989828202,Other,random,C_1O2,19.989830000,RC2_0046_ICR-3_p08
391.189115706,411.178943908,19.989828202,Other,random,C_1O2,19.989830000,RC2_0046_ICR-3_p08
477.225844735,497.215672937,19.989828202,Other,random,C_1O2,19.989830000,RC2_0046_ICR-3_p08
323.186323176,343.176151379,19.989828202,Other,random,C_1O2,19.989830000,RC2_0046_ICR-3_p08
443.074725605,463.064553808,19.989828202,Other,random,C_1O2,19.989830000,RC2_0046_ICR-3_p08
327.217607076,347.207435278,19.989828202,Other,random,C_1O2,19.989830000,RC2_0046_ICR-3_p08
427.134113226,447.123941428,19.989828202,Other,random,C_1O2,19.989830000,RC2_0046_ICR-3_p08
305.030204195,325.020032398,19.989828202,Other,random,C_1O2,19.989830000,RC2_0046_ICR-3_p08
311.141840270,331.131668472,19.989828202,Other,random,C_1O2,19.989830000,RC2_0046_ICR-3_p08
443.061682660,463.051510863,19.989828202,Other,random,C_1O2,19.989830000,RC2_0046_ICR-3_p08
299.095771370,319.085600572,19.989829202,Other,random,C_1O2,19.989830000,RC2_0046_ICR-3_p08
335.113467581,355.103296783,19.989829202,Other,random,C_1O2,19.989830000,RC2_0046_ICR-3_p08
597.138138062,617.127967264,19.989829202,Other,random,C_1O2,19.989830000,RC2_0046_ICR-3_p08
331.082208682,351.072037884,19.989829202,Other,random,C_1O2,19.989830000,RC2_0046_ICR-3_p08
387.121381961,407.111211164,19.989829202,Other,random,C_1O2,19.989830000,RC2_0046_ICR-3_p08
447.093013559,467.082842762,19.989829202,Other,random,C_1O2,19.989830000,RC2_0046_ICR-3_p08
375.102817945,395.092647147,19.989829202,Other,random,C_1O2,19.989830000,RC2_0046_ICR-3_p08
311.222773926,331.212604129,19.989830202,Other,random,C_1O2,19.989830000,RC2_0046_ICR-3_p08
371.113403868,391.103234070,19.989830202,Other,random,C_1O2,19.989830000,RC2_0046_ICR-3_p08
277.071757796,297.061587999,19.989830202,Other,random,C_1O2,19.989830000,RC2_0046_ICR-3_p08
351.108281730,371.098111933,19.989830202,Other,random,C_1O2,19.989830000,RC2_0046_ICR-3_p08
457.186738741,477.176568944,19.989830202,Other,random,C_1O2,19.989830000,RC2_0046_ICR-3_p08
511.254716383,531.244547585,19.989831202,Other,random,C_1O2,19.989830000,RC2_0046_ICR-3_p08
269.066630754,289.056461957,19.989831202,Other,random,C_1O2,19.989830000,RC2_0046_ICR-3_p08
523.137606975,543.127438178,19.989831202,Other,random,C_1O2,19.989830000,RC2_0046_ICR-3_p08
487.246737226,507.236568428,19.989831202,Other,random,C_1O2,19.989830000,RC2_0046_ICR-3_p08
301.084797932,321.074629134,19.989831202,Other,random,C_1O2,19.989830000,RC2_0046_ICR-3_p08
373.092637472,393.082468674,19.989831202,Other,random,C_1O2,19.989830000,RC2_0046_ICR-3_p08
393.191721211,413.181552413,19.989831202,Other,random,C_1O2,19.989830000,RC2_0046_ICR-3_p08
451.246680939,471.236513142,19.989832202,Other,random,C_1O2,19.989830000,RC2_0046_ICR-3_p08
223.097665756,243.087497959,19.989832202,Other,random,C_1O2,19.989830000,RC2_0046_ICR-3_p08
265.035417855,285.025250057,19.989832202,Other,random,C_1O2,19.989830000,RC2_0046_ICR-3_p08
335.090226680,355.080058882,19.989832202,Other,random,C_1O2,19.989830000,RC2_0046_ICR-3_p08
413.209675294,433.199507496,19.989832202,Other,random,C_1O2,19.989830000,RC2_0046_ICR-3_p08
509.093593551,529.083425753,19.989832202,Other,random,C_1O2,19.989830000,RC2_0046_ICR-3_p08
553.192703480,573.182535683,19.989832202,Other,random,C_1O2,19.989830000,RC2_0046_ICR-3_p08
287.069136387,307.058969589,19.989833202,Other,random,C_1O2,19.989830000,RC2_0046_ICR-3_p08
485.145205141,505.135038343,19.989833202,Other,random,C_1O2,19.989830000,RC2_0046_ICR-3_p08
509.072314641,529.062147843,19.989833202,Other,random,C_1O2,19.989830000,RC2_0046_ICR-3_p08
431.183910046,451.173743249,19.989833202,Other,random,C_1O2,19.989830000,RC2_0046_ICR-3_p08
497.311796529,517.301629732,19.989833202,Other,random,C_1O2,19.989830000,RC2_0046_ICR-3_p08
539.213387781,559.203220983,19.989833202,Other,random,C_1O2,19.989830000,RC2_0046_ICR-3_p08
571.073052631,591.062885834,19.989833202,Other,random,C_1O2,19.989830000,RC2_0046_ICR-3_p08
441.095670000,461.085503203,19.989833202,Other,random,C_1O2,19.989830000,RC2_0046_ICR-3_p08
241.144611201,261.134445403,19.989834202,Other,random,C_1O2,19.989830000,RC2_0046_ICR-3_p08
275.128888038,295.118722240,19.989834202,Other,random,C_1O2,19.989830000,RC2_0046_ICR-3_p08
557.130053778,577.119887980,19.989834202,Other,random,C_1O2,19.989830000,RC2_0046_ICR-3_p08
221.045627461,241.035461664,19.989834202,Other,random,C_1O2,19.989830000,RC2_0046_ICR-3_p08
278.103313420,298.093147623,19.989834202,Other,random,C_1O2,19.989830000,RC2_0046_ICR-3_p08
321.183680672,341.173514874,19.989834202,Other,random,C_1O2,19.989830000,RC2_0046_ICR-3_p08
385.129030413,405.118864615,19.989834202,Other,random,C_1O2,19.989830000,RC2_0046_ICR-3_p08
389.123867467,409.113701669,19.989834202,Other,random,C_1O2,19.989830000,RC2_0046_ICR-3_p08
407.098242219,427.088076421,19.989834202,Other,random,C_1O2,19.989830000,RC2_0046_ICR-3_p08
430.077757739,450.067591941,19.989834202,Other,random,C_1O2,19.989830000,RC2_0046_ICR-3_p08
485.230949777,505.220783979,19.989834202,Other,random,C_1O2,19.989830000,RC2_0046_ICR-3_p08
489.140020194,509.129854397,19.989834202,Other,random,C_1O2,19.989830000,RC2_0046_ICR-3_p08
337.159927900,357.149763102,19.989835202,Other,random,C_1O2,19.989830000,RC2_0046_ICR-3_p08
381.191773115,401.181608317,19.989835202,Other,random,C_1O2,19.989830000,RC2_0046_ICR-3_p08
497.231003872,517.220839074,19.989835202,Other,random,C_1O2,19.989830000,RC2_0046_ICR-3_p08
581.114773034,601.104609236,19.989836202,Other,random,C_1O2,19.989830000,RC2_0046_ICR-3_p08
649.141509462,669.131345664,19.989836202,Other,random,C_1O2,19.989830000,RC2_0046_ICR-3_p08
331.154979373,351.144815575,19.989836202,Other,random,C_1O2,19.989830000,RC2_0046_ICR-3_p08
519.114295042,539.104131245,19.989836202,Other,random,C_1O2,19.989830000,RC2_0046_ICR-3_p08
543.163834023,563.153670226,19.989836202,Other,random,C_1O2,19.989830000,RC2_0046_ICR-3_p08
585.161300868,605.151138071,19.989837202,Other,random,C_1O2,19.989830000,RC2_0046_ICR-3_p08
301.121166778,321.111003980,19.989837202,Other,random,C_1O2,19.989830000,RC2_0046_ICR-3_p08
411.093011273,431.082848475,19.989837202,Other,random,C_1O2,19.989830000,RC2_0046_ICR-3_p08
487.160668591,507.150505793,19.989837202,Other,random,C_1O2,19.989830000,RC2_0046_ICR-3_p08
571.158727268,591.148564470,19.989837202,Other,random,C_1O2,19.989830000,RC2_0046_ICR-3_p08
239.128947751,259.118784953,19.989837202,Other,random,C_1O2,19.989830000,RC2_0046_ICR-3_p08
329.066555232,349.056393435,19.989838202,Other,random,C_1O2,19.989830000,RC2_0046_ICR-3_p08
529.171383380,549.161221582,19.989838202,Other,random,C_1O2,19.989830000,RC2_0046_ICR-3_p08
235.097628852,255.087467054,19.989838202,Other,random,C_1O2,19.989830000,RC2_0046_ICR-3_p08
311.186302081,331.176140283,19.989838202,Other,random,C_1O2,19.989830000,RC2_0046_ICR-3_p08
339.072033789,359.061871991,19.989838202,Other,random,C_1O2,19.989830000,RC2_0046_ICR-3_p08
371.090066967,391.079905169,19.989838202,Other,random,C_1O2,19.989830000,RC2_0046_ICR-3_p08
372.072309800,392.062148003,19.989838202,Other,random,C_1O2,19.989830000,RC2_0046_ICR-3_p08
409.069534857,429.059373059,19.989838202,Other,random,C_1O2,19.989830000,RC2_0046_ICR-3_p08
487.173811535,507.163649737,19.989838202,Other,random,C_1O2,19.989830000,RC2_0046_ICR-3_p08
385.105665512,405.095503714,19.989838202,Other,random,C_1O2,19.989830000,RC2_0046_ICR-3_p08
455.134640447,475.124479649,19.989839202,Other,random,C_1O2,19.989830000,RC2_0046_ICR-3_p08
327.108359539,347.098198741,19.989839202,Other,random,C_1O2,19.989830000,RC2_0046_ICR-3_p08
619.194809497,639.184648699,19.989839202,Other,random,C_1O2,19.989830000,RC2_0046_ICR-3_p08
249.149643243,269.139482445,19.989839202,Other,random,C_1O2,19.989830000,RC2_0046_ICR-3_p08
284.077585077,304.067424280,19.989839202,Other,random,C_1O2,19.989830000,RC2_0046_ICR-3_p08
332.041054614,352.030893817,19.989839202,Other,random,C_1O2,19.989830000,RC2_0046_ICR-3_p08
395.061821278,415.051660480,19.989839202,Other,random,C_1O2,19.989830000,RC2_0046_ICR-3_p08
541.171467475,561.161306677,19.989839202,Other,random,C_1O2,19.989830000,RC2_0046_ICR-3_p08
449.085265108,469.090340246,20.005075138,Other,random,C3O_1,20.005085000,RC2_0046_ICR-3_p08
507.200071583,527.205146721,20.005075138,Other,random,C3O_1,20.005085000,RC2_0046_ICR-3_p08
577.241996462,597.247071600,20.005075138,Other,random,C3O_1,20.005085000,RC2_0046_ICR-3_p08
245.066709563,265.071784701,20.005075138,Other,random,C3O_1,20.005085000,RC2_0046_ICR-3_p08
453.212719599,473.217794737,20.005075138,Other,random,C3O_1,20.005085000,RC2_0046_ICR-3_p08
337.129139030,357.134214168,20.005075138,Other,random,C3O_1,20.005085000,RC2_0046_ICR-3_p08
547.158841076,567.163916214,20.005075138,Other,random,C3O_1,20.005085000,RC2_0046_ICR-3_p08
443.119370416,463.124446553,20.005076138,Other,random,C3O_1,20.005085000,RC2_0046_ICR-3_p08
242.067057288,262.072133425,20.005076138,Other,random,C3O_1,20.005085000,RC2_0046_ICR-3_p08
425.175974532,445.181050670,20.005076138,Other,random,C3O_1,20.005085000,RC2_0046_ICR-3_p08
530.232009881,550.237086018,20.005076138,Other,random,C3O_1,20.005085000,RC2_0046_ICR-3_p08
685.198955505,705.204031642,20.005076138,Other,random,C3O_1,20.005085000,RC2_0046_ICR-3_p08
535.195109827,555.200186965,20.005077138,Other,random,C3O_1,20.005085000,RC2_0046_ICR-3_p08
265.071784701,285.076861838,20.005077138,Other,random,C3O_1,20.005085000,RC2_0046_ICR-3_p08
282.061907628,302.066984766,20.005077138,Other,random,C3O_1,20.005085000,RC2_0046_ICR-3_p08
625.105198425,645.110275562,20.005077138,Other,random,C3O_1,20.005085000,RC2_0046_ICR-3_p08
549.210827372,569.215905509,20.005078138,Other,random,C3O_1,20.005085000,RC2_0046_ICR-3_p08
395.220362605,415.225440743,20.005078138,Other,random,C3O_1,20.005085000,RC2_0046_ICR-3_p08
541.229059231,561.234137368,20.005078138,Other,random,C3O_1,20.005085000,RC2_0046_ICR-3_p08
555.099096393,575.104174531,20.005078138,Other,random,C3O_1,20.005085000,RC2_0046_ICR-3_p08
381.131987369,401.137065506,20.005078138,Other,random,C3O_1,20.005085000,RC2_0046_ICR-3_p08
515.249765436,535.254843573,20.005078138,Other,random,C3O_1,20.005085000,RC2_0046_ICR-3_p08
443.082864571,463.087943708,20.005079138,Other,random,C3O_1,20.005085000,RC2_0046_ICR-3_p08
313.165520685,333.170599823,20.005079138,Other,random,C3O_1,20.005085000,RC2_0046_ICR-3_p08
565.047100194,585.052180331,20.005080138,Other,random,C3O_1,20.005085000,RC2_0046_ICR-3_p08
307.082219491,327.087299628,20.005080138,Other,random,C3O_1,20.005085000,RC2_0046_ICR-3_p08
337.123528054,357.128608192,20.005080138,Other,random,C3O_1,20.005085000,RC2_0046_ICR-3_p08
351.157780520,371.162860658,20.005080138,Other,random,C3O_1,20.005085000,RC2_0046_ICR-3_p08
435.069726563,455.074806700,20.005080138,Other,random,C3O_1,20.005085000,RC2_0046_ICR-3_p08
441.176386658,461.181466796,20.005080138,Other,random,C3O_1,20.005085000,RC2_0046_ICR-3_p08
455.119399511,475.124479649,20.005080138,Other,random,C3O_1,20.005085000,RC2_0046_ICR-3_p08
431.147726200,451.152806338,20.005080138,Other,random,C3O_1,20.005085000,RC2_0046_ICR-3_p08
515.067632208,535.072712346,20.005080138,Other,random,C3O_1,20.005085000,RC2_0046_ICR-3_p08
343.030503997,363.035585134,20.005081138,Other,random,C3O_1,20.005085000,RC2_0046_ICR-3_p08
353.124102179,373.129183317,20.005081138,Other,random,C3O_1,20.005085000,RC2_0046_ICR-3_p08
319.095273531,339.100354669,20.005081138,Other,random,C3O_1,20.005085000,RC2_0046_ICR-3_p08
353.154830049,373.159911187,20.005081138,Other,random,C3O_1,20.005085000,RC2_0046_ICR-3_p08
335.162930371,355.168012509,20.005082138,Other,random,C3O_1,20.005085000,RC2_0046_ICR-3_p08
535.267738519,555.272820656,20.005082138,Other,random,C3O_1,20.005085000,RC2_0046_ICR-3_p08
573.182535683,593.187617820,20.005082138,Other,random,C3O_1,20.005085000,RC2_0046_ICR-3_p08
309.097848940,329.102931078,20.005082138,Other,random,C3O_1,20.005085000,RC2_0046_ICR-3_p08
479.059705955,499.064788093,20.005082138,Other,random,C3O_1,20.005085000,RC2_0046_ICR-3_p08
451.051581767,471.056664905,20.005083138,Other,random,C3O_1,20.005085000,RC2_0046_ICR-3_p08
251.113693911,271.118777049,20.005083138,Other,random,C3O_1,20.005085000,RC2_0046_ICR-3_p08
361.041140595,381.046223732,20.005083138,Other,random,C3O_1,20.005085000,RC2_0046_ICR-3_p08
489.153135139,509.158218276,20.005083138,Other,random,C3O_1,20.005085000,RC2_0046_ICR-3_p08
407.098242219,427.103325356,20.005083138,Other,random,C3O_1,20.005085000,RC2_0046_ICR-3_p08
425.194589453,445.199672591,20.005083138,Other,random,C3O_1,20.005085000,RC2_0046_ICR-3_p08
767.240699480,787.245782618,20.005083138,Other,random,C3O_1,20.005085000,RC2_0046_ICR-3_p08
395.074793223,415.079877360,20.005084138,Other,random,C3O_1,20.005085000,RC2_0046_ICR-3_p08
424.088423146,444.093507283,20.005084138,Other,random,C3O_1,20.005085000,RC2_0046_ICR-3_p08
433.054116113,453.059200251,20.005084138,Other,random,C3O_1,20.005085000,RC2_0046_ICR-3_p08
441.189464602,461.194548740,20.005084138,Other,random,C3O_1,20.005085000,RC2_0046_ICR-3_p08
585.109562088,605.114646225,20.005084138,Other,random,C3O_1,20.005085000,RC2_0046_ICR-3_p08
643.224632561,663.229716699,20.005084138,Other,random,C3O_1,20.005085000,RC2_0046_ICR-3_p08
365.087635429,385.092719567,20.005084138,Other,random,C3O_1,20.005085000,RC2_0046_ICR-3_p08
505.075342596,525.080426734,20.005084138,Other,random,C3O_1,20.005085000,RC2_0046_ICR-3_p08
553.046919099,573.052004236,20.005085138,Other,random,C3O_1,20.005085000,RC2_0046_ICR-3_p08
243.123862805,263.128947942,20.005085138,Other,random,C3O_1,20.005085000,RC2_0046_ICR-3_p08
297.147313635,317.152398773,20.005085138,Other,random,C3O_1,20.005085000,RC2_0046_ICR-3_p08
299.077216448,319.082301586,20.005085138,Other,random,C3O_1,20.005085000,RC2_0046_ICR-3_p08
339.157866425,359.162951562,20.005085138,Other,random,C3O_1,20.005085000,RC2_0046_ICR-3_p08
267.051077304,287.056163442,20.005086138,Other,random,C3O_1,20.005085000,RC2_0046_ICR-3_p08
301.020034207,321.025120344,20.005086138,Other,random,C3O_1,20.005085000,RC2_0046_ICR-3_p08
353.051312488,373.056398626,20.005086138,Other,random,C3O_1,20.005085000,RC2_0046_ICR-3_p08
397.163217364,417.168303501,20.005086138,Other,random,C3O_1,20.005085000,RC2_0046_ICR-3_p08
365.100578375,385.105665512,20.005087138,Other,random,C3O_1,20.005085000,RC2_0046_ICR-3_p08
503.132519838,523.137606975,20.005087138,Other,random,C3O_1,20.005085000,RC2_0046_ICR-3_p08
410.203007048,430.208094186,20.005087138,Other,random,C3O_1,20.005085000,RC2_0046_ICR-3_p08
467.205157243,487.210244381,20.005087138,Other,random,C3O_1,20.005085000,RC2_0046_ICR-3_p08
513.270442832,533.275530970,20.005088138,Other,random,C3O_1,20.005085000,RC2_0046_ICR-3_p08
599.198295323,619.203383460,20.005088138,Other,random,C3O_1,20.005085000,RC2_0046_ICR-3_p08
375.085110020,395.090198157,20.005088138,Other,random,C3O_1,20.005085000,RC2_0046_ICR-3_p08
453.139975908,473.145064046,20.005088138,Other,random,C3O_1,20.005085000,RC2_0046_ICR-3_p08
271.045954358,291.051042496,20.005088138,Other,random,C3O_1,20.005085000,RC2_0046_ICR-3_p08
377.173368161,397.178456299,20.005088138,Other,random,C3O_1,20.005085000,RC2_0046_ICR-3_p08
553.156285635,573.161373772,20.005088138,Other,random,C3O_1,20.005085000,RC2_0046_ICR-3_p08
471.236513142,491.241601279,20.005088138,Other,random,C3O_1,20.005085000,RC2_0046_ICR-3_p08
271.155127895,291.160217032,20.005089138,Other,random,C3O_1,20.005085000,RC2_0046_ICR-3_p08
271.082314204,291.087403341,20.005089138,Other,random,C3O_1,20.005085000,RC2_0046_ICR-3_p08
475.137426594,495.142515732,20.005089138,Other,random,C3O_1,20.005085000,RC2_0046_ICR-3_p08
327.144810384,347.149900522,20.005090138,Other,random,C3O_1,20.005085000,RC2_0046_ICR-3_p08
365.154875144,385.159965282,20.005090138,Other,random,C3O_1,20.005085000,RC2_0046_ICR-3_p08
419.183962951,439.189053088,20.005090138,Other,random,C3O_1,20.005085000,RC2_0046_ICR-3_p08
421.090579863,441.095670000,20.005090138,Other,random,C3O_1,20.005085000,RC2_0046_ICR-3_p08
517.192443195,537.197533332,20.005090138,Other,random,C3O_1,20.005085000,RC2_0046_ICR-3_p08
685.271476197,705.276566335,20.005090138,Other,random,C3O_1,20.005085000,RC2_0046_ICR-3_p08
299.113563294,319.118653432,20.005090138,Other,random,C3O_1,20.005085000,RC2_0046_ICR-3_p08
377.014765834,397.019855972,20.005090138,Other,random,C3O_1,20.005085000,RC2_0046_ICR-3_p08
383.025307337,403.030397475,20.005090138,Other,random,C3O_1,20.005085000,RC2_0046_ICR-3_p08
325.020032398,345.025123535,20.005091138,Other,random,C3O_1,20.005085000,RC2_0046_ICR-3_p08
597.255355565,617.260446702,20.005091138,Other,random,C3O_1,20.005085000,RC2_0046_ICR-3_p08
397.041121882,417.046213019,20.005091138,Other,random,C3O_1,20.005085000,RC2_0046_ICR-3_p08
439.124293363,459.129384501,20.005091138,Other,random,C3O_1,20.005085000,RC2_0046_ICR-3_p08
445.134887866,465.139979003,20.005091138,Other,random,C3O_1,20.005085000,RC2_0046_ICR-3_p08
533.252343068,553.257434206,20.005091138,Other,random,C3O_1,20.005085000,RC2_0046_ICR-3_p08
543.280876527,563.285967664,20.005091138,Other,random,C3O_1,20.005085000,RC2_0046_ICR-3_p08
561.137917776,581.143008914,20.005091138,Other,random,C3O_1,20.005085000,RC2_0046_ICR-3_p08
275.150012948,295.155105086,20.005092138,Other,random,C3O_1,20.005085000,RC2_0046_ICR-3_p08
669.204154355,689.209246493,20.005092138,Other,random,C3O_1,20.005085000,RC2_0046_ICR-3_p08
415.197027863,435.202120001,20.005092138,Other,random,C3O_1,20.005085000,RC2_0046_ICR-3_p08
347.090198775,367.095291913,20.005093138,Other,random,C3O_1,20.005085000,RC2_0046_ICR-3_p08
267.087477150,287.092570288,20.005093138,Other,random,C3O_1,20.005085000,RC2_0046_ICR-3_p08
355.152809573,375.157902711,20.005093138,Other,random,C3O_1,20.005085000,RC2_0046_ICR-3_p08
523.218322633,543.223415770,20.005093138,Other,random,C3O_1,20.005085000,RC2_0046_ICR-3_p08
581.042283341,601.047376479,20.005093138,Other,random,C3O_1,20.005085000,RC2_0046_ICR-3_p08
335.090226680,355.095319817,20.005093138,Other,random,C3O_1,20.005085000,RC2_0046_ICR-3_p08
495.114276851,515.119369989,20.005093138,Other,random,C3O_1,20.005085000,RC2_0046_ICR-3_p08
427.124406267,447.129500405,20.005094138,Other,random,C3O_1,20.005085000,RC2_0046_ICR-3_p08
349.019999589,369.025093727,20.005094138,Other,random,C3O_1,20.005085000,RC2_0046_ICR-3_p08
382.090696302,402.095790439,20.005094138,Other,random,C3O_1,20.005085000,RC2_0046_ICR-3_p08
389.173465256,409.178559394,20.005094138,Other,random,C3O_1,20.005085000,RC2_0046_ICR-3_p08
371.044015162,391.070220210,20.026205048,Other,random,H4O,20.026215000,RC2_0046_ICR-3_p08
403.097599190,423.123804238,20.026205048,Other,random,H4O,20.026215000,RC2_0046_ICR-3_p08
261.004080956,281.030286004,20.026205048,Other,random,H4O,20.026215000,RC2_0046_ICR-3_p08
403.043582419,423.069787467,20.026205048,Other,random,H4O,20.026215000,RC2_0046_ICR-3_p08
407.184092855,427.210297903,20.026205048,Other,random,H4O,20.026215000,RC2_0046_ICR-3_p08
369.074455517,389.100660565,20.026205048,Other,random,H4O,20.026215000,RC2_0046_ICR-3_p08
417.059170964,437.085376012,20.026205048,Other,random,H4O,20.026215000,RC2_0046_ICR-3_p08
289.157489528,309.183695576,20.026206048,Other,random,H4O,20.026215000,RC2_0046_ICR-3_p08
407.207416756,427.233622804,20.026206048,Other,random,H4O,20.026215000,RC2_0046_ICR-3_p08
441.139909813,461.166115861,20.026206048,Other,random,H4O,20.026215000,RC2_0046_ICR-3_p08
443.134565351,463.160771399,20.026206048,Other,random,H4O,20.026215000,RC2_0046_ICR-3_p08
479.155765548,499.181971596,20.026206048,Other,random,H4O,20.026215000,RC2_0046_ICR-3_p08
609.146093124,629.172299172,20.026206048,Other,random,H4O,20.026215000,RC2_0046_ICR-3_p08
301.084797932,321.111003980,20.026206048,Other,random,H4O,20.026215000,RC2_0046_ICR-3_p08
313.084682028,333.110888076,20.026206048,Other,random,H4O,20.026215000,RC2_0046_ICR-3_p08
317.097322006,337.123528054,20.026206048,Other,random,H4O,20.026215000,RC2_0046_ICR-3_p08
463.160771399,483.186977447,20.026206048,Other,random,H4O,20.026215000,RC2_0046_ICR-3_p08
403.139707011,423.165914059,20.026207048,Other,random,H4O,20.026215000,RC2_0046_ICR-3_p08
279.123766092,299.149973140,20.026207048,Other,random,H4O,20.026215000,RC2_0046_ICR-3_p08
313.048325182,333.074532230,20.026207048,Other,random,H4O,20.026215000,RC2_0046_ICR-3_p08
391.097675094,411.123882142,20.026207048,Other,random,H4O,20.026215000,RC2_0046_ICR-3_p08
429.204747442,449.230954490,20.026207048,Other,random,H4O,20.026215000,RC2_0046_ICR-3_p08
439.246640844,459.272847892,20.026207048,Other,random,H4O,20.026215000,RC2_0046_ICR-3_p08
503.119415893,523.145622941,20.026207048,Other,random,H4O,20.026215000,RC2_0046_ICR-3_p08
577.119887980,597.146095028,20.026207048,Other,random,H4O,20.026215000,RC2_0046_ICR-3_p08
367.030570187,387.056778235,20.026208048,Other,random,H4O,20.026215000,RC2_0046_ICR-3_p08
461.108806104,481.135014152,20.026208048,Other,random,H4O,20.026215000,RC2_0046_ICR-3_p08
593.251981547,613.278189595,20.026208048,Other,random,H4O,20.026215000,RC2_0046_ICR-3_p08
651.192960759,671.219168807,20.026208048,Other,random,H4O,20.026215000,RC2_0046_ICR-3_p08
657.073617813,677.099825861,20.026208048,Other,random,H4O,20.026215000,RC2_0046_ICR-3_p08
442.041535988,462.067744036,20.026208048,Other,random,H4O,20.026215000,RC2_0046_ICR-3_p08
313.165520685,333.191728733,20.026208048,Other,random,H4O,20.026215000,RC2_0046_ICR-3_p08
261.076864647,281.103072695,20.026208048,Other,random,H4O,20.026215000,RC2_0046_ICR-3_p08
289.084773837,309.110981885,20.026208048,Other,random,H4O,20.026215000,RC2_0046_ICR-3_p08
308.041080423,328.067288471,20.026208048,Other,random,H4O,20.026215000,RC2_0046_ICR-3_p08
325.129161935,345.155369983,20.026208048,Other,random,H4O,20.026215000,RC2_0046_ICR-3_p08
469.199660782,489.225868830,20.026208048,Other,random,H4O,20.026215000,RC2_0046_ICR-3_p08
513.140035385,533.166243433,20.026208048,Other,random,H4O,20.026215000,RC2_0046_ICR-3_p08
603.099199775,623.125407823,20.026208048,Other,random,H4O,20.026215000,RC2_0046_ICR-3_p08
305.102952887,325.129161935,20.026209048,Other,random,H4O,20.026215000,RC2_0046_ICR-3_p08
315.123710378,335.149919426,20.026209048,Other,random,H4O,20.026215000,RC2_0046_ICR-3_p08
347.162921467,367.189130515,20.026209048,Other,random,H4O,20.026215000,RC2_0046_ICR-3_p08
379.116250920,399.142459968,20.026209048,Other,random,H4O,20.026215000,RC2_0046_ICR-3_p08
453.103555062,473.129764110,20.026209048,Other,random,H4O,20.026215000,RC2_0046_ICR-3_p08
491.205095434,511.231304482,20.026209048,Other,random,H4O,20.026215000,RC2_0046_ICR-3_p08
541.184620419,561.210829467,20.026209048,Other,random,H4O,20.026215000,RC2_0046_ICR-3_p08
569.166461719,589.192670767,20.026209048,Other,random,H4O,20.026215000,RC2_0046_ICR-3_p08
603.135813620,623.162022668,20.026209048,Other,random,H4O,20.026215000,RC2_0046_ICR-3_p08
293.175749483,313.201958531,20.026209048,Other,random,H4O,20.026215000,RC2_0046_ICR-3_p08
337.129139030,357.155348079,20.026209048,Other,random,H4O,20.026215000,RC2_0046_ICR-3_p08
253.144546296,273.170756344,20.026210048,Other,random,H4O,20.026215000,RC2_0046_ICR-3_p08
239.035039150,259.061249198,20.026210048,Other,random,H4O,20.026215000,RC2_0046_ICR-3_p08
319.154973278,339.181183326,20.026210048,Other,random,H4O,20.026215000,RC2_0046_ICR-3_p08
334.129479755,354.155689803,20.026210048,Other,random,H4O,20.026215000,RC2_0046_ICR-3_p08
455.082903666,475.109113714,20.026210048,Other,random,H4O,20.026215000,RC2_0046_ICR-3_p08
469.163375936,489.189585984,20.026210048,Other,random,H4O,20.026215000,RC2_0046_ICR-3_p08
513.031091847,533.057301896,20.026210048,Other,random,H4O,20.026215000,RC2_0046_ICR-3_p08
531.236623619,551.262833667,20.026210048,Other,random,H4O,20.026215000,RC2_0046_ICR-3_p08
307.009491799,327.035702847,20.026211048,Other,random,H4O,20.026215000,RC2_0046_ICR-3_p08
375.175522636,395.201733684,20.026211048,Other,random,H4O,20.026215000,RC2_0046_ICR-3_p08
249.004150860,269.030361908,20.026211048,Other,random,H4O,20.026215000,RC2_0046_ICR-3_p08
276.998980105,297.025191153,20.026211048,Other,random,H4O,20.026215000,RC2_0046_ICR-3_p08
445.150173801,465.176385849,20.026212048,Other,random,H4O,20.026215000,RC2_0046_ICR-3_p08
294.025500878,314.051712926,20.026212048,Other,random,H4O,20.026215000,RC2_0046_ICR-3_p08
345.038112480,365.064324528,20.026212048,Other,random,H4O,20.026215000,RC2_0046_ICR-3_p08
346.056768159,366.082980207,20.026212048,Other,random,H4O,20.026215000,RC2_0046_ICR-3_p08
387.084999116,407.111211164,20.026212048,Other,random,H4O,20.026215000,RC2_0046_ICR-3_p08
401.064367815,421.090579863,20.026212048,Other,random,H4O,20.026215000,RC2_0046_ICR-3_p08
405.204660251,425.230873299,20.026213048,Other,random,H4O,20.026215000,RC2_0046_ICR-3_p08
457.054123304,477.080336352,20.026213048,Other,random,H4O,20.026215000,RC2_0046_ICR-3_p08
511.072924154,531.099137202,20.026213048,Other,random,H4O,20.026215000,RC2_0046_ICR-3_p08
539.083056334,559.109269382,20.026213048,Other,random,H4O,20.026215000,RC2_0046_ICR-3_p08
545.202814374,565.229027422,20.026213048,Other,random,H4O,20.026215000,RC2_0046_ICR-3_p08
583.158784363,603.184997411,20.026213048,Other,random,H4O,20.026215000,RC2_0046_ICR-3_p08
583.195078209,603.221291257,20.026213048,Other,random,H4O,20.026215000,RC2_0046_ICR-3_p08
537.225969212,557.252182260,20.026213048,Other,random,H4O,20.026215000,RC2_0046_ICR-3_p08
579.281150812,599.307363860,20.026213048,Other,random,H4O,20.026215000,RC2_0046_ICR-3_p08
285.134353594,305.160566642,20.026213048,Other,random,H4O,20.026215000,RC2_0046_ICR-3_p08
347.107888700,367.134101748,20.026213048,Other,random,H4O,20.026215000,RC2_0046_ICR-3_p08
427.139650202,447.165863250,20.026213048,Other,random,H4O,20.026215000,RC2_0046_ICR-3_p08
467.192161298,487.218374346,20.026213048,Other,random,H4O,20.026215000,RC2_0046_ICR-3_p08
357.061348477,377.087562525,20.026214048,Other,random,H4O,20.026215000,RC2_0046_ICR-3_p08
409.142298548,429.168512596,20.026214048,Other,random,H4O,20.026215000,RC2_0046_ICR-3_p08
415.097611285,435.123825333,20.026214048,Other,random,H4O,20.026215000,RC2_0046_ICR-3_p08
577.083616134,597.109830182,20.026214048,Other,random,H4O,20.026215000,RC2_0046_ICR-3_p08
589.265474458,609.291688506,20.026214048,Other,random,H4O,20.026215000,RC2_0046_ICR-3_p08
643.167023806,663.193237854,20.026214048,Other,random,H4O,20.026215000,RC2_0046_ICR-3_p08
665.245262149,685.271476197,20.026214048,Other,random,H4O,20.026215000,RC2_0046_ICR-3_p08
311.077088544,331.103303592,20.026215048,Other,random,H4O,20.026215000,RC2_0046_ICR-3_p08
347.077150831,367.103365879,20.026215048,Other,random,H4O,20.026215000,RC2_0046_ICR-3_p08
411.035556517,431.061771565,20.026215048,Other,random,H4O,20.026215000,RC2_0046_ICR-3_p08
563.067864590,583.094079638,20.026215048,Other,random,H4O,20.026215000,RC2_0046_ICR-3_p08
407.171018910,427.197233958,20.026215048,Other,random,H4O,20.026215000,RC2_0046_ICR-3_p08
445.090453054,465.116668102,20.026215048,Other,random,H4O,20.026215000,RC2_0046_ICR-3_p08
423.129399214,443.155615262,20.026216048,Other,random,H4O,20.026215000,RC2_0046_ICR-3_p08
453.212719599,473.238935647,20.026216048,Other,random,H4O,20.026215000,RC2_0046_ICR-3_p08
525.262534961,545.288751009,20.026216048,Other,random,H4O,20.026215000,RC2_0046_ICR-3_p08
315.050887687,335.077103735,20.026216048,Other,random,H4O,20.026215000,RC2_0046_ICR-3_p08
444.057074438,464.083290486,20.026216048,Other,random,H4O,20.026215000,RC2_0046_ICR-3_p08
449.072241163,469.098457211,20.026216048,Other,random,H4O,20.026215000,RC2_0046_ICR-3_p08
262.072133425,282.098350473,20.026217048,Other,random,H4O,20.026215000,RC2_0046_ICR-3_p08
275.128888038,295.155105086,20.026217048,Other,random,H4O,20.026215000,RC2_0046_ICR-3_p08
383.004180427,403.030397475,20.026217048,Other,random,H4O,20.026215000,RC2_0046_ICR-3_p08
453.059200251,473.085417299,20.026217048,Other,random,H4O,20.026215000,RC2_0046_ICR-3_p08
475.088059803,495.114276851,20.026217048,Other,random,H4O,20.026215000,RC2_0046_ICR-3_p08
641.224321047,661.250538095,20.026217048,Other,random,H4O,20.026215000,RC2_0046_ICR-3_p08
233.081975403,253.108192451,20.026217048,Other,random,H4O,20.026215000,RC2_0046_ICR-3_p08
261.113287493,281.139504541,20.026217048,Other,random,H4O,20.026215000,RC2_0046_ICR-3_p08
313.056432148,333.082649196,20.026217048,Other,random,H4O,20.026215000,RC2_0046_ICR-3_p08
319.095273531,339.121490579,20.026217048,Other,random,H4O,20.026215000,RC2_0046_ICR-3_p08
447.056625714,467.082842762,20.026217048,Other,random,H4O,20.026215000,RC2_0046_ICR-3_p08
533.020702051,553.046919099,20.026217048,Other,random,H4O,20.026215000,RC2_0046_ICR-3_p08
443.098228505,463.124446553,20.026218048,Other,random,H4O,20.026215000,RC2_0046_ICR-3_p08
361.142055167,381.168273215,20.026218048,Other,random,H4O,20.026215000,RC2_0046_ICR-3_p08
534.088938519,554.115156567,20.026218048,Other,random,H4O,20.026215000,RC2_0046_ICR-3_p08
595.130498579,615.156716627,20.026218048,Other,random,H4O,20.026215000,RC2_0046_ICR-3_p08
515.278014316,535.304233364,20.026219048,Other,random,H4O,20.026215000,RC2_0046_ICR-3_p08
277.071757796,297.097976844,20.026219048,Other,random,H4O,20.026215000,RC2_0046_ICR-3_p08
337.201905722,357.228124770,20.026219048,Other,random,H4O,20.026215000,RC2_0046_ICR-3_p08
457.113785051,477.140004099,20.026219048,Other,random,H4O,20.026215000,RC2_0046_ICR-3_p08
464.054970606,484.081189654,20.026219048,Other,random,H4O,20.026215000,RC2_0046_ICR-3_p08
487.246737226,507.272956274,20.026219048,Other,random,H4O,20.026215000,RC2_0046_ICR-3_p08
255.087467054,275.113686102,20.026219048,Other,random,H4O,20.026215000,RC2_0046_ICR-3_p08
443.165278221,463.191497269,20.026219048,Other,random,H4O,20.026215000,RC2_0046_ICR-3_p08
463.051510863,483.077730911,20.026220048,Other,random,H4O,20.026215000,RC2_0046_ICR-3_p08
329.102931078,349.129151126,20.026220048,Other,random,H4O,20.026215000,RC2_0046_ICR-3_p08
407.025354528,427.051574576,20.026220048,Other,random,H4O,20.026215000,RC2_0046_ICR-3_p08
481.171314998,501.197535046,20.026220048,Other,random,H4O,20.026215000,RC2_0046_ICR-3_p08
563.132564315,583.158784363,20.026220048,Other,random,H4O,20.026215000,RC2_0046_ICR-3_p08
397.113849573,417.140069621,20.026220048,Other,random,H4O,20.026215000,RC2_0046_ICR-3_p08
459.106166599,479.132386647,20.026220048,Other,random,H4O,20.026215000,RC2_0046_ICR-3_p08
521.093539646,541.119759694,20.026220048,Other,random,H4O,20.026215000,RC2_0046_ICR-3_p08
573.088666081,593.114886129,20.026220048,Other,random,H4O,20.026215000,RC2_0046_ICR-3_p08
375.108332921,395.134553969,20.026221048,Other,random,H4O,20.026215000,RC2_0046_ICR-3_p08
263.128947942,283.155168990,20.026221048,Other,random,H4O,20.026215000,RC2_0046_ICR-3_p08
415.116292206,435.142513254,20.026221048,Other,random,H4O,20.026215000,RC2_0046_ICR-3_p08
623.162022668,643.188244716,20.026222048,Other,random,H4O,20.026215000,RC2_0046_ICR-3_p08
269.066630754,289.092852802,20.026222048,Other,random,H4O,20.026215000,RC2_0046_ICR-3_p08
295.009489704,315.035711752,20.026222048,Other,random,H4O,20.026215000,RC2_0046_ICR-3_p08
345.183700863,365.209922911,20.026222048,Other,random,H4O,20.026215000,RC2_0046_ICR-3_p08
369.046234637,389.072456685,20.026222048,Other,random,H4O,20.026215000,RC2_0046_ICR-3_p08
434.080779758,454.107001806,20.026222048,Other,random,H4O,20.026215000,RC2_0046_ICR-3_p08
455.183959237,475.210181285,20.026222048,Other,random,H4O,20.026215000,RC2_0046_ICR-3_p08
471.056664905,491.082886953,20.026222048,Other,random,H4O,20.026215000,RC2_0046_ICR-3_p08
493.171259094,513.197481142,20.026222048,Other,random,H4O,20.026215000,RC2_0046_ICR-3_p08
334.020361218,354.046584266,20.026223048,Other,random,H4O,20.026215000,RC2_0046_ICR-3_p08
517.220839074,537.247062122,20.026223048,Other,random,H4O,20.026215000,RC2_0046_ICR-3_p08
523.036377405,543.062600453,20.026223048,Other,random,H4O,20.026215000,RC2_0046_ICR-3_p08
399.157739903,419.183962951,20.026223048,Other,random,H4O,20.026215000,RC2_0046_ICR-3_p08
401.082095740,421.108318788,20.026223048,Other,random,H4O,20.026215000,RC2_0046_ICR-3_p08
421.150163610,441.176386658,20.026223048,Other,random,H4O,20.026215000,RC2_0046_ICR-3_p08
452.091261357,472.117484405,20.026223048,Other,random,H4O,20.026215000,RC2_0046_ICR-3_p08
493.127064281,513.153287329,20.026223048,Other,random,H4O,20.026215000,RC2_0046_ICR-3_p08
532.080990037,552.107214085,20.026224048,Other,random,H4O,20.026215000,RC2_0046_ICR-3_p08
333.089844165,353.116068213,20.026224048,Other,random,H4O,20.026215000,RC2_0046_ICR-3_p08
381.168273215,401.194497263,20.026224048,Other,random,H4O,20.026215000,RC2_0046_ICR-3_p08
395.199216695,415.225440743,20.026224048,Other,random,H4O,20.026215000,RC2_0046_ICR-3_p08
421.163240555,441.189464602,20.026224048,Other,random,H4O,20.026215000,RC2_0046_ICR-3_p08
441.082623056,463.064553808,21.981930752,Other,random,Na_H,21.981940000,RC2_0046_ICR-3_p08
571.218440014,593.200372766,21.981932752,Other,random,Na_H,21.981940000,RC2_0046_ICR-3_p08
277.144604487,299.126538239,21.981933752,Other,random,Na_H,21.981940000,RC2_0046_ICR-3_p08
474.176851669,496.158786420,21.981934752,Other,random,Na_H,21.981940000,RC2_0046_ICR-3_p08
429.155526651,451.137461403,21.981934752,Other,random,Na_H,21.981940000,RC2_0046_ICR-3_p08
557.166361624,579.148297376,21.981935752,Other,random,Na_H,21.981940000,RC2_0046_ICR-3_p08
427.103325356,449.085265108,21.981939752,Other,random,Na_H,21.981940000,RC2_0046_ICR-3_p08
333.134293977,355.116234729,21.981940752,Other,random,Na_H,21.981940000,RC2_0046_ICR-3_p08
519.259831425,541.241778177,21.981946752,Other,random,Na_H,21.981940000,RC2_0046_ICR-3_p08
485.181700986,507.163649737,21.981948752,Other,random,Na_H,21.981940000,RC2_0046_ICR-3_p08
279.087396246,301.071736987,21.984340742,Other,random,C2H_2,21.984350000,RC2_0046_ICR-3_p08
327.144810384,349.129151126,21.984340742,Other,random,C2H_2,21.984350000,RC2_0046_ICR-3_p08
503.104141958,525.088482700,21.984340742,Other,random,C2H_2,21.984350000,RC2_0046_ICR-3_p08
395.098140124,417.082480865,21.984340742,Other,random,C2H_2,21.984350000,RC2_0046_ICR-3_p08
597.219042719,619.203383460,21.984340742,Other,random,C2H_2,21.984350000,RC2_0046_ICR-3_p08
367.030570187,389.014911929,21.984341742,Other,random,C2H_2,21.984350000,RC2_0046_ICR-3_p08
413.181552413,435.165894155,21.984341742,Other,random,C2H_2,21.984350000,RC2_0046_ICR-3_p08
421.113886764,443.098228505,21.984341742,Other,random,C2H_2,21.984350000,RC2_0046_ICR-3_p08
423.178972004,445.163313745,21.984341742,Other,random,C2H_2,21.984350000,RC2_0046_ICR-3_p08
253.144546296,275.128888038,21.984341742,Other,random,C2H_2,21.984350000,RC2_0046_ICR-3_p08
567.208328026,589.192670767,21.984342742,Other,random,C2H_2,21.984350000,RC2_0046_ICR-3_p08
621.146273219,643.130615960,21.984342742,Other,random,C2H_2,21.984350000,RC2_0046_ICR-3_p08
249.076919551,271.061262293,21.984342742,Other,random,C2H_2,21.984350000,RC2_0046_ICR-3_p08
425.267389145,447.251731886,21.984342742,Other,random,C2H_2,21.984350000,RC2_0046_ICR-3_p08
445.062241174,467.046583916,21.984342742,Other,random,C2H_2,21.984350000,RC2_0046_ICR-3_p08
469.244073594,491.228417335,21.984343742,Other,random,C2H_2,21.984350000,RC2_0046_ICR-3_p08
251.056194155,273.040537897,21.984343742,Other,random,C2H_2,21.984350000,RC2_0046_ICR-3_p08
265.108226546,287.092570288,21.984343742,Other,random,C2H_2,21.984350000,RC2_0046_ICR-3_p08
433.236171341,455.220515082,21.984343742,Other,random,C2H_2,21.984350000,RC2_0046_ICR-3_p08
439.088043517,461.072387258,21.984343742,Other,random,C2H_2,21.984350000,RC2_0046_ICR-3_p08
491.082886953,513.067230694,21.984343742,Other,random,C2H_2,21.984350000,RC2_0046_ICR-3_p08
653.245424053,675.229767794,21.984343742,Other,random,C2H_2,21.984350000,RC2_0046_ICR-3_p08
569.224031475,591.208376216,21.984344742,Other,random,C2H_2,21.984350000,RC2_0046_ICR-3_p08
293.102986791,315.087331533,21.984344742,Other,random,C2H_2,21.984350000,RC2_0046_ICR-3_p08
319.131689376,341.116034118,21.984344742,Other,random,C2H_2,21.984350000,RC2_0046_ICR-3_p08
419.183962951,441.168307692,21.984344742,Other,random,C2H_2,21.984350000,RC2_0046_ICR-3_p08
483.150693601,505.135038343,21.984344742,Other,random,C2H_2,21.984350000,RC2_0046_ICR-3_p08
501.088435509,523.072780250,21.984344742,Other,random,C2H_2,21.984350000,RC2_0046_ICR-3_p08
549.161221582,571.145566324,21.984344742,Other,random,C2H_2,21.984350000,RC2_0046_ICR-3_p08
735.251123181,757.235467923,21.984344742,Other,random,C2H_2,21.984350000,RC2_0046_ICR-3_p08
267.087477150,289.071821892,21.984344742,Other,random,C2H_2,21.984350000,RC2_0046_ICR-3_p08
305.152454677,327.136799418,21.984344742,Other,random,C2H_2,21.984350000,RC2_0046_ICR-3_p08
354.046584266,376.030929008,21.984344742,Other,random,C2H_2,21.984350000,RC2_0046_ICR-3_p08
383.111158973,405.095503714,21.984344742,Other,random,C2H_2,21.984350000,RC2_0046_ICR-3_p08
423.069787467,445.054132208,21.984344742,Other,random,C2H_2,21.984350000,RC2_0046_ICR-3_p08
537.234052178,559.218397919,21.984345742,Other,random,C2H_2,21.984350000,RC2_0046_ICR-3_p08
709.272285385,731.256631126,21.984345742,Other,random,C2H_2,21.984350000,RC2_0046_ICR-3_p08
425.158213608,447.142559349,21.984345742,Other,random,C2H_2,21.984350000,RC2_0046_ICR-3_p08
511.145584846,533.129930587,21.984345742,Other,random,C2H_2,21.984350000,RC2_0046_ICR-3_p08
305.102952887,327.087299628,21.984346742,Other,random,C2H_2,21.984350000,RC2_0046_ICR-3_p08
389.035922840,411.020269581,21.984346742,Other,random,C2H_2,21.984350000,RC2_0046_ICR-3_p08
559.166854138,581.151200879,21.984346742,Other,random,C2H_2,21.984350000,RC2_0046_ICR-3_p08
333.155391887,355.139738629,21.984346742,Other,random,C2H_2,21.984350000,RC2_0046_ICR-3_p08
419.129002184,441.113348925,21.984346742,Other,random,C2H_2,21.984350000,RC2_0046_ICR-3_p08
339.144720480,361.129067222,21.984346742,Other,random,C2H_2,21.984350000,RC2_0046_ICR-3_p08
487.218374346,509.202722088,21.984347742,Other,random,C2H_2,21.984350000,RC2_0046_ICR-3_p08
305.087691952,327.072039693,21.984347742,Other,random,C2H_2,21.984350000,RC2_0046_ICR-3_p08
357.149763102,379.134110844,21.984347742,Other,random,C2H_2,21.984350000,RC2_0046_ICR-3_p08
425.212329378,447.196677120,21.984347742,Other,random,C2H_2,21.984350000,RC2_0046_ICR-3_p08
643.224632561,665.208980303,21.984347742,Other,random,C2H_2,21.984350000,RC2_0046_ICR-3_p08
459.272847892,481.257196634,21.984348742,Other,random,C2H_2,21.984350000,RC2_0046_ICR-3_p08
485.057204514,507.041553255,21.984348742,Other,random,C2H_2,21.984350000,RC2_0046_ICR-3_p08
273.170756344,295.155105086,21.984348742,Other,random,C2H_2,21.984350000,RC2_0046_ICR-3_p08
517.098707592,539.083056334,21.984348742,Other,random,C2H_2,21.984350000,RC2_0046_ICR-3_p08
525.052077854,547.036426596,21.984348742,Other,random,C2H_2,21.984350000,RC2_0046_ICR-3_p08
225.113277206,247.097626948,21.984349742,Other,random,C2H_2,21.984350000,RC2_0046_ICR-3_p08
301.165635589,323.149985331,21.984349742,Other,random,C2H_2,21.984350000,RC2_0046_ICR-3_p08
357.082591387,379.066941129,21.984349742,Other,random,C2H_2,21.984350000,RC2_0046_ICR-3_p08
399.129537022,421.113886764,21.984349742,Other,random,C2H_2,21.984350000,RC2_0046_ICR-3_p08
438.112042657,460.096392399,21.984349742,Other,random,C2H_2,21.984350000,RC2_0046_ICR-3_p08
337.178601821,359.162951562,21.984349742,Other,random,C2H_2,21.984350000,RC2_0046_ICR-3_p08
373.142194262,395.126544003,21.984349742,Other,random,C2H_2,21.984350000,RC2_0046_ICR-3_p08
423.196700929,445.181050670,21.984349742,Other,random,C2H_2,21.984350000,RC2_0046_ICR-3_p08
465.080369256,487.064718998,21.984349742,Other,random,C2H_2,21.984350000,RC2_0046_ICR-3_p08
289.157489528,311.141840270,21.984350742,Other,random,C2H_2,21.984350000,RC2_0046_ICR-3_p08
312.145129014,334.129479755,21.984350742,Other,random,C2H_2,21.984350000,RC2_0046_ICR-3_p08
413.194597358,435.178948099,21.984350742,Other,random,C2H_2,21.984350000,RC2_0046_ICR-3_p08
393.095526619,415.079877360,21.984350742,Other,random,C2H_2,21.984350000,RC2_0046_ICR-3_p08
545.215848318,567.200199060,21.984350742,Other,random,C2H_2,21.984350000,RC2_0046_ICR-3_p08
561.137917776,583.122268518,21.984350742,Other,random,C2H_2,21.984350000,RC2_0046_ICR-3_p08
571.057740696,593.042091438,21.984350742,Other,random,C2H_2,21.984350000,RC2_0046_ICR-3_p08
659.126020107,681.110370849,21.984350742,Other,random,C2H_2,21.984350000,RC2_0046_ICR-3_p08
489.067343503,511.051695244,21.984351742,Other,random,C2H_2,21.984350000,RC2_0046_ICR-3_p08
339.121490579,361.105842320,21.984351742,Other,random,C2H_2,21.984350000,RC2_0046_ICR-3_p08
345.191780828,367.176132570,21.984351742,Other,random,C2H_2,21.984350000,RC2_0046_ICR-3_p08
359.061871991,381.046223732,21.984351742,Other,random,C2H_2,21.984350000,RC2_0046_ICR-3_p08
370.072167285,392.056519026,21.984351742,Other,random,C2H_2,21.984350000,RC2_0046_ICR-3_p08
453.153074852,475.137426594,21.984351742,Other,random,C2H_2,21.984350000,RC2_0046_ICR-3_p08
477.189608888,499.173960630,21.984351742,Other,random,C2H_2,21.984350000,RC2_0046_ICR-3_p08
297.110920789,319.095273531,21.984352742,Other,random,C2H_2,21.984350000,RC2_0046_ICR-3_p08
263.092509097,285.076861838,21.984352742,Other,random,C2H_2,21.984350000,RC2_0046_ICR-3_p08
546.219392061,568.203744803,21.984352742,Other,random,C2H_2,21.984350000,RC2_0046_ICR-3_p08
321.025120344,343.009473086,21.984352742,Other,random,C2H_2,21.984350000,RC2_0046_ICR-3_p08
411.129493118,433.113845860,21.984352742,Other,random,C2H_2,21.984350000,RC2_0046_ICR-3_p08
572.126095164,594.110447906,21.984352742,Other,random,C2H_2,21.984350000,RC2_0046_ICR-3_p08
240.087779684,262.072133425,21.984353742,Other,random,C2H_2,21.984350000,RC2_0046_ICR-3_p08
327.072039693,349.056393435,21.984353742,Other,random,C2H_2,21.984350000,RC2_0046_ICR-3_p08
355.116234729,377.100588470,21.984353742,Other,random,C2H_2,21.984350000,RC2_0046_ICR-3_p08
363.157831616,385.142185357,21.984353742,Other,random,C2H_2,21.984350000,RC2_0046_ICR-3_p08
467.132325552,489.116679293,21.984353742,Other,random,C2H_2,21.984350000,RC2_0046_ICR-3_p08
359.126588716,381.110942458,21.984353742,Other,random,C2H_2,21.984350000,RC2_0046_ICR-3_p08
459.114232565,481.098586306,21.984353742,Other,random,C2H_2,21.984350000,RC2_0046_ICR-3_p08
535.145700036,557.130053778,21.984353742,Other,random,C2H_2,21.984350000,RC2_0046_ICR-3_p08
337.105749130,359.090102871,21.984353742,Other,random,C2H_2,21.984350000,RC2_0046_ICR-3_p08
663.193237854,685.177591595,21.984353742,Other,random,C2H_2,21.984350000,RC2_0046_ICR-3_p08
627.229546413,649.213901155,21.984354742,Other,random,C2H_2,21.984350000,RC2_0046_ICR-3_p08
319.085600572,341.069955313,21.984354742,Other,random,C2H_2,21.984350000,RC2_0046_ICR-3_p08
383.183962664,405.168317406,21.984354742,Other,random,C2H_2,21.984350000,RC2_0046_ICR-3_p08
491.205095434,513.189450176,21.984354742,Other,random,C2H_2,21.984350000,RC2_0046_ICR-3_p08
573.109874991,595.094229732,21.984354742,Other,random,C2H_2,21.984350000,RC2_0046_ICR-3_p08
277.071757796,299.056112538,21.984354742,Other,random,C2H_2,21.984350000,RC2_0046_ICR-3_p08
255.123817900,277.108173642,21.984355741,Other,random,C2H_2,21.984350000,RC2_0046_ICR-3_p08
321.134232882,343.118588623,21.984355741,Other,random,C2H_2,21.984350000,RC2_0046_ICR-3_p08
351.108281730,373.092637472,21.984355741,Other,random,C2H_2,21.984350000,RC2_0046_ICR-3_p08
351.175555445,373.159911187,21.984355741,Other,random,C2H_2,21.984350000,RC2_0046_ICR-3_p08
469.220739693,491.205095434,21.984355741,Other,random,C2H_2,21.984350000,RC2_0046_ICR-3_p08
505.098679497,527.083035239,21.984355741,Other,random,C2H_2,21.984350000,RC2_0046_ICR-3_p08
529.156284444,551.140640185,21.984355741,Other,random,C2H_2,21.984350000,RC2_0046_ICR-3_p08
557.078229998,579.062585739,21.984355741,Other,random,C2H_2,21.984350000,RC2_0046_ICR-3_p08
623.234623360,645.218979101,21.984355741,Other,random,C2H_2,21.984350000,RC2_0046_ICR-3_p08
311.088446496,333.072802238,21.984355741,Other,random,C2H_2,21.984350000,RC2_0046_ICR-3_p08
351.230545212,373.214900953,21.984355741,Other,random,C2H_2,21.984350000,RC2_0046_ICR-3_p08
407.111211164,429.095567905,21.984356741,Other,random,C2H_2,21.984350000,RC2_0046_ICR-3_p08
395.147674914,417.132031655,21.984356741,Other,random,C2H_2,21.984350000,RC2_0046_ICR-3_p08
333.097906131,355.082262873,21.984356741,Other,random,C2H_2,21.984350000,RC2_0046_ICR-3_p08
335.162930371,357.147287113,21.984356741,Other,random,C2H_2,21.984350000,RC2_0046_ICR-3_p08
371.098111933,393.082468674,21.984356741,Other,random,C2H_2,21.984350000,RC2_0046_ICR-3_p08
519.187110733,541.171467475,21.984356741,Other,random,C2H_2,21.984350000,RC2_0046_ICR-3_p08
253.071840605,275.056198346,21.984357741,Other,random,C2H_2,21.984350000,RC2_0046_ICR-3_p08
267.051077304,289.035435046,21.984357741,Other,random,C2H_2,21.984350000,RC2_0046_ICR-3_p08
349.069444379,371.053802121,21.984357741,Other,random,C2H_2,21.984350000,RC2_0046_ICR-3_p08
527.286219377,549.270577118,21.984357741,Other,random,C2H_2,21.984350000,RC2_0046_ICR-3_p08
531.171927893,553.156285635,21.984357741,Other,random,C2H_2,21.984350000,RC2_0046_ICR-3_p08
569.296809166,591.281166908,21.984357741,Other,random,C2H_2,21.984350000,RC2_0046_ICR-3_p08
257.066703658,279.051061400,21.984357741,Other,random,C2H_2,21.984350000,RC2_0046_ICR-3_p08
589.083643230,611.068000971,21.984357741,Other,random,C2H_2,21.984350000,RC2_0046_ICR-3_p08
407.092654243,429.077012984,21.984358741,Other,random,C2H_2,21.984350000,RC2_0046_ICR-3_p08
245.103118408,267.087477150,21.984358741,Other,random,C2H_2,21.984350000,RC2_0046_ICR-3_p08
247.118758858,269.103117600,21.984358741,Other,random,C2H_2,21.984350000,RC2_0046_ICR-3_p08
585.210914658,607.195273399,21.984358741,Other,random,C2H_2,21.984350000,RC2_0046_ICR-3_p08
397.186577264,419.170937006,21.984359741,Other,random,C2H_2,21.984350000,RC2_0046_ICR-3_p08
309.097848940,331.082208682,21.984359741,Other,random,C2H_2,21.984350000,RC2_0046_ICR-3_p08
325.178561725,347.162921467,21.984359741,Other,random,C2H_2,21.984350000,RC2_0046_ICR-3_p08
335.113467581,357.097827323,21.984359741,Other,random,C2H_2,21.984350000,RC2_0046_ICR-3_p08
365.087635429,387.071995171,21.984359741,Other,random,C2H_2,21.984350000,RC2_0046_ICR-3_p08
465.098161181,487.082520922,21.984359741,Other,random,C2H_2,21.984350000,RC2_0046_ICR-3_p08
505.207650035,527.192009776,21.984359741,Other,random,C2H_2,21.984350000,RC2_0046_ICR-3_p08
511.210291571,533.215762223,22.005470652,Other,random,C_1H2O2,22.005480000,RC2_0046_ICR-3_p08
527.132518029,549.137988681,22.005470652,Other,random,C_1H2O2,22.005480000,RC2_0046_ICR-3_p08
607.166828520,629.172299172,22.005470652,Other,random,C_1H2O2,22.005480000,RC2_0046_ICR-3_p08
304.046170370,326.051641022,22.005470652,Other,random,C_1H2O2,22.005480000,RC2_0046_ICR-3_p08
371.199368503,393.204839155,22.005470652,Other,random,C_1H2O2,22.005480000,RC2_0046_ICR-3_p08
555.163629120,577.169099772,22.005470652,Other,random,C_1H2O2,22.005480000,RC2_0046_ICR-3_p08
657.182635351,679.188106003,22.005470652,Other,random,C_1H2O2,22.005480000,RC2_0046_ICR-3_p08
346.056768159,368.062239811,22.005471652,Other,random,C_1H2O2,22.005480000,RC2_0046_ICR-3_p08
353.079638368,375.085110020,22.005471652,Other,random,C_1H2O2,22.005480000,RC2_0046_ICR-3_p08
507.186936639,529.192408291,22.005471652,Other,random,C_1H2O2,22.005480000,RC2_0046_ICR-3_p08
251.092527001,273.097998653,22.005471652,Other,random,C_1H2O2,22.005480000,RC2_0046_ICR-3_p08
341.079649272,363.085120924,22.005471652,Other,random,C_1H2O2,22.005480000,RC2_0046_ICR-3_p08
233.009237711,255.014709363,22.005471652,Other,random,C_1H2O2,22.005480000,RC2_0046_ICR-3_p08
369.183644054,391.189115706,22.005471652,Other,random,C_1H2O2,22.005480000,RC2_0046_ICR-3_p08
371.053802121,393.059273773,22.005471652,Other,random,C_1H2O2,22.005480000,RC2_0046_ICR-3_p08
413.014801121,435.020272772,22.005471652,Other,random,C_1H2O2,22.005480000,RC2_0046_ICR-3_p08
631.276468246,653.281939898,22.005471652,Other,random,C_1H2O2,22.005480000,RC2_0046_ICR-3_p08
453.131953942,475.137426594,22.005472652,Other,random,C_1H2O2,22.005480000,RC2_0046_ICR-3_p08
377.124064370,399.129537022,22.005472652,Other,random,C_1H2O2,22.005480000,RC2_0046_ICR-3_p08
427.066768512,449.072241163,22.005472652,Other,random,C_1H2O2,22.005480000,RC2_0046_ICR-3_p08
313.048325182,335.053797834,22.005472652,Other,random,C_1H2O2,22.005480000,RC2_0046_ICR-3_p08
589.120006075,611.125479727,22.005473652,Other,random,C_1H2O2,22.005480000,RC2_0046_ICR-3_p08
363.157831616,385.163305268,22.005473652,Other,random,C_1H2O2,22.005480000,RC2_0046_ICR-3_p08
249.040480706,271.045954358,22.005473652,Other,random,C_1H2O2,22.005480000,RC2_0046_ICR-3_p08
319.118653432,341.124127084,22.005473652,Other,random,C_1H2O2,22.005480000,RC2_0046_ICR-3_p08
357.183505959,379.188979611,22.005473652,Other,random,C_1H2O2,22.005480000,RC2_0046_ICR-3_p08
403.152739956,425.158213608,22.005473652,Other,random,C_1H2O2,22.005480000,RC2_0046_ICR-3_p08
483.215310327,505.220783979,22.005473652,Other,random,C_1H2O2,22.005480000,RC2_0046_ICR-3_p08
519.150732888,541.156207540,22.005474652,Other,random,C_1H2O2,22.005480000,RC2_0046_ICR-3_p08
231.029927108,253.035401759,22.005474652,Other,random,C_1H2O2,22.005480000,RC2_0046_ICR-3_p08
387.139235886,409.144710538,22.005474652,Other,random,C_1H2O2,22.005480000,RC2_0046_ICR-3_p08
267.123774996,289.129249648,22.005474652,Other,random,C_1H2O2,22.005480000,RC2_0046_ICR-3_p08
403.103167166,425.108641818,22.005474652,Other,random,C_1H2O2,22.005480000,RC2_0046_ICR-3_p08
577.156235826,599.161710478,22.005474652,Other,random,C_1H2O2,22.005480000,RC2_0046_ICR-3_p08
387.157810807,409.163286459,22.005475652,Other,random,C_1H2O2,22.005480000,RC2_0046_ICR-3_p08
541.062388938,563.067864590,22.005475652,Other,random,C_1H2O2,22.005480000,RC2_0046_ICR-3_p08
279.123766092,301.129241743,22.005475652,Other,random,C_1H2O2,22.005480000,RC2_0046_ICR-3_p08
315.087331533,337.092807185,22.005475652,Other,random,C_1H2O2,22.005480000,RC2_0046_ICR-3_p08
333.089844165,355.095319817,22.005475652,Other,random,C_1H2O2,22.005480000,RC2_0046_ICR-3_p08
499.197219531,521.202695183,22.005475652,Other,random,C_1H2O2,22.005480000,RC2_0046_ICR-3_p08
471.251820077,493.257296729,22.005476652,Other,random,C_1H2O2,22.005480000,RC2_0046_ICR-3_p08
255.123817900,277.129294552,22.005476652,Other,random,C_1H2O2,22.005480000,RC2_0046_ICR-3_p08
271.024766448,293.030243100,22.005476652,Other,random,C_1H2O2,22.005480000,RC2_0046_ICR-3_p08
533.129930587,555.135407239,22.005476652,Other,random,C_1H2O2,22.005480000,RC2_0046_ICR-3_p08
441.046034211,463.051510863,22.005476652,Other,random,C_1H2O2,22.005480000,RC2_0046_ICR-3_p08
371.144298737,393.149776389,22.005477652,Other,random,C_1H2O2,22.005480000,RC2_0046_ICR-3_p08
537.225969212,559.231446864,22.005477652,Other,random,C_1H2O2,22.005480000,RC2_0046_ICR-3_p08
361.142055167,383.147532819,22.005477652,Other,random,C_1H2O2,22.005480000,RC2_0046_ICR-3_p08
487.233753281,509.239230933,22.005477652,Other,random,C_1H2O2,22.005480000,RC2_0046_ICR-3_p08
493.163441127,515.168918779,22.005477652,Other,random,C_1H2O2,22.005480000,RC2_0046_ICR-3_p08
293.066606945,315.072085597,22.005478652,Other,random,C_1H2O2,22.005480000,RC2_0046_ICR-3_p08
385.165540258,407.171018910,22.005478652,Other,random,C_1H2O2,22.005480000,RC2_0046_ICR-3_p08
389.173465256,411.178943908,22.005478652,Other,random,C_1H2O2,22.005480000,RC2_0046_ICR-3_p08
533.093617741,555.099096393,22.005478652,Other,random,C_1H2O2,22.005480000,RC2_0046_ICR-3_p08
347.107888700,369.113367352,22.005478652,Other,random,C_1H2O2,22.005480000,RC2_0046_ICR-3_p08
463.087943708,485.093422360,22.005478652,Other,random,C_1H2O2,22.005480000,RC2_0046_ICR-3_p08
345.061361382,367.066841034,22.005479652,Other,random,C_1H2O2,22.005480000,RC2_0046_ICR-3_p08
297.061587999,319.067067651,22.005479652,Other,random,C_1H2O2,22.005480000,RC2_0046_ICR-3_p08
355.204403355,377.209883006,22.005479652,Other,random,C_1H2O2,22.005480000,RC2_0046_ICR-3_p08
272.077519982,294.083000634,22.005480652,Other,random,C_1H2O2,22.005480000,RC2_0046_ICR-3_p08
387.108221017,409.113701669,22.005480652,Other,random,C_1H2O2,22.005480000,RC2_0046_ICR-3_p08
525.225938116,547.231418768,22.005480652,Other,random,C_1H2O2,22.005480000,RC2_0046_ICR-3_p08
373.142194262,395.147674914,22.005480652,Other,random,C_1H2O2,22.005480000,RC2_0046_ICR-3_p08
453.204700633,475.210181285,22.005480652,Other,random,C_1H2O2,22.005480000,RC2_0046_ICR-3_p08
617.223935857,639.229416509,22.005480652,Other,random,C_1H2O2,22.005480000,RC2_0046_ICR-3_p08
225.113277206,247.118758858,22.005481652,Other,random,C_1H2O2,22.005480000,RC2_0046_ICR-3_p08
249.113295397,271.118777049,22.005481652,Other,random,C_1H2O2,22.005480000,RC2_0046_ICR-3_p08
299.186352985,321.191834637,22.005481652,Other,random,C_1H2O2,22.005480000,RC2_0046_ICR-3_p08
359.040742081,381.046223732,22.005481652,Other,random,C_1H2O2,22.005480000,RC2_0046_ICR-3_p08
391.189115706,413.194597358,22.005481652,Other,random,C_1H2O2,22.005480000,RC2_0046_ICR-3_p08
415.189012897,437.194494549,22.005481652,Other,random,C_1H2O2,22.005480000,RC2_0046_ICR-3_p08
451.160809304,473.166290956,22.005481652,Other,random,C_1H2O2,22.005480000,RC2_0046_ICR-3_p08
459.178979290,481.184460942,22.005481652,Other,random,C_1H2O2,22.005480000,RC2_0046_ICR-3_p08
481.135014152,503.140495804,22.005481652,Other,random,C_1H2O2,22.005480000,RC2_0046_ICR-3_p08
481.199734877,503.205216529,22.005481652,Other,random,C_1H2O2,22.005480000,RC2_0046_ICR-3_p08
513.067230694,535.072712346,22.005481652,Other,random,C_1H2O2,22.005480000,RC2_0046_ICR-3_p08
505.207650035,527.213131687,22.005481652,Other,random,C_1H2O2,22.005480000,RC2_0046_ICR-3_p08
329.066555232,351.072037884,22.005482652,Other,random,C_1H2O2,22.005480000,RC2_0046_ICR-3_p08
579.099126584,601.104609236,22.005482652,Other,random,C_1H2O2,22.005480000,RC2_0046_ICR-3_p08
286.093204527,308.098687179,22.005482652,Other,random,C_1H2O2,22.005480000,RC2_0046_ICR-3_p08
417.204763347,439.210246998,22.005483652,Other,random,C_1H2O2,22.005480000,RC2_0046_ICR-3_p08
529.207768225,551.213251877,22.005483652,Other,random,C_1H2O2,22.005480000,RC2_0046_ICR-3_p08
569.093820027,591.099303679,22.005483652,Other,random,C_1H2O2,22.005480000,RC2_0046_ICR-3_p08
329.152296869,351.157780520,22.005483652,Other,random,C_1H2O2,22.005480000,RC2_0046_ICR-3_p08
421.113886764,443.119370416,22.005483652,Other,random,C_1H2O2,22.005480000,RC2_0046_ICR-3_p08
435.129413309,457.134896961,22.005483652,Other,random,C_1H2O2,22.005480000,RC2_0046_ICR-3_p08
449.194453645,471.199937297,22.005483652,Other,random,C_1H2O2,22.005480000,RC2_0046_ICR-3_p08
459.165831346,481.171314998,22.005483652,Other,random,C_1H2O2,22.005480000,RC2_0046_ICR-3_p08
373.019866781,395.025350432,22.005483652,Other,random,C_1H2O2,22.005480000,RC2_0046_ICR-3_p08
523.210363667,545.215848318,22.005484652,Other,random,C_1H2O2,22.005480000,RC2_0046_ICR-3_p08
303.098712389,325.104197041,22.005484652,Other,random,C_1H2O2,22.005480000,RC2_0046_ICR-3_p08
307.118609336,329.124093988,22.005484652,Other,random,C_1H2O2,22.005480000,RC2_0046_ICR-3_p08
327.063959727,349.069444379,22.005484652,Other,random,C_1H2O2,22.005480000,RC2_0046_ICR-3_p08
429.009854269,451.015338921,22.005484652,Other,random,C_1H2O2,22.005480000,RC2_0046_ICR-3_p08
445.199672591,467.205157243,22.005484652,Other,random,C_1H2O2,22.005480000,RC2_0046_ICR-3_p08
239.056148060,261.061632712,22.005484652,Other,random,C_1H2O2,22.005480000,RC2_0046_ICR-3_p08
571.036606786,593.042091438,22.005484652,Other,random,C_1H2O2,22.005480000,RC2_0046_ICR-3_p08
625.192893053,647.198377705,22.005484652,Other,random,C_1H2O2,22.005480000,RC2_0046_ICR-3_p08
249.149643243,271.155127895,22.005484652,Other,random,C_1H2O2,22.005480000,RC2_0046_ICR-3_p08
387.175505732,409.180991384,22.005485652,Other,random,C_1H2O2,22.005480000,RC2_0046_ICR-3_p08
267.066336240,289.071821892,22.005485652,Other,random,C_1H2O2,22.005480000,RC2_0046_ICR-3_p08
287.105496233,309.110981885,22.005485652,Other,random,C_1H2O2,22.005480000,RC2_0046_ICR-3_p08
471.165773442,493.171259094,22.005485652,Other,random,C_1H2O2,22.005480000,RC2_0046_ICR-3_p08
309.061506094,331.066992746,22.005486652,Other,random,C_1H2O2,22.005480000,RC2_0046_ICR-3_p08
395.126544003,417.132031655,22.005487652,Other,random,C_1H2O2,22.005480000,RC2_0046_ICR-3_p08
585.088684176,607.094171828,22.005487652,Other,random,C_1H2O2,22.005480000,RC2_0046_ICR-3_p08
335.077103735,357.082591387,22.005487652,Other,random,C_1H2O2,22.005480000,RC2_0046_ICR-3_p08
339.100354669,361.105842320,22.005487652,Other,random,C_1H2O2,22.005480000,RC2_0046_ICR-3_p08
449.217818546,471.223306198,22.005487652,Other,random,C_1H2O2,22.005480000,RC2_0046_ICR-3_p08
457.113785051,479.119272703,22.005487652,Other,random,C_1H2O2,22.005480000,RC2_0046_ICR-3_p08
499.124478840,521.129966492,22.005487652,Other,random,C_1H2O2,22.005480000,RC2_0046_ICR-3_p08
505.135038343,527.140525995,22.005487652,Other,random,C_1H2O2,22.005480000,RC2_0046_ICR-3_p08
287.069136387,309.074625039,22.005488652,Other,random,C_1H2O2,22.005480000,RC2_0046_ICR-3_p08
423.129399214,445.134887866,22.005488652,Other,random,C_1H2O2,22.005480000,RC2_0046_ICR-3_p08
569.166461719,591.171950371,22.005488652,Other,random,C_1H2O2,22.005480000,RC2_0046_ICR-3_p08
237.040534610,259.046023262,22.005488652,Other,random,C_1H2O2,22.005480000,RC2_0046_ICR-3_p08
291.014658650,313.020148302,22.005489652,Other,random,C_1H2O2,22.005480000,RC2_0046_ICR-3_p08
407.171018910,429.176508562,22.005489652,Other,random,C_1H2O2,22.005480000,RC2_0046_ICR-3_p08
427.134113226,449.139602878,22.005489652,Other,random,C_1H2O2,22.005480000,RC2_0046_ICR-3_p08
469.144618016,491.150107667,22.005489652,Other,random,C_1H2O2,22.005480000,RC2_0046_ICR-3_p08
479.119272703,501.124762355,22.005489652,Other,random,C_1H2O2,22.005480000,RC2_0046_ICR-3_p08
567.041677732,589.047167384,22.005489652,Other,random,C_1H2O2,22.005480000,RC2_0046_ICR-3_p08
519.236543524,541.257269111,22.020725587,Other,random,C3H2O_1,22.020735000,RC2_0046_ICR-3_p08
567.171945180,589.192670767,22.020725587,Other,random,C3H2O_1,22.020735000,RC2_0046_ICR-3_p08
477.080336352,499.101061939,22.020725587,Other,random,C3H2O_1,22.020735000,RC2_0046_ICR-3_p08
529.220683171,551.241408758,22.020725587,Other,random,C3H2O_1,22.020735000,RC2_0046_ICR-3_p08
551.176987031,573.197712618,22.020725587,Other,random,C3H2O_1,22.020735000,RC2_0046_ICR-3_p08
305.160566642,327.181293230,22.020726587,Other,random,C3H2O_1,22.020735000,RC2_0046_ICR-3_p08
355.066835938,377.087562525,22.020726587,Other,random,C3H2O_1,22.020735000,RC2_0046_ICR-3_p08
519.091077141,541.111803728,22.020726587,Other,random,C3H2O_1,22.020735000,RC2_0046_ICR-3_p08
539.262806572,561.283533159,22.020726587,Other,random,C3H2O_1,22.020735000,RC2_0046_ICR-3_p08
667.152335059,689.173061646,22.020726587,Other,random,C3H2O_1,22.020735000,RC2_0046_ICR-3_p08
369.149696198,391.170422785,22.020726587,Other,random,C3H2O_1,22.020735000,RC2_0046_ICR-3_p08
421.077501918,443.098228505,22.020726587,Other,random,C3H2O_1,22.020735000,RC2_0046_ICR-3_p08
259.082346108,281.103072695,22.020726587,Other,random,C3H2O_1,22.020735000,RC2_0046_ICR-3_p08
311.149873236,333.170599823,22.020726587,Other,random,C3H2O_1,22.020735000,RC2_0046_ICR-3_p08
347.098198741,369.118926329,22.020727587,Other,random,C3H2O_1,22.020735000,RC2_0046_ICR-3_p08
305.066572041,327.087299628,22.020727587,Other,random,C3H2O_1,22.020735000,RC2_0046_ICR-3_p08
457.163258841,479.183986428,22.020727587,Other,random,C3H2O_1,22.020735000,RC2_0046_ICR-3_p08
531.114133139,553.134860726,22.020727587,Other,random,C3H2O_1,22.020735000,RC2_0046_ICR-3_p08
561.161306677,583.182034264,22.020727587,Other,random,C3H2O_1,22.020735000,RC2_0046_ICR-3_p08
509.202722088,531.223449675,22.020727587,Other,random,C3H2O_1,22.020735000,RC2_0046_ICR-3_p08
447.069611659,469.090340246,22.020728587,Other,random,C3H2O_1,22.020735000,RC2_0046_ICR-3_p08
567.208328026,589.229056613,22.020728587,Other,random,C3H2O_1,22.020735000,RC2_0046_ICR-3_p08
243.087497959,265.108226546,22.020728587,Other,random,C3H2O_1,22.020735000,RC2_0046_ICR-3_p08
345.147339017,367.168067604,22.020728587,Other,random,C3H2O_1,22.020735000,RC2_0046_ICR-3_p08
267.123774996,289.144503583,22.020728587,Other,random,C3H2O_1,22.020735000,RC2_0046_ICR-3_p08
450.039211062,472.059939649,22.020728587,Other,random,C3H2O_1,22.020735000,RC2_0046_ICR-3_p08
639.157110816,661.177839403,22.020728587,Other,random,C3H2O_1,22.020735000,RC2_0046_ICR-3_p08
586.141455710,608.162185298,22.020729587,Other,random,C3H2O_1,22.020735000,RC2_0046_ICR-3_p08
359.025494145,381.046223732,22.020729587,Other,random,C3H2O_1,22.020735000,RC2_0046_ICR-3_p08
359.098219837,381.118949424,22.020729587,Other,random,C3H2O_1,22.020735000,RC2_0046_ICR-3_p08
313.092737994,335.113467581,22.020729587,Other,random,C3H2O_1,22.020735000,RC2_0046_ICR-3_p08
361.105842320,383.126572908,22.020730587,Other,random,C3H2O_1,22.020735000,RC2_0046_ICR-3_p08
431.155737166,453.176467753,22.020730587,Other,random,C3H2O_1,22.020735000,RC2_0046_ICR-3_p08
465.103658158,487.124388745,22.020730587,Other,random,C3H2O_1,22.020735000,RC2_0046_ICR-3_p08
471.223306198,493.244036785,22.020730587,Other,random,C3H2O_1,22.020735000,RC2_0046_ICR-3_p08
528.070904048,550.091634635,22.020730587,Other,random,C3H2O_1,22.020735000,RC2_0046_ICR-3_p08
561.210829467,583.231560054,22.020730587,Other,random,C3H2O_1,22.020735000,RC2_0046_ICR-3_p08
361.142055167,383.162785754,22.020730587,Other,random,C3H2O_1,22.020735000,RC2_0046_ICR-3_p08
519.127410987,541.148142574,22.020731587,Other,random,C3H2O_1,22.020735000,RC2_0046_ICR-3_p08
351.035667038,373.056398626,22.020731587,Other,random,C3H2O_1,22.020735000,RC2_0046_ICR-3_p08
381.076867602,403.097599190,22.020731587,Other,random,C3H2O_1,22.020735000,RC2_0046_ICR-3_p08
531.208337739,553.229069326,22.020731587,Other,random,C3H2O_1,22.020735000,RC2_0046_ICR-3_p08
345.046108446,367.066841034,22.020732587,Other,random,C3H2O_1,22.020735000,RC2_0046_ICR-3_p08
261.004080956,283.024814543,22.020733587,Other,random,C3H2O_1,22.020735000,RC2_0046_ICR-3_p08
551.140640185,573.161373772,22.020733587,Other,random,C3H2O_1,22.020735000,RC2_0046_ICR-3_p08
337.069369284,359.090102871,22.020733587,Other,random,C3H2O_1,22.020735000,RC2_0046_ICR-3_p08
349.178634916,371.199368503,22.020733587,Other,random,C3H2O_1,22.020735000,RC2_0046_ICR-3_p08
353.051312488,375.072046075,22.020733587,Other,random,C3H2O_1,22.020735000,RC2_0046_ICR-3_p08
364.030858912,386.051592500,22.020733587,Other,random,C3H2O_1,22.020735000,RC2_0046_ICR-3_p08
525.088482700,547.109216287,22.020733587,Other,random,C3H2O_1,22.020735000,RC2_0046_ICR-3_p08
325.142186880,347.162921467,22.020734587,Other,random,C3H2O_1,22.020735000,RC2_0046_ICR-3_p08
519.150732888,541.171467475,22.020734587,Other,random,C3H2O_1,22.020735000,RC2_0046_ICR-3_p08
269.139482445,291.160217032,22.020734587,Other,random,C3H2O_1,22.020735000,RC2_0046_ICR-3_p08
331.176140283,353.196874871,22.020734587,Other,random,C3H2O_1,22.020735000,RC2_0046_ICR-3_p08
361.033077629,383.053812216,22.020734587,Other,random,C3H2O_1,22.020735000,RC2_0046_ICR-3_p08
239.092551906,261.113287493,22.020735587,Other,random,C3H2O_1,22.020735000,RC2_0046_ICR-3_p08
275.150012948,297.170748536,22.020735587,Other,random,C3H2O_1,22.020735000,RC2_0046_ICR-3_p08
373.077404537,395.098140124,22.020735587,Other,random,C3H2O_1,22.020735000,RC2_0046_ICR-3_p08
423.160315083,445.181050670,22.020735587,Other,random,C3H2O_1,22.020735000,RC2_0046_ICR-3_p08
561.174342622,583.195078209,22.020735587,Other,random,C3H2O_1,22.020735000,RC2_0046_ICR-3_p08
491.059639051,513.080374638,22.020735587,Other,random,C3H2O_1,22.020735000,RC2_0046_ICR-3_p08
643.188244716,665.208980303,22.020735587,Other,random,C3H2O_1,22.020735000,RC2_0046_ICR-3_p08
371.129039802,393.149776389,22.020736587,Other,random,C3H2O_1,22.020735000,RC2_0046_ICR-3_p08
497.093558455,519.114295042,22.020736587,Other,random,C3H2O_1,22.020735000,RC2_0046_ICR-3_p08
339.194194270,361.214930858,22.020736587,Other,random,C3H2O_1,22.020735000,RC2_0046_ICR-3_p08
347.107888700,369.128625287,22.020736587,Other,random,C3H2O_1,22.020735000,RC2_0046_ICR-3_p08
460.117413309,482.138149897,22.020736587,Other,random,C3H2O_1,22.020735000,RC2_0046_ICR-3_p08
519.114295042,541.135031629,22.020736587,Other,random,C3H2O_1,22.020735000,RC2_0046_ICR-3_p08
393.113413543,415.134151130,22.020737587,Other,random,C3H2O_1,22.020735000,RC2_0046_ICR-3_p08
229.035456568,251.056194155,22.020737587,Other,random,C3H2O_1,22.020735000,RC2_0046_ICR-3_p08
257.139447350,279.160184937,22.020737587,Other,random,C3H2O_1,22.020735000,RC2_0046_ICR-3_p08
353.124102179,375.144839766,22.020737587,Other,random,C3H2O_1,22.020735000,RC2_0046_ICR-3_p08
543.163834023,565.184571610,22.020737587,Other,random,C3H2O_1,22.020735000,RC2_0046_ICR-3_p08
272.077519982,294.098257569,22.020737587,Other,random,C3H2O_1,22.020735000,RC2_0046_ICR-3_p08
597.255355565,619.276094152,22.020738587,Other,random,C3H2O_1,22.020735000,RC2_0046_ICR-3_p08
325.129161935,347.149900522,22.020738587,Other,random,C3H2O_1,22.020735000,RC2_0046_ICR-3_p08
549.137988681,571.158727268,22.020738587,Other,random,C3H2O_1,22.020735000,RC2_0046_ICR-3_p08
315.100302478,337.121042065,22.020739587,Other,random,C3H2O_1,22.020735000,RC2_0046_ICR-3_p08
335.004389044,357.025128631,22.020739587,Other,random,C3H2O_1,22.020735000,RC2_0046_ICR-3_p08
337.092807185,359.113546772,22.020739587,Other,random,C3H2O_1,22.020735000,RC2_0046_ICR-3_p08
315.181166135,337.201905722,22.020739587,Other,random,C3H2O_1,22.020735000,RC2_0046_ICR-3_p08
565.205560521,587.226300108,22.020739587,Other,random,C3H2O_1,22.020735000,RC2_0046_ICR-3_p08
363.121444770,385.142185357,22.020740587,Other,random,C3H2O_1,22.020735000,RC2_0046_ICR-3_p08
307.118609336,329.139349923,22.020740587,Other,random,C3H2O_1,22.020735000,RC2_0046_ICR-3_p08
335.134607491,357.155348079,22.020740587,Other,random,C3H2O_1,22.020735000,RC2_0046_ICR-3_p08
405.131978560,427.152719147,22.020740587,Other,random,C3H2O_1,22.020735000,RC2_0046_ICR-3_p08
531.200252773,553.220993360,22.020740587,Other,random,C3H2O_1,22.020735000,RC2_0046_ICR-3_p08
597.109830182,619.130570769,22.020740587,Other,random,C3H2O_1,22.020735000,RC2_0046_ICR-3_p08
395.092647147,417.113388734,22.020741587,Other,random,C3H2O_1,22.020735000,RC2_0046_ICR-3_p08
487.137476689,509.158218276,22.020741587,Other,random,C3H2O_1,22.020735000,RC2_0046_ICR-3_p08
396.106375847,418.127117434,22.020741587,Other,random,C3H2O_1,22.020735000,RC2_0046_ICR-3_p08
653.245424053,675.266165640,22.020741587,Other,random,C3H2O_1,22.020735000,RC2_0046_ICR-3_p08
489.233974796,511.254716383,22.020741587,Other,random,C3H2O_1,22.020735000,RC2_0046_ICR-3_p08
421.090579863,443.111322450,22.020742587,Other,random,C3H2O_1,22.020735000,RC2_0046_ICR-3_p08
641.136231420,663.156974008,22.020742587,Other,random,C3H2O_1,22.020735000,RC2_0046_ICR-3_p08
393.168270310,415.189012897,22.020742587,Other,random,C3H2O_1,22.020735000,RC2_0046_ICR-3_p08
307.009491799,329.030234386,22.020742587,Other,random,C3H2O_1,22.020735000,RC2_0046_ICR-3_p08
443.147604296,465.168346883,22.020742587,Other,random,C3H2O_1,22.020735000,RC2_0046_ICR-3_p08
577.156235826,599.176978413,22.020742587,Other,random,C3H2O_1,22.020735000,RC2_0046_ICR-3_p08
283.131711090,305.152454677,22.020743587,Other,random,C3H2O_1,22.020735000,RC2_0046_ICR-3_p08
301.129241743,323.149985331,22.020743587,Other,random,C3H2O_1,22.020735000,RC2_0046_ICR-3_p08
519.054662295,541.075405882,22.020743587,Other,random,C3H2O_1,22.020735000,RC2_0046_ICR-3_p08
555.171803085,577.192546672,22.020743587,Other,random,C3H2O_1,22.020735000,RC2_0046_ICR-3_p08
373.041077691,395.061821278,22.020743587,Other,random,C3H2O_1,22.020735000,RC2_0046_ICR-3_p08
333.110888076,355.131632663,22.020744587,Other,random,C3H2O_1,22.020735000,RC2_0046_ICR-3_p08
369.082489483,391.103234070,22.020744587,Other,random,C3H2O_1,22.020735000,RC2_0046_ICR-3_p08
267.051077304,289.071821892,22.020744587,Other,random,C3H2O_1,22.020735000,RC2_0046_ICR-3_p08
324.036023572,346.056768159,22.020744587,Other,random,C3H2O_1,22.020735000,RC2_0046_ICR-3_p08
381.168273215,403.189017802,22.020744587,Other,random,C3H2O_1,22.020735000,RC2_0046_ICR-3_p08
391.066942224,413.087686811,22.020744587,Other,random,C3H2O_1,22.020735000,RC2_0046_ICR-3_p08
393.082468674,415.103213261,22.020744587,Other,random,C3H2O_1,22.020735000,RC2_0046_ICR-3_p08
397.077311728,419.098056315,22.020744587,Other,random,C3H2O_1,22.020735000,RC2_0046_ICR-3_p08
421.126859709,443.147604296,22.020744587,Other,random,C3H2O_1,22.020735000,RC2_0046_ICR-3_p08
424.088423146,446.109167733,22.020744587,Other,random,C3H2O_1,22.020735000,RC2_0046_ICR-3_p08
535.122392135,557.143136722,22.020744587,Other,random,C3H2O_1,22.020735000,RC2_0046_ICR-3_p08
551.213251877,575.176857223,23.963605345,Other,random,CH_4O,23.963615000,RC2_0046_ICR-3_p08
245.139512254,269.103117600,23.963605345,Other,random,CH_4O,23.963615000,RC2_0046_ICR-3_p08
309.097848940,333.061454286,23.963605345,Other,random,CH_4O,23.963615000,RC2_0046_ICR-3_p08
328.067288471,352.030893817,23.963605345,Other,random,CH_4O,23.963615000,RC2_0046_ICR-3_p08
377.154835240,401.118440585,23.963605345,Other,random,CH_4O,23.963615000,RC2_0046_ICR-3_p08
379.116250920,403.079856265,23.963605345,Other,random,CH_4O,23.963615000,RC2_0046_ICR-3_p08
389.100660565,413.064265911,23.963605345,Other,random,CH_4O,23.963615000,RC2_0046_ICR-3_p08
424.088423146,448.052028491,23.963605345,Other,random,CH_4O,23.963615000,RC2_0046_ICR-3_p08
437.212317474,461.175922819,23.963605345,Other,random,CH_4O,23.963615000,RC2_0046_ICR-3_p08
440.127796106,464.091401452,23.963605345,Other,random,CH_4O,23.963615000,RC2_0046_ICR-3_p08
611.161970572,635.125575918,23.963605345,Other,random,CH_4O,23.963615000,RC2_0046_ICR-3_p08
423.106006313,447.069611659,23.963605345,Other,random,CH_4O,23.963615000,RC2_0046_ICR-3_p08
537.270531023,561.234137368,23.963606345,Other,random,CH_4O,23.963615000,RC2_0046_ICR-3_p08
355.170504498,379.134110844,23.963606345,Other,random,CH_4O,23.963615000,RC2_0046_ICR-3_p08
473.093450265,497.057056610,23.963606345,Other,random,CH_4O,23.963615000,RC2_0046_ICR-3_p08
319.103353497,343.066959842,23.963606345,Other,random,CH_4O,23.963615000,RC2_0046_ICR-3_p08
444.122549160,468.086155506,23.963606345,Other,random,CH_4O,23.963615000,RC2_0046_ICR-3_p08
363.230550307,387.194157653,23.963607345,Other,random,CH_4O,23.963615000,RC2_0046_ICR-3_p08
431.061771565,455.025378910,23.963607345,Other,random,CH_4O,23.963615000,RC2_0046_ICR-3_p08
522.255784716,546.219392061,23.963607345,Other,random,CH_4O,23.963615000,RC2_0046_ICR-3_p08
528.143606740,552.107214085,23.963607345,Other,random,CH_4O,23.963615000,RC2_0046_ICR-3_p08
321.061516190,345.025123535,23.963607345,Other,random,CH_4O,23.963615000,RC2_0046_ICR-3_p08
371.129039802,395.092647147,23.963607345,Other,random,CH_4O,23.963615000,RC2_0046_ICR-3_p08
335.126495526,359.090102871,23.963607345,Other,random,CH_4O,23.963615000,RC2_0046_ICR-3_p08
461.129815015,485.093422360,23.963607345,Other,random,CH_4O,23.963615000,RC2_0046_ICR-3_p08
489.103623349,513.067230694,23.963607345,Other,random,CH_4O,23.963615000,RC2_0046_ICR-3_p08
505.135038343,529.098645688,23.963607345,Other,random,CH_4O,23.963615000,RC2_0046_ICR-3_p08
417.103659775,441.067268121,23.963608345,Other,random,CH_4O,23.963615000,RC2_0046_ICR-3_p08
453.153074852,477.116683198,23.963608345,Other,random,CH_4O,23.963615000,RC2_0046_ICR-3_p08
263.150014853,287.113623198,23.963608345,Other,random,CH_4O,23.963615000,RC2_0046_ICR-3_p08
409.150237514,433.113845860,23.963608345,Other,random,CH_4O,23.963615000,RC2_0046_ICR-3_p08
591.281166908,615.244775253,23.963608345,Other,random,CH_4O,23.963615000,RC2_0046_ICR-3_p08
225.040542515,249.004150860,23.963608345,Other,random,CH_4O,23.963615000,RC2_0046_ICR-3_p08
395.184015759,419.147624105,23.963608345,Other,random,CH_4O,23.963615000,RC2_0046_ICR-3_p08
513.270442832,537.234052178,23.963609345,Other,random,CH_4O,23.963615000,RC2_0046_ICR-3_p08
531.135487048,555.099096393,23.963609345,Other,random,CH_4O,23.963615000,RC2_0046_ICR-3_p08
239.165338597,263.128947942,23.963609345,Other,random,CH_4O,23.963615000,RC2_0046_ICR-3_p08
381.149691294,405.113300639,23.963609345,Other,random,CH_4O,23.963615000,RC2_0046_ICR-3_p08
533.129930587,557.093540933,23.963610345,Other,random,CH_4O,23.963615000,RC2_0046_ICR-3_p08
233.066774467,257.030384813,23.963610345,Other,random,CH_4O,23.963615000,RC2_0046_ICR-3_p08
239.092551906,263.056162251,23.963610345,Other,random,CH_4O,23.963615000,RC2_0046_ICR-3_p08
305.124146797,329.087757142,23.963610345,Other,random,CH_4O,23.963615000,RC2_0046_ICR-3_p08
343.066959842,367.030570187,23.963610345,Other,random,CH_4O,23.963615000,RC2_0046_ICR-3_p08
361.142055167,385.105665512,23.963610345,Other,random,CH_4O,23.963615000,RC2_0046_ICR-3_p08
443.147604296,467.111214641,23.963610345,Other,random,CH_4O,23.963615000,RC2_0046_ICR-3_p08
573.125134926,597.088745272,23.963610345,Other,random,CH_4O,23.963615000,RC2_0046_ICR-3_p08
335.235644063,359.199255408,23.963611345,Other,random,CH_4O,23.963615000,RC2_0046_ICR-3_p08
399.056783331,423.020394676,23.963611345,Other,random,CH_4O,23.963615000,RC2_0046_ICR-3_p08
463.155252423,487.118863768,23.963611345,Other,random,CH_4O,23.963615000,RC2_0046_ICR-3_p08
331.118651527,355.082262873,23.963611345,Other,random,CH_4O,23.963615000,RC2_0046_ICR-3_p08
419.111114260,443.074725605,23.963611345,Other,random,CH_4O,23.963615000,RC2_0046_ICR-3_p08
431.134733255,455.098344600,23.963611345,Other,random,CH_4O,23.963615000,RC2_0046_ICR-3_p08
493.111883346,517.075494691,23.963611345,Other,random,CH_4O,23.963615000,RC2_0046_ICR-3_p08
537.088629794,561.052241140,23.963611345,Other,random,CH_4O,23.963615000,RC2_0046_ICR-3_p08
561.291363126,585.254974471,23.963611345,Other,random,CH_4O,23.963615000,RC2_0046_ICR-3_p08
443.220591986,467.184204332,23.963612345,Other,random,CH_4O,23.963615000,RC2_0046_ICR-3_p08
269.066630754,293.030243100,23.963612345,Other,random,CH_4O,23.963615000,RC2_0046_ICR-3_p08
335.134607491,359.098219837,23.963612345,Other,random,CH_4O,23.963615000,RC2_0046_ICR-3_p08
393.149776389,417.113388734,23.963612345,Other,random,CH_4O,23.963615000,RC2_0046_ICR-3_p08
415.225440743,439.189053088,23.963612345,Other,random,CH_4O,23.963615000,RC2_0046_ICR-3_p08
488.112418553,512.076030899,23.963612345,Other,random,CH_4O,23.963615000,RC2_0046_ICR-3_p08
305.139318733,329.102931078,23.963612345,Other,random,CH_4O,23.963615000,RC2_0046_ICR-3_p08
356.171370253,380.134982598,23.963612345,Other,random,CH_4O,23.963615000,RC2_0046_ICR-3_p08
357.110821267,381.074433613,23.963612345,Other,random,CH_4O,23.963615000,RC2_0046_ICR-3_p08
319.139735342,343.103348688,23.963613345,Other,random,CH_4O,23.963615000,RC2_0046_ICR-3_p08
437.108773913,461.072387258,23.963613345,Other,random,CH_4O,23.963615000,RC2_0046_ICR-3_p08
425.158213608,449.121826953,23.963613345,Other,random,CH_4O,23.963615000,RC2_0046_ICR-3_p08
535.182122882,559.145736227,23.963613345,Other,random,CH_4O,23.963615000,RC2_0046_ICR-3_p08
643.224632561,667.188245907,23.963613345,Other,random,CH_4O,23.963615000,RC2_0046_ICR-3_p08
326.051641022,350.015254367,23.963613345,Other,random,CH_4O,23.963615000,RC2_0046_ICR-3_p08
243.123862805,267.087477150,23.963614345,Other,random,CH_4O,23.963615000,RC2_0046_ICR-3_p08
271.191490741,295.155105086,23.963614345,Other,random,CH_4O,23.963615000,RC2_0046_ICR-3_p08
333.170599823,357.134214168,23.963614345,Other,random,CH_4O,23.963615000,RC2_0046_ICR-3_p08
423.129399214,447.093013559,23.963614345,Other,random,CH_4O,23.963615000,RC2_0046_ICR-3_p08
479.132386647,503.096000993,23.963614345,Other,random,CH_4O,23.963615000,RC2_0046_ICR-3_p08
403.066851320,427.030465666,23.963614345,Other,random,CH_4O,23.963615000,RC2_0046_ICR-3_p08
483.223322293,507.186936639,23.963614345,Other,random,CH_4O,23.963615000,RC2_0046_ICR-3_p08
571.231543959,595.195159304,23.963615345,Other,random,CH_4O,23.963615000,RC2_0046_ICR-3_p08
241.144611201,265.108226546,23.963615345,Other,random,CH_4O,23.963615000,RC2_0046_ICR-3_p08
303.072087502,327.035702847,23.963615345,Other,random,CH_4O,23.963615000,RC2_0046_ICR-3_p08
315.108418443,339.072033789,23.963615345,Other,random,CH_4O,23.963615000,RC2_0046_ICR-3_p08
319.154973278,343.118588623,23.963615345,Other,random,CH_4O,23.963615000,RC2_0046_ICR-3_p08
267.160205841,291.123821187,23.963615345,Other,random,CH_4O,23.963615000,RC2_0046_ICR-3_p08
313.157426719,337.121042065,23.963615345,Other,random,CH_4O,23.963615000,RC2_0046_ICR-3_p08
347.162921467,371.126536812,23.963615345,Other,random,CH_4O,23.963615000,RC2_0046_ICR-3_p08
309.061506094,333.025122440,23.963616345,Other,random,CH_4O,23.963615000,RC2_0046_ICR-3_p08
347.113414677,371.077031022,23.963616345,Other,random,CH_4O,23.963615000,RC2_0046_ICR-3_p08
361.113903286,385.077519632,23.963616345,Other,random,CH_4O,23.963615000,RC2_0046_ICR-3_p08
423.142477159,447.106093504,23.963616345,Other,random,CH_4O,23.963615000,RC2_0046_ICR-3_p08
465.225969639,489.189585984,23.963616345,Other,random,CH_4O,23.963615000,RC2_0046_ICR-3_p08
703.224408040,727.188024385,23.963616345,Other,random,CH_4O,23.963615000,RC2_0046_ICR-3_p08
333.118975042,357.082591387,23.963616345,Other,random,CH_4O,23.963615000,RC2_0046_ICR-3_p08
453.139975908,477.103592253,23.963616345,Other,random,CH_4O,23.963615000,RC2_0046_ICR-3_p08
301.056416052,325.020032398,23.963616345,Other,random,CH_4O,23.963615000,RC2_0046_ICR-3_p08
463.124446553,487.088062899,23.963616345,Other,random,CH_4O,23.963615000,RC2_0046_ICR-3_p08
539.140416091,563.104032436,23.963616345,Other,random,CH_4O,23.963615000,RC2_0046_ICR-3_p08
653.172672361,677.136289707,23.963617345,Other,random,CH_4O,23.963615000,RC2_0046_ICR-3_p08
261.061632712,285.025250057,23.963617345,Other,random,CH_4O,23.963615000,RC2_0046_ICR-3_p08
282.061907628,306.025524973,23.963617345,Other,random,CH_4O,23.963615000,RC2_0046_ICR-3_p08
311.186302081,335.149919426,23.963617345,Other,random,CH_4O,23.963615000,RC2_0046_ICR-3_p08
463.160771399,487.124388745,23.963617345,Other,random,CH_4O,23.963615000,RC2_0046_ICR-3_p08
481.098586306,505.062203652,23.963617345,Other,random,CH_4O,23.963615000,RC2_0046_ICR-3_p08
489.170813064,513.134430409,23.963617345,Other,random,CH_4O,23.963615000,RC2_0046_ICR-3_p08
489.197603950,513.161221295,23.963617345,Other,random,CH_4O,23.963615000,RC2_0046_ICR-3_p08
355.066835938,379.030454283,23.963618345,Other,random,CH_4O,23.963615000,RC2_0046_ICR-3_p08
249.076919551,273.040537897,23.963618345,Other,random,CH_4O,23.963615000,RC2_0046_ICR-3_p08
257.175886195,281.139504541,23.963618345,Other,random,CH_4O,23.963615000,RC2_0046_ICR-3_p08
313.165520685,337.129139030,23.963618345,Other,random,CH_4O,23.963615000,RC2_0046_ICR-3_p08
403.139707011,427.103325356,23.963618345,Other,random,CH_4O,23.963615000,RC2_0046_ICR-3_p08
479.119272703,503.082891048,23.963618345,Other,random,CH_4O,23.963615000,RC2_0046_ICR-3_p08
547.158841076,571.122459422,23.963618345,Other,random,CH_4O,23.963615000,RC2_0046_ICR-3_p08
431.165408125,455.129027470,23.963619345,Other,random,CH_4O,23.963615000,RC2_0046_ICR-3_p08
317.116029927,341.079649272,23.963619345,Other,random,CH_4O,23.963615000,RC2_0046_ICR-3_p08
607.203086366,631.166705712,23.963619345,Other,random,CH_4O,23.963615000,RC2_0046_ICR-3_p08
383.183962664,407.147582010,23.963619345,Other,random,CH_4O,23.963615000,RC2_0046_ICR-3_p08
503.119415893,527.083035239,23.963619345,Other,random,CH_4O,23.963615000,RC2_0046_ICR-3_p08
583.203209175,607.166828520,23.963619345,Other,random,CH_4O,23.963615000,RC2_0046_ICR-3_p08
333.191728733,357.155348079,23.963619345,Other,random,CH_4O,23.963615000,RC2_0046_ICR-3_p08
491.222682360,515.186301705,23.963619345,Other,random,CH_4O,23.963615000,RC2_0046_ICR-3_p08
375.194119557,399.157739903,23.963620345,Other,random,CH_4O,23.963615000,RC2_0046_ICR-3_p08
387.157810807,411.121431152,23.963620345,Other,random,CH_4O,23.963615000,RC2_0046_ICR-3_p08
568.240312648,592.203932993,23.963620345,Other,random,CH_4O,23.963615000,RC2_0046_ICR-3_p08
235.097628852,259.061249198,23.963620345,Other,random,CH_4O,23.963615000,RC2_0046_ICR-3_p08
321.134232882,345.097853227,23.963620345,Other,random,CH_4O,23.963615000,RC2_0046_ICR-3_p08
509.166310242,533.129930587,23.963620345,Other,random,CH_4O,23.963615000,RC2_0046_ICR-3_p08
447.251731886,471.215352231,23.963620345,Other,random,CH_4O,23.963615000,RC2_0046_ICR-3_p08
451.210068095,475.173688440,23.963620345,Other,random,CH_4O,23.963615000,RC2_0046_ICR-3_p08
367.139612725,391.103234070,23.963621345,Other,random,CH_4O,23.963615000,RC2_0046_ICR-3_p08
473.194713835,497.158335180,23.963621345,Other,random,CH_4O,23.963615000,RC2_0046_ICR-3_p08
359.162951562,383.126572908,23.963621345,Other,random,CH_4O,23.963615000,RC2_0046_ICR-3_p08
364.140045449,388.103666795,23.963621345,Other,random,CH_4O,23.963615000,RC2_0046_ICR-3_p08
567.208328026,591.171950371,23.963622345,Other,random,CH_4O,23.963615000,RC2_0046_ICR-3_p08
263.128947942,287.092570288,23.963622345,Other,random,CH_4O,23.963615000,RC2_0046_ICR-3_p08
310.093147718,334.056770064,23.963622345,Other,random,CH_4O,23.963615000,RC2_0046_ICR-3_p08
325.105822034,349.069444379,23.963622345,Other,random,CH_4O,23.963615000,RC2_0046_ICR-3_p08
445.163313745,469.126936091,23.963622345,Other,random,CH_4O,23.963615000,RC2_0046_ICR-3_p08
341.173514874,365.137137219,23.963622345,Other,random,CH_4O,23.963615000,RC2_0046_ICR-3_p08
343.212510225,367.176132570,23.963622345,Other,random,CH_4O,23.963615000,RC2_0046_ICR-3_p08
349.105758225,373.069380571,23.963622345,Other,random,CH_4O,23.963615000,RC2_0046_ICR-3_p08
515.249765436,539.213387781,23.963622345,Other,random,CH_4O,23.963615000,RC2_0046_ICR-3_p08
273.134353499,297.097976844,23.963623345,Other,random,CH_4O,23.963615000,RC2_0046_ICR-3_p08
545.223786285,569.187409630,23.963623345,Other,random,CH_4O,23.963615000,RC2_0046_ICR-3_p08
459.251686982,483.215310327,23.963623345,Other,random,CH_4O,23.963615000,RC2_0046_ICR-3_p08
607.276007057,631.239630402,23.963623345,Other,random,CH_4O,23.963615000,RC2_0046_ICR-3_p08
312.108778168,336.072402513,23.963624345,Other,random,CH_4O,23.963615000,RC2_0046_ICR-3_p08
375.108332921,399.071957267,23.963624345,Other,random,CH_4O,23.963615000,RC2_0046_ICR-3_p08
407.256874546,431.220498891,23.963624345,Other,random,CH_4O,23.963615000,RC2_0046_ICR-3_p08
475.101163748,499.064788093,23.963624345,Other,random,CH_4O,23.963615000,RC2_0046_ICR-3_p08
291.108461252,315.072085597,23.963624345,Other,random,CH_4O,23.963615000,RC2_0046_ICR-3_p08
539.241951660,563.241941851,23.999990191,Other,random,C2,24.000000000,RC2_0046_ICR-3_p08
255.160194746,279.160184937,23.999990191,Other,random,C2,24.000000000,RC2_0046_ICR-3_p08
323.162931276,347.162921467,23.999990191,Other,random,C2,24.000000000,RC2_0046_ICR-3_p08
369.155289174,393.155279365,23.999990191,Other,random,C2,24.000000000,RC2_0046_ICR-3_p08
385.144720347,409.144710538,23.999990191,Other,random,C2,24.000000000,RC2_0046_ICR-3_p08
527.262843476,551.262833667,23.999990191,Other,random,C2,24.000000000,RC2_0046_ICR-3_p08
535.254843573,559.254833765,23.999990191,Other,random,C2,24.000000000,RC2_0046_ICR-3_p08
509.202722088,533.202712279,23.999990191,Other,random,C2,24.000000000,RC2_0046_ICR-3_p08
353.137136124,377.137127315,23.999991191,Other,random,C2,24.000000000,RC2_0046_ICR-3_p08
422.121891488,446.121882679,23.999991191,Other,random,C2,24.000000000,RC2_0046_ICR-3_p08
471.199937297,495.199928488,23.999991191,Other,random,C2,24.000000000,RC2_0046_ICR-3_p08
505.129513366,529.129504557,23.999991191,Other,random,C2,24.000000000,RC2_0046_ICR-3_p08
261.097959558,285.097950749,23.999991191,Other,random,C2,24.000000000,RC2_0046_ICR-3_p08
323.126518430,347.126509621,23.999991191,Other,random,C2,24.000000000,RC2_0046_ICR-3_p08
381.131987369,405.131978560,23.999991191,Other,random,C2,24.000000000,RC2_0046_ICR-3_p08
441.103666966,465.103658158,23.999991191,Other,random,C2,24.000000000,RC2_0046_ICR-3_p08
613.141322176,637.141313367,23.999991191,Other,random,C2,24.000000000,RC2_0046_ICR-3_p08
243.160213650,267.160205841,23.999992191,Other,random,C2,24.000000000,RC2_0046_ICR-3_p08
397.150171419,421.150163610,23.999992191,Other,random,C2,24.000000000,RC2_0046_ICR-3_p08
251.113693911,275.113686102,23.999992191,Other,random,C2,24.000000000,RC2_0046_ICR-3_p08
273.170756344,297.170748536,23.999992191,Other,random,C2,24.000000000,RC2_0046_ICR-3_p08
349.214908762,373.214900953,23.999992191,Other,random,C2,24.000000000,RC2_0046_ICR-3_p08
437.103248936,461.103241127,23.999992191,Other,random,C2,24.000000000,RC2_0046_ICR-3_p08
549.197720427,573.197712618,23.999992191,Other,random,C2,24.000000000,RC2_0046_ICR-3_p08
595.325148753,619.325141944,23.999993191,Other,random,C2,24.000000000,RC2_0046_ICR-3_p08
494.224430626,518.224423817,23.999993191,Other,random,C2,24.000000000,RC2_0046_ICR-3_p08
283.009498608,307.009491799,23.999993191,Other,random,C2,24.000000000,RC2_0046_ICR-3_p08
331.103303592,355.103296783,23.999993191,Other,random,C2,24.000000000,RC2_0046_ICR-3_p08
519.163840832,543.163834023,23.999993191,Other,random,C2,24.000000000,RC2_0046_ICR-3_p08
529.083425753,553.083418944,23.999993191,Other,random,C2,24.000000000,RC2_0046_ICR-3_p08
271.082314204,295.082307395,23.999993191,Other,random,C2,24.000000000,RC2_0046_ICR-3_p08
309.072809047,333.072802238,23.999993191,Other,random,C2,24.000000000,RC2_0046_ICR-3_p08
561.161306677,585.161300868,23.999994191,Other,random,C2,24.000000000,RC2_0046_ICR-3_p08
295.082307395,319.082301586,23.999994191,Other,random,C2,24.000000000,RC2_0046_ICR-3_p08
347.199374312,371.199368503,23.999994191,Other,random,C2,24.000000000,RC2_0046_ICR-3_p08
349.092643281,373.092637472,23.999994191,Other,random,C2,24.000000000,RC2_0046_ICR-3_p08
424.088423146,448.088417337,23.999994191,Other,random,C2,24.000000000,RC2_0046_ICR-3_p08
397.223083110,421.223077301,23.999994191,Other,random,C2,24.000000000,RC2_0046_ICR-3_p08
517.265371885,541.265366077,23.999994191,Other,random,C2,24.000000000,RC2_0046_ICR-3_p08
515.046539298,539.046534489,23.999995191,Other,random,C2,24.000000000,RC2_0046_ICR-3_p08
227.056198964,251.056194155,23.999995191,Other,random,C2,24.000000000,RC2_0046_ICR-3_p08
314.051712926,338.051708117,23.999995191,Other,random,C2,24.000000000,RC2_0046_ICR-3_p08
319.103353497,343.103348688,23.999995191,Other,random,C2,24.000000000,RC2_0046_ICR-3_p08
321.147343826,345.147339017,23.999995191,Other,random,C2,24.000000000,RC2_0046_ICR-3_p08
387.035561325,411.035556517,23.999995191,Other,random,C2,24.000000000,RC2_0046_ICR-3_p08
425.145111663,449.145106854,23.999995191,Other,random,C2,24.000000000,RC2_0046_ICR-3_p08
479.277962030,503.277958221,23.999996191,Other,random,C2,24.000000000,RC2_0046_ICR-3_p08
355.134114653,379.134110844,23.999996191,Other,random,C2,24.000000000,RC2_0046_ICR-3_p08
238.072137234,262.072133425,23.999996191,Other,random,C2,24.000000000,RC2_0046_ICR-3_p08
379.043586228,403.043582419,23.999996191,Other,random,C2,24.000000000,RC2_0046_ICR-3_p08
501.270420737,525.270416928,23.999996191,Other,random,C2,24.000000000,RC2_0046_ICR-3_p08
681.204035451,705.204031642,23.999996191,Other,random,C2,24.000000000,RC2_0046_ICR-3_p08
427.124406267,451.124403458,23.999997191,Other,random,C2,24.000000000,RC2_0046_ICR-3_p08
250.072156330,274.072153521,23.999997191,Other,random,C2,24.000000000,RC2_0046_ICR-3_p08
373.144540252,397.144537443,23.999997191,Other,random,C2,24.000000000,RC2_0046_ICR-3_p08
261.076864647,285.076861838,23.999997191,Other,random,C2,24.000000000,RC2_0046_ICR-3_p08
383.207419565,407.207416756,23.999997191,Other,random,C2,24.000000000,RC2_0046_ICR-3_p08
495.091079950,519.091077141,23.999997191,Other,random,C2,24.000000000,RC2_0046_ICR-3_p08
395.134553969,419.134552160,23.999998191,Other,random,C2,24.000000000,RC2_0046_ICR-3_p08
449.230954490,473.230952681,23.999998191,Other,random,C2,24.000000000,RC2_0046_ICR-3_p08
515.176897745,539.176895936,23.999998191,Other,random,C2,24.000000000,RC2_0046_ICR-3_p08
301.020034207,325.020032398,23.999998191,Other,random,C2,24.000000000,RC2_0046_ICR-3_p08
327.072039693,351.072037884,23.999998191,Other,random,C2,24.000000000,RC2_0046_ICR-3_p08
503.132519838,527.132518029,23.999998191,Other,random,C2,24.000000000,RC2_0046_ICR-3_p08
285.170697440,309.170696631,23.999999191,Other,random,C2,24.000000000,RC2_0046_ICR-3_p08
441.176386658,465.176385849,23.999999191,Other,random,C2,24.000000000,RC2_0046_ICR-3_p08
245.103118408,269.103117600,23.999999191,Other,random,C2,24.000000000,RC2_0046_ICR-3_p08
273.134353499,297.134352690,23.999999191,Other,random,C2,24.000000000,RC2_0046_ICR-3_p08
385.126820422,409.126819613,23.999999191,Other,random,C2,24.000000000,RC2_0046_ICR-3_p08
475.124479649,499.124478840,23.999999191,Other,random,C2,24.000000000,RC2_0046_ICR-3_p08
491.096002897,515.096002088,23.999999191,Other,random,C2,24.000000000,RC2_0046_ICR-3_p08
528.099233928,552.099233119,23.999999191,Other,random,C2,24.000000000,RC2_0046_ICR-3_p08
377.064367624,401.064367815,24.000000191,Other,random,C2,24.000000000,RC2_0046_ICR-3_p08
263.150014853,287.150015044,24.000000191,Other,random,C2,24.000000000,RC2_0046_ICR-3_p08
272.077519982,296.077520173,24.000000191,Other,random,C2,24.000000000,RC2_0046_ICR-3_p08
433.163258650,457.163258841,24.000000191,Other,random,C2,24.000000000,RC2_0046_ICR-3_p08
237.040534610,261.040534801,24.000000191,Other,random,C2,24.000000000,RC2_0046_ICR-3_p08
239.128947751,263.128947942,24.000000191,Other,random,C2,24.000000000,RC2_0046_ICR-3_p08
453.030979370,477.030979561,24.000000191,Other,random,C2,24.000000000,RC2_0046_ICR-3_p08
340.140044258,364.140045449,24.000001191,Other,random,C2,24.000000000,RC2_0046_ICR-3_p08
263.056162251,287.056163442,24.000001191,Other,random,C2,24.000000000,RC2_0046_ICR-3_p08
383.129003897,407.129005088,24.000001191,Other,random,C2,24.000000000,RC2_0046_ICR-3_p08
529.156284444,553.156285635,24.000001191,Other,random,C2,24.000000000,RC2_0046_ICR-3_p08
359.053811025,383.053812216,24.000001191,Other,random,C2,24.000000000,RC2_0046_ICR-3_p08
419.092519339,443.092520530,24.000001191,Other,random,C2,24.000000000,RC2_0046_ICR-3_p08
643.188244716,667.188245907,24.000001191,Other,random,C2,24.000000000,RC2_0046_ICR-3_p08
287.141838079,311.141840270,24.000002191,Other,random,C2,24.000000000,RC2_0046_ICR-3_p08
309.025120249,333.025122440,24.000002191,Other,random,C2,24.000000000,RC2_0046_ICR-3_p08
365.051172584,389.051174775,24.000002191,Other,random,C2,24.000000000,RC2_0046_ICR-3_p08
393.076965698,417.076967889,24.000002191,Other,random,C2,24.000000000,RC2_0046_ICR-3_p08
375.102817945,399.102820136,24.000002191,Other,random,C2,24.000000000,RC2_0046_ICR-3_p08
401.100698661,425.100700852,24.000002191,Other,random,C2,24.000000000,RC2_0046_ICR-3_p08
425.267389145,449.267391336,24.000002191,Other,random,C2,24.000000000,RC2_0046_ICR-3_p08
467.096000706,491.096002897,24.000002191,Other,random,C2,24.000000000,RC2_0046_ICR-3_p08
547.218436823,571.218440014,24.000003191,Other,random,C2,24.000000000,RC2_0046_ICR-3_p08
293.030243100,317.030246291,24.000003191,Other,random,C2,24.000000000,RC2_0046_ICR-3_p08
321.025120344,345.025123535,24.000003191,Other,random,C2,24.000000000,RC2_0046_ICR-3_p08
381.046223732,405.046226924,24.000003191,Other,random,C2,24.000000000,RC2_0046_ICR-3_p08
411.020269581,435.020272772,24.000003191,Other,random,C2,24.000000000,RC2_0046_ICR-3_p08
413.035891031,437.035894222,24.000003191,Other,random,C2,24.000000000,RC2_0046_ICR-3_p08
497.215672937,521.215676128,24.000003191,Other,random,C2,24.000000000,RC2_0046_ICR-3_p08
317.116029927,341.116034118,24.000004191,Other,random,C2,24.000000000,RC2_0046_ICR-3_p08
417.168303501,441.168307692,24.000004191,Other,random,C2,24.000000000,RC2_0046_ICR-3_p08
469.257292538,493.257296729,24.000004191,Other,random,C2,24.000000000,RC2_0046_ICR-3_p08
251.056194155,275.056198346,24.000004191,Other,random,C2,24.000000000,RC2_0046_ICR-3_p08
273.025186962,297.025191153,24.000004191,Other,random,C2,24.000000000,RC2_0046_ICR-3_p08
387.129488927,411.129493118,24.000004191,Other,random,C2,24.000000000,RC2_0046_ICR-3_p08
403.124402076,427.124406267,24.000004191,Other,random,C2,24.000000000,RC2_0046_ICR-3_p08
411.178943908,435.178948099,24.000004191,Other,random,C2,24.000000000,RC2_0046_ICR-3_p08
583.166824329,607.166828520,24.000004191,Other,random,C2,24.000000000,RC2_0046_ICR-3_p08
567.171945180,591.171950371,24.000005191,Other,random,C2,24.000000000,RC2_0046_ICR-3_p08
327.144810384,351.144815575,24.000005191,Other,random,C2,24.000000000,RC2_0046_ICR-3_p08
353.154830049,377.154835240,24.000005191,Other,random,C2,24.000000000,RC2_0046_ICR-3_p08
414.112037466,438.112042657,24.000005191,Other,random,C2,24.000000000,RC2_0046_ICR-3_p08
583.231560054,607.231565245,24.000005191,Other,random,C2,24.000000000,RC2_0046_ICR-3_p08
349.056393435,373.056398626,24.000005191,Other,random,C2,24.000000000,RC2_0046_ICR-3_p08
237.113281302,261.113287493,24.000006191,Other,random,C2,24.000000000,RC2_0046_ICR-3_p08
341.087629238,365.087635429,24.000006191,Other,random,C2,24.000000000,RC2_0046_ICR-3_p08
489.176535039,513.176541230,24.000006191,Other,random,C2,24.000000000,RC2_0046_ICR-3_p08
385.113695478,409.113701669,24.000006191,Other,random,C2,24.000000000,RC2_0046_ICR-3_p08
523.085859195,547.085865386,24.000006191,Other,random,C2,24.000000000,RC2_0046_ICR-3_p08
623.089169977,647.089176168,24.000006191,Other,random,C2,24.000000000,RC2_0046_ICR-3_p08
333.025122440,357.025128631,24.000006191,Other,random,C2,24.000000000,RC2_0046_ICR-3_p08
457.171308807,481.171314998,24.000006191,Other,random,C2,24.000000000,RC2_0046_ICR-3_p08
495.272885178,519.272892370,24.000007191,Other,random,C2,24.000000000,RC2_0046_ICR-3_p08
371.126536812,395.126544003,24.000007191,Other,random,C2,24.000000000,RC2_0046_ICR-3_p08
417.103659775,441.103666966,24.000007191,Other,random,C2,24.000000000,RC2_0046_ICR-3_p08
433.054116113,457.054123304,24.000007191,Other,random,C2,24.000000000,RC2_0046_ICR-3_p08
513.161221295,537.161228486,24.000007191,Other,random,C2,24.000000000,RC2_0046_ICR-3_p08
539.031736552,563.031743743,24.000007191,Other,random,C2,24.000000000,RC2_0046_ICR-3_p08
543.171937989,567.171945180,24.000007191,Other,random,C2,24.000000000,RC2_0046_ICR-3_p08
548.141302909,572.141310100,24.000007191,Other,random,C2,24.000000000,RC2_0046_ICR-3_p08
577.278469308,601.278476499,24.000007191,Other,random,C2,24.000000000,RC2_0046_ICR-3_p08
427.051574576,451.051581767,24.000007191,Other,random,C2,24.000000000,RC2_0046_ICR-3_p08
351.072037884,375.072046075,24.000008191,Other,random,C2,24.000000000,RC2_0046_ICR-3_p08
387.093003082,411.093011273,24.000008191,Other,random,C2,24.000000000,RC2_0046_ICR-3_p08
239.019772214,263.019780405,24.000008191,Other,random,C2,24.000000000,RC2_0046_ICR-3_p08
329.124093988,353.124102179,24.000008191,Other,random,C2,24.000000000,RC2_0046_ICR-3_p08
405.046226924,429.046235115,24.000008191,Other,random,C2,24.000000000,RC2_0046_ICR-3_p08
441.189464602,465.189472794,24.000008191,Other,random,C2,24.000000000,RC2_0046_ICR-3_p08
551.140640185,575.140648376,24.000008191,Other,random,C2,24.000000000,RC2_0046_ICR-3_p08
621.255498755,645.255506946,24.000008191,Other,random,C2,24.000000000,RC2_0046_ICR-3_p08
227.019762119,251.019771310,24.000009191,Other,random,C2,24.000000000,RC2_0046_ICR-3_p08
431.119390320,455.119399511,24.000009191,Other,random,C2,24.000000000,RC2_0046_ICR-3_p08
537.052231949,561.052241140,24.000009191,Other,random,C2,24.000000000,RC2_0046_ICR-3_p08
619.167014615,643.167023806,24.000009191,Other,random,C2,24.000000000,RC2_0046_ICR-3_p08
317.040653247,341.040662438,24.000009191,Other,random,C2,24.000000000,RC2_0046_ICR-3_p08
353.051312488,377.051321679,24.000009191,Other,random,C2,24.000000000,RC2_0046_ICR-3_p08
409.041108977,433.041118168,24.000009191,Other,random,C2,24.000000000,RC2_0046_ICR-3_p08
679.261195693,703.261204884,24.000009191,Other,random,C2,24.000000000,RC2_0046_ICR-3_p08
269.066630754,293.077855898,24.011225143,Other,random,C1O_1N2,24.011233000,RC2_0046_ICR-3_p08
287.077210353,311.088446496,24.011236143,Other,random,C1O_1N2,24.011233000,RC2_0046_ICR-3_p08
367.095291913,391.106528056,24.011236143,Other,random,C1O_1N2,24.011233000,RC2_0046_ICR-3_p08
289.084773837,313.105893938,24.021120101,Other,random,C_1H4O2,24.021130000,RC2_0046_ICR-3_p08
504.158934484,528.180054585,24.021120101,Other,random,C_1H4O2,24.021130000,RC2_0046_ICR-3_p08
727.188024385,751.209144487,24.021120101,Other,random,C_1H4O2,24.021130000,RC2_0046_ICR-3_p08
475.051546958,499.072667060,24.021120101,Other,random,C_1H4O2,24.021130000,RC2_0046_ICR-3_p08
495.215423422,519.236543524,24.021120101,Other,random,C_1H4O2,24.021130000,RC2_0046_ICR-3_p08
581.215850605,605.236970707,24.021120101,Other,random,C_1H4O2,24.021130000,RC2_0046_ICR-3_p08
389.123867467,413.144988568,24.021121101,Other,random,C_1H4O2,24.021130000,RC2_0046_ICR-3_p08
541.062388938,565.083511039,24.021122101,Other,random,C_1H4O2,24.021130000,RC2_0046_ICR-3_p08
455.147662391,479.168784493,24.021122101,Other,random,C_1H4O2,24.021130000,RC2_0046_ICR-3_p08
357.097827323,381.118949424,24.021122101,Other,random,C_1H4O2,24.021130000,RC2_0046_ICR-3_p08
311.105372424,335.126495526,24.021123101,Other,random,C_1H4O2,24.021130000,RC2_0046_ICR-3_p08
239.035039150,263.056162251,24.021123101,Other,random,C_1H4O2,24.021130000,RC2_0046_ICR-3_p08
389.160429312,413.181552413,24.021123101,Other,random,C_1H4O2,24.021130000,RC2_0046_ICR-3_p08
395.098140124,419.119263225,24.021123101,Other,random,C_1H4O2,24.021130000,RC2_0046_ICR-3_p08
401.209749198,425.230873299,24.021124101,Other,random,C_1H4O2,24.021130000,RC2_0046_ICR-3_p08
413.136928602,437.158052704,24.021124101,Other,random,C_1H4O2,24.021130000,RC2_0046_ICR-3_p08
355.131632663,379.152756765,24.021124101,Other,random,C_1H4O2,24.021130000,RC2_0046_ICR-3_p08
517.244240975,541.265366077,24.021125101,Other,random,C_1H4O2,24.021130000,RC2_0046_ICR-3_p08
307.155015182,331.176140283,24.021125101,Other,random,C_1H4O2,24.021130000,RC2_0046_ICR-3_p08
391.175902762,415.197027863,24.021125101,Other,random,C_1H4O2,24.021130000,RC2_0046_ICR-3_p08
429.009854269,453.030979370,24.021125101,Other,random,C_1H4O2,24.021130000,RC2_0046_ICR-3_p08
455.134640447,479.155765548,24.021125101,Other,random,C_1H4O2,24.021130000,RC2_0046_ICR-3_p08
469.236171627,493.257296729,24.021125101,Other,random,C_1H4O2,24.021130000,RC2_0046_ICR-3_p08
319.045834741,343.066959842,24.021125101,Other,random,C_1H4O2,24.021130000,RC2_0046_ICR-3_p08
297.134352690,321.155478791,24.021126101,Other,random,C_1H4O2,24.021130000,RC2_0046_ICR-3_p08
425.100700852,449.121826953,24.021126101,Other,random,C_1H4O2,24.021130000,RC2_0046_ICR-3_p08
309.097848940,333.118975042,24.021126101,Other,random,C_1H4O2,24.021130000,RC2_0046_ICR-3_p08
323.113488485,347.134614587,24.021126101,Other,random,C_1H4O2,24.021130000,RC2_0046_ICR-3_p08
395.134553969,419.155680071,24.021126101,Other,random,C_1H4O2,24.021130000,RC2_0046_ICR-3_p08
373.105781416,397.126908518,24.021127101,Other,random,C_1H4O2,24.021130000,RC2_0046_ICR-3_p08
345.061361382,369.082489483,24.021128101,Other,random,C_1H4O2,24.021130000,RC2_0046_ICR-3_p08
377.173368161,401.194497263,24.021129101,Other,random,C_1H4O2,24.021130000,RC2_0046_ICR-3_p08
567.273050751,591.294179852,24.021129101,Other,random,C_1H4O2,24.021130000,RC2_0046_ICR-3_p08
617.151244166,641.172373267,24.021129101,Other,random,C_1H4O2,24.021130000,RC2_0046_ICR-3_p08
451.189052184,475.210181285,24.021129101,Other,random,C_1H4O2,24.021130000,RC2_0046_ICR-3_p08
321.061516190,345.082645291,24.021129101,Other,random,C_1H4O2,24.021130000,RC2_0046_ICR-3_p08
327.063959727,351.085089829,24.021130101,Other,random,C_1H4O2,24.021130000,RC2_0046_ICR-3_p08
432.064984309,456.086114410,24.021130101,Other,random,C_1H4O2,24.021130000,RC2_0046_ICR-3_p08
377.051321679,401.072452780,24.021131101,Other,random,C_1H4O2,24.021130000,RC2_0046_ICR-3_p08
313.108006929,337.129139030,24.021132101,Other,random,C_1H4O2,24.021130000,RC2_0046_ICR-3_p08
369.110970362,393.132102464,24.021132101,Other,random,C_1H4O2,24.021130000,RC2_0046_ICR-3_p08
431.061771565,455.082903666,24.021132101,Other,random,C_1H4O2,24.021130000,RC2_0046_ICR-3_p08
439.152643243,463.173775344,24.021132101,Other,random,C_1H4O2,24.021130000,RC2_0046_ICR-3_p08
533.202712279,557.223844380,24.021132101,Other,random,C_1H4O2,24.021130000,RC2_0046_ICR-3_p08
347.040703985,371.061836087,24.021132101,Other,random,C_1H4O2,24.021130000,RC2_0046_ICR-3_p08
389.173465256,413.194597358,24.021132101,Other,random,C_1H4O2,24.021130000,RC2_0046_ICR-3_p08
547.182171977,571.203305079,24.021133101,Other,random,C_1H4O2,24.021130000,RC2_0046_ICR-3_p08
387.157810807,411.178943908,24.021133101,Other,random,C_1H4O2,24.021130000,RC2_0046_ICR-3_p08
483.178938481,507.200071583,24.021133101,Other,random,C_1H4O2,24.021130000,RC2_0046_ICR-3_p08
547.210410857,571.231543959,24.021133101,Other,random,C_1H4O2,24.021130000,RC2_0046_ICR-3_p08
443.025449814,467.046583916,24.021134101,Other,random,C_1H4O2,24.021130000,RC2_0046_ICR-3_p08
497.194542027,521.215676128,24.021134101,Other,random,C_1H4O2,24.021130000,RC2_0046_ICR-3_p08
423.129399214,447.150534315,24.021135101,Other,random,C_1H4O2,24.021130000,RC2_0046_ICR-3_p08
453.046247306,477.067382407,24.021135101,Other,random,C_1H4O2,24.021130000,RC2_0046_ICR-3_p08
307.045857645,331.066992746,24.021135101,Other,random,C_1H4O2,24.021130000,RC2_0046_ICR-3_p08
401.160450407,425.181585509,24.021135101,Other,random,C_1H4O2,24.021130000,RC2_0046_ICR-3_p08
355.204403355,379.225538456,24.021135101,Other,random,C_1H4O2,24.021130000,RC2_0046_ICR-3_p08
453.059200251,477.080336352,24.021136101,Other,random,C_1H4O2,24.021130000,RC2_0046_ICR-3_p08
509.121946430,533.143082532,24.021136101,Other,random,C_1H4O2,24.021130000,RC2_0046_ICR-3_p08
525.067397789,549.088533890,24.021136101,Other,random,C_1H4O2,24.021130000,RC2_0046_ICR-3_p08
385.056301722,409.077438823,24.021137101,Other,random,C_1H4O2,24.021130000,RC2_0046_ICR-3_p08
453.168471787,477.189608888,24.021137101,Other,random,C_1H4O2,24.021130000,RC2_0046_ICR-3_p08
507.078000101,531.099137202,24.021137101,Other,random,C_1H4O2,24.021130000,RC2_0046_ICR-3_p08
321.134232882,345.155369983,24.021137101,Other,random,C_1H4O2,24.021130000,RC2_0046_ICR-3_p08
333.061454286,357.082591387,24.021137101,Other,random,C_1H4O2,24.021130000,RC2_0046_ICR-3_p08
371.126536812,395.147674914,24.021138101,Other,random,C_1H4O2,24.021130000,RC2_0046_ICR-3_p08
323.077059640,347.098198741,24.021139101,Other,random,C_1H4O2,24.021130000,RC2_0046_ICR-3_p08
319.095273531,343.116412632,24.021139101,Other,random,C_1H4O2,24.021130000,RC2_0046_ICR-3_p08
571.109359477,595.130498579,24.021139101,Other,random,C_1H4O2,24.021130000,RC2_0046_ICR-3_p08
263.113640007,287.150015044,24.036375037,Other,random,C3H4O_1,24.036385000,RC2_0046_ICR-3_p08
287.186398890,311.222773926,24.036375037,Other,random,C3H4O_1,24.036385000,RC2_0046_ICR-3_p08
361.069290475,385.105665512,24.036375037,Other,random,C3H4O_1,24.036385000,RC2_0046_ICR-3_p08
709.126882001,733.163257038,24.036375037,Other,random,C3H4O_1,24.036385000,RC2_0046_ICR-3_p08
313.056432148,337.092807185,24.036375037,Other,random,C3H4O_1,24.036385000,RC2_0046_ICR-3_p08
401.194497263,425.230873299,24.036376037,Other,random,C3H4O_1,24.036385000,RC2_0046_ICR-3_p08
399.129537022,423.165914059,24.036377037,Other,random,C3H4O_1,24.036385000,RC2_0046_ICR-3_p08
413.158117513,437.194494549,24.036377037,Other,random,C3H4O_1,24.036385000,RC2_0046_ICR-3_p08
445.207696557,469.244073594,24.036377037,Other,random,C3H4O_1,24.036385000,RC2_0046_ICR-3_p08
225.040542515,249.076919551,24.036377037,Other,random,C3H4O_1,24.036385000,RC2_0046_ICR-3_p08
257.103127504,281.139504541,24.036377037,Other,random,C3H4O_1,24.036385000,RC2_0046_ICR-3_p08
529.111904632,553.148281669,24.036377037,Other,random,C3H4O_1,24.036385000,RC2_0046_ICR-3_p08
577.169099772,601.205476808,24.036377037,Other,random,C3H4O_1,24.036385000,RC2_0046_ICR-3_p08
375.035579230,399.071957267,24.036378037,Other,random,C3H4O_1,24.036385000,RC2_0046_ICR-3_p08
413.035891031,437.072269068,24.036378037,Other,random,C3H4O_1,24.036385000,RC2_0046_ICR-3_p08
315.100302478,339.136681514,24.036379037,Other,random,C3H4O_1,24.036385000,RC2_0046_ICR-3_p08
351.035667038,375.072046075,24.036379037,Other,random,C3H4O_1,24.036385000,RC2_0046_ICR-3_p08
311.077088544,335.113467581,24.036379037,Other,random,C3H4O_1,24.036385000,RC2_0046_ICR-3_p08
361.041140595,385.077519632,24.036379037,Other,random,C3H4O_1,24.036385000,RC2_0046_ICR-3_p08
387.157810807,411.194189844,24.036379037,Other,random,C3H4O_1,24.036385000,RC2_0046_ICR-3_p08
505.111834441,529.148213478,24.036379037,Other,random,C3H4O_1,24.036385000,RC2_0046_ICR-3_p08
535.122392135,559.158771172,24.036379037,Other,random,C3H4O_1,24.036385000,RC2_0046_ICR-3_p08
397.199659209,421.236038246,24.036379037,Other,random,C3H4O_1,24.036385000,RC2_0046_ICR-3_p08
397.041121882,421.077501918,24.036380037,Other,random,C3H4O_1,24.036385000,RC2_0046_ICR-3_p08
487.109204809,511.145584846,24.036380037,Other,random,C3H4O_1,24.036385000,RC2_0046_ICR-3_p08
641.136231420,665.172612457,24.036381037,Other,random,C3H4O_1,24.036385000,RC2_0046_ICR-3_p08
283.131711090,307.168092126,24.036381037,Other,random,C3H4O_1,24.036385000,RC2_0046_ICR-3_p08
309.134218786,333.170599823,24.036381037,Other,random,C3H4O_1,24.036385000,RC2_0046_ICR-3_p08
345.046108446,369.082489483,24.036381037,Other,random,C3H4O_1,24.036385000,RC2_0046_ICR-3_p08
377.173368161,401.209749198,24.036381037,Other,random,C3H4O_1,24.036385000,RC2_0046_ICR-3_p08
417.076967889,441.113348925,24.036381037,Other,random,C3H4O_1,24.036385000,RC2_0046_ICR-3_p08
553.119853789,577.156235826,24.036382037,Other,random,C3H4O_1,24.036385000,RC2_0046_ICR-3_p08
373.069380571,397.105762607,24.036382037,Other,random,C3H4O_1,24.036385000,RC2_0046_ICR-3_p08
535.036432500,559.072814537,24.036382037,Other,random,C3H4O_1,24.036385000,RC2_0046_ICR-3_p08
275.019730501,299.056112538,24.036382037,Other,random,C3H4O_1,24.036385000,RC2_0046_ICR-3_p08
423.087559391,447.123941428,24.036382037,Other,random,C3H4O_1,24.036385000,RC2_0046_ICR-3_p08
475.118869673,499.155251709,24.036382037,Other,random,C3H4O_1,24.036385000,RC2_0046_ICR-3_p08
561.088525986,585.124908023,24.036382037,Other,random,C3H4O_1,24.036385000,RC2_0046_ICR-3_p08
415.051660480,439.088043517,24.036383037,Other,random,C3H4O_1,24.036385000,RC2_0046_ICR-3_p08
527.104257149,551.140640185,24.036383037,Other,random,C3H4O_1,24.036385000,RC2_0046_ICR-3_p08
263.019780405,287.056163442,24.036383037,Other,random,C3H4O_1,24.036385000,RC2_0046_ICR-3_p08
329.079685177,353.116068213,24.036383037,Other,random,C3H4O_1,24.036385000,RC2_0046_ICR-3_p08
395.134553969,419.170937006,24.036383037,Other,random,C3H4O_1,24.036385000,RC2_0046_ICR-3_p08
413.108696722,437.145079759,24.036383037,Other,random,C3H4O_1,24.036385000,RC2_0046_ICR-3_p08
427.210297903,451.246680939,24.036383037,Other,random,C3H4O_1,24.036385000,RC2_0046_ICR-3_p08
453.189461698,477.225844735,24.036383037,Other,random,C3H4O_1,24.036385000,RC2_0046_ICR-3_p08
463.155252423,487.191635459,24.036383037,Other,random,C3H4O_1,24.036385000,RC2_0046_ICR-3_p08
401.108727627,425.145111663,24.036384037,Other,random,C3H4O_1,24.036385000,RC2_0046_ICR-3_p08
465.030959466,489.067343503,24.036384037,Other,random,C3H4O_1,24.036385000,RC2_0046_ICR-3_p08
503.104141958,527.140525995,24.036384037,Other,random,C3H4O_1,24.036385000,RC2_0046_ICR-3_p08
229.035456568,253.071840605,24.036384037,Other,random,C3H4O_1,24.036385000,RC2_0046_ICR-3_p08
259.118784953,283.155168990,24.036384037,Other,random,C3H4O_1,24.036385000,RC2_0046_ICR-3_p08
298.093147623,322.129531659,24.036384037,Other,random,C3H4O_1,24.036385000,RC2_0046_ICR-3_p08
326.088036867,350.124420904,24.036384037,Other,random,C3H4O_1,24.036385000,RC2_0046_ICR-3_p08
471.179039386,495.215423422,24.036384037,Other,random,C3H4O_1,24.036385000,RC2_0046_ICR-3_p08
480.114690480,504.151074517,24.036384037,Other,random,C3H4O_1,24.036385000,RC2_0046_ICR-3_p08
263.150014853,287.186398890,24.036384037,Other,random,C3H4O_1,24.036385000,RC2_0046_ICR-3_p08
443.191963108,467.228347145,24.036384037,Other,random,C3H4O_1,24.036385000,RC2_0046_ICR-3_p08
551.189987976,575.226373013,24.036385037,Other,random,C3H4O_1,24.036385000,RC2_0046_ICR-3_p08
313.165520685,337.201905722,24.036385037,Other,random,C3H4O_1,24.036385000,RC2_0046_ICR-3_p08
345.110818172,369.147203209,24.036385037,Other,random,C3H4O_1,24.036385000,RC2_0046_ICR-3_p08
361.087071400,385.123456437,24.036385037,Other,random,C3H4O_1,24.036385000,RC2_0046_ICR-3_p08
413.072388876,437.108773913,24.036385037,Other,random,C3H4O_1,24.036385000,RC2_0046_ICR-3_p08
423.142477159,447.178862195,24.036385037,Other,random,C3H4O_1,24.036385000,RC2_0046_ICR-3_p08
473.057173418,497.093558455,24.036385037,Other,random,C3H4O_1,24.036385000,RC2_0046_ICR-3_p08
517.062356747,541.098742783,24.036386037,Other,random,C3H4O_1,24.036385000,RC2_0046_ICR-3_p08
377.124064370,401.160450407,24.036386037,Other,random,C3H4O_1,24.036385000,RC2_0046_ICR-3_p08
429.095567905,453.131953942,24.036386037,Other,random,C3H4O_1,24.036385000,RC2_0046_ICR-3_p08
249.004150860,273.040537897,24.036387037,Other,random,C3H4O_1,24.036385000,RC2_0046_ICR-3_p08
391.079905169,415.116292206,24.036387037,Other,random,C3H4O_1,24.036385000,RC2_0046_ICR-3_p08
437.145079759,461.181466796,24.036387037,Other,random,C3H4O_1,24.036385000,RC2_0046_ICR-3_p08
511.109313000,535.145700036,24.036387037,Other,random,C3H4O_1,24.036385000,RC2_0046_ICR-3_p08
433.108261883,457.144648920,24.036387037,Other,random,C3H4O_1,24.036385000,RC2_0046_ICR-3_p08
381.168273215,405.204660251,24.036387037,Other,random,C3H4O_1,24.036385000,RC2_0046_ICR-3_p08
373.105781416,397.142169453,24.036388037,Other,random,C3H4O_1,24.036385000,RC2_0046_ICR-3_p08
415.087905326,439.124293363,24.036388037,Other,random,C3H4O_1,24.036385000,RC2_0046_ICR-3_p08
439.051555672,463.087943708,24.036388037,Other,random,C3H4O_1,24.036385000,RC2_0046_ICR-3_p08
494.224430626,518.260818663,24.036388037,Other,random,C3H4O_1,24.036385000,RC2_0046_ICR-3_p08
235.024861161,259.061249198,24.036388037,Other,random,C3H4O_1,24.036385000,RC2_0046_ICR-3_p08
431.098252410,455.134640447,24.036388037,Other,random,C3H4O_1,24.036385000,RC2_0046_ICR-3_p08
537.234052178,561.270440214,24.036388037,Other,random,C3H4O_1,24.036385000,RC2_0046_ICR-3_p08
545.151020593,569.187409630,24.036389037,Other,random,C3H4O_1,24.036385000,RC2_0046_ICR-3_p08
264.072615939,288.109004976,24.036389037,Other,random,C3H4O_1,24.036385000,RC2_0046_ICR-3_p08
308.199609751,332.235998787,24.036389037,Other,random,C3H4O_1,24.036385000,RC2_0046_ICR-3_p08
368.062239811,392.098628848,24.036389037,Other,random,C3H4O_1,24.036385000,RC2_0046_ICR-3_p08
389.145163376,413.181552413,24.036389037,Other,random,C3H4O_1,24.036385000,RC2_0046_ICR-3_p08
435.165894155,459.202283191,24.036389037,Other,random,C3H4O_1,24.036385000,RC2_0046_ICR-3_p08
485.057204514,509.093593551,24.036389037,Other,random,C3H4O_1,24.036385000,RC2_0046_ICR-3_p08
509.129854397,533.166243433,24.036389037,Other,random,C3H4O_1,24.036385000,RC2_0046_ICR-3_p08
681.204035451,705.240424488,24.036389037,Other,random,C3H4O_1,24.036385000,RC2_0046_ICR-3_p08
381.118949424,405.155339461,24.036390037,Other,random,C3H4O_1,24.036385000,RC2_0046_ICR-3_p08
521.202695183,545.239085220,24.036390037,Other,random,C3H4O_1,24.036385000,RC2_0046_ICR-3_p08
543.171937989,567.208328026,24.036390037,Other,random,C3H4O_1,24.036385000,RC2_0046_ICR-3_p08
239.019772214,263.056162251,24.036390037,Other,random,C3H4O_1,24.036385000,RC2_0046_ICR-3_p08
441.067268121,465.103658158,24.036390037,Other,random,C3H4O_1,24.036385000,RC2_0046_ICR-3_p08
443.111322450,467.147712487,24.036390037,Other,random,C3H4O_1,24.036385000,RC2_0046_ICR-3_p08
509.057227705,533.093617741,24.036390037,Other,random,C3H4O_1,24.036385000,RC2_0046_ICR-3_p08
245.139512254,269.175903291,24.036391037,Other,random,C3H4O_1,24.036385000,RC2_0046_ICR-3_p08
339.066440812,363.102831849,24.036391037,Other,random,C3H4O_1,24.036385000,RC2_0046_ICR-3_p08
350.015254367,374.051645404,24.036391037,Other,random,C3H4O_1,24.036385000,RC2_0046_ICR-3_p08
351.194263366,375.230654402,24.036391037,Other,random,C3H4O_1,24.036385000,RC2_0046_ICR-3_p08
392.025809157,416.062200193,24.036391037,Other,random,C3H4O_1,24.036385000,RC2_0046_ICR-3_p08
393.113413543,417.149804580,24.036391037,Other,random,C3H4O_1,24.036385000,RC2_0046_ICR-3_p08
460.117413309,484.153804346,24.036391037,Other,random,C3H4O_1,24.036385000,RC2_0046_ICR-3_p08
295.045910549,319.082301586,24.036391037,Other,random,C3H4O_1,24.036385000,RC2_0046_ICR-3_p08
381.155179270,405.191570307,24.036391037,Other,random,C3H4O_1,24.036385000,RC2_0046_ICR-3_p08
387.048641270,411.085032307,24.036391037,Other,random,C3H4O_1,24.036385000,RC2_0046_ICR-3_p08
457.126895995,481.163287032,24.036391037,Other,random,C3H4O_1,24.036385000,RC2_0046_ICR-3_p08
503.205216529,527.241607566,24.036391037,Other,random,C3H4O_1,24.036385000,RC2_0046_ICR-3_p08
443.082864571,467.119256607,24.036392037,Other,random,C3H4O_1,24.036385000,RC2_0046_ICR-3_p08
505.098679497,529.135071534,24.036392037,Other,random,C3H4O_1,24.036385000,RC2_0046_ICR-3_p08
375.121347866,399.157739903,24.036392037,Other,random,C3H4O_1,24.036385000,RC2_0046_ICR-3_p08
443.119370416,467.155762452,24.036392037,Other,random,C3H4O_1,24.036385000,RC2_0046_ICR-3_p08
477.030979561,501.067371598,24.036392037,Other,random,C3H4O_1,24.036385000,RC2_0046_ICR-3_p08
439.015118826,463.051510863,24.036392037,Other,random,C3H4O_1,24.036385000,RC2_0046_ICR-3_p08
501.134230314,525.170623351,24.036393037,Other,random,C3H4O_1,24.036385000,RC2_0046_ICR-3_p08
299.126538239,323.162931276,24.036393037,Other,random,C3H4O_1,24.036385000,RC2_0046_ICR-3_p08
367.066841034,391.103234070,24.036393037,Other,random,C3H4O_1,24.036385000,RC2_0046_ICR-3_p08
611.234798263,635.271191300,24.036393037,Other,random,C3H4O_1,24.036385000,RC2_0046_ICR-3_p08
373.186690073,397.223083110,24.036393037,Other,random,C3H4O_1,24.036385000,RC2_0046_ICR-3_p08
429.009854269,453.046247306,24.036393037,Other,random,C3H4O_1,24.036385000,RC2_0046_ICR-3_p08
437.085376012,461.121770049,24.036394037,Other,random,C3H4O_1,24.036385000,RC2_0046_ICR-3_p08
261.097959558,285.134353594,24.036394037,Other,random,C3H4O_1,24.036385000,RC2_0046_ICR-3_p08
337.019969494,361.056363530,24.036394037,Other,random,C3H4O_1,24.036385000,RC2_0046_ICR-3_p08
595.166989424,619.203383460,24.036394037,Other,random,C3H4O_1,24.036385000,RC2_0046_ICR-3_p08
285.061602903,310.056843872,24.995240969,Other,random,C1H_1N1,24.995249000,RC2_0046_ICR-3_p08
309.025120249,334.020361218,24.995240969,Other,random,C1H_1N1,24.995249000,RC2_0046_ICR-3_p08
337.214948666,362.210190636,24.995241969,Other,random,C1H_1N1,24.995249000,RC2_0046_ICR-3_p08
286.093204527,311.088446496,24.995241969,Other,random,C1H_1N1,24.995249000,RC2_0046_ICR-3_p08
310.056843872,335.052085841,24.995241969,Other,random,C1H_1N1,24.995249000,RC2_0046_ICR-3_p08
399.178830813,424.174072782,24.995241969,Other,random,C1H_1N1,24.995249000,RC2_0046_ICR-3_p08
323.126518430,348.121761399,24.995242969,Other,random,C1H_1N1,24.995249000,RC2_0046_ICR-3_p08
311.040790698,336.036034667,24.995243969,Other,random,C1H_1N1,24.995249000,RC2_0046_ICR-3_p08
355.139738629,380.134982598,24.995243969,Other,random,C1H_1N1,24.995249000,RC2_0046_ICR-3_p08
261.097959558,286.093204527,24.995244969,Other,random,C1H_1N1,24.995249000,RC2_0046_ICR-3_p08
325.092731089,350.087977059,24.995245969,Other,random,C1H_1N1,24.995249000,RC2_0046_ICR-3_p08
409.077438823,434.072684792,24.995245969,Other,random,C1H_1N1,24.995249000,RC2_0046_ICR-3_p08
393.046244828,418.041491797,24.995246969,Other,random,C1H_1N1,24.995249000,RC2_0046_ICR-3_p08
439.088043517,464.083290486,24.995246969,Other,random,C1H_1N1,24.995249000,RC2_0046_ICR-3_p08
341.160435930,366.155683899,24.995247969,Other,random,C1H_1N1,24.995249000,RC2_0046_ICR-3_p08
265.108226546,290.103474515,24.995247969,Other,random,C1H_1N1,24.995249000,RC2_0046_ICR-3_p08
463.124446553,488.119696523,24.995249969,Other,random,C1H_1N1,24.995249000,RC2_0046_ICR-3_p08
289.056461957,314.051712926,24.995250969,Other,random,C1H_1N1,24.995249000,RC2_0046_ICR-3_p08
327.121522483,352.116773452,24.995250969,Other,random,C1H_1N1,24.995249000,RC2_0046_ICR-3_p08
377.051321679,402.046572648,24.995250969,Other,random,C1H_1N1,24.995249000,RC2_0046_ICR-3_p08
390.095647344,415.090899314,24.995251969,Other,random,C1H_1N1,24.995249000,RC2_0046_ICR-3_p08
311.113457390,336.108709359,24.995251969,Other,random,C1H_1N1,24.995249000,RC2_0046_ICR-3_p08
321.061516190,346.056768159,24.995251969,Other,random,C1H_1N1,24.995249000,RC2_0046_ICR-3_p08
351.121387675,376.116639644,24.995251969,Other,random,C1H_1N1,24.995249000,RC2_0046_ICR-3_p08
349.056393435,374.051645404,24.995251969,Other,random,C1H_1N1,24.995249000,RC2_0046_ICR-3_p08
385.199607114,410.194859083,24.995251969,Other,random,C1H_1N1,24.995249000,RC2_0046_ICR-3_p08
296.041124327,321.036377297,24.995252969,Other,random,C1H_1N1,24.995249000,RC2_0046_ICR-3_p08
335.090226680,360.085480649,24.995253969,Other,random,C1H_1N1,24.995249000,RC2_0046_ICR-3_p08
227.056198964,252.051452933,24.995253969,Other,random,C1H_1N1,24.995249000,RC2_0046_ICR-3_p08
325.056365244,350.051620213,24.995254969,Other,random,C1H_1N1,24.995249000,RC2_0046_ICR-3_p08
541.119759694,566.115015663,24.995255969,Other,random,C1H_1N1,24.995249000,RC2_0046_ICR-3_p08
245.066709563,270.061965532,24.995255969,Other,random,C1H_1N1,24.995249000,RC2_0046_ICR-3_p08
391.066942224,416.062200193,24.995257969,Other,random,C1H_1N1,24.995249000,RC2_0046_ICR-3_p08
471.199937297,496.195196266,24.995258969,Other,random,C1H_1N1,24.995249000,RC2_0046_ICR-3_p08
305.225230368,330.220489337,24.995258969,Other,random,C1H_1N1,24.995249000,RC2_0046_ICR-3_p08
325.129161935,350.124420904,24.995258969,Other,random,C1H_1N1,24.995249000,RC2_0046_ICR-3_p08
405.131978560,430.127237529,24.995258969,Other,random,C1H_1N1,24.995249000,RC2_0046_ICR-3_p08
407.098242219,432.093501188,24.995258969,Other,random,C1H_1N1,24.995249000,RC2_0046_ICR-3_p08
477.103592253,502.098851222,24.995258969,Other,random,C1H_1N1,24.995249000,RC2_0046_ICR-3_p08
505.062203652,530.057462621,24.995258969,Other,random,C1H_1N1,24.995249000,RC2_0046_ICR-3_p08
294.061942723,319.093567538,25.031624815,Other,random,C2H3NO_1,25.031634000,RC2_0046_ICR-3_p08
315.108418443,340.140044258,25.031625815,Other,random,C2H3NO_1,25.031634000,RC2_0046_ICR-3_p08
391.079905169,416.111530984,25.031625815,Other,random,C2H3NO_1,25.031634000,RC2_0046_ICR-3_p08
267.014712459,292.046339274,25.031626815,Other,random,C2H3NO_1,25.031634000,RC2_0046_ICR-3_p08
269.066630754,294.098257569,25.031626815,Other,random,C2H3NO_1,25.031634000,RC2_0046_ICR-3_p08
433.041118168,458.072744983,25.031626815,Other,random,C2H3NO_1,25.031634000,RC2_0046_ICR-3_p08
439.088043517,464.119670332,25.031626815,Other,random,C2H3NO_1,25.031634000,RC2_0046_ICR-3_p08
513.052060759,538.083689573,25.031628815,Other,random,C2H3NO_1,25.031634000,RC2_0046_ICR-3_p08
255.014709363,280.046339178,25.031629815,Other,random,C2H3NO_1,25.031634000,RC2_0046_ICR-3_p08
291.209549823,316.241179638,25.031629815,Other,random,C2H3NO_1,25.031634000,RC2_0046_ICR-3_p08
309.097848940,334.129479755,25.031630815,Other,random,C2H3NO_1,25.031634000,RC2_0046_ICR-3_p08
417.009905173,442.041535988,25.031630815,Other,random,C2H3NO_1,25.031634000,RC2_0046_ICR-3_p08
511.109313000,536.140944815,25.031631815,Other,random,C2H3NO_1,25.031634000,RC2_0046_ICR-3_p08
477.030979561,502.062612376,25.031632815,Other,random,C2H3NO_1,25.031634000,RC2_0046_ICR-3_p08
375.035579230,400.067213045,25.031633815,Other,random,C2H3NO_1,25.031634000,RC2_0046_ICR-3_p08
423.020394676,448.052028491,25.031633815,Other,random,C2H3NO_1,25.031634000,RC2_0046_ICR-3_p08
441.176386658,466.208022473,25.031635815,Other,random,C2H3NO_1,25.031634000,RC2_0046_ICR-3_p08
505.062203652,530.093839467,25.031635815,Other,random,C2H3NO_1,25.031634000,RC2_0046_ICR-3_p08
355.189059420,380.220696234,25.031636815,Other,random,C2H3NO_1,25.031634000,RC2_0046_ICR-3_p08
301.092838898,326.124475713,25.031636815,Other,random,C2H3NO_1,25.031634000,RC2_0046_ICR-3_p08
305.188850522,330.220489337,25.031638815,Other,random,C2H3NO_1,25.031634000,RC2_0046_ICR-3_p08
339.108406634,364.140045449,25.031638815,Other,random,C2H3NO_1,25.031634000,RC2_0046_ICR-3_p08
295.082307395,320.113946210,25.031638815,Other,random,C2H3NO_1,25.031634000,RC2_0046_ICR-3_p08
399.056783331,424.088423146,25.031639815,Other,random,C2H3NO_1,25.031634000,RC2_0046_ICR-3_p08
327.108359539,352.140000354,25.031640815,Other,random,C2H3NO_1,25.031634000,RC2_0046_ICR-3_p08
653.281939898,679.261195693,25.979255795,Other,random,H_2C1O1,25.979265000,RC2_0046_ICR-3_p08
305.102952887,331.082208682,25.979255795,Other,random,H_2C1O1,25.979265000,RC2_0046_ICR-3_p08
333.046238350,359.025494145,25.979255795,Other,random,H_2C1O1,25.979265000,RC2_0046_ICR-3_p08
235.061279006,261.040534801,25.979255795,Other,random,H_2C1O1,25.979265000,RC2_0046_ICR-3_p08
487.191635459,513.170891254,25.979255795,Other,random,H_2C1O1,25.979265000,RC2_0046_ICR-3_p08
573.088666081,599.067921876,25.979255795,Other,random,H_2C1O1,25.979265000,RC2_0046_ICR-3_p08
343.095198722,369.074455517,25.979256795,Other,random,H_2C1O1,25.979265000,RC2_0046_ICR-3_p08
407.129005088,433.108261883,25.979256795,Other,random,H_2C1O1,25.979265000,RC2_0046_ICR-3_p08
435.142513254,461.121770049,25.979256795,Other,random,H_2C1O1,25.979265000,RC2_0046_ICR-3_p08
457.244065498,483.223322293,25.979256795,Other,random,H_2C1O1,25.979265000,RC2_0046_ICR-3_p08
461.108806104,487.088062899,25.979256795,Other,random,H_2C1O1,25.979265000,RC2_0046_ICR-3_p08
503.082891048,529.062147843,25.979256795,Other,random,H_2C1O1,25.979265000,RC2_0046_ICR-3_p08
555.236593810,581.215850605,25.979256795,Other,random,H_2C1O1,25.979265000,RC2_0046_ICR-3_p08
259.082346108,285.061602903,25.979256795,Other,random,H_2C1O1,25.979265000,RC2_0046_ICR-3_p08
313.142233784,339.121490579,25.979256795,Other,random,H_2C1O1,25.979265000,RC2_0046_ICR-3_p08
401.145149472,427.124406267,25.979256795,Other,random,H_2C1O1,25.979265000,RC2_0046_ICR-3_p08
504.078205826,530.057462621,25.979256795,Other,random,H_2C1O1,25.979265000,RC2_0046_ICR-3_p08
493.293634575,519.272892370,25.979257795,Other,random,H_2C1O1,25.979265000,RC2_0046_ICR-3_p08
523.109276095,549.088533890,25.979257795,Other,random,H_2C1O1,25.979265000,RC2_0046_ICR-3_p08
259.100986029,285.080243824,25.979257795,Other,random,H_2C1O1,25.979265000,RC2_0046_ICR-3_p08
265.071784701,291.051042496,25.979257795,Other,random,H_2C1O1,25.979265000,RC2_0046_ICR-3_p08
271.191490741,297.170748536,25.979257795,Other,random,H_2C1O1,25.979265000,RC2_0046_ICR-3_p08
341.116034118,367.095291913,25.979257795,Other,random,H_2C1O1,25.979265000,RC2_0046_ICR-3_p08
375.085110020,401.064367815,25.979257795,Other,random,H_2C1O1,25.979265000,RC2_0046_ICR-3_p08
408.093426997,434.072684792,25.979257795,Other,random,H_2C1O1,25.979265000,RC2_0046_ICR-3_p08
411.093011273,437.072269068,25.979257795,Other,random,H_2C1O1,25.979265000,RC2_0046_ICR-3_p08
459.069828753,485.049086548,25.979257795,Other,random,H_2C1O1,25.979265000,RC2_0046_ICR-3_p08
645.218979101,671.198236896,25.979257795,Other,random,H_2C1O1,25.979265000,RC2_0046_ICR-3_p08
341.137114029,367.116372823,25.979258795,Other,random,H_2C1O1,25.979265000,RC2_0046_ICR-3_p08
543.236646714,569.215905509,25.979258795,Other,random,H_2C1O1,25.979265000,RC2_0046_ICR-3_p08
284.077585077,310.056843872,25.979258795,Other,random,H_2C1O1,25.979265000,RC2_0046_ICR-3_p08
337.069369284,363.048628079,25.979258795,Other,random,H_2C1O1,25.979265000,RC2_0046_ICR-3_p08
371.147649723,397.126908518,25.979258795,Other,random,H_2C1O1,25.979265000,RC2_0046_ICR-3_p08
347.107888700,373.087147495,25.979258795,Other,random,H_2C1O1,25.979265000,RC2_0046_ICR-3_p08
379.206786535,405.186045330,25.979258795,Other,random,H_2C1O1,25.979265000,RC2_0046_ICR-3_p08
423.106006313,449.085265108,25.979258795,Other,random,H_2C1O1,25.979265000,RC2_0046_ICR-3_p08
489.262142676,515.241401471,25.979258795,Other,random,H_2C1O1,25.979265000,RC2_0046_ICR-3_p08
667.297712442,693.276971237,25.979258795,Other,random,H_2C1O1,25.979265000,RC2_0046_ICR-3_p08
547.254785669,573.234045464,25.979259795,Other,random,H_2C1O1,25.979265000,RC2_0046_ICR-3_p08
553.278323117,579.257582912,25.979259795,Other,random,H_2C1O1,25.979265000,RC2_0046_ICR-3_p08
369.168415119,395.147674914,25.979259795,Other,random,H_2C1O1,25.979265000,RC2_0046_ICR-3_p08
397.163217364,423.142477159,25.979259795,Other,random,H_2C1O1,25.979265000,RC2_0046_ICR-3_p08
425.121614763,451.100874558,25.979259795,Other,random,H_2C1O1,25.979265000,RC2_0046_ICR-3_p08
459.142468445,485.121728240,25.979259795,Other,random,H_2C1O1,25.979265000,RC2_0046_ICR-3_p08
497.215672937,523.194932732,25.979259795,Other,random,H_2C1O1,25.979265000,RC2_0046_ICR-3_p08
335.077103735,361.056363530,25.979259795,Other,random,H_2C1O1,25.979265000,RC2_0046_ICR-3_p08
431.046616629,457.025877424,25.979260795,Other,random,H_2C1O1,25.979265000,RC2_0046_ICR-3_p08
327.108359539,353.087620334,25.979260795,Other,random,H_2C1O1,25.979265000,RC2_0046_ICR-3_p08
339.144720480,365.123981275,25.979260795,Other,random,H_2C1O1,25.979265000,RC2_0046_ICR-3_p08
579.244743967,605.224004762,25.979260795,Other,random,H_2C1O1,25.979265000,RC2_0046_ICR-3_p08
308.077508269,334.056770064,25.979261795,Other,random,H_2C1O1,25.979265000,RC2_0046_ICR-3_p08
475.072935867,501.052197662,25.979261795,Other,random,H_2C1O1,25.979265000,RC2_0046_ICR-3_p08
485.166323051,511.145584846,25.979261795,Other,random,H_2C1O1,25.979265000,RC2_0046_ICR-3_p08
569.273024267,595.252286062,25.979261795,Other,random,H_2C1O1,25.979265000,RC2_0046_ICR-3_p08
613.213719869,639.192981664,25.979261795,Other,random,H_2C1O1,25.979265000,RC2_0046_ICR-3_p08
501.197535046,527.176796841,25.979261795,Other,random,H_2C1O1,25.979265000,RC2_0046_ICR-3_p08
373.142194262,399.121456057,25.979261795,Other,random,H_2C1O1,25.979265000,RC2_0046_ICR-3_p08
495.114276851,521.093539646,25.979262795,Other,random,H_2C1O1,25.979265000,RC2_0046_ICR-3_p08
301.202030435,327.181293230,25.979262795,Other,random,H_2C1O1,25.979265000,RC2_0046_ICR-3_p08
399.157739903,425.137002698,25.979262795,Other,random,H_2C1O1,25.979265000,RC2_0046_ICR-3_p08
417.155302556,443.134565351,25.979262795,Other,random,H_2C1O1,25.979265000,RC2_0046_ICR-3_p08
459.251686982,485.230949777,25.979262795,Other,random,H_2C1O1,25.979265000,RC2_0046_ICR-3_p08
461.194548740,487.173811535,25.979262795,Other,random,H_2C1O1,25.979265000,RC2_0046_ICR-3_p08
312.108778168,338.088041963,25.979263795,Other,random,H_2C1O1,25.979265000,RC2_0046_ICR-3_p08
345.074538326,371.053802121,25.979263795,Other,random,H_2C1O1,25.979265000,RC2_0046_ICR-3_p08
475.191451365,501.170715160,25.979263795,Other,random,H_2C1O1,25.979265000,RC2_0046_ICR-3_p08
445.181050670,471.160314465,25.979263795,Other,random,H_2C1O1,25.979265000,RC2_0046_ICR-3_p08
447.160280274,473.139544069,25.979263795,Other,random,H_2C1O1,25.979265000,RC2_0046_ICR-3_p08
545.151020593,571.130284388,25.979263795,Other,random,H_2C1O1,25.979265000,RC2_0046_ICR-3_p08
419.061807469,445.041071264,25.979263795,Other,random,H_2C1O1,25.979265000,RC2_0046_ICR-3_p08
489.249171731,515.228435526,25.979263795,Other,random,H_2C1O1,25.979265000,RC2_0046_ICR-3_p08
245.139512254,271.118777049,25.979264795,Other,random,H_2C1O1,25.979265000,RC2_0046_ICR-3_p08
307.045857645,333.025122440,25.979264795,Other,random,H_2C1O1,25.979265000,RC2_0046_ICR-3_p08
369.155289174,395.134553969,25.979264795,Other,random,H_2C1O1,25.979265000,RC2_0046_ICR-3_p08
431.228560857,457.207825652,25.979264795,Other,random,H_2C1O1,25.979265000,RC2_0046_ICR-3_p08
609.304474452,635.283739247,25.979264795,Other,random,H_2C1O1,25.979265000,RC2_0046_ICR-3_p08
319.095273531,345.074538326,25.979264795,Other,random,H_2C1O1,25.979265000,RC2_0046_ICR-3_p08
319.204436068,345.183700863,25.979264795,Other,random,H_2C1O1,25.979265000,RC2_0046_ICR-3_p08
573.197712618,599.176978413,25.979265795,Other,random,H_2C1O1,25.979265000,RC2_0046_ICR-3_p08
311.149873236,337.129139030,25.979265795,Other,random,H_2C1O1,25.979265000,RC2_0046_ICR-3_p08
317.097322006,343.076587801,25.979265795,Other,random,H_2C1O1,25.979265000,RC2_0046_ICR-3_p08
319.058846685,345.038112480,25.979265795,Other,random,H_2C1O1,25.979265000,RC2_0046_ICR-3_p08
329.051278297,355.030544092,25.979265795,Other,random,H_2C1O1,25.979265000,RC2_0046_ICR-3_p08
391.079905169,417.059170964,25.979265795,Other,random,H_2C1O1,25.979265000,RC2_0046_ICR-3_p08
415.124401172,441.103666966,25.979265795,Other,random,H_2C1O1,25.979265000,RC2_0046_ICR-3_p08
450.075714907,476.054980702,25.979265795,Other,random,H_2C1O1,25.979265000,RC2_0046_ICR-3_p08
463.101052653,489.080318448,25.979265795,Other,random,H_2C1O1,25.979265000,RC2_0046_ICR-3_p08
489.153135139,515.132400934,25.979265795,Other,random,H_2C1O1,25.979265000,RC2_0046_ICR-3_p08
603.184997411,629.164263206,25.979265795,Other,random,H_2C1O1,25.979265000,RC2_0046_ICR-3_p08
489.161302104,515.140568899,25.979266795,Other,random,H_2C1O1,25.979265000,RC2_0046_ICR-3_p08
387.084999116,413.064265911,25.979266795,Other,random,H_2C1O1,25.979265000,RC2_0046_ICR-3_p08
397.144537443,423.123804238,25.979266795,Other,random,H_2C1O1,25.979265000,RC2_0046_ICR-3_p08
449.139602878,475.118869673,25.979266795,Other,random,H_2C1O1,25.979265000,RC2_0046_ICR-3_p08
509.288471724,535.267738519,25.979266795,Other,random,H_2C1O1,25.979265000,RC2_0046_ICR-3_p08
519.223547579,545.202814374,25.979266795,Other,random,H_2C1O1,25.979265000,RC2_0046_ICR-3_p08
375.093185986,401.072452780,25.979266795,Other,random,H_2C1O1,25.979265000,RC2_0046_ICR-3_p08
389.108638531,415.087905326,25.979266795,Other,random,H_2C1O1,25.979265000,RC2_0046_ICR-3_p08
491.150107667,517.129374462,25.979266795,Other,random,H_2C1O1,25.979265000,RC2_0046_ICR-3_p08
531.236623619,557.215890414,25.979266795,Other,random,H_2C1O1,25.979265000,RC2_0046_ICR-3_p08
613.120295265,639.099562060,25.979266795,Other,random,H_2C1O1,25.979265000,RC2_0046_ICR-3_p08
597.255355565,623.234623360,25.979267795,Other,random,H_2C1O1,25.979265000,RC2_0046_ICR-3_p08
325.105822034,351.085089829,25.979267795,Other,random,H_2C1O1,25.979265000,RC2_0046_ICR-3_p08
253.035401759,279.014669554,25.979267795,Other,random,H_2C1O1,25.979265000,RC2_0046_ICR-3_p08
303.160082129,329.139349923,25.979267795,Other,random,H_2C1O1,25.979265000,RC2_0046_ICR-3_p08
349.178634916,375.157902711,25.979267795,Other,random,H_2C1O1,25.979265000,RC2_0046_ICR-3_p08
377.100588470,403.079856265,25.979267795,Other,random,H_2C1O1,25.979265000,RC2_0046_ICR-3_p08
327.217607076,353.196874871,25.979267795,Other,random,H_2C1O1,25.979265000,RC2_0046_ICR-3_p08
497.130008301,523.109276095,25.979267795,Other,random,H_2C1O1,25.979265000,RC2_0046_ICR-3_p08
505.129513366,531.108781161,25.979267795,Other,random,H_2C1O1,25.979265000,RC2_0046_ICR-3_p08
243.160213650,269.139482445,25.979268795,Other,random,H_2C1O1,25.979265000,RC2_0046_ICR-3_p08
327.136799418,353.116068213,25.979268795,Other,random,H_2C1O1,25.979265000,RC2_0046_ICR-3_p08
345.061361382,371.040630177,25.979268795,Other,random,H_2C1O1,25.979265000,RC2_0046_ICR-3_p08
405.059221868,431.038490663,25.979268795,Other,random,H_2C1O1,25.979265000,RC2_0046_ICR-3_p08
443.201631067,469.180899862,25.979268795,Other,random,H_2C1O1,25.979265000,RC2_0046_ICR-3_p08
259.155084800,285.134353594,25.979268795,Other,random,H_2C1O1,25.979265000,RC2_0046_ICR-3_p08
379.079953073,405.059221868,25.979268795,Other,random,H_2C1O1,25.979265000,RC2_0046_ICR-3_p08
541.229059231,567.208328026,25.979268795,Other,random,H_2C1O1,25.979265000,RC2_0046_ICR-3_p08
583.166824329,609.146093124,25.979268795,Other,random,H_2C1O1,25.979265000,RC2_0046_ICR-3_p08
303.087286437,329.066555232,25.979268795,Other,random,H_2C1O1,25.979265000,RC2_0046_ICR-3_p08
309.025120249,335.004389044,25.979268795,Other,random,H_2C1O1,25.979265000,RC2_0046_ICR-3_p08
631.094349018,657.073617813,25.979268795,Other,random,H_2C1O1,25.979265000,RC2_0046_ICR-3_p08
337.092807185,363.072076980,25.979269795,Other,random,H_2C1O1,25.979265000,RC2_0046_ICR-3_p08
465.080369256,491.059639051,25.979269795,Other,random,H_2C1O1,25.979265000,RC2_0046_ICR-3_p08
473.108686200,499.087955995,25.979269795,Other,random,H_2C1O1,25.979265000,RC2_0046_ICR-3_p08
239.056148060,265.035417855,25.979269795,Other,random,H_2C1O1,25.979265000,RC2_0046_ICR-3_p08
315.181166135,341.160435930,25.979269795,Other,random,H_2C1O1,25.979265000,RC2_0046_ICR-3_p08
365.246186757,391.225456552,25.979269795,Other,random,H_2C1O1,25.979265000,RC2_0046_ICR-3_p08
247.082359012,273.061628807,25.979269795,Other,random,H_2C1O1,25.979265000,RC2_0046_ICR-3_p08
479.222603264,505.201874059,25.979270795,Other,random,H_2C1O1,25.979265000,RC2_0046_ICR-3_p08
315.063982632,341.043253427,25.979270795,Other,random,H_2C1O1,25.979265000,RC2_0046_ICR-3_p08
405.095503714,431.074774509,25.979270795,Other,random,H_2C1O1,25.979265000,RC2_0046_ICR-3_p08
266.067068479,292.046339274,25.979270795,Other,random,H_2C1O1,25.979265000,RC2_0046_ICR-3_p08
283.131711090,309.110981885,25.979270795,Other,random,H_2C1O1,25.979265000,RC2_0046_ICR-3_p08
339.157866425,365.137137219,25.979270795,Other,random,H_2C1O1,25.979265000,RC2_0046_ICR-3_p08
385.077519632,411.056790426,25.979270795,Other,random,H_2C1O1,25.979265000,RC2_0046_ICR-3_p08
391.066942224,417.046213019,25.979270795,Other,random,H_2C1O1,25.979265000,RC2_0046_ICR-3_p08
503.168942683,529.148213478,25.979270795,Other,random,H_2C1O1,25.979265000,RC2_0046_ICR-3_p08
347.126509621,373.105781416,25.979271795,Other,random,H_2C1O1,25.979265000,RC2_0046_ICR-3_p08
469.135005056,495.114276851,25.979271795,Other,random,H_2C1O1,25.979265000,RC2_0046_ICR-3_p08
693.313032084,719.292303879,25.979271795,Other,random,H_2C1O1,25.979265000,RC2_0046_ICR-3_p08
583.203209175,609.182480970,25.979271795,Other,random,H_2C1O1,25.979265000,RC2_0046_ICR-3_p08
497.158335180,523.137606975,25.979271795,Other,random,H_2C1O1,25.979265000,RC2_0046_ICR-3_p08
407.074844318,433.054116113,25.979271795,Other,random,H_2C1O1,25.979265000,RC2_0046_ICR-3_p08
445.090453054,471.069724849,25.979271795,Other,random,H_2C1O1,25.979265000,RC2_0046_ICR-3_p08
393.155279365,419.134552160,25.979272795,Other,random,H_2C1O1,25.979265000,RC2_0046_ICR-3_p08
479.155765548,505.135038343,25.979272795,Other,random,H_2C1O1,25.979265000,RC2_0046_ICR-3_p08
263.056162251,289.035435046,25.979272795,Other,random,H_2C1O1,25.979265000,RC2_0046_ICR-3_p08
327.072039693,353.051312488,25.979272795,Other,random,H_2C1O1,25.979265000,RC2_0046_ICR-3_p08
347.162921467,373.142194262,25.979272795,Other,random,H_2C1O1,25.979265000,RC2_0046_ICR-3_p08
359.080395912,385.059668707,25.979272795,Other,random,H_2C1O1,25.979265000,RC2_0046_ICR-3_p08
397.041121882,423.020394676,25.979272795,Other,random,H_2C1O1,25.979265000,RC2_0046_ICR-3_p08
417.118955711,443.098228505,25.979272795,Other,random,H_2C1O1,25.979265000,RC2_0046_ICR-3_p08
431.207465947,457.186738741,25.979272795,Other,random,H_2C1O1,25.979265000,RC2_0046_ICR-3_p08
459.160242370,485.139515165,25.979272795,Other,random,H_2C1O1,25.979265000,RC2_0046_ICR-3_p08
553.119853789,579.099126584,25.979272795,Other,random,H_2C1O1,25.979265000,RC2_0046_ICR-3_p08
268.082669928,294.061942723,25.979272795,Other,random,H_2C1O1,25.979265000,RC2_0046_ICR-3_p08
303.050960591,329.030234386,25.979273795,Other,random,H_2C1O1,25.979265000,RC2_0046_ICR-3_p08
405.241225096,431.220498891,25.979273795,Other,random,H_2C1O1,25.979265000,RC2_0046_ICR-3_p08
233.081975403,259.061249198,25.979273795,Other,random,H_2C1O1,25.979265000,RC2_0046_ICR-3_p08
271.082314204,297.061587999,25.979273795,Other,random,H_2C1O1,25.979265000,RC2_0046_ICR-3_p08
343.066959842,369.046234637,25.979274795,Other,random,H_2C1O1,25.979265000,RC2_0046_ICR-3_p08
549.137988681,575.117263475,25.979274795,Other,random,H_2C1O1,25.979265000,RC2_0046_ICR-3_p08
459.187048256,485.166323051,25.979274795,Other,random,H_2C1O1,25.979265000,RC2_0046_ICR-3_p08
471.077781815,497.057056610,25.979274795,Other,random,H_2C1O1,25.979265000,RC2_0046_ICR-3_p08
521.166413337,547.145688132,25.979274795,Other,random,H_2C1O1,25.979265000,RC2_0046_ICR-3_p08
549.088533890,575.104174531,26.015640641,Other,random,C2H2,26.015650000,RC2_0046_ICR-3_p08
333.097906131,359.113546772,26.015640641,Other,random,C2H2,26.015650000,RC2_0046_ICR-3_p08
397.105762607,423.121403248,26.015640641,Other,random,C2H2,26.015650000,RC2_0046_ICR-3_p08
451.015338921,477.030979561,26.015640641,Other,random,C2H2,26.015650000,RC2_0046_ICR-3_p08
471.150686506,497.166327146,26.015640641,Other,random,C2H2,26.015650000,RC2_0046_ICR-3_p08
531.062589357,557.078229998,26.015640641,Other,random,C2H2,26.015650000,RC2_0046_ICR-3_p08
257.175886195,283.191527836,26.015641641,Other,random,C2H2,26.015650000,RC2_0046_ICR-3_p08
391.170422785,417.186064426,26.015641641,Other,random,C2H2,26.015650000,RC2_0046_ICR-3_p08
233.045607557,259.061249198,26.015641641,Other,random,C2H2,26.015650000,RC2_0046_ICR-3_p08
397.199659209,423.215300850,26.015641641,Other,random,C2H2,26.015650000,RC2_0046_ICR-3_p08
427.173820057,453.189461698,26.015641641,Other,random,C2H2,26.015650000,RC2_0046_ICR-3_p08
227.056198964,253.071840605,26.015641641,Other,random,C2H2,26.015650000,RC2_0046_ICR-3_p08
341.079649272,367.095291913,26.015642641,Other,random,C2H2,26.015650000,RC2_0046_ICR-3_p08
265.144574392,291.160217032,26.015642641,Other,random,C2H2,26.015650000,RC2_0046_ICR-3_p08
377.124064370,403.139707011,26.015642641,Other,random,C2H2,26.015650000,RC2_0046_ICR-3_p08
513.088488604,539.104131245,26.015642641,Other,random,C2H2,26.015650000,RC2_0046_ICR-3_p08
349.050777458,375.066421099,26.015643641,Other,random,C2H2,26.015650000,RC2_0046_ICR-3_p08
505.257294824,531.272938465,26.015643641,Other,random,C2H2,26.015650000,RC2_0046_ICR-3_p08
572.169851979,598.185495619,26.015643641,Other,random,C2H2,26.015650000,RC2_0046_ICR-3_p08
240.051424838,266.067068479,26.015643641,Other,random,C2H2,26.015650000,RC2_0046_ICR-3_p08
376.030929008,402.046572648,26.015643641,Other,random,C2H2,26.015650000,RC2_0046_ICR-3_p08
381.191773115,407.207416756,26.015643641,Other,random,C2H2,26.015650000,RC2_0046_ICR-3_p08
389.054532761,415.070176402,26.015643641,Other,random,C2H2,26.015650000,RC2_0046_ICR-3_p08
391.116388014,417.132031655,26.015643641,Other,random,C2H2,26.015650000,RC2_0046_ICR-3_p08
429.030897180,455.046540820,26.015643641,Other,random,C2H2,26.015650000,RC2_0046_ICR-3_p08
438.039326966,464.054970606,26.015643641,Other,random,C2H2,26.015650000,RC2_0046_ICR-3_p08
391.152659861,417.168303501,26.015643641,Other,random,C2H2,26.015650000,RC2_0046_ICR-3_p08
511.145584846,537.161228486,26.015643641,Other,random,C2H2,26.015650000,RC2_0046_ICR-3_p08
399.056783331,425.072427972,26.015644641,Other,random,C2H2,26.015650000,RC2_0046_ICR-3_p08
423.093130368,449.108775008,26.015644641,Other,random,C2H2,26.015650000,RC2_0046_ICR-3_p08
440.091278261,466.106922902,26.015644641,Other,random,C2H2,26.015650000,RC2_0046_ICR-3_p08
329.124093988,355.139738629,26.015644641,Other,random,C2H2,26.015650000,RC2_0046_ICR-3_p08
303.087286437,329.102931078,26.015644641,Other,random,C2H2,26.015650000,RC2_0046_ICR-3_p08
473.093450265,499.109094905,26.015644641,Other,random,C2H2,26.015650000,RC2_0046_ICR-3_p08
251.019771310,277.035415950,26.015644641,Other,random,C2H2,26.015650000,RC2_0046_ICR-3_p08
449.181372701,475.197017341,26.015644641,Other,random,C2H2,26.015650000,RC2_0046_ICR-3_p08
473.085417299,499.101061939,26.015644641,Other,random,C2H2,26.015650000,RC2_0046_ICR-3_p08
501.052197662,527.067842303,26.015644641,Other,random,C2H2,26.015650000,RC2_0046_ICR-3_p08
502.127962099,528.143606740,26.015644641,Other,random,C2H2,26.015650000,RC2_0046_ICR-3_p08
383.134591874,409.150237514,26.015645641,Other,random,C2H2,26.015650000,RC2_0046_ICR-3_p08
576.144487118,602.160132759,26.015645641,Other,random,C2H2,26.015650000,RC2_0046_ICR-3_p08
373.113891382,399.129537022,26.015645641,Other,random,C2H2,26.015650000,RC2_0046_ICR-3_p08
485.072211450,511.087857091,26.015645641,Other,random,C2H2,26.015650000,RC2_0046_ICR-3_p08
571.195130113,597.210775754,26.015645641,Other,random,C2H2,26.015650000,RC2_0046_ICR-3_p08
239.019772214,265.035417855,26.015645641,Other,random,C2H2,26.015650000,RC2_0046_ICR-3_p08
268.046297083,294.061942723,26.015645641,Other,random,C2H2,26.015650000,RC2_0046_ICR-3_p08
339.121490579,365.137137219,26.015646641,Other,random,C2H2,26.015650000,RC2_0046_ICR-3_p08
447.160280274,473.175926915,26.015646641,Other,random,C2H2,26.015650000,RC2_0046_ICR-3_p08
458.057659047,484.073305688,26.015646641,Other,random,C2H2,26.015650000,RC2_0046_ICR-3_p08
531.150714983,557.166361624,26.015646641,Other,random,C2H2,26.015650000,RC2_0046_ICR-3_p08
251.092527001,277.108173642,26.015646641,Other,random,C2H2,26.015650000,RC2_0046_ICR-3_p08
352.030893817,378.046540457,26.015646641,Other,random,C2H2,26.015650000,RC2_0046_ICR-3_p08
487.124388745,513.140035385,26.015646641,Other,random,C2H2,26.015650000,RC2_0046_ICR-3_p08
497.035956699,523.051603340,26.015646641,Other,random,C2H2,26.015650000,RC2_0046_ICR-3_p08
577.156235826,603.171882467,26.015646641,Other,random,C2H2,26.015650000,RC2_0046_ICR-3_p08
275.092456193,301.108103833,26.015647641,Other,random,C2H2,26.015650000,RC2_0046_ICR-3_p08
291.144849098,317.160496738,26.015647641,Other,random,C2H2,26.015650000,RC2_0046_ICR-3_p08
359.061871991,385.077519632,26.015647641,Other,random,C2H2,26.015650000,RC2_0046_ICR-3_p08
391.079905169,417.095552810,26.015647641,Other,random,C2H2,26.015650000,RC2_0046_ICR-3_p08
391.189115706,417.204763347,26.015647641,Other,random,C2H2,26.015650000,RC2_0046_ICR-3_p08
403.061365343,429.077012984,26.015647641,Other,random,C2H2,26.015650000,RC2_0046_ICR-3_p08
557.143136722,583.158784363,26.015647641,Other,random,C2H2,26.015650000,RC2_0046_ICR-3_p08
653.136339516,679.151987156,26.015647641,Other,random,C2H2,26.015650000,RC2_0046_ICR-3_p08
366.082980207,392.098628848,26.015648641,Other,random,C2H2,26.015650000,RC2_0046_ICR-3_p08
326.088036867,352.103685508,26.015648641,Other,random,C2H2,26.015650000,RC2_0046_ICR-3_p08
409.235952151,435.251600791,26.015648641,Other,random,C2H2,26.015650000,RC2_0046_ICR-3_p08
299.126538239,325.142186880,26.015648641,Other,random,C2H2,26.015650000,RC2_0046_ICR-3_p08
362.088018154,388.103666795,26.015648641,Other,random,C2H2,26.015650000,RC2_0046_ICR-3_p08
475.109113714,501.124762355,26.015648641,Other,random,C2H2,26.015650000,RC2_0046_ICR-3_p08
317.102938982,343.118588623,26.015649641,Other,random,C2H2,26.015650000,RC2_0046_ICR-3_p08
319.131689376,345.147339017,26.015649641,Other,random,C2H2,26.015650000,RC2_0046_ICR-3_p08
365.014899738,391.030549379,26.015649641,Other,random,C2H2,26.015650000,RC2_0046_ICR-3_p08
375.035579230,401.051228870,26.015649641,Other,random,C2H2,26.015650000,RC2_0046_ICR-3_p08
377.173368161,403.189017802,26.015649641,Other,random,C2H2,26.015650000,RC2_0046_ICR-3_p08
413.194597358,439.210246998,26.015649641,Other,random,C2H2,26.015650000,RC2_0046_ICR-3_p08
519.041591351,545.057240991,26.015649641,Other,random,C2H2,26.015650000,RC2_0046_ICR-3_p08
483.259780139,509.275429779,26.015649641,Other,random,C2H2,26.015650000,RC2_0046_ICR-3_p08
356.111616506,382.127266147,26.015649641,Other,random,C2H2,26.015650000,RC2_0046_ICR-3_p08
409.180991384,435.196641024,26.015649641,Other,random,C2H2,26.015650000,RC2_0046_ICR-3_p08
369.082489483,395.098140124,26.015650641,Other,random,C2H2,26.015650000,RC2_0046_ICR-3_p08
281.152441486,307.168092126,26.015650641,Other,random,C2H2,26.015650000,RC2_0046_ICR-3_p08
224.056505689,250.072156330,26.015650641,Other,random,C2H2,26.015650000,RC2_0046_ICR-3_p08
303.123699283,329.139349923,26.015650641,Other,random,C2H2,26.015650000,RC2_0046_ICR-3_p08
351.181154421,377.196806062,26.015651641,Other,random,C2H2,26.015650000,RC2_0046_ICR-3_p08
225.113277206,251.128928847,26.015651641,Other,random,C2H2,26.015650000,RC2_0046_ICR-3_p08
307.168092126,333.183743767,26.015651641,Other,random,C2H2,26.015650000,RC2_0046_ICR-3_p08
327.127034460,353.142686100,26.015651641,Other,random,C2H2,26.015650000,RC2_0046_ICR-3_p08
339.035520944,365.051172584,26.015651641,Other,random,C2H2,26.015650000,RC2_0046_ICR-3_p08
471.215352231,497.231003872,26.015651641,Other,random,C2H2,26.015650000,RC2_0046_ICR-3_p08
225.040542515,251.056194155,26.015651641,Other,random,C2H2,26.015650000,RC2_0046_ICR-3_p08
419.056244492,445.071896133,26.015651641,Other,random,C2H2,26.015650000,RC2_0046_ICR-3_p08
429.118988806,455.134640447,26.015651641,Other,random,C2H2,26.015650000,RC2_0046_ICR-3_p08
533.093617741,559.109269382,26.015651641,Other,random,C2H2,26.015650000,RC2_0046_ICR-3_p08
597.210775754,623.226428395,26.015652641,Other,random,C2H2,26.015650000,RC2_0046_ICR-3_p08
553.026198187,579.041850827,26.015652641,Other,random,C2H2,26.015650000,RC2_0046_ICR-3_p08
237.004127765,263.019780405,26.015652641,Other,random,C2H2,26.015650000,RC2_0046_ICR-3_p08
349.056393435,375.072046075,26.015652641,Other,random,C2H2,26.015650000,RC2_0046_ICR-3_p08
355.103296783,381.118949424,26.015652641,Other,random,C2H2,26.015650000,RC2_0046_ICR-3_p08
357.092252346,383.107904987,26.015652641,Other,random,C2H2,26.015650000,RC2_0046_ICR-3_p08
400.096503920,426.112156561,26.015652641,Other,random,C2H2,26.015650000,RC2_0046_ICR-3_p08
425.035929126,451.051581767,26.015652641,Other,random,C2H2,26.015650000,RC2_0046_ICR-3_p08
441.204789537,467.220442178,26.015652641,Other,random,C2H2,26.015650000,RC2_0046_ICR-3_p08
323.071459664,349.087113304,26.015653641,Other,random,C2H2,26.015650000,RC2_0046_ICR-3_p08
325.129161935,351.144815575,26.015653641,Other,random,C2H2,26.015650000,RC2_0046_ICR-3_p08
401.137065506,427.152719147,26.015653641,Other,random,C2H2,26.015650000,RC2_0046_ICR-3_p08
423.215300850,449.230954490,26.015653641,Other,random,C2H2,26.015650000,RC2_0046_ICR-3_p08
451.118730482,477.134384123,26.015653641,Other,random,C2H2,26.015650000,RC2_0046_ICR-3_p08
511.181879692,537.197533332,26.015653641,Other,random,C2H2,26.015650000,RC2_0046_ICR-3_p08
521.143187436,547.158841076,26.015653641,Other,random,C2H2,26.015650000,RC2_0046_ICR-3_p08
553.184645515,579.200299155,26.015653641,Other,random,C2H2,26.015650000,RC2_0046_ICR-3_p08
430.070460770,456.086114410,26.015653641,Other,random,C2H2,26.015650000,RC2_0046_ICR-3_p08
351.035667038,377.051321679,26.015654641,Other,random,C2H2,26.015650000,RC2_0046_ICR-3_p08
413.072388876,439.088043517,26.015654641,Other,random,C2H2,26.015650000,RC2_0046_ICR-3_p08
473.049133453,499.064788093,26.015654641,Other,random,C2H2,26.015650000,RC2_0046_ICR-3_p08
585.182612778,611.198267418,26.015654641,Other,random,C2H2,26.015650000,RC2_0046_ICR-3_p08
263.019780405,289.035435046,26.015654641,Other,random,C2H2,26.015650000,RC2_0046_ICR-3_p08
317.160496738,343.176151379,26.015654641,Other,random,C2H2,26.015650000,RC2_0046_ICR-3_p08
347.071492855,373.087147495,26.015654641,Other,random,C2H2,26.015650000,RC2_0046_ICR-3_p08
433.108261883,459.123916524,26.015654641,Other,random,C2H2,26.015650000,RC2_0046_ICR-3_p08
479.205129339,505.220783979,26.015654641,Other,random,C2H2,26.015650000,RC2_0046_ICR-3_p08
549.137988681,575.153643321,26.015654641,Other,random,C2H2,26.015650000,RC2_0046_ICR-3_p08
367.225385361,393.241041002,26.015655641,Other,random,C2H2,26.015650000,RC2_0046_ICR-3_p08
379.097644998,405.113300639,26.015655641,Other,random,C2H2,26.015650000,RC2_0046_ICR-3_p08
487.064718998,513.080374638,26.015655641,Other,random,C2H2,26.015650000,RC2_0046_ICR-3_p08
503.119415893,529.135071534,26.015655641,Other,random,C2H2,26.015650000,RC2_0046_ICR-3_p08
605.236970707,631.252626347,26.015655641,Other,random,C2H2,26.015650000,RC2_0046_ICR-3_p08
399.092986177,425.108641818,26.015655641,Other,random,C2H2,26.015650000,RC2_0046_ICR-3_p08
639.265941354,665.281596995,26.015655641,Other,random,C2H2,26.015650000,RC2_0046_ICR-3_p08
396.064995022,422.080651663,26.015656641,Other,random,C2H2,26.015650000,RC2_0046_ICR-3_p08
426.153508386,452.169165026,26.015656641,Other,random,C2H2,26.015650000,RC2_0046_ICR-3_p08
433.071809038,459.087465678,26.015656641,Other,random,C2H2,26.015650000,RC2_0046_ICR-3_p08
461.085503203,487.101159843,26.015656641,Other,random,C2H2,26.015650000,RC2_0046_ICR-3_p08
605.187528916,631.203185557,26.015656641,Other,random,C2H2,26.015650000,RC2_0046_ICR-3_p08
615.156716627,641.172373267,26.015656641,Other,random,C2H2,26.015650000,RC2_0046_ICR-3_p08
311.053712643,337.069369284,26.015656641,Other,random,C2H2,26.015650000,RC2_0046_ICR-3_p08
333.064739272,359.080395912,26.015656641,Other,random,C2H2,26.015650000,RC2_0046_ICR-3_p08
392.098628848,418.114285488,26.015656641,Other,random,C2H2,26.015650000,RC2_0046_ICR-3_p08
408.065123117,434.080779758,26.015656641,Other,random,C2H2,26.015650000,RC2_0046_ICR-3_p08
409.150237514,435.165894155,26.015656641,Other,random,C2H2,26.015650000,RC2_0046_ICR-3_p08
420.057149247,446.072805887,26.015656641,Other,random,C2H2,26.015650000,RC2_0046_ICR-3_p08
421.144623633,447.160280274,26.015656641,Other,random,C2H2,26.015650000,RC2_0046_ICR-3_p08
583.166824329,609.182480970,26.015656641,Other,random,C2H2,26.015650000,RC2_0046_ICR-3_p08
735.287563027,761.303219667,26.015656641,Other,random,C2H2,26.015650000,RC2_0046_ICR-3_p08
317.196852584,343.212510225,26.015657641,Other,random,C2H2,26.015650000,RC2_0046_ICR-3_p08
393.155279365,419.170937006,26.015657641,Other,random,C2H2,26.015650000,RC2_0046_ICR-3_p08
301.165635589,327.181293230,26.015657641,Other,random,C2H2,26.015650000,RC2_0046_ICR-3_p08
280.082574024,306.098231665,26.015657641,Other,random,C2H2,26.015650000,RC2_0046_ICR-3_p08
443.191963108,469.207620748,26.015657641,Other,random,C2H2,26.015650000,RC2_0046_ICR-3_p08
446.101826764,472.117484405,26.015657641,Other,random,C2H2,26.015650000,RC2_0046_ICR-3_p08
454.062711994,480.078369634,26.015657641,Other,random,C2H2,26.015650000,RC2_0046_ICR-3_p08
497.215672937,523.231330578,26.015657641,Other,random,C2H2,26.015650000,RC2_0046_ICR-3_p08
235.097628852,261.113287493,26.015658641,Other,random,C2H2,26.015650000,RC2_0046_ICR-3_p08
245.103118408,271.118777049,26.015658641,Other,random,C2H2,26.015650000,RC2_0046_ICR-3_p08
335.149919426,361.165578067,26.015658641,Other,random,C2H2,26.015650000,RC2_0046_ICR-3_p08
357.168304024,383.183962664,26.015658641,Other,random,C2H2,26.015650000,RC2_0046_ICR-3_p08
613.083903420,639.099562060,26.015658641,Other,random,C2H2,26.015650000,RC2_0046_ICR-3_p08
711.177243304,737.192901944,26.015658641,Other,random,C2H2,26.015650000,RC2_0046_ICR-3_p08
292.082640120,318.098298760,26.015658641,Other,random,C2H2,26.015650000,RC2_0046_ICR-3_p08
253.035401759,279.051061400,26.015659641,Other,random,C2H2,26.015650000,RC2_0046_ICR-3_p08
263.056162251,289.071821892,26.015659641,Other,random,C2H2,26.015650000,RC2_0046_ICR-3_p08
299.095771370,325.111431010,26.015659641,Other,random,C2H2,26.015650000,RC2_0046_ICR-3_p08
320.041108519,346.056768159,26.015659641,Other,random,C2H2,26.015650000,RC2_0046_ICR-3_p08
321.219992518,347.235652158,26.015659641,Other,random,C2H2,26.015650000,RC2_0046_ICR-3_p08
328.140030163,354.155689803,26.015659641,Other,random,C2H2,26.015650000,RC2_0046_ICR-3_p08
479.168784493,505.184444133,26.015659641,Other,random,C2H2,26.015650000,RC2_0046_ICR-3_p08
527.249610532,553.265270173,26.015659641,Other,random,C2H2,26.015650000,RC2_0046_ICR-3_p08
377.100588470,403.127467063,26.026878593,Other,random,C1H2O_1N2,26.026883000,RC2_0046_ICR-3_p08
295.009489704,321.036377297,26.026887593,Other,random,C1H2O_1N2,26.026883000,RC2_0046_ICR-3_p08
253.035401759,279.062293352,26.026891593,Other,random,C1H2O_1N2,26.026883000,RC2_0046_ICR-3_p08
375.075328061,401.108727627,26.033399565,Other,random,C2H2O2S_1,26.033408000,RC2_0046_ICR-3_p08
347.126509621,373.159911187,26.033401565,Other,random,C2H2O2S_1,26.033408000,RC2_0046_ICR-3_p08
465.153050948,491.186452513,26.033401565,Other,random,C2H2O2S_1,26.033408000,RC2_0046_ICR-3_p08
297.152919611,323.186323176,26.033403565,Other,random,C2H2O2S_1,26.033408000,RC2_0046_ICR-3_p08
367.116372823,393.149776389,26.033403565,Other,random,C2H2O2S_1,26.033408000,RC2_0046_ICR-3_p08
391.152659861,417.186064426,26.033404565,Other,random,C2H2O2S_1,26.033408000,RC2_0046_ICR-3_p08
397.126908518,423.160315083,26.033406565,Other,random,C2H2O2S_1,26.033408000,RC2_0046_ICR-3_p08
413.158117513,439.191527078,26.033409565,Other,random,C2H2O2S_1,26.033408000,RC2_0046_ICR-3_p08
435.142513254,461.175922819,26.033409565,Other,random,C2H2O2S_1,26.033408000,RC2_0046_ICR-3_p08
341.069955313,367.103365879,26.033410565,Other,random,C2H2O2S_1,26.033408000,RC2_0046_ICR-3_p08
401.064367815,427.097780380,26.033412565,Other,random,C2H2O2S_1,26.033408000,RC2_0046_ICR-3_p08
331.095193627,357.128608192,26.033414565,Other,random,C2H2O2S_1,26.033408000,RC2_0046_ICR-3_p08
345.064697368,371.098111933,26.033414565,Other,random,C2H2O2S_1,26.033408000,RC2_0046_ICR-3_p08
401.100698661,427.134113226,26.033414565,Other,random,C2H2O2S_1,26.033408000,RC2_0046_ICR-3_p08
487.137476689,513.170891254,26.033414565,Other,random,C2H2O2S_1,26.033408000,RC2_0046_ICR-3_p08
391.116388014,417.149804580,26.033416565,Other,random,C2H2O2S_1,26.033408000,RC2_0046_ICR-3_p08
407.074844318,433.108261883,26.033417565,Other,random,C2H2O2S_1,26.033408000,RC2_0046_ICR-3_p08
379.079953073,405.131978560,26.052025486,Other,random,C3H6O_1,26.052035000,RC2_0046_ICR-3_p08
407.025354528,433.077380014,26.052025486,Other,random,C3H6O_1,26.052035000,RC2_0046_ICR-3_p08
357.055879500,383.107904987,26.052025486,Other,random,C3H6O_1,26.052035000,RC2_0046_ICR-3_p08
359.025494145,385.077519632,26.052025486,Other,random,C3H6O_1,26.052035000,RC2_0046_ICR-3_p08
401.064367815,427.116393301,26.052025486,Other,random,C3H6O_1,26.052035000,RC2_0046_ICR-3_p08
405.046226924,431.098252410,26.052025486,Other,random,C3H6O_1,26.052035000,RC2_0046_ICR-3_p08
407.098242219,433.150267705,26.052025486,Other,random,C3H6O_1,26.052035000,RC2_0046_ICR-3_p08
448.060004457,474.112029944,26.052025486,Other,random,C3H6O_1,26.052035000,RC2_0046_ICR-3_p08
305.102952887,331.154979373,26.052026486,Other,random,C3H6O_1,26.052035000,RC2_0046_ICR-3_p08
311.090239489,337.142265975,26.052026486,Other,random,C3H6O_1,26.052035000,RC2_0046_ICR-3_p08
561.161306677,587.213333163,26.052026486,Other,random,C3H6O_1,26.052035000,RC2_0046_ICR-3_p08
601.192671863,627.244698349,26.052026486,Other,random,C3H6O_1,26.052035000,RC2_0046_ICR-3_p08
295.009489704,321.061516190,26.052026486,Other,random,C3H6O_1,26.052035000,RC2_0046_ICR-3_p08
433.041118168,459.093144654,26.052026486,Other,random,C3H6O_1,26.052035000,RC2_0046_ICR-3_p08
489.067343503,515.119369989,26.052026486,Other,random,C3H6O_1,26.052035000,RC2_0046_ICR-3_p08
351.072037884,377.124064370,26.052026486,Other,random,C3H6O_1,26.052035000,RC2_0046_ICR-3_p08
317.051321201,343.103348688,26.052027486,Other,random,C3H6O_1,26.052035000,RC2_0046_ICR-3_p08
353.087620334,379.139647820,26.052027486,Other,random,C3H6O_1,26.052035000,RC2_0046_ICR-3_p08
607.203086366,633.255113852,26.052027486,Other,random,C3H6O_1,26.052035000,RC2_0046_ICR-3_p08
661.177839403,687.229866889,26.052027486,Other,random,C3H6O_1,26.052035000,RC2_0046_ICR-3_p08
487.118863768,513.170891254,26.052027486,Other,random,C3H6O_1,26.052035000,RC2_0046_ICR-3_p08
483.150693601,509.202722088,26.052028486,Other,random,C3H6O_1,26.052035000,RC2_0046_ICR-3_p08
527.104257149,553.156285635,26.052028486,Other,random,C3H6O_1,26.052035000,RC2_0046_ICR-3_p08
473.158241990,499.210270476,26.052028486,Other,random,C3H6O_1,26.052035000,RC2_0046_ICR-3_p08
255.051044209,281.103072695,26.052028486,Other,random,C3H6O_1,26.052035000,RC2_0046_ICR-3_p08
329.030234386,355.082262873,26.052028486,Other,random,C3H6O_1,26.052035000,RC2_0046_ICR-3_p08
437.181389605,463.233418091,26.052028486,Other,random,C3H6O_1,26.052035000,RC2_0046_ICR-3_p08
447.186907161,473.238935647,26.052028486,Other,random,C3H6O_1,26.052035000,RC2_0046_ICR-3_p08
495.077938005,521.129966492,26.052028486,Other,random,C3H6O_1,26.052035000,RC2_0046_ICR-3_p08
595.057701887,621.109730374,26.052028486,Other,random,C3H6O_1,26.052035000,RC2_0046_ICR-3_p08
497.158335180,523.210363667,26.052028486,Other,random,C3H6O_1,26.052035000,RC2_0046_ICR-3_p08
373.023100767,399.075130253,26.052029486,Other,random,C3H6O_1,26.052035000,RC2_0046_ICR-3_p08
273.025186962,299.077216448,26.052029486,Other,random,C3H6O_1,26.052035000,RC2_0046_ICR-3_p08
345.147339017,371.199368503,26.052029486,Other,random,C3H6O_1,26.052035000,RC2_0046_ICR-3_p08
479.119272703,505.171302189,26.052029486,Other,random,C3H6O_1,26.052035000,RC2_0046_ICR-3_p08
313.048325182,339.100354669,26.052029486,Other,random,C3H6O_1,26.052035000,RC2_0046_ICR-3_p08
321.025120344,347.077150831,26.052030486,Other,random,C3H6O_1,26.052035000,RC2_0046_ICR-3_p08
321.147343826,347.199374312,26.052030486,Other,random,C3H6O_1,26.052035000,RC2_0046_ICR-3_p08
559.109269382,585.161300868,26.052031486,Other,random,C3H6O_1,26.052035000,RC2_0046_ICR-3_p08
300.072444226,326.124475713,26.052031486,Other,random,C3H6O_1,26.052035000,RC2_0046_ICR-3_p08
439.116315397,465.168346883,26.052031486,Other,random,C3H6O_1,26.052035000,RC2_0046_ICR-3_p08
463.160771399,489.212802886,26.052031486,Other,random,C3H6O_1,26.052035000,RC2_0046_ICR-3_p08
465.176385849,491.228417335,26.052031486,Other,random,C3H6O_1,26.052035000,RC2_0046_ICR-3_p08
649.177736308,675.229767794,26.052031486,Other,random,C3H6O_1,26.052035000,RC2_0046_ICR-3_p08
393.113413543,419.165446029,26.052032486,Other,random,C3H6O_1,26.052035000,RC2_0046_ICR-3_p08
315.100302478,341.152334964,26.052032486,Other,random,C3H6O_1,26.052035000,RC2_0046_ICR-3_p08
347.077150831,373.129183317,26.052032486,Other,random,C3H6O_1,26.052035000,RC2_0046_ICR-3_p08
453.131953942,479.183986428,26.052032486,Other,random,C3H6O_1,26.052035000,RC2_0046_ICR-3_p08
677.209172398,703.261204884,26.052032486,Other,random,C3H6O_1,26.052035000,RC2_0046_ICR-3_p08
225.004161669,251.056194155,26.052032486,Other,random,C3H6O_1,26.052035000,RC2_0046_ICR-3_p08
311.004275853,337.056308339,26.052032486,Other,random,C3H6O_1,26.052035000,RC2_0046_ICR-3_p08
311.149873236,337.201905722,26.052032486,Other,random,C3H6O_1,26.052035000,RC2_0046_ICR-3_p08
317.196852584,343.248885070,26.052032486,Other,random,C3H6O_1,26.052035000,RC2_0046_ICR-3_p08
329.043287331,355.095319817,26.052032486,Other,random,C3H6O_1,26.052035000,RC2_0046_ICR-3_p08
363.048628079,389.100660565,26.052032486,Other,random,C3H6O_1,26.052035000,RC2_0046_ICR-3_p08
437.158052704,463.210085190,26.052032486,Other,random,C3H6O_1,26.052035000,RC2_0046_ICR-3_p08
553.083418944,579.135451430,26.052032486,Other,random,C3H6O_1,26.052035000,RC2_0046_ICR-3_p08
479.277962030,505.329995516,26.052033486,Other,random,C3H6O_1,26.052035000,RC2_0046_ICR-3_p08
510.161888019,536.213921505,26.052033486,Other,random,C3H6O_1,26.052035000,RC2_0046_ICR-3_p08
297.074484944,323.126518430,26.052033486,Other,random,C3H6O_1,26.052035000,RC2_0046_ICR-3_p08
341.116034118,367.168067604,26.052033486,Other,random,C3H6O_1,26.052035000,RC2_0046_ICR-3_p08
477.067382407,503.119415893,26.052033486,Other,random,C3H6O_1,26.052035000,RC2_0046_ICR-3_p08
325.067856195,351.119889681,26.052033486,Other,random,C3H6O_1,26.052035000,RC2_0046_ICR-3_p08
561.137917776,587.189952263,26.052034486,Other,random,C3H6O_1,26.052035000,RC2_0046_ICR-3_p08
415.043635514,441.095670000,26.052034486,Other,random,C3H6O_1,26.052035000,RC2_0046_ICR-3_p08
501.124762355,527.176796841,26.052034486,Other,random,C3H6O_1,26.052035000,RC2_0046_ICR-3_p08
237.004127765,263.056162251,26.052034486,Other,random,C3H6O_1,26.052035000,RC2_0046_ICR-3_p08
299.113563294,325.165597780,26.052034486,Other,random,C3H6O_1,26.052035000,RC2_0046_ICR-3_p08
355.139738629,381.191773115,26.052034486,Other,random,C3H6O_1,26.052035000,RC2_0046_ICR-3_p08
417.249190158,443.301224644,26.052034486,Other,random,C3H6O_1,26.052035000,RC2_0046_ICR-3_p08
261.040534801,287.092570288,26.052035486,Other,random,C3H6O_1,26.052035000,RC2_0046_ICR-3_p08
421.236038246,447.288073732,26.052035486,Other,random,C3H6O_1,26.052035000,RC2_0046_ICR-3_p08
435.142513254,461.194548740,26.052035486,Other,random,C3H6O_1,26.052035000,RC2_0046_ICR-3_p08
453.189461698,479.241497184,26.052035486,Other,random,C3H6O_1,26.052035000,RC2_0046_ICR-3_p08
456.086114410,482.138149897,26.052035486,Other,random,C3H6O_1,26.052035000,RC2_0046_ICR-3_p08
481.127056186,507.179091672,26.052035486,Other,random,C3H6O_1,26.052035000,RC2_0046_ICR-3_p08
505.098679497,531.150714983,26.052035486,Other,random,C3H6O_1,26.052035000,RC2_0046_ICR-3_p08
531.163854928,557.215890414,26.052035486,Other,random,C3H6O_1,26.052035000,RC2_0046_ICR-3_p08
626.180421864,652.232457350,26.052035486,Other,random,C3H6O_1,26.052035000,RC2_0046_ICR-3_p08
291.108461252,317.160496738,26.052035486,Other,random,C3H6O_1,26.052035000,RC2_0046_ICR-3_p08
435.056770618,461.108806104,26.052035486,Other,random,C3H6O_1,26.052035000,RC2_0046_ICR-3_p08
265.071784701,291.123821187,26.052036486,Other,random,C3H6O_1,26.052035000,RC2_0046_ICR-3_p08
311.053712643,337.105749130,26.052036486,Other,random,C3H6O_1,26.052035000,RC2_0046_ICR-3_p08
495.236523333,521.288559819,26.052036486,Other,random,C3H6O_1,26.052035000,RC2_0046_ICR-3_p08
393.076965698,419.129002184,26.052036486,Other,random,C3H6O_1,26.052035000,RC2_0046_ICR-3_p08
442.148269535,468.200306021,26.052036486,Other,random,C3H6O_1,26.052035000,RC2_0046_ICR-3_p08
503.132519838,529.184556324,26.052036486,Other,random,C3H6O_1,26.052035000,RC2_0046_ICR-3_p08
529.184556324,555.236593810,26.052037486,Other,random,C3H6O_1,26.052035000,RC2_0046_ICR-3_p08
305.160566642,331.212604129,26.052037486,Other,random,C3H6O_1,26.052035000,RC2_0046_ICR-3_p08
369.149696198,395.201733684,26.052037486,Other,random,C3H6O_1,26.052035000,RC2_0046_ICR-3_p08
351.085089829,377.137127315,26.052037486,Other,random,C3H6O_1,26.052035000,RC2_0046_ICR-3_p08
255.087467054,281.139504541,26.052037486,Other,random,C3H6O_1,26.052035000,RC2_0046_ICR-3_p08
343.076587801,369.128625287,26.052037486,Other,random,C3H6O_1,26.052035000,RC2_0046_ICR-3_p08
485.202678897,511.254716383,26.052037486,Other,random,C3H6O_1,26.052035000,RC2_0046_ICR-3_p08
719.256593031,745.308630517,26.052037486,Other,random,C3H6O_1,26.052035000,RC2_0046_ICR-3_p08
355.116234729,381.168273215,26.052038486,Other,random,C3H6O_1,26.052035000,RC2_0046_ICR-3_p08
341.043253427,367.095291913,26.052038486,Other,random,C3H6O_1,26.052035000,RC2_0046_ICR-3_p08
389.051174775,415.103213261,26.052038486,Other,random,C3H6O_1,26.052035000,RC2_0046_ICR-3_p08
429.113317830,455.165356316,26.052038486,Other,random,C3H6O_1,26.052035000,RC2_0046_ICR-3_p08
445.163313745,471.215352231,26.052038486,Other,random,C3H6O_1,26.052035000,RC2_0046_ICR-3_p08
271.082314204,297.134352690,26.052038486,Other,random,C3H6O_1,26.052035000,RC2_0046_ICR-3_p08
401.108727627,427.160767113,26.052039486,Other,random,C3H6O_1,26.052035000,RC2_0046_ICR-3_p08
351.048548984,377.100588470,26.052039486,Other,random,C3H6O_1,26.052035000,RC2_0046_ICR-3_p08
423.069787467,449.121826953,26.052039486,Other,random,C3H6O_1,26.052035000,RC2_0046_ICR-3_p08
541.221011265,567.273050751,26.052039486,Other,random,C3H6O_1,26.052035000,RC2_0046_ICR-3_p08
349.050777458,375.102817945,26.052040486,Other,random,C3H6O_1,26.052035000,RC2_0046_ICR-3_p08
553.192703480,579.244743967,26.052040486,Other,random,C3H6O_1,26.052035000,RC2_0046_ICR-3_p08
431.092608434,457.144648920,26.052040486,Other,random,C3H6O_1,26.052035000,RC2_0046_ICR-3_p08
519.223547579,545.275588065,26.052040486,Other,random,C3H6O_1,26.052035000,RC2_0046_ICR-3_p08
243.123862805,269.175903291,26.052040486,Other,random,C3H6O_1,26.052035000,RC2_0046_ICR-3_p08
257.066703658,283.118744145,26.052040486,Other,random,C3H6O_1,26.052035000,RC2_0046_ICR-3_p08
329.115972023,355.168012509,26.052040486,Other,random,C3H6O_1,26.052035000,RC2_0046_ICR-3_p08
503.285954187,529.337994673,26.052040486,Other,random,C3H6O_1,26.052035000,RC2_0046_ICR-3_p08
693.095233008,719.147273495,26.052040486,Other,random,C3H6O_1,26.052035000,RC2_0046_ICR-3_p08
517.220839074,543.272880561,26.052041486,Other,random,C3H6O_1,26.052035000,RC2_0046_ICR-3_p08
257.103127504,283.155168990,26.052041486,Other,random,C3H6O_1,26.052035000,RC2_0046_ICR-3_p08
263.019780405,289.071821892,26.052041486,Other,random,C3H6O_1,26.052035000,RC2_0046_ICR-3_p08
315.072085597,341.124127084,26.052041486,Other,random,C3H6O_1,26.052035000,RC2_0046_ICR-3_p08
384.142817597,410.194859083,26.052041486,Other,random,C3H6O_1,26.052035000,RC2_0046_ICR-3_p08
461.121770049,487.173811535,26.052041486,Other,random,C3H6O_1,26.052035000,RC2_0046_ICR-3_p08
469.171353902,495.223395388,26.052041486,Other,random,C3H6O_1,26.052035000,RC2_0046_ICR-3_p08
599.190184357,625.242226843,26.052042486,Other,random,C3H6O_1,26.052035000,RC2_0046_ICR-3_p08
337.092807185,363.144849671,26.052042486,Other,random,C3H6O_1,26.052035000,RC2_0046_ICR-3_p08
345.061361382,371.113403868,26.052042486,Other,random,C3H6O_1,26.052035000,RC2_0046_ICR-3_p08
363.194225461,389.246267948,26.052042486,Other,random,C3H6O_1,26.052035000,RC2_0046_ICR-3_p08
365.014899738,391.066942224,26.052042486,Other,random,C3H6O_1,26.052035000,RC2_0046_ICR-3_p08
446.072805887,472.124848373,26.052042486,Other,random,C3H6O_1,26.052035000,RC2_0046_ICR-3_p08
667.224928751,693.276971237,26.052042486,Other,random,C3H6O_1,26.052035000,RC2_0046_ICR-3_p08
345.110818172,371.162860658,26.052042486,Other,random,C3H6O_1,26.052035000,RC2_0046_ICR-3_p08
441.095670000,467.147712487,26.052042486,Other,random,C3H6O_1,26.052035000,RC2_0046_ICR-3_p08
399.178830813,425.230873299,26.052042486,Other,random,C3H6O_1,26.052035000,RC2_0046_ICR-3_p08
457.126895995,483.178938481,26.052042486,Other,random,C3H6O_1,26.052035000,RC2_0046_ICR-3_p08
357.131919178,383.183962664,26.052043486,Other,random,C3H6O_1,26.052035000,RC2_0046_ICR-3_p08
413.194597358,439.246640844,26.052043486,Other,random,C3H6O_1,26.052035000,RC2_0046_ICR-3_p08
435.069726563,461.121770049,26.052043486,Other,random,C3H6O_1,26.052035000,RC2_0046_ICR-3_p08
423.087559391,449.139602878,26.052043486,Other,random,C3H6O_1,26.052035000,RC2_0046_ICR-3_p08
451.015338921,477.067382407,26.052043486,Other,random,C3H6O_1,26.052035000,RC2_0046_ICR-3_p08
595.094229732,621.146273219,26.052043486,Other,random,C3H6O_1,26.052035000,RC2_0046_ICR-3_p08
326.051641022,352.103685508,26.052044486,Other,random,C3H6O_1,26.052035000,RC2_0046_ICR-3_p08
335.053797834,361.105842320,26.052044486,Other,random,C3H6O_1,26.052035000,RC2_0046_ICR-3_p08
452.046879545,478.098924031,26.052044486,Other,random,C3H6O_1,26.052035000,RC2_0046_ICR-3_p08
465.153050948,491.205095434,26.052044486,Other,random,C3H6O_1,26.052035000,RC2_0046_ICR-3_p08
477.153172043,503.205216529,26.052044486,Other,random,C3H6O_1,26.052035000,RC2_0046_ICR-3_p08
671.183291960,697.235336446,26.052044486,Other,random,C3H6O_1,26.052035000,RC2_0046_ICR-3_p08
679.151987156,705.204031642,26.052044486,Other,random,C3H6O_1,26.052035000,RC2_0046_ICR-3_p08
331.103303592,357.155348079,26.052044486,Other,random,C3H6O_1,26.052035000,RC2_0046_ICR-3_p08
528.063166081,555.062823547,26.999657466,Other,random,C2HN_1O,26.999666000,RC2_0046_ICR-3_p08
340.116714357,367.116372823,26.999658466,Other,random,C2HN_1O,26.999666000,RC2_0046_ICR-3_p08
430.127237529,457.126895995,26.999658466,Other,random,C2HN_1O,26.999666000,RC2_0046_ICR-3_p08
604.167047245,631.166705712,26.999658466,Other,random,C2HN_1O,26.999666000,RC2_0046_ICR-3_p08
392.220719330,419.220378796,26.999659466,Other,random,C2HN_1O,26.999666000,RC2_0046_ICR-3_p08
310.093147718,337.092807185,26.999659466,Other,random,C2HN_1O,26.999666000,RC2_0046_ICR-3_p08
304.009768524,331.009427991,26.999659466,Other,random,C2HN_1O,26.999666000,RC2_0046_ICR-3_p08
392.062148003,419.061807469,26.999659466,Other,random,C2HN_1O,26.999666000,RC2_0046_ICR-3_p08
336.158171149,363.157831616,26.999660466,Other,random,C2HN_1O,26.999666000,RC2_0046_ICR-3_p08
394.114226298,421.113886764,26.999660466,Other,random,C2HN_1O,26.999666000,RC2_0046_ICR-3_p08
356.062150716,383.061812182,26.999661466,Other,random,C2HN_1O,26.999666000,RC2_0046_ICR-3_p08
292.082640120,319.082301586,26.999661466,Other,random,C2HN_1O,26.999666000,RC2_0046_ICR-3_p08
364.061678782,391.061341248,26.999662466,Other,random,C2HN_1O,26.999666000,RC2_0046_ICR-3_p08
402.046572648,429.046235115,26.999662466,Other,random,C2HN_1O,26.999666000,RC2_0046_ICR-3_p08
320.077487364,347.077150831,26.999663466,Other,random,C2HN_1O,26.999666000,RC2_0046_ICR-3_p08
436.124782087,463.124446553,26.999664466,Other,random,C2HN_1O,26.999666000,RC2_0046_ICR-3_p08
582.219375348,609.219039814,26.999664466,Other,random,C2HN_1O,26.999666000,RC2_0046_ICR-3_p08
380.220696234,407.220360701,26.999664466,Other,random,C2HN_1O,26.999666000,RC2_0046_ICR-3_p08
462.103958882,489.103623349,26.999664466,Other,random,C2HN_1O,26.999666000,RC2_0046_ICR-3_p08
358.069765200,385.069431666,26.999666466,Other,random,C2HN_1O,26.999666000,RC2_0046_ICR-3_p08
272.113893828,299.113563294,26.999669466,Other,random,C2HN_1O,26.999666000,RC2_0046_ICR-3_p08
364.140045449,391.139715916,26.999670466,Other,random,C2HN_1O,26.999666000,RC2_0046_ICR-3_p08
424.174072782,451.173743249,26.999670466,Other,random,C2HN_1O,26.999666000,RC2_0046_ICR-3_p08
326.051641022,353.051312488,26.999671466,Other,random,C2HN_1O,26.999666000,RC2_0046_ICR-3_p08
436.161098933,463.160771399,26.999672466,Other,random,C2HN_1O,26.999666000,RC2_0046_ICR-3_p08
242.176229824,269.175903291,26.999673466,Other,random,C2HN_1O,26.999666000,RC2_0046_ICR-3_p08
488.119696523,515.119369989,26.999673466,Other,random,C2HN_1O,26.999666000,RC2_0046_ICR-3_p08
306.098231665,333.097906131,26.999674466,Other,random,C2HN_1O,26.999666000,RC2_0046_ICR-3_p08
336.072402513,363.072076980,26.999674466,Other,random,C2HN_1O,26.999666000,RC2_0046_ICR-3_p08
325.142186880,352.153077298,27.010890419,Other,random,C1H1N1,27.010900000,RC2_0046_ICR-3_p08
461.108806104,488.119696523,27.010890419,Other,random,C1H1N1,27.010900000,RC2_0046_ICR-3_p08
367.079856978,394.090747397,27.010890419,Other,random,C1H1N1,27.010900000,RC2_0046_ICR-3_p08
383.061812182,410.072702601,27.010890419,Other,random,C1H1N1,27.010900000,RC2_0046_ICR-3_p08
433.113845860,460.124737278,27.010891419,Other,random,C1H1N1,27.010900000,RC2_0046_ICR-3_p08
385.105665512,412.116557931,27.010892419,Other,random,C1H1N1,27.010900000,RC2_0046_ICR-3_p08
335.090226680,362.101120098,27.010893419,Other,random,C1H1N1,27.010900000,RC2_0046_ICR-3_p08
321.074629134,348.085523553,27.010894419,Other,random,C1H1N1,27.010900000,RC2_0046_ICR-3_p08
367.225385361,394.236280780,27.010895419,Other,random,C1H1N1,27.010900000,RC2_0046_ICR-3_p08
379.066941129,406.077836547,27.010895419,Other,random,C1H1N1,27.010900000,RC2_0046_ICR-3_p08
373.069380571,400.080275989,27.010895419,Other,random,C1H1N1,27.010900000,RC2_0046_ICR-3_p08
291.087403341,318.098298760,27.010895419,Other,random,C1H1N1,27.010900000,RC2_0046_ICR-3_p08
505.098679497,532.109575916,27.010896419,Other,random,C1H1N1,27.010900000,RC2_0046_ICR-3_p08
275.019730501,302.030626920,27.010896419,Other,random,C1H1N1,27.010900000,RC2_0046_ICR-3_p08
309.061506094,336.072402513,27.010896419,Other,random,C1H1N1,27.010900000,RC2_0046_ICR-3_p08
437.108773913,464.119670332,27.010896419,Other,random,C1H1N1,27.010900000,RC2_0046_ICR-3_p08
383.183962664,410.194859083,27.010896419,Other,random,C1H1N1,27.010900000,RC2_0046_ICR-3_p08
357.131919178,384.142817597,27.010898419,Other,random,C1H1N1,27.010900000,RC2_0046_ICR-3_p08
527.104257149,554.115156567,27.010899419,Other,random,C1H1N1,27.010900000,RC2_0046_ICR-3_p08
311.113457390,338.124356809,27.010899419,Other,random,C1H1N1,27.010900000,RC2_0046_ICR-3_p08
287.040813507,314.051712926,27.010899419,Other,random,C1H1N1,27.010900000,RC2_0046_ICR-3_p08
351.230545212,378.241445630,27.010900419,Other,random,C1H1N1,27.010900000,RC2_0046_ICR-3_p08
491.155723644,518.166624062,27.010900419,Other,random,C1H1N1,27.010900000,RC2_0046_ICR-3_p08
401.051228870,428.062129289,27.010900419,Other,random,C1H1N1,27.010900000,RC2_0046_ICR-3_p08
411.142624062,438.153524481,27.010900419,Other,random,C1H1N1,27.010900000,RC2_0046_ICR-3_p08
437.158052704,464.168953123,27.010900419,Other,random,C1H1N1,27.010900000,RC2_0046_ICR-3_p08
282.061907628,309.072809047,27.010901419,Other,random,C1H1N1,27.010900000,RC2_0046_ICR-3_p08
393.046244828,420.057149247,27.010904419,Other,random,C1H1N1,27.010900000,RC2_0046_ICR-3_p08
323.040714794,350.051620213,27.010905419,Other,random,C1H1N1,27.010900000,RC2_0046_ICR-3_p08
337.129139030,364.140045449,27.010906419,Other,random,C1H1N1,27.010900000,RC2_0046_ICR-3_p08
357.025128631,384.036035050,27.010906419,Other,random,C1H1N1,27.010900000,RC2_0046_ICR-3_p08
403.066851320,430.077757739,27.010906419,Other,random,C1H1N1,27.010900000,RC2_0046_ICR-3_p08
365.014899738,392.025809157,27.010909419,Other,random,C1H1N1,27.010900000,RC2_0046_ICR-3_p08
405.046226924,432.093501188,27.047274264,Other,random,C2H5O_1N1,27.047284000,RC2_0046_ICR-3_p08
329.124093988,356.171370253,27.047276264,Other,random,C2H5O_1N1,27.047284000,RC2_0046_ICR-3_p08
366.168702844,393.215980108,27.047277264,Other,random,C2H5O_1N1,27.047284000,RC2_0046_ICR-3_p08
306.025524973,333.072802238,27.047277264,Other,random,C2H5O_1N1,27.047284000,RC2_0046_ICR-3_p08
339.108406634,366.155683899,27.047277264,Other,random,C2H5O_1N1,27.047284000,RC2_0046_ICR-3_p08
307.009491799,334.056770064,27.047278264,Other,random,C2H5O_1N1,27.047284000,RC2_0046_ICR-3_p08
251.019771310,278.067049574,27.047278264,Other,random,C2H5O_1N1,27.047284000,RC2_0046_ICR-3_p08
279.014669554,306.061948819,27.047279264,Other,random,C2H5O_1N1,27.047284000,RC2_0046_ICR-3_p08
309.025120249,336.072402513,27.047282264,Other,random,C2H5O_1N1,27.047284000,RC2_0046_ICR-3_p08
559.130566292,586.177850556,27.047284264,Other,random,C2H5O_1N1,27.047284000,RC2_0046_ICR-3_p08
423.106006313,450.153291578,27.047285264,Other,random,C2H5O_1N1,27.047284000,RC2_0046_ICR-3_p08
421.113886764,448.161174028,27.047287264,Other,random,C2H5O_1N1,27.047284000,RC2_0046_ICR-3_p08
389.014911929,416.062200193,27.047288264,Other,random,C2H5O_1N1,27.047284000,RC2_0046_ICR-3_p08
533.020702051,560.067991315,27.047289264,Other,random,C2H5O_1N1,27.047284000,RC2_0046_ICR-3_p08
225.004161669,252.051452933,27.047291264,Other,random,C2H5O_1N1,27.047284000,RC2_0046_ICR-3_p08
303.014600746,330.061892010,27.047291264,Other,random,C2H5O_1N1,27.047284000,RC2_0046_ICR-3_p08
423.142477159,450.189769423,27.047292264,Other,random,C2H5O_1N1,27.047284000,RC2_0046_ICR-3_p08
535.254843573,563.213363972,27.958520399,Other,random,H_4O2,27.958530000,RC2_0046_ICR-3_p08
327.136799418,355.095319817,27.958520399,Other,random,H_4O2,27.958530000,RC2_0046_ICR-3_p08
392.098628848,420.057149247,27.958520399,Other,random,H_4O2,27.958530000,RC2_0046_ICR-3_p08
418.114285488,446.072805887,27.958520399,Other,random,H_4O2,27.958530000,RC2_0046_ICR-3_p08
433.171294616,461.129815015,27.958520399,Other,random,H_4O2,27.958530000,RC2_0046_ICR-3_p08
449.303647182,477.262167581,27.958520399,Other,random,H_4O2,27.958530000,RC2_0046_ICR-3_p08
457.171308807,485.129829206,27.958520399,Other,random,H_4O2,27.958530000,RC2_0046_ICR-3_p08
479.205129339,507.163649737,27.958520399,Other,random,H_4O2,27.958530000,RC2_0046_ICR-3_p08
537.124989640,565.083511039,27.958521399,Other,random,H_4O2,27.958530000,RC2_0046_ICR-3_p08
345.155369983,373.113891382,27.958521399,Other,random,H_4O2,27.958530000,RC2_0046_ICR-3_p08
521.194858216,549.153379615,27.958521399,Other,random,H_4O2,27.958530000,RC2_0046_ICR-3_p08
293.077855898,321.036377297,27.958521399,Other,random,H_4O2,27.958530000,RC2_0046_ICR-3_p08
307.204408972,335.162930371,27.958521399,Other,random,H_4O2,27.958530000,RC2_0046_ICR-3_p08
371.144298737,399.102820136,27.958521399,Other,random,H_4O2,27.958530000,RC2_0046_ICR-3_p08
399.194197748,427.152719147,27.958521399,Other,random,H_4O2,27.958530000,RC2_0046_ICR-3_p08
435.160318178,463.118840577,27.958522399,Other,random,H_4O2,27.958530000,RC2_0046_ICR-3_p08
381.155179270,409.113701669,27.958522399,Other,random,H_4O2,27.958530000,RC2_0046_ICR-3_p08
383.207419565,411.165941963,27.958522399,Other,random,H_4O2,27.958530000,RC2_0046_ICR-3_p08
471.179039386,499.137561784,27.958522399,Other,random,H_4O2,27.958530000,RC2_0046_ICR-3_p08
343.082106778,371.040630177,27.958523399,Other,random,H_4O2,27.958530000,RC2_0046_ICR-3_p08
425.137002698,453.095526097,27.958523399,Other,random,H_4O2,27.958530000,RC2_0046_ICR-3_p08
487.218374346,515.176897745,27.958523399,Other,random,H_4O2,27.958530000,RC2_0046_ICR-3_p08
221.045627461,249.004150860,27.958523399,Other,random,H_4O2,27.958530000,RC2_0046_ICR-3_p08
385.142185357,413.100708756,27.958523399,Other,random,H_4O2,27.958530000,RC2_0046_ICR-3_p08
499.291087133,527.249610532,27.958523399,Other,random,H_4O2,27.958530000,RC2_0046_ICR-3_p08
329.152296869,357.110821267,27.958524399,Other,random,H_4O2,27.958530000,RC2_0046_ICR-3_p08
443.165278221,471.123802620,27.958524399,Other,random,H_4O2,27.958530000,RC2_0046_ICR-3_p08
473.158241990,501.116766389,27.958524399,Other,random,H_4O2,27.958530000,RC2_0046_ICR-3_p08
477.189608888,505.148134287,27.958525399,Other,random,H_4O2,27.958530000,RC2_0046_ICR-3_p08
229.144602105,257.103127504,27.958525399,Other,random,H_4O2,27.958530000,RC2_0046_ICR-3_p08
239.092551906,267.051077304,27.958525399,Other,random,H_4O2,27.958530000,RC2_0046_ICR-3_p08
369.183644054,397.142169453,27.958525399,Other,random,H_4O2,27.958530000,RC2_0046_ICR-3_p08
435.106028409,463.064553808,27.958525399,Other,random,H_4O2,27.958530000,RC2_0046_ICR-3_p08
457.134896961,485.093422360,27.958525399,Other,random,H_4O2,27.958530000,RC2_0046_ICR-3_p08
475.088059803,503.046585202,27.958525399,Other,random,H_4O2,27.958530000,RC2_0046_ICR-3_p08
487.137476689,515.096002088,27.958525399,Other,random,H_4O2,27.958530000,RC2_0046_ICR-3_p08
635.271191300,663.229716699,27.958525399,Other,random,H_4O2,27.958530000,RC2_0046_ICR-3_p08
308.077508269,336.036034667,27.958526399,Other,random,H_4O2,27.958530000,RC2_0046_ICR-3_p08
312.108778168,340.067304567,27.958526399,Other,random,H_4O2,27.958530000,RC2_0046_ICR-3_p08
521.202695183,549.161221582,27.958526399,Other,random,H_4O2,27.958530000,RC2_0046_ICR-3_p08
515.322350128,543.280876527,27.958526399,Other,random,H_4O2,27.958530000,RC2_0046_ICR-3_p08
389.160429312,417.118955711,27.958526399,Other,random,H_4O2,27.958530000,RC2_0046_ICR-3_p08
471.187040352,499.145566750,27.958526399,Other,random,H_4O2,27.958530000,RC2_0046_ICR-3_p08
477.207110814,505.165637213,27.958526399,Other,random,H_4O2,27.958530000,RC2_0046_ICR-3_p08
253.144546296,281.103072695,27.958526399,Other,random,H_4O2,27.958530000,RC2_0046_ICR-3_p08
519.272892370,547.231418768,27.958526399,Other,random,H_4O2,27.958530000,RC2_0046_ICR-3_p08
659.234633646,687.193160045,27.958526399,Other,random,H_4O2,27.958530000,RC2_0046_ICR-3_p08
367.139612725,395.098140124,27.958527399,Other,random,H_4O2,27.958530000,RC2_0046_ICR-3_p08
433.199507496,461.158034895,27.958527399,Other,random,H_4O2,27.958530000,RC2_0046_ICR-3_p08
401.090927702,429.049455101,27.958527399,Other,random,H_4O2,27.958530000,RC2_0046_ICR-3_p08
429.140145716,457.098673115,27.958527399,Other,random,H_4O2,27.958530000,RC2_0046_ICR-3_p08
435.215247945,463.173775344,27.958527399,Other,random,H_4O2,27.958530000,RC2_0046_ICR-3_p08
571.166655234,599.125182633,27.958527399,Other,random,H_4O2,27.958530000,RC2_0046_ICR-3_p08
223.097665756,251.056194155,27.958528399,Other,random,H_4O2,27.958530000,RC2_0046_ICR-3_p08
283.131711090,311.090239489,27.958528399,Other,random,H_4O2,27.958530000,RC2_0046_ICR-3_p08
347.199374312,375.157902711,27.958528399,Other,random,H_4O2,27.958530000,RC2_0046_ICR-3_p08
407.098242219,435.056770618,27.958528399,Other,random,H_4O2,27.958530000,RC2_0046_ICR-3_p08
371.077031022,399.035559421,27.958528399,Other,random,H_4O2,27.958530000,RC2_0046_ICR-3_p08
475.233650186,503.192178585,27.958528399,Other,random,H_4O2,27.958530000,RC2_0046_ICR-3_p08
373.159911187,401.118440585,27.958529399,Other,random,H_4O2,27.958530000,RC2_0046_ICR-3_p08
293.102986791,321.061516190,27.958529399,Other,random,H_4O2,27.958530000,RC2_0046_ICR-3_p08
574.201603360,602.160132759,27.958529399,Other,random,H_4O2,27.958530000,RC2_0046_ICR-3_p08
469.244073594,497.202602993,27.958529399,Other,random,H_4O2,27.958530000,RC2_0046_ICR-3_p08
239.128947751,267.087477150,27.958529399,Other,random,H_4O2,27.958530000,RC2_0046_ICR-3_p08
290.066889670,318.025419069,27.958529399,Other,random,H_4O2,27.958530000,RC2_0046_ICR-3_p08
431.119390320,459.077919719,27.958529399,Other,random,H_4O2,27.958530000,RC2_0046_ICR-3_p08
447.106093504,475.064622903,27.958529399,Other,random,H_4O2,27.958530000,RC2_0046_ICR-3_p08
715.297969823,743.256500222,27.958530399,Other,random,H_4O2,27.958530000,RC2_0046_ICR-3_p08
435.129413309,463.087943708,27.958530399,Other,random,H_4O2,27.958530000,RC2_0046_ICR-3_p08
446.174630455,474.133160854,27.958530399,Other,random,H_4O2,27.958530000,RC2_0046_ICR-3_p08
605.260528607,633.219059005,27.958530399,Other,random,H_4O2,27.958530000,RC2_0046_ICR-3_p08
247.118758858,275.077289257,27.958530399,Other,random,H_4O2,27.958530000,RC2_0046_ICR-3_p08
247.133925794,275.092456193,27.958530399,Other,random,H_4O2,27.958530000,RC2_0046_ICR-3_p08
249.149643243,277.108173642,27.958530399,Other,random,H_4O2,27.958530000,RC2_0046_ICR-3_p08
501.226025925,529.184556324,27.958530399,Other,random,H_4O2,27.958530000,RC2_0046_ICR-3_p08
457.098673115,485.057204514,27.958531399,Other,random,H_4O2,27.958530000,RC2_0046_ICR-3_p08
507.272956274,535.231487673,27.958531399,Other,random,H_4O2,27.958530000,RC2_0046_ICR-3_p08
737.266891630,765.225423029,27.958531399,Other,random,H_4O2,27.958530000,RC2_0046_ICR-3_p08
259.100986029,287.059517428,27.958531399,Other,random,H_4O2,27.958530000,RC2_0046_ICR-3_p08
307.045857645,335.004389044,27.958531399,Other,random,H_4O2,27.958530000,RC2_0046_ICR-3_p08
397.142169453,425.100700852,27.958531399,Other,random,H_4O2,27.958530000,RC2_0046_ICR-3_p08
399.139248981,427.097780380,27.958531399,Other,random,H_4O2,27.958530000,RC2_0046_ICR-3_p08
447.123941428,475.082473827,27.958532399,Other,random,H_4O2,27.958530000,RC2_0046_ICR-3_p08
617.260446702,645.218979101,27.958532399,Other,random,H_4O2,27.958530000,RC2_0046_ICR-3_p08
311.168551156,339.127083555,27.958532399,Other,random,H_4O2,27.958530000,RC2_0046_ICR-3_p08
347.107888700,375.066421099,27.958532399,Other,random,H_4O2,27.958530000,RC2_0046_ICR-3_p08
267.123774996,295.082307395,27.958532399,Other,random,H_4O2,27.958530000,RC2_0046_ICR-3_p08
388.103666795,416.062200193,27.958533399,Other,random,H_4O2,27.958530000,RC2_0046_ICR-3_p08
235.097628852,263.056162251,27.958533399,Other,random,H_4O2,27.958530000,RC2_0046_ICR-3_p08
263.092509097,291.051042496,27.958533399,Other,random,H_4O2,27.958530000,RC2_0046_ICR-3_p08
311.149873236,339.108406634,27.958533399,Other,random,H_4O2,27.958530000,RC2_0046_ICR-3_p08
331.082208682,359.040742081,27.958533399,Other,random,H_4O2,27.958530000,RC2_0046_ICR-3_p08
377.196806062,405.155339461,27.958533399,Other,random,H_4O2,27.958530000,RC2_0046_ICR-3_p08
429.067344025,457.025877424,27.958533399,Other,random,H_4O2,27.958530000,RC2_0046_ICR-3_p08
447.093013559,475.051546958,27.958533399,Other,random,H_4O2,27.958530000,RC2_0046_ICR-3_p08
461.218001641,489.176535039,27.958533399,Other,random,H_4O2,27.958530000,RC2_0046_ICR-3_p08
483.236268238,511.194801637,27.958533399,Other,random,H_4O2,27.958530000,RC2_0046_ICR-3_p08
517.098707592,545.057240991,27.958533399,Other,random,H_4O2,27.958530000,RC2_0046_ICR-3_p08
531.236623619,559.195157018,27.958533399,Other,random,H_4O2,27.958530000,RC2_0046_ICR-3_p08
561.234137368,589.192670767,27.958533399,Other,random,H_4O2,27.958530000,RC2_0046_ICR-3_p08
589.278437403,617.236970802,27.958533399,Other,random,H_4O2,27.958530000,RC2_0046_ICR-3_p08
489.212802886,517.171336284,27.958533399,Other,random,H_4O2,27.958530000,RC2_0046_ICR-3_p08
361.214930858,389.173465256,27.958534399,Other,random,H_4O2,27.958530000,RC2_0046_ICR-3_p08
397.186577264,425.145111663,27.958534399,Other,random,H_4O2,27.958530000,RC2_0046_ICR-3_p08
529.265309981,557.223844380,27.958534399,Other,random,H_4O2,27.958530000,RC2_0046_ICR-3_p08
251.092527001,279.051061400,27.958534399,Other,random,H_4O2,27.958530000,RC2_0046_ICR-3_p08
261.113287493,289.071821892,27.958534399,Other,random,H_4O2,27.958530000,RC2_0046_ICR-3_p08
273.076802743,301.035337142,27.958534399,Other,random,H_4O2,27.958530000,RC2_0046_ICR-3_p08
483.296181984,511.254716383,27.958534399,Other,random,H_4O2,27.958530000,RC2_0046_ICR-3_p08
643.130615960,671.089150359,27.958534399,Other,random,H_4O2,27.958530000,RC2_0046_ICR-3_p08
603.135813620,631.094349018,27.958535399,Other,random,H_4O2,27.958530000,RC2_0046_ICR-3_p08
359.077025927,387.035561325,27.958535399,Other,random,H_4O2,27.958530000,RC2_0046_ICR-3_p08
337.178601821,365.137137219,27.958535399,Other,random,H_4O2,27.958530000,RC2_0046_ICR-3_p08
444.158949006,472.117484405,27.958535399,Other,random,H_4O2,27.958530000,RC2_0046_ICR-3_p08
389.209768102,417.168303501,27.958535399,Other,random,H_4O2,27.958530000,RC2_0046_ICR-3_p08
327.121522483,355.080058882,27.958536399,Other,random,H_4O2,27.958530000,RC2_0046_ICR-3_p08
503.192178585,531.150714983,27.958536399,Other,random,H_4O2,27.958530000,RC2_0046_ICR-3_p08
511.181879692,539.140416091,27.958536399,Other,random,H_4O2,27.958530000,RC2_0046_ICR-3_p08
413.154812527,441.113348925,27.958536399,Other,random,H_4O2,27.958530000,RC2_0046_ICR-3_p08
339.072033789,367.030570187,27.958536399,Other,random,H_4O2,27.958530000,RC2_0046_ICR-3_p08
373.129183317,401.087719716,27.958536399,Other,random,H_4O2,27.958530000,RC2_0046_ICR-3_p08
409.150237514,437.108773913,27.958536399,Other,random,H_4O2,27.958530000,RC2_0046_ICR-3_p08
537.189468367,565.148005765,27.958537399,Other,random,H_4O2,27.958530000,RC2_0046_ICR-3_p08
401.181608317,429.140145716,27.958537399,Other,random,H_4O2,27.958530000,RC2_0046_ICR-3_p08
461.108806104,489.067343503,27.958537399,Other,random,H_4O2,27.958530000,RC2_0046_ICR-3_p08
359.090102871,387.048641270,27.958538399,Other,random,H_4O2,27.958530000,RC2_0046_ICR-3_p08
511.210291571,539.168829970,27.958538399,Other,random,H_4O2,27.958530000,RC2_0046_ICR-3_p08
303.108454348,331.066992746,27.958538399,Other,random,H_4O2,27.958530000,RC2_0046_ICR-3_p08
306.098231665,334.056770064,27.958538399,Other,random,H_4O2,27.958530000,RC2_0046_ICR-3_p08
365.118427299,393.076965698,27.958538399,Other,random,H_4O2,27.958530000,RC2_0046_ICR-3_p08
401.160450407,429.118988806,27.958538399,Other,random,H_4O2,27.958530000,RC2_0046_ICR-3_p08
513.161221295,541.119759694,27.958538399,Other,random,H_4O2,27.958530000,RC2_0046_ICR-3_p08
571.218440014,599.176978413,27.958538399,Other,random,H_4O2,27.958530000,RC2_0046_ICR-3_p08
259.155084800,287.113623198,27.958538399,Other,random,H_4O2,27.958530000,RC2_0046_ICR-3_p08
334.129479755,362.088018154,27.958538399,Other,random,H_4O2,27.958530000,RC2_0046_ICR-3_p08
365.154875144,393.113413543,27.958538399,Other,random,H_4O2,27.958530000,RC2_0046_ICR-3_p08
409.144710538,437.103248936,27.958538399,Other,random,H_4O2,27.958530000,RC2_0046_ICR-3_p08
433.150267705,461.108806104,27.958538399,Other,random,H_4O2,27.958530000,RC2_0046_ICR-3_p08
484.153804346,512.112342745,27.958538399,Other,random,H_4O2,27.958530000,RC2_0046_ICR-3_p08
399.129537022,427.088076421,27.958539399,Other,random,H_4O2,27.958530000,RC2_0046_ICR-3_p08
435.142513254,463.101052653,27.958539399,Other,random,H_4O2,27.958530000,RC2_0046_ICR-3_p08
481.171314998,509.129854397,27.958539399,Other,random,H_4O2,27.958530000,RC2_0046_ICR-3_p08
575.299091704,603.257631103,27.958539399,Other,random,H_4O2,27.958530000,RC2_0046_ICR-3_p08
717.240521583,745.199060982,27.958539399,Other,random,H_4O2,27.958530000,RC2_0046_ICR-3_p08
385.223013014,413.181552413,27.958539399,Other,random,H_4O2,27.958530000,RC2_0046_ICR-3_p08
415.160831017,443.119370416,27.958539399,Other,random,H_4O2,27.958530000,RC2_0046_ICR-3_p08
317.225161464,345.183700863,27.958539399,Other,random,H_4O2,27.958530000,RC2_0046_ICR-3_p08
433.126963804,461.085503203,27.958539399,Other,random,H_4O2,27.958530000,RC2_0046_ICR-3_p08
435.232957870,463.191497269,27.958539399,Other,random,H_4O2,27.958530000,RC2_0046_ICR-3_p08
303.072087502,331.066992746,27.994905245,Other,random,Formic Acid (-H2O),27.994914640,RC2_0046_ICR-3_p08
383.098106028,411.093011273,27.994905245,Other,random,Formic Acid (-H2O),27.994914640,RC2_0046_ICR-3_p08
393.113413543,421.108318788,27.994905245,Other,random,Formic Acid (-H2O),27.994914640,RC2_0046_ICR-3_p08
433.236171341,461.231076585,27.994905245,Other,random,Formic Acid (-H2O),27.994914640,RC2_0046_ICR-3_p08
435.202120001,463.197025246,27.994905245,Other,random,Formic Acid (-H2O),27.994914640,RC2_0046_ICR-3_p08
377.051321679,405.046226924,27.994905245,Other,random,Formic Acid (-H2O),27.994914640,RC2_0046_ICR-3_p08
507.259938329,535.254843573,27.994905245,Other,random,Formic Acid (-H2O),27.994914640,RC2_0046_ICR-3_p08
257.139447350,285.134353594,27.994906245,Other,random,Formic Acid (-H2O),27.994914640,RC2_0046_ICR-3_p08
363.230550307,391.225456552,27.994906245,Other,random,Formic Acid (-H2O),27.994914640,RC2_0046_ICR-3_p08
279.062293352,307.057199597,27.994906245,Other,random,Formic Acid (-H2O),27.994914640,RC2_0046_ICR-3_p08
335.235644063,363.230550307,27.994906245,Other,random,Formic Acid (-H2O),27.994914640,RC2_0046_ICR-3_p08
359.061871991,387.056778235,27.994906245,Other,random,Formic Acid (-H2O),27.994914640,RC2_0046_ICR-3_p08
367.095291913,395.090198157,27.994906245,Other,random,Formic Acid (-H2O),27.994914640,RC2_0046_ICR-3_p08
389.145163376,417.140069621,27.994906245,Other,random,Formic Acid (-H2O),27.994914640,RC2_0046_ICR-3_p08
399.035559421,427.030465666,27.994906245,Other,random,Formic Acid (-H2O),27.994914640,RC2_0046_ICR-3_p08
309.183695576,337.178601821,27.994906245,Other,random,Formic Acid (-H2O),27.994914640,RC2_0046_ICR-3_p08
312.108778168,340.103685412,27.994907244,Other,random,Formic Acid (-H2O),27.994914640,RC2_0046_ICR-3_p08
617.236970802,645.231878047,27.994907245,Other,random,Formic Acid (-H2O),27.994914640,RC2_0046_ICR-3_p08
293.043288044,321.038195289,27.994907245,Other,random,Formic Acid (-H2O),27.994914640,RC2_0046_ICR-3_p08
302.066984766,330.061892010,27.994907245,Other,random,Formic Acid (-H2O),27.994914640,RC2_0046_ICR-3_p08
533.093617741,561.088525986,27.994908244,Other,random,Formic Acid (-H2O),27.994914640,RC2_0046_ICR-3_p08
535.254843573,563.249751818,27.994908244,Other,random,Formic Acid (-H2O),27.994914640,RC2_0046_ICR-3_p08
665.135833613,693.130741858,27.994908244,Other,random,Formic Acid (-H2O),27.994914640,RC2_0046_ICR-3_p08
242.067057288,270.061965532,27.994908244,Other,random,Formic Acid (-H2O),27.994914640,RC2_0046_ICR-3_p08
344.090315501,372.085223745,27.994908244,Other,random,Formic Acid (-H2O),27.994914640,RC2_0046_ICR-3_p08
403.043582419,431.038490663,27.994908244,Other,random,Formic Acid (-H2O),27.994914640,RC2_0046_ICR-3_p08
451.087878613,479.082786858,27.994908244,Other,random,Formic Acid (-H2O),27.994914640,RC2_0046_ICR-3_p08
677.281658090,705.276566335,27.994908244,Other,random,Formic Acid (-H2O),27.994914640,RC2_0046_ICR-3_p08
313.157426719,341.152334964,27.994908244,Other,random,Formic Acid (-H2O),27.994914640,RC2_0046_ICR-3_p08
373.059747611,401.054655856,27.994908244,Other,random,Formic Acid (-H2O),27.994914640,RC2_0046_ICR-3_p08
315.014563841,343.009473086,27.994909244,Other,random,Formic Acid (-H2O),27.994914640,RC2_0046_ICR-3_p08
343.131627568,371.126536812,27.994909244,Other,random,Formic Acid (-H2O),27.994914640,RC2_0046_ICR-3_p08
345.191780828,373.186690073,27.994909244,Other,random,Formic Acid (-H2O),27.994914640,RC2_0046_ICR-3_p08
415.097611285,443.092520530,27.994909244,Other,random,Formic Acid (-H2O),27.994914640,RC2_0046_ICR-3_p08
431.170922102,459.165831346,27.994909244,Other,random,Formic Acid (-H2O),27.994914640,RC2_0046_ICR-3_p08
435.093034464,463.087943708,27.994909244,Other,random,Formic Acid (-H2O),27.994914640,RC2_0046_ICR-3_p08
595.130498579,623.125407823,27.994909244,Other,random,Formic Acid (-H2O),27.994914640,RC2_0046_ICR-3_p08
293.066606945,321.061516190,27.994909244,Other,random,Formic Acid (-H2O),27.994914640,RC2_0046_ICR-3_p08
331.095193627,359.090102871,27.994909244,Other,random,Formic Acid (-H2O),27.994914640,RC2_0046_ICR-3_p08
349.201896817,377.196806062,27.994909244,Other,random,Formic Acid (-H2O),27.994914640,RC2_0046_ICR-3_p08
417.204763347,445.199672591,27.994909244,Other,random,Formic Acid (-H2O),27.994914640,RC2_0046_ICR-3_p08
443.092520530,471.087429774,27.994909244,Other,random,Formic Acid (-H2O),27.994914640,RC2_0046_ICR-3_p08
461.121770049,489.116679293,27.994909244,Other,random,Formic Acid (-H2O),27.994914640,RC2_0046_ICR-3_p08
533.275530970,561.270440214,27.994909244,Other,random,Formic Acid (-H2O),27.994914640,RC2_0046_ICR-3_p08
603.244721158,631.239630402,27.994909244,Other,random,Formic Acid (-H2O),27.994914640,RC2_0046_ICR-3_p08
289.157489528,317.152398773,27.994909244,Other,random,Formic Acid (-H2O),27.994914640,RC2_0046_ICR-3_p08
427.160767113,455.155676357,27.994909244,Other,random,Formic Acid (-H2O),27.994914640,RC2_0046_ICR-3_p08
613.141322176,641.136231420,27.994909244,Other,random,Formic Acid (-H2O),27.994914640,RC2_0046_ICR-3_p08
333.061454286,361.056363530,27.994909244,Other,random,Formic Acid (-H2O),27.994914640,RC2_0046_ICR-3_p08
387.121381961,415.116292206,27.994910244,Other,random,Formic Acid (-H2O),27.994914640,RC2_0046_ICR-3_p08
339.139191504,367.134101748,27.994910244,Other,random,Formic Acid (-H2O),27.994914640,RC2_0046_ICR-3_p08
405.149819484,433.144729729,27.994910244,Other,random,Formic Acid (-H2O),27.994914640,RC2_0046_ICR-3_p08
439.210246998,467.205157243,27.994910244,Other,random,Formic Acid (-H2O),27.994914640,RC2_0046_ICR-3_p08
479.132386647,507.127296892,27.994910244,Other,random,Formic Acid (-H2O),27.994914640,RC2_0046_ICR-3_p08
489.189585984,517.184496229,27.994910244,Other,random,Formic Acid (-H2O),27.994914640,RC2_0046_ICR-3_p08
490.098952127,518.093862371,27.994910244,Other,random,Formic Acid (-H2O),27.994914640,RC2_0046_ICR-3_p08
539.205288816,567.200199060,27.994910244,Other,random,Formic Acid (-H2O),27.994914640,RC2_0046_ICR-3_p08
555.135407239,583.130317484,27.994910244,Other,random,Formic Acid (-H2O),27.994914640,RC2_0046_ICR-3_p08
591.135660525,619.130570769,27.994910244,Other,random,Formic Acid (-H2O),27.994914640,RC2_0046_ICR-3_p08
347.090198775,375.085110020,27.994911244,Other,random,Formic Acid (-H2O),27.994914640,RC2_0046_ICR-3_p08
421.054026018,449.048937262,27.994911244,Other,random,Formic Acid (-H2O),27.994914640,RC2_0046_ICR-3_p08
329.106184064,357.101095309,27.994911244,Other,random,Formic Acid (-H2O),27.994914640,RC2_0046_ICR-3_p08
353.051312488,381.046223732,27.994911244,Other,random,Formic Acid (-H2O),27.994914640,RC2_0046_ICR-3_p08
377.082072549,405.076983793,27.994911244,Other,random,Formic Acid (-H2O),27.994914640,RC2_0046_ICR-3_p08
387.075265157,415.070176402,27.994911244,Other,random,Formic Acid (-H2O),27.994914640,RC2_0046_ICR-3_p08
454.143238652,482.138149897,27.994911244,Other,random,Formic Acid (-H2O),27.994914640,RC2_0046_ICR-3_p08
463.197025246,491.191936490,27.994911244,Other,random,Formic Acid (-H2O),27.994914640,RC2_0046_ICR-3_p08
289.092852802,317.087765047,27.994912244,Other,random,Formic Acid (-H2O),27.994914640,RC2_0046_ICR-3_p08
291.098655294,319.093567538,27.994912244,Other,random,Formic Acid (-H2O),27.994914640,RC2_0046_ICR-3_p08
395.092647147,423.087559391,27.994912244,Other,random,Formic Acid (-H2O),27.994914640,RC2_0046_ICR-3_p08
437.103248936,465.098161181,27.994912244,Other,random,Formic Acid (-H2O),27.994914640,RC2_0046_ICR-3_p08
539.104131245,567.099043489,27.994912244,Other,random,Formic Acid (-H2O),27.994914640,RC2_0046_ICR-3_p08
325.178561725,353.173473970,27.994912244,Other,random,Formic Acid (-H2O),27.994914640,RC2_0046_ICR-3_p08
387.129488927,415.124401172,27.994912244,Other,random,Formic Acid (-H2O),27.994914640,RC2_0046_ICR-3_p08
409.217405229,437.212317474,27.994912244,Other,random,Formic Acid (-H2O),27.994914640,RC2_0046_ICR-3_p08
503.168942683,531.163854928,27.994912244,Other,random,Formic Acid (-H2O),27.994914640,RC2_0046_ICR-3_p08
425.108641818,453.103555062,27.994913244,Other,random,Formic Acid (-H2O),27.994914640,RC2_0046_ICR-3_p08
427.030465666,455.025378910,27.994913244,Other,random,Formic Acid (-H2O),27.994914640,RC2_0046_ICR-3_p08
453.212719599,481.207632844,27.994913244,Other,random,Formic Acid (-H2O),27.994914640,RC2_0046_ICR-3_p08
489.153135139,517.148048383,27.994913244,Other,random,Formic Acid (-H2O),27.994914640,RC2_0046_ICR-3_p08
349.129151126,377.124064370,27.994913244,Other,random,Formic Acid (-H2O),27.994914640,RC2_0046_ICR-3_p08
471.114181661,499.109094905,27.994913244,Other,random,Formic Acid (-H2O),27.994914640,RC2_0046_ICR-3_p08
583.268065899,611.262979144,27.994913244,Other,random,Formic Acid (-H2O),27.994914640,RC2_0046_ICR-3_p08
243.123862805,271.118777049,27.994914244,Other,random,Formic Acid (-H2O),27.994914640,RC2_0046_ICR-3_p08
243.160213650,271.155127895,27.994914244,Other,random,Formic Acid (-H2O),27.994914640,RC2_0046_ICR-3_p08
259.061249198,287.056163442,27.994914244,Other,random,Formic Acid (-H2O),27.994914640,RC2_0046_ICR-3_p08
290.030504825,318.025419069,27.994914244,Other,random,Formic Acid (-H2O),27.994914640,RC2_0046_ICR-3_p08
315.054332673,343.049246917,27.994914244,Other,random,Formic Acid (-H2O),27.994914640,RC2_0046_ICR-3_p08
317.102938982,345.097853227,27.994914244,Other,random,Formic Acid (-H2O),27.994914640,RC2_0046_ICR-3_p08
427.134113226,455.129027470,27.994914244,Other,random,Formic Acid (-H2O),27.994914640,RC2_0046_ICR-3_p08
485.102875320,513.097789565,27.994914244,Other,random,Formic Acid (-H2O),27.994914640,RC2_0046_ICR-3_p08
513.103828539,541.098742783,27.994914244,Other,random,Formic Acid (-H2O),27.994914640,RC2_0046_ICR-3_p08
345.134268072,373.129183317,27.994915244,Other,random,Formic Acid (-H2O),27.994914640,RC2_0046_ICR-3_p08
431.046616629,459.041531873,27.994915244,Other,random,Formic Acid (-H2O),27.994914640,RC2_0046_ICR-3_p08
515.168918779,543.163834023,27.994915244,Other,random,Formic Acid (-H2O),27.994914640,RC2_0046_ICR-3_p08
520.182433511,548.177348756,27.994915244,Other,random,Formic Acid (-H2O),27.994914640,RC2_0046_ICR-3_p08
553.156285635,581.151200879,27.994915244,Other,random,Formic Acid (-H2O),27.994914640,RC2_0046_ICR-3_p08
225.113277206,253.108192451,27.994915244,Other,random,Formic Acid (-H2O),27.994914640,RC2_0046_ICR-3_p08
312.145129014,340.140044258,27.994915244,Other,random,Formic Acid (-H2O),27.994914640,RC2_0046_ICR-3_p08
313.165520685,341.160435930,27.994915244,Other,random,Formic Acid (-H2O),27.994914640,RC2_0046_ICR-3_p08
377.087562525,405.082477770,27.994915244,Other,random,Formic Acid (-H2O),27.994914640,RC2_0046_ICR-3_p08
377.100588470,405.095503714,27.994915244,Other,random,Formic Acid (-H2O),27.994914640,RC2_0046_ICR-3_p08
387.139235886,415.134151130,27.994915244,Other,random,Formic Acid (-H2O),27.994914640,RC2_0046_ICR-3_p08
415.106359248,443.101274493,27.994915244,Other,random,Formic Acid (-H2O),27.994914640,RC2_0046_ICR-3_p08
445.171375711,473.166290956,27.994915244,Other,random,Formic Acid (-H2O),27.994914640,RC2_0046_ICR-3_p08
485.139515165,513.134430409,27.994915244,Other,random,Formic Acid (-H2O),27.994914640,RC2_0046_ICR-3_p08
531.163854928,559.158771172,27.994916244,Other,random,Formic Acid (-H2O),27.994914640,RC2_0046_ICR-3_p08
321.219992518,349.214908762,27.994916244,Other,random,Formic Acid (-H2O),27.994914640,RC2_0046_ICR-3_p08
365.209922911,393.204839155,27.994916244,Other,random,Formic Acid (-H2O),27.994914640,RC2_0046_ICR-3_p08
421.236038246,449.230954490,27.994916244,Other,random,Formic Acid (-H2O),27.994914640,RC2_0046_ICR-3_p08
331.103303592,359.098219837,27.994916244,Other,random,Formic Acid (-H2O),27.994914640,RC2_0046_ICR-3_p08
629.187719106,657.182635351,27.994916244,Other,random,Formic Acid (-H2O),27.994914640,RC2_0046_ICR-3_p08
301.144433679,329.139349923,27.994916244,Other,random,Formic Acid (-H2O),27.994914640,RC2_0046_ICR-3_p08
400.067213045,428.062129289,27.994916244,Other,random,Formic Acid (-H2O),27.994914640,RC2_0046_ICR-3_p08
501.030836753,529.025752997,27.994916244,Other,random,Formic Acid (-H2O),27.994914640,RC2_0046_ICR-3_p08
373.105781416,401.100698661,27.994917244,Other,random,Formic Acid (-H2O),27.994914640,RC2_0046_ICR-3_p08
401.082095740,429.077012984,27.994917244,Other,random,Formic Acid (-H2O),27.994914640,RC2_0046_ICR-3_p08
403.225581647,431.220498891,27.994917244,Other,random,Formic Acid (-H2O),27.994914640,RC2_0046_ICR-3_p08
421.040965073,449.035882318,27.994917244,Other,random,Formic Acid (-H2O),27.994914640,RC2_0046_ICR-3_p08
443.082864571,471.077781815,27.994917244,Other,random,Formic Acid (-H2O),27.994914640,RC2_0046_ICR-3_p08
301.092838898,329.087757142,27.994918244,Other,random,Formic Acid (-H2O),27.994914640,RC2_0046_ICR-3_p08
307.093705442,335.088623686,27.994918244,Other,random,Formic Acid (-H2O),27.994914640,RC2_0046_ICR-3_p08
321.134232882,349.129151126,27.994918244,Other,random,Formic Acid (-H2O),27.994914640,RC2_0046_ICR-3_p08
397.069409762,425.064328006,27.994918244,Other,random,Formic Acid (-H2O),27.994914640,RC2_0046_ICR-3_p08
403.079856265,431.074774509,27.994918244,Other,random,Formic Acid (-H2O),27.994914640,RC2_0046_ICR-3_p08
459.093144654,487.088062899,27.994918244,Other,random,Formic Acid (-H2O),27.994914640,RC2_0046_ICR-3_p08
471.215352231,499.210270476,27.994918244,Other,random,Formic Acid (-H2O),27.994914640,RC2_0046_ICR-3_p08
567.208328026,595.203246270,27.994918244,Other,random,Formic Acid (-H2O),27.994914640,RC2_0046_ICR-3_p08
629.151378261,657.146296505,27.994918244,Other,random,Formic Acid (-H2O),27.994914640,RC2_0046_ICR-3_p08
278.103313420,306.098231665,27.994918244,Other,random,Formic Acid (-H2O),27.994914640,RC2_0046_ICR-3_p08
305.030204195,333.025122440,27.994918244,Other,random,Formic Acid (-H2O),27.994914640,RC2_0046_ICR-3_p08
319.009424895,347.004343139,27.994918244,Other,random,Formic Acid (-H2O),27.994914640,RC2_0046_ICR-3_p08
347.113414677,375.108332921,27.994918244,Other,random,Formic Acid (-H2O),27.994914640,RC2_0046_ICR-3_p08
357.074513421,385.069431666,27.994918244,Other,random,Formic Acid (-H2O),27.994914640,RC2_0046_ICR-3_p08
373.186690073,401.181608317,27.994918244,Other,random,Formic Acid (-H2O),27.994914640,RC2_0046_ICR-3_p08
407.025354528,435.020272772,27.994918244,Other,random,Formic Acid (-H2O),27.994914640,RC2_0046_ICR-3_p08
493.135048247,521.129966492,27.994918244,Other,random,Formic Acid (-H2O),27.994914640,RC2_0046_ICR-3_p08
493.220757884,521.215676128,27.994918244,Other,random,Formic Acid (-H2O),27.994914640,RC2_0046_ICR-3_p08
509.166310242,537.161228486,27.994918244,Other,random,Formic Acid (-H2O),27.994914640,RC2_0046_ICR-3_p08
569.143219818,597.138138062,27.994918244,Other,random,Formic Acid (-H2O),27.994914640,RC2_0046_ICR-3_p08
575.226373013,603.221291257,27.994918244,Other,random,Formic Acid (-H2O),27.994914640,RC2_0046_ICR-3_p08
625.177754117,653.172672361,27.994918244,Other,random,Formic Acid (-H2O),27.994914640,RC2_0046_ICR-3_p08
414.112037466,442.106956710,27.994919244,Other,random,Formic Acid (-H2O),27.994914640,RC2_0046_ICR-3_p08
507.236568428,535.231487673,27.994919244,Other,random,Formic Acid (-H2O),27.994914640,RC2_0046_ICR-3_p08
235.024861161,263.019780405,27.994919244,Other,random,Formic Acid (-H2O),27.994914640,RC2_0046_ICR-3_p08
349.092643281,377.087562525,27.994919244,Other,random,Formic Acid (-H2O),27.994914640,RC2_0046_ICR-3_p08
351.108281730,379.103200975,27.994919244,Other,random,Formic Acid (-H2O),27.994914640,RC2_0046_ICR-3_p08
371.126536812,399.121456057,27.994919244,Other,random,Formic Acid (-H2O),27.994914640,RC2_0046_ICR-3_p08
553.119853789,581.114773034,27.994919244,Other,random,Formic Acid (-H2O),27.994914640,RC2_0046_ICR-3_p08
561.234137368,589.229056613,27.994919244,Other,random,Formic Acid (-H2O),27.994914640,RC2_0046_ICR-3_p08
245.066709563,273.061628807,27.994919244,Other,random,Formic Acid (-H2O),27.994914640,RC2_0046_ICR-3_p08
295.009489704,323.004408948,27.994919244,Other,random,Formic Acid (-H2O),27.994914640,RC2_0046_ICR-3_p08
609.182480970,637.177400214,27.994919244,Other,random,Formic Acid (-H2O),27.994914640,RC2_0046_ICR-3_p08
309.134218786,337.129139030,27.994920244,Other,random,Formic Acid (-H2O),27.994914640,RC2_0046_ICR-3_p08
315.217589980,343.212510225,27.994920244,Other,random,Formic Acid (-H2O),27.994914640,RC2_0046_ICR-3_p08
331.131668472,359.126588716,27.994920244,Other,random,Formic Acid (-H2O),27.994914640,RC2_0046_ICR-3_p08
350.051620213,378.046540457,27.994920244,Other,random,Formic Acid (-H2O),27.994914640,RC2_0046_ICR-3_p08
363.111607812,391.106528056,27.994920244,Other,random,Formic Acid (-H2O),27.994914640,RC2_0046_ICR-3_p08
403.066851320,431.061771565,27.994920244,Other,random,Formic Acid (-H2O),27.994914640,RC2_0046_ICR-3_p08
447.202097097,475.197017341,27.994920244,Other,random,Formic Acid (-H2O),27.994914640,RC2_0046_ICR-3_p08
565.229027422,593.223947666,27.994920244,Other,random,Formic Acid (-H2O),27.994914640,RC2_0046_ICR-3_p08
357.155348079,385.150269323,27.994921244,Other,random,Formic Acid (-H2O),27.994914640,RC2_0046_ICR-3_p08
323.090168584,351.085089829,27.994921244,Other,random,Formic Acid (-H2O),27.994914640,RC2_0046_ICR-3_p08
413.144988568,441.139909813,27.994921244,Other,random,Formic Acid (-H2O),27.994914640,RC2_0046_ICR-3_p08
519.114295042,547.109216287,27.994921244,Other,random,Formic Acid (-H2O),27.994914640,RC2_0046_ICR-3_p08
313.238386376,341.233307620,27.994921244,Other,random,Formic Acid (-H2O),27.994914640,RC2_0046_ICR-3_p08
447.056625714,475.051546958,27.994921244,Other,random,Formic Acid (-H2O),27.994914640,RC2_0046_ICR-3_p08
471.179039386,499.173960630,27.994921244,Other,random,Formic Acid (-H2O),27.994914640,RC2_0046_ICR-3_p08
585.210914658,613.205835902,27.994921244,Other,random,Formic Acid (-H2O),27.994914640,RC2_0046_ICR-3_p08
303.087286437,331.082208682,27.994922244,Other,random,Formic Acid (-H2O),27.994914640,RC2_0046_ICR-3_p08
391.225456552,419.220378796,27.994922244,Other,random,Formic Acid (-H2O),27.994914640,RC2_0046_ICR-3_p08
497.130008301,525.124930545,27.994922244,Other,random,Formic Acid (-H2O),27.994914640,RC2_0046_ICR-3_p08
505.184444133,533.179366378,27.994922244,Other,random,Formic Acid (-H2O),27.994914640,RC2_0046_ICR-3_p08
457.062282269,485.057204514,27.994922244,Other,random,Formic Acid (-H2O),27.994914640,RC2_0046_ICR-3_p08
471.093033750,499.087955995,27.994922244,Other,random,Formic Acid (-H2O),27.994914640,RC2_0046_ICR-3_p08
513.270442832,541.265366077,27.994923244,Other,random,Formic Acid (-H2O),27.994914640,RC2_0046_ICR-3_p08
529.148213478,557.143136722,27.994923244,Other,random,Formic Acid (-H2O),27.994914640,RC2_0046_ICR-3_p08
341.154772954,369.149696198,27.994923244,Other,random,Formic Acid (-H2O),27.994914640,RC2_0046_ICR-3_p08
496.231888110,524.226811355,27.994923244,Other,random,Formic Acid (-H2O),27.994914640,RC2_0046_ICR-3_p08
331.058887781,359.053811025,27.994923244,Other,random,Formic Acid (-H2O),27.994914640,RC2_0046_ICR-3_p08
349.069444379,377.064367624,27.994923244,Other,random,Formic Acid (-H2O),27.994914640,RC2_0046_ICR-3_p08
369.118926329,397.113849573,27.994923244,Other,random,Formic Acid (-H2O),27.994914640,RC2_0046_ICR-3_p08
525.124930545,553.119853789,27.994923244,Other,random,Formic Acid (-H2O),27.994914640,RC2_0046_ICR-3_p08
719.219878187,747.214801431,27.994923244,Other,random,Formic Acid (-H2O),27.994914640,RC2_0046_ICR-3_p08
343.082106778,371.077031022,27.994924244,Other,random,Formic Acid (-H2O),27.994914640,RC2_0046_ICR-3_p08
355.116234729,383.111158973,27.994924244,Other,random,Formic Acid (-H2O),27.994914640,RC2_0046_ICR-3_p08
497.093558455,525.088482700,27.994924244,Other,random,Formic Acid (-H2O),27.994914640,RC2_0046_ICR-3_p08
321.072898142,349.067822386,27.994924244,Other,random,Formic Acid (-H2O),27.994914640,RC2_0046_ICR-3_p08
487.137476689,515.132400934,27.994924244,Other,random,Formic Acid (-H2O),27.994914640,RC2_0046_ICR-3_p08
272.077519982,300.072444226,27.994924244,Other,random,Formic Acid (-H2O),27.994914640,RC2_0046_ICR-3_p08
368.033788932,396.028713176,27.994924244,Other,random,Formic Acid (-H2O),27.994914640,RC2_0046_ICR-3_p08
431.101431396,459.096355641,27.994924244,Other,random,Formic Acid (-H2O),27.994914640,RC2_0046_ICR-3_p08
303.072087502,331.066992746,27.994905245,Other,random,Formic Acid_(_H2O)_CO,27.994915000,RC2_0046_ICR-3_p08
383.098106028,411.093011273,27.994905245,Other,random,Formic Acid_(_H2O)_CO,27.994915000,RC2_0046_ICR-3_p08
393.113413543,421.108318788,27.994905245,Other,random,Formic Acid_(_H2O)_CO,27.994915000,RC2_0046_ICR-3_p08
433.236171341,461.231076585,27.994905245,Other,random,Formic Acid_(_H2O)_CO,27.994915000,RC2_0046_ICR-3_p08
435.202120001,463.197025246,27.994905245,Other,random,Formic Acid_(_H2O)_CO,27.994915000,RC2_0046_ICR-3_p08
377.051321679,405.046226924,27.994905245,Other,random,Formic Acid_(_H2O)_CO,27.994915000,RC2_0046_ICR-3_p08
507.259938329,535.254843573,27.994905245,Other,random,Formic Acid_(_H2O)_CO,27.994915000,RC2_0046_ICR-3_p08
257.139447350,285.134353594,27.994906245,Other,random,Formic Acid_(_H2O)_CO,27.994915000,RC2_0046_ICR-3_p08
363.230550307,391.225456552,27.994906245,Other,random,Formic Acid_(_H2O)_CO,27.994915000,RC2_0046_ICR-3_p08
279.062293352,307.057199597,27.994906245,Other,random,Formic Acid_(_H2O)_CO,27.994915000,RC2_0046_ICR-3_p08
335.235644063,363.230550307,27.994906245,Other,random,Formic Acid_(_H2O)_CO,27.994915000,RC2_0046_ICR-3_p08
359.061871991,387.056778235,27.994906245,Other,random,Formic Acid_(_H2O)_CO,27.994915000,RC2_0046_ICR-3_p08
367.095291913,395.090198157,27.994906245,Other,random,Formic Acid_(_H2O)_CO,27.994915000,RC2_0046_ICR-3_p08
389.145163376,417.140069621,27.994906245,Other,random,Formic Acid_(_H2O)_CO,27.994915000,RC2_0046_ICR-3_p08
399.035559421,427.030465666,27.994906245,Other,random,Formic Acid_(_H2O)_CO,27.994915000,RC2_0046_ICR-3_p08
309.183695576,337.178601821,27.994906245,Other,random,Formic Acid_(_H2O)_CO,27.994915000,RC2_0046_ICR-3_p08
312.108778168,340.103685412,27.994907244,Other,random,Formic Acid_(_H2O)_CO,27.994915000,RC2_0046_ICR-3_p08
617.236970802,645.231878047,27.994907245,Other,random,Formic Acid_(_H2O)_CO,27.994915000,RC2_0046_ICR-3_p08
293.043288044,321.038195289,27.994907245,Other,random,Formic Acid_(_H2O)_CO,27.994915000,RC2_0046_ICR-3_p08
302.066984766,330.061892010,27.994907245,Other,random,Formic Acid_(_H2O)_CO,27.994915000,RC2_0046_ICR-3_p08
533.093617741,561.088525986,27.994908244,Other,random,Formic Acid_(_H2O)_CO,27.994915000,RC2_0046_ICR-3_p08
535.254843573,563.249751818,27.994908244,Other,random,Formic Acid_(_H2O)_CO,27.994915000,RC2_0046_ICR-3_p08
665.135833613,693.130741858,27.994908244,Other,random,Formic Acid_(_H2O)_CO,27.994915000,RC2_0046_ICR-3_p08
242.067057288,270.061965532,27.994908244,Other,random,Formic Acid_(_H2O)_CO,27.994915000,RC2_0046_ICR-3_p08
344.090315501,372.085223745,27.994908244,Other,random,Formic Acid_(_H2O)_CO,27.994915000,RC2_0046_ICR-3_p08
403.043582419,431.038490663,27.994908244,Other,random,Formic Acid_(_H2O)_CO,27.994915000,RC2_0046_ICR-3_p08
451.087878613,479.082786858,27.994908244,Other,random,Formic Acid_(_H2O)_CO,27.994915000,RC2_0046_ICR-3_p08
677.281658090,705.276566335,27.994908244,Other,random,Formic Acid_(_H2O)_CO,27.994915000,RC2_0046_ICR-3_p08
313.157426719,341.152334964,27.994908244,Other,random,Formic Acid_(_H2O)_CO,27.994915000,RC2_0046_ICR-3_p08
373.059747611,401.054655856,27.994908244,Other,random,Formic Acid_(_H2O)_CO,27.994915000,RC2_0046_ICR-3_p08
315.014563841,343.009473086,27.994909244,Other,random,Formic Acid_(_H2O)_CO,27.994915000,RC2_0046_ICR-3_p08
343.131627568,371.126536812,27.994909244,Other,random,Formic Acid_(_H2O)_CO,27.994915000,RC2_0046_ICR-3_p08
345.191780828,373.186690073,27.994909244,Other,random,Formic Acid_(_H2O)_CO,27.994915000,RC2_0046_ICR-3_p08
415.097611285,443.092520530,27.994909244,Other,random,Formic Acid_(_H2O)_CO,27.994915000,RC2_0046_ICR-3_p08
431.170922102,459.165831346,27.994909244,Other,random,Formic Acid_(_H2O)_CO,27.994915000,RC2_0046_ICR-3_p08
435.093034464,463.087943708,27.994909244,Other,random,Formic Acid_(_H2O)_CO,27.994915000,RC2_0046_ICR-3_p08
595.130498579,623.125407823,27.994909244,Other,random,Formic Acid_(_H2O)_CO,27.994915000,RC2_0046_ICR-3_p08
293.066606945,321.061516190,27.994909244,Other,random,Formic Acid_(_H2O)_CO,27.994915000,RC2_0046_ICR-3_p08
331.095193627,359.090102871,27.994909244,Other,random,Formic Acid_(_H2O)_CO,27.994915000,RC2_0046_ICR-3_p08
349.201896817,377.196806062,27.994909244,Other,random,Formic Acid_(_H2O)_CO,27.994915000,RC2_0046_ICR-3_p08
417.204763347,445.199672591,27.994909244,Other,random,Formic Acid_(_H2O)_CO,27.994915000,RC2_0046_ICR-3_p08
443.092520530,471.087429774,27.994909244,Other,random,Formic Acid_(_H2O)_CO,27.994915000,RC2_0046_ICR-3_p08
461.121770049,489.116679293,27.994909244,Other,random,Formic Acid_(_H2O)_CO,27.994915000,RC2_0046_ICR-3_p08
533.275530970,561.270440214,27.994909244,Other,random,Formic Acid_(_H2O)_CO,27.994915000,RC2_0046_ICR-3_p08
603.244721158,631.239630402,27.994909244,Other,random,Formic Acid_(_H2O)_CO,27.994915000,RC2_0046_ICR-3_p08
289.157489528,317.152398773,27.994909244,Other,random,Formic Acid_(_H2O)_CO,27.994915000,RC2_0046_ICR-3_p08
427.160767113,455.155676357,27.994909244,Other,random,Formic Acid_(_H2O)_CO,27.994915000,RC2_0046_ICR-3_p08
613.141322176,641.136231420,27.994909244,Other,random,Formic Acid_(_H2O)_CO,27.994915000,RC2_0046_ICR-3_p08
333.061454286,361.056363530,27.994909244,Other,random,Formic Acid_(_H2O)_CO,27.994915000,RC2_0046_ICR-3_p08
387.121381961,415.116292206,27.994910244,Other,random,Formic Acid_(_H2O)_CO,27.994915000,RC2_0046_ICR-3_p08
339.139191504,367.134101748,27.994910244,Other,random,Formic Acid_(_H2O)_CO,27.994915000,RC2_0046_ICR-3_p08
405.149819484,433.144729729,27.994910244,Other,random,Formic Acid_(_H2O)_CO,27.994915000,RC2_0046_ICR-3_p08
439.210246998,467.205157243,27.994910244,Other,random,Formic Acid_(_H2O)_CO,27.994915000,RC2_0046_ICR-3_p08
479.132386647,507.127296892,27.994910244,Other,random,Formic Acid_(_H2O)_CO,27.994915000,RC2_0046_ICR-3_p08
489.189585984,517.184496229,27.994910244,Other,random,Formic Acid_(_H2O)_CO,27.994915000,RC2_0046_ICR-3_p08
490.098952127,518.093862371,27.994910244,Other,random,Formic Acid_(_H2O)_CO,27.994915000,RC2_0046_ICR-3_p08
539.205288816,567.200199060,27.994910244,Other,random,Formic Acid_(_H2O)_CO,27.994915000,RC2_0046_ICR-3_p08
555.135407239,583.130317484,27.994910244,Other,random,Formic Acid_(_H2O)_CO,27.994915000,RC2_0046_ICR-3_p08
591.135660525,619.130570769,27.994910244,Other,random,Formic Acid_(_H2O)_CO,27.994915000,RC2_0046_ICR-3_p08
347.090198775,375.085110020,27.994911244,Other,random,Formic Acid_(_H2O)_CO,27.994915000,RC2_0046_ICR-3_p08
421.054026018,449.048937262,27.994911244,Other,random,Formic Acid_(_H2O)_CO,27.994915000,RC2_0046_ICR-3_p08
329.106184064,357.101095309,27.994911244,Other,random,Formic Acid_(_H2O)_CO,27.994915000,RC2_0046_ICR-3_p08
353.051312488,381.046223732,27.994911244,Other,random,Formic Acid_(_H2O)_CO,27.994915000,RC2_0046_ICR-3_p08
377.082072549,405.076983793,27.994911244,Other,random,Formic Acid_(_H2O)_CO,27.994915000,RC2_0046_ICR-3_p08
387.075265157,415.070176402,27.994911244,Other,random,Formic Acid_(_H2O)_CO,27.994915000,RC2_0046_ICR-3_p08
454.143238652,482.138149897,27.994911244,Other,random,Formic Acid_(_H2O)_CO,27.994915000,RC2_0046_ICR-3_p08
463.197025246,491.191936490,27.994911244,Other,random,Formic Acid_(_H2O)_CO,27.994915000,RC2_0046_ICR-3_p08
289.092852802,317.087765047,27.994912244,Other,random,Formic Acid_(_H2O)_CO,27.994915000,RC2_0046_ICR-3_p08
291.098655294,319.093567538,27.994912244,Other,random,Formic Acid_(_H2O)_CO,27.994915000,RC2_0046_ICR-3_p08
395.092647147,423.087559391,27.994912244,Other,random,Formic Acid_(_H2O)_CO,27.994915000,RC2_0046_ICR-3_p08
437.103248936,465.098161181,27.994912244,Other,random,Formic Acid_(_H2O)_CO,27.994915000,RC2_0046_ICR-3_p08
539.104131245,567.099043489,27.994912244,Other,random,Formic Acid_(_H2O)_CO,27.994915000,RC2_0046_ICR-3_p08
325.178561725,353.173473970,27.994912244,Other,random,Formic Acid_(_H2O)_CO,27.994915000,RC2_0046_ICR-3_p08
387.129488927,415.124401172,27.994912244,Other,random,Formic Acid_(_H2O)_CO,27.994915000,RC2_0046_ICR-3_p08
409.217405229,437.212317474,27.994912244,Other,random,Formic Acid_(_H2O)_CO,27.994915000,RC2_0046_ICR-3_p08
503.168942683,531.163854928,27.994912244,Other,random,Formic Acid_(_H2O)_CO,27.994915000,RC2_0046_ICR-3_p08
425.108641818,453.103555062,27.994913244,Other,random,Formic Acid_(_H2O)_CO,27.994915000,RC2_0046_ICR-3_p08
427.030465666,455.025378910,27.994913244,Other,random,Formic Acid_(_H2O)_CO,27.994915000,RC2_0046_ICR-3_p08
453.212719599,481.207632844,27.994913244,Other,random,Formic Acid_(_H2O)_CO,27.994915000,RC2_0046_ICR-3_p08
489.153135139,517.148048383,27.994913244,Other,random,Formic Acid_(_H2O)_CO,27.994915000,RC2_0046_ICR-3_p08
349.129151126,377.124064370,27.994913244,Other,random,Formic Acid_(_H2O)_CO,27.994915000,RC2_0046_ICR-3_p08
471.114181661,499.109094905,27.994913244,Other,random,Formic Acid_(_H2O)_CO,27.994915000,RC2_0046_ICR-3_p08
583.268065899,611.262979144,27.994913244,Other,random,Formic Acid_(_H2O)_CO,27.994915000,RC2_0046_ICR-3_p08
243.123862805,271.118777049,27.994914244,Other,random,Formic Acid_(_H2O)_CO,27.994915000,RC2_0046_ICR-3_p08
243.160213650,271.155127895,27.994914244,Other,random,Formic Acid_(_H2O)_CO,27.994915000,RC2_0046_ICR-3_p08
259.061249198,287.056163442,27.994914244,Other,random,Formic Acid_(_H2O)_CO,27.994915000,RC2_0046_ICR-3_p08
290.030504825,318.025419069,27.994914244,Other,random,Formic Acid_(_H2O)_CO,27.994915000,RC2_0046_ICR-3_p08
315.054332673,343.049246917,27.994914244,Other,random,Formic Acid_(_H2O)_CO,27.994915000,RC2_0046_ICR-3_p08
317.102938982,345.097853227,27.994914244,Other,random,Formic Acid_(_H2O)_CO,27.994915000,RC2_0046_ICR-3_p08
427.134113226,455.129027470,27.994914244,Other,random,Formic Acid_(_H2O)_CO,27.994915000,RC2_0046_ICR-3_p08
485.102875320,513.097789565,27.994914244,Other,random,Formic Acid_(_H2O)_CO,27.994915000,RC2_0046_ICR-3_p08
513.103828539,541.098742783,27.994914244,Other,random,Formic Acid_(_H2O)_CO,27.994915000,RC2_0046_ICR-3_p08
345.134268072,373.129183317,27.994915244,Other,random,Formic Acid_(_H2O)_CO,27.994915000,RC2_0046_ICR-3_p08
431.046616629,459.041531873,27.994915244,Other,random,Formic Acid_(_H2O)_CO,27.994915000,RC2_0046_ICR-3_p08
515.168918779,543.163834023,27.994915244,Other,random,Formic Acid_(_H2O)_CO,27.994915000,RC2_0046_ICR-3_p08
520.182433511,548.177348756,27.994915244,Other,random,Formic Acid_(_H2O)_CO,27.994915000,RC2_0046_ICR-3_p08
553.156285635,581.151200879,27.994915244,Other,random,Formic Acid_(_H2O)_CO,27.994915000,RC2_0046_ICR-3_p08
225.113277206,253.108192451,27.994915244,Other,random,Formic Acid_(_H2O)_CO,27.994915000,RC2_0046_ICR-3_p08
312.145129014,340.140044258,27.994915244,Other,random,Formic Acid_(_H2O)_CO,27.994915000,RC2_0046_ICR-3_p08
313.165520685,341.160435930,27.994915244,Other,random,Formic Acid_(_H2O)_CO,27.994915000,RC2_0046_ICR-3_p08
377.087562525,405.082477770,27.994915244,Other,random,Formic Acid_(_H2O)_CO,27.994915000,RC2_0046_ICR-3_p08
377.100588470,405.095503714,27.994915244,Other,random,Formic Acid_(_H2O)_CO,27.994915000,RC2_0046_ICR-3_p08
387.139235886,415.134151130,27.994915244,Other,random,Formic Acid_(_H2O)_CO,27.994915000,RC2_0046_ICR-3_p08
415.106359248,443.101274493,27.994915244,Other,random,Formic Acid_(_H2O)_CO,27.994915000,RC2_0046_ICR-3_p08
445.171375711,473.166290956,27.994915244,Other,random,Formic Acid_(_H2O)_CO,27.994915000,RC2_0046_ICR-3_p08
485.139515165,513.134430409,27.994915244,Other,random,Formic Acid_(_H2O)_CO,27.994915000,RC2_0046_ICR-3_p08
531.163854928,559.158771172,27.994916244,Other,random,Formic Acid_(_H2O)_CO,27.994915000,RC2_0046_ICR-3_p08
321.219992518,349.214908762,27.994916244,Other,random,Formic Acid_(_H2O)_CO,27.994915000,RC2_0046_ICR-3_p08
365.209922911,393.204839155,27.994916244,Other,random,Formic Acid_(_H2O)_CO,27.994915000,RC2_0046_ICR-3_p08
421.236038246,449.230954490,27.994916244,Other,random,Formic Acid_(_H2O)_CO,27.994915000,RC2_0046_ICR-3_p08
331.103303592,359.098219837,27.994916244,Other,random,Formic Acid_(_H2O)_CO,27.994915000,RC2_0046_ICR-3_p08
629.187719106,657.182635351,27.994916244,Other,random,Formic Acid_(_H2O)_CO,27.994915000,RC2_0046_ICR-3_p08
301.144433679,329.139349923,27.994916244,Other,random,Formic Acid_(_H2O)_CO,27.994915000,RC2_0046_ICR-3_p08
400.067213045,428.062129289,27.994916244,Other,random,Formic Acid_(_H2O)_CO,27.994915000,RC2_0046_ICR-3_p08
501.030836753,529.025752997,27.994916244,Other,random,Formic Acid_(_H2O)_CO,27.994915000,RC2_0046_ICR-3_p08
373.105781416,401.100698661,27.994917244,Other,random,Formic Acid_(_H2O)_CO,27.994915000,RC2_0046_ICR-3_p08
401.082095740,429.077012984,27.994917244,Other,random,Formic Acid_(_H2O)_CO,27.994915000,RC2_0046_ICR-3_p08
403.225581647,431.220498891,27.994917244,Other,random,Formic Acid_(_H2O)_CO,27.994915000,RC2_0046_ICR-3_p08
421.040965073,449.035882318,27.994917244,Other,random,Formic Acid_(_H2O)_CO,27.994915000,RC2_0046_ICR-3_p08
443.082864571,471.077781815,27.994917244,Other,random,Formic Acid_(_H2O)_CO,27.994915000,RC2_0046_ICR-3_p08
301.092838898,329.087757142,27.994918244,Other,random,Formic Acid_(_H2O)_CO,27.994915000,RC2_0046_ICR-3_p08
307.093705442,335.088623686,27.994918244,Other,random,Formic Acid_(_H2O)_CO,27.994915000,RC2_0046_ICR-3_p08
321.134232882,349.129151126,27.994918244,Other,random,Formic Acid_(_H2O)_CO,27.994915000,RC2_0046_ICR-3_p08
397.069409762,425.064328006,27.994918244,Other,random,Formic Acid_(_H2O)_CO,27.994915000,RC2_0046_ICR-3_p08
403.079856265,431.074774509,27.994918244,Other,random,Formic Acid_(_H2O)_CO,27.994915000,RC2_0046_ICR-3_p08
459.093144654,487.088062899,27.994918244,Other,random,Formic Acid_(_H2O)_CO,27.994915000,RC2_0046_ICR-3_p08
471.215352231,499.210270476,27.994918244,Other,random,Formic Acid_(_H2O)_CO,27.994915000,RC2_0046_ICR-3_p08
567.208328026,595.203246270,27.994918244,Other,random,Formic Acid_(_H2O)_CO,27.994915000,RC2_0046_ICR-3_p08
629.151378261,657.146296505,27.994918244,Other,random,Formic Acid_(_H2O)_CO,27.994915000,RC2_0046_ICR-3_p08
278.103313420,306.098231665,27.994918244,Other,random,Formic Acid_(_H2O)_CO,27.994915000,RC2_0046_ICR-3_p08
305.030204195,333.025122440,27.994918244,Other,random,Formic Acid_(_H2O)_CO,27.994915000,RC2_0046_ICR-3_p08
319.009424895,347.004343139,27.994918244,Other,random,Formic Acid_(_H2O)_CO,27.994915000,RC2_0046_ICR-3_p08
347.113414677,375.108332921,27.994918244,Other,random,Formic Acid_(_H2O)_CO,27.994915000,RC2_0046_ICR-3_p08
357.074513421,385.069431666,27.994918244,Other,random,Formic Acid_(_H2O)_CO,27.994915000,RC2_0046_ICR-3_p08
373.186690073,401.181608317,27.994918244,Other,random,Formic Acid_(_H2O)_CO,27.994915000,RC2_0046_ICR-3_p08
407.025354528,435.020272772,27.994918244,Other,random,Formic Acid_(_H2O)_CO,27.994915000,RC2_0046_ICR-3_p08
493.135048247,521.129966492,27.994918244,Other,random,Formic Acid_(_H2O)_CO,27.994915000,RC2_0046_ICR-3_p08
493.220757884,521.215676128,27.994918244,Other,random,Formic Acid_(_H2O)_CO,27.994915000,RC2_0046_ICR-3_p08
509.166310242,537.161228486,27.994918244,Other,random,Formic Acid_(_H2O)_CO,27.994915000,RC2_0046_ICR-3_p08
569.143219818,597.138138062,27.994918244,Other,random,Formic Acid_(_H2O)_CO,27.994915000,RC2_0046_ICR-3_p08
575.226373013,603.221291257,27.994918244,Other,random,Formic Acid_(_H2O)_CO,27.994915000,RC2_0046_ICR-3_p08
625.177754117,653.172672361,27.994918244,Other,random,Formic Acid_(_H2O)_CO,27.994915000,RC2_0046_ICR-3_p08
414.112037466,442.106956710,27.994919244,Other,random,Formic Acid_(_H2O)_CO,27.994915000,RC2_0046_ICR-3_p08
507.236568428,535.231487673,27.994919244,Other,random,Formic Acid_(_H2O)_CO,27.994915000,RC2_0046_ICR-3_p08
235.024861161,263.019780405,27.994919244,Other,random,Formic Acid_(_H2O)_CO,27.994915000,RC2_0046_ICR-3_p08
349.092643281,377.087562525,27.994919244,Other,random,Formic Acid_(_H2O)_CO,27.994915000,RC2_0046_ICR-3_p08
351.108281730,379.103200975,27.994919244,Other,random,Formic Acid_(_H2O)_CO,27.994915000,RC2_0046_ICR-3_p08
371.126536812,399.121456057,27.994919244,Other,random,Formic Acid_(_H2O)_CO,27.994915000,RC2_0046_ICR-3_p08
553.119853789,581.114773034,27.994919244,Other,random,Formic Acid_(_H2O)_CO,27.994915000,RC2_0046_ICR-3_p08
561.234137368,589.229056613,27.994919244,Other,random,Formic Acid_(_H2O)_CO,27.994915000,RC2_0046_ICR-3_p08
245.066709563,273.061628807,27.994919244,Other,random,Formic Acid_(_H2O)_CO,27.994915000,RC2_0046_ICR-3_p08
295.009489704,323.004408948,27.994919244,Other,random,Formic Acid_(_H2O)_CO,27.994915000,RC2_0046_ICR-3_p08
609.182480970,637.177400214,27.994919244,Other,random,Formic Acid_(_H2O)_CO,27.994915000,RC2_0046_ICR-3_p08
309.134218786,337.129139030,27.994920244,Other,random,Formic Acid_(_H2O)_CO,27.994915000,RC2_0046_ICR-3_p08
315.217589980,343.212510225,27.994920244,Other,random,Formic Acid_(_H2O)_CO,27.994915000,RC2_0046_ICR-3_p08
331.131668472,359.126588716,27.994920244,Other,random,Formic Acid_(_H2O)_CO,27.994915000,RC2_0046_ICR-3_p08
350.051620213,378.046540457,27.994920244,Other,random,Formic Acid_(_H2O)_CO,27.994915000,RC2_0046_ICR-3_p08
363.111607812,391.106528056,27.994920244,Other,random,Formic Acid_(_H2O)_CO,27.994915000,RC2_0046_ICR-3_p08
403.066851320,431.061771565,27.994920244,Other,random,Formic Acid_(_H2O)_CO,27.994915000,RC2_0046_ICR-3_p08
447.202097097,475.197017341,27.994920244,Other,random,Formic Acid_(_H2O)_CO,27.994915000,RC2_0046_ICR-3_p08
565.229027422,593.223947666,27.994920244,Other,random,Formic Acid_(_H2O)_CO,27.994915000,RC2_0046_ICR-3_p08
357.155348079,385.150269323,27.994921244,Other,random,Formic Acid_(_H2O)_CO,27.994915000,RC2_0046_ICR-3_p08
323.090168584,351.085089829,27.994921244,Other,random,Formic Acid_(_H2O)_CO,27.994915000,RC2_0046_ICR-3_p08
413.144988568,441.139909813,27.994921244,Other,random,Formic Acid_(_H2O)_CO,27.994915000,RC2_0046_ICR-3_p08
519.114295042,547.109216287,27.994921244,Other,random,Formic Acid_(_H2O)_CO,27.994915000,RC2_0046_ICR-3_p08
313.238386376,341.233307620,27.994921244,Other,random,Formic Acid_(_H2O)_CO,27.994915000,RC2_0046_ICR-3_p08
447.056625714,475.051546958,27.994921244,Other,random,Formic Acid_(_H2O)_CO,27.994915000,RC2_0046_ICR-3_p08
471.179039386,499.173960630,27.994921244,Other,random,Formic Acid_(_H2O)_CO,27.994915000,RC2_0046_ICR-3_p08
585.210914658,613.205835902,27.994921244,Other,random,Formic Acid_(_H2O)_CO,27.994915000,RC2_0046_ICR-3_p08
303.087286437,331.082208682,27.994922244,Other,random,Formic Acid_(_H2O)_CO,27.994915000,RC2_0046_ICR-3_p08
391.225456552,419.220378796,27.994922244,Other,random,Formic Acid_(_H2O)_CO,27.994915000,RC2_0046_ICR-3_p08
497.130008301,525.124930545,27.994922244,Other,random,Formic Acid_(_H2O)_CO,27.994915000,RC2_0046_ICR-3_p08
505.184444133,533.179366378,27.994922244,Other,random,Formic Acid_(_H2O)_CO,27.994915000,RC2_0046_ICR-3_p08
457.062282269,485.057204514,27.994922244,Other,random,Formic Acid_(_H2O)_CO,27.994915000,RC2_0046_ICR-3_p08
471.093033750,499.087955995,27.994922244,Other,random,Formic Acid_(_H2O)_CO,27.994915000,RC2_0046_ICR-3_p08
513.270442832,541.265366077,27.994923244,Other,random,Formic Acid_(_H2O)_CO,27.994915000,RC2_0046_ICR-3_p08
529.148213478,557.143136722,27.994923244,Other,random,Formic Acid_(_H2O)_CO,27.994915000,RC2_0046_ICR-3_p08
341.154772954,369.149696198,27.994923244,Other,random,Formic Acid_(_H2O)_CO,27.994915000,RC2_0046_ICR-3_p08
496.231888110,524.226811355,27.994923244,Other,random,Formic Acid_(_H2O)_CO,27.994915000,RC2_0046_ICR-3_p08
331.058887781,359.053811025,27.994923244,Other,random,Formic Acid_(_H2O)_CO,27.994915000,RC2_0046_ICR-3_p08
349.069444379,377.064367624,27.994923244,Other,random,Formic Acid_(_H2O)_CO,27.994915000,RC2_0046_ICR-3_p08
369.118926329,397.113849573,27.994923244,Other,random,Formic Acid_(_H2O)_CO,27.994915000,RC2_0046_ICR-3_p08
525.124930545,553.119853789,27.994923244,Other,random,Formic Acid_(_H2O)_CO,27.994915000,RC2_0046_ICR-3_p08
719.219878187,747.214801431,27.994923244,Other,random,Formic Acid_(_H2O)_CO,27.994915000,RC2_0046_ICR-3_p08
343.082106778,371.077031022,27.994924244,Other,random,Formic Acid_(_H2O)_CO,27.994915000,RC2_0046_ICR-3_p08
355.116234729,383.111158973,27.994924244,Other,random,Formic Acid_(_H2O)_CO,27.994915000,RC2_0046_ICR-3_p08
497.093558455,525.088482700,27.994924244,Other,random,Formic Acid_(_H2O)_CO,27.994915000,RC2_0046_ICR-3_p08
321.072898142,349.067822386,27.994924244,Other,random,Formic Acid_(_H2O)_CO,27.994915000,RC2_0046_ICR-3_p08
487.137476689,515.132400934,27.994924244,Other,random,Formic Acid_(_H2O)_CO,27.994915000,RC2_0046_ICR-3_p08
272.077519982,300.072444226,27.994924244,Other,random,Formic Acid_(_H2O)_CO,27.994915000,RC2_0046_ICR-3_p08
368.033788932,396.028713176,27.994924244,Other,random,Formic Acid_(_H2O)_CO,27.994915000,RC2_0046_ICR-3_p08
431.101431396,459.096355641,27.994924244,Other,random,Formic Acid_(_H2O)_CO,27.994915000,RC2_0046_ICR-3_p08
279.051061400,307.057199597,28.006138197,Other,random,N2,28.006148000,RC2_0046_ICR-3_p08
263.092509097,291.098655294,28.006146197,Other,random,N2,28.006148000,RC2_0046_ICR-3_p08
511.254716383,539.286006473,28.031290090,Other,random,ethyl addition_(_H2O)_C2H4,28.031300000,RC2_0046_ICR-3_p08
309.097848940,337.129139030,28.031290090,Other,random,ethyl addition_(_H2O)_C2H4,28.031300000,RC2_0046_ICR-3_p08
433.163258650,461.194548740,28.031290090,Other,random,ethyl addition_(_H2O)_C2H4,28.031300000,RC2_0046_ICR-3_p08
455.074806700,483.106096790,28.031290090,Other,random,ethyl addition_(_H2O)_C2H4,28.031300000,RC2_0046_ICR-3_p08
529.135071534,557.166361624,28.031290090,Other,random,ethyl addition_(_H2O)_C2H4,28.031300000,RC2_0046_ICR-3_p08
541.301662923,569.332953013,28.031290090,Other,random,ethyl addition_(_H2O)_C2H4,28.031300000,RC2_0046_ICR-3_p08
593.151328974,621.182619064,28.031290090,Other,random,ethyl addition_(_H2O)_C2H4,28.031300000,RC2_0046_ICR-3_p08
641.100055574,669.131345664,28.031290090,Other,random,ethyl addition_(_H2O)_C2H4,28.031300000,RC2_0046_ICR-3_p08
261.097959558,289.129249648,28.031290090,Other,random,ethyl addition_(_H2O)_C2H4,28.031300000,RC2_0046_ICR-3_p08
237.004127765,265.035417855,28.031290090,Other,random,ethyl addition_(_H2O)_C2H4,28.031300000,RC2_0046_ICR-3_p08
251.019771310,279.051061400,28.031290090,Other,random,ethyl addition_(_H2O)_C2H4,28.031300000,RC2_0046_ICR-3_p08
259.028227338,287.059517428,28.031290090,Other,random,ethyl addition_(_H2O)_C2H4,28.031300000,RC2_0046_ICR-3_p08
355.058749972,383.090040063,28.031290090,Other,random,ethyl addition_(_H2O)_C2H4,28.031300000,RC2_0046_ICR-3_p08
483.056567001,511.087857091,28.031290090,Other,random,ethyl addition_(_H2O)_C2H4,28.031300000,RC2_0046_ICR-3_p08
491.241601279,519.272892370,28.031291090,Other,random,ethyl addition_(_H2O)_C2H4,28.031300000,RC2_0046_ICR-3_p08
397.069409762,425.100700852,28.031291090,Other,random,ethyl addition_(_H2O)_C2H4,28.031300000,RC2_0046_ICR-3_p08
321.147343826,349.178634916,28.031291090,Other,random,ethyl addition_(_H2O)_C2H4,28.031300000,RC2_0046_ICR-3_p08
389.137012411,417.168303501,28.031291090,Other,random,ethyl addition_(_H2O)_C2H4,28.031300000,RC2_0046_ICR-3_p08
465.176385849,493.207676939,28.031291090,Other,random,ethyl addition_(_H2O)_C2H4,28.031300000,RC2_0046_ICR-3_p08
471.056664905,499.087955995,28.031291090,Other,random,ethyl addition_(_H2O)_C2H4,28.031300000,RC2_0046_ICR-3_p08
527.286219377,555.317510467,28.031291090,Other,random,ethyl addition_(_H2O)_C2H4,28.031300000,RC2_0046_ICR-3_p08
307.168092126,335.199384217,28.031292090,Other,random,ethyl addition_(_H2O)_C2H4,28.031300000,RC2_0046_ICR-3_p08
241.144611201,269.175903291,28.031292090,Other,random,ethyl addition_(_H2O)_C2H4,28.031300000,RC2_0046_ICR-3_p08
334.178898546,362.210190636,28.031292090,Other,random,ethyl addition_(_H2O)_C2H4,28.031300000,RC2_0046_ICR-3_p08
437.085376012,465.116668102,28.031292090,Other,random,ethyl addition_(_H2O)_C2H4,28.031300000,RC2_0046_ICR-3_p08
573.182535683,601.213827773,28.031292090,Other,random,ethyl addition_(_H2O)_C2H4,28.031300000,RC2_0046_ICR-3_p08
347.134614587,375.165906677,28.031292090,Other,random,ethyl addition_(_H2O)_C2H4,28.031300000,RC2_0046_ICR-3_p08
221.045627461,249.076919551,28.031292090,Other,random,ethyl addition_(_H2O)_C2H4,28.031300000,RC2_0046_ICR-3_p08
283.009498608,311.040790698,28.031292090,Other,random,ethyl addition_(_H2O)_C2H4,28.031300000,RC2_0046_ICR-3_p08
318.061766915,346.093059005,28.031292090,Other,random,ethyl addition_(_H2O)_C2H4,28.031300000,RC2_0046_ICR-3_p08
333.064739272,361.096031362,28.031292090,Other,random,ethyl addition_(_H2O)_C2H4,28.031300000,RC2_0046_ICR-3_p08
377.173368161,405.204660251,28.031292090,Other,random,ethyl addition_(_H2O)_C2H4,28.031300000,RC2_0046_ICR-3_p08
385.163305268,413.194597358,28.031292090,Other,random,ethyl addition_(_H2O)_C2H4,28.031300000,RC2_0046_ICR-3_p08
627.135869811,655.167161901,28.031292090,Other,random,ethyl addition_(_H2O)_C2H4,28.031300000,RC2_0046_ICR-3_p08
237.113281302,265.144574392,28.031293090,Other,random,ethyl addition_(_H2O)_C2H4,28.031300000,RC2_0046_ICR-3_p08
373.087147495,401.118440585,28.031293090,Other,random,ethyl addition_(_H2O)_C2H4,28.031300000,RC2_0046_ICR-3_p08
387.084999116,415.116292206,28.031293090,Other,random,ethyl addition_(_H2O)_C2H4,28.031300000,RC2_0046_ICR-3_p08
399.056783331,427.088076421,28.031293090,Other,random,ethyl addition_(_H2O)_C2H4,28.031300000,RC2_0046_ICR-3_p08
467.132325552,495.163618642,28.031293090,Other,random,ethyl addition_(_H2O)_C2H4,28.031300000,RC2_0046_ICR-3_p08
345.228127674,373.259420764,28.031293090,Other,random,ethyl addition_(_H2O)_C2H4,28.031300000,RC2_0046_ICR-3_p08
385.113695478,413.144988568,28.031293090,Other,random,ethyl addition_(_H2O)_C2H4,28.031300000,RC2_0046_ICR-3_p08
399.102820136,427.134113226,28.031293090,Other,random,ethyl addition_(_H2O)_C2H4,28.031300000,RC2_0046_ICR-3_p08
492.151140421,520.182433511,28.031293090,Other,random,ethyl addition_(_H2O)_C2H4,28.031300000,RC2_0046_ICR-3_p08
531.171927893,559.203220983,28.031293090,Other,random,ethyl addition_(_H2O)_C2H4,28.031300000,RC2_0046_ICR-3_p08
291.136814132,319.168107222,28.031293090,Other,random,ethyl addition_(_H2O)_C2H4,28.031300000,RC2_0046_ICR-3_p08
301.048392086,329.079685177,28.031293090,Other,random,ethyl addition_(_H2O)_C2H4,28.031300000,RC2_0046_ICR-3_p08
322.093127814,350.124420904,28.031293090,Other,random,ethyl addition_(_H2O)_C2H4,28.031300000,RC2_0046_ICR-3_p08
577.156235826,605.187528916,28.031293090,Other,random,ethyl addition_(_H2O)_C2H4,28.031300000,RC2_0046_ICR-3_p08
233.103151313,261.134445403,28.031294090,Other,random,ethyl addition_(_H2O)_C2H4,28.031300000,RC2_0046_ICR-3_p08
300.998940296,329.030234386,28.031294090,Other,random,ethyl addition_(_H2O)_C2H4,28.031300000,RC2_0046_ICR-3_p08
438.067594846,466.098888936,28.031294090,Other,random,ethyl addition_(_H2O)_C2H4,28.031300000,RC2_0046_ICR-3_p08
499.118463865,527.149757956,28.031294090,Other,random,ethyl addition_(_H2O)_C2H4,28.031300000,RC2_0046_ICR-3_p08
309.147307731,337.178601821,28.031294090,Other,random,ethyl addition_(_H2O)_C2H4,28.031300000,RC2_0046_ICR-3_p08
455.119399511,483.150693601,28.031294090,Other,random,ethyl addition_(_H2O)_C2H4,28.031300000,RC2_0046_ICR-3_p08
369.095614427,397.126908518,28.031294090,Other,random,ethyl addition_(_H2O)_C2H4,28.031300000,RC2_0046_ICR-3_p08
349.050777458,377.082072549,28.031295090,Other,random,ethyl addition_(_H2O)_C2H4,28.031300000,RC2_0046_ICR-3_p08
315.217589980,343.248885070,28.031295090,Other,random,ethyl addition_(_H2O)_C2H4,28.031300000,RC2_0046_ICR-3_p08
335.162930371,363.194225461,28.031295090,Other,random,ethyl addition_(_H2O)_C2H4,28.031300000,RC2_0046_ICR-3_p08
355.103296783,383.134591874,28.031295090,Other,random,ethyl addition_(_H2O)_C2H4,28.031300000,RC2_0046_ICR-3_p08
365.154875144,393.186170234,28.031295090,Other,random,ethyl addition_(_H2O)_C2H4,28.031300000,RC2_0046_ICR-3_p08
475.197017341,503.228312431,28.031295090,Other,random,ethyl addition_(_H2O)_C2H4,28.031300000,RC2_0046_ICR-3_p08
657.146296505,685.177591595,28.031295090,Other,random,ethyl addition_(_H2O)_C2H4,28.031300000,RC2_0046_ICR-3_p08
378.046540457,406.077836547,28.031296090,Other,random,ethyl addition_(_H2O)_C2H4,28.031300000,RC2_0046_ICR-3_p08
543.163834023,571.195130113,28.031296090,Other,random,ethyl addition_(_H2O)_C2H4,28.031300000,RC2_0046_ICR-3_p08
311.162898180,339.194194270,28.031296090,Other,random,ethyl addition_(_H2O)_C2H4,28.031300000,RC2_0046_ICR-3_p08
345.046108446,373.077404537,28.031296090,Other,random,ethyl addition_(_H2O)_C2H4,28.031300000,RC2_0046_ICR-3_p08
517.075494691,545.106790781,28.031296090,Other,random,ethyl addition_(_H2O)_C2H4,28.031300000,RC2_0046_ICR-3_p08
649.104993617,677.136289707,28.031296090,Other,random,ethyl addition_(_H2O)_C2H4,28.031300000,RC2_0046_ICR-3_p08
365.051172584,393.082468674,28.031296090,Other,random,ethyl addition_(_H2O)_C2H4,28.031300000,RC2_0046_ICR-3_p08
481.135014152,509.166310242,28.031296090,Other,random,ethyl addition_(_H2O)_C2H4,28.031300000,RC2_0046_ICR-3_p08
341.087629238,369.118926329,28.031297090,Other,random,ethyl addition_(_H2O)_C2H4,28.031300000,RC2_0046_ICR-3_p08
429.046235115,457.077532205,28.031297090,Other,random,ethyl addition_(_H2O)_C2H4,28.031300000,RC2_0046_ICR-3_p08
343.082106778,371.113403868,28.031297090,Other,random,ethyl addition_(_H2O)_C2H4,28.031300000,RC2_0046_ICR-3_p08
395.147674914,423.178972004,28.031297090,Other,random,ethyl addition_(_H2O)_C2H4,28.031300000,RC2_0046_ICR-3_p08
233.009237711,261.040534801,28.031297090,Other,random,ethyl addition_(_H2O)_C2H4,28.031300000,RC2_0046_ICR-3_p08
239.035039150,267.066336240,28.031297090,Other,random,ethyl addition_(_H2O)_C2H4,28.031300000,RC2_0046_ICR-3_p08
339.100354669,367.131651759,28.031297090,Other,random,ethyl addition_(_H2O)_C2H4,28.031300000,RC2_0046_ICR-3_p08
352.103685508,380.134982598,28.031297090,Other,random,ethyl addition_(_H2O)_C2H4,28.031300000,RC2_0046_ICR-3_p08
477.067382407,505.098679497,28.031297090,Other,random,ethyl addition_(_H2O)_C2H4,28.031300000,RC2_0046_ICR-3_p08
513.031091847,541.062388938,28.031297090,Other,random,ethyl addition_(_H2O)_C2H4,28.031300000,RC2_0046_ICR-3_p08
623.234623360,651.265920450,28.031297090,Other,random,ethyl addition_(_H2O)_C2H4,28.031300000,RC2_0046_ICR-3_p08
385.126820422,413.158117513,28.031297090,Other,random,ethyl addition_(_H2O)_C2H4,28.031300000,RC2_0046_ICR-3_p08
289.092852802,317.124150892,28.031298090,Other,random,ethyl addition_(_H2O)_C2H4,28.031300000,RC2_0046_ICR-3_p08
355.116234729,383.147532819,28.031298090,Other,random,ethyl addition_(_H2O)_C2H4,28.031300000,RC2_0046_ICR-3_p08
435.202120001,463.233418091,28.031298090,Other,random,ethyl addition_(_H2O)_C2H4,28.031300000,RC2_0046_ICR-3_p08
443.129016375,471.160314465,28.031298090,Other,random,ethyl addition_(_H2O)_C2H4,28.031300000,RC2_0046_ICR-3_p08
593.260203512,621.291501603,28.031298090,Other,random,ethyl addition_(_H2O)_C2H4,28.031300000,RC2_0046_ICR-3_p08
365.123981275,393.155279365,28.031298090,Other,random,ethyl addition_(_H2O)_C2H4,28.031300000,RC2_0046_ICR-3_p08
225.040542515,253.071840605,28.031298090,Other,random,ethyl addition_(_H2O)_C2H4,28.031300000,RC2_0046_ICR-3_p08
389.173465256,417.204763347,28.031298090,Other,random,ethyl addition_(_H2O)_C2H4,28.031300000,RC2_0046_ICR-3_p08
473.230952681,501.262250771,28.031298090,Other,random,ethyl addition_(_H2O)_C2H4,28.031300000,RC2_0046_ICR-3_p08
477.140004099,505.171302189,28.031298090,Other,random,ethyl addition_(_H2O)_C2H4,28.031300000,RC2_0046_ICR-3_p08
573.161373772,601.192671863,28.031298090,Other,random,ethyl addition_(_H2O)_C2H4,28.031300000,RC2_0046_ICR-3_p08
367.066841034,395.098140124,28.031299090,Other,random,ethyl addition_(_H2O)_C2H4,28.031300000,RC2_0046_ICR-3_p08
381.131987369,409.163286459,28.031299090,Other,random,ethyl addition_(_H2O)_C2H4,28.031300000,RC2_0046_ICR-3_p08
480.114690480,508.145989570,28.031299090,Other,random,ethyl addition_(_H2O)_C2H4,28.031300000,RC2_0046_ICR-3_p08
503.119415893,531.150714983,28.031299090,Other,random,ethyl addition_(_H2O)_C2H4,28.031300000,RC2_0046_ICR-3_p08
517.207786130,545.239085220,28.031299090,Other,random,ethyl addition_(_H2O)_C2H4,28.031300000,RC2_0046_ICR-3_p08
637.141313367,665.172612457,28.031299090,Other,random,ethyl addition_(_H2O)_C2H4,28.031300000,RC2_0046_ICR-3_p08
381.149691294,409.180991384,28.031300090,Other,random,ethyl addition_(_H2O)_C2H4,28.031300000,RC2_0046_ICR-3_p08
509.239230933,537.270531023,28.031300090,Other,random,ethyl addition_(_H2O)_C2H4,28.031300000,RC2_0046_ICR-3_p08
411.105876218,439.137176308,28.031300090,Other,random,ethyl addition_(_H2O)_C2H4,28.031300000,RC2_0046_ICR-3_p08
357.064627463,385.095927553,28.031300090,Other,random,ethyl addition_(_H2O)_C2H4,28.031300000,RC2_0046_ICR-3_p08
448.088417337,476.119717427,28.031300090,Other,random,ethyl addition_(_H2O)_C2H4,28.031300000,RC2_0046_ICR-3_p08
454.143238652,482.174538742,28.031300090,Other,random,ethyl addition_(_H2O)_C2H4,28.031300000,RC2_0046_ICR-3_p08
467.096000706,495.127300796,28.031300090,Other,random,ethyl addition_(_H2O)_C2H4,28.031300000,RC2_0046_ICR-3_p08
629.224379951,657.255680041,28.031300090,Other,random,ethyl addition_(_H2O)_C2H4,28.031300000,RC2_0046_ICR-3_p08
341.137114029,369.168415119,28.031301090,Other,random,ethyl addition_(_H2O)_C2H4,28.031300000,RC2_0046_ICR-3_p08
379.066941129,407.098242219,28.031301090,Other,random,ethyl addition_(_H2O)_C2H4,28.031300000,RC2_0046_ICR-3_p08
389.014911929,417.046213019,28.031301090,Other,random,ethyl addition_(_H2O)_C2H4,28.031300000,RC2_0046_ICR-3_p08
455.155676357,483.186977447,28.031301090,Other,random,ethyl addition_(_H2O)_C2H4,28.031300000,RC2_0046_ICR-3_p08
457.244065498,485.275366588,28.031301090,Other,random,ethyl addition_(_H2O)_C2H4,28.031300000,RC2_0046_ICR-3_p08
567.171945180,595.203246270,28.031301090,Other,random,ethyl addition_(_H2O)_C2H4,28.031300000,RC2_0046_ICR-3_p08
235.024861161,263.056162251,28.031301090,Other,random,ethyl addition_(_H2O)_C2H4,28.031300000,RC2_0046_ICR-3_p08
273.076802743,301.108103833,28.031301090,Other,random,ethyl addition_(_H2O)_C2H4,28.031300000,RC2_0046_ICR-3_p08
309.061506094,337.092807185,28.031301090,Other,random,ethyl addition_(_H2O)_C2H4,28.031300000,RC2_0046_ICR-3_p08
467.111214641,495.142515732,28.031301090,Other,random,ethyl addition_(_H2O)_C2H4,28.031300000,RC2_0046_ICR-3_p08
311.095782465,339.127083555,28.031301090,Other,random,ethyl addition_(_H2O)_C2H4,28.031300000,RC2_0046_ICR-3_p08
581.273173362,609.304474452,28.031301090,Other,random,ethyl addition_(_H2O)_C2H4,28.031300000,RC2_0046_ICR-3_p08
531.163854928,559.195157018,28.031302090,Other,random,ethyl addition_(_H2O)_C2H4,28.031300000,RC2_0046_ICR-3_p08
325.084766123,353.116068213,28.031302090,Other,random,ethyl addition_(_H2O)_C2H4,28.031300000,RC2_0046_ICR-3_p08
407.111211164,435.142513254,28.031302090,Other,random,ethyl addition_(_H2O)_C2H4,28.031300000,RC2_0046_ICR-3_p08
413.181552413,441.212854503,28.031302090,Other,random,ethyl addition_(_H2O)_C2H4,28.031300000,RC2_0046_ICR-3_p08
317.152398773,345.183700863,28.031302090,Other,random,ethyl addition_(_H2O)_C2H4,28.031300000,RC2_0046_ICR-3_p08
377.087562525,405.118864615,28.031302090,Other,random,ethyl addition_(_H2O)_C2H4,28.031300000,RC2_0046_ICR-3_p08
268.082669928,296.113972018,28.031302090,Other,random,ethyl addition_(_H2O)_C2H4,28.031300000,RC2_0046_ICR-3_p08
367.116372823,395.147674914,28.031302090,Other,random,ethyl addition_(_H2O)_C2H4,28.031300000,RC2_0046_ICR-3_p08
379.030454283,407.061756374,28.031302090,Other,random,ethyl addition_(_H2O)_C2H4,28.031300000,RC2_0046_ICR-3_p08
443.098228505,471.129530596,28.031302090,Other,random,ethyl addition_(_H2O)_C2H4,28.031300000,RC2_0046_ICR-3_p08
603.171882467,631.203185557,28.031303090,Other,random,ethyl addition_(_H2O)_C2H4,28.031300000,RC2_0046_ICR-3_p08
264.051337029,292.082640120,28.031303090,Other,random,ethyl addition_(_H2O)_C2H4,28.031300000,RC2_0046_ICR-3_p08
289.056461957,317.087765047,28.031303090,Other,random,ethyl addition_(_H2O)_C2H4,28.031300000,RC2_0046_ICR-3_p08
297.089831879,325.121134969,28.031303090,Other,random,ethyl addition_(_H2O)_C2H4,28.031300000,RC2_0046_ICR-3_p08
353.014920642,381.046223732,28.031303090,Other,random,ethyl addition_(_H2O)_C2H4,28.031300000,RC2_0046_ICR-3_p08
357.168304024,385.199607114,28.031303090,Other,random,ethyl addition_(_H2O)_C2H4,28.031300000,RC2_0046_ICR-3_p08
431.046616629,459.077919719,28.031303090,Other,random,ethyl addition_(_H2O)_C2H4,28.031300000,RC2_0046_ICR-3_p08
489.031053657,517.062356747,28.031303090,Other,random,ethyl addition_(_H2O)_C2H4,28.031300000,RC2_0046_ICR-3_p08
496.073170784,524.104473874,28.031303090,Other,random,ethyl addition_(_H2O)_C2H4,28.031300000,RC2_0046_ICR-3_p08
317.139288828,345.170591918,28.031303090,Other,random,ethyl addition_(_H2O)_C2H4,28.031300000,RC2_0046_ICR-3_p08
391.152659861,419.183962951,28.031303090,Other,random,ethyl addition_(_H2O)_C2H4,28.031300000,RC2_0046_ICR-3_p08
411.178943908,439.210246998,28.031303090,Other,random,ethyl addition_(_H2O)_C2H4,28.031300000,RC2_0046_ICR-3_p08
621.255498755,649.286801845,28.031303090,Other,random,ethyl addition_(_H2O)_C2H4,28.031300000,RC2_0046_ICR-3_p08
335.235644063,363.266948153,28.031304090,Other,random,ethyl addition_(_H2O)_C2H4,28.031300000,RC2_0046_ICR-3_p08
343.248885070,371.280189160,28.031304090,Other,random,ethyl addition_(_H2O)_C2H4,28.031300000,RC2_0046_ICR-3_p08
361.056363530,389.087667620,28.031304090,Other,random,ethyl addition_(_H2O)_C2H4,28.031300000,RC2_0046_ICR-3_p08
395.220362605,423.251666695,28.031304090,Other,random,ethyl addition_(_H2O)_C2H4,28.031300000,RC2_0046_ICR-3_p08
581.179406760,609.210710850,28.031304090,Other,random,ethyl addition_(_H2O)_C2H4,28.031300000,RC2_0046_ICR-3_p08
353.079638368,381.110942458,28.031304090,Other,random,ethyl addition_(_H2O)_C2H4,28.031300000,RC2_0046_ICR-3_p08
493.111883346,521.143187436,28.031304090,Other,random,ethyl addition_(_H2O)_C2H4,28.031300000,RC2_0046_ICR-3_p08
763.282986269,791.314290359,28.031304090,Other,random,ethyl addition_(_H2O)_C2H4,28.031300000,RC2_0046_ICR-3_p08
443.111322450,471.142626540,28.031304090,Other,random,ethyl addition_(_H2O)_C2H4,28.031300000,RC2_0046_ICR-3_p08
384.142817597,412.174122687,28.031305090,Other,random,ethyl addition_(_H2O)_C2H4,28.031300000,RC2_0046_ICR-3_p08
397.126908518,425.158213608,28.031305090,Other,random,ethyl addition_(_H2O)_C2H4,28.031300000,RC2_0046_ICR-3_p08
403.106299153,431.137604243,28.031305090,Other,random,ethyl addition_(_H2O)_C2H4,28.031300000,RC2_0046_ICR-3_p08
469.244073594,497.275378684,28.031305090,Other,random,ethyl addition_(_H2O)_C2H4,28.031300000,RC2_0046_ICR-3_p08
570.154190529,598.185495619,28.031305090,Other,random,ethyl addition_(_H2O)_C2H4,28.031300000,RC2_0046_ICR-3_p08
239.019772214,267.051077304,28.031305090,Other,random,ethyl addition_(_H2O)_C2H4,28.031300000,RC2_0046_ICR-3_p08
569.106832972,597.138138062,28.031305090,Other,random,ethyl addition_(_H2O)_C2H4,28.031300000,RC2_0046_ICR-3_p08
381.113404448,409.144710538,28.031306090,Other,random,ethyl addition_(_H2O)_C2H4,28.031300000,RC2_0046_ICR-3_p08
437.145079759,465.176385849,28.031306090,Other,random,ethyl addition_(_H2O)_C2H4,28.031300000,RC2_0046_ICR-3_p08
393.059273773,421.090579863,28.031306090,Other,random,ethyl addition_(_H2O)_C2H4,28.031300000,RC2_0046_ICR-3_p08
397.041121882,425.072427972,28.031306090,Other,random,ethyl addition_(_H2O)_C2H4,28.031300000,RC2_0046_ICR-3_p08
417.140069621,445.171375711,28.031306090,Other,random,ethyl addition_(_H2O)_C2H4,28.031300000,RC2_0046_ICR-3_p08
503.155878739,531.187184829,28.031306090,Other,random,ethyl addition_(_H2O)_C2H4,28.031300000,RC2_0046_ICR-3_p08
292.082640120,320.113946210,28.031306090,Other,random,ethyl addition_(_H2O)_C2H4,28.031300000,RC2_0046_ICR-3_p08
389.051174775,417.082480865,28.031306090,Other,random,ethyl addition_(_H2O)_C2H4,28.031300000,RC2_0046_ICR-3_p08
380.033816027,408.065123117,28.031307090,Other,random,ethyl addition_(_H2O)_C2H4,28.031300000,RC2_0046_ICR-3_p08
459.114232565,487.145539655,28.031307090,Other,random,ethyl addition_(_H2O)_C2H4,28.031300000,RC2_0046_ICR-3_p08
503.010230356,531.041537446,28.031307090,Other,random,ethyl addition_(_H2O)_C2H4,28.031300000,RC2_0046_ICR-3_p08
513.124900450,541.156207540,28.031307090,Other,random,ethyl addition_(_H2O)_C2H4,28.031300000,RC2_0046_ICR-3_p08
521.166413337,549.197720427,28.031307090,Other,random,ethyl addition_(_H2O)_C2H4,28.031300000,RC2_0046_ICR-3_p08
369.074455517,397.105762607,28.031307090,Other,random,ethyl addition_(_H2O)_C2H4,28.031300000,RC2_0046_ICR-3_p08
487.088062899,515.119369989,28.031307090,Other,random,ethyl addition_(_H2O)_C2H4,28.031300000,RC2_0046_ICR-3_p08
521.179520282,549.210827372,28.031307090,Other,random,ethyl addition_(_H2O)_C2H4,28.031300000,RC2_0046_ICR-3_p08
416.062200193,444.093507283,28.031307090,Other,random,ethyl addition_(_H2O)_C2H4,28.031300000,RC2_0046_ICR-3_p08
495.150528698,523.181835788,28.031307090,Other,random,ethyl addition_(_H2O)_C2H4,28.031300000,RC2_0046_ICR-3_p08
609.146093124,637.177400214,28.031307090,Other,random,ethyl addition_(_H2O)_C2H4,28.031300000,RC2_0046_ICR-3_p08
431.092608434,459.123916524,28.031308090,Other,random,ethyl addition_(_H2O)_C2H4,28.031300000,RC2_0046_ICR-3_p08
416.091241070,444.122549160,28.031308090,Other,random,ethyl addition_(_H2O)_C2H4,28.031300000,RC2_0046_ICR-3_p08
327.127034460,355.158342550,28.031308090,Other,random,ethyl addition_(_H2O)_C2H4,28.031300000,RC2_0046_ICR-3_p08
354.095958057,382.127266147,28.031308090,Other,random,ethyl addition_(_H2O)_C2H4,28.031300000,RC2_0046_ICR-3_p08
359.004253235,387.035561325,28.031308090,Other,random,ethyl addition_(_H2O)_C2H4,28.031300000,RC2_0046_ICR-3_p08
367.152707669,395.184015759,28.031308090,Other,random,ethyl addition_(_H2O)_C2H4,28.031300000,RC2_0046_ICR-3_p08
541.148142574,569.179450664,28.031308090,Other,random,ethyl addition_(_H2O)_C2H4,28.031300000,RC2_0046_ICR-3_p08
553.171669570,581.202977660,28.031308090,Other,random,ethyl addition_(_H2O)_C2H4,28.031300000,RC2_0046_ICR-3_p08
585.210914658,613.242222748,28.031308090,Other,random,ethyl addition_(_H2O)_C2H4,28.031300000,RC2_0046_ICR-3_p08
311.105372424,339.136681514,28.031309090,Other,random,ethyl addition_(_H2O)_C2H4,28.031300000,RC2_0046_ICR-3_p08
317.116029927,345.147339017,28.031309090,Other,random,ethyl addition_(_H2O)_C2H4,28.031300000,RC2_0046_ICR-3_p08
341.152334964,369.183644054,28.031309090,Other,random,ethyl addition_(_H2O)_C2H4,28.031300000,RC2_0046_ICR-3_p08
343.176151379,371.207460469,28.031309090,Other,random,ethyl addition_(_H2O)_C2H4,28.031300000,RC2_0046_ICR-3_p08
427.233622804,455.264931894,28.031309090,Other,random,ethyl addition_(_H2O)_C2H4,28.031300000,RC2_0046_ICR-3_p08
395.061821278,423.093130368,28.031309090,Other,random,ethyl addition_(_H2O)_C2H4,28.031300000,RC2_0046_ICR-3_p08
401.090927702,429.122236792,28.031309090,Other,random,ethyl addition_(_H2O)_C2H4,28.031300000,RC2_0046_ICR-3_p08
249.113295397,277.144604487,28.031309090,Other,random,ethyl addition_(_H2O)_C2H4,28.031300000,RC2_0046_ICR-3_p08
491.241601279,519.272892370,28.031291090,Other,random,ethyl addition (-H2O),28.031300150,RC2_0046_ICR-3_p08
397.069409762,425.100700852,28.031291090,Other,random,ethyl addition (-H2O),28.031300150,RC2_0046_ICR-3_p08
321.147343826,349.178634916,28.031291090,Other,random,ethyl addition (-H2O),28.031300150,RC2_0046_ICR-3_p08
389.137012411,417.168303501,28.031291090,Other,random,ethyl addition (-H2O),28.031300150,RC2_0046_ICR-3_p08
465.176385849,493.207676939,28.031291090,Other,random,ethyl addition (-H2O),28.031300150,RC2_0046_ICR-3_p08
471.056664905,499.087955995,28.031291090,Other,random,ethyl addition (-H2O),28.031300150,RC2_0046_ICR-3_p08
527.286219377,555.317510467,28.031291090,Other,random,ethyl addition (-H2O),28.031300150,RC2_0046_ICR-3_p08
307.168092126,335.199384217,28.031292090,Other,random,ethyl addition (-H2O),28.031300150,RC2_0046_ICR-3_p08
241.144611201,269.175903291,28.031292090,Other,random,ethyl addition (-H2O),28.031300150,RC2_0046_ICR-3_p08
334.178898546,362.210190636,28.031292090,Other,random,ethyl addition (-H2O),28.031300150,RC2_0046_ICR-3_p08
437.085376012,465.116668102,28.031292090,Other,random,ethyl addition (-H2O),28.031300150,RC2_0046_ICR-3_p08
573.182535683,601.213827773,28.031292090,Other,random,ethyl addition (-H2O),28.031300150,RC2_0046_ICR-3_p08
347.134614587,375.165906677,28.031292090,Other,random,ethyl addition (-H2O),28.031300150,RC2_0046_ICR-3_p08
221.045627461,249.076919551,28.031292090,Other,random,ethyl addition (-H2O),28.031300150,RC2_0046_ICR-3_p08
283.009498608,311.040790698,28.031292090,Other,random,ethyl addition (-H2O),28.031300150,RC2_0046_ICR-3_p08
318.061766915,346.093059005,28.031292090,Other,random,ethyl addition (-H2O),28.031300150,RC2_0046_ICR-3_p08
333.064739272,361.096031362,28.031292090,Other,random,ethyl addition (-H2O),28.031300150,RC2_0046_ICR-3_p08
377.173368161,405.204660251,28.031292090,Other,random,ethyl addition (-H2O),28.031300150,RC2_0046_ICR-3_p08
385.163305268,413.194597358,28.031292090,Other,random,ethyl addition (-H2O),28.031300150,RC2_0046_ICR-3_p08
627.135869811,655.167161901,28.031292090,Other,random,ethyl addition (-H2O),28.031300150,RC2_0046_ICR-3_p08
237.113281302,265.144574392,28.031293090,Other,random,ethyl addition (-H2O),28.031300150,RC2_0046_ICR-3_p08
373.087147495,401.118440585,28.031293090,Other,random,ethyl addition (-H2O),28.031300150,RC2_0046_ICR-3_p08
387.084999116,415.116292206,28.031293090,Other,random,ethyl addition (-H2O),28.031300150,RC2_0046_ICR-3_p08
399.056783331,427.088076421,28.031293090,Other,random,ethyl addition (-H2O),28.031300150,RC2_0046_ICR-3_p08
467.132325552,495.163618642,28.031293090,Other,random,ethyl addition (-H2O),28.031300150,RC2_0046_ICR-3_p08
345.228127674,373.259420764,28.031293090,Other,random,ethyl addition (-H2O),28.031300150,RC2_0046_ICR-3_p08
385.113695478,413.144988568,28.031293090,Other,random,ethyl addition (-H2O),28.031300150,RC2_0046_ICR-3_p08
399.102820136,427.134113226,28.031293090,Other,random,ethyl addition (-H2O),28.031300150,RC2_0046_ICR-3_p08
492.151140421,520.182433511,28.031293090,Other,random,ethyl addition (-H2O),28.031300150,RC2_0046_ICR-3_p08
531.171927893,559.203220983,28.031293090,Other,random,ethyl addition (-H2O),28.031300150,RC2_0046_ICR-3_p08
291.136814132,319.168107222,28.031293090,Other,random,ethyl addition (-H2O),28.031300150,RC2_0046_ICR-3_p08
301.048392086,329.079685177,28.031293090,Other,random,ethyl addition (-H2O),28.031300150,RC2_0046_ICR-3_p08
322.093127814,350.124420904,28.031293090,Other,random,ethyl addition (-H2O),28.031300150,RC2_0046_ICR-3_p08
577.156235826,605.187528916,28.031293090,Other,random,ethyl addition (-H2O),28.031300150,RC2_0046_ICR-3_p08
233.103151313,261.134445403,28.031294090,Other,random,ethyl addition (-H2O),28.031300150,RC2_0046_ICR-3_p08
300.998940296,329.030234386,28.031294090,Other,random,ethyl addition (-H2O),28.031300150,RC2_0046_ICR-3_p08
438.067594846,466.098888936,28.031294090,Other,random,ethyl addition (-H2O),28.031300150,RC2_0046_ICR-3_p08
499.118463865,527.149757956,28.031294090,Other,random,ethyl addition (-H2O),28.031300150,RC2_0046_ICR-3_p08
309.147307731,337.178601821,28.031294090,Other,random,ethyl addition (-H2O),28.031300150,RC2_0046_ICR-3_p08
455.119399511,483.150693601,28.031294090,Other,random,ethyl addition (-H2O),28.031300150,RC2_0046_ICR-3_p08
369.095614427,397.126908518,28.031294090,Other,random,ethyl addition (-H2O),28.031300150,RC2_0046_ICR-3_p08
349.050777458,377.082072549,28.031295090,Other,random,ethyl addition (-H2O),28.031300150,RC2_0046_ICR-3_p08
315.217589980,343.248885070,28.031295090,Other,random,ethyl addition (-H2O),28.031300150,RC2_0046_ICR-3_p08
335.162930371,363.194225461,28.031295090,Other,random,ethyl addition (-H2O),28.031300150,RC2_0046_ICR-3_p08
355.103296783,383.134591874,28.031295090,Other,random,ethyl addition (-H2O),28.031300150,RC2_0046_ICR-3_p08
365.154875144,393.186170234,28.031295090,Other,random,ethyl addition (-H2O),28.031300150,RC2_0046_ICR-3_p08
475.197017341,503.228312431,28.031295090,Other,random,ethyl addition (-H2O),28.031300150,RC2_0046_ICR-3_p08
657.146296505,685.177591595,28.031295090,Other,random,ethyl addition (-H2O),28.031300150,RC2_0046_ICR-3_p08
378.046540457,406.077836547,28.031296090,Other,random,ethyl addition (-H2O),28.031300150,RC2_0046_ICR-3_p08
543.163834023,571.195130113,28.031296090,Other,random,ethyl addition (-H2O),28.031300150,RC2_0046_ICR-3_p08
311.162898180,339.194194270,28.031296090,Other,random,ethyl addition (-H2O),28.031300150,RC2_0046_ICR-3_p08
345.046108446,373.077404537,28.031296090,Other,random,ethyl addition (-H2O),28.031300150,RC2_0046_ICR-3_p08
517.075494691,545.106790781,28.031296090,Other,random,ethyl addition (-H2O),28.031300150,RC2_0046_ICR-3_p08
649.104993617,677.136289707,28.031296090,Other,random,ethyl addition (-H2O),28.031300150,RC2_0046_ICR-3_p08
365.051172584,393.082468674,28.031296090,Other,random,ethyl addition (-H2O),28.031300150,RC2_0046_ICR-3_p08
481.135014152,509.166310242,28.031296090,Other,random,ethyl addition (-H2O),28.031300150,RC2_0046_ICR-3_p08
341.087629238,369.118926329,28.031297090,Other,random,ethyl addition (-H2O),28.031300150,RC2_0046_ICR-3_p08
429.046235115,457.077532205,28.031297090,Other,random,ethyl addition (-H2O),28.031300150,RC2_0046_ICR-3_p08
343.082106778,371.113403868,28.031297090,Other,random,ethyl addition (-H2O),28.031300150,RC2_0046_ICR-3_p08
395.147674914,423.178972004,28.031297090,Other,random,ethyl addition (-H2O),28.031300150,RC2_0046_ICR-3_p08
233.009237711,261.040534801,28.031297090,Other,random,ethyl addition (-H2O),28.031300150,RC2_0046_ICR-3_p08
239.035039150,267.066336240,28.031297090,Other,random,ethyl addition (-H2O),28.031300150,RC2_0046_ICR-3_p08
339.100354669,367.131651759,28.031297090,Other,random,ethyl addition (-H2O),28.031300150,RC2_0046_ICR-3_p08
352.103685508,380.134982598,28.031297090,Other,random,ethyl addition (-H2O),28.031300150,RC2_0046_ICR-3_p08
477.067382407,505.098679497,28.031297090,Other,random,ethyl addition (-H2O),28.031300150,RC2_0046_ICR-3_p08
513.031091847,541.062388938,28.031297090,Other,random,ethyl addition (-H2O),28.031300150,RC2_0046_ICR-3_p08
623.234623360,651.265920450,28.031297090,Other,random,ethyl addition (-H2O),28.031300150,RC2_0046_ICR-3_p08
385.126820422,413.158117513,28.031297090,Other,random,ethyl addition (-H2O),28.031300150,RC2_0046_ICR-3_p08
289.092852802,317.124150892,28.031298090,Other,random,ethyl addition (-H2O),28.031300150,RC2_0046_ICR-3_p08
355.116234729,383.147532819,28.031298090,Other,random,ethyl addition (-H2O),28.031300150,RC2_0046_ICR-3_p08
435.202120001,463.233418091,28.031298090,Other,random,ethyl addition (-H2O),28.031300150,RC2_0046_ICR-3_p08
443.129016375,471.160314465,28.031298090,Other,random,ethyl addition (-H2O),28.031300150,RC2_0046_ICR-3_p08
593.260203512,621.291501603,28.031298090,Other,random,ethyl addition (-H2O),28.031300150,RC2_0046_ICR-3_p08
365.123981275,393.155279365,28.031298090,Other,random,ethyl addition (-H2O),28.031300150,RC2_0046_ICR-3_p08
225.040542515,253.071840605,28.031298090,Other,random,ethyl addition (-H2O),28.031300150,RC2_0046_ICR-3_p08
389.173465256,417.204763347,28.031298090,Other,random,ethyl addition (-H2O),28.031300150,RC2_0046_ICR-3_p08
473.230952681,501.262250771,28.031298090,Other,random,ethyl addition (-H2O),28.031300150,RC2_0046_ICR-3_p08
477.140004099,505.171302189,28.031298090,Other,random,ethyl addition (-H2O),28.031300150,RC2_0046_ICR-3_p08
573.161373772,601.192671863,28.031298090,Other,random,ethyl addition (-H2O),28.031300150,RC2_0046_ICR-3_p08
367.066841034,395.098140124,28.031299090,Other,random,ethyl addition (-H2O),28.031300150,RC2_0046_ICR-3_p08
381.131987369,409.163286459,28.031299090,Other,random,ethyl addition (-H2O),28.031300150,RC2_0046_ICR-3_p08
480.114690480,508.145989570,28.031299090,Other,random,ethyl addition (-H2O),28.031300150,RC2_0046_ICR-3_p08
503.119415893,531.150714983,28.031299090,Other,random,ethyl addition (-H2O),28.031300150,RC2_0046_ICR-3_p08
517.207786130,545.239085220,28.031299090,Other,random,ethyl addition (-H2O),28.031300150,RC2_0046_ICR-3_p08
637.141313367,665.172612457,28.031299090,Other,random,ethyl addition (-H2O),28.031300150,RC2_0046_ICR-3_p08
381.149691294,409.180991384,28.031300090,Other,random,ethyl addition (-H2O),28.031300150,RC2_0046_ICR-3_p08
509.239230933,537.270531023,28.031300090,Other,random,ethyl addition (-H2O),28.031300150,RC2_0046_ICR-3_p08
411.105876218,439.137176308,28.031300090,Other,random,ethyl addition (-H2O),28.031300150,RC2_0046_ICR-3_p08
357.064627463,385.095927553,28.031300090,Other,random,ethyl addition (-H2O),28.031300150,RC2_0046_ICR-3_p08
448.088417337,476.119717427,28.031300090,Other,random,ethyl addition (-H2O),28.031300150,RC2_0046_ICR-3_p08
454.143238652,482.174538742,28.031300090,Other,random,ethyl addition (-H2O),28.031300150,RC2_0046_ICR-3_p08
467.096000706,495.127300796,28.031300090,Other,random,ethyl addition (-H2O),28.031300150,RC2_0046_ICR-3_p08
629.224379951,657.255680041,28.031300090,Other,random,ethyl addition (-H2O),28.031300150,RC2_0046_ICR-3_p08
341.137114029,369.168415119,28.031301090,Other,random,ethyl addition (-H2O),28.031300150,RC2_0046_ICR-3_p08
379.066941129,407.098242219,28.031301090,Other,random,ethyl addition (-H2O),28.031300150,RC2_0046_ICR-3_p08
389.014911929,417.046213019,28.031301090,Other,random,ethyl addition (-H2O),28.031300150,RC2_0046_ICR-3_p08
455.155676357,483.186977447,28.031301090,Other,random,ethyl addition (-H2O),28.031300150,RC2_0046_ICR-3_p08
457.244065498,485.275366588,28.031301090,Other,random,ethyl addition (-H2O),28.031300150,RC2_0046_ICR-3_p08
567.171945180,595.203246270,28.031301090,Other,random,ethyl addition (-H2O),28.031300150,RC2_0046_ICR-3_p08
235.024861161,263.056162251,28.031301090,Other,random,ethyl addition (-H2O),28.031300150,RC2_0046_ICR-3_p08
273.076802743,301.108103833,28.031301090,Other,random,ethyl addition (-H2O),28.031300150,RC2_0046_ICR-3_p08
309.061506094,337.092807185,28.031301090,Other,random,ethyl addition (-H2O),28.031300150,RC2_0046_ICR-3_p08
467.111214641,495.142515732,28.031301090,Other,random,ethyl addition (-H2O),28.031300150,RC2_0046_ICR-3_p08
311.095782465,339.127083555,28.031301090,Other,random,ethyl addition (-H2O),28.031300150,RC2_0046_ICR-3_p08
581.273173362,609.304474452,28.031301090,Other,random,ethyl addition (-H2O),28.031300150,RC2_0046_ICR-3_p08
531.163854928,559.195157018,28.031302090,Other,random,ethyl addition (-H2O),28.031300150,RC2_0046_ICR-3_p08
325.084766123,353.116068213,28.031302090,Other,random,ethyl addition (-H2O),28.031300150,RC2_0046_ICR-3_p08
407.111211164,435.142513254,28.031302090,Other,random,ethyl addition (-H2O),28.031300150,RC2_0046_ICR-3_p08
413.181552413,441.212854503,28.031302090,Other,random,ethyl addition (-H2O),28.031300150,RC2_0046_ICR-3_p08
317.152398773,345.183700863,28.031302090,Other,random,ethyl addition (-H2O),28.031300150,RC2_0046_ICR-3_p08
377.087562525,405.118864615,28.031302090,Other,random,ethyl addition (-H2O),28.031300150,RC2_0046_ICR-3_p08
268.082669928,296.113972018,28.031302090,Other,random,ethyl addition (-H2O),28.031300150,RC2_0046_ICR-3_p08
367.116372823,395.147674914,28.031302090,Other,random,ethyl addition (-H2O),28.031300150,RC2_0046_ICR-3_p08
379.030454283,407.061756374,28.031302090,Other,random,ethyl addition (-H2O),28.031300150,RC2_0046_ICR-3_p08
443.098228505,471.129530596,28.031302090,Other,random,ethyl addition (-H2O),28.031300150,RC2_0046_ICR-3_p08
603.171882467,631.203185557,28.031303090,Other,random,ethyl addition (-H2O),28.031300150,RC2_0046_ICR-3_p08
264.051337029,292.082640120,28.031303090,Other,random,ethyl addition (-H2O),28.031300150,RC2_0046_ICR-3_p08
289.056461957,317.087765047,28.031303090,Other,random,ethyl addition (-H2O),28.031300150,RC2_0046_ICR-3_p08
297.089831879,325.121134969,28.031303090,Other,random,ethyl addition (-H2O),28.031300150,RC2_0046_ICR-3_p08
353.014920642,381.046223732,28.031303090,Other,random,ethyl addition (-H2O),28.031300150,RC2_0046_ICR-3_p08
357.168304024,385.199607114,28.031303090,Other,random,ethyl addition (-H2O),28.031300150,RC2_0046_ICR-3_p08
431.046616629,459.077919719,28.031303090,Other,random,ethyl addition (-H2O),28.031300150,RC2_0046_ICR-3_p08
489.031053657,517.062356747,28.031303090,Other,random,ethyl addition (-H2O),28.031300150,RC2_0046_ICR-3_p08
496.073170784,524.104473874,28.031303090,Other,random,ethyl addition (-H2O),28.031300150,RC2_0046_ICR-3_p08
317.139288828,345.170591918,28.031303090,Other,random,ethyl addition (-H2O),28.031300150,RC2_0046_ICR-3_p08
391.152659861,419.183962951,28.031303090,Other,random,ethyl addition (-H2O),28.031300150,RC2_0046_ICR-3_p08
411.178943908,439.210246998,28.031303090,Other,random,ethyl addition (-H2O),28.031300150,RC2_0046_ICR-3_p08
621.255498755,649.286801845,28.031303090,Other,random,ethyl addition (-H2O),28.031300150,RC2_0046_ICR-3_p08
335.235644063,363.266948153,28.031304090,Other,random,ethyl addition (-H2O),28.031300150,RC2_0046_ICR-3_p08
343.248885070,371.280189160,28.031304090,Other,random,ethyl addition (-H2O),28.031300150,RC2_0046_ICR-3_p08
361.056363530,389.087667620,28.031304090,Other,random,ethyl addition (-H2O),28.031300150,RC2_0046_ICR-3_p08
395.220362605,423.251666695,28.031304090,Other,random,ethyl addition (-H2O),28.031300150,RC2_0046_ICR-3_p08
581.179406760,609.210710850,28.031304090,Other,random,ethyl addition (-H2O),28.031300150,RC2_0046_ICR-3_p08
353.079638368,381.110942458,28.031304090,Other,random,ethyl addition (-H2O),28.031300150,RC2_0046_ICR-3_p08
493.111883346,521.143187436,28.031304090,Other,random,ethyl addition (-H2O),28.031300150,RC2_0046_ICR-3_p08
763.282986269,791.314290359,28.031304090,Other,random,ethyl addition (-H2O),28.031300150,RC2_0046_ICR-3_p08
443.111322450,471.142626540,28.031304090,Other,random,ethyl addition (-H2O),28.031300150,RC2_0046_ICR-3_p08
384.142817597,412.174122687,28.031305090,Other,random,ethyl addition (-H2O),28.031300150,RC2_0046_ICR-3_p08
397.126908518,425.158213608,28.031305090,Other,random,ethyl addition (-H2O),28.031300150,RC2_0046_ICR-3_p08
403.106299153,431.137604243,28.031305090,Other,random,ethyl addition (-H2O),28.031300150,RC2_0046_ICR-3_p08
469.244073594,497.275378684,28.031305090,Other,random,ethyl addition (-H2O),28.031300150,RC2_0046_ICR-3_p08
570.154190529,598.185495619,28.031305090,Other,random,ethyl addition (-H2O),28.031300150,RC2_0046_ICR-3_p08
239.019772214,267.051077304,28.031305090,Other,random,ethyl addition (-H2O),28.031300150,RC2_0046_ICR-3_p08
569.106832972,597.138138062,28.031305090,Other,random,ethyl addition (-H2O),28.031300150,RC2_0046_ICR-3_p08
381.113404448,409.144710538,28.031306090,Other,random,ethyl addition (-H2O),28.031300150,RC2_0046_ICR-3_p08
437.145079759,465.176385849,28.031306090,Other,random,ethyl addition (-H2O),28.031300150,RC2_0046_ICR-3_p08
393.059273773,421.090579863,28.031306090,Other,random,ethyl addition (-H2O),28.031300150,RC2_0046_ICR-3_p08
397.041121882,425.072427972,28.031306090,Other,random,ethyl addition (-H2O),28.031300150,RC2_0046_ICR-3_p08
417.140069621,445.171375711,28.031306090,Other,random,ethyl addition (-H2O),28.031300150,RC2_0046_ICR-3_p08
503.155878739,531.187184829,28.031306090,Other,random,ethyl addition (-H2O),28.031300150,RC2_0046_ICR-3_p08
292.082640120,320.113946210,28.031306090,Other,random,ethyl addition (-H2O),28.031300150,RC2_0046_ICR-3_p08
389.051174775,417.082480865,28.031306090,Other,random,ethyl addition (-H2O),28.031300150,RC2_0046_ICR-3_p08
380.033816027,408.065123117,28.031307090,Other,random,ethyl addition (-H2O),28.031300150,RC2_0046_ICR-3_p08
459.114232565,487.145539655,28.031307090,Other,random,ethyl addition (-H2O),28.031300150,RC2_0046_ICR-3_p08
503.010230356,531.041537446,28.031307090,Other,random,ethyl addition (-H2O),28.031300150,RC2_0046_ICR-3_p08
513.124900450,541.156207540,28.031307090,Other,random,ethyl addition (-H2O),28.031300150,RC2_0046_ICR-3_p08
521.166413337,549.197720427,28.031307090,Other,random,ethyl addition (-H2O),28.031300150,RC2_0046_ICR-3_p08
369.074455517,397.105762607,28.031307090,Other,random,ethyl addition (-H2O),28.031300150,RC2_0046_ICR-3_p08
487.088062899,515.119369989,28.031307090,Other,random,ethyl addition (-H2O),28.031300150,RC2_0046_ICR-3_p08
521.179520282,549.210827372,28.031307090,Other,random,ethyl addition (-H2O),28.031300150,RC2_0046_ICR-3_p08
416.062200193,444.093507283,28.031307090,Other,random,ethyl addition (-H2O),28.031300150,RC2_0046_ICR-3_p08
495.150528698,523.181835788,28.031307090,Other,random,ethyl addition (-H2O),28.031300150,RC2_0046_ICR-3_p08
609.146093124,637.177400214,28.031307090,Other,random,ethyl addition (-H2O),28.031300150,RC2_0046_ICR-3_p08
431.092608434,459.123916524,28.031308090,Other,random,ethyl addition (-H2O),28.031300150,RC2_0046_ICR-3_p08
416.091241070,444.122549160,28.031308090,Other,random,ethyl addition (-H2O),28.031300150,RC2_0046_ICR-3_p08
327.127034460,355.158342550,28.031308090,Other,random,ethyl addition (-H2O),28.031300150,RC2_0046_ICR-3_p08
354.095958057,382.127266147,28.031308090,Other,random,ethyl addition (-H2O),28.031300150,RC2_0046_ICR-3_p08
359.004253235,387.035561325,28.031308090,Other,random,ethyl addition (-H2O),28.031300150,RC2_0046_ICR-3_p08
367.152707669,395.184015759,28.031308090,Other,random,ethyl addition (-H2O),28.031300150,RC2_0046_ICR-3_p08
541.148142574,569.179450664,28.031308090,Other,random,ethyl addition (-H2O),28.031300150,RC2_0046_ICR-3_p08
553.171669570,581.202977660,28.031308090,Other,random,ethyl addition (-H2O),28.031300150,RC2_0046_ICR-3_p08
585.210914658,613.242222748,28.031308090,Other,random,ethyl addition (-H2O),28.031300150,RC2_0046_ICR-3_p08
311.105372424,339.136681514,28.031309090,Other,random,ethyl addition (-H2O),28.031300150,RC2_0046_ICR-3_p08
317.116029927,345.147339017,28.031309090,Other,random,ethyl addition (-H2O),28.031300150,RC2_0046_ICR-3_p08
341.152334964,369.183644054,28.031309090,Other,random,ethyl addition (-H2O),28.031300150,RC2_0046_ICR-3_p08
343.176151379,371.207460469,28.031309090,Other,random,ethyl addition (-H2O),28.031300150,RC2_0046_ICR-3_p08
427.233622804,455.264931894,28.031309090,Other,random,ethyl addition (-H2O),28.031300150,RC2_0046_ICR-3_p08
395.061821278,423.093130368,28.031309090,Other,random,ethyl addition (-H2O),28.031300150,RC2_0046_ICR-3_p08
401.090927702,429.122236792,28.031309090,Other,random,ethyl addition (-H2O),28.031300150,RC2_0046_ICR-3_p08
249.113295397,277.144604487,28.031309090,Other,random,ethyl addition (-H2O),28.031300150,RC2_0046_ICR-3_p08
218.078288049,246.109598139,28.031310090,Other,random,ethyl addition (-H2O),28.031300150,RC2_0046_ICR-3_p08
307.118609336,335.149919426,28.031310090,Other,random,ethyl addition (-H2O),28.031300150,RC2_0046_ICR-3_p08
349.165495972,377.196806062,28.031310090,Other,random,ethyl addition (-H2O),28.031300150,RC2_0046_ICR-3_p08
521.093539646,549.124849736,28.031310090,Other,random,ethyl addition (-H2O),28.031300150,RC2_0046_ICR-3_p08
571.109359477,599.140669567,28.031310090,Other,random,ethyl addition (-H2O),28.031300150,RC2_0046_ICR-3_p08
503.168942683,531.200252773,28.031310090,Other,random,ethyl addition (-H2O),28.031300150,RC2_0046_ICR-3_p08
311.149873236,339.181183326,28.031310090,Other,random,ethyl addition (-H2O),28.031300150,RC2_0046_ICR-3_p08
459.106166599,487.137476689,28.031310090,Other,random,ethyl addition (-H2O),28.031300150,RC2_0046_ICR-3_p08
493.220757884,521.252067974,28.031310090,Other,random,ethyl addition (-H2O),28.031300150,RC2_0046_ICR-3_p08
333.074532230,361.105842320,28.031310090,Other,random,ethyl addition (-H2O),28.031300150,RC2_0046_ICR-3_p08
365.082103453,393.113413543,28.031310090,Other,random,ethyl addition (-H2O),28.031300150,RC2_0046_ICR-3_p08
563.189976072,591.221286162,28.031310090,Other,random,ethyl addition (-H2O),28.031300150,RC2_0046_ICR-3_p08
289.108144737,318.098298760,28.990154023,Other,random,H_1N1O1,28.990164000,RC2_0046_ICR-3_p08
321.097822036,350.087977059,28.990155023,Other,random,H_1N1O1,28.990164000,RC2_0046_ICR-3_p08
247.118758858,276.108913881,28.990155023,Other,random,H_1N1O1,28.990164000,RC2_0046_ICR-3_p08
301.071736987,330.061892010,28.990155023,Other,random,H_1N1O1,28.990164000,RC2_0046_ICR-3_p08
479.082786858,508.072942880,28.990156023,Other,random,H_1N1O1,28.990164000,RC2_0046_ICR-3_p08
409.077438823,438.067594846,28.990156023,Other,random,H_1N1O1,28.990164000,RC2_0046_ICR-3_p08
305.030204195,334.020361218,28.990157023,Other,random,H_1N1O1,28.990164000,RC2_0046_ICR-3_p08
253.108192451,282.098350473,28.990158023,Other,random,H_1N1O1,28.990164000,RC2_0046_ICR-3_p08
233.081975403,262.072133425,28.990158023,Other,random,H_1N1O1,28.990164000,RC2_0046_ICR-3_p08
265.071784701,294.061942723,28.990158023,Other,random,H_1N1O1,28.990164000,RC2_0046_ICR-3_p08
319.082301586,348.072460608,28.990159023,Other,random,H_1N1O1,28.990164000,RC2_0046_ICR-3_p08
503.119415893,532.109575916,28.990160023,Other,random,H_1N1O1,28.990164000,RC2_0046_ICR-3_p08
383.183962664,412.174122687,28.990160023,Other,random,H_1N1O1,28.990164000,RC2_0046_ICR-3_p08
245.139512254,274.129673277,28.990161023,Other,random,H_1N1O1,28.990164000,RC2_0046_ICR-3_p08
305.139318733,334.129479755,28.990161023,Other,random,H_1N1O1,28.990164000,RC2_0046_ICR-3_p08
383.147532819,412.137693841,28.990161023,Other,random,H_1N1O1,28.990164000,RC2_0046_ICR-3_p08
319.240762914,348.230924936,28.990162023,Other,random,H_1N1O1,28.990164000,RC2_0046_ICR-3_p08
369.110970362,398.101132385,28.990162023,Other,random,H_1N1O1,28.990164000,RC2_0046_ICR-3_p08
397.126908518,426.117072540,28.990164023,Other,random,H_1N1O1,28.990164000,RC2_0046_ICR-3_p08
545.187773438,574.177937460,28.990164023,Other,random,H_1N1O1,28.990164000,RC2_0046_ICR-3_p08
281.066678850,310.056843872,28.990165023,Other,random,H_1N1O1,28.990164000,RC2_0046_ICR-3_p08
473.108686200,502.098851222,28.990165023,Other,random,H_1N1O1,28.990164000,RC2_0046_ICR-3_p08
269.066630754,298.056797777,28.990167023,Other,random,H_1N1O1,28.990164000,RC2_0046_ICR-3_p08
351.144815575,380.134982598,28.990167023,Other,random,H_1N1O1,28.990164000,RC2_0046_ICR-3_p08
372.085223745,401.075391768,28.990168023,Other,random,H_1N1O1,28.990164000,RC2_0046_ICR-3_p08
365.100578375,394.090747397,28.990169023,Other,random,H_1N1O1,28.990164000,RC2_0046_ICR-3_p08
363.230550307,392.220719330,28.990169023,Other,random,H_1N1O1,28.990164000,RC2_0046_ICR-3_p08
449.145106854,478.135276877,28.990170023,Other,random,H_1N1O1,28.990164000,RC2_0046_ICR-3_p08
311.149873236,340.140044258,28.990171023,Other,random,H_1N1O1,28.990164000,RC2_0046_ICR-3_p08
401.137065506,430.127237529,28.990172023,Other,random,H_1N1O1,28.990164000,RC2_0046_ICR-3_p08
399.071957267,428.062129289,28.990172023,Other,random,H_1N1O1,28.990164000,RC2_0046_ICR-3_p08
379.139647820,408.129820843,28.990173023,Other,random,H_1N1O1,28.990164000,RC2_0046_ICR-3_p08
337.092807185,366.082980207,28.990173023,Other,random,H_1N1O1,28.990164000,RC2_0046_ICR-3_p08
418.053885745,447.056625714,29.002739969,Other,random,CHO,29.002740000,RC2_0046_ICR-3_p08
407.098242219,436.124782087,29.026539868,Other,random,CH3N,29.026549000,RC2_0046_ICR-3_p08
255.051044209,284.077585077,29.026540868,Other,random,CH3N,29.026549000,RC2_0046_ICR-3_p08
349.019999589,378.046540457,29.026540868,Other,random,CH3N,29.026549000,RC2_0046_ICR-3_p08
307.009491799,336.036034667,29.026542868,Other,random,CH3N,29.026549000,RC2_0046_ICR-3_p08
291.087403341,320.113946210,29.026542868,Other,random,CH3N,29.026549000,RC2_0046_ICR-3_p08
343.045765932,372.072309800,29.026543868,Other,random,CH3N,29.026549000,RC2_0046_ICR-3_p08
307.045857645,336.072402513,29.026544868,Other,random,CH3N,29.026549000,RC2_0046_ICR-3_p08
355.030544092,384.057088960,29.026544868,Other,random,CH3N,29.026549000,RC2_0046_ICR-3_p08
276.998980105,306.025524973,29.026544868,Other,random,CH3N,29.026549000,RC2_0046_ICR-3_p08
293.102986791,322.129531659,29.026544868,Other,random,CH3N,29.026549000,RC2_0046_ICR-3_p08
337.129139030,366.155683899,29.026544868,Other,random,CH3N,29.026549000,RC2_0046_ICR-3_p08
289.129249648,318.155795516,29.026545868,Other,random,CH3N,29.026549000,RC2_0046_ICR-3_p08
483.041375065,512.067923933,29.026548868,Other,random,CH3N,29.026549000,RC2_0046_ICR-3_p08
493.135048247,522.161599116,29.026550868,Other,random,CH3N,29.026549000,RC2_0046_ICR-3_p08
325.020032398,354.046584266,29.026551868,Other,random,CH3N,29.026549000,RC2_0046_ICR-3_p08
459.093144654,488.119696523,29.026551868,Other,random,CH3N,29.026549000,RC2_0046_ICR-3_p08
363.072076980,392.098628848,29.026551868,Other,random,CH3N,29.026549000,RC2_0046_ICR-3_p08
427.080056455,456.106610323,29.026553868,Other,random,CH3N,29.026549000,RC2_0046_ICR-3_p08
245.103118408,274.129673277,29.026554868,Other,random,CH3N,29.026549000,RC2_0046_ICR-3_p08
301.035337142,330.061892010,29.026554868,Other,random,CH3N,29.026549000,RC2_0046_ICR-3_p08
247.082359012,276.108913881,29.026554868,Other,random,CH3N,29.026549000,RC2_0046_ICR-3_p08
281.030286004,310.056843872,29.026557868,Other,random,CH3N,29.026549000,RC2_0046_ICR-3_p08
323.126518430,352.153077298,29.026558868,Other,random,CH3N,29.026549000,RC2_0046_ICR-3_p08
263.019780405,292.046339274,29.026558868,Other,random,CH3N,29.026549000,RC2_0046_ICR-3_p08
274.072153521,303.098712389,29.026558868,Other,random,CH3N,29.026549000,RC2_0046_ICR-3_p08
292.046339274,321.072898142,29.026558868,Other,random,CH3N,29.026549000,RC2_0046_ICR-3_p08
293.066606945,322.129531659,29.062924714,Other,random,C2H7N1O_1,29.062934000,RC2_0046_ICR-3_p08
353.064341433,382.127266147,29.062924714,Other,random,C2H7N1O_1,29.062934000,RC2_0046_ICR-3_p08
359.040742081,388.103666795,29.062924714,Other,random,C2H7N1O_1,29.062934000,RC2_0046_ICR-3_p08
381.095437524,410.158362238,29.062924714,Other,random,C2H7N1O_1,29.062934000,RC2_0046_ICR-3_p08
435.106028409,464.168953123,29.062924714,Other,random,C2H7N1O_1,29.062934000,RC2_0046_ICR-3_p08
401.014832025,430.077757739,29.062925714,Other,random,C2H7N1O_1,29.062934000,RC2_0046_ICR-3_p08
271.045954358,300.108881072,29.062926714,Other,random,C2H7N1O_1,29.062934000,RC2_0046_ICR-3_p08
495.041546160,524.104473874,29.062927714,Other,random,C2H7N1O_1,29.062934000,RC2_0046_ICR-3_p08
475.051546958,504.114478672,29.062931714,Other,random,C2H7N1O_1,29.062934000,RC2_0046_ICR-3_p08
333.038185384,362.101120098,29.062934714,Other,random,C2H7N1O_1,29.062934000,RC2_0046_ICR-3_p08
497.179258092,526.242192805,29.062934714,Other,random,C2H7N1O_1,29.062934000,RC2_0046_ICR-3_p08
323.053835738,352.116773452,29.062937714,Other,random,C2H7N1O_1,29.062934000,RC2_0046_ICR-3_p08
282.025506782,311.088446496,29.062939714,Other,random,C2H7N1O_1,29.062934000,RC2_0046_ICR-3_p08
391.189115706,420.252055420,29.062939714,Other,random,C2H7N1O_1,29.062934000,RC2_0046_ICR-3_p08
429.046235115,458.109174828,29.062939714,Other,random,C2H7N1O_1,29.062934000,RC2_0046_ICR-3_p08
261.040534801,290.103474515,29.062939714,Other,random,C2H7N1O_1,29.062934000,RC2_0046_ICR-3_p08
303.014600746,332.077541460,29.062940714,Other,random,C2H7N1O_1,29.062934000,RC2_0046_ICR-3_p08
323.077059640,352.140000354,29.062940714,Other,random,C2H7N1O_1,29.062934000,RC2_0046_ICR-3_p08
237.004127765,266.067068479,29.062940714,Other,random,C2H7N1O_1,29.062934000,RC2_0046_ICR-3_p08
335.077103735,364.140045449,29.062941714,Other,random,C2H7N1O_1,29.062934000,RC2_0046_ICR-3_p08
289.092852802,318.155795516,29.062942714,Other,random,C2H7N1O_1,29.062934000,RC2_0046_ICR-3_p08
409.126819613,438.189762327,29.062942714,Other,random,C2H7N1O_1,29.062934000,RC2_0046_ICR-3_p08
437.145079759,466.208022473,29.062942714,Other,random,C2H7N1O_1,29.062934000,RC2_0046_ICR-3_p08
473.202809801,502.265753514,29.062943714,Other,random,C2H7N1O_1,29.062934000,RC2_0046_ICR-3_p08
324.036023572,353.098967286,29.062943714,Other,random,C2H7N1O_1,29.062934000,RC2_0046_ICR-3_p08
487.191635459,517.148048383,29.956412924,Other,random,H_2S1,29.956422000,RC2_0046_ICR-3_p08
419.092519339,449.048937262,29.956417924,Other,random,H_2S1,29.956422000,RC2_0046_ICR-3_p08
315.181166135,345.137585058,29.956418924,Other,random,H_2S1,29.956422000,RC2_0046_ICR-3_p08
331.103303592,361.059723516,29.956419924,Other,random,H_2S1,29.956422000,RC2_0046_ICR-3_p08
439.227837924,469.184258847,29.956420924,Other,random,H_2S1,29.956422000,RC2_0046_ICR-3_p08
441.149624771,471.106045695,29.956420924,Other,random,H_2S1,29.956422000,RC2_0046_ICR-3_p08
385.123456437,415.079877360,29.956420924,Other,random,H_2S1,29.956422000,RC2_0046_ICR-3_p08
339.139191504,369.095614427,29.956422924,Other,random,H_2S1,29.956422000,RC2_0046_ICR-3_p08
359.144237642,389.100660565,29.956422924,Other,random,H_2S1,29.956422000,RC2_0046_ICR-3_p08
255.123817900,285.080243824,29.956425924,Other,random,H_2S1,29.956422000,RC2_0046_ICR-3_p08
405.113300639,435.069726563,29.956425924,Other,random,H_2S1,29.956422000,RC2_0046_ICR-3_p08
443.165278221,473.121709145,29.956430924,Other,random,H_2S1,29.956422000,RC2_0046_ICR-3_p08
351.175555445,381.131987369,29.956431924,Other,random,H_2S1,29.956422000,RC2_0046_ICR-3_p08
453.243545469,483.199977392,29.956431924,Other,random,H_2S1,29.956422000,RC2_0046_ICR-3_p08
291.173172978,321.147343826,29.974170848,Other,random,H_2O2,29.974180000,RC2_0046_ICR-3_p08
306.098231665,336.072402513,29.974170848,Other,random,H_2O2,29.974180000,RC2_0046_ICR-3_p08
355.045688028,385.019858876,29.974170848,Other,random,H_2O2,29.974180000,RC2_0046_ICR-3_p08
387.121381961,417.095552810,29.974170848,Other,random,H_2O2,29.974180000,RC2_0046_ICR-3_p08
391.139715916,421.113886764,29.974170848,Other,random,H_2O2,29.974180000,RC2_0046_ICR-3_p08
319.095273531,349.069444379,29.974170848,Other,random,H_2O2,29.974180000,RC2_0046_ICR-3_p08
333.097906131,363.072076980,29.974170848,Other,random,H_2O2,29.974180000,RC2_0046_ICR-3_p08
347.077150831,377.051321679,29.974170848,Other,random,H_2O2,29.974180000,RC2_0046_ICR-3_p08
477.067382407,507.041553255,29.974170848,Other,random,H_2O2,29.974180000,RC2_0046_ICR-3_p08
508.109518725,538.083689573,29.974170848,Other,random,H_2O2,29.974180000,RC2_0046_ICR-3_p08
607.094171828,637.068342677,29.974170848,Other,random,H_2O2,29.974180000,RC2_0046_ICR-3_p08
245.103118408,275.077289257,29.974170848,Other,random,H_2O2,29.974180000,RC2_0046_ICR-3_p08
309.183695576,339.157866425,29.974170848,Other,random,H_2O2,29.974180000,RC2_0046_ICR-3_p08
317.097322006,347.071492855,29.974170848,Other,random,H_2O2,29.974180000,RC2_0046_ICR-3_p08
387.129488927,417.103659775,29.974170848,Other,random,H_2O2,29.974180000,RC2_0046_ICR-3_p08
387.144784862,417.118955711,29.974170848,Other,random,H_2O2,29.974180000,RC2_0046_ICR-3_p08
659.126020107,689.100190955,29.974170848,Other,random,H_2O2,29.974180000,RC2_0046_ICR-3_p08
387.084999116,417.059170964,29.974171848,Other,random,H_2O2,29.974180000,RC2_0046_ICR-3_p08
651.120661066,681.094832914,29.974171848,Other,random,H_2O2,29.974180000,RC2_0046_ICR-3_p08
271.227858586,301.202030435,29.974171848,Other,random,H_2O2,29.974180000,RC2_0046_ICR-3_p08
305.175747578,335.149919426,29.974171848,Other,random,H_2O2,29.974180000,RC2_0046_ICR-3_p08
311.113457390,341.087629238,29.974171848,Other,random,H_2O2,29.974180000,RC2_0046_ICR-3_p08
471.056664905,501.030836753,29.974171848,Other,random,H_2O2,29.974180000,RC2_0046_ICR-3_p08
379.261780302,409.235952151,29.974171848,Other,random,H_2O2,29.974180000,RC2_0046_ICR-3_p08
233.045607557,263.019780405,29.974172848,Other,random,H_2O2,29.974180000,RC2_0046_ICR-3_p08
323.090168584,353.064341433,29.974172848,Other,random,H_2O2,29.974180000,RC2_0046_ICR-3_p08
365.196847966,395.171020815,29.974172848,Other,random,H_2O2,29.974180000,RC2_0046_ICR-3_p08
391.097675094,421.071847942,29.974172848,Other,random,H_2O2,29.974180000,RC2_0046_ICR-3_p08
519.223547579,549.197720427,29.974172848,Other,random,H_2O2,29.974180000,RC2_0046_ICR-3_p08
311.095782465,341.069955313,29.974172848,Other,random,H_2O2,29.974180000,RC2_0046_ICR-3_p08
355.168012509,385.142185357,29.974172848,Other,random,H_2O2,29.974180000,RC2_0046_ICR-3_p08
423.093130368,453.067303216,29.974172848,Other,random,H_2O2,29.974180000,RC2_0046_ICR-3_p08
429.077012984,459.051185832,29.974172848,Other,random,H_2O2,29.974180000,RC2_0046_ICR-3_p08
307.168092126,337.142265975,29.974173848,Other,random,H_2O2,29.974180000,RC2_0046_ICR-3_p08
245.139512254,275.113686102,29.974173848,Other,random,H_2O2,29.974180000,RC2_0046_ICR-3_p08
271.024766448,300.998940296,29.974173848,Other,random,H_2O2,29.974180000,RC2_0046_ICR-3_p08
331.131668472,361.105842320,29.974173848,Other,random,H_2O2,29.974180000,RC2_0046_ICR-3_p08
337.159927900,367.134101748,29.974173848,Other,random,H_2O2,29.974180000,RC2_0046_ICR-3_p08
353.079638368,383.053812216,29.974173848,Other,random,H_2O2,29.974180000,RC2_0046_ICR-3_p08
353.154830049,383.129003897,29.974173848,Other,random,H_2O2,29.974180000,RC2_0046_ICR-3_p08
411.129493118,441.103666966,29.974173848,Other,random,H_2O2,29.974180000,RC2_0046_ICR-3_p08
497.145155236,527.119329085,29.974173848,Other,random,H_2O2,29.974180000,RC2_0046_ICR-3_p08
509.202722088,539.176895936,29.974173848,Other,random,H_2O2,29.974180000,RC2_0046_ICR-3_p08
364.067393757,394.041568606,29.974174848,Other,random,H_2O2,29.974180000,RC2_0046_ICR-3_p08
382.127266147,412.101440995,29.974174848,Other,random,H_2O2,29.974180000,RC2_0046_ICR-3_p08
419.129002184,449.103177032,29.974174848,Other,random,H_2O2,29.974180000,RC2_0046_ICR-3_p08
304.082595215,334.056770064,29.974174848,Other,random,H_2O2,29.974180000,RC2_0046_ICR-3_p08
493.220757884,523.194932732,29.974174848,Other,random,H_2O2,29.974180000,RC2_0046_ICR-3_p08
223.097665756,253.071840605,29.974174848,Other,random,H_2O2,29.974180000,RC2_0046_ICR-3_p08
449.230954490,479.205129339,29.974174848,Other,random,H_2O2,29.974180000,RC2_0046_ICR-3_p08
505.135038343,535.109213191,29.974174848,Other,random,H_2O2,29.974180000,RC2_0046_ICR-3_p08
511.145584846,541.119759694,29.974174848,Other,random,H_2O2,29.974180000,RC2_0046_ICR-3_p08
493.062202556,523.036377405,29.974174848,Other,random,H_2O2,29.974180000,RC2_0046_ICR-3_p08
257.139447350,287.113623198,29.974175848,Other,random,H_2O2,29.974180000,RC2_0046_ICR-3_p08
339.139191504,369.113367352,29.974175848,Other,random,H_2O2,29.974180000,RC2_0046_ICR-3_p08
355.248837166,385.223013014,29.974175848,Other,random,H_2O2,29.974180000,RC2_0046_ICR-3_p08
453.103555062,483.077730911,29.974175848,Other,random,H_2O2,29.974180000,RC2_0046_ICR-3_p08
463.246582035,493.220757884,29.974175848,Other,random,H_2O2,29.974180000,RC2_0046_ICR-3_p08
513.306700678,543.280876527,29.974175848,Other,random,H_2O2,29.974180000,RC2_0046_ICR-3_p08
365.246186757,395.220362605,29.974175848,Other,random,H_2O2,29.974180000,RC2_0046_ICR-3_p08
473.072409354,503.046585202,29.974175848,Other,random,H_2O2,29.974180000,RC2_0046_ICR-3_p08
685.177591595,715.151768444,29.974176848,Other,random,H_2O2,29.974180000,RC2_0046_ICR-3_p08
427.152719147,457.126895995,29.974176848,Other,random,H_2O2,29.974180000,RC2_0046_ICR-3_p08
437.145079759,467.119256607,29.974176848,Other,random,H_2O2,29.974180000,RC2_0046_ICR-3_p08
431.111326354,461.085503203,29.974176848,Other,random,H_2O2,29.974180000,RC2_0046_ICR-3_p08
319.154973278,349.129151126,29.974177848,Other,random,H_2O2,29.974180000,RC2_0046_ICR-3_p08
377.124064370,407.098242219,29.974177848,Other,random,H_2O2,29.974180000,RC2_0046_ICR-3_p08
381.241124906,411.215302754,29.974177848,Other,random,H_2O2,29.974180000,RC2_0046_ICR-3_p08
527.083035239,557.057213087,29.974177848,Other,random,H_2O2,29.974180000,RC2_0046_ICR-3_p08
371.107917891,401.082095740,29.974177848,Other,random,H_2O2,29.974180000,RC2_0046_ICR-3_p08
441.149624771,471.123802620,29.974177848,Other,random,H_2O2,29.974180000,RC2_0046_ICR-3_p08
237.040534610,267.014712459,29.974177848,Other,random,H_2O2,29.974180000,RC2_0046_ICR-3_p08
261.076864647,291.051042496,29.974177848,Other,random,H_2O2,29.974180000,RC2_0046_ICR-3_p08
357.110821267,387.084999116,29.974177848,Other,random,H_2O2,29.974180000,RC2_0046_ICR-3_p08
365.051172584,395.025350432,29.974177848,Other,random,H_2O2,29.974180000,RC2_0046_ICR-3_p08
505.111834441,535.086012290,29.974177848,Other,random,H_2O2,29.974180000,RC2_0046_ICR-3_p08
569.151004785,599.125182633,29.974177848,Other,random,H_2O2,29.974180000,RC2_0046_ICR-3_p08
633.219059005,663.193237854,29.974178848,Other,random,H_2O2,29.974180000,RC2_0046_ICR-3_p08
433.150267705,463.124446553,29.974178848,Other,random,H_2O2,29.974180000,RC2_0046_ICR-3_p08
345.228127674,375.202306523,29.974178848,Other,random,H_2O2,29.974180000,RC2_0046_ICR-3_p08
475.101163748,505.075342596,29.974178848,Other,random,H_2O2,29.974180000,RC2_0046_ICR-3_p08
515.103953054,545.078131903,29.974178848,Other,random,H_2O2,29.974180000,RC2_0046_ICR-3_p08
313.142233784,343.116412632,29.974178848,Other,random,H_2O2,29.974180000,RC2_0046_ICR-3_p08
325.056365244,355.030544092,29.974178848,Other,random,H_2O2,29.974180000,RC2_0046_ICR-3_p08
484.190243191,514.164422040,29.974178848,Other,random,H_2O2,29.974180000,RC2_0046_ICR-3_p08
343.212510225,373.186690073,29.974179848,Other,random,H_2O2,29.974180000,RC2_0046_ICR-3_p08
353.209782816,383.183962664,29.974179848,Other,random,H_2O2,29.974180000,RC2_0046_ICR-3_p08
401.254381009,431.228560857,29.974179848,Other,random,H_2O2,29.974180000,RC2_0046_ICR-3_p08
487.291192037,517.265371885,29.974179848,Other,random,H_2O2,29.974180000,RC2_0046_ICR-3_p08
475.319560821,505.293740670,29.974179848,Other,random,H_2O2,29.974180000,RC2_0046_ICR-3_p08
333.128651001,363.102831849,29.974180848,Other,random,H_2O2,29.974180000,RC2_0046_ICR-3_p08
377.160291217,407.134472065,29.974180848,Other,random,H_2O2,29.974180000,RC2_0046_ICR-3_p08
443.098228505,473.072409354,29.974180848,Other,random,H_2O2,29.974180000,RC2_0046_ICR-3_p08
555.244842775,585.219023623,29.974180848,Other,random,H_2O2,29.974180000,RC2_0046_ICR-3_p08
364.140045449,394.114226298,29.974180848,Other,random,H_2O2,29.974180000,RC2_0046_ICR-3_p08
375.072046075,405.046226924,29.974180848,Other,random,H_2O2,29.974180000,RC2_0046_ICR-3_p08
383.170807720,413.144988568,29.974180848,Other,random,H_2O2,29.974180000,RC2_0046_ICR-3_p08
458.109174828,488.083355677,29.974180848,Other,random,H_2O2,29.974180000,RC2_0046_ICR-3_p08
501.116766389,531.090947237,29.974180848,Other,random,H_2O2,29.974180000,RC2_0046_ICR-3_p08
337.214948666,367.189130515,29.974181848,Other,random,H_2O2,29.974180000,RC2_0046_ICR-3_p08
551.249597723,581.223779571,29.974181848,Other,random,H_2O2,29.974180000,RC2_0046_ICR-3_p08
379.170528689,409.144710538,29.974181848,Other,random,H_2O2,29.974180000,RC2_0046_ICR-3_p08
439.197172054,469.171353902,29.974181848,Other,random,H_2O2,29.974180000,RC2_0046_ICR-3_p08
459.251686982,489.225868830,29.974181848,Other,random,H_2O2,29.974180000,RC2_0046_ICR-3_p08
257.049034733,287.023216582,29.974181848,Other,random,H_2O2,29.974180000,RC2_0046_ICR-3_p08
343.095198722,373.069380571,29.974181848,Other,random,H_2O2,29.974180000,RC2_0046_ICR-3_p08
532.109575916,562.083757764,29.974181848,Other,random,H_2O2,29.974180000,RC2_0046_ICR-3_p08
250.072156330,280.046339178,29.974182848,Other,random,H_2O2,29.974180000,RC2_0046_ICR-3_p08
283.131711090,313.105893938,29.974182848,Other,random,H_2O2,29.974180000,RC2_0046_ICR-3_p08
308.113859114,338.088041963,29.974182848,Other,random,H_2O2,29.974180000,RC2_0046_ICR-3_p08
357.025128631,386.999311479,29.974182848,Other,random,H_2O2,29.974180000,RC2_0046_ICR-3_p08
413.209675294,443.183858142,29.974182848,Other,random,H_2O2,29.974180000,RC2_0046_ICR-3_p08
229.144602105,259.118784953,29.974182848,Other,random,H_2O2,29.974180000,RC2_0046_ICR-3_p08
349.087113304,379.061296153,29.974182848,Other,random,H_2O2,29.974180000,RC2_0046_ICR-3_p08
385.129030413,415.103213261,29.974182848,Other,random,H_2O2,29.974180000,RC2_0046_ICR-3_p08
451.124403458,481.098586306,29.974182848,Other,random,H_2O2,29.974180000,RC2_0046_ICR-3_p08
309.147307731,339.121490579,29.974182848,Other,random,H_2O2,29.974180000,RC2_0046_ICR-3_p08
497.158335180,527.132518029,29.974182848,Other,random,H_2O2,29.974180000,RC2_0046_ICR-3_p08
347.107888700,377.082072549,29.974183848,Other,random,H_2O2,29.974180000,RC2_0046_ICR-3_p08
535.254843573,565.229027422,29.974183848,Other,random,H_2O2,29.974180000,RC2_0046_ICR-3_p08
653.172672361,683.146856210,29.974183848,Other,random,H_2O2,29.974180000,RC2_0046_ICR-3_p08
324.072399418,354.046584266,29.974184848,Other,random,H_2O2,29.974180000,RC2_0046_ICR-3_p08
461.175922819,491.150107667,29.974184848,Other,random,H_2O2,29.974180000,RC2_0046_ICR-3_p08
309.097848940,339.072033789,29.974184848,Other,random,H_2O2,29.974180000,RC2_0046_ICR-3_p08
315.136633324,345.110818172,29.974184848,Other,random,H_2O2,29.974180000,RC2_0046_ICR-3_p08
325.121134969,355.095319817,29.974184848,Other,random,H_2O2,29.974180000,RC2_0046_ICR-3_p08
327.253939921,357.228124770,29.974184848,Other,random,H_2O2,29.974180000,RC2_0046_ICR-3_p08
361.214930858,391.189115706,29.974184848,Other,random,H_2O2,29.974180000,RC2_0046_ICR-3_p08
419.098056315,449.072241163,29.974184848,Other,random,H_2O2,29.974180000,RC2_0046_ICR-3_p08
305.030204195,335.004389044,29.974184848,Other,random,H_2O2,29.974180000,RC2_0046_ICR-3_p08
361.056363530,391.030549379,29.974185848,Other,random,H_2O2,29.974180000,RC2_0046_ICR-3_p08
240.087779684,270.061965532,29.974185848,Other,random,H_2O2,29.974180000,RC2_0046_ICR-3_p08
247.061230102,277.035415950,29.974185848,Other,random,H_2O2,29.974180000,RC2_0046_ICR-3_p08
259.061249198,289.035435046,29.974185848,Other,random,H_2O2,29.974180000,RC2_0046_ICR-3_p08
351.072037884,381.046223732,29.974185848,Other,random,H_2O2,29.974180000,RC2_0046_ICR-3_p08
385.159965282,415.134151130,29.974185848,Other,random,H_2O2,29.974180000,RC2_0046_ICR-3_p08
475.191451365,505.165637213,29.974185848,Other,random,H_2O2,29.974180000,RC2_0046_ICR-3_p08
227.056198964,257.030384813,29.974185848,Other,random,H_2O2,29.974180000,RC2_0046_ICR-3_p08
365.087635429,395.061821278,29.974185848,Other,random,H_2O2,29.974180000,RC2_0046_ICR-3_p08
441.212854503,471.187040352,29.974185848,Other,random,H_2O2,29.974180000,RC2_0046_ICR-3_p08
469.163375936,499.137561784,29.974185848,Other,random,H_2O2,29.974180000,RC2_0046_ICR-3_p08
329.066555232,359.040742081,29.974186848,Other,random,H_2O2,29.974180000,RC2_0046_ICR-3_p08
357.082591387,387.056778235,29.974186848,Other,random,H_2O2,29.974180000,RC2_0046_ICR-3_p08
657.255680041,687.229866889,29.974186848,Other,random,H_2O2,29.974180000,RC2_0046_ICR-3_p08
233.081975403,263.056162251,29.974186848,Other,random,H_2O2,29.974180000,RC2_0046_ICR-3_p08
532.145713763,562.119901611,29.974187848,Other,random,H_2O2,29.974180000,RC2_0046_ICR-3_p08
567.244854871,597.219042719,29.974187848,Other,random,H_2O2,29.974180000,RC2_0046_ICR-3_p08
309.134218786,339.108406634,29.974187848,Other,random,H_2O2,29.974180000,RC2_0046_ICR-3_p08
429.067344025,459.041531873,29.974187848,Other,random,H_2O2,29.974180000,RC2_0046_ICR-3_p08
454.107001806,484.081189654,29.974187848,Other,random,H_2O2,29.974180000,RC2_0046_ICR-3_p08
361.096031362,391.070220210,29.974188848,Other,random,H_2O2,29.974180000,RC2_0046_ICR-3_p08
389.123867467,419.098056315,29.974188848,Other,random,H_2O2,29.974180000,RC2_0046_ICR-3_p08
459.165831346,489.140020194,29.974188848,Other,random,H_2O2,29.974180000,RC2_0046_ICR-3_p08
489.207050910,519.181239758,29.974188848,Other,random,H_2O2,29.974180000,RC2_0046_ICR-3_p08
249.040480706,279.014669554,29.974188848,Other,random,H_2O2,29.974180000,RC2_0046_ICR-3_p08
352.153077298,382.127266147,29.974188848,Other,random,H_2O2,29.974180000,RC2_0046_ICR-3_p08
435.056770618,465.030959466,29.974188848,Other,random,H_2O2,29.974180000,RC2_0046_ICR-3_p08
397.186577264,427.160767113,29.974189848,Other,random,H_2O2,29.974180000,RC2_0046_ICR-3_p08
225.113277206,255.087467054,29.974189848,Other,random,H_2O2,29.974180000,RC2_0046_ICR-3_p08
291.136814132,321.111003980,29.974189848,Other,random,H_2O2,29.974180000,RC2_0046_ICR-3_p08
299.095771370,329.069961218,29.974189848,Other,random,H_2O2,29.974180000,RC2_0046_ICR-3_p08
331.058887781,361.033077629,29.974189848,Other,random,H_2O2,29.974180000,RC2_0046_ICR-3_p08
389.090921607,419.065111455,29.974189848,Other,random,H_2O2,29.974180000,RC2_0046_ICR-3_p08
623.198482513,653.172672361,29.974189848,Other,random,H_2O2,29.974180000,RC2_0046_ICR-3_p08
496.203009233,526.200988980,29.997979747,Other,random,O1N1,29.997989000,RC2_0046_ICR-3_p08
601.278476499,631.276468246,29.997991747,Other,random,O1N1,29.997989000,RC2_0046_ICR-3_p08
333.134293977,363.144849671,30.010555694,Other,random,C1H2O1,30.010565000,RC2_0046_ICR-3_p08
577.083616134,607.094171828,30.010555694,Other,random,C1H2O1,30.010565000,RC2_0046_ICR-3_p08
601.265912552,631.276468246,30.010555694,Other,random,C1H2O1,30.010565000,RC2_0046_ICR-3_p08
541.171467475,571.182023169,30.010555694,Other,random,C1H2O1,30.010565000,RC2_0046_ICR-3_p08
315.063982632,345.074538326,30.010555694,Other,random,C1H2O1,30.010565000,RC2_0046_ICR-3_p08
459.187048256,489.197603950,30.010555694,Other,random,C1H2O1,30.010565000,RC2_0046_ICR-3_p08
651.120661066,681.131217760,30.010556694,Other,random,C1H2O1,30.010565000,RC2_0046_ICR-3_p08
289.121132682,319.131689376,30.010556694,Other,random,C1H2O1,30.010565000,RC2_0046_ICR-3_p08
302.066984766,332.077541460,30.010556694,Other,random,C1H2O1,30.010565000,RC2_0046_ICR-3_p08
351.035667038,381.046223732,30.010556694,Other,random,C1H2O1,30.010565000,RC2_0046_ICR-3_p08
423.232988775,453.243545469,30.010556694,Other,random,C1H2O1,30.010565000,RC2_0046_ICR-3_p08
405.082477770,435.093034464,30.010556694,Other,random,C1H2O1,30.010565000,RC2_0046_ICR-3_p08
521.202695183,551.213251877,30.010556694,Other,random,C1H2O1,30.010565000,RC2_0046_ICR-3_p08
587.262940953,617.273497647,30.010556694,Other,random,C1H2O1,30.010565000,RC2_0046_ICR-3_p08
333.110888076,363.121444770,30.010556694,Other,random,C1H2O1,30.010565000,RC2_0046_ICR-3_p08
235.024861161,265.035417855,30.010556694,Other,random,C1H2O1,30.010565000,RC2_0046_ICR-3_p08
397.113849573,427.124406267,30.010556694,Other,random,C1H2O1,30.010565000,RC2_0046_ICR-3_p08
481.199734877,511.210291571,30.010556694,Other,random,C1H2O1,30.010565000,RC2_0046_ICR-3_p08
581.296513263,611.307069957,30.010556694,Other,random,C1H2O1,30.010565000,RC2_0046_ICR-3_p08
505.111834441,535.122392135,30.010557694,Other,random,C1H2O1,30.010565000,RC2_0046_ICR-3_p08
529.148213478,559.158771172,30.010557694,Other,random,C1H2O1,30.010565000,RC2_0046_ICR-3_p08
254.067027383,284.077585077,30.010557694,Other,random,C1H2O1,30.010565000,RC2_0046_ICR-3_p08
309.097848940,339.108406634,30.010557694,Other,random,C1H2O1,30.010565000,RC2_0046_ICR-3_p08
315.123710378,345.134268072,30.010557694,Other,random,C1H2O1,30.010565000,RC2_0046_ICR-3_p08
322.093127814,352.103685508,30.010557694,Other,random,C1H2O1,30.010565000,RC2_0046_ICR-3_p08
349.092643281,379.103200975,30.010557694,Other,random,C1H2O1,30.010565000,RC2_0046_ICR-3_p08
359.090102871,389.100660565,30.010557694,Other,random,C1H2O1,30.010565000,RC2_0046_ICR-3_p08
395.134553969,425.145111663,30.010557694,Other,random,C1H2O1,30.010565000,RC2_0046_ICR-3_p08
431.137604243,461.148161937,30.010557694,Other,random,C1H2O1,30.010565000,RC2_0046_ICR-3_p08
450.104132786,480.114690480,30.010557694,Other,random,C1H2O1,30.010565000,RC2_0046_ICR-3_p08
465.176385849,495.186943543,30.010557694,Other,random,C1H2O1,30.010565000,RC2_0046_ICR-3_p08
535.109213191,565.119770885,30.010557694,Other,random,C1H2O1,30.010565000,RC2_0046_ICR-3_p08
319.045834741,349.056393435,30.010558694,Other,random,C1H2O1,30.010565000,RC2_0046_ICR-3_p08
337.092807185,367.103365879,30.010558694,Other,random,C1H2O1,30.010565000,RC2_0046_ICR-3_p08
367.139612725,397.150171419,30.010558694,Other,random,C1H2O1,30.010565000,RC2_0046_ICR-3_p08
387.175505732,417.186064426,30.010558694,Other,random,C1H2O1,30.010565000,RC2_0046_ICR-3_p08
417.168303501,447.178862195,30.010558694,Other,random,C1H2O1,30.010565000,RC2_0046_ICR-3_p08
475.124479649,505.135038343,30.010558694,Other,random,C1H2O1,30.010565000,RC2_0046_ICR-3_p08
531.127359082,561.137917776,30.010558694,Other,random,C1H2O1,30.010565000,RC2_0046_ICR-3_p08
255.051044209,285.061602903,30.010558694,Other,random,C1H2O1,30.010565000,RC2_0046_ICR-3_p08
309.147307731,339.157866425,30.010558694,Other,random,C1H2O1,30.010565000,RC2_0046_ICR-3_p08
315.014563841,345.025123535,30.010559694,Other,random,C1H2O1,30.010565000,RC2_0046_ICR-3_p08
391.066942224,421.077501918,30.010559694,Other,random,C1H2O1,30.010565000,RC2_0046_ICR-3_p08
449.121826953,479.132386647,30.010559694,Other,random,C1H2O1,30.010565000,RC2_0046_ICR-3_p08
315.072085597,345.082645291,30.010559694,Other,random,C1H2O1,30.010565000,RC2_0046_ICR-3_p08
343.076587801,373.087147495,30.010559694,Other,random,C1H2O1,30.010565000,RC2_0046_ICR-3_p08
324.036023572,354.046584266,30.010560694,Other,random,C1H2O1,30.010565000,RC2_0046_ICR-3_p08
399.056783331,429.067344025,30.010560694,Other,random,C1H2O1,30.010565000,RC2_0046_ICR-3_p08
403.139707011,433.150267705,30.010560694,Other,random,C1H2O1,30.010565000,RC2_0046_ICR-3_p08
472.059939649,502.070500343,30.010560694,Other,random,C1H2O1,30.010565000,RC2_0046_ICR-3_p08
551.140640185,581.151200879,30.010560694,Other,random,C1H2O1,30.010565000,RC2_0046_ICR-3_p08
617.187817011,647.198377705,30.010560694,Other,random,C1H2O1,30.010565000,RC2_0046_ICR-3_p08
323.077059640,353.087620334,30.010560694,Other,random,C1H2O1,30.010565000,RC2_0046_ICR-3_p08
287.141838079,317.152398773,30.010560694,Other,random,C1H2O1,30.010565000,RC2_0046_ICR-3_p08
357.110821267,387.121381961,30.010560694,Other,random,C1H2O1,30.010565000,RC2_0046_ICR-3_p08
417.155302556,447.165863250,30.010560694,Other,random,C1H2O1,30.010565000,RC2_0046_ICR-3_p08
303.072087502,333.082649196,30.010561694,Other,random,C1H2O1,30.010565000,RC2_0046_ICR-3_p08
350.124420904,380.134982598,30.010561694,Other,random,C1H2O1,30.010565000,RC2_0046_ICR-3_p08
451.116494492,481.127056186,30.010561694,Other,random,C1H2O1,30.010565000,RC2_0046_ICR-3_p08
467.220442178,497.231003872,30.010561694,Other,random,C1H2O1,30.010565000,RC2_0046_ICR-3_p08
469.135005056,499.145566750,30.010561694,Other,random,C1H2O1,30.010565000,RC2_0046_ICR-3_p08
491.119404798,521.129966492,30.010561694,Other,random,C1H2O1,30.010565000,RC2_0046_ICR-3_p08
509.129854397,539.140416091,30.010561694,Other,random,C1H2O1,30.010565000,RC2_0046_ICR-3_p08
385.150269323,415.160831017,30.010561694,Other,random,C1H2O1,30.010565000,RC2_0046_ICR-3_p08
503.132519838,533.143082532,30.010562694,Other,random,C1H2O1,30.010565000,RC2_0046_ICR-3_p08
375.066421099,405.076983793,30.010562694,Other,random,C1H2O1,30.010565000,RC2_0046_ICR-3_p08
492.078354730,522.088917424,30.010562694,Other,random,C1H2O1,30.010565000,RC2_0046_ICR-3_p08
311.149873236,341.160435930,30.010562694,Other,random,C1H2O1,30.010565000,RC2_0046_ICR-3_p08
441.204789537,471.215352231,30.010562694,Other,random,C1H2O1,30.010565000,RC2_0046_ICR-3_p08
522.211093906,552.221656600,30.010562694,Other,random,C1H2O1,30.010565000,RC2_0046_ICR-3_p08
527.322431223,557.332993917,30.010562694,Other,random,C1H2O1,30.010565000,RC2_0046_ICR-3_p08
533.057301896,563.067864590,30.010562694,Other,random,C1H2O1,30.010565000,RC2_0046_ICR-3_p08
465.168346883,495.178910577,30.010563694,Other,random,C1H2O1,30.010565000,RC2_0046_ICR-3_p08
345.147339017,375.157902711,30.010563694,Other,random,C1H2O1,30.010565000,RC2_0046_ICR-3_p08
371.113403868,401.123967562,30.010563694,Other,random,C1H2O1,30.010565000,RC2_0046_ICR-3_p08
433.077380014,463.087943708,30.010563694,Other,random,C1H2O1,30.010565000,RC2_0046_ICR-3_p08
439.051555672,469.062119366,30.010563694,Other,random,C1H2O1,30.010565000,RC2_0046_ICR-3_p08
458.101854859,488.112418553,30.010563694,Other,random,C1H2O1,30.010565000,RC2_0046_ICR-3_p08
481.257196634,511.267760328,30.010563694,Other,random,C1H2O1,30.010565000,RC2_0046_ICR-3_p08
399.020332486,429.030897180,30.010564694,Other,random,C1H2O1,30.010565000,RC2_0046_ICR-3_p08
455.134640447,485.145205141,30.010564694,Other,random,C1H2O1,30.010565000,RC2_0046_ICR-3_p08
467.155762452,497.166327146,30.010564694,Other,random,C1H2O1,30.010565000,RC2_0046_ICR-3_p08
239.165338597,269.175903291,30.010564694,Other,random,C1H2O1,30.010565000,RC2_0046_ICR-3_p08
481.171314998,511.181879692,30.010564694,Other,random,C1H2O1,30.010565000,RC2_0046_ICR-3_p08
589.120006075,619.130570769,30.010564694,Other,random,C1H2O1,30.010565000,RC2_0046_ICR-3_p08
395.171020815,425.181585509,30.010564694,Other,random,C1H2O1,30.010565000,RC2_0046_ICR-3_p08
425.145111663,455.155676357,30.010564694,Other,random,C1H2O1,30.010565000,RC2_0046_ICR-3_p08
239.092551906,269.103117600,30.010565694,Other,random,C1H2O1,30.010565000,RC2_0046_ICR-3_p08
325.092731089,355.103296783,30.010565694,Other,random,C1H2O1,30.010565000,RC2_0046_ICR-3_p08
334.129479755,364.140045449,30.010565694,Other,random,C1H2O1,30.010565000,RC2_0046_ICR-3_p08
361.092668376,391.103234070,30.010565694,Other,random,C1H2O1,30.010565000,RC2_0046_ICR-3_p08
435.129413309,465.139979003,30.010565694,Other,random,C1H2O1,30.010565000,RC2_0046_ICR-3_p08
454.143238652,484.153804346,30.010565694,Other,random,C1H2O1,30.010565000,RC2_0046_ICR-3_p08
259.155084800,289.165650494,30.010565694,Other,random,C1H2O1,30.010565000,RC2_0046_ICR-3_p08
371.053802121,401.064367815,30.010565694,Other,random,C1H2O1,30.010565000,RC2_0046_ICR-3_p08
373.116901369,403.127467063,30.010565694,Other,random,C1H2O1,30.010565000,RC2_0046_ICR-3_p08
466.062605090,496.073170784,30.010565694,Other,random,C1H2O1,30.010565000,RC2_0046_ICR-3_p08
515.249765436,545.260331130,30.010565694,Other,random,C1H2O1,30.010565000,RC2_0046_ICR-3_p08
603.184997411,633.195563105,30.010565694,Other,random,C1H2O1,30.010565000,RC2_0046_ICR-3_p08
423.106006313,453.116572007,30.010565694,Other,random,C1H2O1,30.010565000,RC2_0046_ICR-3_p08
343.131627568,373.142194262,30.010566694,Other,random,C1H2O1,30.010565000,RC2_0046_ICR-3_p08
473.202809801,503.213376495,30.010566694,Other,random,C1H2O1,30.010565000,RC2_0046_ICR-3_p08
229.035456568,259.046023262,30.010566694,Other,random,C1H2O1,30.010565000,RC2_0046_ICR-3_p08
399.121456057,429.132022751,30.010566694,Other,random,C1H2O1,30.010565000,RC2_0046_ICR-3_p08
553.220993360,583.231560054,30.010566694,Other,random,C1H2O1,30.010565000,RC2_0046_ICR-3_p08
221.045627461,251.056194155,30.010566694,Other,random,C1H2O1,30.010565000,RC2_0046_ICR-3_p08
317.097322006,347.107888700,30.010566694,Other,random,C1H2O1,30.010565000,RC2_0046_ICR-3_p08
372.085223745,402.095790439,30.010566694,Other,random,C1H2O1,30.010565000,RC2_0046_ICR-3_p08
381.046223732,411.056790426,30.010566694,Other,random,C1H2O1,30.010565000,RC2_0046_ICR-3_p08
257.139447350,287.150015044,30.010567694,Other,random,C1H2O1,30.010565000,RC2_0046_ICR-3_p08
465.153050948,495.163618642,30.010567694,Other,random,C1H2O1,30.010565000,RC2_0046_ICR-3_p08
485.194680931,515.205248625,30.010567694,Other,random,C1H2O1,30.010565000,RC2_0046_ICR-3_p08
494.216243661,524.226811355,30.010567694,Other,random,C1H2O1,30.010565000,RC2_0046_ICR-3_p08
245.103118408,275.113686102,30.010567694,Other,random,C1H2O1,30.010565000,RC2_0046_ICR-3_p08
473.181610891,503.192178585,30.010567694,Other,random,C1H2O1,30.010565000,RC2_0046_ICR-3_p08
379.116250920,409.126819613,30.010568694,Other,random,C1H2O1,30.010565000,RC2_0046_ICR-3_p08
399.048804365,429.059373059,30.010568694,Other,random,C1H2O1,30.010565000,RC2_0046_ICR-3_p08
559.036598690,589.047167384,30.010568694,Other,random,C1H2O1,30.010565000,RC2_0046_ICR-3_p08
339.144720480,369.155289174,30.010568694,Other,random,C1H2O1,30.010565000,RC2_0046_ICR-3_p08
537.153347520,567.163916214,30.010568694,Other,random,C1H2O1,30.010565000,RC2_0046_ICR-3_p08
387.139235886,417.149804580,30.010568694,Other,random,C1H2O1,30.010565000,RC2_0046_ICR-3_p08
521.239028029,551.249597723,30.010569694,Other,random,C1H2O1,30.010565000,RC2_0046_ICR-3_p08
529.156284444,559.166854138,30.010569694,Other,random,C1H2O1,30.010565000,RC2_0046_ICR-3_p08
361.050771554,391.061341248,30.010569694,Other,random,C1H2O1,30.010565000,RC2_0046_ICR-3_p08
357.134214168,387.144784862,30.010570694,Other,random,C1H2O1,30.010565000,RC2_0046_ICR-3_p08
271.024766448,301.035337142,30.010570694,Other,random,C1H2O1,30.010565000,RC2_0046_ICR-3_p08
346.020358314,376.030929008,30.010570694,Other,random,C1H2O1,30.010565000,RC2_0046_ICR-3_p08
375.230654402,405.241225096,30.010570694,Other,random,C1H2O1,30.010565000,RC2_0046_ICR-3_p08
385.056301722,415.066872416,30.010570694,Other,random,C1H2O1,30.010565000,RC2_0046_ICR-3_p08
449.267391336,479.277962030,30.010570694,Other,random,C1H2O1,30.010565000,RC2_0046_ICR-3_p08
453.095526097,483.106096790,30.010570694,Other,random,C1H2O1,30.010565000,RC2_0046_ICR-3_p08
459.160242370,489.170813064,30.010570694,Other,random,C1H2O1,30.010565000,RC2_0046_ICR-3_p08
481.135014152,511.145584846,30.010570694,Other,random,C1H2O1,30.010565000,RC2_0046_ICR-3_p08
553.026198187,583.036768881,30.010570694,Other,random,C1H2O1,30.010565000,RC2_0046_ICR-3_p08
345.074538326,375.085110020,30.010571694,Other,random,C1H2O1,30.010565000,RC2_0046_ICR-3_p08
345.134268072,375.144839766,30.010571694,Other,random,C1H2O1,30.010565000,RC2_0046_ICR-3_p08
487.137476689,517.148048383,30.010571694,Other,random,C1H2O1,30.010565000,RC2_0046_ICR-3_p08
507.223480484,537.234052178,30.010571694,Other,random,C1H2O1,30.010565000,RC2_0046_ICR-3_p08
519.309118216,549.319689910,30.010571694,Other,random,C1H2O1,30.010565000,RC2_0046_ICR-3_p08
607.166828520,637.177400214,30.010571694,Other,random,C1H2O1,30.010565000,RC2_0046_ICR-3_p08
365.123981275,395.134553969,30.010572694,Other,random,C1H2O1,30.010565000,RC2_0046_ICR-3_p08
555.281046622,585.291619315,30.010572694,Other,random,C1H2O1,30.010565000,RC2_0046_ICR-3_p08
259.061249198,289.071821892,30.010572694,Other,random,C1H2O1,30.010565000,RC2_0046_ICR-3_p08
429.085782947,459.096355641,30.010572694,Other,random,C1H2O1,30.010565000,RC2_0046_ICR-3_p08
493.220757884,523.231330578,30.010572694,Other,random,C1H2O1,30.010565000,RC2_0046_ICR-3_p08
571.094035542,601.104609236,30.010573694,Other,random,C1H2O1,30.010565000,RC2_0046_ICR-3_p08
301.202030435,331.212604129,30.010573694,Other,random,C1H2O1,30.010565000,RC2_0046_ICR-3_p08
343.030503997,373.041077691,30.010573694,Other,random,C1H2O1,30.010565000,RC2_0046_ICR-3_p08
477.030979561,507.041553255,30.010573694,Other,random,C1H2O1,30.010565000,RC2_0046_ICR-3_p08
274.129673277,304.140246971,30.010573694,Other,random,C1H2O1,30.010565000,RC2_0046_ICR-3_p08
395.184015759,425.194589453,30.010573694,Other,random,C1H2O1,30.010565000,RC2_0046_ICR-3_p08
437.072269068,467.082842762,30.010573694,Other,random,C1H2O1,30.010565000,RC2_0046_ICR-3_p08
521.166413337,551.176987031,30.010573694,Other,random,C1H2O1,30.010565000,RC2_0046_ICR-3_p08
549.270577118,579.281150812,30.010573694,Other,random,C1H2O1,30.010565000,RC2_0046_ICR-3_p08
280.082574024,310.093147718,30.010573694,Other,random,C1H2O1,30.010565000,RC2_0046_ICR-3_p08
293.175749483,323.186323176,30.010573694,Other,random,C1H2O1,30.010565000,RC2_0046_ICR-3_p08
337.123528054,367.134101748,30.010573694,Other,random,C1H2O1,30.010565000,RC2_0046_ICR-3_p08
453.225694544,483.236268238,30.010573694,Other,random,C1H2O1,30.010565000,RC2_0046_ICR-3_p08
347.186231368,377.196806062,30.010574694,Other,random,C1H2O1,30.010565000,RC2_0046_ICR-3_p08
527.241607566,557.252182260,30.010574694,Other,random,C1H2O1,30.010565000,RC2_0046_ICR-3_p08
579.099126584,609.109701278,30.010574694,Other,random,C1H2O1,30.010565000,RC2_0046_ICR-3_p08
319.009424895,349.019999589,30.010574694,Other,random,C1H2O1,30.010565000,RC2_0046_ICR-3_p08
415.030496570,445.041071264,30.010574694,Other,random,C1H2O1,30.010565000,RC2_0046_ICR-3_p08
493.135048247,523.145622941,30.010574694,Other,random,C1H2O1,30.010565000,RC2_0046_ICR-3_p08
485.166323051,515.176897745,30.010574694,Other,random,C1H2O1,30.010565000,RC2_0046_ICR-3_p08
355.080058882,386.044299530,30.964240648,Other,random,H_1S1,30.964247000,RC2_0046_ICR-3_p08
593.273235457,624.237489106,30.964253648,Other,random,H_1S1,30.964247000,RC2_0046_ICR-3_p08
424.137616937,455.111370545,30.973753608,Other,random,Inorganic Phosphate,30.973763400,RC2_0046_ICR-3_p08
466.148247726,497.122003334,30.973755608,Other,random,Inorganic Phosphate,30.973763400,RC2_0046_ICR-3_p08
450.153291578,481.127056186,30.973764608,Other,random,Inorganic Phosphate,30.973763400,RC2_0046_ICR-3_p08
410.121899392,441.095670000,30.973770608,Other,random,Inorganic Phosphate,30.973763400,RC2_0046_ICR-3_p08
242.067057288,273.061628807,30.994571520,Other,random,CHN_1O2,30.994581000,RC2_0046_ICR-3_p08
376.116639644,407.111211164,30.994571520,Other,random,CHN_1O2,30.994581000,RC2_0046_ICR-3_p08
384.057088960,415.051660480,30.994571520,Other,random,CHN_1O2,30.994581000,RC2_0046_ICR-3_p08
534.088938519,565.083511039,30.994572520,Other,random,CHN_1O2,30.994581000,RC2_0046_ICR-3_p08
264.051337029,295.045910549,30.994573520,Other,random,CHN_1O2,30.994581000,RC2_0046_ICR-3_p08
276.051284125,307.045857645,30.994573520,Other,random,CHN_1O2,30.994581000,RC2_0046_ICR-3_p08
444.106588228,475.101163748,30.994575520,Other,random,CHN_1O2,30.994581000,RC2_0046_ICR-3_p08
518.057859524,549.052435044,30.994575520,Other,random,CHN_1O2,30.994581000,RC2_0046_ICR-3_p08
254.067027383,285.061602903,30.994575520,Other,random,CHN_1O2,30.994581000,RC2_0046_ICR-3_p08
288.051259221,319.045834741,30.994575520,Other,random,CHN_1O2,30.994581000,RC2_0046_ICR-3_p08
306.098231665,337.092807185,30.994575520,Other,random,CHN_1O2,30.994581000,RC2_0046_ICR-3_p08
446.072805887,477.067382407,30.994576520,Other,random,CHN_1O2,30.994581000,RC2_0046_ICR-3_p08
394.163636088,425.158213608,30.994577520,Other,random,CHN_1O2,30.994581000,RC2_0046_ICR-3_p08
478.135276877,509.129854397,30.994577520,Other,random,CHN_1O2,30.994581000,RC2_0046_ICR-3_p08
296.041124327,327.035702847,30.994578520,Other,random,CHN_1O2,30.994581000,RC2_0046_ICR-3_p08
354.155689803,385.150269323,30.994579520,Other,random,CHN_1O2,30.994581000,RC2_0046_ICR-3_p08
310.129547564,341.124127084,30.994579520,Other,random,CHN_1O2,30.994581000,RC2_0046_ICR-3_p08
466.208022473,497.202602993,30.994580520,Other,random,CHN_1O2,30.994581000,RC2_0046_ICR-3_p08
318.025419069,349.019999589,30.994580520,Other,random,CHN_1O2,30.994581000,RC2_0046_ICR-3_p08
374.051645404,405.046226924,30.994581520,Other,random,CHN_1O2,30.994581000,RC2_0046_ICR-3_p08
392.220719330,423.215300850,30.994581520,Other,random,CHN_1O2,30.994581000,RC2_0046_ICR-3_p08
328.067288471,359.061871991,30.994583520,Other,random,CHN_1O2,30.994581000,RC2_0046_ICR-3_p08
318.074860859,349.069444379,30.994583520,Other,random,CHN_1O2,30.994581000,RC2_0046_ICR-3_p08
308.199609751,339.194194270,30.994584520,Other,random,CHN_1O2,30.994581000,RC2_0046_ICR-3_p08
392.025809157,423.020394676,30.994585520,Other,random,CHN_1O2,30.994581000,RC2_0046_ICR-3_p08
332.090535404,363.085120924,30.994585520,Other,random,CHN_1O2,30.994581000,RC2_0046_ICR-3_p08
490.098952127,521.093539646,30.994587520,Other,random,CHN_1O2,30.994581000,RC2_0046_ICR-3_p08
270.134653224,301.129241743,30.994588520,Other,random,CHN_1O2,30.994581000,RC2_0046_ICR-3_p08
364.225774086,395.220362605,30.994588520,Other,random,CHN_1O2,30.994581000,RC2_0046_ICR-3_p08
261.040534801,292.046339274,31.005804472,Other,random,H1N1O1,31.005814000,RC2_0046_ICR-3_p08
301.071736987,332.077541460,31.005804472,Other,random,H1N1O1,31.005814000,RC2_0046_ICR-3_p08
363.157831616,394.163636088,31.005804472,Other,random,H1N1O1,31.005814000,RC2_0046_ICR-3_p08
327.063959727,358.069765200,31.005805472,Other,random,H1N1O1,31.005814000,RC2_0046_ICR-3_p08
345.025123535,376.030929008,31.005805472,Other,random,H1N1O1,31.005814000,RC2_0046_ICR-3_p08
419.183962951,450.189769423,31.005806472,Other,random,H1N1O1,31.005814000,RC2_0046_ICR-3_p08
599.271250013,630.277056485,31.005806472,Other,random,H1N1O1,31.005814000,RC2_0046_ICR-3_p08
409.163286459,440.169092931,31.005806472,Other,random,H1N1O1,31.005814000,RC2_0046_ICR-3_p08
459.093144654,490.098952127,31.005807472,Other,random,H1N1O1,31.005814000,RC2_0046_ICR-3_p08
303.050960591,334.056770064,31.005809472,Other,random,H1N1O1,31.005814000,RC2_0046_ICR-3_p08
331.082208682,362.088018154,31.005809472,Other,random,H1N1O1,31.005814000,RC2_0046_ICR-3_p08
243.123862805,274.129673277,31.005810472,Other,random,H1N1O1,31.005814000,RC2_0046_ICR-3_p08
317.079713081,348.085523553,31.005810472,Other,random,H1N1O1,31.005814000,RC2_0046_ICR-3_p08
417.059170964,448.064981436,31.005810472,Other,random,H1N1O1,31.005814000,RC2_0046_ICR-3_p08
477.189608888,508.195420361,31.005811472,Other,random,H1N1O1,31.005814000,RC2_0046_ICR-3_p08
375.144839766,406.150651239,31.005811472,Other,random,H1N1O1,31.005814000,RC2_0046_ICR-3_p08
437.194494549,468.200306021,31.005811472,Other,random,H1N1O1,31.005814000,RC2_0046_ICR-3_p08
511.087857091,542.093670563,31.005813472,Other,random,H1N1O1,31.005814000,RC2_0046_ICR-3_p08
269.066630754,300.072444226,31.005813472,Other,random,H1N1O1,31.005814000,RC2_0046_ICR-3_p08
296.077520173,327.083333645,31.005813472,Other,random,H1N1O1,31.005814000,RC2_0046_ICR-3_p08
417.046213019,448.052028491,31.005815472,Other,random,H1N1O1,31.005814000,RC2_0046_ICR-3_p08
239.056148060,270.061965532,31.005817472,Other,random,H1N1O1,31.005814000,RC2_0046_ICR-3_p08
302.066984766,333.072802238,31.005817472,Other,random,H1N1O1,31.005814000,RC2_0046_ICR-3_p08
471.093033750,502.098851222,31.005817472,Other,random,H1N1O1,31.005814000,RC2_0046_ICR-3_p08
475.124479649,506.130297121,31.005817472,Other,random,H1N1O1,31.005814000,RC2_0046_ICR-3_p08
247.061230102,278.067049574,31.005819472,Other,random,H1N1O1,31.005814000,RC2_0046_ICR-3_p08
369.074455517,400.080275989,31.005820472,Other,random,H1N1O1,31.005814000,RC2_0046_ICR-3_p08
413.087686811,444.093507283,31.005820472,Other,random,H1N1O1,31.005814000,RC2_0046_ICR-3_p08
345.110818172,376.116639644,31.005821472,Other,random,H1N1O1,31.005814000,RC2_0046_ICR-3_p08
349.105758225,380.111579697,31.005821472,Other,random,H1N1O1,31.005814000,RC2_0046_ICR-3_p08
307.082219491,338.088041963,31.005822472,Other,random,H1N1O1,31.005814000,RC2_0046_ICR-3_p08
283.045890454,314.051712926,31.005822472,Other,random,H1N1O1,31.005814000,RC2_0046_ICR-3_p08
251.092527001,282.098350473,31.005823472,Other,random,H1N1O1,31.005814000,RC2_0046_ICR-3_p08
457.077532205,488.083355677,31.005823472,Other,random,H1N1O1,31.005814000,RC2_0046_ICR-3_p08
363.121444770,394.163636088,31.042191318,Other,random,C1H5N1,31.042200000,RC2_0046_ICR-3_p08
303.087286437,334.129479755,31.042193318,Other,random,C1H5N1,31.042200000,RC2_0046_ICR-3_p08
329.043287331,360.085480649,31.042193318,Other,random,C1H5N1,31.042200000,RC2_0046_ICR-3_p08
239.019772214,270.061965532,31.042193318,Other,random,C1H5N1,31.042200000,RC2_0046_ICR-3_p08
491.119404798,522.161599116,31.042194318,Other,random,C1H5N1,31.042200000,RC2_0046_ICR-3_p08
319.009424895,350.051620213,31.042195318,Other,random,C1H5N1,31.042200000,RC2_0046_ICR-3_p08
309.097848940,340.140044258,31.042195318,Other,random,C1H5N1,31.042200000,RC2_0046_ICR-3_p08
481.025727615,512.067923933,31.042196318,Other,random,C1H5N1,31.042200000,RC2_0046_ICR-3_p08
347.004343139,378.046540457,31.042197318,Other,random,C1H5N1,31.042200000,RC2_0046_ICR-3_p08
399.035559421,430.077757739,31.042198318,Other,random,C1H5N1,31.042200000,RC2_0046_ICR-3_p08
305.030204195,336.072402513,31.042198318,Other,random,C1H5N1,31.042200000,RC2_0046_ICR-3_p08
323.113488485,354.155689803,31.042201318,Other,random,C1H5N1,31.042200000,RC2_0046_ICR-3_p08
375.194119557,406.236321875,31.042202318,Other,random,C1H5N1,31.042200000,RC2_0046_ICR-3_p08
285.025250057,316.067453375,31.042203318,Other,random,C1H5N1,31.042200000,RC2_0046_ICR-3_p08
501.067371598,532.109575916,31.042204318,Other,random,C1H5N1,31.042200000,RC2_0046_ICR-3_p08
301.035337142,332.077541460,31.042204318,Other,random,C1H5N1,31.042200000,RC2_0046_ICR-3_p08
315.014563841,346.056768159,31.042204318,Other,random,C1H5N1,31.042200000,RC2_0046_ICR-3_p08
245.066709563,276.108913881,31.042204318,Other,random,C1H5N1,31.042200000,RC2_0046_ICR-3_p08
417.046213019,448.088417337,31.042204318,Other,random,C1H5N1,31.042200000,RC2_0046_ICR-3_p08
231.029927108,262.072133425,31.042206318,Other,random,C1H5N1,31.042200000,RC2_0046_ICR-3_p08
235.024861161,266.067068479,31.042207318,Other,random,C1H5N1,31.042200000,RC2_0046_ICR-3_p08
335.126495526,366.168702844,31.042207318,Other,random,C1H5N1,31.042200000,RC2_0046_ICR-3_p08
325.129161935,356.171370253,31.042208318,Other,random,C1H5N1,31.042200000,RC2_0046_ICR-3_p08
507.163649737,538.205858055,31.042208318,Other,random,C1H5N1,31.042200000,RC2_0046_ICR-3_p08
449.121826953,480.164035271,31.042208318,Other,random,C1H5N1,31.042200000,RC2_0046_ICR-3_p08
345.038112480,376.080321798,31.042209318,Other,random,C1H5N1,31.042200000,RC2_0046_ICR-3_p08
296.041124327,327.083333645,31.042209318,Other,random,C1H5N1,31.042200000,RC2_0046_ICR-3_p08
343.212510225,375.157902711,31.945392486,Other,random,H_3Cl1,31.945400000,RC2_0046_ICR-3_p08
371.280189160,403.225581647,31.945392486,Other,random,H_3Cl1,31.945400000,RC2_0046_ICR-3_p08
459.187048256,491.132440742,31.945392486,Other,random,H_3Cl1,31.945400000,RC2_0046_ICR-3_p08
565.265383268,597.210775754,31.945392486,Other,random,H_3Cl1,31.945400000,RC2_0046_ICR-3_p08
409.186496360,441.131889847,31.945393486,Other,random,H_3Cl1,31.945400000,RC2_0046_ICR-3_p08
421.223077301,453.168471787,31.945394486,Other,random,H_3Cl1,31.945400000,RC2_0046_ICR-3_p08
339.108406634,371.053802121,31.945395486,Other,random,H_3Cl1,31.945400000,RC2_0046_ICR-3_p08
475.124479649,507.069875135,31.945395486,Other,random,H_3Cl1,31.945400000,RC2_0046_ICR-3_p08
613.286482560,645.231878047,31.945395486,Other,random,H_3Cl1,31.945400000,RC2_0046_ICR-3_p08
443.301224644,475.246620131,31.945395486,Other,random,H_3Cl1,31.945400000,RC2_0046_ICR-3_p08
397.150171419,429.095567905,31.945396486,Other,random,H_3Cl1,31.945400000,RC2_0046_ICR-3_p08
383.207419565,415.152816051,31.945396486,Other,random,H_3Cl1,31.945400000,RC2_0046_ICR-3_p08
423.202264905,455.147662391,31.945397486,Other,random,H_3Cl1,31.945400000,RC2_0046_ICR-3_p08
405.155339461,437.100736947,31.945397486,Other,random,H_3Cl1,31.945400000,RC2_0046_ICR-3_p08
537.234052178,569.179450664,31.945398486,Other,random,H_3Cl1,31.945400000,RC2_0046_ICR-3_p08
427.160767113,459.106166599,31.945399486,Other,random,H_3Cl1,31.945400000,RC2_0046_ICR-3_p08
469.207620748,501.153021235,31.945400486,Other,random,H_3Cl1,31.945400000,RC2_0046_ICR-3_p08
467.192161298,499.137561784,31.945400486,Other,random,H_3Cl1,31.945400000,RC2_0046_ICR-3_p08
561.234137368,593.179537855,31.945400486,Other,random,H_3Cl1,31.945400000,RC2_0046_ICR-3_p08
571.275889771,603.221291257,31.945401486,Other,random,H_3Cl1,31.945400000,RC2_0046_ICR-3_p08
607.276007057,639.221408543,31.945401486,Other,random,H_3Cl1,31.945400000,RC2_0046_ICR-3_p08
309.097848940,341.043253427,31.945404486,Other,random,H_3Cl1,31.945400000,RC2_0046_ICR-3_p08
513.270442832,545.215848318,31.945405486,Other,random,H_3Cl1,31.945400000,RC2_0046_ICR-3_p08
321.134232882,353.079638368,31.945405486,Other,random,H_3Cl1,31.945400000,RC2_0046_ICR-3_p08
459.114232565,491.059639051,31.945406486,Other,random,H_3Cl1,31.945400000,RC2_0046_ICR-3_p08
423.129399214,455.074806700,31.945407486,Other,random,H_3Cl1,31.945400000,RC2_0046_ICR-3_p08
531.260049520,563.205457006,31.945407486,Other,random,H_3Cl1,31.945400000,RC2_0046_ICR-3_p08
563.249751818,595.195159304,31.945407486,Other,random,H_3Cl1,31.945400000,RC2_0046_ICR-3_p08
333.191728733,365.137137219,31.945408486,Other,random,H_3Cl1,31.945400000,RC2_0046_ICR-3_p08
369.155289174,401.100698661,31.945409486,Other,random,H_3Cl1,31.945400000,RC2_0046_ICR-3_p08
377.160291217,409.105700703,31.945409486,Other,random,H_3Cl1,31.945400000,RC2_0046_ICR-3_p08
715.260492982,747.214801431,31.954308449,Other,random,O_2S2,31.954314000,RC2_0046_ICR-3_p08
599.103940723,631.058253172,31.954312449,Other,random,O_2S2,31.954314000,RC2_0046_ICR-3_p08
701.172293745,733.126614194,31.954320449,Other,random,O_2S2,31.954314000,RC2_0046_ICR-3_p08
237.076947456,269.049009829,31.972062373,Other,random,S1,31.972072000,RC2_0046_ICR-3_p08
543.181580948,575.153643321,31.972062373,Other,random,S1,31.972072000,RC2_0046_ICR-3_p08
313.165520685,345.137585058,31.972064373,Other,random,S1,31.972072000,RC2_0046_ICR-3_p08
347.107888700,379.079953073,31.972064373,Other,random,S1,31.972072000,RC2_0046_ICR-3_p08
397.150171419,429.122236792,31.972065373,Other,random,S1,31.972072000,RC2_0046_ICR-3_p08
407.238181625,439.210246998,31.972065373,Other,random,S1,31.972072000,RC2_0046_ICR-3_p08
385.159965282,417.132031655,31.972066373,Other,random,S1,31.972072000,RC2_0046_ICR-3_p08
373.159911187,405.131978560,31.972067373,Other,random,S1,31.972072000,RC2_0046_ICR-3_p08
441.113348925,473.085417299,31.972068373,Other,random,S1,31.972072000,RC2_0046_ICR-3_p08
307.155015182,339.127083555,31.972068373,Other,random,S1,31.972072000,RC2_0046_ICR-3_p08
383.098106028,415.070176402,31.972070373,Other,random,S1,31.972072000,RC2_0046_ICR-3_p08
369.128625287,401.100698661,31.972073373,Other,random,S1,31.972072000,RC2_0046_ICR-3_p08
373.087147495,405.059221868,31.972074373,Other,random,S1,31.972072000,RC2_0046_ICR-3_p08
405.113300639,437.085376012,31.972075373,Other,random,S1,31.972072000,RC2_0046_ICR-3_p08
285.097950749,317.070028122,31.972077373,Other,random,S1,31.972072000,RC2_0046_ICR-3_p08
399.139248981,431.111326354,31.972077373,Other,random,S1,31.972072000,RC2_0046_ICR-3_p08
385.113695478,417.085774851,31.972079373,Other,random,S1,31.972072000,RC2_0046_ICR-3_p08
225.076953360,257.049034733,31.972081373,Other,random,S1,31.972072000,RC2_0046_ICR-3_p08
523.109276095,555.099096393,31.989820298,Other,random,O2,31.989830000,RC2_0046_ICR-3_p08
255.160194746,287.150015044,31.989820298,Other,random,O2,31.989830000,RC2_0046_ICR-3_p08
305.139318733,337.129139030,31.989820298,Other,random,O2,31.989830000,RC2_0046_ICR-3_p08
353.030038578,385.019858876,31.989820298,Other,random,O2,31.989830000,RC2_0046_ICR-3_p08
371.077031022,403.066851320,31.989820298,Other,random,O2,31.989830000,RC2_0046_ICR-3_p08
443.201631067,475.191451365,31.989820298,Other,random,O2,31.989830000,RC2_0046_ICR-3_p08
283.045890454,315.035711752,31.989821298,Other,random,O2,31.989830000,RC2_0046_ICR-3_p08
587.177193317,619.167014615,31.989821298,Other,random,O2,31.989830000,RC2_0046_ICR-3_p08
401.118440585,433.108261883,31.989821298,Other,random,O2,31.989830000,RC2_0046_ICR-3_p08
407.134472065,439.124293363,31.989821298,Other,random,O2,31.989830000,RC2_0046_ICR-3_p08
503.082891048,535.072712346,31.989821298,Other,random,O2,31.989830000,RC2_0046_ICR-3_p08
503.155878739,535.145700036,31.989821298,Other,random,O2,31.989830000,RC2_0046_ICR-3_p08
569.288655201,601.278476499,31.989821298,Other,random,O2,31.989830000,RC2_0046_ICR-3_p08
477.212899790,509.202722088,31.989822298,Other,random,O2,31.989830000,RC2_0046_ICR-3_p08
313.201958531,345.191780828,31.989822298,Other,random,O2,31.989830000,RC2_0046_ICR-3_p08
259.100986029,291.090808327,31.989822298,Other,random,O2,31.989830000,RC2_0046_ICR-3_p08
301.056416052,333.046238350,31.989822298,Other,random,O2,31.989830000,RC2_0046_ICR-3_p08
419.098056315,451.087878613,31.989822298,Other,random,O2,31.989830000,RC2_0046_ICR-3_p08
443.147604296,475.137426594,31.989822298,Other,random,O2,31.989830000,RC2_0046_ICR-3_p08
535.182122882,567.171945180,31.989822298,Other,random,O2,31.989830000,RC2_0046_ICR-3_p08
271.045954358,303.035776656,31.989822298,Other,random,O2,31.989830000,RC2_0046_ICR-3_p08
371.061836087,403.051659385,31.989823298,Other,random,O2,31.989830000,RC2_0046_ICR-3_p08
383.053812216,415.043635514,31.989823298,Other,random,O2,31.989830000,RC2_0046_ICR-3_p08
523.210363667,555.200186965,31.989823298,Other,random,O2,31.989830000,RC2_0046_ICR-3_p08
413.181552413,445.171375711,31.989823298,Other,random,O2,31.989830000,RC2_0046_ICR-3_p08
243.123862805,275.113686102,31.989823298,Other,random,O2,31.989830000,RC2_0046_ICR-3_p08
377.282567698,409.272390996,31.989823298,Other,random,O2,31.989830000,RC2_0046_ICR-3_p08
413.160350503,445.150173801,31.989823298,Other,random,O2,31.989830000,RC2_0046_ICR-3_p08
536.213921505,568.203744803,31.989823298,Other,random,O2,31.989830000,RC2_0046_ICR-3_p08
317.066569137,349.056393435,31.989824298,Other,random,O2,31.989830000,RC2_0046_ICR-3_p08
353.209782816,385.199607114,31.989824298,Other,random,O2,31.989830000,RC2_0046_ICR-3_p08
359.080395912,391.070220210,31.989824298,Other,random,O2,31.989830000,RC2_0046_ICR-3_p08
399.075130253,431.064954551,31.989824298,Other,random,O2,31.989830000,RC2_0046_ICR-3_p08
467.082842762,499.072667060,31.989824298,Other,random,O2,31.989830000,RC2_0046_ICR-3_p08
227.056198964,259.046023262,31.989824298,Other,random,O2,31.989830000,RC2_0046_ICR-3_p08
413.136928602,445.126752900,31.989824298,Other,random,O2,31.989830000,RC2_0046_ICR-3_p08
351.108281730,383.098106028,31.989824298,Other,random,O2,31.989830000,RC2_0046_ICR-3_p08
543.127438178,575.117263475,31.989825298,Other,random,O2,31.989830000,RC2_0046_ICR-3_p08
673.141037655,705.130862953,31.989825298,Other,random,O2,31.989830000,RC2_0046_ICR-3_p08
308.113859114,340.103685412,31.989826298,Other,random,O2,31.989830000,RC2_0046_ICR-3_p08
311.105372424,343.095198722,31.989826298,Other,random,O2,31.989830000,RC2_0046_ICR-3_p08
357.061348477,389.051174775,31.989826298,Other,random,O2,31.989830000,RC2_0046_ICR-3_p08
427.124406267,459.114232565,31.989826298,Other,random,O2,31.989830000,RC2_0046_ICR-3_p08
357.101095309,389.090921607,31.989826298,Other,random,O2,31.989830000,RC2_0046_ICR-3_p08
365.160345121,397.150171419,31.989826298,Other,random,O2,31.989830000,RC2_0046_ICR-3_p08
415.106359248,447.096185546,31.989826298,Other,random,O2,31.989830000,RC2_0046_ICR-3_p08
450.067591941,482.057418239,31.989826298,Other,random,O2,31.989830000,RC2_0046_ICR-3_p08
517.098707592,549.088533890,31.989826298,Other,random,O2,31.989830000,RC2_0046_ICR-3_p08
619.276094152,651.265920450,31.989826298,Other,random,O2,31.989830000,RC2_0046_ICR-3_p08
451.152806338,483.142633635,31.989827298,Other,random,O2,31.989830000,RC2_0046_ICR-3_p08
447.142559349,479.132386647,31.989827298,Other,random,O2,31.989830000,RC2_0046_ICR-3_p08
539.067913398,571.057740696,31.989827298,Other,random,O2,31.989830000,RC2_0046_ICR-3_p08
319.204436068,351.194263366,31.989827298,Other,random,O2,31.989830000,RC2_0046_ICR-3_p08
237.040534610,269.030361908,31.989827298,Other,random,O2,31.989830000,RC2_0046_ICR-3_p08
509.239230933,541.229059231,31.989828298,Other,random,O2,31.989830000,RC2_0046_ICR-3_p08
553.257434206,585.247262504,31.989828298,Other,random,O2,31.989830000,RC2_0046_ICR-3_p08
238.072137234,270.061965532,31.989828298,Other,random,O2,31.989830000,RC2_0046_ICR-3_p08
289.165650494,321.155478791,31.989828298,Other,random,O2,31.989830000,RC2_0046_ICR-3_p08
373.056398626,405.046226924,31.989828298,Other,random,O2,31.989830000,RC2_0046_ICR-3_p08
413.154812527,445.144640824,31.989828298,Other,random,O2,31.989830000,RC2_0046_ICR-3_p08
467.220442178,499.210270476,31.989828298,Other,random,O2,31.989830000,RC2_0046_ICR-3_p08
597.182470874,629.172299172,31.989828298,Other,random,O2,31.989830000,RC2_0046_ICR-3_p08
416.062200193,448.052028491,31.989828298,Other,random,O2,31.989830000,RC2_0046_ICR-3_p08
239.128947751,271.118777049,31.989829298,Other,random,O2,31.989830000,RC2_0046_ICR-3_p08
323.040714794,355.030544092,31.989829298,Other,random,O2,31.989830000,RC2_0046_ICR-3_p08
345.074538326,377.064367624,31.989829298,Other,random,O2,31.989830000,RC2_0046_ICR-3_p08
409.077438823,441.067268121,31.989829298,Other,random,O2,31.989830000,RC2_0046_ICR-3_p08
445.150173801,477.140004099,31.989830298,Other,random,O2,31.989830000,RC2_0046_ICR-3_p08
475.233650186,507.223480484,31.989830298,Other,random,O2,31.989830000,RC2_0046_ICR-3_p08
535.109213191,567.099043489,31.989830298,Other,random,O2,31.989830000,RC2_0046_ICR-3_p08
349.056393435,381.046223732,31.989830298,Other,random,O2,31.989830000,RC2_0046_ICR-3_p08
443.183858142,475.173688440,31.989830298,Other,random,O2,31.989830000,RC2_0046_ICR-3_p08
463.124446553,495.114276851,31.989830298,Other,random,O2,31.989830000,RC2_0046_ICR-3_p08
469.126936091,501.116766389,31.989830298,Other,random,O2,31.989830000,RC2_0046_ICR-3_p08
559.195157018,591.184987316,31.989830298,Other,random,O2,31.989830000,RC2_0046_ICR-3_p08
353.173473970,385.163305268,31.989831298,Other,random,O2,31.989830000,RC2_0046_ICR-3_p08
247.061230102,279.051061400,31.989831298,Other,random,O2,31.989830000,RC2_0046_ICR-3_p08
443.098228505,475.088059803,31.989831298,Other,random,O2,31.989830000,RC2_0046_ICR-3_p08
473.230952681,505.220783979,31.989831298,Other,random,O2,31.989830000,RC2_0046_ICR-3_p08
381.074433613,413.064265911,31.989832298,Other,random,O2,31.989830000,RC2_0046_ICR-3_p08
393.155279365,425.145111663,31.989832298,Other,random,O2,31.989830000,RC2_0046_ICR-3_p08
319.045834741,351.035667038,31.989832298,Other,random,O2,31.989830000,RC2_0046_ICR-3_p08
327.072039693,359.061871991,31.989832298,Other,random,O2,31.989830000,RC2_0046_ICR-3_p08
385.178471203,417.168303501,31.989832298,Other,random,O2,31.989830000,RC2_0046_ICR-3_p08
393.241041002,425.230873299,31.989832298,Other,random,O2,31.989830000,RC2_0046_ICR-3_p08
455.264931894,487.254764192,31.989832298,Other,random,O2,31.989830000,RC2_0046_ICR-3_p08
464.168953123,496.158786420,31.989833298,Other,random,O2,31.989830000,RC2_0046_ICR-3_p08
499.051704149,531.041537446,31.989833298,Other,random,O2,31.989830000,RC2_0046_ICR-3_p08
399.056783331,431.046616629,31.989833298,Other,random,O2,31.989830000,RC2_0046_ICR-3_p08
529.207768225,561.197601523,31.989833298,Other,random,O2,31.989830000,RC2_0046_ICR-3_p08
547.182171977,579.172005275,31.989833298,Other,random,O2,31.989830000,RC2_0046_ICR-3_p08
343.076587801,375.066421099,31.989833298,Other,random,O2,31.989830000,RC2_0046_ICR-3_p08
233.154740094,265.144574392,31.989834298,Other,random,O2,31.989830000,RC2_0046_ICR-3_p08
405.204660251,437.194494549,31.989834298,Other,random,O2,31.989830000,RC2_0046_ICR-3_p08
389.087667620,421.077501918,31.989834298,Other,random,O2,31.989830000,RC2_0046_ICR-3_p08
271.024766448,303.014600746,31.989834298,Other,random,O2,31.989830000,RC2_0046_ICR-3_p08
278.103313420,310.093147718,31.989834298,Other,random,O2,31.989830000,RC2_0046_ICR-3_p08
363.108305826,395.098140124,31.989834298,Other,random,O2,31.989830000,RC2_0046_ICR-3_p08
421.163240555,453.153074852,31.989834298,Other,random,O2,31.989830000,RC2_0046_ICR-3_p08
495.178910577,527.168744875,31.989834298,Other,random,O2,31.989830000,RC2_0046_ICR-3_p08
585.124908023,617.114742321,31.989834298,Other,random,O2,31.989830000,RC2_0046_ICR-3_p08
611.234798263,643.224632561,31.989834298,Other,random,O2,31.989830000,RC2_0046_ICR-3_p08
250.035671484,282.025506782,31.989835298,Other,random,O2,31.989830000,RC2_0046_ICR-3_p08
327.253939921,359.243775219,31.989835298,Other,random,O2,31.989830000,RC2_0046_ICR-3_p08
331.045749836,363.035585134,31.989835298,Other,random,O2,31.989830000,RC2_0046_ICR-3_p08
387.102684041,419.092519339,31.989835298,Other,random,O2,31.989830000,RC2_0046_ICR-3_p08
387.108221017,419.098056315,31.989835298,Other,random,O2,31.989830000,RC2_0046_ICR-3_p08
393.277553847,425.267389145,31.989835298,Other,random,O2,31.989830000,RC2_0046_ICR-3_p08
645.182876254,677.172711552,31.989835298,Other,random,O2,31.989830000,RC2_0046_ICR-3_p08
318.025419069,350.015254367,31.989835298,Other,random,O2,31.989830000,RC2_0046_ICR-3_p08
347.162921467,379.152756765,31.989835298,Other,random,O2,31.989830000,RC2_0046_ICR-3_p08
237.113281302,269.103117600,31.989836298,Other,random,O2,31.989830000,RC2_0046_ICR-3_p08
373.087147495,405.076983793,31.989836298,Other,random,O2,31.989830000,RC2_0046_ICR-3_p08
443.264883798,475.254720096,31.989836298,Other,random,O2,31.989830000,RC2_0046_ICR-3_p08
455.129027470,487.118863768,31.989836298,Other,random,O2,31.989830000,RC2_0046_ICR-3_p08
371.149870713,403.139707011,31.989836298,Other,random,O2,31.989830000,RC2_0046_ICR-3_p08
459.106166599,491.096002897,31.989836298,Other,random,O2,31.989830000,RC2_0046_ICR-3_p08
375.102817945,407.092654243,31.989836298,Other,random,O2,31.989830000,RC2_0046_ICR-3_p08
551.176987031,583.166824329,31.989837298,Other,random,O2,31.989830000,RC2_0046_ICR-3_p08
563.067864590,595.057701887,31.989837298,Other,random,O2,31.989830000,RC2_0046_ICR-3_p08
583.072772728,615.062610026,31.989837298,Other,random,O2,31.989830000,RC2_0046_ICR-3_p08
303.160082129,335.149919426,31.989837298,Other,random,O2,31.989830000,RC2_0046_ICR-3_p08
336.072402513,368.062239811,31.989837298,Other,random,O2,31.989830000,RC2_0046_ICR-3_p08
343.103348688,375.093185986,31.989837298,Other,random,O2,31.989830000,RC2_0046_ICR-3_p08
383.090040063,415.079877360,31.989837298,Other,random,O2,31.989830000,RC2_0046_ICR-3_p08
419.147624105,451.137461403,31.989837298,Other,random,O2,31.989830000,RC2_0046_ICR-3_p08
453.249176445,485.239013743,31.989837298,Other,random,O2,31.989830000,RC2_0046_ICR-3_p08
491.205095434,523.194932732,31.989837298,Other,random,O2,31.989830000,RC2_0046_ICR-3_p08
497.139667260,529.129504557,31.989837298,Other,random,O2,31.989830000,RC2_0046_ICR-3_p08
515.155850834,547.145688132,31.989837298,Other,random,O2,31.989830000,RC2_0046_ICR-3_p08
457.113785051,489.103623349,31.989838298,Other,random,O2,31.989830000,RC2_0046_ICR-3_p08
425.254227200,457.244065498,31.989838298,Other,random,O2,31.989830000,RC2_0046_ICR-3_p08
467.119256607,499.109094905,31.989838298,Other,random,O2,31.989830000,RC2_0046_ICR-3_p08
527.241607566,559.231446864,31.989839298,Other,random,O2,31.989830000,RC2_0046_ICR-3_p08
649.104993617,681.094832914,31.989839298,Other,random,O2,31.989830000,RC2_0046_ICR-3_p08
337.123528054,369.113367352,31.989839298,Other,random,O2,31.989830000,RC2_0046_ICR-3_p08
357.110821267,389.100660565,31.989839298,Other,random,O2,31.989830000,RC2_0046_ICR-3_p08
385.159965282,417.149804580,31.989839298,Other,random,O2,31.989830000,RC2_0046_ICR-3_p08
559.231446864,591.221286162,31.989839298,Other,random,O2,31.989830000,RC2_0046_ICR-3_p08
309.061506094,341.069955313,32.008449219,Other,random,C1H4O_1S1,32.008457000,RC2_0046_ICR-3_p08
405.186045330,437.194494549,32.008449219,Other,random,C1H4O_1S1,32.008457000,RC2_0046_ICR-3_p08
455.129027470,487.137476689,32.008449219,Other,random,C1H4O_1S1,32.008457000,RC2_0046_ICR-3_p08
377.154835240,409.163286459,32.008451219,Other,random,C1H4O_1S1,32.008457000,RC2_0046_ICR-3_p08
409.077438823,441.085890042,32.008451219,Other,random,C1H4O_1S1,32.008457000,RC2_0046_ICR-3_p08
421.144623633,453.153074852,32.008451219,Other,random,C1H4O_1S1,32.008457000,RC2_0046_ICR-3_p08
357.046081542,389.054532761,32.008451219,Other,random,C1H4O_1S1,32.008457000,RC2_0046_ICR-3_p08
429.113317830,461.121770049,32.008452219,Other,random,C1H4O_1S1,32.008457000,RC2_0046_ICR-3_p08
447.196677120,479.205129339,32.008452219,Other,random,C1H4O_1S1,32.008457000,RC2_0046_ICR-3_p08
459.051185832,491.059639051,32.008453219,Other,random,C1H4O_1S1,32.008457000,RC2_0046_ICR-3_p08
321.134232882,353.142686100,32.008453219,Other,random,C1H4O_1S1,32.008457000,RC2_0046_ICR-3_p08
437.175803629,469.184258847,32.008455219,Other,random,C1H4O_1S1,32.008457000,RC2_0046_ICR-3_p08
455.165356316,487.173811535,32.008455219,Other,random,C1H4O_1S1,32.008457000,RC2_0046_ICR-3_p08
361.087071400,393.095526619,32.008455219,Other,random,C1H4O_1S1,32.008457000,RC2_0046_ICR-3_p08
311.040790698,343.049246917,32.008456219,Other,random,C1H4O_1S1,32.008457000,RC2_0046_ICR-3_p08
387.175505732,419.183962951,32.008457219,Other,random,C1H4O_1S1,32.008457000,RC2_0046_ICR-3_p08
339.139191504,371.147649723,32.008458219,Other,random,C1H4O_1S1,32.008457000,RC2_0046_ICR-3_p08
407.238181625,439.246640844,32.008459219,Other,random,C1H4O_1S1,32.008457000,RC2_0046_ICR-3_p08
419.129002184,451.137461403,32.008459219,Other,random,C1H4O_1S1,32.008457000,RC2_0046_ICR-3_p08
347.071492855,379.079953073,32.008460219,Other,random,C1H4O_1S1,32.008457000,RC2_0046_ICR-3_p08
463.118840577,495.127300796,32.008460219,Other,random,C1H4O_1S1,32.008457000,RC2_0046_ICR-3_p08
259.082346108,291.090808327,32.008462219,Other,random,C1H4O_1S1,32.008457000,RC2_0046_ICR-3_p08
227.019762119,259.028227338,32.008465219,Other,random,C1H4O_1S1,32.008457000,RC2_0046_ICR-3_p08
377.160291217,409.186496360,32.026205144,Other,random,C1H4O1,32.026215000,RC2_0046_ICR-3_p08
336.036034667,368.062239811,32.026205144,Other,random,C1H4O1,32.026215000,RC2_0046_ICR-3_p08
475.088059803,507.114264947,32.026205144,Other,random,C1H4O1,32.026215000,RC2_0046_ICR-3_p08
535.182122882,567.208328026,32.026205144,Other,random,C1H4O1,32.026215000,RC2_0046_ICR-3_p08
577.119887980,609.146093124,32.026205144,Other,random,C1H4O1,32.026215000,RC2_0046_ICR-3_p08
543.127438178,575.153643321,32.026205144,Other,random,C1H4O1,32.026215000,RC2_0046_ICR-3_p08
445.071896133,477.098102277,32.026206144,Other,random,C1H4O1,32.026215000,RC2_0046_ICR-3_p08
282.025506782,314.051712926,32.026206144,Other,random,C1H4O1,32.026215000,RC2_0046_ICR-3_p08
437.158052704,469.184258847,32.026206144,Other,random,C1H4O1,32.026215000,RC2_0046_ICR-3_p08
440.091278261,472.117484405,32.026206144,Other,random,C1H4O1,32.026215000,RC2_0046_ICR-3_p08
458.072744983,490.098952127,32.026207144,Other,random,C1H4O1,32.026215000,RC2_0046_ICR-3_p08
465.153050948,497.179258092,32.026207144,Other,random,C1H4O1,32.026215000,RC2_0046_ICR-3_p08
599.176978413,631.203185557,32.026207144,Other,random,C1H4O1,32.026215000,RC2_0046_ICR-3_p08
309.147307731,341.173514874,32.026207144,Other,random,C1H4O1,32.026215000,RC2_0046_ICR-3_p08
315.100302478,347.126509621,32.026207144,Other,random,C1H4O1,32.026215000,RC2_0046_ICR-3_p08
317.139288828,349.165495972,32.026207144,Other,random,C1H4O1,32.026215000,RC2_0046_ICR-3_p08
353.051312488,385.077519632,32.026207144,Other,random,C1H4O1,32.026215000,RC2_0046_ICR-3_p08
481.135014152,513.161221295,32.026207144,Other,random,C1H4O1,32.026215000,RC2_0046_ICR-3_p08
269.066630754,301.092838898,32.026208144,Other,random,C1H4O1,32.026215000,RC2_0046_ICR-3_p08
311.186302081,343.212510225,32.026208144,Other,random,C1H4O1,32.026215000,RC2_0046_ICR-3_p08
359.077025927,391.103234070,32.026208144,Other,random,C1H4O1,32.026215000,RC2_0046_ICR-3_p08
362.088018154,394.114226298,32.026208144,Other,random,C1H4O1,32.026215000,RC2_0046_ICR-3_p08
409.113701669,441.139909813,32.026208144,Other,random,C1H4O1,32.026215000,RC2_0046_ICR-3_p08
449.145106854,481.171314998,32.026208144,Other,random,C1H4O1,32.026215000,RC2_0046_ICR-3_p08
403.152739956,435.178948099,32.026208144,Other,random,C1H4O1,32.026215000,RC2_0046_ICR-3_p08
417.076967889,449.103177032,32.026209144,Other,random,C1H4O1,32.026215000,RC2_0046_ICR-3_p08
467.155762452,499.181971596,32.026209144,Other,random,C1H4O1,32.026215000,RC2_0046_ICR-3_p08
473.049133453,505.075342596,32.026209144,Other,random,C1H4O1,32.026215000,RC2_0046_ICR-3_p08
533.057301896,565.083511039,32.026209144,Other,random,C1H4O1,32.026215000,RC2_0046_ICR-3_p08
733.235700731,765.261909874,32.026209144,Other,random,C1H4O1,32.026215000,RC2_0046_ICR-3_p08
410.036595754,442.062804898,32.026209144,Other,random,C1H4O1,32.026215000,RC2_0046_ICR-3_p08
435.178948099,467.205157243,32.026209144,Other,random,C1H4O1,32.026215000,RC2_0046_ICR-3_p08
453.168471787,485.194680931,32.026209144,Other,random,C1H4O1,32.026215000,RC2_0046_ICR-3_p08
461.194548740,493.220757884,32.026209144,Other,random,C1H4O1,32.026215000,RC2_0046_ICR-3_p08
647.161896859,679.188106003,32.026209144,Other,random,C1H4O1,32.026215000,RC2_0046_ICR-3_p08
249.113295397,281.139504541,32.026209144,Other,random,C1H4O1,32.026215000,RC2_0046_ICR-3_p08
391.225456552,423.251666695,32.026210144,Other,random,C1H4O1,32.026215000,RC2_0046_ICR-3_p08
459.142468445,491.168678589,32.026210144,Other,random,C1H4O1,32.026215000,RC2_0046_ICR-3_p08
461.181466796,493.207676939,32.026210144,Other,random,C1H4O1,32.026215000,RC2_0046_ICR-3_p08
601.119982171,633.146192314,32.026210144,Other,random,C1H4O1,32.026215000,RC2_0046_ICR-3_p08
627.099809963,659.126020107,32.026210144,Other,random,C1H4O1,32.026215000,RC2_0046_ICR-3_p08
318.061766915,350.087977059,32.026210144,Other,random,C1H4O1,32.026215000,RC2_0046_ICR-3_p08
334.056770064,366.082980207,32.026210144,Other,random,C1H4O1,32.026215000,RC2_0046_ICR-3_p08
387.139235886,419.165446029,32.026210144,Other,random,C1H4O1,32.026215000,RC2_0046_ICR-3_p08
444.093507283,476.119717427,32.026210144,Other,random,C1H4O1,32.026215000,RC2_0046_ICR-3_p08
459.160242370,491.186452513,32.026210144,Other,random,C1H4O1,32.026215000,RC2_0046_ICR-3_p08
497.122003334,529.148213478,32.026210144,Other,random,C1H4O1,32.026215000,RC2_0046_ICR-3_p08
569.166461719,601.192671863,32.026210144,Other,random,C1H4O1,32.026215000,RC2_0046_ICR-3_p08
289.121132682,321.147343826,32.026211144,Other,random,C1H4O1,32.026215000,RC2_0046_ICR-3_p08
447.165863250,479.192074394,32.026211144,Other,random,C1H4O1,32.026215000,RC2_0046_ICR-3_p08
345.097853227,377.124064370,32.026211144,Other,random,C1H4O1,32.026215000,RC2_0046_ICR-3_p08
419.092519339,451.118730482,32.026211144,Other,random,C1H4O1,32.026215000,RC2_0046_ICR-3_p08
453.176467753,485.202678897,32.026211144,Other,random,C1H4O1,32.026215000,RC2_0046_ICR-3_p08
477.067382407,509.093593551,32.026211144,Other,random,C1H4O1,32.026215000,RC2_0046_ICR-3_p08
543.272880561,575.299091704,32.026211144,Other,random,C1H4O1,32.026215000,RC2_0046_ICR-3_p08
268.082669928,300.108881072,32.026211144,Other,random,C1H4O1,32.026215000,RC2_0046_ICR-3_p08
264.998979009,297.025191153,32.026212144,Other,random,C1H4O1,32.026215000,RC2_0046_ICR-3_p08
317.102938982,349.129151126,32.026212144,Other,random,C1H4O1,32.026215000,RC2_0046_ICR-3_p08
335.126495526,367.152707669,32.026212144,Other,random,C1H4O1,32.026215000,RC2_0046_ICR-3_p08
363.175521541,395.201733684,32.026212144,Other,random,C1H4O1,32.026215000,RC2_0046_ICR-3_p08
361.129067222,393.155279365,32.026212144,Other,random,C1H4O1,32.026215000,RC2_0046_ICR-3_p08
399.035559421,431.061771565,32.026212144,Other,random,C1H4O1,32.026215000,RC2_0046_ICR-3_p08
284.041241231,316.067453375,32.026212144,Other,random,C1H4O1,32.026215000,RC2_0046_ICR-3_p08
263.092509097,295.118722240,32.026213144,Other,random,C1H4O1,32.026215000,RC2_0046_ICR-3_p08
273.134353499,305.160566642,32.026213144,Other,random,C1H4O1,32.026215000,RC2_0046_ICR-3_p08
283.009498608,315.035711752,32.026213144,Other,random,C1H4O1,32.026215000,RC2_0046_ICR-3_p08
295.009489704,327.035702847,32.026213144,Other,random,C1H4O1,32.026215000,RC2_0046_ICR-3_p08
335.149919426,367.176132570,32.026213144,Other,random,C1H4O1,32.026215000,RC2_0046_ICR-3_p08
367.030570187,399.056783331,32.026213144,Other,random,C1H4O1,32.026215000,RC2_0046_ICR-3_p08
371.199368503,403.225581647,32.026213144,Other,random,C1H4O1,32.026215000,RC2_0046_ICR-3_p08
395.134553969,427.160767113,32.026213144,Other,random,C1H4O1,32.026215000,RC2_0046_ICR-3_p08
463.233418091,495.259631235,32.026213144,Other,random,C1H4O1,32.026215000,RC2_0046_ICR-3_p08
221.045627461,253.071840605,32.026213144,Other,random,C1H4O1,32.026215000,RC2_0046_ICR-3_p08
313.048325182,345.074538326,32.026213144,Other,random,C1H4O1,32.026215000,RC2_0046_ICR-3_p08
313.056432148,345.082645291,32.026213144,Other,random,C1H4O1,32.026215000,RC2_0046_ICR-3_p08
395.171020815,427.197233958,32.026213144,Other,random,C1H4O1,32.026215000,RC2_0046_ICR-3_p08
532.072877071,564.099091215,32.026214144,Other,random,C1H4O1,32.026215000,RC2_0046_ICR-3_p08
559.145736227,591.171950371,32.026214144,Other,random,C1H4O1,32.026215000,RC2_0046_ICR-3_p08
345.170591918,377.196806062,32.026214144,Other,random,C1H4O1,32.026215000,RC2_0046_ICR-3_p08
365.087635429,397.113849573,32.026214144,Other,random,C1H4O1,32.026215000,RC2_0046_ICR-3_p08
417.113388734,449.139602878,32.026214144,Other,random,C1H4O1,32.026215000,RC2_0046_ICR-3_p08
433.163258650,465.189472794,32.026214144,Other,random,C1H4O1,32.026215000,RC2_0046_ICR-3_p08
579.062585739,611.088799883,32.026214144,Other,random,C1H4O1,32.026215000,RC2_0046_ICR-3_p08
303.014600746,335.040815889,32.026215144,Other,random,C1H4O1,32.026215000,RC2_0046_ICR-3_p08
421.236038246,453.262253389,32.026215144,Other,random,C1H4O1,32.026215000,RC2_0046_ICR-3_p08
357.134214168,389.160429312,32.026215144,Other,random,C1H4O1,32.026215000,RC2_0046_ICR-3_p08
361.142055167,393.168270310,32.026215144,Other,random,C1H4O1,32.026215000,RC2_0046_ICR-3_p08
371.090066967,403.116282110,32.026215144,Other,random,C1H4O1,32.026215000,RC2_0046_ICR-3_p08
405.118864615,437.145079759,32.026215144,Other,random,C1H4O1,32.026215000,RC2_0046_ICR-3_p08
421.126859709,453.153074852,32.026215144,Other,random,C1H4O1,32.026215000,RC2_0046_ICR-3_p08
485.158281085,517.184496229,32.026215144,Other,random,C1H4O1,32.026215000,RC2_0046_ICR-3_p08
495.223395388,527.249610532,32.026215144,Other,random,C1H4O1,32.026215000,RC2_0046_ICR-3_p08
489.298800521,521.325016664,32.026216144,Other,random,C1H4O1,32.026215000,RC2_0046_ICR-3_p08
415.079877360,447.106093504,32.026216144,Other,random,C1H4O1,32.026215000,RC2_0046_ICR-3_p08
315.063982632,347.090198775,32.026216144,Other,random,C1H4O1,32.026215000,RC2_0046_ICR-3_p08
235.024861161,267.051077304,32.026216144,Other,random,C1H4O1,32.026215000,RC2_0046_ICR-3_p08
349.214908762,381.241124906,32.026216144,Other,random,C1H4O1,32.026215000,RC2_0046_ICR-3_p08
403.261886493,435.288102636,32.026216144,Other,random,C1H4O1,32.026215000,RC2_0046_ICR-3_p08
439.173721153,471.199937297,32.026216144,Other,random,C1H4O1,32.026215000,RC2_0046_ICR-3_p08
559.158771172,591.184987316,32.026216144,Other,random,C1H4O1,32.026215000,RC2_0046_ICR-3_p08
309.134218786,341.160435930,32.026217144,Other,random,C1H4O1,32.026215000,RC2_0046_ICR-3_p08
465.176385849,497.202602993,32.026217144,Other,random,C1H4O1,32.026215000,RC2_0046_ICR-3_p08
251.092527001,283.118744145,32.026217144,Other,random,C1H4O1,32.026215000,RC2_0046_ICR-3_p08
416.062200193,448.088417337,32.026217144,Other,random,C1H4O1,32.026215000,RC2_0046_ICR-3_p08
455.025378910,487.051596054,32.026217144,Other,random,C1H4O1,32.026215000,RC2_0046_ICR-3_p08
344.077510555,376.103728699,32.026218144,Other,random,C1H4O1,32.026215000,RC2_0046_ICR-3_p08
391.061341248,423.087559391,32.026218144,Other,random,C1H4O1,32.026215000,RC2_0046_ICR-3_p08
491.119404798,523.145622941,32.026218144,Other,random,C1H4O1,32.026215000,RC2_0046_ICR-3_p08
529.171383380,561.197601523,32.026218144,Other,random,C1H4O1,32.026215000,RC2_0046_ICR-3_p08
294.098257569,326.124475713,32.026218144,Other,random,C1H4O1,32.026215000,RC2_0046_ICR-3_p08
369.046234637,401.072452780,32.026218144,Other,random,C1H4O1,32.026215000,RC2_0046_ICR-3_p08
513.103828539,545.130046682,32.026218144,Other,random,C1H4O1,32.026215000,RC2_0046_ICR-3_p08
389.087667620,421.113886764,32.026219144,Other,random,C1H4O1,32.026215000,RC2_0046_ICR-3_p08
491.059639051,523.085859195,32.026220144,Other,random,C1H4O1,32.026215000,RC2_0046_ICR-3_p08
303.123699283,335.149919426,32.026220144,Other,random,C1H4O1,32.026215000,RC2_0046_ICR-3_p08
375.230654402,407.256874546,32.026220144,Other,random,C1H4O1,32.026215000,RC2_0046_ICR-3_p08
383.170807720,415.197027863,32.026220144,Other,random,C1H4O1,32.026215000,RC2_0046_ICR-3_p08
461.231076585,493.257296729,32.026220144,Other,random,C1H4O1,32.026215000,RC2_0046_ICR-3_p08
371.040630177,403.066851320,32.026221144,Other,random,C1H4O1,32.026215000,RC2_0046_ICR-3_p08
387.194157653,419.220378796,32.026221144,Other,random,C1H4O1,32.026215000,RC2_0046_ICR-3_p08
545.202814374,577.229035517,32.026221144,Other,random,C1H4O1,32.026215000,RC2_0046_ICR-3_p08
421.163240555,453.189461698,32.026221144,Other,random,C1H4O1,32.026215000,RC2_0046_ICR-3_p08
513.116938483,545.143159627,32.026221144,Other,random,C1H4O1,32.026215000,RC2_0046_ICR-3_p08
497.158335180,529.184556324,32.026221144,Other,random,C1H4O1,32.026215000,RC2_0046_ICR-3_p08
435.093034464,467.119256607,32.026222144,Other,random,C1H4O1,32.026215000,RC2_0046_ICR-3_p08
347.107888700,379.134110844,32.026222144,Other,random,C1H4O1,32.026215000,RC2_0046_ICR-3_p08
365.014899738,397.041121882,32.026222144,Other,random,C1H4O1,32.026215000,RC2_0046_ICR-3_p08
397.041121882,429.067344025,32.026222144,Other,random,C1H4O1,32.026215000,RC2_0046_ICR-3_p08
455.220515082,487.246737226,32.026222144,Other,random,C1H4O1,32.026215000,RC2_0046_ICR-3_p08
483.077730911,515.103953054,32.026222144,Other,random,C1H4O1,32.026215000,RC2_0046_ICR-3_p08
551.176987031,583.203209175,32.026222144,Other,random,C1H4O1,32.026215000,RC2_0046_ICR-3_p08
695.219409997,727.245632141,32.026222144,Other,random,C1H4O1,32.026215000,RC2_0046_ICR-3_p08
511.101215034,543.127438178,32.026223143,Other,random,C1H4O1,32.026215000,RC2_0046_ICR-3_p08
555.062823547,587.089046691,32.026223143,Other,random,C1H4O1,32.026215000,RC2_0046_ICR-3_p08
225.004161669,257.030384813,32.026223143,Other,random,C1H4O1,32.026215000,RC2_0046_ICR-3_p08
239.035039150,271.061262293,32.026223143,Other,random,C1H4O1,32.026215000,RC2_0046_ICR-3_p08
323.053835738,355.080058882,32.026223143,Other,random,C1H4O1,32.026215000,RC2_0046_ICR-3_p08
479.192074394,511.218297537,32.026223143,Other,random,C1H4O1,32.026215000,RC2_0046_ICR-3_p08
369.118926329,401.145149472,32.026223144,Other,random,C1H4O1,32.026215000,RC2_0046_ICR-3_p08
443.228496953,475.254720096,32.026223144,Other,random,C1H4O1,32.026215000,RC2_0046_ICR-3_p08
475.137426594,507.163649737,32.026223144,Other,random,C1H4O1,32.026215000,RC2_0046_ICR-3_p08
633.182757159,665.208980303,32.026223144,Other,random,C1H4O1,32.026215000,RC2_0046_ICR-3_p08
308.041080423,340.067304567,32.026224143,Other,random,C1H4O1,32.026215000,RC2_0046_ICR-3_p08
395.025350432,427.051574576,32.026224143,Other,random,C1H4O1,32.026215000,RC2_0046_ICR-3_p08
349.019999589,381.046223732,32.026224143,Other,random,C1H4O1,32.026215000,RC2_0046_ICR-3_p08
649.104993617,681.131217760,32.026224143,Other,random,C1H4O1,32.026215000,RC2_0046_ICR-3_p08
333.128651001,365.154875144,32.026224143,Other,random,C1H4O1,32.026215000,RC2_0046_ICR-3_p08
276.051284125,308.077508269,32.026224143,Other,random,C1H4O1,32.026215000,RC2_0046_ICR-3_p08
557.239250315,589.265474458,32.026224143,Other,random,C1H4O1,32.026215000,RC2_0046_ICR-3_p08
597.125154117,629.151378261,32.026224143,Other,random,C1H4O1,32.026215000,RC2_0046_ICR-3_p08
286.093204527,318.155795516,32.062590989,Other,random,C2H8,32.062600000,RC2_0046_ICR-3_p08
339.035520944,371.098111933,32.062590989,Other,random,C2H8,32.062600000,RC2_0046_ICR-3_p08
347.053659930,379.116250920,32.062590989,Other,random,C2H8,32.062600000,RC2_0046_ICR-3_p08
461.085503203,493.148094192,32.062590989,Other,random,C2H8,32.062600000,RC2_0046_ICR-3_p08
493.171259094,525.233851083,32.062591989,Other,random,C2H8,32.062600000,RC2_0046_ICR-3_p08
249.040480706,281.103072695,32.062591989,Other,random,C2H8,32.062600000,RC2_0046_ICR-3_p08
467.155762452,499.218355442,32.062592989,Other,random,C2H8,32.062600000,RC2_0046_ICR-3_p08
414.112037466,446.174630455,32.062592989,Other,random,C2H8,32.062600000,RC2_0046_ICR-3_p08
521.239028029,553.301621018,32.062592989,Other,random,C2H8,32.062600000,RC2_0046_ICR-3_p08
571.036606786,603.099199775,32.062592989,Other,random,C2H8,32.062600000,RC2_0046_ICR-3_p08
551.046969583,583.109562572,32.062592989,Other,random,C2H8,32.062600000,RC2_0046_ICR-3_p08
577.119887980,609.182480970,32.062592989,Other,random,C2H8,32.062600000,RC2_0046_ICR-3_p08
369.110970362,401.173563352,32.062592989,Other,random,C2H8,32.062600000,RC2_0046_ICR-3_p08
485.166323051,517.228916040,32.062592989,Other,random,C2H8,32.062600000,RC2_0046_ICR-3_p08
423.129399214,455.191993203,32.062593989,Other,random,C2H8,32.062600000,RC2_0046_ICR-3_p08
409.163286459,441.225880448,32.062593989,Other,random,C2H8,32.062600000,RC2_0046_ICR-3_p08
563.132564315,595.195159304,32.062594989,Other,random,C2H8,32.062600000,RC2_0046_ICR-3_p08
365.115861310,397.178456299,32.062594989,Other,random,C2H8,32.062600000,RC2_0046_ICR-3_p08
381.110942458,413.173537447,32.062594989,Other,random,C2H8,32.062600000,RC2_0046_ICR-3_p08
411.020269581,443.082864571,32.062594989,Other,random,C2H8,32.062600000,RC2_0046_ICR-3_p08
263.092509097,295.155105086,32.062595989,Other,random,C2H8,32.062600000,RC2_0046_ICR-3_p08
401.064367815,433.126963804,32.062595989,Other,random,C2H8,32.062600000,RC2_0046_ICR-3_p08
419.061807469,451.124403458,32.062595989,Other,random,C2H8,32.062600000,RC2_0046_ICR-3_p08
365.123981275,397.186577264,32.062595989,Other,random,C2H8,32.062600000,RC2_0046_ICR-3_p08
701.100661049,733.163257038,32.062595989,Other,random,C2H8,32.062600000,RC2_0046_ICR-3_p08
527.104257149,559.166854138,32.062596989,Other,random,C2H8,32.062600000,RC2_0046_ICR-3_p08
347.004343139,379.066941129,32.062597989,Other,random,C2H8,32.062600000,RC2_0046_ICR-3_p08
373.069380571,405.131978560,32.062597989,Other,random,C2H8,32.062600000,RC2_0046_ICR-3_p08
557.202876469,589.265474458,32.062597989,Other,random,C2H8,32.062600000,RC2_0046_ICR-3_p08
757.235467923,789.298065912,32.062597989,Other,random,C2H8,32.062600000,RC2_0046_ICR-3_p08
287.141838079,319.204436068,32.062597989,Other,random,C2H8,32.062600000,RC2_0046_ICR-3_p08
383.025307337,415.087905326,32.062597989,Other,random,C2H8,32.062600000,RC2_0046_ICR-3_p08
233.081975403,265.144574392,32.062598989,Other,random,C2H8,32.062600000,RC2_0046_ICR-3_p08
251.128928847,283.191527836,32.062598989,Other,random,C2H8,32.062600000,RC2_0046_ICR-3_p08
301.084797932,333.147396921,32.062598989,Other,random,C2H8,32.062600000,RC2_0046_ICR-3_p08
353.014920642,385.077519632,32.062598989,Other,random,C2H8,32.062600000,RC2_0046_ICR-3_p08
433.077380014,465.139979003,32.062598989,Other,random,C2H8,32.062600000,RC2_0046_ICR-3_p08
435.069726563,467.132325552,32.062598989,Other,random,C2H8,32.062600000,RC2_0046_ICR-3_p08
465.030959466,497.093558455,32.062598989,Other,random,C2H8,32.062600000,RC2_0046_ICR-3_p08
477.080336352,509.142935341,32.062598989,Other,random,C2H8,32.062600000,RC2_0046_ICR-3_p08
339.066440812,371.129039802,32.062598989,Other,random,C2H8,32.062600000,RC2_0046_ICR-3_p08
491.155723644,523.218322633,32.062598989,Other,random,C2H8,32.062600000,RC2_0046_ICR-3_p08
385.069431666,417.132031655,32.062599989,Other,random,C2H8,32.062600000,RC2_0046_ICR-3_p08
501.116766389,533.179366378,32.062599989,Other,random,C2H8,32.062600000,RC2_0046_ICR-3_p08
253.144546296,285.207146286,32.062599989,Other,random,C2H8,32.062600000,RC2_0046_ICR-3_p08
513.103828539,545.166428528,32.062599989,Other,random,C2H8,32.062600000,RC2_0046_ICR-3_p08
367.139612725,399.202213714,32.062600989,Other,random,C2H8,32.062600000,RC2_0046_ICR-3_p08
337.121042065,369.183644054,32.062601989,Other,random,C2H8,32.062600000,RC2_0046_ICR-3_p08
357.097827323,389.160429312,32.062601989,Other,random,C2H8,32.062600000,RC2_0046_ICR-3_p08
405.082477770,437.145079759,32.062601989,Other,random,C2H8,32.062600000,RC2_0046_ICR-3_p08
561.197601523,593.260203512,32.062601989,Other,random,C2H8,32.062600000,RC2_0046_ICR-3_p08
569.203310563,601.265912552,32.062601989,Other,random,C2H8,32.062600000,RC2_0046_ICR-3_p08
313.071666083,345.134268072,32.062601989,Other,random,C2H8,32.062600000,RC2_0046_ICR-3_p08
395.171020815,427.233622804,32.062601989,Other,random,C2H8,32.062600000,RC2_0046_ICR-3_p08
421.126859709,453.189461698,32.062601989,Other,random,C2H8,32.062600000,RC2_0046_ICR-3_p08
375.048609175,407.111211164,32.062601989,Other,random,C2H8,32.062600000,RC2_0046_ICR-3_p08
381.118949424,413.181552413,32.062602989,Other,random,C2H8,32.062600000,RC2_0046_ICR-3_p08
367.079856978,399.142459968,32.062602989,Other,random,C2H8,32.062600000,RC2_0046_ICR-3_p08
393.168270310,425.230873299,32.062602989,Other,random,C2H8,32.062600000,RC2_0046_ICR-3_p08
495.150528698,527.213131687,32.062602989,Other,random,C2H8,32.062600000,RC2_0046_ICR-3_p08
305.030204195,337.092807185,32.062602989,Other,random,C2H8,32.062600000,RC2_0046_ICR-3_p08
411.093011273,443.155615262,32.062603989,Other,random,C2H8,32.062600000,RC2_0046_ICR-3_p08
351.144815575,383.207419565,32.062603989,Other,random,C2H8,32.062600000,RC2_0046_ICR-3_p08
589.241761559,621.304365548,32.062603989,Other,random,C2H8,32.062600000,RC2_0046_ICR-3_p08
529.228758136,561.291363126,32.062604989,Other,random,C2H8,32.062600000,RC2_0046_ICR-3_p08
308.041080423,340.103685412,32.062604989,Other,random,C2H8,32.062600000,RC2_0046_ICR-3_p08
317.116029927,349.178634916,32.062604989,Other,random,C2H8,32.062600000,RC2_0046_ICR-3_p08
413.100708756,445.163313745,32.062604989,Other,random,C2H8,32.062600000,RC2_0046_ICR-3_p08
333.074532230,365.137137219,32.062604989,Other,random,C2H8,32.062600000,RC2_0046_ICR-3_p08
429.113317830,461.175922819,32.062604989,Other,random,C2H8,32.062600000,RC2_0046_ICR-3_p08
471.215352231,503.277958221,32.062605989,Other,random,C2H8,32.062600000,RC2_0046_ICR-3_p08
463.197025246,495.259631235,32.062605989,Other,random,C2H8,32.062600000,RC2_0046_ICR-3_p08
327.100344573,359.162951562,32.062606989,Other,random,C2H8,32.062600000,RC2_0046_ICR-3_p08
399.056783331,431.119390320,32.062606989,Other,random,C2H8,32.062600000,RC2_0046_ICR-3_p08
479.119272703,511.181879692,32.062606989,Other,random,C2H8,32.062600000,RC2_0046_ICR-3_p08
545.166428528,577.229035517,32.062606989,Other,random,C2H8,32.062600000,RC2_0046_ICR-3_p08
409.105700703,441.168307692,32.062606989,Other,random,C2H8,32.062600000,RC2_0046_ICR-3_p08
313.165520685,345.228127674,32.062606989,Other,random,C2H8,32.062600000,RC2_0046_ICR-3_p08
401.173563352,433.236171341,32.062607989,Other,random,C2H8,32.062600000,RC2_0046_ICR-3_p08
428.062129289,460.124737278,32.062607989,Other,random,C2H8,32.062600000,RC2_0046_ICR-3_p08
591.221286162,623.283894151,32.062607989,Other,random,C2H8,32.062600000,RC2_0046_ICR-3_p08
317.139288828,349.201896817,32.062607989,Other,random,C2H8,32.062600000,RC2_0046_ICR-3_p08
382.049429477,414.112037466,32.062607989,Other,random,C2H8,32.062600000,RC2_0046_ICR-3_p08
385.123456437,417.186064426,32.062607989,Other,random,C2H8,32.062600000,RC2_0046_ICR-3_p08
455.129027470,487.191635459,32.062607989,Other,random,C2H8,32.062600000,RC2_0046_ICR-3_p08
264.998979009,297.061587999,32.062608989,Other,random,C2H8,32.062600000,RC2_0046_ICR-3_p08
359.061871991,391.124480980,32.062608989,Other,random,C2H8,32.062600000,RC2_0046_ICR-3_p08
225.113277206,257.175886195,32.062608989,Other,random,C2H8,32.062600000,RC2_0046_ICR-3_p08
351.048548984,383.111158973,32.062609989,Other,random,C2H8,32.062600000,RC2_0046_ICR-3_p08
457.163258841,489.225868830,32.062609989,Other,random,C2H8,32.062600000,RC2_0046_ICR-3_p08
609.182480970,641.245090959,32.062609989,Other,random,C2H8,32.062600000,RC2_0046_ICR-3_p08
411.238614655,443.301224644,32.062609989,Other,random,C2H8,32.062600000,RC2_0046_ICR-3_p08
443.025449814,475.088059803,32.062609989,Other,random,C2H8,32.062600000,RC2_0046_ICR-3_p08
369.074455517,401.137065506,32.062609989,Other,random,C2H8,32.062600000,RC2_0046_ICR-3_p08
381.131987369,413.194597358,32.062609989,Other,random,C2H8,32.062600000,RC2_0046_ICR-3_p08
463.191497269,496.195196266,33.003698997,Other,random,H3O_1N1S1,33.003706000,RC2_0046_ICR-3_p08
415.061279439,448.064981436,33.003701997,Other,random,H3O_1N1S1,33.003706000,RC2_0046_ICR-3_p08
417.186064426,450.189769423,33.003704997,Other,random,H3O_1N1S1,33.003706000,RC2_0046_ICR-3_p08
405.149819484,438.153524481,33.003704997,Other,random,H3O_1N1S1,33.003706000,RC2_0046_ICR-3_p08
345.228127674,378.231837671,33.003709997,Other,random,H3O_1N1S1,33.003706000,RC2_0046_ICR-3_p08
325.165597780,359.126588716,33.960990936,Other,random,H_1Cl1,33.961000000,RC2_0046_ICR-3_p08
327.253939921,361.214930858,33.960990936,Other,random,H_1Cl1,33.961000000,RC2_0046_ICR-3_p08
357.228124770,391.189115706,33.960990936,Other,random,H_1Cl1,33.961000000,RC2_0046_ICR-3_p08
285.170697440,319.131689376,33.960991936,Other,random,H_1Cl1,33.961000000,RC2_0046_ICR-3_p08
271.227858586,305.188850522,33.960991936,Other,random,H_1Cl1,33.961000000,RC2_0046_ICR-3_p08
354.155689803,388.116682739,33.960992936,Other,random,H_1Cl1,33.961000000,RC2_0046_ICR-3_p08
369.155289174,403.116282110,33.960992936,Other,random,H_1Cl1,33.961000000,RC2_0046_ICR-3_p08
423.093130368,457.054123304,33.960992936,Other,random,H_1Cl1,33.961000000,RC2_0046_ICR-3_p08
423.202264905,457.163258841,33.960993936,Other,random,H_1Cl1,33.961000000,RC2_0046_ICR-3_p08
337.092807185,371.053802121,33.960994936,Other,random,H_1Cl1,33.961000000,RC2_0046_ICR-3_p08
459.296301793,493.257296729,33.960994936,Other,random,H_1Cl1,33.961000000,RC2_0046_ICR-3_p08
575.213512067,609.174507003,33.960994936,Other,random,H_1Cl1,33.961000000,RC2_0046_ICR-3_p08
415.160831017,449.121826953,33.960995936,Other,random,H_1Cl1,33.961000000,RC2_0046_ICR-3_p08
469.135005056,503.096000993,33.960995936,Other,random,H_1Cl1,33.961000000,RC2_0046_ICR-3_p08
331.176140283,365.137137219,33.960996936,Other,random,H_1Cl1,33.961000000,RC2_0046_ICR-3_p08
333.134293977,367.095291913,33.960997936,Other,random,H_1Cl1,33.961000000,RC2_0046_ICR-3_p08
343.248885070,377.209883006,33.960997936,Other,random,H_1Cl1,33.961000000,RC2_0046_ICR-3_p08
429.176508562,463.137506498,33.960997936,Other,random,H_1Cl1,33.961000000,RC2_0046_ICR-3_p08
393.191721211,427.152719147,33.960997936,Other,random,H_1Cl1,33.961000000,RC2_0046_ICR-3_p08
401.108727627,435.069726563,33.960998936,Other,random,H_1Cl1,33.961000000,RC2_0046_ICR-3_p08
299.222743831,333.183743767,33.960999936,Other,random,H_1Cl1,33.961000000,RC2_0046_ICR-3_p08
293.139342637,327.100344573,33.961001936,Other,random,H_1Cl1,33.961000000,RC2_0046_ICR-3_p08
367.103365879,401.064367815,33.961001936,Other,random,H_1Cl1,33.961000000,RC2_0046_ICR-3_p08
395.171020815,429.132022751,33.961001936,Other,random,H_1Cl1,33.961000000,RC2_0046_ICR-3_p08
345.134268072,379.095271009,33.961002936,Other,random,H_1Cl1,33.961000000,RC2_0046_ICR-3_p08
455.155676357,489.116679293,33.961002936,Other,random,H_1Cl1,33.961000000,RC2_0046_ICR-3_p08
367.066841034,401.027843970,33.961002936,Other,random,H_1Cl1,33.961000000,RC2_0046_ICR-3_p08
427.160767113,461.121770049,33.961002936,Other,random,H_1Cl1,33.961000000,RC2_0046_ICR-3_p08
467.155762452,501.116766389,33.961003936,Other,random,H_1Cl1,33.961000000,RC2_0046_ICR-3_p08
326.124475713,360.085480649,33.961004936,Other,random,H_1Cl1,33.961000000,RC2_0046_ICR-3_p08
303.181261039,337.142265975,33.961004936,Other,random,H_1Cl1,33.961000000,RC2_0046_ICR-3_p08
327.217607076,361.178612012,33.961004936,Other,random,H_1Cl1,33.961000000,RC2_0046_ICR-3_p08
473.166290956,507.127296892,33.961005936,Other,random,H_1Cl1,33.961000000,RC2_0046_ICR-3_p08
287.113623198,321.074629134,33.961005936,Other,random,H_1Cl1,33.961000000,RC2_0046_ICR-3_p08
429.285576099,463.246582035,33.961005936,Other,random,H_1Cl1,33.961000000,RC2_0046_ICR-3_p08
335.134607491,369.095614427,33.961006936,Other,random,H_1Cl1,33.961000000,RC2_0046_ICR-3_p08
541.265366077,575.226373013,33.961006936,Other,random,H_1Cl1,33.961000000,RC2_0046_ICR-3_p08
399.008310537,432.969317473,33.961006936,Other,random,H_1Cl1,33.961000000,RC2_0046_ICR-3_p08
413.181552413,447.142559349,33.961006936,Other,random,H_1Cl1,33.961000000,RC2_0046_ICR-3_p08
453.176467753,487.137476689,33.961008936,Other,random,H_1Cl1,33.961000000,RC2_0046_ICR-3_p08
319.154973278,353.142686100,33.987712823,Other,random,H2S,33.987722000,RC2_0046_ICR-3_p08
339.072033789,373.059747611,33.987713823,Other,random,H2S,33.987722000,RC2_0046_ICR-3_p08
425.108641818,459.096355641,33.987713823,Other,random,H2S,33.987722000,RC2_0046_ICR-3_p08
313.092737994,347.080451817,33.987713823,Other,random,H2S,33.987722000,RC2_0046_ICR-3_p08
279.123766092,313.111480914,33.987714823,Other,random,H2S,33.987722000,RC2_0046_ICR-3_p08
399.139248981,433.126963804,33.987714823,Other,random,H2S,33.987722000,RC2_0046_ICR-3_p08
251.092527001,285.080243824,33.987716823,Other,random,H2S,33.987722000,RC2_0046_ICR-3_p08
333.128651001,367.116372823,33.987721823,Other,random,H2S,33.987722000,RC2_0046_ICR-3_p08
337.159927900,371.147649723,33.987721823,Other,random,H2S,33.987722000,RC2_0046_ICR-3_p08
361.087071400,395.074793223,33.987721823,Other,random,H2S,33.987722000,RC2_0046_ICR-3_p08
457.108281074,491.096002897,33.987721823,Other,random,H2S,33.987722000,RC2_0046_ICR-3_p08
427.097780380,461.085503203,33.987722823,Other,random,H2S,33.987722000,RC2_0046_ICR-3_p08
473.175926915,507.163649737,33.987722823,Other,random,H2S,33.987722000,RC2_0046_ICR-3_p08
235.061279006,269.049009829,33.987730823,Other,random,H2S,33.987722000,RC2_0046_ICR-3_p08
527.119329085,561.124799832,34.005470747,Other,random,H2O2,34.005480000,RC2_0046_ICR-3_p08
299.019651692,333.025122440,34.005470747,Other,random,H2O2,34.005480000,RC2_0046_ICR-3_p08
439.124293363,473.129764110,34.005470747,Other,random,H2O2,34.005480000,RC2_0046_ICR-3_p08
461.108806104,495.114276851,34.005470747,Other,random,H2O2,34.005480000,RC2_0046_ICR-3_p08
341.160435930,375.165906677,34.005470747,Other,random,H2O2,34.005480000,RC2_0046_ICR-3_p08
445.163313745,479.168784493,34.005470747,Other,random,H2O2,34.005480000,RC2_0046_ICR-3_p08
283.110559179,317.116029927,34.005470747,Other,random,H2O2,34.005480000,RC2_0046_ICR-3_p08
431.220498891,465.225969639,34.005470747,Other,random,H2O2,34.005480000,RC2_0046_ICR-3_p08
481.090531341,515.096002088,34.005470747,Other,random,H2O2,34.005480000,RC2_0046_ICR-3_p08
331.009427991,365.014899738,34.005471747,Other,random,H2O2,34.005480000,RC2_0046_ICR-3_p08
361.092668376,395.098140124,34.005471747,Other,random,H2O2,34.005480000,RC2_0046_ICR-3_p08
375.121347866,409.126819613,34.005471747,Other,random,H2O2,34.005480000,RC2_0046_ICR-3_p08
400.067213045,434.072684792,34.005471747,Other,random,H2O2,34.005480000,RC2_0046_ICR-3_p08
413.209675294,447.215148041,34.005472747,Other,random,H2O2,34.005480000,RC2_0046_ICR-3_p08
269.049009829,303.054482577,34.005472747,Other,random,H2O2,34.005480000,RC2_0046_ICR-3_p08
347.235652158,381.241124906,34.005472747,Other,random,H2O2,34.005480000,RC2_0046_ICR-3_p08
453.067303216,487.072775964,34.005472747,Other,random,H2O2,34.005480000,RC2_0046_ICR-3_p08
455.147662391,489.153135139,34.005472747,Other,random,H2O2,34.005480000,RC2_0046_ICR-3_p08
531.150714983,565.156187731,34.005472747,Other,random,H2O2,34.005480000,RC2_0046_ICR-3_p08
619.239951305,653.245424053,34.005472747,Other,random,H2O2,34.005480000,RC2_0046_ICR-3_p08
329.115972023,363.121444770,34.005472747,Other,random,H2O2,34.005480000,RC2_0046_ICR-3_p08
391.189115706,425.194589453,34.005473747,Other,random,H2O2,34.005480000,RC2_0046_ICR-3_p08
345.038112480,379.043586228,34.005473747,Other,random,H2O2,34.005480000,RC2_0046_ICR-3_p08
617.260446702,651.265920450,34.005473747,Other,random,H2O2,34.005480000,RC2_0046_ICR-3_p08
321.097822036,355.103296783,34.005474747,Other,random,H2O2,34.005480000,RC2_0046_ICR-3_p08
451.152806338,485.158281085,34.005474747,Other,random,H2O2,34.005480000,RC2_0046_ICR-3_p08
471.251820077,505.257294824,34.005474747,Other,random,H2O2,34.005480000,RC2_0046_ICR-3_p08
233.009237711,267.014712459,34.005474747,Other,random,H2O2,34.005480000,RC2_0046_ICR-3_p08
318.025419069,352.030893817,34.005474747,Other,random,H2O2,34.005480000,RC2_0046_ICR-3_p08
353.152336059,387.157810807,34.005474747,Other,random,H2O2,34.005480000,RC2_0046_ICR-3_p08
450.075714907,484.081189654,34.005474747,Other,random,H2O2,34.005480000,RC2_0046_ICR-3_p08
509.093593551,543.099068298,34.005474747,Other,random,H2O2,34.005480000,RC2_0046_ICR-3_p08
320.041108519,354.046584266,34.005475747,Other,random,H2O2,34.005480000,RC2_0046_ICR-3_p08
345.055820405,379.061296153,34.005475747,Other,random,H2O2,34.005480000,RC2_0046_ICR-3_p08
367.176132570,401.181608317,34.005475747,Other,random,H2O2,34.005480000,RC2_0046_ICR-3_p08
555.041691637,589.047167384,34.005475747,Other,random,H2O2,34.005480000,RC2_0046_ICR-3_p08
343.118588623,377.124064370,34.005475747,Other,random,H2O2,34.005480000,RC2_0046_ICR-3_p08
369.118926329,403.124402076,34.005475747,Other,random,H2O2,34.005480000,RC2_0046_ICR-3_p08
449.108775008,483.114250756,34.005475747,Other,random,H2O2,34.005480000,RC2_0046_ICR-3_p08
313.201958531,347.207435278,34.005476747,Other,random,H2O2,34.005480000,RC2_0046_ICR-3_p08
445.222822493,479.228299240,34.005476747,Other,random,H2O2,34.005480000,RC2_0046_ICR-3_p08
461.181466796,495.186943543,34.005476747,Other,random,H2O2,34.005480000,RC2_0046_ICR-3_p08
487.088062899,521.093539646,34.005476747,Other,random,H2O2,34.005480000,RC2_0046_ICR-3_p08
283.082288299,317.087765047,34.005476747,Other,random,H2O2,34.005480000,RC2_0046_ICR-3_p08
399.084912212,433.090388959,34.005476747,Other,random,H2O2,34.005480000,RC2_0046_ICR-3_p08
403.189017802,437.194494549,34.005476747,Other,random,H2O2,34.005480000,RC2_0046_ICR-3_p08
347.126509621,381.131987369,34.005477747,Other,random,H2O2,34.005480000,RC2_0046_ICR-3_p08
319.045834741,353.051312488,34.005477747,Other,random,H2O2,34.005480000,RC2_0046_ICR-3_p08
387.121381961,421.126859709,34.005477747,Other,random,H2O2,34.005480000,RC2_0046_ICR-3_p08
293.077855898,327.083333645,34.005477747,Other,random,H2O2,34.005480000,RC2_0046_ICR-3_p08
383.134591874,417.140069621,34.005477747,Other,random,H2O2,34.005480000,RC2_0046_ICR-3_p08
389.064309719,423.069787467,34.005477747,Other,random,H2O2,34.005480000,RC2_0046_ICR-3_p08
397.223083110,431.228560857,34.005477747,Other,random,H2O2,34.005480000,RC2_0046_ICR-3_p08
493.135048247,527.140525995,34.005477747,Other,random,H2O2,34.005480000,RC2_0046_ICR-3_p08
301.035337142,335.040815889,34.005478747,Other,random,H2O2,34.005480000,RC2_0046_ICR-3_p08
311.186302081,345.191780828,34.005478747,Other,random,H2O2,34.005480000,RC2_0046_ICR-3_p08
395.126544003,429.132022751,34.005478747,Other,random,H2O2,34.005480000,RC2_0046_ICR-3_p08
651.229430605,685.234909352,34.005478747,Other,random,H2O2,34.005480000,RC2_0046_ICR-3_p08
279.014669554,313.020148302,34.005478747,Other,random,H2O2,34.005480000,RC2_0046_ICR-3_p08
497.130008301,531.135487048,34.005478747,Other,random,H2O2,34.005480000,RC2_0046_ICR-3_p08
251.019771310,285.025250057,34.005478747,Other,random,H2O2,34.005480000,RC2_0046_ICR-3_p08
515.119369989,549.124849736,34.005479747,Other,random,H2O2,34.005480000,RC2_0046_ICR-3_p08
443.201631067,477.207110814,34.005479747,Other,random,H2O2,34.005480000,RC2_0046_ICR-3_p08
288.998929201,323.004408948,34.005479747,Other,random,H2O2,34.005480000,RC2_0046_ICR-3_p08
427.043364611,461.048844358,34.005479747,Other,random,H2O2,34.005480000,RC2_0046_ICR-3_p08
225.040542515,259.046023262,34.005480747,Other,random,H2O2,34.005480000,RC2_0046_ICR-3_p08
385.159965282,419.165446029,34.005480747,Other,random,H2O2,34.005480000,RC2_0046_ICR-3_p08
399.139248981,433.144729729,34.005480747,Other,random,H2O2,34.005480000,RC2_0046_ICR-3_p08
427.103325356,461.108806104,34.005480747,Other,random,H2O2,34.005480000,RC2_0046_ICR-3_p08
239.056148060,273.061628807,34.005480747,Other,random,H2O2,34.005480000,RC2_0046_ICR-3_p08
491.191936490,525.197417237,34.005480747,Other,random,H2O2,34.005480000,RC2_0046_ICR-3_p08
289.144503583,323.149985331,34.005481747,Other,random,H2O2,34.005480000,RC2_0046_ICR-3_p08
351.072037884,385.077519632,34.005481747,Other,random,H2O2,34.005480000,RC2_0046_ICR-3_p08
405.186045330,439.191527078,34.005481747,Other,random,H2O2,34.005480000,RC2_0046_ICR-3_p08
325.165597780,359.171080528,34.005482747,Other,random,H2O2,34.005480000,RC2_0046_ICR-3_p08
478.070548151,512.076030899,34.005482747,Other,random,H2O2,34.005480000,RC2_0046_ICR-3_p08
389.014911929,423.020394676,34.005482747,Other,random,H2O2,34.005480000,RC2_0046_ICR-3_p08
463.173775344,497.179258092,34.005482747,Other,random,H2O2,34.005480000,RC2_0046_ICR-3_p08
316.241179638,350.246662385,34.005482747,Other,random,H2O2,34.005480000,RC2_0046_ICR-3_p08
411.194189844,445.199672591,34.005482747,Other,random,H2O2,34.005480000,RC2_0046_ICR-3_p08
423.020394676,457.025877424,34.005482747,Other,random,H2O2,34.005480000,RC2_0046_ICR-3_p08
521.202695183,555.208177931,34.005482747,Other,random,H2O2,34.005480000,RC2_0046_ICR-3_p08
383.107904987,417.113388734,34.005483747,Other,random,H2O2,34.005480000,RC2_0046_ICR-3_p08
429.132022751,463.137506498,34.005483747,Other,random,H2O2,34.005480000,RC2_0046_ICR-3_p08
504.078205826,538.083689573,34.005483747,Other,random,H2O2,34.005480000,RC2_0046_ICR-3_p08
333.110888076,367.116372823,34.005484747,Other,random,H2O2,34.005480000,RC2_0046_ICR-3_p08
389.160429312,423.165914059,34.005484747,Other,random,H2O2,34.005480000,RC2_0046_ICR-3_p08
313.071666083,347.077150831,34.005484747,Other,random,H2O2,34.005480000,RC2_0046_ICR-3_p08
335.162930371,369.168415119,34.005484747,Other,random,H2O2,34.005480000,RC2_0046_ICR-3_p08
339.108406634,373.113891382,34.005484747,Other,random,H2O2,34.005480000,RC2_0046_ICR-3_p08
343.076587801,377.082072549,34.005484747,Other,random,H2O2,34.005480000,RC2_0046_ICR-3_p08
429.095567905,463.101052653,34.005484747,Other,random,H2O2,34.005480000,RC2_0046_ICR-3_p08
301.144433679,335.149919426,34.005485747,Other,random,H2O2,34.005480000,RC2_0046_ICR-3_p08
391.066942224,425.072427972,34.005485747,Other,random,H2O2,34.005480000,RC2_0046_ICR-3_p08
395.098140124,429.103625871,34.005485747,Other,random,H2O2,34.005480000,RC2_0046_ICR-3_p08
513.067230694,547.072716442,34.005485747,Other,random,H2O2,34.005480000,RC2_0046_ICR-3_p08
355.045688028,389.051174775,34.005486747,Other,random,H2O2,34.005480000,RC2_0046_ICR-3_p08
361.129067222,395.134553969,34.005486747,Other,random,H2O2,34.005480000,RC2_0046_ICR-3_p08
483.114250756,517.119737503,34.005486747,Other,random,H2O2,34.005480000,RC2_0046_ICR-3_p08
617.151244166,651.156730913,34.005486747,Other,random,H2O2,34.005480000,RC2_0046_ICR-3_p08
381.082418579,415.087905326,34.005486747,Other,random,H2O2,34.005480000,RC2_0046_ICR-3_p08
393.155279365,427.160767113,34.005487747,Other,random,H2O2,34.005480000,RC2_0046_ICR-3_p08
501.262250771,535.267738519,34.005487747,Other,random,H2O2,34.005480000,RC2_0046_ICR-3_p08
495.077938005,529.083425753,34.005487747,Other,random,H2O2,34.005480000,RC2_0046_ICR-3_p08
373.019866781,407.025354528,34.005487747,Other,random,H2O2,34.005480000,RC2_0046_ICR-3_p08
395.171020815,429.176508562,34.005487747,Other,random,H2O2,34.005480000,RC2_0046_ICR-3_p08
241.035461664,275.040949411,34.005487747,Other,random,H2O2,34.005480000,RC2_0046_ICR-3_p08
560.177897849,594.183386596,34.005488747,Other,random,H2O2,34.005480000,RC2_0046_ICR-3_p08
235.097628852,269.103117600,34.005488747,Other,random,H2O2,34.005480000,RC2_0046_ICR-3_p08
325.092731089,359.098219837,34.005488747,Other,random,H2O2,34.005480000,RC2_0046_ICR-3_p08
511.218297537,545.223786285,34.005488747,Other,random,H2O2,34.005480000,RC2_0046_ICR-3_p08
549.197720427,583.203209175,34.005488747,Other,random,H2O2,34.005480000,RC2_0046_ICR-3_p08
633.182757159,667.188245907,34.005488747,Other,random,H2O2,34.005480000,RC2_0046_ICR-3_p08
449.072241163,483.077730911,34.005489747,Other,random,H2O2,34.005480000,RC2_0046_ICR-3_p08
727.297729920,761.303219667,34.005489747,Other,random,H2O2,34.005480000,RC2_0046_ICR-3_p08
255.014709363,289.035435046,34.020725683,Other,random,C4H2O_1,34.020735000,RC2_0046_ICR-3_p08
385.144720347,419.165446029,34.020725683,Other,random,C4H2O_1,34.020735000,RC2_0046_ICR-3_p08
407.147582010,441.168307692,34.020725683,Other,random,C4H2O_1,34.020735000,RC2_0046_ICR-3_p08
323.113488485,357.134214168,34.020725683,Other,random,C4H2O_1,34.020735000,RC2_0046_ICR-3_p08
353.100656279,387.121381961,34.020725683,Other,random,C4H2O_1,34.020735000,RC2_0046_ICR-3_p08
423.178972004,457.199697686,34.020725683,Other,random,C4H2O_1,34.020735000,RC2_0046_ICR-3_p08
447.186907161,481.207632844,34.020725683,Other,random,C4H2O_1,34.020735000,RC2_0046_ICR-3_p08
583.203209175,617.223935857,34.020726683,Other,random,C4H2O_1,34.020735000,RC2_0046_ICR-3_p08
567.171945180,601.192671863,34.020726683,Other,random,C4H2O_1,34.020735000,RC2_0046_ICR-3_p08
321.191834637,355.212561320,34.020726683,Other,random,C4H2O_1,34.020735000,RC2_0046_ICR-3_p08
559.203220983,593.223947666,34.020726683,Other,random,C4H2O_1,34.020735000,RC2_0046_ICR-3_p08
373.186690073,407.207416756,34.020726683,Other,random,C4H2O_1,34.020735000,RC2_0046_ICR-3_p08
449.108775008,483.129501691,34.020726683,Other,random,C4H2O_1,34.020735000,RC2_0046_ICR-3_p08
443.082864571,477.103592253,34.020727683,Other,random,C4H2O_1,34.020735000,RC2_0046_ICR-3_p08
513.088488604,547.109216287,34.020727683,Other,random,C4H2O_1,34.020735000,RC2_0046_ICR-3_p08
237.040534610,271.061262293,34.020727683,Other,random,C4H2O_1,34.020735000,RC2_0046_ICR-3_p08
447.142559349,481.163287032,34.020727683,Other,random,C4H2O_1,34.020735000,RC2_0046_ICR-3_p08
508.072942880,542.093670563,34.020727683,Other,random,C4H2O_1,34.020735000,RC2_0046_ICR-3_p08
623.198482513,657.219210196,34.020727683,Other,random,C4H2O_1,34.020735000,RC2_0046_ICR-3_p08
233.045607557,267.066336240,34.020728683,Other,random,C4H2O_1,34.020735000,RC2_0046_ICR-3_p08
427.173820057,461.194548740,34.020728683,Other,random,C4H2O_1,34.020735000,RC2_0046_ICR-3_p08
240.051424838,274.072153521,34.020728683,Other,random,C4H2O_1,34.020735000,RC2_0046_ICR-3_p08
411.178943908,445.199672591,34.020728683,Other,random,C4H2O_1,34.020735000,RC2_0046_ICR-3_p08
253.071840605,287.092570288,34.020729683,Other,random,C4H2O_1,34.020735000,RC2_0046_ICR-3_p08
328.067288471,362.088018154,34.020729683,Other,random,C4H2O_1,34.020735000,RC2_0046_ICR-3_p08
427.088076421,461.108806104,34.020729683,Other,random,C4H2O_1,34.020735000,RC2_0046_ICR-3_p08
537.088629794,571.109359477,34.020729683,Other,random,C4H2O_1,34.020735000,RC2_0046_ICR-3_p08
595.166989424,629.187719106,34.020729683,Other,random,C4H2O_1,34.020735000,RC2_0046_ICR-3_p08
315.181166135,349.201896817,34.020730683,Other,random,C4H2O_1,34.020735000,RC2_0046_ICR-3_p08
399.129537022,433.150267705,34.020730683,Other,random,C4H2O_1,34.020735000,RC2_0046_ICR-3_p08
448.052028491,482.072759174,34.020730683,Other,random,C4H2O_1,34.020735000,RC2_0046_ICR-3_p08
299.113563294,333.134293977,34.020730683,Other,random,C4H2O_1,34.020735000,RC2_0046_ICR-3_p08
337.129139030,371.149870713,34.020731683,Other,random,C4H2O_1,34.020735000,RC2_0046_ICR-3_p08
395.184015759,429.204747442,34.020731683,Other,random,C4H2O_1,34.020735000,RC2_0046_ICR-3_p08
450.067591941,484.088323624,34.020731683,Other,random,C4H2O_1,34.020735000,RC2_0046_ICR-3_p08
457.098673115,491.119404798,34.020731683,Other,random,C4H2O_1,34.020735000,RC2_0046_ICR-3_p08
459.150527411,493.171259094,34.020731683,Other,random,C4H2O_1,34.020735000,RC2_0046_ICR-3_p08
345.074538326,379.095271009,34.020732683,Other,random,C4H2O_1,34.020735000,RC2_0046_ICR-3_p08
315.108418443,349.129151126,34.020732683,Other,random,C4H2O_1,34.020735000,RC2_0046_ICR-3_p08
549.210827372,583.231560054,34.020732683,Other,random,C4H2O_1,34.020735000,RC2_0046_ICR-3_p08
421.144623633,455.165356316,34.020732683,Other,random,C4H2O_1,34.020735000,RC2_0046_ICR-3_p08
503.140495804,537.161228486,34.020732683,Other,random,C4H2O_1,34.020735000,RC2_0046_ICR-3_p08
511.109313000,545.130046682,34.020733683,Other,random,C4H2O_1,34.020735000,RC2_0046_ICR-3_p08
263.150014853,297.170748536,34.020733683,Other,random,C4H2O_1,34.020735000,RC2_0046_ICR-3_p08
309.055853118,343.076587801,34.020734683,Other,random,C4H2O_1,34.020735000,RC2_0046_ICR-3_p08
413.035891031,447.056625714,34.020734683,Other,random,C4H2O_1,34.020735000,RC2_0046_ICR-3_p08
451.064572712,485.085307395,34.020734683,Other,random,C4H2O_1,34.020735000,RC2_0046_ICR-3_p08
289.129249648,323.149985331,34.020735683,Other,random,C4H2O_1,34.020735000,RC2_0046_ICR-3_p08
405.168317406,439.189053088,34.020735683,Other,random,C4H2O_1,34.020735000,RC2_0046_ICR-3_p08
470.057469143,504.078205826,34.020736683,Other,random,C4H2O_1,34.020735000,RC2_0046_ICR-3_p08
525.052077854,559.072814537,34.020736683,Other,random,C4H2O_1,34.020735000,RC2_0046_ICR-3_p08
241.035461664,275.056198346,34.020736683,Other,random,C4H2O_1,34.020735000,RC2_0046_ICR-3_p08
453.153074852,487.173811535,34.020736683,Other,random,C4H2O_1,34.020735000,RC2_0046_ICR-3_p08
419.183962951,453.204700633,34.020737683,Other,random,C4H2O_1,34.020735000,RC2_0046_ICR-3_p08
281.139504541,315.160242223,34.020737683,Other,random,C4H2O_1,34.020735000,RC2_0046_ICR-3_p08
371.134600778,405.155339461,34.020738683,Other,random,C4H2O_1,34.020735000,RC2_0046_ICR-3_p08
523.145622941,557.166361624,34.020738683,Other,random,C4H2O_1,34.020735000,RC2_0046_ICR-3_p08
309.097848940,343.118588623,34.020739683,Other,random,C4H2O_1,34.020735000,RC2_0046_ICR-3_p08
381.168273215,415.189012897,34.020739683,Other,random,C4H2O_1,34.020735000,RC2_0046_ICR-3_p08
417.140069621,451.160809304,34.020739683,Other,random,C4H2O_1,34.020735000,RC2_0046_ICR-3_p08
441.225880448,475.246620131,34.020739683,Other,random,C4H2O_1,34.020735000,RC2_0046_ICR-3_p08
559.094146446,593.114886129,34.020739683,Other,random,C4H2O_1,34.020735000,RC2_0046_ICR-3_p08
671.183291960,705.204031642,34.020739683,Other,random,C4H2O_1,34.020735000,RC2_0046_ICR-3_p08
307.009491799,341.030232482,34.020740683,Other,random,C4H2O_1,34.020735000,RC2_0046_ICR-3_p08
357.131919178,391.152659861,34.020740683,Other,random,C4H2O_1,34.020735000,RC2_0046_ICR-3_p08
461.093536169,495.114276851,34.020740683,Other,random,C4H2O_1,34.020735000,RC2_0046_ICR-3_p08
475.109113714,509.129854397,34.020740683,Other,random,C4H2O_1,34.020735000,RC2_0046_ICR-3_p08
499.181971596,533.202712279,34.020740683,Other,random,C4H2O_1,34.020735000,RC2_0046_ICR-3_p08
333.155391887,367.176132570,34.020740683,Other,random,C4H2O_1,34.020735000,RC2_0046_ICR-3_p08
473.049133453,507.069875135,34.020741683,Other,random,C4H2O_1,34.020735000,RC2_0046_ICR-3_p08
243.123862805,277.144604487,34.020741683,Other,random,C4H2O_1,34.020735000,RC2_0046_ICR-3_p08
286.093204527,320.113946210,34.020741683,Other,random,C4H2O_1,34.020735000,RC2_0046_ICR-3_p08
473.129764110,507.150505793,34.020741683,Other,random,C4H2O_1,34.020735000,RC2_0046_ICR-3_p08
311.126596334,345.147339017,34.020742683,Other,random,C4H2O_1,34.020735000,RC2_0046_ICR-3_p08
388.059908980,422.080651663,34.020742683,Other,random,C4H2O_1,34.020735000,RC2_0046_ICR-3_p08
389.100660565,423.121403248,34.020742683,Other,random,C4H2O_1,34.020735000,RC2_0046_ICR-3_p08
425.108641818,459.129384501,34.020742683,Other,random,C4H2O_1,34.020735000,RC2_0046_ICR-3_p08
507.078000101,541.098742783,34.020742683,Other,random,C4H2O_1,34.020735000,RC2_0046_ICR-3_p08
519.200250678,553.220993360,34.020742683,Other,random,C4H2O_1,34.020735000,RC2_0046_ICR-3_p08
298.056797777,332.077541460,34.020743683,Other,random,C4H2O_1,34.020735000,RC2_0046_ICR-3_p08
335.090226680,369.110970362,34.020743683,Other,random,C4H2O_1,34.020735000,RC2_0046_ICR-3_p08
347.090198775,381.110942458,34.020743683,Other,random,C4H2O_1,34.020735000,RC2_0046_ICR-3_p08
381.076867602,415.097611285,34.020743683,Other,random,C4H2O_1,34.020735000,RC2_0046_ICR-3_p08
417.103659775,451.124403458,34.020743683,Other,random,C4H2O_1,34.020735000,RC2_0046_ICR-3_p08
413.158117513,447.178862195,34.020744683,Other,random,C4H2O_1,34.020735000,RC2_0046_ICR-3_p08
465.030959466,499.051704149,34.020744683,Other,random,C4H2O_1,34.020735000,RC2_0046_ICR-3_p08
295.009489704,329.030234386,34.020744683,Other,random,C4H2O_1,34.020735000,RC2_0046_ICR-3_p08
379.030454283,413.051198966,34.020744683,Other,random,C4H2O_1,34.020735000,RC2_0046_ICR-3_p08
401.145149472,435.165894155,34.020744683,Other,random,C4H2O_1,34.020735000,RC2_0046_ICR-3_p08
297.170748536,331.212604129,34.041855593,Other,random,C1H6O1,34.041865000,RC2_0046_ICR-3_p08
287.113623198,321.155478791,34.041855593,Other,random,C1H6O1,34.041865000,RC2_0046_ICR-3_p08
423.121403248,457.163258841,34.041855593,Other,random,C1H6O1,34.041865000,RC2_0046_ICR-3_p08
473.072409354,507.114264947,34.041855593,Other,random,C1H6O1,34.041865000,RC2_0046_ICR-3_p08
531.150714983,565.192570576,34.041855593,Other,random,C1H6O1,34.041865000,RC2_0046_ICR-3_p08
242.067057288,276.108913881,34.041856593,Other,random,C1H6O1,34.041865000,RC2_0046_ICR-3_p08
341.043253427,375.085110020,34.041856593,Other,random,C1H6O1,34.041865000,RC2_0046_ICR-3_p08
371.199368503,405.241225096,34.041856593,Other,random,C1H6O1,34.041865000,RC2_0046_ICR-3_p08
441.082623056,475.124479649,34.041856593,Other,random,C1H6O1,34.041865000,RC2_0046_ICR-3_p08
579.208399121,613.250255714,34.041856593,Other,random,C1H6O1,34.041865000,RC2_0046_ICR-3_p08
719.256593031,753.298449624,34.041856593,Other,random,C1H6O1,34.041865000,RC2_0046_ICR-3_p08
459.142468445,493.184325038,34.041856593,Other,random,C1H6O1,34.041865000,RC2_0046_ICR-3_p08
239.019772214,273.061628807,34.041856593,Other,random,C1H6O1,34.041865000,RC2_0046_ICR-3_p08
545.093594837,579.135451430,34.041856593,Other,random,C1H6O1,34.041865000,RC2_0046_ICR-3_p08
541.075405882,575.117263475,34.041857593,Other,random,C1H6O1,34.041865000,RC2_0046_ICR-3_p08
261.076864647,295.118722240,34.041857593,Other,random,C1H6O1,34.041865000,RC2_0046_ICR-3_p08
293.175749483,327.217607076,34.041857593,Other,random,C1H6O1,34.041865000,RC2_0046_ICR-3_p08
339.072033789,373.113891382,34.041857593,Other,random,C1H6O1,34.041865000,RC2_0046_ICR-3_p08
353.014920642,387.056778235,34.041857593,Other,random,C1H6O1,34.041865000,RC2_0046_ICR-3_p08
373.087147495,407.129005088,34.041857593,Other,random,C1H6O1,34.041865000,RC2_0046_ICR-3_p08
403.170459881,437.212317474,34.041857593,Other,random,C1H6O1,34.041865000,RC2_0046_ICR-3_p08
453.131953942,487.173811535,34.041857593,Other,random,C1H6O1,34.041865000,RC2_0046_ICR-3_p08
231.029927108,265.071784701,34.041857593,Other,random,C1H6O1,34.041865000,RC2_0046_ICR-3_p08
505.135038343,539.176895936,34.041857593,Other,random,C1H6O1,34.041865000,RC2_0046_ICR-3_p08
555.078148482,589.120006075,34.041857593,Other,random,C1H6O1,34.041865000,RC2_0046_ICR-3_p08
661.213827250,695.255684844,34.041857593,Other,random,C1H6O1,34.041865000,RC2_0046_ICR-3_p08
485.036023604,519.077881197,34.041857593,Other,random,C1H6O1,34.041865000,RC2_0046_ICR-3_p08
381.074433613,415.116292206,34.041858593,Other,random,C1H6O1,34.041865000,RC2_0046_ICR-3_p08
387.121381961,421.163240555,34.041858593,Other,random,C1H6O1,34.041865000,RC2_0046_ICR-3_p08
351.181154421,385.223013014,34.041858593,Other,random,C1H6O1,34.041865000,RC2_0046_ICR-3_p08
611.190019453,645.231878047,34.041858593,Other,random,C1H6O1,34.041865000,RC2_0046_ICR-3_p08
629.151378261,663.193237854,34.041859593,Other,random,C1H6O1,34.041865000,RC2_0046_ICR-3_p08
375.035579230,409.077438823,34.041859593,Other,random,C1H6O1,34.041865000,RC2_0046_ICR-3_p08
323.113488485,357.155348079,34.041859593,Other,random,C1H6O1,34.041865000,RC2_0046_ICR-3_p08
329.115972023,363.157831616,34.041859593,Other,random,C1H6O1,34.041865000,RC2_0046_ICR-3_p08
513.103828539,547.145688132,34.041859593,Other,random,C1H6O1,34.041865000,RC2_0046_ICR-3_p08
387.084999116,421.126859709,34.041860593,Other,random,C1H6O1,34.041865000,RC2_0046_ICR-3_p08
415.175957953,449.217818546,34.041860593,Other,random,C1H6O1,34.041865000,RC2_0046_ICR-3_p08
451.233505995,485.275366588,34.041860593,Other,random,C1H6O1,34.041865000,RC2_0046_ICR-3_p08
267.123774996,301.165635589,34.041860593,Other,random,C1H6O1,34.041865000,RC2_0046_ICR-3_p08
311.141840270,345.183700863,34.041860593,Other,random,C1H6O1,34.041865000,RC2_0046_ICR-3_p08
225.004161669,259.046023262,34.041861593,Other,random,C1H6O1,34.041865000,RC2_0046_ICR-3_p08
645.146244410,679.188106003,34.041861593,Other,random,C1H6O1,34.041865000,RC2_0046_ICR-3_p08
283.082288299,317.124150892,34.041862593,Other,random,C1H6O1,34.041865000,RC2_0046_ICR-3_p08
319.095273531,353.137136124,34.041862593,Other,random,C1H6O1,34.041865000,RC2_0046_ICR-3_p08
481.127056186,515.168918779,34.041862593,Other,random,C1H6O1,34.041865000,RC2_0046_ICR-3_p08
483.142633635,517.184496229,34.041862593,Other,random,C1H6O1,34.041865000,RC2_0046_ICR-3_p08
485.194680931,519.236543524,34.041862593,Other,random,C1H6O1,34.041865000,RC2_0046_ICR-3_p08
531.200252773,565.242115366,34.041862593,Other,random,C1H6O1,34.041865000,RC2_0046_ICR-3_p08
553.257434206,587.299296799,34.041862593,Other,random,C1H6O1,34.041865000,RC2_0046_ICR-3_p08
611.125479727,645.167342320,34.041862593,Other,random,C1H6O1,34.041865000,RC2_0046_ICR-3_p08
649.104993617,683.146856210,34.041862593,Other,random,C1H6O1,34.041865000,RC2_0046_ICR-3_p08
321.038195289,355.080058882,34.041863593,Other,random,C1H6O1,34.041865000,RC2_0046_ICR-3_p08
443.092520530,477.134384123,34.041863593,Other,random,C1H6O1,34.041865000,RC2_0046_ICR-3_p08
577.083616134,611.125479727,34.041863593,Other,random,C1H6O1,34.041865000,RC2_0046_ICR-3_p08
276.051284125,310.093147718,34.041863593,Other,random,C1H6O1,34.041865000,RC2_0046_ICR-3_p08
327.072039693,361.113903286,34.041863593,Other,random,C1H6O1,34.041865000,RC2_0046_ICR-3_p08
317.152398773,351.194263366,34.041864593,Other,random,C1H6O1,34.041865000,RC2_0046_ICR-3_p08
355.204403355,389.246267948,34.041864593,Other,random,C1H6O1,34.041865000,RC2_0046_ICR-3_p08
413.154812527,447.196677120,34.041864593,Other,random,C1H6O1,34.041865000,RC2_0046_ICR-3_p08
487.173811535,521.215676128,34.041864593,Other,random,C1H6O1,34.041865000,RC2_0046_ICR-3_p08
557.202876469,591.244741062,34.041864593,Other,random,C1H6O1,34.041865000,RC2_0046_ICR-3_p08
305.139318733,339.181183326,34.041864593,Other,random,C1H6O1,34.041865000,RC2_0046_ICR-3_p08
441.212854503,475.254720096,34.041865593,Other,random,C1H6O1,34.041865000,RC2_0046_ICR-3_p08
451.015338921,485.057204514,34.041865593,Other,random,C1H6O1,34.041865000,RC2_0046_ICR-3_p08
317.139288828,351.181154421,34.041865593,Other,random,C1H6O1,34.041865000,RC2_0046_ICR-3_p08
363.108305826,397.150171419,34.041865593,Other,random,C1H6O1,34.041865000,RC2_0046_ICR-3_p08
337.019969494,371.061836087,34.041866593,Other,random,C1H6O1,34.041865000,RC2_0046_ICR-3_p08
355.103296783,389.145163376,34.041866593,Other,random,C1H6O1,34.041865000,RC2_0046_ICR-3_p08
379.116250920,413.158117513,34.041866593,Other,random,C1H6O1,34.041865000,RC2_0046_ICR-3_p08
395.147674914,429.189541507,34.041866593,Other,random,C1H6O1,34.041865000,RC2_0046_ICR-3_p08
287.069136387,321.111003980,34.041867593,Other,random,C1H6O1,34.041865000,RC2_0046_ICR-3_p08
641.187900201,675.229767794,34.041867593,Other,random,C1H6O1,34.041865000,RC2_0046_ICR-3_p08
521.093539646,555.135407239,34.041867593,Other,random,C1H6O1,34.041865000,RC2_0046_ICR-3_p08
353.087620334,387.129488927,34.041868593,Other,random,C1H6O1,34.041865000,RC2_0046_ICR-3_p08
365.160345121,399.202213714,34.041868593,Other,random,C1H6O1,34.041865000,RC2_0046_ICR-3_p08
288.051259221,322.093127814,34.041868593,Other,random,C1H6O1,34.041865000,RC2_0046_ICR-3_p08
331.154979373,365.196847966,34.041868593,Other,random,C1H6O1,34.041865000,RC2_0046_ICR-3_p08
472.059939649,506.101808242,34.041868593,Other,random,C1H6O1,34.041865000,RC2_0046_ICR-3_p08
341.116034118,375.157902711,34.041868593,Other,random,C1H6O1,34.041865000,RC2_0046_ICR-3_p08
233.045607557,267.087477150,34.041869593,Other,random,C1H6O1,34.041865000,RC2_0046_ICR-3_p08
391.139715916,425.181585509,34.041869593,Other,random,C1H6O1,34.041865000,RC2_0046_ICR-3_p08
451.160809304,485.202678897,34.041869593,Other,random,C1H6O1,34.041865000,RC2_0046_ICR-3_p08
456.057082533,490.098952127,34.041869593,Other,random,C1H6O1,34.041865000,RC2_0046_ICR-3_p08
473.181610891,507.223480484,34.041869593,Other,random,C1H6O1,34.041865000,RC2_0046_ICR-3_p08
515.155850834,549.197720427,34.041869593,Other,random,C1H6O1,34.041865000,RC2_0046_ICR-3_p08
417.186064426,451.227934019,34.041869593,Other,random,C1H6O1,34.041865000,RC2_0046_ICR-3_p08
481.090531341,515.132400934,34.041869593,Other,random,C1H6O1,34.041865000,RC2_0046_ICR-3_p08
717.240521583,751.282391176,34.041869593,Other,random,C1H6O1,34.041865000,RC2_0046_ICR-3_p08
492.078354730,526.120224323,34.041869593,Other,random,C1H6O1,34.041865000,RC2_0046_ICR-3_p08
541.148142574,575.190012167,34.041869593,Other,random,C1H6O1,34.041865000,RC2_0046_ICR-3_p08
227.019762119,261.061632712,34.041870593,Other,random,C1H6O1,34.041865000,RC2_0046_ICR-3_p08
327.050797783,361.092668376,34.041870593,Other,random,C1H6O1,34.041865000,RC2_0046_ICR-3_p08
341.160435930,375.202306523,34.041870593,Other,random,C1H6O1,34.041865000,RC2_0046_ICR-3_p08
449.145106854,483.186977447,34.041870593,Other,random,C1H6O1,34.041865000,RC2_0046_ICR-3_p08
531.272938465,565.314809058,34.041870593,Other,random,C1H6O1,34.041865000,RC2_0046_ICR-3_p08
677.099825861,711.141696454,34.041870593,Other,random,C1H6O1,34.041865000,RC2_0046_ICR-3_p08
304.046170370,338.088041963,34.041871593,Other,random,C1H6O1,34.041865000,RC2_0046_ICR-3_p08
433.199507496,467.241379089,34.041871593,Other,random,C1H6O1,34.041865000,RC2_0046_ICR-3_p08
350.045968237,384.087839830,34.041871593,Other,random,C1H6O1,34.041865000,RC2_0046_ICR-3_p08
403.030397475,437.072269068,34.041871593,Other,random,C1H6O1,34.041865000,RC2_0046_ICR-3_p08
431.025524718,465.067396311,34.041871593,Other,random,C1H6O1,34.041865000,RC2_0046_ICR-3_p08
525.067397789,559.109269382,34.041871593,Other,random,C1H6O1,34.041865000,RC2_0046_ICR-3_p08
455.074806700,489.116679293,34.041872593,Other,random,C1H6O1,34.041865000,RC2_0046_ICR-3_p08
493.171259094,527.213131687,34.041872593,Other,random,C1H6O1,34.041865000,RC2_0046_ICR-3_p08
347.149900522,381.191773115,34.041872593,Other,random,C1H6O1,34.041865000,RC2_0046_ICR-3_p08
457.077532205,491.119404798,34.041872593,Other,random,C1H6O1,34.041865000,RC2_0046_ICR-3_p08
473.145064046,507.186936639,34.041872593,Other,random,C1H6O1,34.041865000,RC2_0046_ICR-3_p08
503.192178585,537.234052178,34.041873593,Other,random,C1H6O1,34.041865000,RC2_0046_ICR-3_p08
293.043288044,327.085161637,34.041873593,Other,random,C1H6O1,34.041865000,RC2_0046_ICR-3_p08
381.110942458,415.152816051,34.041873593,Other,random,C1H6O1,34.041865000,RC2_0046_ICR-3_p08
313.048325182,347.090198775,34.041873593,Other,random,C1H6O1,34.041865000,RC2_0046_ICR-3_p08
361.087071400,395.128944993,34.041873593,Other,random,C1H6O1,34.041865000,RC2_0046_ICR-3_p08
441.168307692,475.210181285,34.041873593,Other,random,C1H6O1,34.041865000,RC2_0046_ICR-3_p08
249.113295397,283.155168990,34.041873593,Other,random,C1H6O1,34.041865000,RC2_0046_ICR-3_p08
357.074513421,391.116388014,34.041874593,Other,random,C1H6O1,34.041865000,RC2_0046_ICR-3_p08
283.045890454,317.087765047,34.041874593,Other,random,C1H6O1,34.041865000,RC2_0046_ICR-3_p08
419.220378796,453.262253389,34.041874593,Other,random,C1H6O1,34.041865000,RC2_0046_ICR-3_p08
429.186168521,463.228043114,34.041874593,Other,random,C1H6O1,34.041865000,RC2_0046_ICR-3_p08
451.152806338,485.194680931,34.041874593,Other,random,C1H6O1,34.041865000,RC2_0046_ICR-3_p08
459.129384501,493.171259094,34.041874593,Other,random,C1H6O1,34.041865000,RC2_0046_ICR-3_p08
341.087629238,376.080321798,34.992692560,Other,random,H2O_1Cl1N1,34.992700000,RC2_0046_ICR-3_p08
323.077059640,358.069765200,34.992705560,Other,random,H2O_1Cl1N1,34.992700000,RC2_0046_ICR-3_p08
509.129854397,544.145829858,35.015975461,Other,random,C3H1N1O_1,35.015984000,RC2_0046_ICR-3_p08
381.046223732,416.062200193,35.015976461,Other,random,C3H1N1O_1,35.015984000,RC2_0046_ICR-3_p08
311.040790698,346.056768159,35.015977461,Other,random,C3H1N1O_1,35.015984000,RC2_0046_ICR-3_p08
327.072039693,362.088018154,35.015978461,Other,random,C3H1N1O_1,35.015984000,RC2_0046_ICR-3_p08
483.114250756,518.130231217,35.015980461,Other,random,C3H1N1O_1,35.015984000,RC2_0046_ICR-3_p08
295.045910549,330.061892010,35.015981461,Other,random,C3H1N1O_1,35.015984000,RC2_0046_ICR-3_p08
284.077585077,319.093567538,35.015982461,Other,random,C3H1N1O_1,35.015984000,RC2_0046_ICR-3_p08
493.062202556,528.078186017,35.015983461,Other,random,C3H1N1O_1,35.015984000,RC2_0046_ICR-3_p08
301.056416052,336.072402513,35.015986461,Other,random,C3H1N1O_1,35.015984000,RC2_0046_ICR-3_p08
331.066992746,366.082980207,35.015987461,Other,random,C3H1N1O_1,35.015984000,RC2_0046_ICR-3_p08
431.046616629,466.062605090,35.015988461,Other,random,C3H1N1O_1,35.015984000,RC2_0046_ICR-3_p08
247.082359012,282.098350473,35.015991461,Other,random,C3H1N1O_1,35.015984000,RC2_0046_ICR-3_p08
305.087691952,340.103685412,35.015993461,Other,random,C3H1N1O_1,35.015984000,RC2_0046_ICR-3_p08
455.074806700,490.135411972,35.060605272,Other,random,C4H4N1P_1,35.060611000,RC2_0046_ICR-3_p08
401.027843970,436.088453241,35.060609272,Other,random,C4H4N1P_1,35.060611000,RC2_0046_ICR-3_p08
350.099347010,385.159965282,35.060618271,Other,random,C4H4N1P_1,35.060611000,RC2_0046_ICR-3_p08
367.103365879,403.079856265,35.976490386,Other,random,C_1H1O1P1,35.976500000,RC2_0046_ICR-3_p08
553.265270173,589.241761559,35.976491386,Other,random,C_1H1O1P1,35.976500000,RC2_0046_ICR-3_p08
399.129537022,435.106028409,35.976491386,Other,random,C_1H1O1P1,35.976500000,RC2_0046_ICR-3_p08
345.191780828,381.168273215,35.976492386,Other,random,C_1H1O1P1,35.976500000,RC2_0046_ICR-3_p08
225.076953360,261.053445747,35.976492386,Other,random,C_1H1O1P1,35.976500000,RC2_0046_ICR-3_p08
433.113845860,469.090340246,35.976494386,Other,random,C_1H1O1P1,35.976500000,RC2_0046_ICR-3_p08
385.178471203,421.154966590,35.976495386,Other,random,C_1H1O1P1,35.976500000,RC2_0046_ICR-3_p08
249.149643243,285.126140629,35.976497386,Other,random,C_1H1O1P1,35.976500000,RC2_0046_ICR-3_p08
409.223175205,445.199672591,35.976497386,Other,random,C_1H1O1P1,35.976500000,RC2_0046_ICR-3_p08
485.312061433,521.288559819,35.976498386,Other,random,C_1H1O1P1,35.976500000,RC2_0046_ICR-3_p08
319.139735342,355.116234729,35.976499386,Other,random,C_1H1O1P1,35.976500000,RC2_0046_ICR-3_p08
457.207825652,493.184325038,35.976499386,Other,random,C_1H1O1P1,35.976500000,RC2_0046_ICR-3_p08
361.056363530,397.032865917,35.976502386,Other,random,C_1H1O1P1,35.976500000,RC2_0046_ICR-3_p08
417.140069621,453.116572007,35.976502386,Other,random,C_1H1O1P1,35.976500000,RC2_0046_ICR-3_p08
447.259765852,483.236268238,35.976502386,Other,random,C_1H1O1P1,35.976500000,RC2_0046_ICR-3_p08
287.150015044,323.126518430,35.976503386,Other,random,C_1H1O1P1,35.976500000,RC2_0046_ICR-3_p08
341.269607466,377.246110853,35.976503386,Other,random,C_1H1O1P1,35.976500000,RC2_0046_ICR-3_p08
417.249190158,453.225694544,35.976504386,Other,random,C_1H1O1P1,35.976500000,RC2_0046_ICR-3_p08
317.124150892,353.100656279,35.976505386,Other,random,C_1H1O1P1,35.976500000,RC2_0046_ICR-3_p08
322.129531659,358.106038046,35.976506386,Other,random,C_1H1O1P1,35.976500000,RC2_0046_ICR-3_p08
385.077519632,421.054026018,35.976506386,Other,random,C_1H1O1P1,35.976500000,RC2_0046_ICR-3_p08
301.129241743,337.105749130,35.976507386,Other,random,C_1H1O1P1,35.976500000,RC2_0046_ICR-3_p08
575.213512067,611.190019453,35.976507386,Other,random,C_1H1O1P1,35.976500000,RC2_0046_ICR-3_p08
277.108173642,313.084682028,35.976508386,Other,random,C_1H1O1P1,35.976500000,RC2_0046_ICR-3_p08
353.196874871,389.173465256,35.976590386,Other,random,H1Cl1,35.976600000,RC2_0046_ICR-3_p08
385.150269323,421.126859709,35.976590386,Other,random,H1Cl1,35.976600000,RC2_0046_ICR-3_p08
489.212802886,525.189393271,35.976590386,Other,random,H1Cl1,35.976600000,RC2_0046_ICR-3_p08
361.165578067,397.142169453,35.976591386,Other,random,H1Cl1,35.976600000,RC2_0046_ICR-3_p08
375.144839766,411.121431152,35.976591386,Other,random,H1Cl1,35.976600000,RC2_0046_ICR-3_p08
265.144574392,301.121166778,35.976592386,Other,random,H1Cl1,35.976600000,RC2_0046_ICR-3_p08
269.103117600,305.079709985,35.976592386,Other,random,H1Cl1,35.976600000,RC2_0046_ICR-3_p08
285.061602903,321.038195289,35.976592386,Other,random,H1Cl1,35.976600000,RC2_0046_ICR-3_p08
545.202814374,581.179406760,35.976592386,Other,random,H1Cl1,35.976600000,RC2_0046_ICR-3_p08
327.123801474,363.100395859,35.976594386,Other,random,H1Cl1,35.976600000,RC2_0046_ICR-3_p08
359.171080528,395.147674914,35.976594386,Other,random,H1Cl1,35.976600000,RC2_0046_ICR-3_p08
387.175505732,423.152100118,35.976594386,Other,random,H1Cl1,35.976600000,RC2_0046_ICR-3_p08
340.140044258,376.116639644,35.976595386,Other,random,H1Cl1,35.976600000,RC2_0046_ICR-3_p08
471.296360888,507.272956274,35.976595386,Other,random,H1Cl1,35.976600000,RC2_0046_ICR-3_p08
527.140525995,563.117121381,35.976595386,Other,random,H1Cl1,35.976600000,RC2_0046_ICR-3_p08
373.186690073,409.163286459,35.976596386,Other,random,H1Cl1,35.976600000,RC2_0046_ICR-3_p08
431.228560857,467.205157243,35.976596386,Other,random,H1Cl1,35.976600000,RC2_0046_ICR-3_p08
447.129500405,483.106096790,35.976596386,Other,random,H1Cl1,35.976600000,RC2_0046_ICR-3_p08
281.066678850,317.043276236,35.976597386,Other,random,H1Cl1,35.976600000,RC2_0046_ICR-3_p08
297.061587999,333.038185384,35.976597386,Other,random,H1Cl1,35.976600000,RC2_0046_ICR-3_p08
513.270442832,549.247040218,35.976597386,Other,random,H1Cl1,35.976600000,RC2_0046_ICR-3_p08
277.129294552,313.105893938,35.976599386,Other,random,H1Cl1,35.976600000,RC2_0046_ICR-3_p08
303.160082129,339.136681514,35.976599386,Other,random,H1Cl1,35.976600000,RC2_0046_ICR-3_p08
309.134218786,345.110818172,35.976599386,Other,random,H1Cl1,35.976600000,RC2_0046_ICR-3_p08
335.113467581,371.090066967,35.976599386,Other,random,H1Cl1,35.976600000,RC2_0046_ICR-3_p08
311.222773926,347.199374312,35.976600386,Other,random,H1Cl1,35.976600000,RC2_0046_ICR-3_p08
411.093011273,447.069611659,35.976600386,Other,random,H1Cl1,35.976600000,RC2_0046_ICR-3_p08
411.129493118,447.106093504,35.976600386,Other,random,H1Cl1,35.976600000,RC2_0046_ICR-3_p08
271.191490741,307.168092126,35.976601386,Other,random,H1Cl1,35.976600000,RC2_0046_ICR-3_p08
269.139482445,305.116084831,35.976602386,Other,random,H1Cl1,35.976600000,RC2_0046_ICR-3_p08
271.155127895,307.131730281,35.976602386,Other,random,H1Cl1,35.976600000,RC2_0046_ICR-3_p08
285.126140629,321.102743015,35.976602386,Other,random,H1Cl1,35.976600000,RC2_0046_ICR-3_p08
321.170683727,357.147287113,35.976603386,Other,random,H1Cl1,35.976600000,RC2_0046_ICR-3_p08
333.170599823,369.147203209,35.976603386,Other,random,H1Cl1,35.976600000,RC2_0046_ICR-3_p08
351.072037884,387.048641270,35.976603386,Other,random,H1Cl1,35.976600000,RC2_0046_ICR-3_p08
381.118949424,417.095552810,35.976603386,Other,random,H1Cl1,35.976600000,RC2_0046_ICR-3_p08
323.149985331,359.126588716,35.976603386,Other,random,H1Cl1,35.976600000,RC2_0046_ICR-3_p08
455.119399511,491.096002897,35.976603386,Other,random,H1Cl1,35.976600000,RC2_0046_ICR-3_p08
535.182122882,571.158727268,35.976604386,Other,random,H1Cl1,35.976600000,RC2_0046_ICR-3_p08
343.103348688,379.079953073,35.976604386,Other,random,H1Cl1,35.976600000,RC2_0046_ICR-3_p08
387.275062310,423.251666695,35.976604386,Other,random,H1Cl1,35.976600000,RC2_0046_ICR-3_p08
328.140030163,364.116634548,35.976604386,Other,random,H1Cl1,35.976600000,RC2_0046_ICR-3_p08
303.181261039,339.157866425,35.976605386,Other,random,H1Cl1,35.976600000,RC2_0046_ICR-3_p08
343.176151379,379.152756765,35.976605386,Other,random,H1Cl1,35.976600000,RC2_0046_ICR-3_p08
309.061506094,345.038112480,35.976606386,Other,random,H1Cl1,35.976600000,RC2_0046_ICR-3_p08
363.144849671,399.121456057,35.976606386,Other,random,H1Cl1,35.976600000,RC2_0046_ICR-3_p08
267.160205841,303.136812227,35.976606386,Other,random,H1Cl1,35.976600000,RC2_0046_ICR-3_p08
363.108305826,399.084912212,35.976606386,Other,random,H1Cl1,35.976600000,RC2_0046_ICR-3_p08
419.207352851,455.183959237,35.976606386,Other,random,H1Cl1,35.976600000,RC2_0046_ICR-3_p08
265.071784701,301.048392086,35.976607386,Other,random,H1Cl1,35.976600000,RC2_0046_ICR-3_p08
367.176132570,403.152739956,35.976607386,Other,random,H1Cl1,35.976600000,RC2_0046_ICR-3_p08
473.181610891,509.158218276,35.976607386,Other,random,H1Cl1,35.976600000,RC2_0046_ICR-3_p08
355.103296783,391.079905169,35.976608386,Other,random,H1Cl1,35.976600000,RC2_0046_ICR-3_p08
403.139707011,439.116315397,35.976608386,Other,random,H1Cl1,35.976600000,RC2_0046_ICR-3_p08
301.144433679,337.121042065,35.976608386,Other,random,H1Cl1,35.976600000,RC2_0046_ICR-3_p08
471.187040352,507.163649737,35.976609386,Other,random,H1Cl1,35.976600000,RC2_0046_ICR-3_p08
251.092527001,287.069136387,35.976609386,Other,random,H1Cl1,35.976600000,RC2_0046_ICR-3_p08
521.267446909,557.252182260,35.984735351,Other,random,C_1O3,35.984745000,RC2_0046_ICR-3_p08
383.090040063,419.074776414,35.984736351,Other,random,C_1O3,35.984745000,RC2_0046_ICR-3_p08
701.282155279,737.266891630,35.984736351,Other,random,C_1O3,35.984745000,RC2_0046_ICR-3_p08
371.107917891,407.092654243,35.984736351,Other,random,C_1O3,35.984745000,RC2_0046_ICR-3_p08
373.287654645,409.272390996,35.984736351,Other,random,C_1O3,35.984745000,RC2_0046_ICR-3_p08
381.074433613,417.059170964,35.984737351,Other,random,C_1O3,35.984745000,RC2_0046_ICR-3_p08
317.152398773,353.137136124,35.984737351,Other,random,C_1O3,35.984745000,RC2_0046_ICR-3_p08
555.078148482,591.062885834,35.984737351,Other,random,C_1O3,35.984745000,RC2_0046_ICR-3_p08
239.092551906,275.077289257,35.984737351,Other,random,C_1O3,35.984745000,RC2_0046_ICR-3_p08
299.019651692,335.004389044,35.984737351,Other,random,C_1O3,35.984745000,RC2_0046_ICR-3_p08
433.150267705,469.135005056,35.984737351,Other,random,C_1O3,35.984745000,RC2_0046_ICR-3_p08
469.180899862,505.165637213,35.984737351,Other,random,C_1O3,35.984745000,RC2_0046_ICR-3_p08
467.184204332,503.168942683,35.984738351,Other,random,C_1O3,35.984745000,RC2_0046_ICR-3_p08
239.128947751,275.113686102,35.984738351,Other,random,C_1O3,35.984745000,RC2_0046_ICR-3_p08
627.208498502,663.193237854,35.984739351,Other,random,C_1O3,35.984745000,RC2_0046_ICR-3_p08
307.118609336,343.103348688,35.984739351,Other,random,C_1O3,35.984745000,RC2_0046_ICR-3_p08
337.121042065,373.105781416,35.984739351,Other,random,C_1O3,35.984745000,RC2_0046_ICR-3_p08
515.205248625,551.189987976,35.984739351,Other,random,C_1O3,35.984745000,RC2_0046_ICR-3_p08
419.170937006,455.155676357,35.984739351,Other,random,C_1O3,35.984745000,RC2_0046_ICR-3_p08
433.077380014,469.062119366,35.984739351,Other,random,C_1O3,35.984745000,RC2_0046_ICR-3_p08
351.072037884,387.056778235,35.984740351,Other,random,C_1O3,35.984745000,RC2_0046_ICR-3_p08
307.082219491,343.066959842,35.984740351,Other,random,C_1O3,35.984745000,RC2_0046_ICR-3_p08
311.113457390,347.098198741,35.984741351,Other,random,C_1O3,35.984745000,RC2_0046_ICR-3_p08
557.202876469,593.187617820,35.984741351,Other,random,C_1O3,35.984745000,RC2_0046_ICR-3_p08
311.149873236,347.134614587,35.984741351,Other,random,C_1O3,35.984745000,RC2_0046_ICR-3_p08
325.129161935,361.113903286,35.984741351,Other,random,C_1O3,35.984745000,RC2_0046_ICR-3_p08
631.094349018,667.079090370,35.984741351,Other,random,C_1O3,35.984745000,RC2_0046_ICR-3_p08
233.154740094,269.139482445,35.984742351,Other,random,C_1O3,35.984745000,RC2_0046_ICR-3_p08
355.139738629,391.124480980,35.984742351,Other,random,C_1O3,35.984745000,RC2_0046_ICR-3_p08
507.179091672,543.163834023,35.984742351,Other,random,C_1O3,35.984745000,RC2_0046_ICR-3_p08
427.066768512,463.051510863,35.984742351,Other,random,C_1O3,35.984745000,RC2_0046_ICR-3_p08
317.066569137,353.051312488,35.984743351,Other,random,C_1O3,35.984745000,RC2_0046_ICR-3_p08
409.113701669,445.098445020,35.984743351,Other,random,C_1O3,35.984745000,RC2_0046_ICR-3_p08
701.172293745,737.157038096,35.984744351,Other,random,C_1O3,35.984745000,RC2_0046_ICR-3_p08
375.072046075,411.056790426,35.984744351,Other,random,C_1O3,35.984745000,RC2_0046_ICR-3_p08
401.209749198,437.194494549,35.984745351,Other,random,C_1O3,35.984745000,RC2_0046_ICR-3_p08
497.035956699,533.020702051,35.984745351,Other,random,C_1O3,35.984745000,RC2_0046_ICR-3_p08
365.123981275,401.108727627,35.984746351,Other,random,C_1O3,35.984745000,RC2_0046_ICR-3_p08
377.196806062,413.181552413,35.984746351,Other,random,C_1O3,35.984745000,RC2_0046_ICR-3_p08
445.235969437,481.220715788,35.984746351,Other,random,C_1O3,35.984745000,RC2_0046_ICR-3_p08
303.087286437,339.072033789,35.984747351,Other,random,C_1O3,35.984745000,RC2_0046_ICR-3_p08
435.093034464,471.077781815,35.984747351,Other,random,C_1O3,35.984745000,RC2_0046_ICR-3_p08
497.158335180,533.143082532,35.984747351,Other,random,C_1O3,35.984745000,RC2_0046_ICR-3_p08
363.035585134,399.020332486,35.984747351,Other,random,C_1O3,35.984745000,RC2_0046_ICR-3_p08
421.223077301,457.207825652,35.984748351,Other,random,C_1O3,35.984745000,RC2_0046_ICR-3_p08
471.251820077,507.236568428,35.984748351,Other,random,C_1O3,35.984745000,RC2_0046_ICR-3_p08
389.173465256,425.158213608,35.984748351,Other,random,C_1O3,35.984745000,RC2_0046_ICR-3_p08
429.082647960,465.067396311,35.984748351,Other,random,C_1O3,35.984745000,RC2_0046_ICR-3_p08
344.077510555,380.062259907,35.984749351,Other,random,C_1O3,35.984745000,RC2_0046_ICR-3_p08
525.140050481,561.124799832,35.984749351,Other,random,C_1O3,35.984745000,RC2_0046_ICR-3_p08
447.056625714,483.041375065,35.984749351,Other,random,C_1O3,35.984745000,RC2_0046_ICR-3_p08
377.173368161,413.158117513,35.984749351,Other,random,C_1O3,35.984745000,RC2_0046_ICR-3_p08
551.104296339,587.089046691,35.984750351,Other,random,C_1O3,35.984745000,RC2_0046_ICR-3_p08
399.194197748,435.178948099,35.984750351,Other,random,C_1O3,35.984745000,RC2_0046_ICR-3_p08
447.129500405,483.114250756,35.984750351,Other,random,C_1O3,35.984745000,RC2_0046_ICR-3_p08
293.139342637,329.124093988,35.984751351,Other,random,C_1O3,35.984745000,RC2_0046_ICR-3_p08
433.199507496,469.184258847,35.984751351,Other,random,C_1O3,35.984745000,RC2_0046_ICR-3_p08
455.165356316,491.150107667,35.984751351,Other,random,C_1O3,35.984745000,RC2_0046_ICR-3_p08
290.066889670,326.051641022,35.984751351,Other,random,C_1O3,35.984745000,RC2_0046_ICR-3_p08
337.129139030,373.113891382,35.984752351,Other,random,C_1O3,35.984745000,RC2_0046_ICR-3_p08
409.105700703,445.090453054,35.984752351,Other,random,C_1O3,35.984745000,RC2_0046_ICR-3_p08
461.108806104,497.093558455,35.984752351,Other,random,C_1O3,35.984745000,RC2_0046_ICR-3_p08
441.113348925,477.098102277,35.984753351,Other,random,C_1O3,35.984745000,RC2_0046_ICR-3_p08
379.139647820,415.124401172,35.984753351,Other,random,C_1O3,35.984745000,RC2_0046_ICR-3_p08
448.096436303,484.081189654,35.984753351,Other,random,C_1O3,35.984745000,RC2_0046_ICR-3_p08
625.120567360,661.105320711,35.984753351,Other,random,C_1O3,35.984745000,RC2_0046_ICR-3_p08
315.136633324,351.121387675,35.984754351,Other,random,C_1O3,35.984745000,RC2_0046_ICR-3_p08
409.178559394,445.163313745,35.984754351,Other,random,C_1O3,35.984745000,RC2_0046_ICR-3_p08
233.045607557,269.030361908,35.984754351,Other,random,C_1O3,35.984745000,RC2_0046_ICR-3_p08
343.095198722,379.079953073,35.984754351,Other,random,C_1O3,35.984745000,RC2_0046_ICR-3_p08
389.051174775,425.035929126,35.984754351,Other,random,C_1O3,35.984745000,RC2_0046_ICR-3_p08
403.261886493,439.246640844,35.984754351,Other,random,C_1O3,35.984745000,RC2_0046_ICR-3_p08
268.082669928,304.067424280,35.984754351,Other,random,C_1O3,35.984745000,RC2_0046_ICR-3_p08
389.137012411,425.137002698,35.999990287,Other,random,C3,36.000000000,RC2_0046_ICR-3_p08
393.046244828,429.046235115,35.999990287,Other,random,C3,36.000000000,RC2_0046_ICR-3_p08
405.168317406,441.168307692,35.999990287,Other,random,C3,36.000000000,RC2_0046_ICR-3_p08
415.152816051,451.152806338,35.999990287,Other,random,C3,36.000000000,RC2_0046_ICR-3_p08
531.208337739,567.208328026,35.999990287,Other,random,C3,36.000000000,RC2_0046_ICR-3_p08
317.051321201,353.051312488,35.999991287,Other,random,C3,36.000000000,RC2_0046_ICR-3_p08
353.173473970,389.173465256,35.999991287,Other,random,C3,36.000000000,RC2_0046_ICR-3_p08
423.142477159,459.142468445,35.999991287,Other,random,C3,36.000000000,RC2_0046_ICR-3_p08
495.041546160,531.041537446,35.999991287,Other,random,C3,36.000000000,RC2_0046_ICR-3_p08
293.030243100,329.030234386,35.999991287,Other,random,C3,36.000000000,RC2_0046_ICR-3_p08
353.014920642,389.014911929,35.999991287,Other,random,C3,36.000000000,RC2_0046_ICR-3_p08
413.035891031,449.035882318,35.999991287,Other,random,C3,36.000000000,RC2_0046_ICR-3_p08
439.051555672,475.051546958,35.999991287,Other,random,C3,36.000000000,RC2_0046_ICR-3_p08
517.301629732,553.301621018,35.999991287,Other,random,C3,36.000000000,RC2_0046_ICR-3_p08
331.176140283,367.176132570,35.999992287,Other,random,C3,36.000000000,RC2_0046_ICR-3_p08
369.046234637,405.046226924,35.999992287,Other,random,C3,36.000000000,RC2_0046_ICR-3_p08
225.040542515,261.040534801,35.999992287,Other,random,C3,36.000000000,RC2_0046_ICR-3_p08
242.067057288,278.067049574,35.999992287,Other,random,C3,36.000000000,RC2_0046_ICR-3_p08
245.139512254,281.139504541,35.999992287,Other,random,C3,36.000000000,RC2_0046_ICR-3_p08
289.084773837,325.084766123,35.999992287,Other,random,C3,36.000000000,RC2_0046_ICR-3_p08
345.191780828,381.191773115,35.999992287,Other,random,C3,36.000000000,RC2_0046_ICR-3_p08
365.082103453,401.082095740,35.999992287,Other,random,C3,36.000000000,RC2_0046_ICR-3_p08
393.118996519,429.118988806,35.999992287,Other,random,C3,36.000000000,RC2_0046_ICR-3_p08
241.144611201,277.144604487,35.999993287,Other,random,C3,36.000000000,RC2_0046_ICR-3_p08
335.134607491,371.134600778,35.999993287,Other,random,C3,36.000000000,RC2_0046_ICR-3_p08
461.194548740,497.194542027,35.999993287,Other,random,C3,36.000000000,RC2_0046_ICR-3_p08
523.109276095,559.109269382,35.999993287,Other,random,C3,36.000000000,RC2_0046_ICR-3_p08
537.234052178,573.234045464,35.999993287,Other,random,C3,36.000000000,RC2_0046_ICR-3_p08
545.223786285,581.223779571,35.999993287,Other,random,C3,36.000000000,RC2_0046_ICR-3_p08
505.135038343,541.135031629,35.999993287,Other,random,C3,36.000000000,RC2_0046_ICR-3_p08
299.040821603,335.040815889,35.999994287,Other,random,C3,36.000000000,RC2_0046_ICR-3_p08
431.082848475,467.082842762,35.999994287,Other,random,C3,36.000000000,RC2_0046_ICR-3_p08
637.177400214,673.177394501,35.999994287,Other,random,C3,36.000000000,RC2_0046_ICR-3_p08
351.121387675,387.121381961,35.999994287,Other,random,C3,36.000000000,RC2_0046_ICR-3_p08
453.249176445,489.249171731,35.999995287,Other,random,C3,36.000000000,RC2_0046_ICR-3_p08
383.061812182,419.061807469,35.999995287,Other,random,C3,36.000000000,RC2_0046_ICR-3_p08
449.230954490,485.230949777,35.999995287,Other,random,C3,36.000000000,RC2_0046_ICR-3_p08
435.160318178,471.160314465,35.999996287,Other,random,C3,36.000000000,RC2_0046_ICR-3_p08
333.046238350,369.046234637,35.999996287,Other,random,C3,36.000000000,RC2_0046_ICR-3_p08
397.041121882,433.041118168,35.999996287,Other,random,C3,36.000000000,RC2_0046_ICR-3_p08
397.113849573,433.113845860,35.999996287,Other,random,C3,36.000000000,RC2_0046_ICR-3_p08
419.155680071,455.155676357,35.999996287,Other,random,C3,36.000000000,RC2_0046_ICR-3_p08
419.183962951,455.183959237,35.999996287,Other,random,C3,36.000000000,RC2_0046_ICR-3_p08
475.254720096,511.254716383,35.999996287,Other,random,C3,36.000000000,RC2_0046_ICR-3_p08
356.062150716,392.062148003,35.999997287,Other,random,C3,36.000000000,RC2_0046_ICR-3_p08
401.194497263,437.194494549,35.999997287,Other,random,C3,36.000000000,RC2_0046_ICR-3_p08
631.094349018,667.094346305,35.999997287,Other,random,C3,36.000000000,RC2_0046_ICR-3_p08
313.067824100,349.067822386,35.999998287,Other,random,C3,36.000000000,RC2_0046_ICR-3_p08
383.129003897,419.129002184,35.999998287,Other,random,C3,36.000000000,RC2_0046_ICR-3_p08
393.186170234,429.186168521,35.999998287,Other,random,C3,36.000000000,RC2_0046_ICR-3_p08
435.069726563,471.069724849,35.999998287,Other,random,C3,36.000000000,RC2_0046_ICR-3_p08
501.197535046,537.197533332,35.999998287,Other,random,C3,36.000000000,RC2_0046_ICR-3_p08
255.051044209,291.051042496,35.999998287,Other,random,C3,36.000000000,RC2_0046_ICR-3_p08
325.056365244,361.056363530,35.999998287,Other,random,C3,36.000000000,RC2_0046_ICR-3_p08
435.093034464,471.093033750,35.999999287,Other,random,C3,36.000000000,RC2_0046_ICR-3_p08
293.043288044,329.043287331,35.999999287,Other,random,C3,36.000000000,RC2_0046_ICR-3_p08
367.079856978,403.079856265,35.999999287,Other,random,C3,36.000000000,RC2_0046_ICR-3_p08
463.155252423,499.155251709,35.999999287,Other,random,C3,36.000000000,RC2_0046_ICR-3_p08
513.161221295,549.161221582,36.000000287,Other,random,C3,36.000000000,RC2_0046_ICR-3_p08
433.180899575,469.180899862,36.000000287,Other,random,C3,36.000000000,RC2_0046_ICR-3_p08
433.236171341,469.236171627,36.000000287,Other,random,C3,36.000000000,RC2_0046_ICR-3_p08
467.096000706,503.096000993,36.000000287,Other,random,C3,36.000000000,RC2_0046_ICR-3_p08
383.183962664,419.183962951,36.000000287,Other,random,C3,36.000000000,RC2_0046_ICR-3_p08
459.069828753,495.069829040,36.000000287,Other,random,C3,36.000000000,RC2_0046_ICR-3_p08
509.093593551,545.093594837,36.000001287,Other,random,C3,36.000000000,RC2_0046_ICR-3_p08
459.150527411,495.150528698,36.000001287,Other,random,C3,36.000000000,RC2_0046_ICR-3_p08
521.093539646,557.093540933,36.000001287,Other,random,C3,36.000000000,RC2_0046_ICR-3_p08
447.129500405,483.129501691,36.000001287,Other,random,C3,36.000000000,RC2_0046_ICR-3_p08
467.046583916,503.046585202,36.000001287,Other,random,C3,36.000000000,RC2_0046_ICR-3_p08
289.121132682,325.121134969,36.000002287,Other,random,C3,36.000000000,RC2_0046_ICR-3_p08
307.168092126,343.168094413,36.000002287,Other,random,C3,36.000000000,RC2_0046_ICR-3_p08
308.077508269,344.077510555,36.000002287,Other,random,C3,36.000000000,RC2_0046_ICR-3_p08
411.093011273,447.093013559,36.000002287,Other,random,C3,36.000000000,RC2_0046_ICR-3_p08
415.124401172,451.124403458,36.000002287,Other,random,C3,36.000000000,RC2_0046_ICR-3_p08
469.257292538,505.257294824,36.000002287,Other,random,C3,36.000000000,RC2_0046_ICR-3_p08
545.215848318,581.215850605,36.000002287,Other,random,C3,36.000000000,RC2_0046_ICR-3_p08
559.195157018,595.195159304,36.000002287,Other,random,C3,36.000000000,RC2_0046_ICR-3_p08
627.193235567,663.193237854,36.000002287,Other,random,C3,36.000000000,RC2_0046_ICR-3_p08
319.139735342,355.139738629,36.000003287,Other,random,C3,36.000000000,RC2_0046_ICR-3_p08
255.123817900,291.123821187,36.000003287,Other,random,C3,36.000000000,RC2_0046_ICR-3_p08
309.025120249,345.025123535,36.000003287,Other,random,C3,36.000000000,RC2_0046_ICR-3_p08
237.040534610,273.040537897,36.000003287,Other,random,C3,36.000000000,RC2_0046_ICR-3_p08
389.108638531,425.108641818,36.000003287,Other,random,C3,36.000000000,RC2_0046_ICR-3_p08
447.106093504,483.106096790,36.000003287,Other,random,C3,36.000000000,RC2_0046_ICR-3_p08
463.160771399,499.160774686,36.000003287,Other,random,C3,36.000000000,RC2_0046_ICR-3_p08
335.053797834,371.053802121,36.000004287,Other,random,C3,36.000000000,RC2_0046_ICR-3_p08
487.072775964,523.072780250,36.000004287,Other,random,C3,36.000000000,RC2_0046_ICR-3_p08
309.097848940,345.097853227,36.000004287,Other,random,C3,36.000000000,RC2_0046_ICR-3_p08
427.160767113,463.160771399,36.000004287,Other,random,C3,36.000000000,RC2_0046_ICR-3_p08
353.100656279,389.100660565,36.000004287,Other,random,C3,36.000000000,RC2_0046_ICR-3_p08
321.097822036,357.097827323,36.000005287,Other,random,C3,36.000000000,RC2_0046_ICR-3_p08
355.030544092,391.030549379,36.000005287,Other,random,C3,36.000000000,RC2_0046_ICR-3_p08
391.116388014,427.116393301,36.000005287,Other,random,C3,36.000000000,RC2_0046_ICR-3_p08
455.119399511,491.119404798,36.000005287,Other,random,C3,36.000000000,RC2_0046_ICR-3_p08
494.093834180,530.093839467,36.000005287,Other,random,C3,36.000000000,RC2_0046_ICR-3_p08
309.183695576,345.183700863,36.000005287,Other,random,C3,36.000000000,RC2_0046_ICR-3_p08
585.182612778,621.182619064,36.000006287,Other,random,C3,36.000000000,RC2_0046_ICR-3_p08
381.118949424,417.118955711,36.000006287,Other,random,C3,36.000000000,RC2_0046_ICR-3_p08
389.035922840,425.035929126,36.000006287,Other,random,C3,36.000000000,RC2_0046_ICR-3_p08
491.241601279,527.241607566,36.000006287,Other,random,C3,36.000000000,RC2_0046_ICR-3_p08
575.190012167,611.190019453,36.000007287,Other,random,C3,36.000000000,RC2_0046_ICR-3_p08
515.241401471,551.241408758,36.000007287,Other,random,C3,36.000000000,RC2_0046_ICR-3_p08
293.139342637,329.139349923,36.000007287,Other,random,C3,36.000000000,RC2_0046_ICR-3_p08
377.090766512,413.090773798,36.000007287,Other,random,C3,36.000000000,RC2_0046_ICR-3_p08
411.129493118,447.129500405,36.000007287,Other,random,C3,36.000000000,RC2_0046_ICR-3_p08
423.178972004,459.178979290,36.000007287,Other,random,C3,36.000000000,RC2_0046_ICR-3_p08
466.062605090,502.062612376,36.000007287,Other,random,C3,36.000000000,RC2_0046_ICR-3_p08
487.051596054,523.051603340,36.000007287,Other,random,C3,36.000000000,RC2_0046_ICR-3_p08
444.049957468,480.049965755,36.000008287,Other,random,C3,36.000000000,RC2_0046_ICR-3_p08
505.148134287,541.148142574,36.000008287,Other,random,C3,36.000000000,RC2_0046_ICR-3_p08
321.025120344,357.025128631,36.000008287,Other,random,C3,36.000000000,RC2_0046_ICR-3_p08
481.075485404,517.075494691,36.000009287,Other,random,C3,36.000000000,RC2_0046_ICR-3_p08
419.061807469,455.061816755,36.000009287,Other,random,C3,36.000000000,RC2_0046_ICR-3_p08
463.101052653,499.101061939,36.000009287,Other,random,C3,36.000000000,RC2_0046_ICR-3_p08
303.087286437,339.108406634,36.021120197,Other,random,H4O2,36.021130000,RC2_0046_ICR-3_p08
319.131689376,355.152809573,36.021120197,Other,random,H4O2,36.021130000,RC2_0046_ICR-3_p08
357.061348477,393.082468674,36.021120197,Other,random,H4O2,36.021130000,RC2_0046_ICR-3_p08
381.118949424,417.140069621,36.021120197,Other,random,H4O2,36.021130000,RC2_0046_ICR-3_p08
387.102684041,423.123804238,36.021120197,Other,random,H4O2,36.021130000,RC2_0046_ICR-3_p08
581.215850605,617.236970802,36.021120197,Other,random,H4O2,36.021130000,RC2_0046_ICR-3_p08
447.215148041,483.236268238,36.021120197,Other,random,H4O2,36.021130000,RC2_0046_ICR-3_p08
463.124446553,499.145566750,36.021120197,Other,random,H4O2,36.021130000,RC2_0046_ICR-3_p08
427.103325356,463.124446553,36.021121197,Other,random,H4O2,36.021130000,RC2_0046_ICR-3_p08
285.040394993,321.061516190,36.021121197,Other,random,H4O2,36.021130000,RC2_0046_ICR-3_p08
487.173811535,523.194932732,36.021121197,Other,random,H4O2,36.021130000,RC2_0046_ICR-3_p08
491.119404798,527.140525995,36.021121197,Other,random,H4O2,36.021130000,RC2_0046_ICR-3_p08
757.235467923,793.256589120,36.021121197,Other,random,H4O2,36.021130000,RC2_0046_ICR-3_p08
389.246267948,425.267389145,36.021121197,Other,random,H4O2,36.021130000,RC2_0046_ICR-3_p08
427.139650202,463.160771399,36.021121197,Other,random,H4O2,36.021130000,RC2_0046_ICR-3_p08
433.236171341,469.257292538,36.021121197,Other,random,H4O2,36.021130000,RC2_0046_ICR-3_p08
537.067543884,573.088666081,36.021122197,Other,random,H4O2,36.021130000,RC2_0046_ICR-3_p08
485.036023604,521.057145801,36.021122197,Other,random,H4O2,36.021130000,RC2_0046_ICR-3_p08
743.220693374,779.241815571,36.021122197,Other,random,H4O2,36.021130000,RC2_0046_ICR-3_p08
249.040480706,285.061602903,36.021122197,Other,random,H4O2,36.021130000,RC2_0046_ICR-3_p08
475.210181285,511.231304482,36.021123197,Other,random,H4O2,36.021130000,RC2_0046_ICR-3_p08
339.181183326,375.202306523,36.021123197,Other,random,H4O2,36.021130000,RC2_0046_ICR-3_p08
397.150171419,433.171294616,36.021123197,Other,random,H4O2,36.021130000,RC2_0046_ICR-3_p08
469.236171627,505.257294824,36.021123197,Other,random,H4O2,36.021130000,RC2_0046_ICR-3_p08
469.199660782,505.220783979,36.021123197,Other,random,H4O2,36.021130000,RC2_0046_ICR-3_p08
461.194548740,497.215672937,36.021124197,Other,random,H4O2,36.021130000,RC2_0046_ICR-3_p08
389.173465256,425.194589453,36.021124197,Other,random,H4O2,36.021130000,RC2_0046_ICR-3_p08
233.009237711,269.030361908,36.021124197,Other,random,H4O2,36.021130000,RC2_0046_ICR-3_p08
419.134552160,455.155676357,36.021124197,Other,random,H4O2,36.021130000,RC2_0046_ICR-3_p08
285.134353594,321.155478791,36.021125197,Other,random,H4O2,36.021130000,RC2_0046_ICR-3_p08
377.014765834,413.035891031,36.021125197,Other,random,H4O2,36.021130000,RC2_0046_ICR-3_p08
529.098645688,565.119770885,36.021125197,Other,random,H4O2,36.021130000,RC2_0046_ICR-3_p08
671.125586204,707.146711401,36.021125197,Other,random,H4O2,36.021130000,RC2_0046_ICR-3_p08
629.078550570,665.099676767,36.021126197,Other,random,H4O2,36.021130000,RC2_0046_ICR-3_p08
333.089844165,369.110970362,36.021126197,Other,random,H4O2,36.021130000,RC2_0046_ICR-3_p08
365.173371066,401.194497263,36.021126197,Other,random,H4O2,36.021130000,RC2_0046_ICR-3_p08
349.056393435,385.077519632,36.021126197,Other,random,H4O2,36.021130000,RC2_0046_ICR-3_p08
371.040630177,407.061756374,36.021126197,Other,random,H4O2,36.021130000,RC2_0046_ICR-3_p08
403.103167166,439.124293363,36.021126197,Other,random,H4O2,36.021130000,RC2_0046_ICR-3_p08
703.297262731,739.318388928,36.021126197,Other,random,H4O2,36.021130000,RC2_0046_ICR-3_p08
383.040680272,419.061807469,36.021127197,Other,random,H4O2,36.021130000,RC2_0046_ICR-3_p08
505.062203652,541.083330849,36.021127197,Other,random,H4O2,36.021130000,RC2_0046_ICR-3_p08
511.210291571,547.231418768,36.021127197,Other,random,H4O2,36.021130000,RC2_0046_ICR-3_p08
268.046297083,304.067424280,36.021127197,Other,random,H4O2,36.021130000,RC2_0046_ICR-3_p08
525.067397789,561.088525986,36.021128197,Other,random,H4O2,36.021130000,RC2_0046_ICR-3_p08
555.150822174,591.171950371,36.021128197,Other,random,H4O2,36.021130000,RC2_0046_ICR-3_p08
423.129399214,459.150527411,36.021128197,Other,random,H4O2,36.021130000,RC2_0046_ICR-3_p08
481.171314998,517.192443195,36.021128197,Other,random,H4O2,36.021130000,RC2_0046_ICR-3_p08
395.090198157,431.111326354,36.021128197,Other,random,H4O2,36.021130000,RC2_0046_ICR-3_p08
591.135660525,627.156788722,36.021128197,Other,random,H4O2,36.021130000,RC2_0046_ICR-3_p08
407.098242219,443.119370416,36.021128197,Other,random,H4O2,36.021130000,RC2_0046_ICR-3_p08
411.121431152,447.142559349,36.021128197,Other,random,H4O2,36.021130000,RC2_0046_ICR-3_p08
439.189053088,475.210181285,36.021128197,Other,random,H4O2,36.021130000,RC2_0046_ICR-3_p08
307.082219491,343.103348688,36.021129197,Other,random,H4O2,36.021130000,RC2_0046_ICR-3_p08
343.131627568,379.152756765,36.021129197,Other,random,H4O2,36.021130000,RC2_0046_ICR-3_p08
353.152336059,389.173465256,36.021129197,Other,random,H4O2,36.021130000,RC2_0046_ICR-3_p08
387.144784862,423.165914059,36.021129197,Other,random,H4O2,36.021130000,RC2_0046_ICR-3_p08
283.110559179,319.131689376,36.021130197,Other,random,H4O2,36.021130000,RC2_0046_ICR-3_p08
685.250625285,721.271756482,36.021131197,Other,random,H4O2,36.021130000,RC2_0046_ICR-3_p08
430.077757739,466.098888936,36.021131197,Other,random,H4O2,36.021130000,RC2_0046_ICR-3_p08
409.041108977,445.062241174,36.021132197,Other,random,H4O2,36.021130000,RC2_0046_ICR-3_p08
459.093144654,495.114276851,36.021132197,Other,random,H4O2,36.021130000,RC2_0046_ICR-3_p08
479.155765548,515.176897745,36.021132197,Other,random,H4O2,36.021130000,RC2_0046_ICR-3_p08
311.186302081,347.207435278,36.021133197,Other,random,H4O2,36.021130000,RC2_0046_ICR-3_p08
335.113467581,371.134600778,36.021133197,Other,random,H4O2,36.021130000,RC2_0046_ICR-3_p08
369.025093727,405.046226924,36.021133197,Other,random,H4O2,36.021130000,RC2_0046_ICR-3_p08
385.129030413,421.150163610,36.021133197,Other,random,H4O2,36.021130000,RC2_0046_ICR-3_p08
527.046731393,563.067864590,36.021133197,Other,random,H4O2,36.021130000,RC2_0046_ICR-3_p08
543.150872078,579.172005275,36.021133197,Other,random,H4O2,36.021130000,RC2_0046_ICR-3_p08
304.046170370,340.067304567,36.021134197,Other,random,H4O2,36.021130000,RC2_0046_ICR-3_p08
240.087779684,276.108913881,36.021134197,Other,random,H4O2,36.021130000,RC2_0046_ICR-3_p08
239.092551906,275.113686102,36.021134197,Other,random,H4O2,36.021130000,RC2_0046_ICR-3_p08
377.087562525,413.108696722,36.021134197,Other,random,H4O2,36.021130000,RC2_0046_ICR-3_p08
391.066942224,427.088076421,36.021134197,Other,random,H4O2,36.021130000,RC2_0046_ICR-3_p08
423.165914059,459.187048256,36.021134197,Other,random,H4O2,36.021130000,RC2_0046_ICR-3_p08
459.106166599,495.127300796,36.021134197,Other,random,H4O2,36.021130000,RC2_0046_ICR-3_p08
655.240096591,691.261231788,36.021135197,Other,random,H4O2,36.021130000,RC2_0046_ICR-3_p08
387.071995171,423.093130368,36.021135197,Other,random,H4O2,36.021130000,RC2_0046_ICR-3_p08
547.145688132,583.166824329,36.021136197,Other,random,H4O2,36.021130000,RC2_0046_ICR-3_p08
455.183959237,491.205095434,36.021136197,Other,random,H4O2,36.021130000,RC2_0046_ICR-3_p08
461.181466796,497.202602993,36.021136197,Other,random,H4O2,36.021130000,RC2_0046_ICR-3_p08
471.251820077,507.272956274,36.021136197,Other,random,H4O2,36.021130000,RC2_0046_ICR-3_p08
290.030504825,326.051641022,36.021136197,Other,random,H4O2,36.021130000,RC2_0046_ICR-3_p08
307.155015182,343.176151379,36.021136197,Other,random,H4O2,36.021130000,RC2_0046_ICR-3_p08
339.035520944,375.056657140,36.021136197,Other,random,H4O2,36.021130000,RC2_0046_ICR-3_p08
353.030038578,389.051174775,36.021136197,Other,random,H4O2,36.021130000,RC2_0046_ICR-3_p08
451.124403458,487.145539655,36.021136197,Other,random,H4O2,36.021130000,RC2_0046_ICR-3_p08
515.155850834,551.176987031,36.021136197,Other,random,H4O2,36.021130000,RC2_0046_ICR-3_p08
453.176467753,489.197603950,36.021136197,Other,random,H4O2,36.021130000,RC2_0046_ICR-3_p08
285.170697440,321.191834637,36.021137197,Other,random,H4O2,36.021130000,RC2_0046_ICR-3_p08
417.191582402,453.212719599,36.021137197,Other,random,H4O2,36.021130000,RC2_0046_ICR-3_p08
423.020394676,459.041531873,36.021137197,Other,random,H4O2,36.021130000,RC2_0046_ICR-3_p08
311.105372424,347.126509621,36.021137197,Other,random,H4O2,36.021130000,RC2_0046_ICR-3_p08
685.214137440,721.235275637,36.021138197,Other,random,H4O2,36.021130000,RC2_0046_ICR-3_p08
409.150237514,445.171375711,36.021138197,Other,random,H4O2,36.021130000,RC2_0046_ICR-3_p08
419.025402623,455.046540820,36.021138197,Other,random,H4O2,36.021130000,RC2_0046_ICR-3_p08
466.143365747,502.164503944,36.021138197,Other,random,H4O2,36.021130000,RC2_0046_ICR-3_p08
489.067343503,525.088482700,36.021139197,Other,random,H4O2,36.021130000,RC2_0046_ICR-3_p08
427.134113226,463.155252423,36.021139197,Other,random,H4O2,36.021130000,RC2_0046_ICR-3_p08
553.098866878,589.120006075,36.021139197,Other,random,H4O2,36.021130000,RC2_0046_ICR-3_p08
309.061506094,345.082645291,36.021139197,Other,random,H4O2,36.021130000,RC2_0046_ICR-3_p08
653.209005207,689.245380340,36.036375132,Other,random,C4H4O_1,36.036385000,RC2_0046_ICR-3_p08
369.082489483,405.118864615,36.036375132,Other,random,C4H4O_1,36.036385000,RC2_0046_ICR-3_p08
457.098673115,493.135048247,36.036375132,Other,random,C4H4O_1,36.036385000,RC2_0046_ICR-3_p08
511.109313000,547.145688132,36.036375132,Other,random,C4H4O_1,36.036385000,RC2_0046_ICR-3_p08
337.092807185,373.129183317,36.036376132,Other,random,C4H4O_1,36.036385000,RC2_0046_ICR-3_p08
575.153643321,611.190019453,36.036376132,Other,random,C4H4O_1,36.036385000,RC2_0046_ICR-3_p08
313.165520685,349.201896817,36.036376132,Other,random,C4H4O_1,36.036385000,RC2_0046_ICR-3_p08
579.208399121,615.244775253,36.036376132,Other,random,C4H4O_1,36.036385000,RC2_0046_ICR-3_p08
251.056194155,287.092570288,36.036376132,Other,random,C4H4O_1,36.036385000,RC2_0046_ICR-3_p08
259.082346108,295.118722240,36.036376132,Other,random,C4H4O_1,36.036385000,RC2_0046_ICR-3_p08
465.153050948,501.189427080,36.036376132,Other,random,C4H4O_1,36.036385000,RC2_0046_ICR-3_p08
479.155765548,515.192141680,36.036376132,Other,random,C4H4O_1,36.036385000,RC2_0046_ICR-3_p08
525.124930545,561.161306677,36.036376132,Other,random,C4H4O_1,36.036385000,RC2_0046_ICR-3_p08
339.066440812,375.102817945,36.036377132,Other,random,C4H4O_1,36.036385000,RC2_0046_ICR-3_p08
351.157780520,387.194157653,36.036377132,Other,random,C4H4O_1,36.036385000,RC2_0046_ICR-3_p08
413.136928602,449.173305735,36.036377132,Other,random,C4H4O_1,36.036385000,RC2_0046_ICR-3_p08
463.155252423,499.191629555,36.036377132,Other,random,C4H4O_1,36.036385000,RC2_0046_ICR-3_p08
326.051641022,362.088018154,36.036377132,Other,random,C4H4O_1,36.036385000,RC2_0046_ICR-3_p08
475.072935867,511.109313000,36.036377132,Other,random,C4H4O_1,36.036385000,RC2_0046_ICR-3_p08
367.139612725,403.175990857,36.036378132,Other,random,C4H4O_1,36.036385000,RC2_0046_ICR-3_p08
481.184460942,517.220839074,36.036378132,Other,random,C4H4O_1,36.036385000,RC2_0046_ICR-3_p08
523.145622941,559.182001074,36.036378132,Other,random,C4H4O_1,36.036385000,RC2_0046_ICR-3_p08
317.160496738,353.196874871,36.036378132,Other,random,C4H4O_1,36.036385000,RC2_0046_ICR-3_p08
365.173371066,401.209749198,36.036378132,Other,random,C4H4O_1,36.036385000,RC2_0046_ICR-3_p08
425.072427972,461.108806104,36.036378132,Other,random,C4H4O_1,36.036385000,RC2_0046_ICR-3_p08
549.247040218,585.283419350,36.036379132,Other,random,C4H4O_1,36.036385000,RC2_0046_ICR-3_p08
423.069787467,459.106166599,36.036379132,Other,random,C4H4O_1,36.036385000,RC2_0046_ICR-3_p08
447.142559349,483.178938481,36.036379132,Other,random,C4H4O_1,36.036385000,RC2_0046_ICR-3_p08
347.053659930,383.090040063,36.036380132,Other,random,C4H4O_1,36.036385000,RC2_0046_ICR-3_p08
441.189464602,477.225844735,36.036380132,Other,random,C4H4O_1,36.036385000,RC2_0046_ICR-3_p08
249.040480706,285.076861838,36.036381132,Other,random,C4H4O_1,36.036385000,RC2_0046_ICR-3_p08
579.172005275,615.208386407,36.036381132,Other,random,C4H4O_1,36.036385000,RC2_0046_ICR-3_p08
751.282391176,787.318773308,36.036382132,Other,random,C4H4O_1,36.036385000,RC2_0046_ICR-3_p08
481.098586306,517.134968439,36.036382132,Other,random,C4H4O_1,36.036385000,RC2_0046_ICR-3_p08
443.147604296,479.183986428,36.036382132,Other,random,C4H4O_1,36.036385000,RC2_0046_ICR-3_p08
305.004279305,341.040662438,36.036383132,Other,random,C4H4O_1,36.036385000,RC2_0046_ICR-3_p08
543.099068298,579.135451430,36.036383132,Other,random,C4H4O_1,36.036385000,RC2_0046_ICR-3_p08
337.123528054,373.159911187,36.036383132,Other,random,C4H4O_1,36.036385000,RC2_0046_ICR-3_p08
391.066942224,427.103325356,36.036383132,Other,random,C4H4O_1,36.036385000,RC2_0046_ICR-3_p08
461.035784414,497.072168546,36.036384132,Other,random,C4H4O_1,36.036385000,RC2_0046_ICR-3_p08
537.124989640,573.161373772,36.036384132,Other,random,C4H4O_1,36.036385000,RC2_0046_ICR-3_p08
683.255919747,719.292303879,36.036384132,Other,random,C4H4O_1,36.036385000,RC2_0046_ICR-3_p08
403.051659385,439.088043517,36.036384132,Other,random,C4H4O_1,36.036385000,RC2_0046_ICR-3_p08
413.144988568,449.181372701,36.036384132,Other,random,C4H4O_1,36.036385000,RC2_0046_ICR-3_p08
595.203246270,631.239630402,36.036384132,Other,random,C4H4O_1,36.036385000,RC2_0046_ICR-3_p08
319.103353497,355.139738629,36.036385132,Other,random,C4H4O_1,36.036385000,RC2_0046_ICR-3_p08
507.041553255,543.077938388,36.036385132,Other,random,C4H4O_1,36.036385000,RC2_0046_ICR-3_p08
497.166327146,533.202712279,36.036385132,Other,random,C4H4O_1,36.036385000,RC2_0046_ICR-3_p08
553.156285635,589.192670767,36.036385132,Other,random,C4H4O_1,36.036385000,RC2_0046_ICR-3_p08
442.034163019,478.070548151,36.036385132,Other,random,C4H4O_1,36.036385000,RC2_0046_ICR-3_p08
247.082359012,283.118744145,36.036385132,Other,random,C4H4O_1,36.036385000,RC2_0046_ICR-3_p08
405.095503714,441.131889847,36.036386132,Other,random,C4H4O_1,36.036385000,RC2_0046_ICR-3_p08
413.072388876,449.108775008,36.036386132,Other,random,C4H4O_1,36.036385000,RC2_0046_ICR-3_p08
581.042283341,617.078669474,36.036386132,Other,random,C4H4O_1,36.036385000,RC2_0046_ICR-3_p08
423.215300850,459.251686982,36.036386132,Other,random,C4H4O_1,36.036385000,RC2_0046_ICR-3_p08
431.111326354,467.147712487,36.036386132,Other,random,C4H4O_1,36.036385000,RC2_0046_ICR-3_p08
245.103118408,281.139504541,36.036386132,Other,random,C4H4O_1,36.036385000,RC2_0046_ICR-3_p08
261.053445747,297.089831879,36.036386132,Other,random,C4H4O_1,36.036385000,RC2_0046_ICR-3_p08
409.163286459,445.199672591,36.036386132,Other,random,C4H4O_1,36.036385000,RC2_0046_ICR-3_p08
359.053811025,395.090198157,36.036387132,Other,random,C4H4O_1,36.036385000,RC2_0046_ICR-3_p08
585.182612778,621.218999910,36.036387132,Other,random,C4H4O_1,36.036385000,RC2_0046_ICR-3_p08
349.092643281,385.129030413,36.036387132,Other,random,C4H4O_1,36.036385000,RC2_0046_ICR-3_p08
357.046081542,393.082468674,36.036387132,Other,random,C4H4O_1,36.036385000,RC2_0046_ICR-3_p08
443.111322450,479.147709582,36.036387132,Other,random,C4H4O_1,36.036385000,RC2_0046_ICR-3_p08
525.247145027,561.283533159,36.036388132,Other,random,C4H4O_1,36.036385000,RC2_0046_ICR-3_p08
559.158771172,595.195159304,36.036388132,Other,random,C4H4O_1,36.036385000,RC2_0046_ICR-3_p08
443.046397725,479.082786858,36.036389132,Other,random,C4H4O_1,36.036385000,RC2_0046_ICR-3_p08
349.129151126,385.165540258,36.036389132,Other,random,C4H4O_1,36.036385000,RC2_0046_ICR-3_p08
391.043667323,427.080056455,36.036389132,Other,random,C4H4O_1,36.036385000,RC2_0046_ICR-3_p08
593.151328974,629.187719106,36.036390132,Other,random,C4H4O_1,36.036385000,RC2_0046_ICR-3_p08
282.061907628,318.098298760,36.036391132,Other,random,C4H4O_1,36.036385000,RC2_0046_ICR-3_p08
301.056416052,337.092807185,36.036391132,Other,random,C4H4O_1,36.036385000,RC2_0046_ICR-3_p08
389.064309719,425.100700852,36.036391132,Other,random,C4H4O_1,36.036385000,RC2_0046_ICR-3_p08
294.025500878,330.061892010,36.036391132,Other,random,C4H4O_1,36.036385000,RC2_0046_ICR-3_p08
299.126538239,335.162930371,36.036392132,Other,random,C4H4O_1,36.036385000,RC2_0046_ICR-3_p08
321.097822036,357.134214168,36.036392132,Other,random,C4H4O_1,36.036385000,RC2_0046_ICR-3_p08
435.020272772,471.056664905,36.036392132,Other,random,C4H4O_1,36.036385000,RC2_0046_ICR-3_p08
471.041607969,507.078000101,36.036392132,Other,random,C4H4O_1,36.036385000,RC2_0046_ICR-3_p08
251.019771310,287.056163442,36.036392132,Other,random,C4H4O_1,36.036385000,RC2_0046_ICR-3_p08
393.149776389,429.186168521,36.036392132,Other,random,C4H4O_1,36.036385000,RC2_0046_ICR-3_p08
527.140525995,563.176918127,36.036392132,Other,random,C4H4O_1,36.036385000,RC2_0046_ICR-3_p08
559.166854138,595.203246270,36.036392132,Other,random,C4H4O_1,36.036385000,RC2_0046_ICR-3_p08
407.111211164,443.147604296,36.036393132,Other,random,C4H4O_1,36.036385000,RC2_0046_ICR-3_p08
521.252067974,557.288461106,36.036393132,Other,random,C4H4O_1,36.036385000,RC2_0046_ICR-3_p08
567.208328026,603.244721158,36.036393132,Other,random,C4H4O_1,36.036385000,RC2_0046_ICR-3_p08
347.098198741,383.134591874,36.036393132,Other,random,C4H4O_1,36.036385000,RC2_0046_ICR-3_p08
503.082891048,539.119284180,36.036393132,Other,random,C4H4O_1,36.036385000,RC2_0046_ICR-3_p08
261.097959558,297.134352690,36.036393132,Other,random,C4H4O_1,36.036385000,RC2_0046_ICR-3_p08
309.147307731,345.183700863,36.036393132,Other,random,C4H4O_1,36.036385000,RC2_0046_ICR-3_p08
451.118730482,487.155124614,36.036394132,Other,random,C4H4O_1,36.036385000,RC2_0046_ICR-3_p08
283.009498608,320.041108519,37.031609910,Other,random,C3H3N1O_1,37.031617600,RC2_0046_ICR-3_p08
441.103666966,478.135276877,37.031609910,Other,random,C3H3N1O_1,37.031617600,RC2_0046_ICR-3_p08
481.135014152,518.166624062,37.031609910,Other,random,C3H3N1O_1,37.031617600,RC2_0046_ICR-3_p08
229.035456568,266.067068479,37.031611910,Other,random,C3H3N1O_1,37.031617600,RC2_0046_ICR-3_p08
469.062119366,506.093732276,37.031612910,Other,random,C3H3N1O_1,37.031617600,RC2_0046_ICR-3_p08
523.036377405,560.067991315,37.031613910,Other,random,C3H3N1O_1,37.031617600,RC2_0046_ICR-3_p08
309.074625039,346.106242949,37.031617910,Other,random,C3H3N1O_1,37.031617600,RC2_0046_ICR-3_p08
479.046470012,516.078087922,37.031617910,Other,random,C3H3N1O_1,37.031617600,RC2_0046_ICR-3_p08
237.040534610,274.072153521,37.031618910,Other,random,C3H3N1O_1,37.031617600,RC2_0046_ICR-3_p08
281.066678850,318.098298760,37.031619910,Other,random,C3H3N1O_1,37.031617600,RC2_0046_ICR-3_p08
467.046583916,504.078205826,37.031621910,Other,random,C3H3N1O_1,37.031617600,RC2_0046_ICR-3_p08
555.135407239,592.167029150,37.031621910,Other,random,C3H3N1O_1,37.031617600,RC2_0046_ICR-3_p08
289.092852802,326.124475713,37.031622910,Other,random,C3H3N1O_1,37.031617600,RC2_0046_ICR-3_p08
373.041077691,410.072702601,37.031624910,Other,random,C3H3N1O_1,37.031617600,RC2_0046_ICR-3_p08
301.056416052,338.088041963,37.031625910,Other,random,C3H3N1O_1,37.031617600,RC2_0046_ICR-3_p08
259.082346108,296.113972018,37.031625910,Other,random,C3H3N1O_1,37.031617600,RC2_0046_ICR-3_p08
411.056790426,448.088417337,37.031626910,Other,random,C3H3N1O_1,37.031617600,RC2_0046_ICR-3_p08
382.041669510,419.119263225,37.077593715,Other,random,C5H2N5O_4P_1,37.077600000,RC2_0046_ICR-3_p08
558.125648555,595.203246270,37.077597715,Other,random,C5H2N5O_4P_1,37.077600000,RC2_0046_ICR-3_p08
578.115403757,615.193003473,37.077599715,Other,random,C5H2N5O_4P_1,37.077600000,RC2_0046_ICR-3_p08
512.112342745,549.189949460,37.077606715,Other,random,C5H2N5O_4P_1,37.077600000,RC2_0046_ICR-3_p08
229.035456568,267.014712459,37.979255891,Other,random,C2H_2O,37.979265000,RC2_0046_ICR-3_p08
393.118996519,431.098252410,37.979255891,Other,random,C2H_2O,37.979265000,RC2_0046_ICR-3_p08
453.176467753,491.155723644,37.979255891,Other,random,C2H_2O,37.979265000,RC2_0046_ICR-3_p08
261.097959558,299.077216448,37.979256890,Other,random,C2H_2O,37.979265000,RC2_0046_ICR-3_p08
335.235644063,373.214900953,37.979256890,Other,random,C2H_2O,37.979265000,RC2_0046_ICR-3_p08
357.147287113,395.126544003,37.979256890,Other,random,C2H_2O,37.979265000,RC2_0046_ICR-3_p08
413.181552413,451.160809304,37.979256890,Other,random,C2H_2O,37.979265000,RC2_0046_ICR-3_p08
423.093130368,461.072387258,37.979256890,Other,random,C2H_2O,37.979265000,RC2_0046_ICR-3_p08
451.118730482,489.097987373,37.979256890,Other,random,C2H_2O,37.979265000,RC2_0046_ICR-3_p08
457.163258841,495.142515732,37.979256890,Other,random,C2H_2O,37.979265000,RC2_0046_ICR-3_p08
253.035401759,291.014658650,37.979256890,Other,random,C2H_2O,37.979265000,RC2_0046_ICR-3_p08
499.181971596,537.161228486,37.979256890,Other,random,C2H_2O,37.979265000,RC2_0046_ICR-3_p08
325.142186880,363.121444770,37.979257890,Other,random,C2H_2O,37.979265000,RC2_0046_ICR-3_p08
355.139738629,393.118996519,37.979257890,Other,random,C2H_2O,37.979265000,RC2_0046_ICR-3_p08
365.064324528,403.043582419,37.979257890,Other,random,C2H_2O,37.979265000,RC2_0046_ICR-3_p08
421.113886764,459.093144654,37.979257890,Other,random,C2H_2O,37.979265000,RC2_0046_ICR-3_p08
527.067842303,565.047100194,37.979257890,Other,random,C2H_2O,37.979265000,RC2_0046_ICR-3_p08
439.191527078,477.170785968,37.979258890,Other,random,C2H_2O,37.979265000,RC2_0046_ICR-3_p08
505.098679497,543.077938388,37.979258890,Other,random,C2H_2O,37.979265000,RC2_0046_ICR-3_p08
235.061279006,273.040537897,37.979258890,Other,random,C2H_2O,37.979265000,RC2_0046_ICR-3_p08
308.126984059,346.106242949,37.979258890,Other,random,C2H_2O,37.979265000,RC2_0046_ICR-3_p08
619.239951305,657.219210196,37.979258890,Other,random,C2H_2O,37.979265000,RC2_0046_ICR-3_p08
649.213901155,687.193160045,37.979258890,Other,random,C2H_2O,37.979265000,RC2_0046_ICR-3_p08
308.077508269,346.056768159,37.979259890,Other,random,C2H_2O,37.979265000,RC2_0046_ICR-3_p08
415.225440743,453.204700633,37.979259890,Other,random,C2H_2O,37.979265000,RC2_0046_ICR-3_p08
463.137506498,501.116766389,37.979259890,Other,random,C2H_2O,37.979265000,RC2_0046_ICR-3_p08
469.135005056,507.114264947,37.979259890,Other,random,C2H_2O,37.979265000,RC2_0046_ICR-3_p08
549.247040218,587.226300108,37.979259890,Other,random,C2H_2O,37.979265000,RC2_0046_ICR-3_p08
527.168744875,565.148005765,37.979260890,Other,random,C2H_2O,37.979265000,RC2_0046_ICR-3_p08
325.121134969,363.100395859,37.979260890,Other,random,C2H_2O,37.979265000,RC2_0046_ICR-3_p08
339.157866425,377.137127315,37.979260890,Other,random,C2H_2O,37.979265000,RC2_0046_ICR-3_p08
449.139602878,487.118863768,37.979260890,Other,random,C2H_2O,37.979265000,RC2_0046_ICR-3_p08
491.082886953,529.062147843,37.979260890,Other,random,C2H_2O,37.979265000,RC2_0046_ICR-3_p08
331.095193627,369.074455517,37.979261890,Other,random,C2H_2O,37.979265000,RC2_0046_ICR-3_p08
438.075718811,476.054980702,37.979261890,Other,random,C2H_2O,37.979265000,RC2_0046_ICR-3_p08
517.228916040,555.208177931,37.979261890,Other,random,C2H_2O,37.979265000,RC2_0046_ICR-3_p08
577.119887980,615.099149871,37.979261890,Other,random,C2H_2O,37.979265000,RC2_0046_ICR-3_p08
365.082103453,403.061365343,37.979261890,Other,random,C2H_2O,37.979265000,RC2_0046_ICR-3_p08
479.192074394,517.171336284,37.979261890,Other,random,C2H_2O,37.979265000,RC2_0046_ICR-3_p08
543.171937989,581.151200879,37.979262890,Other,random,C2H_2O,37.979265000,RC2_0046_ICR-3_p08
321.219992518,359.199255408,37.979262890,Other,random,C2H_2O,37.979265000,RC2_0046_ICR-3_p08
501.226025925,539.205288816,37.979262890,Other,random,C2H_2O,37.979265000,RC2_0046_ICR-3_p08
409.150237514,447.129500405,37.979262890,Other,random,C2H_2O,37.979265000,RC2_0046_ICR-3_p08
343.212510225,381.191773115,37.979262890,Other,random,C2H_2O,37.979265000,RC2_0046_ICR-3_p08
433.150267705,471.129530596,37.979262890,Other,random,C2H_2O,37.979265000,RC2_0046_ICR-3_p08
300.072444226,338.051708117,37.979263890,Other,random,C2H_2O,37.979265000,RC2_0046_ICR-3_p08
335.149919426,373.129183317,37.979263890,Other,random,C2H_2O,37.979265000,RC2_0046_ICR-3_p08
343.066959842,381.046223732,37.979263890,Other,random,C2H_2O,37.979265000,RC2_0046_ICR-3_p08
559.130566292,597.109830182,37.979263890,Other,random,C2H_2O,37.979265000,RC2_0046_ICR-3_p08
335.162930371,373.142194262,37.979263890,Other,random,C2H_2O,37.979265000,RC2_0046_ICR-3_p08
347.162921467,385.142185357,37.979263890,Other,random,C2H_2O,37.979265000,RC2_0046_ICR-3_p08
479.168784493,517.148048383,37.979263890,Other,random,C2H_2O,37.979265000,RC2_0046_ICR-3_p08
363.102831849,401.082095740,37.979263890,Other,random,C2H_2O,37.979265000,RC2_0046_ICR-3_p08
457.062282269,495.041546160,37.979263890,Other,random,C2H_2O,37.979265000,RC2_0046_ICR-3_p08
503.140495804,541.119759694,37.979263890,Other,random,C2H_2O,37.979265000,RC2_0046_ICR-3_p08
494.224430626,532.203695517,37.979264890,Other,random,C2H_2O,37.979265000,RC2_0046_ICR-3_p08
403.124402076,441.103666966,37.979264890,Other,random,C2H_2O,37.979265000,RC2_0046_ICR-3_p08
457.098673115,495.077938005,37.979264890,Other,random,C2H_2O,37.979265000,RC2_0046_ICR-3_p08
493.148094192,531.127359082,37.979264890,Other,random,C2H_2O,37.979265000,RC2_0046_ICR-3_p08
511.145584846,549.124849736,37.979264890,Other,random,C2H_2O,37.979265000,RC2_0046_ICR-3_p08
307.045857645,345.025123535,37.979265890,Other,random,C2H_2O,37.979265000,RC2_0046_ICR-3_p08
239.165338597,277.144604487,37.979265890,Other,random,C2H_2O,37.979265000,RC2_0046_ICR-3_p08
445.199672591,483.178938481,37.979265890,Other,random,C2H_2O,37.979265000,RC2_0046_ICR-3_p08
455.191993203,493.171259094,37.979265890,Other,random,C2H_2O,37.979265000,RC2_0046_ICR-3_p08
361.214930858,399.194197748,37.979266890,Other,random,C2H_2O,37.979265000,RC2_0046_ICR-3_p08
551.067900494,589.047167384,37.979266890,Other,random,C2H_2O,37.979265000,RC2_0046_ICR-3_p08
333.128651001,371.107917891,37.979266890,Other,random,C2H_2O,37.979265000,RC2_0046_ICR-3_p08
346.056768159,384.036035050,37.979266890,Other,random,C2H_2O,37.979265000,RC2_0046_ICR-3_p08
369.082489483,407.061756374,37.979266890,Other,random,C2H_2O,37.979265000,RC2_0046_ICR-3_p08
437.267353240,475.246620131,37.979266890,Other,random,C2H_2O,37.979265000,RC2_0046_ICR-3_p08
487.101159843,525.080426734,37.979266890,Other,random,C2H_2O,37.979265000,RC2_0046_ICR-3_p08
599.271250013,637.250516904,37.979266890,Other,random,C2H_2O,37.979265000,RC2_0046_ICR-3_p08
377.064367624,415.043635514,37.979267890,Other,random,C2H_2O,37.979265000,RC2_0046_ICR-3_p08
239.056148060,277.035415950,37.979267890,Other,random,C2H_2O,37.979265000,RC2_0046_ICR-3_p08
555.062823547,593.042091438,37.979267890,Other,random,C2H_2O,37.979265000,RC2_0046_ICR-3_p08
509.288471724,547.267739614,37.979267890,Other,random,C2H_2O,37.979265000,RC2_0046_ICR-3_p08
431.155737166,469.135005056,37.979267890,Other,random,C2H_2O,37.979265000,RC2_0046_ICR-3_p08
259.155084800,297.134352690,37.979267890,Other,random,C2H_2O,37.979265000,RC2_0046_ICR-3_p08
305.087691952,343.066959842,37.979267890,Other,random,C2H_2O,37.979265000,RC2_0046_ICR-3_p08
557.215890414,595.195159304,37.979268890,Other,random,C2H_2O,37.979265000,RC2_0046_ICR-3_p08
401.035849936,439.015118826,37.979268890,Other,random,C2H_2O,37.979265000,RC2_0046_ICR-3_p08
475.210181285,513.189450176,37.979268890,Other,random,C2H_2O,37.979265000,RC2_0046_ICR-3_p08
357.046081542,395.025350432,37.979268890,Other,random,C2H_2O,37.979265000,RC2_0046_ICR-3_p08
413.173537447,451.152806338,37.979268890,Other,random,C2H_2O,37.979265000,RC2_0046_ICR-3_p08
465.212909694,503.192178585,37.979268890,Other,random,C2H_2O,37.979265000,RC2_0046_ICR-3_p08
305.030204195,343.009473086,37.979268890,Other,random,C2H_2O,37.979265000,RC2_0046_ICR-3_p08
240.087779684,278.067049574,37.979269890,Other,random,C2H_2O,37.979265000,RC2_0046_ICR-3_p08
287.105496233,325.084766123,37.979269890,Other,random,C2H_2O,37.979265000,RC2_0046_ICR-3_p08
305.139318733,343.118588623,37.979269890,Other,random,C2H_2O,37.979265000,RC2_0046_ICR-3_p08
325.178561725,363.157831616,37.979269890,Other,random,C2H_2O,37.979265000,RC2_0046_ICR-3_p08
333.074532230,371.053802121,37.979269890,Other,random,C2H_2O,37.979265000,RC2_0046_ICR-3_p08
357.118870233,395.098140124,37.979269890,Other,random,C2H_2O,37.979265000,RC2_0046_ICR-3_p08
440.091278261,478.070548151,37.979269890,Other,random,C2H_2O,37.979265000,RC2_0046_ICR-3_p08
471.187040352,509.166310242,37.979269890,Other,random,C2H_2O,37.979265000,RC2_0046_ICR-3_p08
521.325016664,559.304286555,37.979269890,Other,random,C2H_2O,37.979265000,RC2_0046_ICR-3_p08
633.182757159,671.162027050,37.979269890,Other,random,C2H_2O,37.979265000,RC2_0046_ICR-3_p08
333.170599823,371.149870713,37.979270890,Other,random,C2H_2O,37.979265000,RC2_0046_ICR-3_p08
465.030959466,503.010230356,37.979270890,Other,random,C2H_2O,37.979265000,RC2_0046_ICR-3_p08
337.056308339,375.035579230,37.979270890,Other,random,C2H_2O,37.979265000,RC2_0046_ICR-3_p08
431.082848475,469.062119366,37.979270890,Other,random,C2H_2O,37.979265000,RC2_0046_ICR-3_p08
515.322350128,553.301621018,37.979270890,Other,random,C2H_2O,37.979265000,RC2_0046_ICR-3_p08
321.183680672,359.162951562,37.979270890,Other,random,C2H_2O,37.979265000,RC2_0046_ICR-3_p08
367.152707669,405.131978560,37.979270890,Other,random,C2H_2O,37.979265000,RC2_0046_ICR-3_p08
303.050960591,341.030232482,37.979271890,Other,random,C2H_2O,37.979265000,RC2_0046_ICR-3_p08
419.147624105,457.126895995,37.979271890,Other,random,C2H_2O,37.979265000,RC2_0046_ICR-3_p08
543.208114835,581.187386726,37.979271890,Other,random,C2H_2O,37.979265000,RC2_0046_ICR-3_p08
329.124093988,367.103365879,37.979271890,Other,random,C2H_2O,37.979265000,RC2_0046_ICR-3_p08
379.066941129,417.046213019,37.979271890,Other,random,C2H_2O,37.979265000,RC2_0046_ICR-3_p08
443.082864571,481.062136461,37.979271890,Other,random,C2H_2O,37.979265000,RC2_0046_ICR-3_p08
355.170504498,393.149776389,37.979271890,Other,random,C2H_2O,37.979265000,RC2_0046_ICR-3_p08
527.262843476,565.242115366,37.979271890,Other,random,C2H_2O,37.979265000,RC2_0046_ICR-3_p08
409.217405229,447.196677120,37.979271890,Other,random,C2H_2O,37.979265000,RC2_0046_ICR-3_p08
371.061836087,409.041108977,37.979272890,Other,random,C2H_2O,37.979265000,RC2_0046_ICR-3_p08
391.139715916,429.118988806,37.979272890,Other,random,C2H_2O,37.979265000,RC2_0046_ICR-3_p08
439.227837924,477.207110814,37.979272890,Other,random,C2H_2O,37.979265000,RC2_0046_ICR-3_p08
483.150693601,521.129966492,37.979272890,Other,random,C2H_2O,37.979265000,RC2_0046_ICR-3_p08
351.121387675,389.100660565,37.979272890,Other,random,C2H_2O,37.979265000,RC2_0046_ICR-3_p08
409.090338768,447.069611659,37.979272890,Other,random,C2H_2O,37.979265000,RC2_0046_ICR-3_p08
409.163286459,447.142559349,37.979272890,Other,random,C2H_2O,37.979265000,RC2_0046_ICR-3_p08
435.129413309,473.108686200,37.979272890,Other,random,C2H_2O,37.979265000,RC2_0046_ICR-3_p08
463.118840577,501.098113468,37.979272890,Other,random,C2H_2O,37.979265000,RC2_0046_ICR-3_p08
345.074538326,383.053812216,37.979273890,Other,random,C2H_2O,37.979265000,RC2_0046_ICR-3_p08
409.126819613,447.106093504,37.979273890,Other,random,C2H_2O,37.979265000,RC2_0046_ICR-3_p08
257.139447350,295.118722240,37.979274890,Other,random,C2H_2O,37.979265000,RC2_0046_ICR-3_p08
298.051069801,336.030344692,37.979274890,Other,random,C2H_2O,37.979265000,RC2_0046_ICR-3_p08
379.152756765,417.132031655,37.979274890,Other,random,C2H_2O,37.979265000,RC2_0046_ICR-3_p08
351.181154421,389.160429312,37.979274890,Other,random,C2H_2O,37.979265000,RC2_0046_ICR-3_p08
375.111498908,413.090773798,37.979274890,Other,random,C2H_2O,37.979265000,RC2_0046_ICR-3_p08
249.113295397,287.092570288,37.979274890,Other,random,C2H_2O,37.979265000,RC2_0046_ICR-3_p08
253.144546296,291.123821187,37.979274890,Other,random,C2H_2O,37.979265000,RC2_0046_ICR-3_p08
367.225385361,405.204660251,37.979274890,Other,random,C2H_2O,37.979265000,RC2_0046_ICR-3_p08
394.114226298,432.093501188,37.979274890,Other,random,C2H_2O,37.979265000,RC2_0046_ICR-3_p08
521.093539646,559.072814537,37.979274890,Other,random,C2H_2O,37.979265000,RC2_0046_ICR-3_p08
375.072046075,413.087686811,38.015640736,Other,random,C3H2,38.015650000,RC2_0046_ICR-3_p08
433.098540925,471.114181661,38.015640736,Other,random,C3H2,38.015650000,RC2_0046_ICR-3_p08
253.035401759,291.051042496,38.015640736,Other,random,C3H2,38.015650000,RC2_0046_ICR-3_p08
493.257296729,531.272938465,38.015641736,Other,random,C3H2,38.015650000,RC2_0046_ICR-3_p08
353.173473970,391.189115706,38.015641736,Other,random,C3H2,38.015650000,RC2_0046_ICR-3_p08
395.207334661,433.222976397,38.015641736,Other,random,C3H2,38.015650000,RC2_0046_ICR-3_p08
589.229056613,627.244698349,38.015641736,Other,random,C3H2,38.015650000,RC2_0046_ICR-3_p08
243.123862805,281.139504541,38.015641736,Other,random,C3H2,38.015650000,RC2_0046_ICR-3_p08
529.184556324,567.200199060,38.015642736,Other,random,C3H2,38.015650000,RC2_0046_ICR-3_p08
503.249723340,541.265366077,38.015642736,Other,random,C3H2,38.015650000,RC2_0046_ICR-3_p08
289.165650494,327.181293230,38.015642736,Other,random,C3H2,38.015650000,RC2_0046_ICR-3_p08
312.108778168,350.124420904,38.015642736,Other,random,C3H2,38.015650000,RC2_0046_ICR-3_p08
341.137114029,379.152756765,38.015642736,Other,random,C3H2,38.015650000,RC2_0046_ICR-3_p08
363.072076980,401.087719716,38.015642736,Other,random,C3H2,38.015650000,RC2_0046_ICR-3_p08
391.097675094,429.113317830,38.015642736,Other,random,C3H2,38.015650000,RC2_0046_ICR-3_p08
393.155279365,431.170922102,38.015642736,Other,random,C3H2,38.015650000,RC2_0046_ICR-3_p08
415.051660480,453.067303216,38.015642736,Other,random,C3H2,38.015650000,RC2_0046_ICR-3_p08
361.041140595,399.056783331,38.015642736,Other,random,C3H2,38.015650000,RC2_0046_ICR-3_p08
393.076965698,431.092608434,38.015642736,Other,random,C3H2,38.015650000,RC2_0046_ICR-3_p08
421.077501918,459.093144654,38.015642736,Other,random,C3H2,38.015650000,RC2_0046_ICR-3_p08
454.062711994,492.078354730,38.015642736,Other,random,C3H2,38.015650000,RC2_0046_ICR-3_p08
339.139191504,377.154835240,38.015643736,Other,random,C3H2,38.015650000,RC2_0046_ICR-3_p08
443.119370416,481.135014152,38.015643736,Other,random,C3H2,38.015650000,RC2_0046_ICR-3_p08
239.019772214,277.035415950,38.015643736,Other,random,C3H2,38.015650000,RC2_0046_ICR-3_p08
363.035585134,401.051228870,38.015643736,Other,random,C3H2,38.015650000,RC2_0046_ICR-3_p08
445.090453054,483.106096790,38.015643736,Other,random,C3H2,38.015650000,RC2_0046_ICR-3_p08
541.192755385,579.208399121,38.015643736,Other,random,C3H2,38.015650000,RC2_0046_ICR-3_p08
485.202678897,523.218322633,38.015643736,Other,random,C3H2,38.015650000,RC2_0046_ICR-3_p08
309.061506094,347.077150831,38.015644736,Other,random,C3H2,38.015650000,RC2_0046_ICR-3_p08
325.142186880,363.157831616,38.015644736,Other,random,C3H2,38.015650000,RC2_0046_ICR-3_p08
377.173368161,415.189012897,38.015644736,Other,random,C3H2,38.015650000,RC2_0046_ICR-3_p08
385.150269323,423.165914059,38.015644736,Other,random,C3H2,38.015650000,RC2_0046_ICR-3_p08
487.137476689,525.153121425,38.015644736,Other,random,C3H2,38.015650000,RC2_0046_ICR-3_p08
533.143082532,571.158727268,38.015644736,Other,random,C3H2,38.015650000,RC2_0046_ICR-3_p08
723.250813087,761.266457823,38.015644736,Other,random,C3H2,38.015650000,RC2_0046_ICR-3_p08
365.160345121,403.175990857,38.015645736,Other,random,C3H2,38.015650000,RC2_0046_ICR-3_p08
375.165906677,413.181552413,38.015645736,Other,random,C3H2,38.015650000,RC2_0046_ICR-3_p08
517.026045901,555.041691637,38.015645736,Other,random,C3H2,38.015650000,RC2_0046_ICR-3_p08
296.041124327,334.056770064,38.015645736,Other,random,C3H2,38.015650000,RC2_0046_ICR-3_p08
365.173371066,403.189017802,38.015646736,Other,random,C3H2,38.015650000,RC2_0046_ICR-3_p08
412.174122687,450.189769423,38.015646736,Other,random,C3H2,38.015650000,RC2_0046_ICR-3_p08
419.129002184,457.144648920,38.015646736,Other,random,C3H2,38.015650000,RC2_0046_ICR-3_p08
429.095567905,467.111214641,38.015646736,Other,random,C3H2,38.015650000,RC2_0046_ICR-3_p08
367.079856978,405.095503714,38.015646736,Other,random,C3H2,38.015650000,RC2_0046_ICR-3_p08
376.080321798,414.095968534,38.015646736,Other,random,C3H2,38.015650000,RC2_0046_ICR-3_p08
539.213387781,577.229035517,38.015647736,Other,random,C3H2,38.015650000,RC2_0046_ICR-3_p08
264.051337029,302.066984766,38.015647736,Other,random,C3H2,38.015650000,RC2_0046_ICR-3_p08
333.128651001,371.144298737,38.015647736,Other,random,C3H2,38.015650000,RC2_0046_ICR-3_p08
437.175803629,475.191451365,38.015647736,Other,random,C3H2,38.015650000,RC2_0046_ICR-3_p08
447.093013559,485.108661296,38.015647736,Other,random,C3H2,38.015650000,RC2_0046_ICR-3_p08
637.250516904,675.266165640,38.015648736,Other,random,C3H2,38.015650000,RC2_0046_ICR-3_p08
397.041121882,435.056770618,38.015648736,Other,random,C3H2,38.015650000,RC2_0046_ICR-3_p08
413.154812527,451.170461263,38.015648736,Other,random,C3H2,38.015650000,RC2_0046_ICR-3_p08
415.079877360,453.095526097,38.015648736,Other,random,C3H2,38.015650000,RC2_0046_ICR-3_p08
421.236038246,459.251686982,38.015648736,Other,random,C3H2,38.015650000,RC2_0046_ICR-3_p08
333.110888076,371.126536812,38.015648736,Other,random,C3H2,38.015650000,RC2_0046_ICR-3_p08
455.119399511,493.135048247,38.015648736,Other,random,C3H2,38.015650000,RC2_0046_ICR-3_p08
323.040714794,361.056363530,38.015648736,Other,random,C3H2,38.015650000,RC2_0046_ICR-3_p08
400.137875745,438.153524481,38.015648736,Other,random,C3H2,38.015650000,RC2_0046_ICR-3_p08
433.236171341,471.251820077,38.015648736,Other,random,C3H2,38.015650000,RC2_0046_ICR-3_p08
373.105781416,411.121431152,38.015649736,Other,random,C3H2,38.015650000,RC2_0046_ICR-3_p08
415.087905326,453.103555062,38.015649736,Other,random,C3H2,38.015650000,RC2_0046_ICR-3_p08
507.259938329,545.275588065,38.015649736,Other,random,C3H2,38.015650000,RC2_0046_ICR-3_p08
387.056778235,425.072427972,38.015649736,Other,random,C3H2,38.015650000,RC2_0046_ICR-3_p08
419.025402623,457.041052359,38.015649736,Other,random,C3H2,38.015650000,RC2_0046_ICR-3_p08
431.147726200,469.163375936,38.015649736,Other,random,C3H2,38.015650000,RC2_0046_ICR-3_p08
471.056664905,509.072314641,38.015649736,Other,random,C3H2,38.015650000,RC2_0046_ICR-3_p08
449.121826953,487.137476689,38.015649736,Other,random,C3H2,38.015650000,RC2_0046_ICR-3_p08
249.076919551,287.092570288,38.015650736,Other,random,C3H2,38.015650000,RC2_0046_ICR-3_p08
435.129413309,473.145064046,38.015650736,Other,random,C3H2,38.015650000,RC2_0046_ICR-3_p08
539.176895936,577.192546672,38.015650736,Other,random,C3H2,38.015650000,RC2_0046_ICR-3_p08
583.094079638,621.109730374,38.015650736,Other,random,C3H2,38.015650000,RC2_0046_ICR-3_p08
377.087562525,415.103213261,38.015650736,Other,random,C3H2,38.015650000,RC2_0046_ICR-3_p08
381.076867602,419.092519339,38.015651736,Other,random,C3H2,38.015650000,RC2_0046_ICR-3_p08
389.035922840,427.051574576,38.015651736,Other,random,C3H2,38.015650000,RC2_0046_ICR-3_p08
457.163258841,495.178910577,38.015651736,Other,random,C3H2,38.015650000,RC2_0046_ICR-3_p08
268.046297083,306.061948819,38.015651736,Other,random,C3H2,38.015650000,RC2_0046_ICR-3_p08
373.069380571,411.085032307,38.015651736,Other,random,C3H2,38.015650000,RC2_0046_ICR-3_p08
411.215302754,449.230954490,38.015651736,Other,random,C3H2,38.015650000,RC2_0046_ICR-3_p08
417.067251930,455.082903666,38.015651736,Other,random,C3H2,38.015650000,RC2_0046_ICR-3_p08
435.093034464,473.108686200,38.015651736,Other,random,C3H2,38.015650000,RC2_0046_ICR-3_p08
463.173775344,501.189427080,38.015651736,Other,random,C3H2,38.015650000,RC2_0046_ICR-3_p08
465.098161181,503.113812917,38.015651736,Other,random,C3H2,38.015650000,RC2_0046_ICR-3_p08
360.085480649,398.101132385,38.015651736,Other,random,C3H2,38.015650000,RC2_0046_ICR-3_p08
429.176508562,467.192161298,38.015652736,Other,random,C3H2,38.015650000,RC2_0046_ICR-3_p08
468.086155506,506.101808242,38.015652736,Other,random,C3H2,38.015650000,RC2_0046_ICR-3_p08
531.200252773,569.215905509,38.015652736,Other,random,C3H2,38.015650000,RC2_0046_ICR-3_p08
437.035894222,475.051546958,38.015652736,Other,random,C3H2,38.015650000,RC2_0046_ICR-3_p08
487.254764192,525.270416928,38.015652736,Other,random,C3H2,38.015650000,RC2_0046_ICR-3_p08
427.173820057,465.189472794,38.015652736,Other,random,C3H2,38.015650000,RC2_0046_ICR-3_p08
438.039326966,476.054980702,38.015653736,Other,random,C3H2,38.015650000,RC2_0046_ICR-3_p08
501.124762355,539.140416091,38.015653736,Other,random,C3H2,38.015650000,RC2_0046_ICR-3_p08
272.113893828,310.129547564,38.015653736,Other,random,C3H2,38.015650000,RC2_0046_ICR-3_p08
303.050960591,341.066614328,38.015653736,Other,random,C3H2,38.015650000,RC2_0046_ICR-3_p08
335.162930371,373.178584107,38.015653736,Other,random,C3H2,38.015650000,RC2_0046_ICR-3_p08
433.077380014,471.093033750,38.015653736,Other,random,C3H2,38.015650000,RC2_0046_ICR-3_p08
495.114276851,533.129930587,38.015653736,Other,random,C3H2,38.015650000,RC2_0046_ICR-3_p08
328.140030163,366.155683899,38.015653736,Other,random,C3H2,38.015650000,RC2_0046_ICR-3_p08
735.215141334,773.230796070,38.015654736,Other,random,C3H2,38.015650000,RC2_0046_ICR-3_p08
233.045607557,271.061262293,38.015654736,Other,random,C3H2,38.015650000,RC2_0046_ICR-3_p08
347.134614587,385.150269323,38.015654736,Other,random,C3H2,38.015650000,RC2_0046_ICR-3_p08
379.139647820,417.155302556,38.015654736,Other,random,C3H2,38.015650000,RC2_0046_ICR-3_p08
497.093558455,535.109213191,38.015654736,Other,random,C3H2,38.015650000,RC2_0046_ICR-3_p08
227.019762119,265.035417855,38.015655736,Other,random,C3H2,38.015650000,RC2_0046_ICR-3_p08
299.090093394,337.105749130,38.015655736,Other,random,C3H2,38.015650000,RC2_0046_ICR-3_p08
315.063982632,353.079638368,38.015655736,Other,random,C3H2,38.015650000,RC2_0046_ICR-3_p08
415.152816051,453.168471787,38.015655736,Other,random,C3H2,38.015650000,RC2_0046_ICR-3_p08
417.168303501,455.183959237,38.015655736,Other,random,C3H2,38.015650000,RC2_0046_ICR-3_p08
457.062282269,495.077938005,38.015655736,Other,random,C3H2,38.015650000,RC2_0046_ICR-3_p08
497.057056610,535.072712346,38.015655736,Other,random,C3H2,38.015650000,RC2_0046_ICR-3_p08
359.144237642,397.159894378,38.015656736,Other,random,C3H2,38.015650000,RC2_0046_ICR-3_p08
367.030570187,405.046226924,38.015656736,Other,random,C3H2,38.015650000,RC2_0046_ICR-3_p08
289.108144737,327.123801474,38.015656736,Other,random,C3H2,38.015650000,RC2_0046_ICR-3_p08
433.090388959,471.106045695,38.015656736,Other,random,C3H2,38.015650000,RC2_0046_ICR-3_p08
239.128947751,277.144604487,38.015656736,Other,random,C3H2,38.015650000,RC2_0046_ICR-3_p08
245.139512254,283.155168990,38.015656736,Other,random,C3H2,38.015650000,RC2_0046_ICR-3_p08
305.087691952,343.103348688,38.015656736,Other,random,C3H2,38.015650000,RC2_0046_ICR-3_p08
375.048609175,413.064265911,38.015656736,Other,random,C3H2,38.015650000,RC2_0046_ICR-3_p08
385.126820422,423.142477159,38.015656736,Other,random,C3H2,38.015650000,RC2_0046_ICR-3_p08
257.139447350,295.155105086,38.015657736,Other,random,C3H2,38.015650000,RC2_0046_ICR-3_p08
339.108406634,377.124064370,38.015657736,Other,random,C3H2,38.015650000,RC2_0046_ICR-3_p08
383.025307337,421.040965073,38.015657736,Other,random,C3H2,38.015650000,RC2_0046_ICR-3_p08
383.207419565,421.223077301,38.015657736,Other,random,C3H2,38.015650000,RC2_0046_ICR-3_p08
389.087667620,427.103325356,38.015657736,Other,random,C3H2,38.015650000,RC2_0046_ICR-3_p08
365.209922911,403.225581647,38.015658736,Other,random,C3H2,38.015650000,RC2_0046_ICR-3_p08
537.124989640,575.140648376,38.015658736,Other,random,C3H2,38.015650000,RC2_0046_ICR-3_p08
609.219039814,647.234698550,38.015658736,Other,random,C3H2,38.015650000,RC2_0046_ICR-3_p08
307.118609336,345.134268072,38.015658736,Other,random,C3H2,38.015650000,RC2_0046_ICR-3_p08
378.046540457,416.062200193,38.015659736,Other,random,C3H2,38.015650000,RC2_0046_ICR-3_p08
359.090102871,397.105762607,38.015659736,Other,random,C3H2,38.015650000,RC2_0046_ICR-3_p08
519.077881197,557.093540933,38.015659736,Other,random,C3H2,38.015650000,RC2_0046_ICR-3_p08
393.204839155,431.220498891,38.015659736,Other,random,C3H2,38.015650000,RC2_0046_ICR-3_p08
425.145111663,463.160771399,38.015659736,Other,random,C3H2,38.015650000,RC2_0046_ICR-3_p08
543.135541143,581.151200879,38.015659736,Other,random,C3H2,38.015650000,RC2_0046_ICR-3_p08
249.004150860,287.019810596,38.015659736,Other,random,C3H2,38.015650000,RC2_0046_ICR-3_p08
491.155723644,529.171383380,38.015659736,Other,random,C3H2,38.015650000,RC2_0046_ICR-3_p08
569.215905509,607.231565245,38.015659736,Other,random,C3H2,38.015650000,RC2_0046_ICR-3_p08
335.149919426,373.186690073,38.036770647,Other,random,O2H6,38.036780000,RC2_0046_ICR-3_p08
315.087331533,353.124102179,38.036770647,Other,random,O2H6,38.036780000,RC2_0046_ICR-3_p08
459.165831346,497.202602993,38.036771647,Other,random,O2H6,38.036780000,RC2_0046_ICR-3_p08
247.133925794,285.170697440,38.036771647,Other,random,O2H6,38.036780000,RC2_0046_ICR-3_p08
567.200199060,605.236970707,38.036771647,Other,random,O2H6,38.036780000,RC2_0046_ICR-3_p08
509.057227705,547.093999351,38.036771647,Other,random,O2H6,38.036780000,RC2_0046_ICR-3_p08
339.100354669,377.137127315,38.036772647,Other,random,O2H6,38.036780000,RC2_0046_ICR-3_p08
425.137002698,463.173775344,38.036772647,Other,random,O2H6,38.036780000,RC2_0046_ICR-3_p08
471.020455058,509.057227705,38.036772647,Other,random,O2H6,38.036780000,RC2_0046_ICR-3_p08
485.049086548,523.085859195,38.036772647,Other,random,O2H6,38.036780000,RC2_0046_ICR-3_p08
433.150267705,471.187040352,38.036772647,Other,random,O2H6,38.036780000,RC2_0046_ICR-3_p08
288.998929201,327.035702847,38.036773647,Other,random,O2H6,38.036780000,RC2_0046_ICR-3_p08
511.101215034,549.137988681,38.036773647,Other,random,O2H6,38.036780000,RC2_0046_ICR-3_p08
429.118988806,467.155762452,38.036773647,Other,random,O2H6,38.036780000,RC2_0046_ICR-3_p08
657.182635351,695.219409997,38.036774647,Other,random,O2H6,38.036780000,RC2_0046_ICR-3_p08
497.158335180,535.195109827,38.036774647,Other,random,O2H6,38.036780000,RC2_0046_ICR-3_p08
361.142055167,399.178830813,38.036775646,Other,random,O2H6,38.036780000,RC2_0046_ICR-3_p08
563.104032436,601.140808083,38.036775646,Other,random,O2H6,38.036780000,RC2_0046_ICR-3_p08
459.215483135,497.252258782,38.036775646,Other,random,O2H6,38.036780000,RC2_0046_ICR-3_p08
238.072137234,276.108913881,38.036776646,Other,random,O2H6,38.036780000,RC2_0046_ICR-3_p08
305.066572041,343.103348688,38.036776646,Other,random,O2H6,38.036780000,RC2_0046_ICR-3_p08
489.140020194,527.176796841,38.036776646,Other,random,O2H6,38.036780000,RC2_0046_ICR-3_p08
355.058749972,393.095526619,38.036776646,Other,random,O2H6,38.036780000,RC2_0046_ICR-3_p08
545.130046682,583.166824329,38.036777646,Other,random,O2H6,38.036780000,RC2_0046_ICR-3_p08
288.051259221,326.088036867,38.036777646,Other,random,O2H6,38.036780000,RC2_0046_ICR-3_p08
487.197073436,525.233851083,38.036777646,Other,random,O2H6,38.036780000,RC2_0046_ICR-3_p08
517.026045901,555.062823547,38.036777646,Other,random,O2H6,38.036780000,RC2_0046_ICR-3_p08
577.192546672,615.229324319,38.036777646,Other,random,O2H6,38.036780000,RC2_0046_ICR-3_p08
647.234698550,685.271476197,38.036777646,Other,random,O2H6,38.036780000,RC2_0046_ICR-3_p08
349.019999589,387.056778235,38.036778646,Other,random,O2H6,38.036780000,RC2_0046_ICR-3_p08
387.157810807,425.194589453,38.036778646,Other,random,O2H6,38.036780000,RC2_0046_ICR-3_p08
397.142169453,435.178948099,38.036778646,Other,random,O2H6,38.036780000,RC2_0046_ICR-3_p08
527.046731393,565.083511039,38.036779646,Other,random,O2H6,38.036780000,RC2_0046_ICR-3_p08
223.097665756,261.134445403,38.036779646,Other,random,O2H6,38.036780000,RC2_0046_ICR-3_p08
317.116029927,355.152809573,38.036779646,Other,random,O2H6,38.036780000,RC2_0046_ICR-3_p08
451.152806338,489.189585984,38.036779646,Other,random,O2H6,38.036780000,RC2_0046_ICR-3_p08
471.129530596,509.166310242,38.036779646,Other,random,O2H6,38.036780000,RC2_0046_ICR-3_p08
475.197017341,513.233796988,38.036779646,Other,random,O2H6,38.036780000,RC2_0046_ICR-3_p08
683.234976836,721.271756482,38.036779646,Other,random,O2H6,38.036780000,RC2_0046_ICR-3_p08
353.152336059,391.189115706,38.036779646,Other,random,O2H6,38.036780000,RC2_0046_ICR-3_p08
355.045688028,393.082468674,38.036780646,Other,random,O2H6,38.036780000,RC2_0046_ICR-3_p08
445.077470109,483.114250756,38.036780646,Other,random,O2H6,38.036780000,RC2_0046_ICR-3_p08
501.226025925,539.262806572,38.036780646,Other,random,O2H6,38.036780000,RC2_0046_ICR-3_p08
545.166428528,583.203209175,38.036780646,Other,random,O2H6,38.036780000,RC2_0046_ICR-3_p08
413.014801121,451.051581767,38.036780646,Other,random,O2H6,38.036780000,RC2_0046_ICR-3_p08
347.186231368,385.223013014,38.036781646,Other,random,O2H6,38.036780000,RC2_0046_ICR-3_p08
433.186524551,471.223306198,38.036781646,Other,random,O2H6,38.036780000,RC2_0046_ICR-3_p08
455.220515082,493.257296729,38.036781646,Other,random,O2H6,38.036780000,RC2_0046_ICR-3_p08
281.030286004,319.067067651,38.036781646,Other,random,O2H6,38.036780000,RC2_0046_ICR-3_p08
487.124388745,525.161170391,38.036781646,Other,random,O2H6,38.036780000,RC2_0046_ICR-3_p08
355.095319817,393.132102464,38.036782646,Other,random,O2H6,38.036780000,RC2_0046_ICR-3_p08
589.120006075,627.156788722,38.036782646,Other,random,O2H6,38.036780000,RC2_0046_ICR-3_p08
317.043276236,355.080058882,38.036782646,Other,random,O2H6,38.036780000,RC2_0046_ICR-3_p08
329.139349923,367.176132570,38.036782646,Other,random,O2H6,38.036780000,RC2_0046_ICR-3_p08
415.116292206,453.153074852,38.036782646,Other,random,O2H6,38.036780000,RC2_0046_ICR-3_p08
699.120254450,737.157038096,38.036783646,Other,random,O2H6,38.036780000,RC2_0046_ICR-3_p08
290.030504825,328.067288471,38.036783646,Other,random,O2H6,38.036780000,RC2_0046_ICR-3_p08
283.110559179,321.147343826,38.036784646,Other,random,O2H6,38.036780000,RC2_0046_ICR-3_p08
383.004180427,421.040965073,38.036784646,Other,random,O2H6,38.036780000,RC2_0046_ICR-3_p08
469.236171627,507.272956274,38.036784646,Other,random,O2H6,38.036780000,RC2_0046_ICR-3_p08
477.176568944,515.213353590,38.036784646,Other,random,O2H6,38.036780000,RC2_0046_ICR-3_p08
481.127056186,519.163840832,38.036784646,Other,random,O2H6,38.036780000,RC2_0046_ICR-3_p08
481.207632844,519.244417490,38.036784646,Other,random,O2H6,38.036780000,RC2_0046_ICR-3_p08
583.218713109,621.255498755,38.036785646,Other,random,O2H6,38.036780000,RC2_0046_ICR-3_p08
443.098228505,481.135014152,38.036785646,Other,random,O2H6,38.036780000,RC2_0046_ICR-3_p08
479.147709582,517.184496229,38.036786646,Other,random,O2H6,38.036780000,RC2_0046_ICR-3_p08
385.142185357,423.178972004,38.036786646,Other,random,O2H6,38.036780000,RC2_0046_ICR-3_p08
432.064984309,470.101770955,38.036786646,Other,random,O2H6,38.036780000,RC2_0046_ICR-3_p08
335.077103735,373.113891382,38.036787646,Other,random,O2H6,38.036780000,RC2_0046_ICR-3_p08
451.015338921,489.052126567,38.036787646,Other,random,O2H6,38.036780000,RC2_0046_ICR-3_p08
307.045857645,345.082645291,38.036787646,Other,random,O2H6,38.036780000,RC2_0046_ICR-3_p08
343.095198722,381.131987369,38.036788646,Other,random,O2H6,38.036780000,RC2_0046_ICR-3_p08
489.031053657,527.067842303,38.036788646,Other,random,O2H6,38.036780000,RC2_0046_ICR-3_p08
351.035667038,389.072456685,38.036789646,Other,random,O2H6,38.036780000,RC2_0046_ICR-3_p08
289.144503583,327.181293230,38.036789646,Other,random,O2H6,38.036780000,RC2_0046_ICR-3_p08
459.142468445,497.179258092,38.036789646,Other,random,O2H6,38.036780000,RC2_0046_ICR-3_p08
403.097599190,441.149624771,38.052025582,Other,random,C4H6O_1,38.052035000,RC2_0046_ICR-3_p08
239.056148060,277.108173642,38.052025582,Other,random,C4H6O_1,38.052035000,RC2_0046_ICR-3_p08
400.060017075,438.112042657,38.052025582,Other,random,C4H6O_1,38.052035000,RC2_0046_ICR-3_p08
403.116282110,441.168307692,38.052025582,Other,random,C4H6O_1,38.052035000,RC2_0046_ICR-3_p08
555.208177931,593.260203512,38.052025582,Other,random,C4H6O_1,38.052035000,RC2_0046_ICR-3_p08
289.084773837,327.136799418,38.052025582,Other,random,C4H6O_1,38.052035000,RC2_0046_ICR-3_p08
380.062259907,418.114285488,38.052025582,Other,random,C4H6O_1,38.052035000,RC2_0046_ICR-3_p08
420.057149247,458.109174828,38.052025582,Other,random,C4H6O_1,38.052035000,RC2_0046_ICR-3_p08
627.193235567,665.245262149,38.052026582,Other,random,C4H6O_1,38.052035000,RC2_0046_ICR-3_p08
379.030454283,417.082480865,38.052026582,Other,random,C4H6O_1,38.052035000,RC2_0046_ICR-3_p08
459.041531873,497.093558455,38.052026582,Other,random,C4H6O_1,38.052035000,RC2_0046_ICR-3_p08
272.077519982,310.129547564,38.052027582,Other,random,C4H6O_1,38.052035000,RC2_0046_ICR-3_p08
440.055059415,478.107086996,38.052027582,Other,random,C4H6O_1,38.052035000,RC2_0046_ICR-3_p08
517.075494691,555.127522273,38.052027582,Other,random,C4H6O_1,38.052035000,RC2_0046_ICR-3_p08
227.056198964,265.108226546,38.052027582,Other,random,C4H6O_1,38.052035000,RC2_0046_ICR-3_p08
391.124480980,429.176508562,38.052027582,Other,random,C4H6O_1,38.052035000,RC2_0046_ICR-3_p08
589.192670767,627.244698349,38.052027582,Other,random,C4H6O_1,38.052035000,RC2_0046_ICR-3_p08
423.106006313,461.158034895,38.052028582,Other,random,C4H6O_1,38.052035000,RC2_0046_ICR-3_p08
395.025350432,433.077380014,38.052029582,Other,random,C4H6O_1,38.052035000,RC2_0046_ICR-3_p08
435.093034464,473.145064046,38.052029582,Other,random,C4H6O_1,38.052035000,RC2_0046_ICR-3_p08
355.152809573,393.204839155,38.052029582,Other,random,C4H6O_1,38.052035000,RC2_0046_ICR-3_p08
313.142233784,351.194263366,38.052029582,Other,random,C4H6O_1,38.052035000,RC2_0046_ICR-3_p08
537.247062122,575.299091704,38.052029582,Other,random,C4H6O_1,38.052035000,RC2_0046_ICR-3_p08
309.025120249,347.077150831,38.052030582,Other,random,C4H6O_1,38.052035000,RC2_0046_ICR-3_p08
357.074513421,395.126544003,38.052030582,Other,random,C4H6O_1,38.052035000,RC2_0046_ICR-3_p08
397.163217364,435.215247945,38.052030582,Other,random,C4H6O_1,38.052035000,RC2_0046_ICR-3_p08
513.161221295,551.213251877,38.052030582,Other,random,C4H6O_1,38.052035000,RC2_0046_ICR-3_p08
523.109276095,561.161306677,38.052030582,Other,random,C4H6O_1,38.052035000,RC2_0046_ICR-3_p08
551.140640185,589.192670767,38.052030582,Other,random,C4H6O_1,38.052035000,RC2_0046_ICR-3_p08
321.061516190,359.113546772,38.052030582,Other,random,C4H6O_1,38.052035000,RC2_0046_ICR-3_p08
339.072033789,377.124064370,38.052030582,Other,random,C4H6O_1,38.052035000,RC2_0046_ICR-3_p08
461.093536169,499.145566750,38.052030582,Other,random,C4H6O_1,38.052035000,RC2_0046_ICR-3_p08
261.004080956,299.056112538,38.052031582,Other,random,C4H6O_1,38.052035000,RC2_0046_ICR-3_p08
435.087512487,473.139544069,38.052031582,Other,random,C4H6O_1,38.052035000,RC2_0046_ICR-3_p08
445.077470109,483.129501691,38.052031582,Other,random,C4H6O_1,38.052035000,RC2_0046_ICR-3_p08
531.236623619,569.288655201,38.052031582,Other,random,C4H6O_1,38.052035000,RC2_0046_ICR-3_p08
566.115015663,604.167047245,38.052031582,Other,random,C4H6O_1,38.052035000,RC2_0046_ICR-3_p08
327.100344573,365.152377155,38.052032582,Other,random,C4H6O_1,38.052035000,RC2_0046_ICR-3_p08
337.092807185,375.144839766,38.052032582,Other,random,C4H6O_1,38.052035000,RC2_0046_ICR-3_p08
365.118427299,403.170459881,38.052032582,Other,random,C4H6O_1,38.052035000,RC2_0046_ICR-3_p08
441.189464602,479.241497184,38.052032582,Other,random,C4H6O_1,38.052035000,RC2_0046_ICR-3_p08
449.139602878,487.191635459,38.052032582,Other,random,C4H6O_1,38.052035000,RC2_0046_ICR-3_p08
405.076983793,443.129016375,38.052032582,Other,random,C4H6O_1,38.052035000,RC2_0046_ICR-3_p08
315.100302478,353.152336059,38.052033582,Other,random,C4H6O_1,38.052035000,RC2_0046_ICR-3_p08
403.079856265,441.131889847,38.052033582,Other,random,C4H6O_1,38.052035000,RC2_0046_ICR-3_p08
419.098056315,457.150089897,38.052033582,Other,random,C4H6O_1,38.052035000,RC2_0046_ICR-3_p08
521.129966492,559.182001074,38.052034582,Other,random,C4H6O_1,38.052035000,RC2_0046_ICR-3_p08
621.146273219,659.198307800,38.052034582,Other,random,C4H6O_1,38.052035000,RC2_0046_ICR-3_p08
285.097950749,323.149985331,38.052034582,Other,random,C4H6O_1,38.052035000,RC2_0046_ICR-3_p08
345.074538326,383.126572908,38.052034582,Other,random,C4H6O_1,38.052035000,RC2_0046_ICR-3_p08
399.142459968,437.194494549,38.052034582,Other,random,C4H6O_1,38.052035000,RC2_0046_ICR-3_p08
441.030752276,479.082786858,38.052034582,Other,random,C4H6O_1,38.052035000,RC2_0046_ICR-3_p08
245.066709563,283.118744145,38.052034582,Other,random,C4H6O_1,38.052035000,RC2_0046_ICR-3_p08
355.116234729,393.168270310,38.052035582,Other,random,C4H6O_1,38.052035000,RC2_0046_ICR-3_p08
309.055853118,347.107888700,38.052035582,Other,random,C4H6O_1,38.052035000,RC2_0046_ICR-3_p08
395.256664451,433.308700033,38.052035582,Other,random,C4H6O_1,38.052035000,RC2_0046_ICR-3_p08
403.087874231,441.139909813,38.052035582,Other,random,C4H6O_1,38.052035000,RC2_0046_ICR-3_p08
471.150686506,509.202722088,38.052035582,Other,random,C4H6O_1,38.052035000,RC2_0046_ICR-3_p08
475.181761406,513.233796988,38.052035582,Other,random,C4H6O_1,38.052035000,RC2_0046_ICR-3_p08
447.056625714,485.108661296,38.052035582,Other,random,C4H6O_1,38.052035000,RC2_0046_ICR-3_p08
419.056244492,457.108281074,38.052036582,Other,random,C4H6O_1,38.052035000,RC2_0046_ICR-3_p08
439.051555672,477.103592253,38.052036582,Other,random,C4H6O_1,38.052035000,RC2_0046_ICR-3_p08
479.059705955,517.111742537,38.052036582,Other,random,C4H6O_1,38.052035000,RC2_0046_ICR-3_p08
327.144810384,365.196847966,38.052037582,Other,random,C4H6O_1,38.052035000,RC2_0046_ICR-3_p08
553.192703480,591.244741062,38.052037582,Other,random,C4H6O_1,38.052035000,RC2_0046_ICR-3_p08
311.113457390,349.165495972,38.052038582,Other,random,C4H6O_1,38.052035000,RC2_0046_ICR-3_p08
311.126596334,349.178634916,38.052038582,Other,random,C4H6O_1,38.052035000,RC2_0046_ICR-3_p08
325.142186880,363.194225461,38.052038582,Other,random,C4H6O_1,38.052035000,RC2_0046_ICR-3_p08
329.124093988,367.176132570,38.052038582,Other,random,C4H6O_1,38.052035000,RC2_0046_ICR-3_p08
337.214948666,375.266987248,38.052038582,Other,random,C4H6O_1,38.052035000,RC2_0046_ICR-3_p08
282.061907628,320.113946210,38.052038582,Other,random,C4H6O_1,38.052035000,RC2_0046_ICR-3_p08
505.135038343,543.187076925,38.052038582,Other,random,C4H6O_1,38.052035000,RC2_0046_ICR-3_p08
303.072087502,341.124127084,38.052039582,Other,random,C4H6O_1,38.052035000,RC2_0046_ICR-3_p08
397.126908518,435.178948099,38.052039582,Other,random,C4H6O_1,38.052035000,RC2_0046_ICR-3_p08
375.056657140,413.108696722,38.052039582,Other,random,C4H6O_1,38.052035000,RC2_0046_ICR-3_p08
441.095670000,479.147709582,38.052039582,Other,random,C4H6O_1,38.052035000,RC2_0046_ICR-3_p08
414.117124444,452.169165026,38.052040582,Other,random,C4H6O_1,38.052035000,RC2_0046_ICR-3_p08
294.025500878,332.077541460,38.052040582,Other,random,C4H6O_1,38.052035000,RC2_0046_ICR-3_p08
531.054791390,569.106832972,38.052041582,Other,random,C4H6O_1,38.052035000,RC2_0046_ICR-3_p08
451.051581767,489.103623349,38.052041582,Other,random,C4H6O_1,38.052035000,RC2_0046_ICR-3_p08
381.113404448,419.165446029,38.052041582,Other,random,C4H6O_1,38.052035000,RC2_0046_ICR-3_p08
507.041553255,545.093594837,38.052041582,Other,random,C4H6O_1,38.052035000,RC2_0046_ICR-3_p08
489.124755259,527.176796841,38.052041582,Other,random,C4H6O_1,38.052035000,RC2_0046_ICR-3_p08
339.035520944,377.087562525,38.052041582,Other,random,C4H6O_1,38.052035000,RC2_0046_ICR-3_p08
487.218374346,525.270416928,38.052042582,Other,random,C4H6O_1,38.052035000,RC2_0046_ICR-3_p08
643.224632561,681.276675143,38.052042582,Other,random,C4H6O_1,38.052035000,RC2_0046_ICR-3_p08
409.126819613,447.178862195,38.052042582,Other,random,C4H6O_1,38.052035000,RC2_0046_ICR-3_p08
289.129249648,327.181293230,38.052043582,Other,random,C4H6O_1,38.052035000,RC2_0046_ICR-3_p08
327.048534793,365.100578375,38.052043582,Other,random,C4H6O_1,38.052035000,RC2_0046_ICR-3_p08
355.080058882,393.132102464,38.052043582,Other,random,C4H6O_1,38.052035000,RC2_0046_ICR-3_p08
455.191993203,493.244036785,38.052043582,Other,random,C4H6O_1,38.052035000,RC2_0046_ICR-3_p08
317.043276236,355.095319817,38.052043582,Other,random,C4H6O_1,38.052035000,RC2_0046_ICR-3_p08
529.156284444,567.208328026,38.052043582,Other,random,C4H6O_1,38.052035000,RC2_0046_ICR-3_p08
609.073252433,647.125297015,38.052044582,Other,random,C4H6O_1,38.052035000,RC2_0046_ICR-3_p08
325.020032398,363.072076980,38.052044582,Other,random,C4H6O_1,38.052035000,RC2_0046_ICR-3_p08
293.066606945,331.118651527,38.052044582,Other,random,C4H6O_1,38.052035000,RC2_0046_ICR-3_p08
354.046584266,392.098628848,38.052044582,Other,random,C4H6O_1,38.052035000,RC2_0046_ICR-3_p08
397.113849573,435.165894155,38.052044582,Other,random,C4H6O_1,38.052035000,RC2_0046_ICR-3_p08
491.155723644,529.207768225,38.052044582,Other,random,C4H6O_1,38.052035000,RC2_0046_ICR-3_p08
511.036489309,549.088533890,38.052044582,Other,random,C4H6O_1,38.052035000,RC2_0046_ICR-3_p08
513.116938483,551.168983065,38.052044582,Other,random,C4H6O_1,38.052035000,RC2_0046_ICR-3_p08
527.140525995,565.192570576,38.052044582,Other,random,C4H6O_1,38.052035000,RC2_0046_ICR-3_p08
633.146192314,671.198236896,38.052044582,Other,random,C4H6O_1,38.052035000,RC2_0046_ICR-3_p08
565.119770885,604.167047245,39.047276360,Other,random,C3H5N1O_1,39.047284000,RC2_0046_ICR-3_p08
307.009491799,346.056768159,39.047276360,Other,random,C3H5N1O_1,39.047284000,RC2_0046_ICR-3_p08
239.019772214,278.067049574,39.047277360,Other,random,C3H5N1O_1,39.047284000,RC2_0046_ICR-3_p08
327.035702847,366.082980207,39.047277360,Other,random,C3H5N1O_1,39.047284000,RC2_0046_ICR-3_p08
295.009489704,334.056770064,39.047280360,Other,random,C3H5N1O_1,39.047284000,RC2_0046_ICR-3_p08
405.046226924,444.093507283,39.047280360,Other,random,C3H5N1O_1,39.047284000,RC2_0046_ICR-3_p08
251.056194155,290.103474515,39.047280360,Other,random,C3H5N1O_1,39.047284000,RC2_0046_ICR-3_p08
323.053835738,362.101120098,39.047284360,Other,random,C3H5N1O_1,39.047284000,RC2_0046_ICR-3_p08
321.038195289,360.085480649,39.047285360,Other,random,C3H5N1O_1,39.047284000,RC2_0046_ICR-3_p08
367.103365879,406.150651239,39.047285360,Other,random,C3H5N1O_1,39.047284000,RC2_0046_ICR-3_p08
235.024861161,274.072153521,39.047292360,Other,random,C3H5N1O_1,39.047284000,RC2_0046_ICR-3_p08
455.046540820,494.093834180,39.047293360,Other,random,C3H5N1O_1,39.047284000,RC2_0046_ICR-3_p08
457.025877424,496.073170784,39.047293360,Other,random,C3H5N1O_1,39.047284000,RC2_0046_ICR-3_p08
573.146357836,612.193651196,39.047293360,Other,random,C3H5N1O_1,39.047284000,RC2_0046_ICR-3_p08
281.030286004,320.113946210,39.083660206,Other,random,C4H9N1O_2,39.083669000,RC2_0046_ICR-3_p08
397.041121882,436.124782087,39.083660206,Other,random,C4H9N1O_2,39.083669000,RC2_0046_ICR-3_p08
287.040813507,326.124475713,39.083662206,Other,random,C4H9N1O_2,39.083669000,RC2_0046_ICR-3_p08
539.031736552,578.115403757,39.083667206,Other,random,C4H9N1O_2,39.083669000,RC2_0046_ICR-3_p08
349.019999589,388.103666795,39.083667206,Other,random,C4H9N1O_2,39.083669000,RC2_0046_ICR-3_p08
323.126518430,362.210190636,39.083672206,Other,random,C4H9N1O_2,39.083669000,RC2_0046_ICR-3_p08
291.136814132,330.220489337,39.083675206,Other,random,C4H9N1O_2,39.083669000,RC2_0046_ICR-3_p08
465.067396311,504.151074517,39.083678205,Other,random,C4H9N1O_2,39.083669000,RC2_0046_ICR-3_p08
491.314417970,531.272938465,39.958520494,Other,random,CH_4O2,39.958530000,RC2_0046_ICR-3_p08
305.175747578,345.134268072,39.958520494,Other,random,CH_4O2,39.958530000,RC2_0046_ICR-3_p08
519.200250678,559.158771172,39.958520494,Other,random,CH_4O2,39.958530000,RC2_0046_ICR-3_p08
681.240485297,721.199005791,39.958520494,Other,random,CH_4O2,39.958530000,RC2_0046_ICR-3_p08
327.157851329,367.116372823,39.958521494,Other,random,CH_4O2,39.958530000,RC2_0046_ICR-3_p08
345.074538326,385.033059820,39.958521494,Other,random,CH_4O2,39.958530000,RC2_0046_ICR-3_p08
403.139707011,443.098228505,39.958521494,Other,random,CH_4O2,39.958530000,RC2_0046_ICR-3_p08
239.056148060,279.014669554,39.958521494,Other,random,CH_4O2,39.958530000,RC2_0046_ICR-3_p08
303.090725423,343.049246917,39.958521494,Other,random,CH_4O2,39.958530000,RC2_0046_ICR-3_p08
349.142139071,389.100660565,39.958521494,Other,random,CH_4O2,39.958530000,RC2_0046_ICR-3_p08
448.161174028,488.119696523,39.958522494,Other,random,CH_4O2,39.958530000,RC2_0046_ICR-3_p08
503.119415893,543.077938388,39.958522494,Other,random,CH_4O2,39.958530000,RC2_0046_ICR-3_p08
515.155850834,555.114373329,39.958522494,Other,random,CH_4O2,39.958530000,RC2_0046_ICR-3_p08
663.265885546,703.224408040,39.958522494,Other,random,CH_4O2,39.958530000,RC2_0046_ICR-3_p08
403.087874231,443.046397725,39.958523494,Other,random,CH_4O2,39.958530000,RC2_0046_ICR-3_p08
575.249862913,615.208386407,39.958523494,Other,random,CH_4O2,39.958530000,RC2_0046_ICR-3_p08
344.077510555,384.036035050,39.958524494,Other,random,CH_4O2,39.958530000,RC2_0046_ICR-3_p08
651.229430605,691.187955099,39.958524494,Other,random,CH_4O2,39.958530000,RC2_0046_ICR-3_p08
355.103296783,395.061821278,39.958524494,Other,random,CH_4O2,39.958530000,RC2_0046_ICR-3_p08
375.202306523,415.160831017,39.958524494,Other,random,CH_4O2,39.958530000,RC2_0046_ICR-3_p08
489.103623349,529.062147843,39.958524494,Other,random,CH_4O2,39.958530000,RC2_0046_ICR-3_p08
535.231487673,575.190012167,39.958524494,Other,random,CH_4O2,39.958530000,RC2_0046_ICR-3_p08
379.116250920,419.074776414,39.958525494,Other,random,CH_4O2,39.958530000,RC2_0046_ICR-3_p08
323.077059640,363.035585134,39.958525494,Other,random,CH_4O2,39.958530000,RC2_0046_ICR-3_p08
361.105842320,401.064367815,39.958525494,Other,random,CH_4O2,39.958530000,RC2_0046_ICR-3_p08
423.160315083,463.118840577,39.958525494,Other,random,CH_4O2,39.958530000,RC2_0046_ICR-3_p08
447.165863250,487.124388745,39.958525494,Other,random,CH_4O2,39.958530000,RC2_0046_ICR-3_p08
337.178601821,377.137127315,39.958525494,Other,random,CH_4O2,39.958530000,RC2_0046_ICR-3_p08
369.186185043,409.144710538,39.958525494,Other,random,CH_4O2,39.958530000,RC2_0046_ICR-3_p08
375.085110020,415.043635514,39.958525494,Other,random,CH_4O2,39.958530000,RC2_0046_ICR-3_p08
481.135014152,521.093539646,39.958525494,Other,random,CH_4O2,39.958530000,RC2_0046_ICR-3_p08
535.182122882,575.140648376,39.958525494,Other,random,CH_4O2,39.958530000,RC2_0046_ICR-3_p08
327.217607076,367.176132570,39.958525494,Other,random,CH_4O2,39.958530000,RC2_0046_ICR-3_p08
371.077031022,411.035556517,39.958525494,Other,random,CH_4O2,39.958530000,RC2_0046_ICR-3_p08
547.182171977,587.140698472,39.958526494,Other,random,CH_4O2,39.958530000,RC2_0046_ICR-3_p08
323.186323176,363.144849671,39.958526494,Other,random,CH_4O2,39.958530000,RC2_0046_ICR-3_p08
336.072402513,376.030929008,39.958526494,Other,random,CH_4O2,39.958530000,RC2_0046_ICR-3_p08
249.113295397,289.071821892,39.958526494,Other,random,CH_4O2,39.958530000,RC2_0046_ICR-3_p08
255.160194746,295.118722240,39.958527494,Other,random,CH_4O2,39.958530000,RC2_0046_ICR-3_p08
717.313010276,757.271537770,39.958527494,Other,random,CH_4O2,39.958530000,RC2_0046_ICR-3_p08
515.140568899,555.099096393,39.958527494,Other,random,CH_4O2,39.958530000,RC2_0046_ICR-3_p08
357.264554615,397.223083110,39.958528494,Other,random,CH_4O2,39.958530000,RC2_0046_ICR-3_p08
427.197233958,467.155762452,39.958528494,Other,random,CH_4O2,39.958530000,RC2_0046_ICR-3_p08
627.156788722,667.115317216,39.958528494,Other,random,CH_4O2,39.958530000,RC2_0046_ICR-3_p08
257.139447350,297.097976844,39.958529494,Other,random,CH_4O2,39.958530000,RC2_0046_ICR-3_p08
483.114250756,523.072780250,39.958529494,Other,random,CH_4O2,39.958530000,RC2_0046_ICR-3_p08
479.155765548,519.114295042,39.958529494,Other,random,CH_4O2,39.958530000,RC2_0046_ICR-3_p08
375.121347866,415.079877360,39.958529494,Other,random,CH_4O2,39.958530000,RC2_0046_ICR-3_p08
421.163240555,461.121770049,39.958529494,Other,random,CH_4O2,39.958530000,RC2_0046_ICR-3_p08
581.151200879,621.109730374,39.958529494,Other,random,CH_4O2,39.958530000,RC2_0046_ICR-3_p08
243.160213650,283.118744145,39.958530494,Other,random,CH_4O2,39.958530000,RC2_0046_ICR-3_p08
357.082591387,397.041121882,39.958530494,Other,random,CH_4O2,39.958530000,RC2_0046_ICR-3_p08
525.262534961,565.221065456,39.958530494,Other,random,CH_4O2,39.958530000,RC2_0046_ICR-3_p08
509.215928032,549.174458526,39.958530494,Other,random,CH_4O2,39.958530000,RC2_0046_ICR-3_p08
327.072039693,367.030570187,39.958530494,Other,random,CH_4O2,39.958530000,RC2_0046_ICR-3_p08
469.236171627,509.194702122,39.958530494,Other,random,CH_4O2,39.958530000,RC2_0046_ICR-3_p08
349.092643281,389.051174775,39.958531494,Other,random,CH_4O2,39.958530000,RC2_0046_ICR-3_p08
385.178471203,425.137002698,39.958531494,Other,random,CH_4O2,39.958530000,RC2_0046_ICR-3_p08
291.108461252,331.066992746,39.958531494,Other,random,CH_4O2,39.958530000,RC2_0046_ICR-3_p08
355.168012509,395.126544003,39.958531494,Other,random,CH_4O2,39.958530000,RC2_0046_ICR-3_p08
383.201783589,423.160315083,39.958531494,Other,random,CH_4O2,39.958530000,RC2_0046_ICR-3_p08
425.072427972,465.030959466,39.958531494,Other,random,CH_4O2,39.958530000,RC2_0046_ICR-3_p08
355.134114653,395.092647147,39.958532494,Other,random,CH_4O2,39.958530000,RC2_0046_ICR-3_p08
423.165914059,463.124446553,39.958532494,Other,random,CH_4O2,39.958530000,RC2_0046_ICR-3_p08
331.103303592,371.061836087,39.958532494,Other,random,CH_4O2,39.958530000,RC2_0046_ICR-3_p08
349.201896817,389.160429312,39.958532494,Other,random,CH_4O2,39.958530000,RC2_0046_ICR-3_p08
359.077025927,399.035559421,39.958533494,Other,random,CH_4O2,39.958530000,RC2_0046_ICR-3_p08
346.093059005,386.051592500,39.958533494,Other,random,CH_4O2,39.958530000,RC2_0046_ICR-3_p08
535.195109827,575.153643321,39.958533494,Other,random,CH_4O2,39.958530000,RC2_0046_ICR-3_p08
547.231418768,587.189952263,39.958533494,Other,random,CH_4O2,39.958530000,RC2_0046_ICR-3_p08
363.102831849,403.061365343,39.958533494,Other,random,CH_4O2,39.958530000,RC2_0046_ICR-3_p08
389.090921607,429.049455101,39.958533494,Other,random,CH_4O2,39.958530000,RC2_0046_ICR-3_p08
343.248885070,383.207419565,39.958534494,Other,random,CH_4O2,39.958530000,RC2_0046_ICR-3_p08
280.082574024,320.041108519,39.958534494,Other,random,CH_4O2,39.958530000,RC2_0046_ICR-3_p08
305.139318733,345.097853227,39.958534494,Other,random,CH_4O2,39.958530000,RC2_0046_ICR-3_p08
325.056365244,365.014899738,39.958534494,Other,random,CH_4O2,39.958530000,RC2_0046_ICR-3_p08
339.108406634,379.066941129,39.958534494,Other,random,CH_4O2,39.958530000,RC2_0046_ICR-3_p08
423.178972004,463.137506498,39.958534494,Other,random,CH_4O2,39.958530000,RC2_0046_ICR-3_p08
425.173575543,465.132110037,39.958534494,Other,random,CH_4O2,39.958530000,RC2_0046_ICR-3_p08
445.134887866,485.093422360,39.958534494,Other,random,CH_4O2,39.958530000,RC2_0046_ICR-3_p08
473.311908338,513.270442832,39.958534494,Other,random,CH_4O2,39.958530000,RC2_0046_ICR-3_p08
561.234137368,601.192671863,39.958534494,Other,random,CH_4O2,39.958530000,RC2_0046_ICR-3_p08
464.119670332,504.078205826,39.958535494,Other,random,CH_4O2,39.958530000,RC2_0046_ICR-3_p08
451.087878613,491.046414107,39.958535494,Other,random,CH_4O2,39.958530000,RC2_0046_ICR-3_p08
455.191993203,495.150528698,39.958535494,Other,random,CH_4O2,39.958530000,RC2_0046_ICR-3_p08
511.254716383,551.213251877,39.958535494,Other,random,CH_4O2,39.958530000,RC2_0046_ICR-3_p08
279.123766092,319.082301586,39.958535494,Other,random,CH_4O2,39.958530000,RC2_0046_ICR-3_p08
485.072211450,525.030747944,39.958536494,Other,random,CH_4O2,39.958530000,RC2_0046_ICR-3_p08
247.097626948,287.056163442,39.958536494,Other,random,CH_4O2,39.958530000,RC2_0046_ICR-3_p08
306.098231665,346.056768159,39.958536494,Other,random,CH_4O2,39.958530000,RC2_0046_ICR-3_p08
354.155689803,394.114226298,39.958536494,Other,random,CH_4O2,39.958530000,RC2_0046_ICR-3_p08
391.139715916,431.098252410,39.958536494,Other,random,CH_4O2,39.958530000,RC2_0046_ICR-3_p08
489.176535039,529.135071534,39.958536494,Other,random,CH_4O2,39.958530000,RC2_0046_ICR-3_p08
519.150732888,559.109269382,39.958536494,Other,random,CH_4O2,39.958530000,RC2_0046_ICR-3_p08
457.244065498,497.202602993,39.958537494,Other,random,CH_4O2,39.958530000,RC2_0046_ICR-3_p08
409.150237514,449.108775008,39.958537494,Other,random,CH_4O2,39.958530000,RC2_0046_ICR-3_p08
439.210246998,479.168784493,39.958537494,Other,random,CH_4O2,39.958530000,RC2_0046_ICR-3_p08
319.095273531,359.053811025,39.958537494,Other,random,CH_4O2,39.958530000,RC2_0046_ICR-3_p08
391.103234070,431.061771565,39.958537494,Other,random,CH_4O2,39.958530000,RC2_0046_ICR-3_p08
329.066555232,369.025093727,39.958538494,Other,random,CH_4O2,39.958530000,RC2_0046_ICR-3_p08
427.233622804,467.192161298,39.958538494,Other,random,CH_4O2,39.958530000,RC2_0046_ICR-3_p08
437.121797858,477.080336352,39.958538494,Other,random,CH_4O2,39.958530000,RC2_0046_ICR-3_p08
383.134591874,423.093130368,39.958538494,Other,random,CH_4O2,39.958530000,RC2_0046_ICR-3_p08
455.119399511,495.077938005,39.958538494,Other,random,CH_4O2,39.958530000,RC2_0046_ICR-3_p08
317.139288828,357.097827323,39.958538494,Other,random,CH_4O2,39.958530000,RC2_0046_ICR-3_p08
543.135541143,583.094079638,39.958538494,Other,random,CH_4O2,39.958530000,RC2_0046_ICR-3_p08
375.108332921,415.066872416,39.958539494,Other,random,CH_4O2,39.958530000,RC2_0046_ICR-3_p08
433.186524551,473.145064046,39.958539494,Other,random,CH_4O2,39.958530000,RC2_0046_ICR-3_p08
509.166310242,549.124849736,39.958539494,Other,random,CH_4O2,39.958530000,RC2_0046_ICR-3_p08
409.113701669,449.072241163,39.958539494,Other,random,CH_4O2,39.958530000,RC2_0046_ICR-3_p08
453.212719599,493.171259094,39.958539494,Other,random,CH_4O2,39.958530000,RC2_0046_ICR-3_p08
573.197712618,613.156252113,39.958539494,Other,random,CH_4O2,39.958530000,RC2_0046_ICR-3_p08
619.276094152,659.234633646,39.958539494,Other,random,CH_4O2,39.958530000,RC2_0046_ICR-3_p08
276.108913881,316.067453375,39.958539494,Other,random,CH_4O2,39.958530000,RC2_0046_ICR-3_p08
308.126984059,348.085523553,39.958539494,Other,random,CH_4O2,39.958530000,RC2_0046_ICR-3_p08
613.141322176,653.099861670,39.958539494,Other,random,CH_4O2,39.958530000,RC2_0046_ICR-3_p08
279.087396246,319.082301586,39.994905340,Other,random,C2O1,39.994915000,RC2_0046_ICR-3_p08
295.045910549,335.040815889,39.994905340,Other,random,C2O1,39.994915000,RC2_0046_ICR-3_p08
390.095647344,430.090552685,39.994905340,Other,random,C2O1,39.994915000,RC2_0046_ICR-3_p08
515.176897745,555.171803085,39.994905340,Other,random,C2O1,39.994915000,RC2_0046_ICR-3_p08
229.035456568,269.030361908,39.994905340,Other,random,C2O1,39.994915000,RC2_0046_ICR-3_p08
257.139447350,297.134352690,39.994905340,Other,random,C2O1,39.994915000,RC2_0046_ICR-3_p08
431.165408125,471.160314465,39.994906340,Other,random,C2O1,39.994915000,RC2_0046_ICR-3_p08
440.055059415,480.049965755,39.994906340,Other,random,C2O1,39.994915000,RC2_0046_ICR-3_p08
329.152296869,369.147203209,39.994906340,Other,random,C2O1,39.994915000,RC2_0046_ICR-3_p08
401.064367815,441.059274155,39.994906340,Other,random,C2O1,39.994915000,RC2_0046_ICR-3_p08
519.200250678,559.195157018,39.994906340,Other,random,C2O1,39.994915000,RC2_0046_ICR-3_p08
521.202695183,561.197601523,39.994906340,Other,random,C2O1,39.994915000,RC2_0046_ICR-3_p08
312.108778168,352.103685508,39.994907340,Other,random,C2O1,39.994915000,RC2_0046_ICR-3_p08
319.045834741,359.040742081,39.994907340,Other,random,C2O1,39.994915000,RC2_0046_ICR-3_p08
337.159927900,377.154835240,39.994907340,Other,random,C2O1,39.994915000,RC2_0046_ICR-3_p08
389.100660565,429.095567905,39.994907340,Other,random,C2O1,39.994915000,RC2_0046_ICR-3_p08
605.236970707,645.231878047,39.994907340,Other,random,C2O1,39.994915000,RC2_0046_ICR-3_p08
339.072033789,379.066941129,39.994907340,Other,random,C2O1,39.994915000,RC2_0046_ICR-3_p08
221.045627461,261.040534801,39.994907340,Other,random,C2O1,39.994915000,RC2_0046_ICR-3_p08
395.201733684,435.196641024,39.994907340,Other,random,C2O1,39.994915000,RC2_0046_ICR-3_p08
513.246811932,553.241719272,39.994907340,Other,random,C2O1,39.994915000,RC2_0046_ICR-3_p08
589.083643230,629.078550570,39.994907340,Other,random,C2O1,39.994915000,RC2_0046_ICR-3_p08
363.157831616,403.152739956,39.994908340,Other,random,C2O1,39.994915000,RC2_0046_ICR-3_p08
385.077519632,425.072427972,39.994908340,Other,random,C2O1,39.994915000,RC2_0046_ICR-3_p08
385.163305268,425.158213608,39.994908340,Other,random,C2O1,39.994915000,RC2_0046_ICR-3_p08
387.157810807,427.152719147,39.994908340,Other,random,C2O1,39.994915000,RC2_0046_ICR-3_p08
397.150171419,437.145079759,39.994908340,Other,random,C2O1,39.994915000,RC2_0046_ICR-3_p08
455.220515082,495.215423422,39.994908340,Other,random,C2O1,39.994915000,RC2_0046_ICR-3_p08
341.116034118,381.110942458,39.994908340,Other,random,C2O1,39.994915000,RC2_0046_ICR-3_p08
401.118440585,441.113348925,39.994908340,Other,random,C2O1,39.994915000,RC2_0046_ICR-3_p08
533.215762223,573.210670563,39.994908340,Other,random,C2O1,39.994915000,RC2_0046_ICR-3_p08
313.157426719,353.152336059,39.994909340,Other,random,C2O1,39.994915000,RC2_0046_ICR-3_p08
457.316887189,497.311796529,39.994909340,Other,random,C2O1,39.994915000,RC2_0046_ICR-3_p08
343.212510225,383.207419565,39.994909340,Other,random,C2O1,39.994915000,RC2_0046_ICR-3_p08
391.124480980,431.119390320,39.994909340,Other,random,C2O1,39.994915000,RC2_0046_ICR-3_p08
433.098540925,473.093450265,39.994909340,Other,random,C2O1,39.994915000,RC2_0046_ICR-3_p08
709.308654230,749.303563570,39.994909340,Other,random,C2O1,39.994915000,RC2_0046_ICR-3_p08
410.194859083,450.189769423,39.994910340,Other,random,C2O1,39.994915000,RC2_0046_ICR-3_p08
593.260203512,633.255113852,39.994910340,Other,random,C2O1,39.994915000,RC2_0046_ICR-3_p08
255.160194746,295.155105086,39.994910340,Other,random,C2O1,39.994915000,RC2_0046_ICR-3_p08
296.041124327,336.036034667,39.994910340,Other,random,C2O1,39.994915000,RC2_0046_ICR-3_p08
298.056797777,338.051708117,39.994910340,Other,random,C2O1,39.994915000,RC2_0046_ICR-3_p08
405.059221868,445.054132208,39.994910340,Other,random,C2O1,39.994915000,RC2_0046_ICR-3_p08
411.129493118,451.124403458,39.994910340,Other,random,C2O1,39.994915000,RC2_0046_ICR-3_p08
421.126859709,461.121770049,39.994910340,Other,random,C2O1,39.994915000,RC2_0046_ICR-3_p08
452.055003510,492.049913850,39.994910340,Other,random,C2O1,39.994915000,RC2_0046_ICR-3_p08
283.009498608,323.004408948,39.994910340,Other,random,C2O1,39.994915000,RC2_0046_ICR-3_p08
393.082468674,433.077380014,39.994911340,Other,random,C2O1,39.994915000,RC2_0046_ICR-3_p08
451.233505995,491.228417335,39.994911340,Other,random,C2O1,39.994915000,RC2_0046_ICR-3_p08
509.166310242,549.161221582,39.994911340,Other,random,C2O1,39.994915000,RC2_0046_ICR-3_p08
351.230545212,391.225456552,39.994911340,Other,random,C2O1,39.994915000,RC2_0046_ICR-3_p08
289.084773837,329.079685177,39.994911340,Other,random,C2O1,39.994915000,RC2_0046_ICR-3_p08
355.131632663,395.126544003,39.994911340,Other,random,C2O1,39.994915000,RC2_0046_ICR-3_p08
359.061871991,399.056783331,39.994911340,Other,random,C2O1,39.994915000,RC2_0046_ICR-3_p08
349.019999589,389.014911929,39.994912340,Other,random,C2O1,39.994915000,RC2_0046_ICR-3_p08
553.278323117,593.273235457,39.994912340,Other,random,C2O1,39.994915000,RC2_0046_ICR-3_p08
765.261909874,805.256822214,39.994912340,Other,random,C2O1,39.994915000,RC2_0046_ICR-3_p08
238.072137234,278.067049574,39.994912340,Other,random,C2O1,39.994915000,RC2_0046_ICR-3_p08
575.249862913,615.244775253,39.994912340,Other,random,C2O1,39.994915000,RC2_0046_ICR-3_p08
405.076983793,445.071896133,39.994912340,Other,random,C2O1,39.994915000,RC2_0046_ICR-3_p08
280.082574024,320.077487364,39.994913340,Other,random,C2O1,39.994915000,RC2_0046_ICR-3_p08
428.062129289,468.057042629,39.994913340,Other,random,C2O1,39.994915000,RC2_0046_ICR-3_p08
429.132022751,469.126936091,39.994913340,Other,random,C2O1,39.994915000,RC2_0046_ICR-3_p08
429.204747442,469.199660782,39.994913340,Other,random,C2O1,39.994915000,RC2_0046_ICR-3_p08
435.142513254,475.137426594,39.994913340,Other,random,C2O1,39.994915000,RC2_0046_ICR-3_p08
449.145106854,489.140020194,39.994913340,Other,random,C2O1,39.994915000,RC2_0046_ICR-3_p08
543.236646714,583.231560054,39.994913340,Other,random,C2O1,39.994915000,RC2_0046_ICR-3_p08
239.056148060,279.051061400,39.994913340,Other,random,C2O1,39.994915000,RC2_0046_ICR-3_p08
357.168304024,397.163217364,39.994913340,Other,random,C2O1,39.994915000,RC2_0046_ICR-3_p08
375.157902711,415.152816051,39.994913340,Other,random,C2O1,39.994915000,RC2_0046_ICR-3_p08
381.241124906,421.236038246,39.994913340,Other,random,C2O1,39.994915000,RC2_0046_ICR-3_p08
419.129002184,459.123916524,39.994914340,Other,random,C2O1,39.994915000,RC2_0046_ICR-3_p08
553.192703480,593.187617820,39.994914340,Other,random,C2O1,39.994915000,RC2_0046_ICR-3_p08
240.051424838,280.046339178,39.994914340,Other,random,C2O1,39.994915000,RC2_0046_ICR-3_p08
331.058887781,371.053802121,39.994914340,Other,random,C2O1,39.994915000,RC2_0046_ICR-3_p08
343.045765932,383.040680272,39.994914340,Other,random,C2O1,39.994915000,RC2_0046_ICR-3_p08
381.113404448,421.108318788,39.994914340,Other,random,C2O1,39.994915000,RC2_0046_ICR-3_p08
413.072388876,453.067303216,39.994914340,Other,random,C2O1,39.994915000,RC2_0046_ICR-3_p08
419.137585147,459.132499487,39.994914340,Other,random,C2O1,39.994915000,RC2_0046_ICR-3_p08
439.051555672,479.046470012,39.994914340,Other,random,C2O1,39.994915000,RC2_0046_ICR-3_p08
449.230954490,489.225868830,39.994914340,Other,random,C2O1,39.994915000,RC2_0046_ICR-3_p08
451.160809304,491.155723644,39.994914340,Other,random,C2O1,39.994915000,RC2_0046_ICR-3_p08
467.205157243,507.200071583,39.994914340,Other,random,C2O1,39.994915000,RC2_0046_ICR-3_p08
341.100522184,381.095437524,39.994915340,Other,random,C2O1,39.994915000,RC2_0046_ICR-3_p08
352.030893817,392.025809157,39.994915340,Other,random,C2O1,39.994915000,RC2_0046_ICR-3_p08
413.181552413,453.176467753,39.994915340,Other,random,C2O1,39.994915000,RC2_0046_ICR-3_p08
464.083290486,504.078205826,39.994915340,Other,random,C2O1,39.994915000,RC2_0046_ICR-3_p08
505.098679497,545.093594837,39.994915340,Other,random,C2O1,39.994915000,RC2_0046_ICR-3_p08
254.067027383,294.061942723,39.994915340,Other,random,C2O1,39.994915000,RC2_0046_ICR-3_p08
271.227858586,311.222773926,39.994915340,Other,random,C2O1,39.994915000,RC2_0046_ICR-3_p08
304.082595215,344.077510555,39.994915340,Other,random,C2O1,39.994915000,RC2_0046_ICR-3_p08
367.066841034,407.061756374,39.994915340,Other,random,C2O1,39.994915000,RC2_0046_ICR-3_p08
369.183644054,409.178559394,39.994915340,Other,random,C2O1,39.994915000,RC2_0046_ICR-3_p08
423.251666695,463.246582035,39.994915340,Other,random,C2O1,39.994915000,RC2_0046_ICR-3_p08
339.100354669,379.095271009,39.994916340,Other,random,C2O1,39.994915000,RC2_0046_ICR-3_p08
313.201958531,353.196874871,39.994916340,Other,random,C2O1,39.994915000,RC2_0046_ICR-3_p08
333.118975042,373.113891382,39.994916340,Other,random,C2O1,39.994915000,RC2_0046_ICR-3_p08
465.176385849,505.171302189,39.994916340,Other,random,C2O1,39.994915000,RC2_0046_ICR-3_p08
473.036174507,513.031091847,39.994917340,Other,random,C2O1,39.994915000,RC2_0046_ICR-3_p08
375.035579230,415.030496570,39.994917340,Other,random,C2O1,39.994915000,RC2_0046_ICR-3_p08
379.170528689,419.165446029,39.994917340,Other,random,C2O1,39.994915000,RC2_0046_ICR-3_p08
383.201783589,423.196700929,39.994917340,Other,random,C2O1,39.994915000,RC2_0046_ICR-3_p08
447.142559349,487.137476689,39.994917340,Other,random,C2O1,39.994915000,RC2_0046_ICR-3_p08
387.129488927,427.124406267,39.994917340,Other,random,C2O1,39.994915000,RC2_0046_ICR-3_p08
503.132519838,543.127438178,39.994918340,Other,random,C2O1,39.994915000,RC2_0046_ICR-3_p08
341.154772954,381.149691294,39.994918340,Other,random,C2O1,39.994915000,RC2_0046_ICR-3_p08
377.087562525,417.082480865,39.994918340,Other,random,C2O1,39.994915000,RC2_0046_ICR-3_p08
491.132440742,531.127359082,39.994918340,Other,random,C2O1,39.994915000,RC2_0046_ICR-3_p08
339.139191504,379.134110844,39.994919340,Other,random,C2O1,39.994915000,RC2_0046_ICR-3_p08
405.085737756,445.080657096,39.994919340,Other,random,C2O1,39.994915000,RC2_0046_ICR-3_p08
293.102986791,333.097906131,39.994919340,Other,random,C2O1,39.994915000,RC2_0046_ICR-3_p08
499.291087133,539.286006473,39.994919340,Other,random,C2O1,39.994915000,RC2_0046_ICR-3_p08
575.067690686,615.062610026,39.994919340,Other,random,C2O1,39.994915000,RC2_0046_ICR-3_p08
235.061279006,275.056198346,39.994919340,Other,random,C2O1,39.994915000,RC2_0046_ICR-3_p08
305.030204195,345.025123535,39.994919340,Other,random,C2O1,39.994915000,RC2_0046_ICR-3_p08
421.113886764,461.108806104,39.994919340,Other,random,C2O1,39.994915000,RC2_0046_ICR-3_p08
441.103666966,481.098586306,39.994919340,Other,random,C2O1,39.994915000,RC2_0046_ICR-3_p08
626.209562740,666.204482080,39.994919340,Other,random,C2O1,39.994915000,RC2_0046_ICR-3_p08
335.149919426,375.144839766,39.994920340,Other,random,C2O1,39.994915000,RC2_0046_ICR-3_p08
513.306700678,553.301621018,39.994920340,Other,random,C2O1,39.994915000,RC2_0046_ICR-3_p08
451.246680939,491.241601279,39.994920340,Other,random,C2O1,39.994915000,RC2_0046_ICR-3_p08
531.236623619,571.231543959,39.994920340,Other,random,C2O1,39.994915000,RC2_0046_ICR-3_p08
583.276217865,623.271138205,39.994920340,Other,random,C2O1,39.994915000,RC2_0046_ICR-3_p08
348.121761399,388.116682739,39.994921340,Other,random,C2O1,39.994915000,RC2_0046_ICR-3_p08
403.097599190,443.092520530,39.994921340,Other,random,C2O1,39.994915000,RC2_0046_ICR-3_p08
447.123941428,487.118863768,39.994922340,Other,random,C2O1,39.994915000,RC2_0046_ICR-3_p08
389.054532761,429.049455101,39.994922340,Other,random,C2O1,39.994915000,RC2_0046_ICR-3_p08
395.025350432,435.020272772,39.994922340,Other,random,C2O1,39.994915000,RC2_0046_ICR-3_p08
503.277958221,543.272880561,39.994922340,Other,random,C2O1,39.994915000,RC2_0046_ICR-3_p08
503.285954187,543.280876527,39.994922340,Other,random,C2O1,39.994915000,RC2_0046_ICR-3_p08
549.283515063,589.278437403,39.994922340,Other,random,C2O1,39.994915000,RC2_0046_ICR-3_p08
421.108318788,461.103241127,39.994922340,Other,random,C2O1,39.994915000,RC2_0046_ICR-3_p08
421.090579863,461.085503203,39.994923340,Other,random,C2O1,39.994915000,RC2_0046_ICR-3_p08
459.187048256,499.181971596,39.994923340,Other,random,C2O1,39.994915000,RC2_0046_ICR-3_p08
395.111104069,435.106028409,39.994924340,Other,random,C2O1,39.994915000,RC2_0046_ICR-3_p08
421.223077301,461.218001641,39.994924340,Other,random,C2O1,39.994915000,RC2_0046_ICR-3_p08
437.145079759,477.140004099,39.994924340,Other,random,C2O1,39.994915000,RC2_0046_ICR-3_p08
528.143606740,568.138531080,39.994924340,Other,random,C2O1,39.994915000,RC2_0046_ICR-3_p08
619.203383460,659.198307800,39.994924340,Other,random,C2O1,39.994915000,RC2_0046_ICR-3_p08
375.165906677,415.160831017,39.994924340,Other,random,C2O1,39.994915000,RC2_0046_ICR-3_p08
499.181971596,539.176895936,39.994924340,Other,random,C2O1,39.994915000,RC2_0046_ICR-3_p08
309.055853118,349.050777458,39.994924340,Other,random,C2O1,39.994915000,RC2_0046_ICR-3_p08
397.113849573,437.108773913,39.994924340,Other,random,C2O1,39.994915000,RC2_0046_ICR-3_p08
347.098198741,387.129488927,40.031290186,Other,random,C3H4,40.031300000,RC2_0046_ICR-3_p08
361.033077629,401.064367815,40.031290186,Other,random,C3H4,40.031300000,RC2_0046_ICR-3_p08
461.181466796,501.212756981,40.031290186,Other,random,C3H4,40.031300000,RC2_0046_ICR-3_p08
307.118609336,347.149900522,40.031291186,Other,random,C3H4,40.031300000,RC2_0046_ICR-3_p08
433.041118168,473.072409354,40.031291186,Other,random,C3H4,40.031300000,RC2_0046_ICR-3_p08
291.144849098,331.176140283,40.031291186,Other,random,C3H4,40.031300000,RC2_0046_ICR-3_p08
377.160291217,417.191582402,40.031291186,Other,random,C3H4,40.031300000,RC2_0046_ICR-3_p08
459.178979290,499.210270476,40.031291186,Other,random,C3H4,40.031300000,RC2_0046_ICR-3_p08
347.040703985,387.071995171,40.031291186,Other,random,C3H4,40.031300000,RC2_0046_ICR-3_p08
531.200252773,571.231543959,40.031291186,Other,random,C3H4,40.031300000,RC2_0046_ICR-3_p08
300.998940296,341.030232482,40.031292186,Other,random,C3H4,40.031300000,RC2_0046_ICR-3_p08
601.205476808,641.236768994,40.031292186,Other,random,C3H4,40.031300000,RC2_0046_ICR-3_p08
341.173514874,381.204807060,40.031292186,Other,random,C3H4,40.031300000,RC2_0046_ICR-3_p08
571.158727268,611.190019453,40.031292186,Other,random,C3H4,40.031300000,RC2_0046_ICR-3_p08
373.077404537,413.108696722,40.031292186,Other,random,C3H4,40.031300000,RC2_0046_ICR-3_p08
400.096503920,440.127796106,40.031292186,Other,random,C3H4,40.031300000,RC2_0046_ICR-3_p08
242.067057288,282.098350473,40.031293186,Other,random,C3H4,40.031300000,RC2_0046_ICR-3_p08
307.045857645,347.077150831,40.031293186,Other,random,C3H4,40.031300000,RC2_0046_ICR-3_p08
339.100354669,379.131647854,40.031293186,Other,random,C3H4,40.031300000,RC2_0046_ICR-3_p08
375.035579230,415.066872416,40.031293186,Other,random,C3H4,40.031300000,RC2_0046_ICR-3_p08
383.098106028,423.129399214,40.031293186,Other,random,C3H4,40.031300000,RC2_0046_ICR-3_p08
619.167014615,659.198307800,40.031293186,Other,random,C3H4,40.031300000,RC2_0046_ICR-3_p08
341.079649272,381.110942458,40.031293186,Other,random,C3H4,40.031300000,RC2_0046_ICR-3_p08
371.147649723,411.178943908,40.031294186,Other,random,C3H4,40.031300000,RC2_0046_ICR-3_p08
251.092527001,291.123821187,40.031294186,Other,random,C3H4,40.031300000,RC2_0046_ICR-3_p08
323.162931276,363.194225461,40.031294186,Other,random,C3H4,40.031300000,RC2_0046_ICR-3_p08
444.158949006,484.190243191,40.031294186,Other,random,C3H4,40.031300000,RC2_0046_ICR-3_p08
457.171308807,497.202602993,40.031294186,Other,random,C3H4,40.031300000,RC2_0046_ICR-3_p08
545.252125165,585.283419350,40.031294186,Other,random,C3H4,40.031300000,RC2_0046_ICR-3_p08
363.121444770,403.152739956,40.031295186,Other,random,C3H4,40.031300000,RC2_0046_ICR-3_p08
369.149696198,409.180991384,40.031295186,Other,random,C3H4,40.031300000,RC2_0046_ICR-3_p08
511.194801637,551.226096823,40.031295186,Other,random,C3H4,40.031300000,RC2_0046_ICR-3_p08
289.056461957,329.087757142,40.031295186,Other,random,C3H4,40.031300000,RC2_0046_ICR-3_p08
523.145622941,563.176918127,40.031295186,Other,random,C3H4,40.031300000,RC2_0046_ICR-3_p08
613.105044330,653.136339516,40.031295186,Other,random,C3H4,40.031300000,RC2_0046_ICR-3_p08
625.250301809,665.281596995,40.031295186,Other,random,C3H4,40.031300000,RC2_0046_ICR-3_p08
431.119390320,471.150686506,40.031296186,Other,random,C3H4,40.031300000,RC2_0046_ICR-3_p08
393.076965698,433.108261883,40.031296186,Other,random,C3H4,40.031300000,RC2_0046_ICR-3_p08
453.189461698,493.220757884,40.031296186,Other,random,C3H4,40.031300000,RC2_0046_ICR-3_p08
467.096000706,507.127296892,40.031296186,Other,random,C3H4,40.031300000,RC2_0046_ICR-3_p08
637.214016059,677.245313244,40.031297186,Other,random,C3H4,40.031300000,RC2_0046_ICR-3_p08
225.113277206,265.144574392,40.031297186,Other,random,C3H4,40.031300000,RC2_0046_ICR-3_p08
431.192009012,471.223306198,40.031297186,Other,random,C3H4,40.031300000,RC2_0046_ICR-3_p08
231.033340093,271.064637279,40.031297186,Other,random,C3H4,40.031300000,RC2_0046_ICR-3_p08
331.103303592,371.134600778,40.031297186,Other,random,C3H4,40.031300000,RC2_0046_ICR-3_p08
340.103685412,380.134982598,40.031297186,Other,random,C3H4,40.031300000,RC2_0046_ICR-3_p08
405.155339461,445.186636646,40.031297186,Other,random,C3H4,40.031300000,RC2_0046_ICR-3_p08
333.155391887,373.186690073,40.031298186,Other,random,C3H4,40.031300000,RC2_0046_ICR-3_p08
351.085089829,391.116388014,40.031298186,Other,random,C3H4,40.031300000,RC2_0046_ICR-3_p08
357.131919178,397.163217364,40.031298186,Other,random,C3H4,40.031300000,RC2_0046_ICR-3_p08
387.056778235,427.088076421,40.031298186,Other,random,C3H4,40.031300000,RC2_0046_ICR-3_p08
423.142477159,463.173775344,40.031298186,Other,random,C3H4,40.031300000,RC2_0046_ICR-3_p08
433.071809038,473.103107224,40.031298186,Other,random,C3H4,40.031300000,RC2_0046_ICR-3_p08
443.264883798,483.296181984,40.031298186,Other,random,C3H4,40.031300000,RC2_0046_ICR-3_p08
551.189987976,591.221286162,40.031298186,Other,random,C3H4,40.031300000,RC2_0046_ICR-3_p08
637.104991521,677.136289707,40.031298186,Other,random,C3H4,40.031300000,RC2_0046_ICR-3_p08
335.134607491,375.165906677,40.031299186,Other,random,C3H4,40.031300000,RC2_0046_ICR-3_p08
293.066606945,333.097906131,40.031299186,Other,random,C3H4,40.031300000,RC2_0046_ICR-3_p08
361.092668376,401.123967562,40.031299186,Other,random,C3H4,40.031300000,RC2_0046_ICR-3_p08
421.144623633,461.175922819,40.031299186,Other,random,C3H4,40.031300000,RC2_0046_ICR-3_p08
489.052126567,529.083425753,40.031299186,Other,random,C3H4,40.031300000,RC2_0046_ICR-3_p08
233.009237711,273.040537897,40.031300186,Other,random,C3H4,40.031300000,RC2_0046_ICR-3_p08
429.113317830,469.144618016,40.031300186,Other,random,C3H4,40.031300000,RC2_0046_ICR-3_p08
431.111326354,471.142626540,40.031300186,Other,random,C3H4,40.031300000,RC2_0046_ICR-3_p08
511.218297537,551.249597723,40.031300186,Other,random,C3H4,40.031300000,RC2_0046_ICR-3_p08
347.126509621,387.157810807,40.031301186,Other,random,C3H4,40.031300000,RC2_0046_ICR-3_p08
433.054116113,473.085417299,40.031301186,Other,random,C3H4,40.031300000,RC2_0046_ICR-3_p08
229.144602105,269.175903291,40.031301186,Other,random,C3H4,40.031300000,RC2_0046_ICR-3_p08
257.139447350,297.170748536,40.031301186,Other,random,C3H4,40.031300000,RC2_0046_ICR-3_p08
573.146357836,613.177659022,40.031301186,Other,random,C3H4,40.031300000,RC2_0046_ICR-3_p08
357.118870233,397.150171419,40.031301186,Other,random,C3H4,40.031300000,RC2_0046_ICR-3_p08
303.087286437,343.118588623,40.031302186,Other,random,C3H4,40.031300000,RC2_0046_ICR-3_p08
309.097848940,349.129151126,40.031302186,Other,random,C3H4,40.031300000,RC2_0046_ICR-3_p08
365.209922911,405.241225096,40.031302186,Other,random,C3H4,40.031300000,RC2_0046_ICR-3_p08
401.064367815,441.095670000,40.031302186,Other,random,C3H4,40.031300000,RC2_0046_ICR-3_p08
429.225990352,469.257292538,40.031302186,Other,random,C3H4,40.031300000,RC2_0046_ICR-3_p08
465.207157718,505.238459904,40.031302186,Other,random,C3H4,40.031300000,RC2_0046_ICR-3_p08
533.020702051,573.052004236,40.031302186,Other,random,C3H4,40.031300000,RC2_0046_ICR-3_p08
671.125586204,711.156888390,40.031302186,Other,random,C3H4,40.031300000,RC2_0046_ICR-3_p08
460.117413309,500.148715495,40.031302186,Other,random,C3H4,40.031300000,RC2_0046_ICR-3_p08
489.067343503,529.098645688,40.031302186,Other,random,C3H4,40.031300000,RC2_0046_ICR-3_p08
445.171375711,485.202678897,40.031303186,Other,random,C3H4,40.031300000,RC2_0046_ICR-3_p08
287.105496233,327.136799418,40.031303186,Other,random,C3H4,40.031300000,RC2_0046_ICR-3_p08
355.189059420,395.220362605,40.031303186,Other,random,C3H4,40.031300000,RC2_0046_ICR-3_p08
421.150163610,461.181466796,40.031303186,Other,random,C3H4,40.031300000,RC2_0046_ICR-3_p08
431.155737166,471.187040352,40.031303186,Other,random,C3H4,40.031300000,RC2_0046_ICR-3_p08
469.025924519,509.057227705,40.031303186,Other,random,C3H4,40.031300000,RC2_0046_ICR-3_p08
355.066835938,395.098140124,40.031304186,Other,random,C3H4,40.031300000,RC2_0046_ICR-3_p08
417.082480865,457.113785051,40.031304186,Other,random,C3H4,40.031300000,RC2_0046_ICR-3_p08
381.191773115,421.223077301,40.031304186,Other,random,C3H4,40.031300000,RC2_0046_ICR-3_p08
421.077501918,461.108806104,40.031304186,Other,random,C3H4,40.031300000,RC2_0046_ICR-3_p08
533.179366378,573.210670563,40.031304186,Other,random,C3H4,40.031300000,RC2_0046_ICR-3_p08
665.245262149,705.276566335,40.031304186,Other,random,C3H4,40.031300000,RC2_0046_ICR-3_p08
451.051581767,491.082886953,40.031305186,Other,random,C3H4,40.031300000,RC2_0046_ICR-3_p08
288.998929201,329.030234386,40.031305186,Other,random,C3H4,40.031300000,RC2_0046_ICR-3_p08
469.135005056,509.166310242,40.031305186,Other,random,C3H4,40.031300000,RC2_0046_ICR-3_p08
509.106683495,549.137988681,40.031305186,Other,random,C3H4,40.031300000,RC2_0046_ICR-3_p08
587.177193317,627.208498502,40.031305186,Other,random,C3H4,40.031300000,RC2_0046_ICR-3_p08
365.051172584,405.082477770,40.031305186,Other,random,C3H4,40.031300000,RC2_0046_ICR-3_p08
507.223480484,547.254785669,40.031305186,Other,random,C3H4,40.031300000,RC2_0046_ICR-3_p08
597.146095028,637.177400214,40.031305186,Other,random,C3H4,40.031300000,RC2_0046_ICR-3_p08
593.114886129,633.146192314,40.031306186,Other,random,C3H4,40.031300000,RC2_0046_ICR-3_p08
264.108940785,304.140246971,40.031306186,Other,random,C3H4,40.031300000,RC2_0046_ICR-3_p08
333.110888076,373.142194262,40.031306186,Other,random,C3H4,40.031300000,RC2_0046_ICR-3_p08
457.199697686,497.231003872,40.031306186,Other,random,C3H4,40.031300000,RC2_0046_ICR-3_p08
359.004253235,399.035559421,40.031306186,Other,random,C3H4,40.031300000,RC2_0046_ICR-3_p08
243.123862805,283.155168990,40.031306186,Other,random,C3H4,40.031300000,RC2_0046_ICR-3_p08
433.077380014,473.108686200,40.031306186,Other,random,C3H4,40.031300000,RC2_0046_ICR-3_p08
509.057227705,549.088533890,40.031306186,Other,random,C3H4,40.031300000,RC2_0046_ICR-3_p08
437.085376012,477.116683198,40.031307186,Other,random,C3H4,40.031300000,RC2_0046_ICR-3_p08
293.102986791,333.134293977,40.031307186,Other,random,C3H4,40.031300000,RC2_0046_ICR-3_p08
327.100344573,367.131651759,40.031307186,Other,random,C3H4,40.031300000,RC2_0046_ICR-3_p08
337.123528054,377.154835240,40.031307186,Other,random,C3H4,40.031300000,RC2_0046_ICR-3_p08
399.092986177,439.124293363,40.031307186,Other,random,C3H4,40.031300000,RC2_0046_ICR-3_p08
423.251666695,463.282973881,40.031307186,Other,random,C3H4,40.031300000,RC2_0046_ICR-3_p08
437.175803629,477.207110814,40.031307186,Other,random,C3H4,40.031300000,RC2_0046_ICR-3_p08
459.187048256,499.218355442,40.031307186,Other,random,C3H4,40.031300000,RC2_0046_ICR-3_p08
478.098924031,518.130231217,40.031307186,Other,random,C3H4,40.031300000,RC2_0046_ICR-3_p08
343.030503997,383.061812182,40.031308186,Other,random,C3H4,40.031300000,RC2_0046_ICR-3_p08
449.121826953,489.153135139,40.031308186,Other,random,C3H4,40.031300000,RC2_0046_ICR-3_p08
531.150714983,571.182023169,40.031308186,Other,random,C3H4,40.031300000,RC2_0046_ICR-3_p08
549.234166273,589.265474458,40.031308186,Other,random,C3H4,40.031300000,RC2_0046_ICR-3_p08
419.220378796,459.251686982,40.031308186,Other,random,C3H4,40.031300000,RC2_0046_ICR-3_p08
421.163240555,461.194548740,40.031308186,Other,random,C3H4,40.031300000,RC2_0046_ICR-3_p08
491.059639051,531.090947237,40.031308186,Other,random,C3H4,40.031300000,RC2_0046_ICR-3_p08
405.204660251,445.235969437,40.031309186,Other,random,C3H4,40.031300000,RC2_0046_ICR-3_p08
463.210085190,503.241394376,40.031309186,Other,random,C3H4,40.031300000,RC2_0046_ICR-3_p08
521.179520282,561.210829467,40.031309186,Other,random,C3H4,40.031300000,RC2_0046_ICR-3_p08
405.118864615,445.150173801,40.031309186,Other,random,C3H4,40.031300000,RC2_0046_ICR-3_p08
512.067923933,552.099233119,40.031309186,Other,random,C3H4,40.031300000,RC2_0046_ICR-3_p08
515.168918779,555.236593810,40.067675031,Other,random,C4H8O_1,40.067685000,RC2_0046_ICR-3_p08
311.053712643,351.121387675,40.067675031,Other,random,C4H8O_1,40.067685000,RC2_0046_ICR-3_p08
398.044367626,438.112042657,40.067675031,Other,random,C4H8O_1,40.067685000,RC2_0046_ICR-3_p08
555.062823547,595.130498579,40.067675031,Other,random,C4H8O_1,40.067685000,RC2_0046_ICR-3_p08
643.188244716,683.255919747,40.067675031,Other,random,C4H8O_1,40.067685000,RC2_0046_ICR-3_p08
351.157780520,391.225456552,40.067676031,Other,random,C4H8O_1,40.067685000,RC2_0046_ICR-3_p08
261.097959558,301.165635589,40.067676031,Other,random,C4H8O_1,40.067685000,RC2_0046_ICR-3_p08
335.090226680,375.157902711,40.067676031,Other,random,C4H8O_1,40.067685000,RC2_0046_ICR-3_p08
399.092986177,439.160662209,40.067676031,Other,random,C4H8O_1,40.067685000,RC2_0046_ICR-3_p08
471.187040352,511.254716383,40.067676031,Other,random,C4H8O_1,40.067685000,RC2_0046_ICR-3_p08
309.134218786,349.201896817,40.067678031,Other,random,C4H8O_1,40.067685000,RC2_0046_ICR-3_p08
255.051044209,295.118722240,40.067678031,Other,random,C4H8O_1,40.067685000,RC2_0046_ICR-3_p08
354.095958057,394.163636088,40.067678031,Other,random,C4H8O_1,40.067685000,RC2_0046_ICR-3_p08
519.041591351,559.109269382,40.067678031,Other,random,C4H8O_1,40.067685000,RC2_0046_ICR-3_p08
319.095273531,359.162951562,40.067678031,Other,random,C4H8O_1,40.067685000,RC2_0046_ICR-3_p08
351.072037884,391.139715916,40.067678031,Other,random,C4H8O_1,40.067685000,RC2_0046_ICR-3_p08
305.087691952,345.155369983,40.067678031,Other,random,C4H8O_1,40.067685000,RC2_0046_ICR-3_p08
340.067304567,380.134982598,40.067678031,Other,random,C4H8O_1,40.067685000,RC2_0046_ICR-3_p08
631.094349018,671.162027050,40.067678031,Other,random,C4H8O_1,40.067685000,RC2_0046_ICR-3_p08
403.097599190,443.165278221,40.067679031,Other,random,C4H8O_1,40.067685000,RC2_0046_ICR-3_p08
501.080463543,541.148142574,40.067679031,Other,random,C4H8O_1,40.067685000,RC2_0046_ICR-3_p08
567.208328026,607.276007057,40.067679031,Other,random,C4H8O_1,40.067685000,RC2_0046_ICR-3_p08
439.191527078,479.259206109,40.067679031,Other,random,C4H8O_1,40.067685000,RC2_0046_ICR-3_p08
291.108461252,331.176140283,40.067679031,Other,random,C4H8O_1,40.067685000,RC2_0046_ICR-3_p08
339.035520944,379.103200975,40.067680031,Other,random,C4H8O_1,40.067685000,RC2_0046_ICR-3_p08
467.119256607,507.186936639,40.067680031,Other,random,C4H8O_1,40.067685000,RC2_0046_ICR-3_p08
591.171950371,631.239630402,40.067680031,Other,random,C4H8O_1,40.067685000,RC2_0046_ICR-3_p08
669.131345664,709.199025695,40.067680031,Other,random,C4H8O_1,40.067685000,RC2_0046_ICR-3_p08
307.082219491,347.149900522,40.067681031,Other,random,C4H8O_1,40.067685000,RC2_0046_ICR-3_p08
527.132518029,567.200199060,40.067681031,Other,random,C4H8O_1,40.067685000,RC2_0046_ICR-3_p08
297.110920789,337.178601821,40.067681031,Other,random,C4H8O_1,40.067685000,RC2_0046_ICR-3_p08
307.204408972,347.272090004,40.067681031,Other,random,C4H8O_1,40.067685000,RC2_0046_ICR-3_p08
417.076967889,457.144648920,40.067681031,Other,random,C4H8O_1,40.067685000,RC2_0046_ICR-3_p08
505.184444133,545.252125165,40.067681031,Other,random,C4H8O_1,40.067685000,RC2_0046_ICR-3_p08
457.025877424,497.093558455,40.067681031,Other,random,C4H8O_1,40.067685000,RC2_0046_ICR-3_p08
467.046583916,507.114264947,40.067681031,Other,random,C4H8O_1,40.067685000,RC2_0046_ICR-3_p08
481.135014152,521.202695183,40.067681031,Other,random,C4H8O_1,40.067685000,RC2_0046_ICR-3_p08
438.067594846,478.135276877,40.067682031,Other,random,C4H8O_1,40.067685000,RC2_0046_ICR-3_p08
427.051574576,467.119256607,40.067682031,Other,random,C4H8O_1,40.067685000,RC2_0046_ICR-3_p08
329.043287331,369.110970362,40.067683031,Other,random,C4H8O_1,40.067685000,RC2_0046_ICR-3_p08
418.041491797,458.109174828,40.067683031,Other,random,C4H8O_1,40.067685000,RC2_0046_ICR-3_p08
375.048609175,415.116292206,40.067683031,Other,random,C4H8O_1,40.067685000,RC2_0046_ICR-3_p08
453.153074852,493.220757884,40.067683031,Other,random,C4H8O_1,40.067685000,RC2_0046_ICR-3_p08
613.141322176,653.209005207,40.067683031,Other,random,C4H8O_1,40.067685000,RC2_0046_ICR-3_p08
541.026221091,581.093905122,40.067684031,Other,random,C4H8O_1,40.067685000,RC2_0046_ICR-3_p08
225.040542515,265.108226546,40.067684031,Other,random,C4H8O_1,40.067685000,RC2_0046_ICR-3_p08
353.051312488,393.118996519,40.067684031,Other,random,C4H8O_1,40.067685000,RC2_0046_ICR-3_p08
395.025350432,435.093034464,40.067684031,Other,random,C4H8O_1,40.067685000,RC2_0046_ICR-3_p08
433.077380014,473.145064046,40.067684031,Other,random,C4H8O_1,40.067685000,RC2_0046_ICR-3_p08
447.142559349,487.210244381,40.067685031,Other,random,C4H8O_1,40.067685000,RC2_0046_ICR-3_p08
363.108305826,403.175990857,40.067685031,Other,random,C4H8O_1,40.067685000,RC2_0046_ICR-3_p08
443.228496953,483.296181984,40.067685031,Other,random,C4H8O_1,40.067685000,RC2_0046_ICR-3_p08
325.129161935,365.196847966,40.067686031,Other,random,C4H8O_1,40.067685000,RC2_0046_ICR-3_p08
517.184496229,557.252182260,40.067686031,Other,random,C4H8O_1,40.067685000,RC2_0046_ICR-3_p08
427.088076421,467.155762452,40.067686031,Other,random,C4H8O_1,40.067685000,RC2_0046_ICR-3_p08
334.056770064,374.124457095,40.067687031,Other,random,C4H8O_1,40.067685000,RC2_0046_ICR-3_p08
345.097853227,385.165540258,40.067687031,Other,random,C4H8O_1,40.067685000,RC2_0046_ICR-3_p08
293.066606945,333.134293977,40.067687031,Other,random,C4H8O_1,40.067685000,RC2_0046_ICR-3_p08
625.068146582,665.135833613,40.067687031,Other,random,C4H8O_1,40.067685000,RC2_0046_ICR-3_p08
527.104257149,567.171945180,40.067688031,Other,random,C4H8O_1,40.067685000,RC2_0046_ICR-3_p08
619.203383460,659.271071492,40.067688031,Other,random,C4H8O_1,40.067685000,RC2_0046_ICR-3_p08
391.103234070,431.170922102,40.067688031,Other,random,C4H8O_1,40.067685000,RC2_0046_ICR-3_p08
413.064265911,453.131953942,40.067688031,Other,random,C4H8O_1,40.067685000,RC2_0046_ICR-3_p08
507.078000101,547.145688132,40.067688031,Other,random,C4H8O_1,40.067685000,RC2_0046_ICR-3_p08
389.072456685,429.140145716,40.067689031,Other,random,C4H8O_1,40.067685000,RC2_0046_ICR-3_p08
341.043253427,381.110942458,40.067689031,Other,random,C4H8O_1,40.067685000,RC2_0046_ICR-3_p08
421.126859709,461.194548740,40.067689031,Other,random,C4H8O_1,40.067685000,RC2_0046_ICR-3_p08
449.194453645,489.262142676,40.067689031,Other,random,C4H8O_1,40.067685000,RC2_0046_ICR-3_p08
531.163854928,571.231543959,40.067689031,Other,random,C4H8O_1,40.067685000,RC2_0046_ICR-3_p08
585.182612778,625.250301809,40.067689031,Other,random,C4H8O_1,40.067685000,RC2_0046_ICR-3_p08
393.059273773,433.126963804,40.067690031,Other,random,C4H8O_1,40.067685000,RC2_0046_ICR-3_p08
413.175855437,453.243545469,40.067690031,Other,random,C4H8O_1,40.067685000,RC2_0046_ICR-3_p08
251.092527001,291.160217032,40.067690031,Other,random,C4H8O_1,40.067685000,RC2_0046_ICR-3_p08
529.148213478,569.215905509,40.067692031,Other,random,C4H8O_1,40.067685000,RC2_0046_ICR-3_p08
385.186535169,425.254227200,40.067692031,Other,random,C4H8O_1,40.067685000,RC2_0046_ICR-3_p08
327.063959727,367.131651759,40.067692031,Other,random,C4H8O_1,40.067685000,RC2_0046_ICR-3_p08
333.191728733,373.259420764,40.067692031,Other,random,C4H8O_1,40.067685000,RC2_0046_ICR-3_p08
365.051172584,405.118864615,40.067692031,Other,random,C4H8O_1,40.067685000,RC2_0046_ICR-3_p08
392.025809157,432.093501188,40.067692031,Other,random,C4H8O_1,40.067685000,RC2_0046_ICR-3_p08
419.074776414,459.142468445,40.067692031,Other,random,C4H8O_1,40.067685000,RC2_0046_ICR-3_p08
466.062605090,506.130297121,40.067692031,Other,random,C4H8O_1,40.067685000,RC2_0046_ICR-3_p08
341.137114029,381.204807060,40.067693031,Other,random,C4H8O_1,40.067685000,RC2_0046_ICR-3_p08
515.213353590,555.281046622,40.067693031,Other,random,C4H8O_1,40.067685000,RC2_0046_ICR-3_p08
369.186185043,409.253878075,40.067693031,Other,random,C4H8O_1,40.067685000,RC2_0046_ICR-3_p08
423.087559391,463.155252423,40.067693031,Other,random,C4H8O_1,40.067685000,RC2_0046_ICR-3_p08
457.090642149,497.158335180,40.067693031,Other,random,C4H8O_1,40.067685000,RC2_0046_ICR-3_p08
423.123804238,463.191497269,40.067693031,Other,random,C4H8O_1,40.067685000,RC2_0046_ICR-3_p08
525.052077854,565.119770885,40.067693031,Other,random,C4H8O_1,40.067685000,RC2_0046_ICR-3_p08
519.091077141,559.158771172,40.067694031,Other,random,C4H8O_1,40.067685000,RC2_0046_ICR-3_p08
433.163258650,473.230952681,40.067694031,Other,random,C4H8O_1,40.067685000,RC2_0046_ICR-3_p08
447.123941428,487.191635459,40.067694031,Other,random,C4H8O_1,40.067685000,RC2_0046_ICR-3_p08
444.122549160,484.190243191,40.067694031,Other,random,C4H8O_1,40.067685000,RC2_0046_ICR-3_p08
397.199659209,437.267353240,40.067694031,Other,random,C4H8O_1,40.067685000,RC2_0046_ICR-3_p08
623.162022668,663.229716699,40.067694031,Other,random,C4H8O_1,40.067685000,RC2_0046_ICR-3_p08
336.036034667,376.103728699,40.067694031,Other,random,C4H8O_1,40.067685000,RC2_0046_ICR-3_p08
361.142055167,401.209749198,40.067694031,Other,random,C4H8O_1,40.067685000,RC2_0046_ICR-3_p08
405.131978560,445.199672591,40.067694031,Other,random,C4H8O_1,40.067685000,RC2_0046_ICR-3_p08
538.242004902,579.244743967,41.002739065,Other,random,C2HO,41.002740000,RC2_0046_ICR-3_p08
403.127467063,444.130208128,41.002741065,Other,random,C2HO,41.002740000,RC2_0046_ICR-3_p08
335.004389044,376.030929008,41.026539964,Other,random,C2H3N,41.026549000,RC2_0046_ICR-3_p08
383.147532819,424.174072782,41.026539964,Other,random,C2H3N,41.026549000,RC2_0046_ICR-3_p08
423.093130368,464.119670332,41.026539964,Other,random,C2H3N,41.026549000,RC2_0046_ICR-3_p08
411.142624062,452.169165026,41.026540964,Other,random,C2H3N,41.026549000,RC2_0046_ICR-3_p08
475.051546958,516.078087922,41.026540964,Other,random,C2H3N,41.026549000,RC2_0046_ICR-3_p08
253.035401759,294.061942723,41.026540964,Other,random,C2H3N,41.026549000,RC2_0046_ICR-3_p08
277.071757796,318.098298760,41.026540964,Other,random,C2H3N,41.026549000,RC2_0046_ICR-3_p08
319.057276692,360.083818656,41.026541964,Other,random,C2H3N,41.026549000,RC2_0046_ICR-3_p08
311.113457390,352.140000354,41.026542964,Other,random,C2H3N,41.026549000,RC2_0046_ICR-3_p08
295.009489704,336.036034667,41.026544964,Other,random,C2H3N,41.026549000,RC2_0046_ICR-3_p08
381.118949424,422.145494388,41.026544964,Other,random,C2H3N,41.026549000,RC2_0046_ICR-3_p08
395.134553969,436.161098933,41.026544964,Other,random,C2H3N,41.026549000,RC2_0046_ICR-3_p08
397.163217364,438.189762327,41.026544964,Other,random,C2H3N,41.026549000,RC2_0046_ICR-3_p08
261.004080956,302.030626920,41.026545964,Other,random,C2H3N,41.026549000,RC2_0046_ICR-3_p08
264.998979009,306.025524973,41.026545964,Other,random,C2H3N,41.026549000,RC2_0046_ICR-3_p08
233.045607557,274.072153521,41.026545964,Other,random,C2H3N,41.026549000,RC2_0046_ICR-3_p08
499.218355442,540.244901405,41.026545964,Other,random,C2H3N,41.026549000,RC2_0046_ICR-3_p08
273.097998653,314.124547617,41.026548964,Other,random,C2H3N,41.026549000,RC2_0046_ICR-3_p08
279.087396246,320.113946210,41.026549964,Other,random,C2H3N,41.026549000,RC2_0046_ICR-3_p08
303.050960591,344.077510555,41.026549964,Other,random,C2H3N,41.026549000,RC2_0046_ICR-3_p08
333.097906131,374.124457095,41.026550964,Other,random,C2H3N,41.026549000,RC2_0046_ICR-3_p08
307.058969589,348.085523553,41.026553964,Other,random,C2H3N,41.026549000,RC2_0046_ICR-3_p08
249.076919551,290.103474515,41.026554964,Other,random,C2H3N,41.026549000,RC2_0046_ICR-3_p08
567.171945180,608.198501144,41.026555964,Other,random,C2H3N,41.026549000,RC2_0046_ICR-3_p08
323.113488485,364.140045449,41.026556964,Other,random,C2H3N,41.026549000,RC2_0046_ICR-3_p08
280.046339178,321.072898142,41.026558964,Other,random,C2H3N,41.026549000,RC2_0046_ICR-3_p08
391.066942224,432.093501188,41.026558964,Other,random,C2H3N,41.026549000,RC2_0046_ICR-3_p08
321.038195289,362.101120098,41.062924809,Other,random,C3H7N1O_1,41.062934000,RC2_0046_ICR-3_p08
255.051044209,296.113972018,41.062927809,Other,random,C3H7N1O_1,41.062934000,RC2_0046_ICR-3_p08
389.064309719,430.127237529,41.062927809,Other,random,C3H7N1O_1,41.062934000,RC2_0046_ICR-3_p08
419.061807469,460.124737278,41.062929809,Other,random,C3H7N1O_1,41.062934000,RC2_0046_ICR-3_p08
499.181971596,540.244901405,41.062929809,Other,random,C3H7N1O_1,41.062934000,RC2_0046_ICR-3_p08
389.145163376,430.208094186,41.062930809,Other,random,C3H7N1O_1,41.062934000,RC2_0046_ICR-3_p08
407.098242219,448.161174028,41.062931809,Other,random,C3H7N1O_1,41.062934000,RC2_0046_ICR-3_p08
467.046583916,508.109518725,41.062934809,Other,random,C3H7N1O_1,41.062934000,RC2_0046_ICR-3_p08
493.098727401,534.161662211,41.062934809,Other,random,C3H7N1O_1,41.062934000,RC2_0046_ICR-3_p08
365.014899738,406.077836547,41.062936809,Other,random,C3H7N1O_1,41.062934000,RC2_0046_ICR-3_p08
525.052077854,566.115015663,41.062937809,Other,random,C3H7N1O_1,41.062934000,RC2_0046_ICR-3_p08
351.157780520,392.220719330,41.062938809,Other,random,C3H7N1O_1,41.062934000,RC2_0046_ICR-3_p08
503.082891048,544.145829858,41.062938809,Other,random,C3H7N1O_1,41.062934000,RC2_0046_ICR-3_p08
405.046226924,446.109167733,41.062940809,Other,random,C3H7N1O_1,41.062934000,RC2_0046_ICR-3_p08
499.036628213,540.099572022,41.062943809,Other,random,C3H7N1O_1,41.062934000,RC2_0046_ICR-3_p08
413.118394681,455.074806700,41.956412019,Other,random,H_2S1C1,41.956422000,RC2_0046_ICR-3_p08
457.144648920,499.101061939,41.956413019,Other,random,H_2S1C1,41.956422000,RC2_0046_ICR-3_p08
365.118427299,407.074844318,41.956417019,Other,random,H_2S1C1,41.956422000,RC2_0046_ICR-3_p08
347.107888700,389.064309719,41.956421019,Other,random,H_2S1C1,41.956422000,RC2_0046_ICR-3_p08
399.139248981,441.095670000,41.956421019,Other,random,H_2S1C1,41.956422000,RC2_0046_ICR-3_p08
397.159894378,439.116315397,41.956421019,Other,random,H_2S1C1,41.956422000,RC2_0046_ICR-3_p08
383.107904987,425.064328006,41.956423019,Other,random,H_2S1C1,41.956422000,RC2_0046_ICR-3_p08
337.123528054,379.079953073,41.956425019,Other,random,H_2S1C1,41.956422000,RC2_0046_ICR-3_p08
367.206860440,409.163286459,41.956426019,Other,random,H_2S1C1,41.956422000,RC2_0046_ICR-3_p08
445.181050670,487.137476689,41.956426019,Other,random,H_2S1C1,41.956422000,RC2_0046_ICR-3_p08
385.159965282,427.116393301,41.956428019,Other,random,H_2S1C1,41.956422000,RC2_0046_ICR-3_p08
421.144623633,463.101052653,41.956429019,Other,random,H_2S1C1,41.956422000,RC2_0046_ICR-3_p08
383.201783589,425.158213608,41.956430019,Other,random,H_2S1C1,41.956422000,RC2_0046_ICR-3_p08
395.128944993,437.085376012,41.956431019,Other,random,H_2S1C1,41.956422000,RC2_0046_ICR-3_p08
529.184556324,571.158727268,41.974170944,Other,random,C1H_2O2,41.974180000,RC2_0046_ICR-3_p08
327.136799418,369.110970362,41.974170944,Other,random,C1H_2O2,41.974180000,RC2_0046_ICR-3_p08
350.087977059,392.062148003,41.974170944,Other,random,C1H_2O2,41.974180000,RC2_0046_ICR-3_p08
343.103348688,385.077519632,41.974170944,Other,random,C1H_2O2,41.974180000,RC2_0046_ICR-3_p08
371.040630177,413.014801121,41.974170944,Other,random,C1H_2O2,41.974180000,RC2_0046_ICR-3_p08
381.046223732,423.020394676,41.974170944,Other,random,C1H_2O2,41.974180000,RC2_0046_ICR-3_p08
403.116282110,445.090453054,41.974170944,Other,random,C1H_2O2,41.974180000,RC2_0046_ICR-3_p08
404.074939044,446.049109988,41.974170944,Other,random,C1H_2O2,41.974180000,RC2_0046_ICR-3_p08
451.233505995,493.207676939,41.974170944,Other,random,C1H_2O2,41.974180000,RC2_0046_ICR-3_p08
515.119369989,557.093540933,41.974170944,Other,random,C1H_2O2,41.974180000,RC2_0046_ICR-3_p08
365.196847966,407.171018910,41.974170944,Other,random,C1H_2O2,41.974180000,RC2_0046_ICR-3_p08
457.113785051,499.087955995,41.974170944,Other,random,C1H_2O2,41.974180000,RC2_0046_ICR-3_p08
299.040821603,341.014992547,41.974170944,Other,random,C1H_2O2,41.974180000,RC2_0046_ICR-3_p08
407.129005088,449.103177032,41.974171944,Other,random,C1H_2O2,41.974180000,RC2_0046_ICR-3_p08
439.051555672,481.025727615,41.974171944,Other,random,C1H_2O2,41.974180000,RC2_0046_ICR-3_p08
371.126536812,413.100708756,41.974171944,Other,random,C1H_2O2,41.974180000,RC2_0046_ICR-3_p08
423.215300850,465.189472794,41.974171944,Other,random,C1H_2O2,41.974180000,RC2_0046_ICR-3_p08
707.293052781,749.267224724,41.974171944,Other,random,C1H_2O2,41.974180000,RC2_0046_ICR-3_p08
363.108305826,405.082477770,41.974171944,Other,random,C1H_2O2,41.974180000,RC2_0046_ICR-3_p08
377.082072549,419.056244492,41.974171944,Other,random,C1H_2O2,41.974180000,RC2_0046_ICR-3_p08
457.077532205,499.051704149,41.974171944,Other,random,C1H_2O2,41.974180000,RC2_0046_ICR-3_p08
317.051321201,359.025494145,41.974172944,Other,random,C1H_2O2,41.974180000,RC2_0046_ICR-3_p08
304.082595215,346.056768159,41.974172944,Other,random,C1H_2O2,41.974180000,RC2_0046_ICR-3_p08
315.108418443,357.082591387,41.974172944,Other,random,C1H_2O2,41.974180000,RC2_0046_ICR-3_p08
317.066569137,359.040742081,41.974172944,Other,random,C1H_2O2,41.974180000,RC2_0046_ICR-3_p08
359.113546772,401.087719716,41.974172944,Other,random,C1H_2O2,41.974180000,RC2_0046_ICR-3_p08
449.072241163,491.046414107,41.974172944,Other,random,C1H_2O2,41.974180000,RC2_0046_ICR-3_p08
393.191721211,435.165894155,41.974172944,Other,random,C1H_2O2,41.974180000,RC2_0046_ICR-3_p08
399.202213714,441.176386658,41.974172944,Other,random,C1H_2O2,41.974180000,RC2_0046_ICR-3_p08
417.241310192,459.215483135,41.974172944,Other,random,C1H_2O2,41.974180000,RC2_0046_ICR-3_p08
278.103313420,320.077487364,41.974173944,Other,random,C1H_2O2,41.974180000,RC2_0046_ICR-3_p08
307.082219491,349.056393435,41.974173944,Other,random,C1H_2O2,41.974180000,RC2_0046_ICR-3_p08
577.220635553,619.194809497,41.974173944,Other,random,C1H_2O2,41.974180000,RC2_0046_ICR-3_p08
268.082669928,310.056843872,41.974173944,Other,random,C1H_2O2,41.974180000,RC2_0046_ICR-3_p08
308.041080423,350.015254367,41.974173944,Other,random,C1H_2O2,41.974180000,RC2_0046_ICR-3_p08
365.246186757,407.220360701,41.974173944,Other,random,C1H_2O2,41.974180000,RC2_0046_ICR-3_p08
229.144602105,271.118777049,41.974174944,Other,random,C1H_2O2,41.974180000,RC2_0046_ICR-3_p08
471.223306198,513.197481142,41.974174944,Other,random,C1H_2O2,41.974180000,RC2_0046_ICR-3_p08
545.252125165,587.226300108,41.974174944,Other,random,C1H_2O2,41.974180000,RC2_0046_ICR-3_p08
313.238386376,355.212561320,41.974174944,Other,random,C1H_2O2,41.974180000,RC2_0046_ICR-3_p08
233.066774467,275.040949411,41.974174944,Other,random,C1H_2O2,41.974180000,RC2_0046_ICR-3_p08
409.163286459,451.137461403,41.974174944,Other,random,C1H_2O2,41.974180000,RC2_0046_ICR-3_p08
424.174072782,466.148247726,41.974174944,Other,random,C1H_2O2,41.974180000,RC2_0046_ICR-3_p08
585.247262504,627.221437448,41.974174944,Other,random,C1H_2O2,41.974180000,RC2_0046_ICR-3_p08
525.153121425,567.127297369,41.974175944,Other,random,C1H_2O2,41.974180000,RC2_0046_ICR-3_p08
585.182612778,627.156788722,41.974175944,Other,random,C1H_2O2,41.974180000,RC2_0046_ICR-3_p08
253.144546296,295.118722240,41.974175944,Other,random,C1H_2O2,41.974180000,RC2_0046_ICR-3_p08
381.241124906,423.215300850,41.974175944,Other,random,C1H_2O2,41.974180000,RC2_0046_ICR-3_p08
422.145494388,464.119670332,41.974175944,Other,random,C1H_2O2,41.974180000,RC2_0046_ICR-3_p08
319.204436068,361.178612012,41.974175944,Other,random,C1H_2O2,41.974180000,RC2_0046_ICR-3_p08
391.066942224,433.041118168,41.974175944,Other,random,C1H_2O2,41.974180000,RC2_0046_ICR-3_p08
449.121826953,491.096002897,41.974175944,Other,random,C1H_2O2,41.974180000,RC2_0046_ICR-3_p08
495.272885178,537.247062122,41.974176944,Other,random,C1H_2O2,41.974180000,RC2_0046_ICR-3_p08
409.108117693,451.082294637,41.974176944,Other,random,C1H_2O2,41.974180000,RC2_0046_ICR-3_p08
409.113701669,451.087878613,41.974176944,Other,random,C1H_2O2,41.974180000,RC2_0046_ICR-3_p08
410.072702601,452.046879545,41.974176944,Other,random,C1H_2O2,41.974180000,RC2_0046_ICR-3_p08
465.189472794,507.163649737,41.974176944,Other,random,C1H_2O2,41.974180000,RC2_0046_ICR-3_p08
553.229069326,595.203246270,41.974176944,Other,random,C1H_2O2,41.974180000,RC2_0046_ICR-3_p08
613.141322176,655.115499120,41.974176944,Other,random,C1H_2O2,41.974180000,RC2_0046_ICR-3_p08
661.177839403,703.152016347,41.974176944,Other,random,C1H_2O2,41.974180000,RC2_0046_ICR-3_p08
297.147313635,339.121490579,41.974176944,Other,random,C1H_2O2,41.974180000,RC2_0046_ICR-3_p08
345.101088213,387.075265157,41.974176944,Other,random,C1H_2O2,41.974180000,RC2_0046_ICR-3_p08
425.181585509,467.155762452,41.974176944,Other,random,C1H_2O2,41.974180000,RC2_0046_ICR-3_p08
461.218001641,503.192178585,41.974176944,Other,random,C1H_2O2,41.974180000,RC2_0046_ICR-3_p08
481.199734877,523.173911821,41.974176944,Other,random,C1H_2O2,41.974180000,RC2_0046_ICR-3_p08
429.176508562,471.150686506,41.974177944,Other,random,C1H_2O2,41.974180000,RC2_0046_ICR-3_p08
637.287017749,679.261195693,41.974177944,Other,random,C1H_2O2,41.974180000,RC2_0046_ICR-3_p08
347.272090004,389.246267948,41.974177944,Other,random,C1H_2O2,41.974180000,RC2_0046_ICR-3_p08
249.149643243,291.123821187,41.974177944,Other,random,C1H_2O2,41.974180000,RC2_0046_ICR-3_p08
333.191728733,375.165906677,41.974177944,Other,random,C1H_2O2,41.974180000,RC2_0046_ICR-3_p08
417.186064426,459.160242370,41.974177944,Other,random,C1H_2O2,41.974180000,RC2_0046_ICR-3_p08
419.137585147,461.111763091,41.974177944,Other,random,C1H_2O2,41.974180000,RC2_0046_ICR-3_p08
436.161098933,478.135276877,41.974177944,Other,random,C1H_2O2,41.974180000,RC2_0046_ICR-3_p08
505.135038343,547.109216287,41.974177944,Other,random,C1H_2O2,41.974180000,RC2_0046_ICR-3_p08
249.040480706,291.014658650,41.974177944,Other,random,C1H_2O2,41.974180000,RC2_0046_ICR-3_p08
437.217895450,479.192074394,41.974178944,Other,random,C1H_2O2,41.974180000,RC2_0046_ICR-3_p08
503.119415893,545.093594837,41.974178944,Other,random,C1H_2O2,41.974180000,RC2_0046_ICR-3_p08
513.189450176,555.163629120,41.974178944,Other,random,C1H_2O2,41.974180000,RC2_0046_ICR-3_p08
551.205358911,593.179537855,41.974178944,Other,random,C1H_2O2,41.974180000,RC2_0046_ICR-3_p08
479.241497184,521.215676128,41.974178944,Other,random,C1H_2O2,41.974180000,RC2_0046_ICR-3_p08
435.129413309,477.103592253,41.974178944,Other,random,C1H_2O2,41.974180000,RC2_0046_ICR-3_p08
289.157489528,331.131668472,41.974178944,Other,random,C1H_2O2,41.974180000,RC2_0046_ICR-3_p08
539.168829970,581.143008914,41.974178944,Other,random,C1H_2O2,41.974180000,RC2_0046_ICR-3_p08
583.218713109,625.192893053,41.974179944,Other,random,C1H_2O2,41.974180000,RC2_0046_ICR-3_p08
413.051198966,455.025378910,41.974179944,Other,random,C1H_2O2,41.974180000,RC2_0046_ICR-3_p08
329.233280525,371.207460469,41.974179944,Other,random,C1H_2O2,41.974180000,RC2_0046_ICR-3_p08
331.085567668,373.059747611,41.974179944,Other,random,C1H_2O2,41.974180000,RC2_0046_ICR-3_p08
415.066872416,457.041052359,41.974179944,Other,random,C1H_2O2,41.974180000,RC2_0046_ICR-3_p08
443.207521042,485.181700986,41.974179944,Other,random,C1H_2O2,41.974180000,RC2_0046_ICR-3_p08
489.176535039,531.150714983,41.974179944,Other,random,C1H_2O2,41.974180000,RC2_0046_ICR-3_p08
525.262534961,567.236714905,41.974179944,Other,random,C1H_2O2,41.974180000,RC2_0046_ICR-3_p08
466.106922902,508.081102846,41.974179944,Other,random,C1H_2O2,41.974180000,RC2_0046_ICR-3_p08
533.143082532,575.117263475,41.974180944,Other,random,C1H_2O2,41.974180000,RC2_0046_ICR-3_p08
351.144815575,393.118996519,41.974180944,Other,random,C1H_2O2,41.974180000,RC2_0046_ICR-3_p08
381.118949424,423.093130368,41.974180944,Other,random,C1H_2O2,41.974180000,RC2_0046_ICR-3_p08
389.064309719,431.038490663,41.974180944,Other,random,C1H_2O2,41.974180000,RC2_0046_ICR-3_p08
403.170459881,445.144640824,41.974180944,Other,random,C1H_2O2,41.974180000,RC2_0046_ICR-3_p08
483.056567001,525.030747944,41.974180944,Other,random,C1H_2O2,41.974180000,RC2_0046_ICR-3_p08
345.110818172,387.084999116,41.974180944,Other,random,C1H_2O2,41.974180000,RC2_0046_ICR-3_p08
433.199507496,475.173688440,41.974180944,Other,random,C1H_2O2,41.974180000,RC2_0046_ICR-3_p08
471.187040352,513.161221295,41.974180944,Other,random,C1H_2O2,41.974180000,RC2_0046_ICR-3_p08
569.093820027,611.068000971,41.974180944,Other,random,C1H_2O2,41.974180000,RC2_0046_ICR-3_p08
573.182535683,615.156716627,41.974180944,Other,random,C1H_2O2,41.974180000,RC2_0046_ICR-3_p08
645.218979101,687.193160045,41.974180944,Other,random,C1H_2O2,41.974180000,RC2_0046_ICR-3_p08
424.088423146,466.062605090,41.974181944,Other,random,C1H_2O2,41.974180000,RC2_0046_ICR-3_p08
499.173960630,541.148142574,41.974181944,Other,random,C1H_2O2,41.974180000,RC2_0046_ICR-3_p08
473.093450265,515.067632208,41.974181944,Other,random,C1H_2O2,41.974180000,RC2_0046_ICR-3_p08
365.051172584,407.025354528,41.974181944,Other,random,C1H_2O2,41.974180000,RC2_0046_ICR-3_p08
443.228496953,485.202678897,41.974181944,Other,random,C1H_2O2,41.974180000,RC2_0046_ICR-3_p08
315.181166135,357.155348079,41.974181944,Other,random,C1H_2O2,41.974180000,RC2_0046_ICR-3_p08
555.236593810,597.210775754,41.974181944,Other,random,C1H_2O2,41.974180000,RC2_0046_ICR-3_p08
529.171383380,571.145566324,41.974182944,Other,random,C1H_2O2,41.974180000,RC2_0046_ICR-3_p08
250.072156330,292.046339274,41.974182944,Other,random,C1H_2O2,41.974180000,RC2_0046_ICR-3_p08
337.159927900,379.134110844,41.974182944,Other,random,C1H_2O2,41.974180000,RC2_0046_ICR-3_p08
341.087629238,383.061812182,41.974182944,Other,random,C1H_2O2,41.974180000,RC2_0046_ICR-3_p08
361.092668376,403.066851320,41.974182944,Other,random,C1H_2O2,41.974180000,RC2_0046_ICR-3_p08
483.178938481,525.153121425,41.974182944,Other,random,C1H_2O2,41.974180000,RC2_0046_ICR-3_p08
403.175990857,445.150173801,41.974182944,Other,random,C1H_2O2,41.974180000,RC2_0046_ICR-3_p08
242.067057288,284.041241231,41.974183944,Other,random,C1H_2O2,41.974180000,RC2_0046_ICR-3_p08
299.095771370,341.069955313,41.974183944,Other,random,C1H_2O2,41.974180000,RC2_0046_ICR-3_p08
375.194119557,417.168303501,41.974183944,Other,random,C1H_2O2,41.974180000,RC2_0046_ICR-3_p08
351.085089829,393.059273773,41.974183944,Other,random,C1H_2O2,41.974180000,RC2_0046_ICR-3_p08
323.040714794,365.014899738,41.974184944,Other,random,C1H_2O2,41.974180000,RC2_0046_ICR-3_p08
567.244854871,609.219039814,41.974184944,Other,random,C1H_2O2,41.974180000,RC2_0046_ICR-3_p08
587.177193317,629.151378261,41.974184944,Other,random,C1H_2O2,41.974180000,RC2_0046_ICR-3_p08
379.175978666,421.150163610,41.974184944,Other,random,C1H_2O2,41.974180000,RC2_0046_ICR-3_p08
489.161302104,531.135487048,41.974184944,Other,random,C1H_2O2,41.974180000,RC2_0046_ICR-3_p08
325.142186880,367.116372823,41.974185944,Other,random,C1H_2O2,41.974180000,RC2_0046_ICR-3_p08
369.149696198,411.123882142,41.974185944,Other,random,C1H_2O2,41.974180000,RC2_0046_ICR-3_p08
387.121381961,429.095567905,41.974185944,Other,random,C1H_2O2,41.974180000,RC2_0046_ICR-3_p08
303.160082129,345.134268072,41.974185944,Other,random,C1H_2O2,41.974180000,RC2_0046_ICR-3_p08
513.161221295,555.135407239,41.974185944,Other,random,C1H_2O2,41.974180000,RC2_0046_ICR-3_p08
617.260446702,659.234633646,41.974186944,Other,random,C1H_2O2,41.974180000,RC2_0046_ICR-3_p08
331.095193627,373.069380571,41.974186944,Other,random,C1H_2O2,41.974180000,RC2_0046_ICR-3_p08
397.178456299,439.152643243,41.974186944,Other,random,C1H_2O2,41.974180000,RC2_0046_ICR-3_p08
351.108281730,393.082468674,41.974186944,Other,random,C1H_2O2,41.974180000,RC2_0046_ICR-3_p08
377.100588470,419.074776414,41.974187944,Other,random,C1H_2O2,41.974180000,RC2_0046_ICR-3_p08
264.051337029,306.025524973,41.974187944,Other,random,C1H_2O2,41.974180000,RC2_0046_ICR-3_p08
296.077520173,338.051708117,41.974187944,Other,random,C1H_2O2,41.974180000,RC2_0046_ICR-3_p08
304.046170370,346.020358314,41.974187944,Other,random,C1H_2O2,41.974180000,RC2_0046_ICR-3_p08
315.136633324,357.110821267,41.974187944,Other,random,C1H_2O2,41.974180000,RC2_0046_ICR-3_p08
345.025123535,386.999311479,41.974187944,Other,random,C1H_2O2,41.974180000,RC2_0046_ICR-3_p08
446.109167733,488.083355677,41.974187944,Other,random,C1H_2O2,41.974180000,RC2_0046_ICR-3_p08
519.127410987,561.101598930,41.974187944,Other,random,C1H_2O2,41.974180000,RC2_0046_ICR-3_p08
535.145700036,577.119887980,41.974187944,Other,random,C1H_2O2,41.974180000,RC2_0046_ICR-3_p08
555.099096393,597.073284337,41.974187944,Other,random,C1H_2O2,41.974180000,RC2_0046_ICR-3_p08
291.108461252,333.082649196,41.974187944,Other,random,C1H_2O2,41.974180000,RC2_0046_ICR-3_p08
287.105496233,329.079685177,41.974188944,Other,random,C1H_2O2,41.974180000,RC2_0046_ICR-3_p08
350.051620213,392.025809157,41.974188944,Other,random,C1H_2O2,41.974180000,RC2_0046_ICR-3_p08
351.102776754,393.076965698,41.974188944,Other,random,C1H_2O2,41.974180000,RC2_0046_ICR-3_p08
357.155348079,399.129537022,41.974188944,Other,random,C1H_2O2,41.974180000,RC2_0046_ICR-3_p08
411.056790426,453.030979370,41.974188944,Other,random,C1H_2O2,41.974180000,RC2_0046_ICR-3_p08
309.097848940,351.072037884,41.974188944,Other,random,C1H_2O2,41.974180000,RC2_0046_ICR-3_p08
417.118955711,459.093144654,41.974188944,Other,random,C1H_2O2,41.974180000,RC2_0046_ICR-3_p08
433.180899575,475.155088519,41.974188944,Other,random,C1H_2O2,41.974180000,RC2_0046_ICR-3_p08
473.129764110,515.103953054,41.974188944,Other,random,C1H_2O2,41.974180000,RC2_0046_ICR-3_p08
531.187184829,573.161373772,41.974188944,Other,random,C1H_2O2,41.974180000,RC2_0046_ICR-3_p08
589.278437403,631.252626347,41.974188944,Other,random,C1H_2O2,41.974180000,RC2_0046_ICR-3_p08
317.152398773,359.126588716,41.974189944,Other,random,C1H_2O2,41.974180000,RC2_0046_ICR-3_p08
545.288751009,587.262940953,41.974189944,Other,random,C1H_2O2,41.974180000,RC2_0046_ICR-3_p08
271.110492084,313.084682028,41.974189944,Other,random,C1H_2O2,41.974180000,RC2_0046_ICR-3_p08
339.072033789,381.046223732,41.974189944,Other,random,C1H_2O2,41.974180000,RC2_0046_ICR-3_p08
387.075265157,429.049455101,41.974189944,Other,random,C1H_2O2,41.974180000,RC2_0046_ICR-3_p08
331.082208682,373.056398626,41.974189944,Other,random,C1H_2O2,41.974180000,RC2_0046_ICR-3_p08
547.231418768,589.205608712,41.974189944,Other,random,C1H_2O2,41.974180000,RC2_0046_ICR-3_p08
559.304286555,601.278476499,41.974189944,Other,random,C1H_2O2,41.974180000,RC2_0046_ICR-3_p08
350.015254367,392.025809157,42.010554790,Other,random,acetylation (-H2O),42.010564710,RC2_0046_ICR-3_p08
374.051645404,416.062200193,42.010554790,Other,random,acetylation (-H2O),42.010564710,RC2_0046_ICR-3_p08
529.111904632,571.122459422,42.010554790,Other,random,acetylation (-H2O),42.010564710,RC2_0046_ICR-3_p08
601.265912552,643.276467341,42.010554790,Other,random,acetylation (-H2O),42.010564710,RC2_0046_ICR-3_p08
235.024861161,277.035415950,42.010554790,Other,random,acetylation (-H2O),42.010564710,RC2_0046_ICR-3_p08
515.140568899,557.151123689,42.010554790,Other,random,acetylation (-H2O),42.010564710,RC2_0046_ICR-3_p08
551.168983065,593.179537855,42.010554790,Other,random,acetylation (-H2O),42.010564710,RC2_0046_ICR-3_p08
327.253939921,369.264494711,42.010554790,Other,random,acetylation (-H2O),42.010564710,RC2_0046_ICR-3_p08
388.116682739,430.127237529,42.010554790,Other,random,acetylation (-H2O),42.010564710,RC2_0046_ICR-3_p08
501.030836753,543.041391543,42.010554790,Other,random,acetylation (-H2O),42.010564710,RC2_0046_ICR-3_p08
361.019841685,403.030397475,42.010555790,Other,random,acetylation (-H2O),42.010564710,RC2_0046_ICR-3_p08
415.030496570,457.041052359,42.010555790,Other,random,acetylation (-H2O),42.010564710,RC2_0046_ICR-3_p08
426.153508386,468.164064175,42.010555790,Other,random,acetylation (-H2O),42.010564710,RC2_0046_ICR-3_p08
429.103625871,471.114181661,42.010555790,Other,random,acetylation (-H2O),42.010564710,RC2_0046_ICR-3_p08
439.246640844,481.257196634,42.010555790,Other,random,acetylation (-H2O),42.010564710,RC2_0046_ICR-3_p08
369.046234637,411.056790426,42.010555790,Other,random,acetylation (-H2O),42.010564710,RC2_0046_ICR-3_p08
394.114226298,436.124782087,42.010555790,Other,random,acetylation (-H2O),42.010564710,RC2_0046_ICR-3_p08
359.053811025,401.064367815,42.010556790,Other,random,acetylation (-H2O),42.010564710,RC2_0046_ICR-3_p08
376.103728699,418.114285488,42.010556790,Other,random,acetylation (-H2O),42.010564710,RC2_0046_ICR-3_p08
385.077519632,427.088076421,42.010556790,Other,random,acetylation (-H2O),42.010564710,RC2_0046_ICR-3_p08
431.046616629,473.057173418,42.010556790,Other,random,acetylation (-H2O),42.010564710,RC2_0046_ICR-3_p08
533.093617741,575.104174531,42.010556790,Other,random,acetylation (-H2O),42.010564710,RC2_0046_ICR-3_p08
239.128947751,281.139504541,42.010556790,Other,random,acetylation (-H2O),42.010564710,RC2_0046_ICR-3_p08
343.131627568,385.142185357,42.010557790,Other,random,acetylation (-H2O),42.010564710,RC2_0046_ICR-3_p08
435.093034464,477.103592253,42.010557790,Other,random,acetylation (-H2O),42.010564710,RC2_0046_ICR-3_p08
241.144611201,283.155168990,42.010557790,Other,random,acetylation (-H2O),42.010564710,RC2_0046_ICR-3_p08
303.072087502,345.082645291,42.010557790,Other,random,acetylation (-H2O),42.010564710,RC2_0046_ICR-3_p08
321.219992518,363.230550307,42.010557790,Other,random,acetylation (-H2O),42.010564710,RC2_0046_ICR-3_p08
329.051278297,371.061836087,42.010557790,Other,random,acetylation (-H2O),42.010564710,RC2_0046_ICR-3_p08
443.082864571,485.093422360,42.010557790,Other,random,acetylation (-H2O),42.010564710,RC2_0046_ICR-3_p08
495.178910577,537.189468367,42.010557790,Other,random,acetylation (-H2O),42.010564710,RC2_0046_ICR-3_p08
541.119759694,583.130317484,42.010557790,Other,random,acetylation (-H2O),42.010564710,RC2_0046_ICR-3_p08
317.116029927,359.126588716,42.010558790,Other,random,acetylation (-H2O),42.010564710,RC2_0046_ICR-3_p08
319.240762914,361.251321703,42.010558790,Other,random,acetylation (-H2O),42.010564710,RC2_0046_ICR-3_p08
435.123825333,477.134384123,42.010558790,Other,random,acetylation (-H2O),42.010564710,RC2_0046_ICR-3_p08
359.071536950,401.082095740,42.010558790,Other,random,acetylation (-H2O),42.010564710,RC2_0046_ICR-3_p08
507.272956274,549.283515063,42.010558790,Other,random,acetylation (-H2O),42.010564710,RC2_0046_ICR-3_p08
253.144546296,295.155105086,42.010558790,Other,random,acetylation (-H2O),42.010564710,RC2_0046_ICR-3_p08
313.092737994,355.103296783,42.010558790,Other,random,acetylation (-H2O),42.010564710,RC2_0046_ICR-3_p08
341.043253427,383.053812216,42.010558790,Other,random,acetylation (-H2O),42.010564710,RC2_0046_ICR-3_p08
352.153077298,394.163636088,42.010558790,Other,random,acetylation (-H2O),42.010564710,RC2_0046_ICR-3_p08
363.108305826,405.118864615,42.010558790,Other,random,acetylation (-H2O),42.010564710,RC2_0046_ICR-3_p08
745.199060982,787.209619771,42.010558790,Other,random,acetylation (-H2O),42.010564710,RC2_0046_ICR-3_p08
545.114835747,587.125395537,42.010559790,Other,random,acetylation (-H2O),42.010564710,RC2_0046_ICR-3_p08
343.066959842,385.077519632,42.010559790,Other,random,acetylation (-H2O),42.010564710,RC2_0046_ICR-3_p08
353.079638368,395.090198157,42.010559790,Other,random,acetylation (-H2O),42.010564710,RC2_0046_ICR-3_p08
421.113886764,463.124446553,42.010559790,Other,random,acetylation (-H2O),42.010564710,RC2_0046_ICR-3_p08
393.241041002,435.251600791,42.010559790,Other,random,acetylation (-H2O),42.010564710,RC2_0046_ICR-3_p08
223.097665756,265.108226546,42.010560790,Other,random,acetylation (-H2O),42.010564710,RC2_0046_ICR-3_p08
312.145129014,354.155689803,42.010560790,Other,random,acetylation (-H2O),42.010564710,RC2_0046_ICR-3_p08
379.066941129,421.077501918,42.010560790,Other,random,acetylation (-H2O),42.010564710,RC2_0046_ICR-3_p08
467.192161298,509.202722088,42.010560790,Other,random,acetylation (-H2O),42.010564710,RC2_0046_ICR-3_p08
395.207334661,437.217895450,42.010560790,Other,random,acetylation (-H2O),42.010564710,RC2_0046_ICR-3_p08
525.088482700,567.099043489,42.010560790,Other,random,acetylation (-H2O),42.010564710,RC2_0046_ICR-3_p08
679.261195693,721.271756482,42.010560790,Other,random,acetylation (-H2O),42.010564710,RC2_0046_ICR-3_p08
321.061516190,363.072076980,42.010560790,Other,random,acetylation (-H2O),42.010564710,RC2_0046_ICR-3_p08
533.143082532,575.153643321,42.010560790,Other,random,acetylation (-H2O),42.010564710,RC2_0046_ICR-3_p08
453.131953942,495.142515732,42.010561790,Other,random,acetylation (-H2O),42.010564710,RC2_0046_ICR-3_p08
539.205288816,581.215850605,42.010561790,Other,random,acetylation (-H2O),42.010564710,RC2_0046_ICR-3_p08
308.113859114,350.124420904,42.010561790,Other,random,acetylation (-H2O),42.010564710,RC2_0046_ICR-3_p08
349.087113304,391.097675094,42.010561790,Other,random,acetylation (-H2O),42.010564710,RC2_0046_ICR-3_p08
375.048609175,417.059170964,42.010561790,Other,random,acetylation (-H2O),42.010564710,RC2_0046_ICR-3_p08
411.238614655,453.249176445,42.010561790,Other,random,acetylation (-H2O),42.010564710,RC2_0046_ICR-3_p08
249.040480706,291.051042496,42.010561790,Other,random,acetylation (-H2O),42.010564710,RC2_0046_ICR-3_p08
517.098707592,559.109269382,42.010561790,Other,random,acetylation (-H2O),42.010564710,RC2_0046_ICR-3_p08
224.056505689,266.067068479,42.010562790,Other,random,acetylation (-H2O),42.010564710,RC2_0046_ICR-3_p08
511.267760328,553.278323117,42.010562790,Other,random,acetylation (-H2O),42.010564710,RC2_0046_ICR-3_p08
613.141322176,655.151884965,42.010562790,Other,random,acetylation (-H2O),42.010564710,RC2_0046_ICR-3_p08
301.048392086,343.058954876,42.010562790,Other,random,acetylation (-H2O),42.010564710,RC2_0046_ICR-3_p08
376.030929008,418.041491797,42.010562790,Other,random,acetylation (-H2O),42.010564710,RC2_0046_ICR-3_p08
327.157851329,369.168415119,42.010563790,Other,random,acetylation (-H2O),42.010564710,RC2_0046_ICR-3_p08
349.050777458,391.061341248,42.010563790,Other,random,acetylation (-H2O),42.010564710,RC2_0046_ICR-3_p08
299.113563294,341.124127084,42.010563790,Other,random,acetylation (-H2O),42.010564710,RC2_0046_ICR-3_p08
299.222743831,341.233307620,42.010563790,Other,random,acetylation (-H2O),42.010564710,RC2_0046_ICR-3_p08
329.152296869,371.162860658,42.010563790,Other,random,acetylation (-H2O),42.010564710,RC2_0046_ICR-3_p08
345.110818172,387.121381961,42.010563790,Other,random,acetylation (-H2O),42.010564710,RC2_0046_ICR-3_p08
449.181372701,491.191936490,42.010563790,Other,random,acetylation (-H2O),42.010564710,RC2_0046_ICR-3_p08
459.251686982,501.262250771,42.010563790,Other,random,acetylation (-H2O),42.010564710,RC2_0046_ICR-3_p08
469.077293301,511.087857091,42.010563790,Other,random,acetylation (-H2O),42.010564710,RC2_0046_ICR-3_p08
315.014563841,357.025128631,42.010564790,Other,random,acetylation (-H2O),42.010564710,RC2_0046_ICR-3_p08
361.251321703,403.261886493,42.010564790,Other,random,acetylation (-H2O),42.010564710,RC2_0046_ICR-3_p08
429.186168521,471.196733310,42.010564790,Other,random,acetylation (-H2O),42.010564710,RC2_0046_ICR-3_p08
469.220739693,511.231304482,42.010564790,Other,random,acetylation (-H2O),42.010564710,RC2_0046_ICR-3_p08
523.145622941,565.156187731,42.010564790,Other,random,acetylation (-H2O),42.010564710,RC2_0046_ICR-3_p08
619.130570769,661.141135559,42.010564790,Other,random,acetylation (-H2O),42.010564710,RC2_0046_ICR-3_p08
329.115972023,371.126536812,42.010564790,Other,random,acetylation (-H2O),42.010564710,RC2_0046_ICR-3_p08
349.129151126,391.139715916,42.010564790,Other,random,acetylation (-H2O),42.010564710,RC2_0046_ICR-3_p08
423.020394676,465.030959466,42.010564790,Other,random,acetylation (-H2O),42.010564710,RC2_0046_ICR-3_p08
469.025924519,511.036489309,42.010564790,Other,random,acetylation (-H2O),42.010564710,RC2_0046_ICR-3_p08
361.069290475,403.079856265,42.010565790,Other,random,acetylation (-H2O),42.010564710,RC2_0046_ICR-3_p08
387.056778235,429.067344025,42.010565790,Other,random,acetylation (-H2O),42.010564710,RC2_0046_ICR-3_p08
393.082468674,435.093034464,42.010565790,Other,random,acetylation (-H2O),42.010564710,RC2_0046_ICR-3_p08
471.056664905,513.067230694,42.010565790,Other,random,acetylation (-H2O),42.010564710,RC2_0046_ICR-3_p08
569.252413354,611.262979144,42.010565790,Other,random,acetylation (-H2O),42.010564710,RC2_0046_ICR-3_p08
327.108359539,369.118926329,42.010566790,Other,random,acetylation (-H2O),42.010564710,RC2_0046_ICR-3_p08
351.181154421,393.191721211,42.010566790,Other,random,acetylation (-H2O),42.010564710,RC2_0046_ICR-3_p08
501.067371598,543.077938388,42.010566790,Other,random,acetylation (-H2O),42.010564710,RC2_0046_ICR-3_p08
553.241719272,595.252286062,42.010566790,Other,random,acetylation (-H2O),42.010564710,RC2_0046_ICR-3_p08
303.087286437,345.097853227,42.010566790,Other,random,acetylation (-H2O),42.010564710,RC2_0046_ICR-3_p08
367.225385361,409.235952151,42.010566790,Other,random,acetylation (-H2O),42.010564710,RC2_0046_ICR-3_p08
435.251600791,477.262167581,42.010566790,Other,random,acetylation (-H2O),42.010564710,RC2_0046_ICR-3_p08
369.118926329,411.129493118,42.010566790,Other,random,acetylation (-H2O),42.010564710,RC2_0046_ICR-3_p08
453.030979370,495.041546160,42.010566790,Other,random,acetylation (-H2O),42.010564710,RC2_0046_ICR-3_p08
541.171467475,583.182034264,42.010566790,Other,random,acetylation (-H2O),42.010564710,RC2_0046_ICR-3_p08
399.157739903,441.168307692,42.010567790,Other,random,acetylation (-H2O),42.010564710,RC2_0046_ICR-3_p08
334.020361218,376.030929008,42.010567790,Other,random,acetylation (-H2O),42.010564710,RC2_0046_ICR-3_p08
357.092252346,399.102820136,42.010567790,Other,random,acetylation (-H2O),42.010564710,RC2_0046_ICR-3_p08
425.194589453,467.205157243,42.010567790,Other,random,acetylation (-H2O),42.010564710,RC2_0046_ICR-3_p08
309.183695576,351.194263366,42.010567790,Other,random,acetylation (-H2O),42.010564710,RC2_0046_ICR-3_p08
345.064697368,387.075265157,42.010567790,Other,random,acetylation (-H2O),42.010564710,RC2_0046_ICR-3_p08
541.208145319,583.218713109,42.010567790,Other,random,acetylation (-H2O),42.010564710,RC2_0046_ICR-3_p08
575.104174531,617.114742321,42.010567790,Other,random,acetylation (-H2O),42.010564710,RC2_0046_ICR-3_p08
643.167023806,685.177591595,42.010567790,Other,random,acetylation (-H2O),42.010564710,RC2_0046_ICR-3_p08
325.178561725,367.189130515,42.010568790,Other,random,acetylation (-H2O),42.010564710,RC2_0046_ICR-3_p08
347.004343139,389.014911929,42.010568790,Other,random,acetylation (-H2O),42.010564710,RC2_0046_ICR-3_p08
381.095437524,423.106006313,42.010568790,Other,random,acetylation (-H2O),42.010564710,RC2_0046_ICR-3_p08
387.084999116,429.095567905,42.010568790,Other,random,acetylation (-H2O),42.010564710,RC2_0046_ICR-3_p08
371.040630177,413.051198966,42.010568790,Other,random,acetylation (-H2O),42.010564710,RC2_0046_ICR-3_p08
497.166327146,539.176895936,42.010568790,Other,random,acetylation (-H2O),42.010564710,RC2_0046_ICR-3_p08
569.179450664,611.190019453,42.010568790,Other,random,acetylation (-H2O),42.010564710,RC2_0046_ICR-3_p08
633.182757159,675.193325949,42.010568790,Other,random,acetylation (-H2O),42.010564710,RC2_0046_ICR-3_p08
303.123699283,345.134268072,42.010568790,Other,random,acetylation (-H2O),42.010564710,RC2_0046_ICR-3_p08
319.095273531,361.105842320,42.010568790,Other,random,acetylation (-H2O),42.010564710,RC2_0046_ICR-3_p08
365.196847966,407.207416756,42.010568790,Other,random,acetylation (-H2O),42.010564710,RC2_0046_ICR-3_p08
391.030549379,433.041118168,42.010568790,Other,random,acetylation (-H2O),42.010564710,RC2_0046_ICR-3_p08
335.053797834,377.064367624,42.010569790,Other,random,acetylation (-H2O),42.010564710,RC2_0046_ICR-3_p08
398.121986296,440.132556086,42.010569790,Other,random,acetylation (-H2O),42.010564710,RC2_0046_ICR-3_p08
451.116494492,493.127064281,42.010569790,Other,random,acetylation (-H2O),42.010564710,RC2_0046_ICR-3_p08
297.110920789,339.121490579,42.010569790,Other,random,acetylation (-H2O),42.010564710,RC2_0046_ICR-3_p08
240.087779684,282.098350473,42.010570790,Other,random,acetylation (-H2O),42.010564710,RC2_0046_ICR-3_p08
465.212909694,507.223480484,42.010570790,Other,random,acetylation (-H2O),42.010564710,RC2_0046_ICR-3_p08
559.072814537,601.083385326,42.010570790,Other,random,acetylation (-H2O),42.010564710,RC2_0046_ICR-3_p08
291.173172978,333.183743767,42.010570790,Other,random,acetylation (-H2O),42.010564710,RC2_0046_ICR-3_p08
375.102817945,417.113388734,42.010570790,Other,random,acetylation (-H2O),42.010564710,RC2_0046_ICR-3_p08
403.087874231,445.098445020,42.010570790,Other,random,acetylation (-H2O),42.010564710,RC2_0046_ICR-3_p08
412.116557931,454.127128720,42.010570790,Other,random,acetylation (-H2O),42.010564710,RC2_0046_ICR-3_p08
479.241497184,521.252067974,42.010570790,Other,random,acetylation (-H2O),42.010564710,RC2_0046_ICR-3_p08
461.103241127,503.113812917,42.010571789,Other,random,acetylation (-H2O),42.010564710,RC2_0046_ICR-3_p08
415.103213261,457.113785051,42.010571789,Other,random,acetylation (-H2O),42.010564710,RC2_0046_ICR-3_p08
441.249208349,483.259780139,42.010571789,Other,random,acetylation (-H2O),42.010564710,RC2_0046_ICR-3_p08
445.199672591,487.210244381,42.010571789,Other,random,acetylation (-H2O),42.010564710,RC2_0046_ICR-3_p08
470.101770955,512.112342745,42.010571789,Other,random,acetylation (-H2O),42.010564710,RC2_0046_ICR-3_p08
399.111474099,441.122045888,42.010571789,Other,random,acetylation (-H2O),42.010564710,RC2_0046_ICR-3_p08
409.150237514,451.160809304,42.010571789,Other,random,acetylation (-H2O),42.010564710,RC2_0046_ICR-3_p08
293.030243100,335.040815889,42.010572789,Other,random,acetylation (-H2O),42.010564710,RC2_0046_ICR-3_p08
457.199697686,499.210270476,42.010572789,Other,random,acetylation (-H2O),42.010564710,RC2_0046_ICR-3_p08
489.233974796,531.244547585,42.010572789,Other,random,acetylation (-H2O),42.010564710,RC2_0046_ICR-3_p08
551.241408758,593.251981547,42.010572789,Other,random,acetylation (-H2O),42.010564710,RC2_0046_ICR-3_p08
311.186302081,353.196874871,42.010572789,Other,random,acetylation (-H2O),42.010564710,RC2_0046_ICR-3_p08
417.103659775,459.114232565,42.010572789,Other,random,acetylation (-H2O),42.010564710,RC2_0046_ICR-3_p08
433.098540925,475.109113714,42.010572789,Other,random,acetylation (-H2O),42.010564710,RC2_0046_ICR-3_p08
497.093558455,539.104131245,42.010572789,Other,random,acetylation (-H2O),42.010564710,RC2_0046_ICR-3_p08
529.184556324,571.195130113,42.010573789,Other,random,acetylation (-H2O),42.010564710,RC2_0046_ICR-3_p08
389.145163376,431.155737166,42.010573789,Other,random,acetylation (-H2O),42.010564710,RC2_0046_ICR-3_p08
423.142477159,465.153050948,42.010573789,Other,random,acetylation (-H2O),42.010564710,RC2_0046_ICR-3_p08
443.025449814,485.036023604,42.010573789,Other,random,acetylation (-H2O),42.010564710,RC2_0046_ICR-3_p08
519.150732888,561.161306677,42.010573789,Other,random,acetylation (-H2O),42.010564710,RC2_0046_ICR-3_p08
627.099809963,669.110383753,42.010573789,Other,random,acetylation (-H2O),42.010564710,RC2_0046_ICR-3_p08
249.149643243,291.160217032,42.010573789,Other,random,acetylation (-H2O),42.010564710,RC2_0046_ICR-3_p08
403.152739956,445.163313745,42.010573789,Other,random,acetylation (-H2O),42.010564710,RC2_0046_ICR-3_p08
423.056822522,465.067396311,42.010573789,Other,random,acetylation (-H2O),42.010564710,RC2_0046_ICR-3_p08
589.229056613,631.239630402,42.010573789,Other,random,acetylation (-H2O),42.010564710,RC2_0046_ICR-3_p08
361.019841685,403.030397475,42.010555790,Other,random,acetylation_(_H2O)_C2H2O,42.010565000,RC2_0046_ICR-3_p08
415.030496570,457.041052359,42.010555790,Other,random,acetylation_(_H2O)_C2H2O,42.010565000,RC2_0046_ICR-3_p08
426.153508386,468.164064175,42.010555790,Other,random,acetylation_(_H2O)_C2H2O,42.010565000,RC2_0046_ICR-3_p08
429.103625871,471.114181661,42.010555790,Other,random,acetylation_(_H2O)_C2H2O,42.010565000,RC2_0046_ICR-3_p08
439.246640844,481.257196634,42.010555790,Other,random,acetylation_(_H2O)_C2H2O,42.010565000,RC2_0046_ICR-3_p08
369.046234637,411.056790426,42.010555790,Other,random,acetylation_(_H2O)_C2H2O,42.010565000,RC2_0046_ICR-3_p08
394.114226298,436.124782087,42.010555790,Other,random,acetylation_(_H2O)_C2H2O,42.010565000,RC2_0046_ICR-3_p08
359.053811025,401.064367815,42.010556790,Other,random,acetylation_(_H2O)_C2H2O,42.010565000,RC2_0046_ICR-3_p08
376.103728699,418.114285488,42.010556790,Other,random,acetylation_(_H2O)_C2H2O,42.010565000,RC2_0046_ICR-3_p08
385.077519632,427.088076421,42.010556790,Other,random,acetylation_(_H2O)_C2H2O,42.010565000,RC2_0046_ICR-3_p08
431.046616629,473.057173418,42.010556790,Other,random,acetylation_(_H2O)_C2H2O,42.010565000,RC2_0046_ICR-3_p08
533.093617741,575.104174531,42.010556790,Other,random,acetylation_(_H2O)_C2H2O,42.010565000,RC2_0046_ICR-3_p08
239.128947751,281.139504541,42.010556790,Other,random,acetylation_(_H2O)_C2H2O,42.010565000,RC2_0046_ICR-3_p08
343.131627568,385.142185357,42.010557790,Other,random,acetylation_(_H2O)_C2H2O,42.010565000,RC2_0046_ICR-3_p08
435.093034464,477.103592253,42.010557790,Other,random,acetylation_(_H2O)_C2H2O,42.010565000,RC2_0046_ICR-3_p08
241.144611201,283.155168990,42.010557790,Other,random,acetylation_(_H2O)_C2H2O,42.010565000,RC2_0046_ICR-3_p08
303.072087502,345.082645291,42.010557790,Other,random,acetylation_(_H2O)_C2H2O,42.010565000,RC2_0046_ICR-3_p08
321.219992518,363.230550307,42.010557790,Other,random,acetylation_(_H2O)_C2H2O,42.010565000,RC2_0046_ICR-3_p08
329.051278297,371.061836087,42.010557790,Other,random,acetylation_(_H2O)_C2H2O,42.010565000,RC2_0046_ICR-3_p08
443.082864571,485.093422360,42.010557790,Other,random,acetylation_(_H2O)_C2H2O,42.010565000,RC2_0046_ICR-3_p08
495.178910577,537.189468367,42.010557790,Other,random,acetylation_(_H2O)_C2H2O,42.010565000,RC2_0046_ICR-3_p08
541.119759694,583.130317484,42.010557790,Other,random,acetylation_(_H2O)_C2H2O,42.010565000,RC2_0046_ICR-3_p08
317.116029927,359.126588716,42.010558790,Other,random,acetylation_(_H2O)_C2H2O,42.010565000,RC2_0046_ICR-3_p08
319.240762914,361.251321703,42.010558790,Other,random,acetylation_(_H2O)_C2H2O,42.010565000,RC2_0046_ICR-3_p08
435.123825333,477.134384123,42.010558790,Other,random,acetylation_(_H2O)_C2H2O,42.010565000,RC2_0046_ICR-3_p08
359.071536950,401.082095740,42.010558790,Other,random,acetylation_(_H2O)_C2H2O,42.010565000,RC2_0046_ICR-3_p08
507.272956274,549.283515063,42.010558790,Other,random,acetylation_(_H2O)_C2H2O,42.010565000,RC2_0046_ICR-3_p08
253.144546296,295.155105086,42.010558790,Other,random,acetylation_(_H2O)_C2H2O,42.010565000,RC2_0046_ICR-3_p08
313.092737994,355.103296783,42.010558790,Other,random,acetylation_(_H2O)_C2H2O,42.010565000,RC2_0046_ICR-3_p08
341.043253427,383.053812216,42.010558790,Other,random,acetylation_(_H2O)_C2H2O,42.010565000,RC2_0046_ICR-3_p08
352.153077298,394.163636088,42.010558790,Other,random,acetylation_(_H2O)_C2H2O,42.010565000,RC2_0046_ICR-3_p08
363.108305826,405.118864615,42.010558790,Other,random,acetylation_(_H2O)_C2H2O,42.010565000,RC2_0046_ICR-3_p08
745.199060982,787.209619771,42.010558790,Other,random,acetylation_(_H2O)_C2H2O,42.010565000,RC2_0046_ICR-3_p08
545.114835747,587.125395537,42.010559790,Other,random,acetylation_(_H2O)_C2H2O,42.010565000,RC2_0046_ICR-3_p08
343.066959842,385.077519632,42.010559790,Other,random,acetylation_(_H2O)_C2H2O,42.010565000,RC2_0046_ICR-3_p08
353.079638368,395.090198157,42.010559790,Other,random,acetylation_(_H2O)_C2H2O,42.010565000,RC2_0046_ICR-3_p08
421.113886764,463.124446553,42.010559790,Other,random,acetylation_(_H2O)_C2H2O,42.010565000,RC2_0046_ICR-3_p08
393.241041002,435.251600791,42.010559790,Other,random,acetylation_(_H2O)_C2H2O,42.010565000,RC2_0046_ICR-3_p08
223.097665756,265.108226546,42.010560790,Other,random,acetylation_(_H2O)_C2H2O,42.010565000,RC2_0046_ICR-3_p08
312.145129014,354.155689803,42.010560790,Other,random,acetylation_(_H2O)_C2H2O,42.010565000,RC2_0046_ICR-3_p08
379.066941129,421.077501918,42.010560790,Other,random,acetylation_(_H2O)_C2H2O,42.010565000,RC2_0046_ICR-3_p08
467.192161298,509.202722088,42.010560790,Other,random,acetylation_(_H2O)_C2H2O,42.010565000,RC2_0046_ICR-3_p08
395.207334661,437.217895450,42.010560790,Other,random,acetylation_(_H2O)_C2H2O,42.010565000,RC2_0046_ICR-3_p08
525.088482700,567.099043489,42.010560790,Other,random,acetylation_(_H2O)_C2H2O,42.010565000,RC2_0046_ICR-3_p08
679.261195693,721.271756482,42.010560790,Other,random,acetylation_(_H2O)_C2H2O,42.010565000,RC2_0046_ICR-3_p08
321.061516190,363.072076980,42.010560790,Other,random,acetylation_(_H2O)_C2H2O,42.010565000,RC2_0046_ICR-3_p08
533.143082532,575.153643321,42.010560790,Other,random,acetylation_(_H2O)_C2H2O,42.010565000,RC2_0046_ICR-3_p08
453.131953942,495.142515732,42.010561790,Other,random,acetylation_(_H2O)_C2H2O,42.010565000,RC2_0046_ICR-3_p08
539.205288816,581.215850605,42.010561790,Other,random,acetylation_(_H2O)_C2H2O,42.010565000,RC2_0046_ICR-3_p08
308.113859114,350.124420904,42.010561790,Other,random,acetylation_(_H2O)_C2H2O,42.010565000,RC2_0046_ICR-3_p08
349.087113304,391.097675094,42.010561790,Other,random,acetylation_(_H2O)_C2H2O,42.010565000,RC2_0046_ICR-3_p08
375.048609175,417.059170964,42.010561790,Other,random,acetylation_(_H2O)_C2H2O,42.010565000,RC2_0046_ICR-3_p08
411.238614655,453.249176445,42.010561790,Other,random,acetylation_(_H2O)_C2H2O,42.010565000,RC2_0046_ICR-3_p08
249.040480706,291.051042496,42.010561790,Other,random,acetylation_(_H2O)_C2H2O,42.010565000,RC2_0046_ICR-3_p08
517.098707592,559.109269382,42.010561790,Other,random,acetylation_(_H2O)_C2H2O,42.010565000,RC2_0046_ICR-3_p08
224.056505689,266.067068479,42.010562790,Other,random,acetylation_(_H2O)_C2H2O,42.010565000,RC2_0046_ICR-3_p08
511.267760328,553.278323117,42.010562790,Other,random,acetylation_(_H2O)_C2H2O,42.010565000,RC2_0046_ICR-3_p08
613.141322176,655.151884965,42.010562790,Other,random,acetylation_(_H2O)_C2H2O,42.010565000,RC2_0046_ICR-3_p08
301.048392086,343.058954876,42.010562790,Other,random,acetylation_(_H2O)_C2H2O,42.010565000,RC2_0046_ICR-3_p08
376.030929008,418.041491797,42.010562790,Other,random,acetylation_(_H2O)_C2H2O,42.010565000,RC2_0046_ICR-3_p08
327.157851329,369.168415119,42.010563790,Other,random,acetylation_(_H2O)_C2H2O,42.010565000,RC2_0046_ICR-3_p08
349.050777458,391.061341248,42.010563790,Other,random,acetylation_(_H2O)_C2H2O,42.010565000,RC2_0046_ICR-3_p08
299.113563294,341.124127084,42.010563790,Other,random,acetylation_(_H2O)_C2H2O,42.010565000,RC2_0046_ICR-3_p08
299.222743831,341.233307620,42.010563790,Other,random,acetylation_(_H2O)_C2H2O,42.010565000,RC2_0046_ICR-3_p08
329.152296869,371.162860658,42.010563790,Other,random,acetylation_(_H2O)_C2H2O,42.010565000,RC2_0046_ICR-3_p08
345.110818172,387.121381961,42.010563790,Other,random,acetylation_(_H2O)_C2H2O,42.010565000,RC2_0046_ICR-3_p08
449.181372701,491.191936490,42.010563790,Other,random,acetylation_(_H2O)_C2H2O,42.010565000,RC2_0046_ICR-3_p08
459.251686982,501.262250771,42.010563790,Other,random,acetylation_(_H2O)_C2H2O,42.010565000,RC2_0046_ICR-3_p08
469.077293301,511.087857091,42.010563790,Other,random,acetylation_(_H2O)_C2H2O,42.010565000,RC2_0046_ICR-3_p08
315.014563841,357.025128631,42.010564790,Other,random,acetylation_(_H2O)_C2H2O,42.010565000,RC2_0046_ICR-3_p08
361.251321703,403.261886493,42.010564790,Other,random,acetylation_(_H2O)_C2H2O,42.010565000,RC2_0046_ICR-3_p08
429.186168521,471.196733310,42.010564790,Other,random,acetylation_(_H2O)_C2H2O,42.010565000,RC2_0046_ICR-3_p08
469.220739693,511.231304482,42.010564790,Other,random,acetylation_(_H2O)_C2H2O,42.010565000,RC2_0046_ICR-3_p08
523.145622941,565.156187731,42.010564790,Other,random,acetylation_(_H2O)_C2H2O,42.010565000,RC2_0046_ICR-3_p08
619.130570769,661.141135559,42.010564790,Other,random,acetylation_(_H2O)_C2H2O,42.010565000,RC2_0046_ICR-3_p08
329.115972023,371.126536812,42.010564790,Other,random,acetylation_(_H2O)_C2H2O,42.010565000,RC2_0046_ICR-3_p08
349.129151126,391.139715916,42.010564790,Other,random,acetylation_(_H2O)_C2H2O,42.010565000,RC2_0046_ICR-3_p08
423.020394676,465.030959466,42.010564790,Other,random,acetylation_(_H2O)_C2H2O,42.010565000,RC2_0046_ICR-3_p08
469.025924519,511.036489309,42.010564790,Other,random,acetylation_(_H2O)_C2H2O,42.010565000,RC2_0046_ICR-3_p08
361.069290475,403.079856265,42.010565790,Other,random,acetylation_(_H2O)_C2H2O,42.010565000,RC2_0046_ICR-3_p08
387.056778235,429.067344025,42.010565790,Other,random,acetylation_(_H2O)_C2H2O,42.010565000,RC2_0046_ICR-3_p08
393.082468674,435.093034464,42.010565790,Other,random,acetylation_(_H2O)_C2H2O,42.010565000,RC2_0046_ICR-3_p08
471.056664905,513.067230694,42.010565790,Other,random,acetylation_(_H2O)_C2H2O,42.010565000,RC2_0046_ICR-3_p08
569.252413354,611.262979144,42.010565790,Other,random,acetylation_(_H2O)_C2H2O,42.010565000,RC2_0046_ICR-3_p08
327.108359539,369.118926329,42.010566790,Other,random,acetylation_(_H2O)_C2H2O,42.010565000,RC2_0046_ICR-3_p08
351.181154421,393.191721211,42.010566790,Other,random,acetylation_(_H2O)_C2H2O,42.010565000,RC2_0046_ICR-3_p08
501.067371598,543.077938388,42.010566790,Other,random,acetylation_(_H2O)_C2H2O,42.010565000,RC2_0046_ICR-3_p08
553.241719272,595.252286062,42.010566790,Other,random,acetylation_(_H2O)_C2H2O,42.010565000,RC2_0046_ICR-3_p08
303.087286437,345.097853227,42.010566790,Other,random,acetylation_(_H2O)_C2H2O,42.010565000,RC2_0046_ICR-3_p08
367.225385361,409.235952151,42.010566790,Other,random,acetylation_(_H2O)_C2H2O,42.010565000,RC2_0046_ICR-3_p08
435.251600791,477.262167581,42.010566790,Other,random,acetylation_(_H2O)_C2H2O,42.010565000,RC2_0046_ICR-3_p08
369.118926329,411.129493118,42.010566790,Other,random,acetylation_(_H2O)_C2H2O,42.010565000,RC2_0046_ICR-3_p08
453.030979370,495.041546160,42.010566790,Other,random,acetylation_(_H2O)_C2H2O,42.010565000,RC2_0046_ICR-3_p08
541.171467475,583.182034264,42.010566790,Other,random,acetylation_(_H2O)_C2H2O,42.010565000,RC2_0046_ICR-3_p08
399.157739903,441.168307692,42.010567790,Other,random,acetylation_(_H2O)_C2H2O,42.010565000,RC2_0046_ICR-3_p08
334.020361218,376.030929008,42.010567790,Other,random,acetylation_(_H2O)_C2H2O,42.010565000,RC2_0046_ICR-3_p08
357.092252346,399.102820136,42.010567790,Other,random,acetylation_(_H2O)_C2H2O,42.010565000,RC2_0046_ICR-3_p08
425.194589453,467.205157243,42.010567790,Other,random,acetylation_(_H2O)_C2H2O,42.010565000,RC2_0046_ICR-3_p08
309.183695576,351.194263366,42.010567790,Other,random,acetylation_(_H2O)_C2H2O,42.010565000,RC2_0046_ICR-3_p08
345.064697368,387.075265157,42.010567790,Other,random,acetylation_(_H2O)_C2H2O,42.010565000,RC2_0046_ICR-3_p08
541.208145319,583.218713109,42.010567790,Other,random,acetylation_(_H2O)_C2H2O,42.010565000,RC2_0046_ICR-3_p08
575.104174531,617.114742321,42.010567790,Other,random,acetylation_(_H2O)_C2H2O,42.010565000,RC2_0046_ICR-3_p08
643.167023806,685.177591595,42.010567790,Other,random,acetylation_(_H2O)_C2H2O,42.010565000,RC2_0046_ICR-3_p08
325.178561725,367.189130515,42.010568790,Other,random,acetylation_(_H2O)_C2H2O,42.010565000,RC2_0046_ICR-3_p08
347.004343139,389.014911929,42.010568790,Other,random,acetylation_(_H2O)_C2H2O,42.010565000,RC2_0046_ICR-3_p08
381.095437524,423.106006313,42.010568790,Other,random,acetylation_(_H2O)_C2H2O,42.010565000,RC2_0046_ICR-3_p08
387.084999116,429.095567905,42.010568790,Other,random,acetylation_(_H2O)_C2H2O,42.010565000,RC2_0046_ICR-3_p08
371.040630177,413.051198966,42.010568790,Other,random,acetylation_(_H2O)_C2H2O,42.010565000,RC2_0046_ICR-3_p08
497.166327146,539.176895936,42.010568790,Other,random,acetylation_(_H2O)_C2H2O,42.010565000,RC2_0046_ICR-3_p08
569.179450664,611.190019453,42.010568790,Other,random,acetylation_(_H2O)_C2H2O,42.010565000,RC2_0046_ICR-3_p08
633.182757159,675.193325949,42.010568790,Other,random,acetylation_(_H2O)_C2H2O,42.010565000,RC2_0046_ICR-3_p08
303.123699283,345.134268072,42.010568790,Other,random,acetylation_(_H2O)_C2H2O,42.010565000,RC2_0046_ICR-3_p08
319.095273531,361.105842320,42.010568790,Other,random,acetylation_(_H2O)_C2H2O,42.010565000,RC2_0046_ICR-3_p08
365.196847966,407.207416756,42.010568790,Other,random,acetylation_(_H2O)_C2H2O,42.010565000,RC2_0046_ICR-3_p08
391.030549379,433.041118168,42.010568790,Other,random,acetylation_(_H2O)_C2H2O,42.010565000,RC2_0046_ICR-3_p08
335.053797834,377.064367624,42.010569790,Other,random,acetylation_(_H2O)_C2H2O,42.010565000,RC2_0046_ICR-3_p08
398.121986296,440.132556086,42.010569790,Other,random,acetylation_(_H2O)_C2H2O,42.010565000,RC2_0046_ICR-3_p08
451.116494492,493.127064281,42.010569790,Other,random,acetylation_(_H2O)_C2H2O,42.010565000,RC2_0046_ICR-3_p08
297.110920789,339.121490579,42.010569790,Other,random,acetylation_(_H2O)_C2H2O,42.010565000,RC2_0046_ICR-3_p08
240.087779684,282.098350473,42.010570790,Other,random,acetylation_(_H2O)_C2H2O,42.010565000,RC2_0046_ICR-3_p08
465.212909694,507.223480484,42.010570790,Other,random,acetylation_(_H2O)_C2H2O,42.010565000,RC2_0046_ICR-3_p08
559.072814537,601.083385326,42.010570790,Other,random,acetylation_(_H2O)_C2H2O,42.010565000,RC2_0046_ICR-3_p08
291.173172978,333.183743767,42.010570790,Other,random,acetylation_(_H2O)_C2H2O,42.010565000,RC2_0046_ICR-3_p08
375.102817945,417.113388734,42.010570790,Other,random,acetylation_(_H2O)_C2H2O,42.010565000,RC2_0046_ICR-3_p08
403.087874231,445.098445020,42.010570790,Other,random,acetylation_(_H2O)_C2H2O,42.010565000,RC2_0046_ICR-3_p08
412.116557931,454.127128720,42.010570790,Other,random,acetylation_(_H2O)_C2H2O,42.010565000,RC2_0046_ICR-3_p08
479.241497184,521.252067974,42.010570790,Other,random,acetylation_(_H2O)_C2H2O,42.010565000,RC2_0046_ICR-3_p08
461.103241127,503.113812917,42.010571789,Other,random,acetylation_(_H2O)_C2H2O,42.010565000,RC2_0046_ICR-3_p08
415.103213261,457.113785051,42.010571789,Other,random,acetylation_(_H2O)_C2H2O,42.010565000,RC2_0046_ICR-3_p08
441.249208349,483.259780139,42.010571789,Other,random,acetylation_(_H2O)_C2H2O,42.010565000,RC2_0046_ICR-3_p08
445.199672591,487.210244381,42.010571789,Other,random,acetylation_(_H2O)_C2H2O,42.010565000,RC2_0046_ICR-3_p08
470.101770955,512.112342745,42.010571789,Other,random,acetylation_(_H2O)_C2H2O,42.010565000,RC2_0046_ICR-3_p08
399.111474099,441.122045888,42.010571789,Other,random,acetylation_(_H2O)_C2H2O,42.010565000,RC2_0046_ICR-3_p08
409.150237514,451.160809304,42.010571789,Other,random,acetylation_(_H2O)_C2H2O,42.010565000,RC2_0046_ICR-3_p08
293.030243100,335.040815889,42.010572789,Other,random,acetylation_(_H2O)_C2H2O,42.010565000,RC2_0046_ICR-3_p08
457.199697686,499.210270476,42.010572789,Other,random,acetylation_(_H2O)_C2H2O,42.010565000,RC2_0046_ICR-3_p08
489.233974796,531.244547585,42.010572789,Other,random,acetylation_(_H2O)_C2H2O,42.010565000,RC2_0046_ICR-3_p08
551.241408758,593.251981547,42.010572789,Other,random,acetylation_(_H2O)_C2H2O,42.010565000,RC2_0046_ICR-3_p08
311.186302081,353.196874871,42.010572789,Other,random,acetylation_(_H2O)_C2H2O,42.010565000,RC2_0046_ICR-3_p08
417.103659775,459.114232565,42.010572789,Other,random,acetylation_(_H2O)_C2H2O,42.010565000,RC2_0046_ICR-3_p08
433.098540925,475.109113714,42.010572789,Other,random,acetylation_(_H2O)_C2H2O,42.010565000,RC2_0046_ICR-3_p08
497.093558455,539.104131245,42.010572789,Other,random,acetylation_(_H2O)_C2H2O,42.010565000,RC2_0046_ICR-3_p08
529.184556324,571.195130113,42.010573789,Other,random,acetylation_(_H2O)_C2H2O,42.010565000,RC2_0046_ICR-3_p08
389.145163376,431.155737166,42.010573789,Other,random,acetylation_(_H2O)_C2H2O,42.010565000,RC2_0046_ICR-3_p08
423.142477159,465.153050948,42.010573789,Other,random,acetylation_(_H2O)_C2H2O,42.010565000,RC2_0046_ICR-3_p08
443.025449814,485.036023604,42.010573789,Other,random,acetylation_(_H2O)_C2H2O,42.010565000,RC2_0046_ICR-3_p08
519.150732888,561.161306677,42.010573789,Other,random,acetylation_(_H2O)_C2H2O,42.010565000,RC2_0046_ICR-3_p08
627.099809963,669.110383753,42.010573789,Other,random,acetylation_(_H2O)_C2H2O,42.010565000,RC2_0046_ICR-3_p08
249.149643243,291.160217032,42.010573789,Other,random,acetylation_(_H2O)_C2H2O,42.010565000,RC2_0046_ICR-3_p08
403.152739956,445.163313745,42.010573789,Other,random,acetylation_(_H2O)_C2H2O,42.010565000,RC2_0046_ICR-3_p08
423.056822522,465.067396311,42.010573789,Other,random,acetylation_(_H2O)_C2H2O,42.010565000,RC2_0046_ICR-3_p08
589.229056613,631.239630402,42.010573789,Other,random,acetylation_(_H2O)_C2H2O,42.010565000,RC2_0046_ICR-3_p08
412.174122687,454.184697476,42.010574789,Other,random,acetylation_(_H2O)_C2H2O,42.010565000,RC2_0046_ICR-3_p08
549.234166273,591.244741062,42.010574789,Other,random,acetylation_(_H2O)_C2H2O,42.010565000,RC2_0046_ICR-3_p08
629.115011415,671.125586204,42.010574789,Other,random,acetylation_(_H2O)_C2H2O,42.010565000,RC2_0046_ICR-3_p08
325.056365244,367.078155986,42.021790742,Other,random,C1H2N2,42.021800000,RC2_0046_ICR-3_p08
313.092737994,355.114546736,42.021808742,Other,random,C1H2N2,42.021800000,RC2_0046_ICR-3_p08
277.071757796,319.093567538,42.021809742,Other,random,C1H2N2,42.021800000,RC2_0046_ICR-3_p08
339.157866425,381.204807060,42.046940635,Other,random,C3H6,42.046950000,RC2_0046_ICR-3_p08
357.055879500,399.102820136,42.046940635,Other,random,C3H6,42.046950000,RC2_0046_ICR-3_p08
338.088041963,380.134982598,42.046940635,Other,random,C3H6,42.046950000,RC2_0046_ICR-3_p08
427.152719147,469.199660782,42.046941635,Other,random,C3H6,42.046950000,RC2_0046_ICR-3_p08
297.080141920,339.127083555,42.046941635,Other,random,C3H6,42.046950000,RC2_0046_ICR-3_p08
359.077025927,401.123967562,42.046941635,Other,random,C3H6,42.046950000,RC2_0046_ICR-3_p08
433.041118168,475.088059803,42.046941635,Other,random,C3H6,42.046950000,RC2_0046_ICR-3_p08
495.106405885,537.153347520,42.046941635,Other,random,C3H6,42.046950000,RC2_0046_ICR-3_p08
509.166310242,551.213251877,42.046941635,Other,random,C3H6,42.046950000,RC2_0046_ICR-3_p08
349.019999589,391.066942224,42.046942635,Other,random,C3H6,42.046950000,RC2_0046_ICR-3_p08
357.074513421,399.121456057,42.046942635,Other,random,C3H6,42.046950000,RC2_0046_ICR-3_p08
409.180991384,451.227934019,42.046942635,Other,random,C3H6,42.046950000,RC2_0046_ICR-3_p08
325.142186880,367.189130515,42.046943635,Other,random,C3H6,42.046950000,RC2_0046_ICR-3_p08
404.074939044,446.121882679,42.046943635,Other,random,C3H6,42.046950000,RC2_0046_ICR-3_p08
489.197603950,531.244547585,42.046943635,Other,random,C3H6,42.046950000,RC2_0046_ICR-3_p08
349.069444379,391.116388014,42.046943635,Other,random,C3H6,42.046950000,RC2_0046_ICR-3_p08
311.053712643,353.100656279,42.046943635,Other,random,C3H6,42.046950000,RC2_0046_ICR-3_p08
287.040813507,329.087757142,42.046943635,Other,random,C3H6,42.046950000,RC2_0046_ICR-3_p08
375.048609175,417.095552810,42.046943635,Other,random,C3H6,42.046950000,RC2_0046_ICR-3_p08
423.121403248,465.168346883,42.046943635,Other,random,C3H6,42.046950000,RC2_0046_ICR-3_p08
425.158213608,467.205157243,42.046943635,Other,random,C3H6,42.046950000,RC2_0046_ICR-3_p08
469.171353902,511.218297537,42.046943635,Other,random,C3H6,42.046950000,RC2_0046_ICR-3_p08
393.082468674,435.129413309,42.046944635,Other,random,C3H6,42.046950000,RC2_0046_ICR-3_p08
421.077501918,463.124446553,42.046944635,Other,random,C3H6,42.046950000,RC2_0046_ICR-3_p08
254.067027383,296.113972018,42.046944635,Other,random,C3H6,42.046950000,RC2_0046_ICR-3_p08
519.244417490,561.291363126,42.046945635,Other,random,C3H6,42.046950000,RC2_0046_ICR-3_p08
259.155084800,301.202030435,42.046945635,Other,random,C3H6,42.046950000,RC2_0046_ICR-3_p08
297.110920789,339.157866425,42.046945635,Other,random,C3H6,42.046950000,RC2_0046_ICR-3_p08
357.082591387,399.129537022,42.046945635,Other,random,C3H6,42.046950000,RC2_0046_ICR-3_p08
379.066941129,421.113886764,42.046945635,Other,random,C3H6,42.046950000,RC2_0046_ICR-3_p08
506.057403430,548.104349065,42.046945635,Other,random,C3H6,42.046950000,RC2_0046_ICR-3_p08
671.198236896,713.245182531,42.046945635,Other,random,C3H6,42.046950000,RC2_0046_ICR-3_p08
597.182470874,639.229416509,42.046945635,Other,random,C3H6,42.046950000,RC2_0046_ICR-3_p08
515.176897745,557.223844380,42.046946635,Other,random,C3H6,42.046950000,RC2_0046_ICR-3_p08
371.113403868,413.160350503,42.046946635,Other,random,C3H6,42.046950000,RC2_0046_ICR-3_p08
451.116494492,493.163441127,42.046946635,Other,random,C3H6,42.046950000,RC2_0046_ICR-3_p08
507.236568428,549.283515063,42.046946635,Other,random,C3H6,42.046950000,RC2_0046_ICR-3_p08
305.030204195,347.077150831,42.046946635,Other,random,C3H6,42.046950000,RC2_0046_ICR-3_p08
457.077532205,499.124478840,42.046946635,Other,random,C3H6,42.046950000,RC2_0046_ICR-3_p08
305.102952887,347.149900522,42.046947635,Other,random,C3H6,42.046950000,RC2_0046_ICR-3_p08
427.124406267,469.171353902,42.046947635,Other,random,C3H6,42.046950000,RC2_0046_ICR-3_p08
333.046238350,375.093185986,42.046947635,Other,random,C3H6,42.046950000,RC2_0046_ICR-3_p08
371.147649723,413.194597358,42.046947635,Other,random,C3H6,42.046950000,RC2_0046_ICR-3_p08
417.132031655,459.178979290,42.046947635,Other,random,C3H6,42.046950000,RC2_0046_ICR-3_p08
454.107001806,496.153949441,42.046947635,Other,random,C3H6,42.046950000,RC2_0046_ICR-3_p08
523.145622941,565.192570576,42.046947635,Other,random,C3H6,42.046950000,RC2_0046_ICR-3_p08
395.111104069,437.158052704,42.046948635,Other,random,C3H6,42.046950000,RC2_0046_ICR-3_p08
407.092654243,449.139602878,42.046948635,Other,random,C3H6,42.046950000,RC2_0046_ICR-3_p08
417.076967889,459.123916524,42.046948635,Other,random,C3H6,42.046950000,RC2_0046_ICR-3_p08
561.174342622,603.221291257,42.046948635,Other,random,C3H6,42.046950000,RC2_0046_ICR-3_p08
583.094079638,625.141028273,42.046948635,Other,random,C3H6,42.046950000,RC2_0046_ICR-3_p08
449.108775008,491.155723644,42.046948635,Other,random,C3H6,42.046950000,RC2_0046_ICR-3_p08
439.210246998,481.257196634,42.046949635,Other,random,C3H6,42.046950000,RC2_0046_ICR-3_p08
609.182480970,651.229430605,42.046949635,Other,random,C3H6,42.046950000,RC2_0046_ICR-3_p08
313.084682028,355.131632663,42.046950635,Other,random,C3H6,42.046950000,RC2_0046_ICR-3_p08
411.215302754,453.262253389,42.046950635,Other,random,C3H6,42.046950000,RC2_0046_ICR-3_p08
477.262167581,519.309118216,42.046950635,Other,random,C3H6,42.046950000,RC2_0046_ICR-3_p08
517.184496229,559.231446864,42.046950635,Other,random,C3H6,42.046950000,RC2_0046_ICR-3_p08
521.166413337,563.213363972,42.046950635,Other,random,C3H6,42.046950000,RC2_0046_ICR-3_p08
539.132456124,581.179406760,42.046950635,Other,random,C3H6,42.046950000,RC2_0046_ICR-3_p08
571.203305079,613.250255714,42.046950635,Other,random,C3H6,42.046950000,RC2_0046_ICR-3_p08
453.168471787,495.215423422,42.046951635,Other,random,C3H6,42.046950000,RC2_0046_ICR-3_p08
343.118588623,385.165540258,42.046951635,Other,random,C3H6,42.046950000,RC2_0046_ICR-3_p08
365.209922911,407.256874546,42.046951635,Other,random,C3H6,42.046950000,RC2_0046_ICR-3_p08
371.134600778,413.181552413,42.046951635,Other,random,C3H6,42.046950000,RC2_0046_ICR-3_p08
402.111997371,444.158949006,42.046951635,Other,random,C3H6,42.046950000,RC2_0046_ICR-3_p08
403.189017802,445.235969437,42.046951635,Other,random,C3H6,42.046950000,RC2_0046_ICR-3_p08
521.129966492,563.176918127,42.046951635,Other,random,C3H6,42.046950000,RC2_0046_ICR-3_p08
529.135071534,571.182023169,42.046951635,Other,random,C3H6,42.046950000,RC2_0046_ICR-3_p08
531.108781161,573.155732796,42.046951635,Other,random,C3H6,42.046950000,RC2_0046_ICR-3_p08
537.153347520,579.200299155,42.046951635,Other,random,C3H6,42.046950000,RC2_0046_ICR-3_p08
551.213251877,593.260203512,42.046951635,Other,random,C3H6,42.046950000,RC2_0046_ICR-3_p08
495.114276851,537.161228486,42.046951635,Other,random,C3H6,42.046950000,RC2_0046_ICR-3_p08
443.119370416,485.166323051,42.046952635,Other,random,C3H6,42.046950000,RC2_0046_ICR-3_p08
679.297710538,721.344663173,42.046952635,Other,random,C3H6,42.046950000,RC2_0046_ICR-3_p08
495.142515732,537.189468367,42.046952635,Other,random,C3H6,42.046950000,RC2_0046_ICR-3_p08
239.092551906,281.139504541,42.046952635,Other,random,C3H6,42.046950000,RC2_0046_ICR-3_p08
335.162930371,377.209883006,42.046952635,Other,random,C3H6,42.046950000,RC2_0046_ICR-3_p08
395.061821278,437.108773913,42.046952635,Other,random,C3H6,42.046950000,RC2_0046_ICR-3_p08
557.078229998,599.125182633,42.046952635,Other,random,C3H6,42.046950000,RC2_0046_ICR-3_p08
289.165650494,331.212604129,42.046953635,Other,random,C3H6,42.046950000,RC2_0046_ICR-3_p08
343.045765932,385.092719567,42.046953635,Other,random,C3H6,42.046950000,RC2_0046_ICR-3_p08
413.100708756,455.147662391,42.046953635,Other,random,C3H6,42.046950000,RC2_0046_ICR-3_p08
451.246680939,493.293634575,42.046953635,Other,random,C3H6,42.046950000,RC2_0046_ICR-3_p08
497.158335180,539.205288816,42.046953635,Other,random,C3H6,42.046950000,RC2_0046_ICR-3_p08
479.192074394,521.239028029,42.046953635,Other,random,C3H6,42.046950000,RC2_0046_ICR-3_p08
413.087686811,455.134640447,42.046953635,Other,random,C3H6,42.046950000,RC2_0046_ICR-3_p08
401.064367815,443.111322450,42.046954635,Other,random,C3H6,42.046950000,RC2_0046_ICR-3_p08
452.046879545,494.093834180,42.046954635,Other,random,C3H6,42.046950000,RC2_0046_ICR-3_p08
503.213376495,545.260331130,42.046954635,Other,random,C3H6,42.046950000,RC2_0046_ICR-3_p08
577.083616134,619.130570769,42.046954635,Other,random,C3H6,42.046950000,RC2_0046_ICR-3_p08
299.186352985,341.233307620,42.046954635,Other,random,C3H6,42.046950000,RC2_0046_ICR-3_p08
347.126509621,389.173465256,42.046955635,Other,random,C3H6,42.046950000,RC2_0046_ICR-3_p08
473.202809801,515.249765436,42.046955635,Other,random,C3H6,42.046950000,RC2_0046_ICR-3_p08
321.219992518,363.266948153,42.046955635,Other,random,C3H6,42.046950000,RC2_0046_ICR-3_p08
361.214930858,403.261886493,42.046955635,Other,random,C3H6,42.046950000,RC2_0046_ICR-3_p08
505.220783979,547.267739614,42.046955635,Other,random,C3H6,42.046950000,RC2_0046_ICR-3_p08
365.137137219,407.184092855,42.046955635,Other,random,C3H6,42.046950000,RC2_0046_ICR-3_p08
309.147307731,351.194263366,42.046955635,Other,random,C3H6,42.046950000,RC2_0046_ICR-3_p08
375.121347866,417.168303501,42.046955635,Other,random,C3H6,42.046950000,RC2_0046_ICR-3_p08
601.323198309,643.370153944,42.046955635,Other,random,C3H6,42.046950000,RC2_0046_ICR-3_p08
646.185597001,688.232553636,42.046956635,Other,random,C3H6,42.046950000,RC2_0046_ICR-3_p08
435.069726563,477.116683198,42.046956635,Other,random,C3H6,42.046950000,RC2_0046_ICR-3_p08
453.131953942,495.178910577,42.046956635,Other,random,C3H6,42.046950000,RC2_0046_ICR-3_p08
507.091032045,549.137988681,42.046956635,Other,random,C3H6,42.046950000,RC2_0046_ICR-3_p08
507.114264947,549.161221582,42.046956635,Other,random,C3H6,42.046950000,RC2_0046_ICR-3_p08
513.161221295,555.208177931,42.046956635,Other,random,C3H6,42.046950000,RC2_0046_ICR-3_p08
321.025120344,363.072076980,42.046956635,Other,random,C3H6,42.046950000,RC2_0046_ICR-3_p08
324.036023572,366.082980207,42.046956635,Other,random,C3H6,42.046950000,RC2_0046_ICR-3_p08
427.233622804,469.280580439,42.046957635,Other,random,C3H6,42.046950000,RC2_0046_ICR-3_p08
623.162022668,665.208980303,42.046957635,Other,random,C3H6,42.046950000,RC2_0046_ICR-3_p08
280.082574024,322.129531659,42.046957635,Other,random,C3H6,42.046950000,RC2_0046_ICR-3_p08
405.076983793,447.123941428,42.046957635,Other,random,C3H6,42.046950000,RC2_0046_ICR-3_p08
465.139979003,507.186936639,42.046957635,Other,random,C3H6,42.046950000,RC2_0046_ICR-3_p08
351.072037884,393.118996519,42.046958635,Other,random,C3H6,42.046950000,RC2_0046_ICR-3_p08
561.052241140,603.099199775,42.046958635,Other,random,C3H6,42.046950000,RC2_0046_ICR-3_p08
575.190012167,617.236970802,42.046958635,Other,random,C3H6,42.046950000,RC2_0046_ICR-3_p08
315.181166135,357.228124770,42.046958635,Other,random,C3H6,42.046950000,RC2_0046_ICR-3_p08
334.056770064,376.103728699,42.046958635,Other,random,C3H6,42.046950000,RC2_0046_ICR-3_p08
443.111322450,485.158281085,42.046958635,Other,random,C3H6,42.046950000,RC2_0046_ICR-3_p08
453.030979370,495.077938005,42.046958635,Other,random,C3H6,42.046950000,RC2_0046_ICR-3_p08
477.044118506,519.091077141,42.046958635,Other,random,C3H6,42.046950000,RC2_0046_ICR-3_p08
359.025494145,401.072452780,42.046958635,Other,random,C3H6,42.046950000,RC2_0046_ICR-3_p08
459.142468445,501.189427080,42.046958635,Other,random,C3H6,42.046950000,RC2_0046_ICR-3_p08
467.155762452,509.202722088,42.046959635,Other,random,C3H6,42.046950000,RC2_0046_ICR-3_p08
461.093536169,503.140495804,42.046959635,Other,random,C3H6,42.046950000,RC2_0046_ICR-3_p08
409.069534857,451.116494492,42.046959635,Other,random,C3H6,42.046950000,RC2_0046_ICR-3_p08
589.192670767,631.239630402,42.046959635,Other,random,C3H6,42.046950000,RC2_0046_ICR-3_p08
737.266891630,780.248897299,42.982005669,Other,random,C1H_1O2,42.982005000,RC2_0046_ICR-3_p08
469.062119366,512.067923933,43.005804568,Other,random,C1H1O1N1,43.005814000,RC2_0046_ICR-3_p08
237.040534610,280.046339178,43.005804568,Other,random,C1H1O1N1,43.005814000,RC2_0046_ICR-3_p08
331.118651527,374.124457095,43.005805568,Other,random,C1H1O1N1,43.005814000,RC2_0046_ICR-3_p08
333.025122440,376.030929008,43.005806568,Other,random,C1H1O1N1,43.005814000,RC2_0046_ICR-3_p08
303.050960591,346.056768159,43.005807568,Other,random,C1H1O1N1,43.005814000,RC2_0046_ICR-3_p08
549.161221582,592.167029150,43.005807568,Other,random,C1H1O1N1,43.005814000,RC2_0046_ICR-3_p08
349.019999589,392.025809157,43.005809568,Other,random,C1H1O1N1,43.005814000,RC2_0046_ICR-3_p08
399.142459968,442.148269535,43.005809568,Other,random,C1H1O1N1,43.005814000,RC2_0046_ICR-3_p08
349.214908762,392.220719330,43.005810568,Other,random,C1H1O1N1,43.005814000,RC2_0046_ICR-3_p08
485.093422360,528.099233928,43.005811568,Other,random,C1H1O1N1,43.005814000,RC2_0046_ICR-3_p08
307.118609336,350.124420904,43.005811568,Other,random,C1H1O1N1,43.005814000,RC2_0046_ICR-3_p08
321.134232882,364.140045449,43.005812568,Other,random,C1H1O1N1,43.005814000,RC2_0046_ICR-3_p08
355.095319817,398.101132385,43.005812568,Other,random,C1H1O1N1,43.005814000,RC2_0046_ICR-3_p08
305.079709985,348.085523553,43.005813568,Other,random,C1H1O1N1,43.005814000,RC2_0046_ICR-3_p08
345.097853227,388.103666795,43.005813568,Other,random,C1H1O1N1,43.005814000,RC2_0046_ICR-3_p08
311.149873236,354.155689803,43.005816568,Other,random,C1H1O1N1,43.005814000,RC2_0046_ICR-3_p08
461.072387258,504.078205826,43.005818568,Other,random,C1H1O1N1,43.005814000,RC2_0046_ICR-3_p08
310.093147718,353.098967286,43.005819568,Other,random,C1H1O1N1,43.005814000,RC2_0046_ICR-3_p08
393.155279365,436.161098933,43.005819568,Other,random,C1H1O1N1,43.005814000,RC2_0046_ICR-3_p08
519.187110733,562.192930301,43.005819568,Other,random,C1H1O1N1,43.005814000,RC2_0046_ICR-3_p08
333.097906131,376.103728699,43.005822568,Other,random,C1H1O1N1,43.005814000,RC2_0046_ICR-3_p08
271.082314204,314.088137771,43.005823568,Other,random,C1H1O1N1,43.005814000,RC2_0046_ICR-3_p08
403.127467063,446.145849577,43.018382514,Other,random,C2H3O,43.018390000,RC2_0046_ICR-3_p08
405.046226924,448.088417337,43.042190413,Other,random,C2H5N,43.042199000,RC2_0046_ICR-3_p08
453.030979370,496.073170784,43.042191413,Other,random,C2H5N,43.042199000,RC2_0046_ICR-3_p08
351.157780520,394.199973934,43.042193413,Other,random,C2H5N,43.042199000,RC2_0046_ICR-3_p08
323.113488485,366.155683899,43.042195413,Other,random,C2H5N,43.042199000,RC2_0046_ICR-3_p08
387.035561325,430.077757739,43.042196413,Other,random,C2H5N,43.042199000,RC2_0046_ICR-3_p08
305.043327140,348.085523553,43.042196413,Other,random,C2H5N,43.042199000,RC2_0046_ICR-3_p08
519.150732888,562.192930301,43.042197413,Other,random,C2H5N,43.042199000,RC2_0046_ICR-3_p08
351.048548984,394.090747397,43.042198413,Other,random,C2H5N,43.042199000,RC2_0046_ICR-3_p08
381.046223732,424.088423146,43.042199413,Other,random,C2H5N,43.042199000,RC2_0046_ICR-3_p08
429.082647960,472.124848373,43.042200413,Other,random,C2H5N,43.042199000,RC2_0046_ICR-3_p08
307.082219491,350.124420904,43.042201413,Other,random,C2H5N,43.042199000,RC2_0046_ICR-3_p08
239.056148060,282.098350473,43.042202413,Other,random,C2H5N,43.042199000,RC2_0046_ICR-3_p08
227.019762119,270.061965532,43.042203413,Other,random,C2H5N,43.042199000,RC2_0046_ICR-3_p08
317.043276236,360.085480649,43.042204413,Other,random,C2H5N,43.042199000,RC2_0046_ICR-3_p08
325.020032398,368.062239811,43.042207413,Other,random,C2H5N,43.042199000,RC2_0046_ICR-3_p08
393.046244828,436.088453241,43.042208413,Other,random,C2H5N,43.042199000,RC2_0046_ICR-3_p08
405.046226924,448.088417337,43.042190413,Other,random,C2H5N1,43.042200000,RC2_0046_ICR-3_p08
453.030979370,496.073170784,43.042191413,Other,random,C2H5N1,43.042200000,RC2_0046_ICR-3_p08
351.157780520,394.199973934,43.042193413,Other,random,C2H5N1,43.042200000,RC2_0046_ICR-3_p08
323.113488485,366.155683899,43.042195413,Other,random,C2H5N1,43.042200000,RC2_0046_ICR-3_p08
387.035561325,430.077757739,43.042196413,Other,random,C2H5N1,43.042200000,RC2_0046_ICR-3_p08
305.043327140,348.085523553,43.042196413,Other,random,C2H5N1,43.042200000,RC2_0046_ICR-3_p08
519.150732888,562.192930301,43.042197413,Other,random,C2H5N1,43.042200000,RC2_0046_ICR-3_p08
351.048548984,394.090747397,43.042198413,Other,random,C2H5N1,43.042200000,RC2_0046_ICR-3_p08
381.046223732,424.088423146,43.042199413,Other,random,C2H5N1,43.042200000,RC2_0046_ICR-3_p08
429.082647960,472.124848373,43.042200413,Other,random,C2H5N1,43.042200000,RC2_0046_ICR-3_p08
307.082219491,350.124420904,43.042201413,Other,random,C2H5N1,43.042200000,RC2_0046_ICR-3_p08
239.056148060,282.098350473,43.042202413,Other,random,C2H5N1,43.042200000,RC2_0046_ICR-3_p08
227.019762119,270.061965532,43.042203413,Other,random,C2H5N1,43.042200000,RC2_0046_ICR-3_p08
317.043276236,360.085480649,43.042204413,Other,random,C2H5N1,43.042200000,RC2_0046_ICR-3_p08
325.020032398,368.062239811,43.042207413,Other,random,C2H5N1,43.042200000,RC2_0046_ICR-3_p08
393.046244828,436.088453241,43.042208413,Other,random,C2H5N1,43.042200000,RC2_0046_ICR-3_p08
311.090239489,355.080058882,43.989819393,Other,random,Carboxylation,43.989829280,RC2_0046_ICR-3_p08
317.051321201,361.041140595,43.989819393,Other,random,Carboxylation,43.989829280,RC2_0046_ICR-3_p08
347.113414677,391.103234070,43.989819393,Other,random,Carboxylation,43.989829280,RC2_0046_ICR-3_p08
439.051555672,483.041375065,43.989819393,Other,random,Carboxylation,43.989829280,RC2_0046_ICR-3_p08
483.186977447,527.176796841,43.989819393,Other,random,Carboxylation,43.989829280,RC2_0046_ICR-3_p08
225.040542515,269.030361908,43.989819393,Other,random,Carboxylation,43.989829280,RC2_0046_ICR-3_p08
403.152739956,447.142559349,43.989819393,Other,random,Carboxylation,43.989829280,RC2_0046_ICR-3_p08
293.102986791,337.092807185,43.989820393,Other,random,Carboxylation,43.989829280,RC2_0046_ICR-3_p08
313.108006929,357.097827323,43.989820393,Other,random,Carboxylation,43.989829280,RC2_0046_ICR-3_p08
353.160351025,397.150171419,43.989820393,Other,random,Carboxylation,43.989829280,RC2_0046_ICR-3_p08
373.087147495,417.076967889,43.989820393,Other,random,Carboxylation,43.989829280,RC2_0046_ICR-3_p08
383.126572908,427.116393301,43.989820393,Other,random,Carboxylation,43.989829280,RC2_0046_ICR-3_p08
403.087874231,447.077694624,43.989820393,Other,random,Carboxylation,43.989829280,RC2_0046_ICR-3_p08
403.170459881,447.160280274,43.989820393,Other,random,Carboxylation,43.989829280,RC2_0046_ICR-3_p08
513.176541230,557.166361624,43.989820393,Other,random,Carboxylation,43.989829280,RC2_0046_ICR-3_p08
567.200199060,611.190019453,43.989820393,Other,random,Carboxylation,43.989829280,RC2_0046_ICR-3_p08
593.078522283,637.068342677,43.989820393,Other,random,Carboxylation,43.989829280,RC2_0046_ICR-3_p08
305.066572041,349.056393435,43.989821393,Other,random,Carboxylation,43.989829280,RC2_0046_ICR-3_p08
693.313032084,737.302853478,43.989821393,Other,random,Carboxylation,43.989829280,RC2_0046_ICR-3_p08
299.019651692,343.009473086,43.989821393,Other,random,Carboxylation,43.989829280,RC2_0046_ICR-3_p08
445.163313745,489.153135139,43.989821393,Other,random,Carboxylation,43.989829280,RC2_0046_ICR-3_p08
475.088059803,519.077881197,43.989821393,Other,random,Carboxylation,43.989829280,RC2_0046_ICR-3_p08
391.079905169,435.069726563,43.989821393,Other,random,Carboxylation,43.989829280,RC2_0046_ICR-3_p08
457.090642149,501.080463543,43.989821393,Other,random,Carboxylation,43.989829280,RC2_0046_ICR-3_p08
539.213387781,583.203209175,43.989821393,Other,random,Carboxylation,43.989829280,RC2_0046_ICR-3_p08
411.035556517,455.025378910,43.989822393,Other,random,Carboxylation,43.989829280,RC2_0046_ICR-3_p08
467.155762452,511.145584846,43.989822393,Other,random,Carboxylation,43.989829280,RC2_0046_ICR-3_p08
501.226025925,545.215848318,43.989822393,Other,random,Carboxylation,43.989829280,RC2_0046_ICR-3_p08
377.124064370,421.113886764,43.989822393,Other,random,Carboxylation,43.989829280,RC2_0046_ICR-3_p08
363.102831849,407.092654243,43.989822393,Other,random,Carboxylation,43.989829280,RC2_0046_ICR-3_p08
511.145584846,555.135407239,43.989822393,Other,random,Carboxylation,43.989829280,RC2_0046_ICR-3_p08
375.035579230,419.025402623,43.989823393,Other,random,Carboxylation,43.989829280,RC2_0046_ICR-3_p08
443.134565351,487.124388745,43.989823393,Other,random,Carboxylation,43.989829280,RC2_0046_ICR-3_p08
438.067594846,482.057418239,43.989823393,Other,random,Carboxylation,43.989829280,RC2_0046_ICR-3_p08
375.066421099,419.056244492,43.989823393,Other,random,Carboxylation,43.989829280,RC2_0046_ICR-3_p08
355.131632663,399.121456057,43.989823393,Other,random,Carboxylation,43.989829280,RC2_0046_ICR-3_p08
276.051284125,320.041108519,43.989824393,Other,random,Carboxylation,43.989829280,RC2_0046_ICR-3_p08
349.201896817,393.191721211,43.989824393,Other,random,Carboxylation,43.989829280,RC2_0046_ICR-3_p08
371.061836087,415.051660480,43.989824393,Other,random,Carboxylation,43.989829280,RC2_0046_ICR-3_p08
385.077519632,429.067344025,43.989824393,Other,random,Carboxylation,43.989829280,RC2_0046_ICR-3_p08
392.098628848,436.088453241,43.989824393,Other,random,Carboxylation,43.989829280,RC2_0046_ICR-3_p08
421.142285643,465.132110037,43.989824393,Other,random,Carboxylation,43.989829280,RC2_0046_ICR-3_p08
429.103625871,473.093450265,43.989824393,Other,random,Carboxylation,43.989829280,RC2_0046_ICR-3_p08
441.212854503,485.202678897,43.989824393,Other,random,Carboxylation,43.989829280,RC2_0046_ICR-3_p08
461.035784414,505.025608807,43.989824393,Other,random,Carboxylation,43.989829280,RC2_0046_ICR-3_p08
359.077025927,403.066851320,43.989825393,Other,random,Carboxylation,43.989829280,RC2_0046_ICR-3_p08
509.093593551,553.083418944,43.989825393,Other,random,Carboxylation,43.989829280,RC2_0046_ICR-3_p08
255.232918437,299.222743831,43.989825393,Other,random,Carboxylation,43.989829280,RC2_0046_ICR-3_p08
280.082574024,324.072399418,43.989825393,Other,random,Carboxylation,43.989829280,RC2_0046_ICR-3_p08
349.092643281,393.082468674,43.989825393,Other,random,Carboxylation,43.989829280,RC2_0046_ICR-3_p08
407.061756374,451.051581767,43.989825393,Other,random,Carboxylation,43.989829280,RC2_0046_ICR-3_p08
409.105700703,453.095526097,43.989825393,Other,random,Carboxylation,43.989829280,RC2_0046_ICR-3_p08
443.191963108,487.181788501,43.989825393,Other,random,Carboxylation,43.989829280,RC2_0046_ICR-3_p08
491.082886953,535.072712346,43.989825393,Other,random,Carboxylation,43.989829280,RC2_0046_ICR-3_p08
503.082891048,547.072716442,43.989825393,Other,random,Carboxylation,43.989829280,RC2_0046_ICR-3_p08
543.150872078,587.140698472,43.989826393,Other,random,Carboxylation,43.989829280,RC2_0046_ICR-3_p08
548.113098028,592.102924422,43.989826393,Other,random,Carboxylation,43.989829280,RC2_0046_ICR-3_p08
308.113859114,352.103685508,43.989826393,Other,random,Carboxylation,43.989829280,RC2_0046_ICR-3_p08
406.150651239,450.140477632,43.989826393,Other,random,Carboxylation,43.989829280,RC2_0046_ICR-3_p08
506.101808242,550.091634635,43.989826393,Other,random,Carboxylation,43.989829280,RC2_0046_ICR-3_p08
357.264554615,401.254381009,43.989826393,Other,random,Carboxylation,43.989829280,RC2_0046_ICR-3_p08
335.162930371,379.152756765,43.989826393,Other,random,Carboxylation,43.989829280,RC2_0046_ICR-3_p08
343.085438764,387.075265157,43.989826393,Other,random,Carboxylation,43.989829280,RC2_0046_ICR-3_p08
447.160280274,491.150107667,43.989827393,Other,random,Carboxylation,43.989829280,RC2_0046_ICR-3_p08
551.249597723,595.239425116,43.989827393,Other,random,Carboxylation,43.989829280,RC2_0046_ICR-3_p08
483.129501691,527.119329085,43.989827393,Other,random,Carboxylation,43.989829280,RC2_0046_ICR-3_p08
581.151200879,625.141028273,43.989827393,Other,random,Carboxylation,43.989829280,RC2_0046_ICR-3_p08
313.165520685,357.155348079,43.989827393,Other,random,Carboxylation,43.989829280,RC2_0046_ICR-3_p08
315.063982632,359.053811025,43.989828393,Other,random,Carboxylation,43.989829280,RC2_0046_ICR-3_p08
359.071536950,403.061365343,43.989828393,Other,random,Carboxylation,43.989829280,RC2_0046_ICR-3_p08
374.124457095,418.114285488,43.989828393,Other,random,Carboxylation,43.989829280,RC2_0046_ICR-3_p08
391.066942224,435.056770618,43.989828393,Other,random,Carboxylation,43.989829280,RC2_0046_ICR-3_p08
309.147307731,353.137136124,43.989828393,Other,random,Carboxylation,43.989829280,RC2_0046_ICR-3_p08
557.239250315,601.229078708,43.989828393,Other,random,Carboxylation,43.989829280,RC2_0046_ICR-3_p08
250.035671484,294.025500878,43.989829393,Other,random,Carboxylation,43.989829280,RC2_0046_ICR-3_p08
402.111997371,446.101826764,43.989829393,Other,random,Carboxylation,43.989829280,RC2_0046_ICR-3_p08
331.045749836,375.035579230,43.989829393,Other,random,Carboxylation,43.989829280,RC2_0046_ICR-3_p08
349.069444379,393.059273773,43.989829393,Other,random,Carboxylation,43.989829280,RC2_0046_ICR-3_p08
429.067344025,473.057173418,43.989829393,Other,random,Carboxylation,43.989829280,RC2_0046_ICR-3_p08
519.163840832,563.153670226,43.989829393,Other,random,Carboxylation,43.989829280,RC2_0046_ICR-3_p08
483.259780139,527.249610532,43.989830393,Other,random,Carboxylation,43.989829280,RC2_0046_ICR-3_p08
239.165338597,283.155168990,43.989830393,Other,random,Carboxylation,43.989829280,RC2_0046_ICR-3_p08
287.141838079,331.131668472,43.989830393,Other,random,Carboxylation,43.989829280,RC2_0046_ICR-3_p08
473.139544069,517.129374462,43.989830393,Other,random,Carboxylation,43.989829280,RC2_0046_ICR-3_p08
561.161306677,605.151138071,43.989831393,Other,random,Carboxylation,43.989829280,RC2_0046_ICR-3_p08
285.126140629,329.115972023,43.989831393,Other,random,Carboxylation,43.989829280,RC2_0046_ICR-3_p08
465.067396311,509.057227705,43.989831393,Other,random,Carboxylation,43.989829280,RC2_0046_ICR-3_p08
415.124401172,459.114232565,43.989831393,Other,random,Carboxylation,43.989829280,RC2_0046_ICR-3_p08
477.225844735,521.215676128,43.989831393,Other,random,Carboxylation,43.989829280,RC2_0046_ICR-3_p08
505.111834441,549.101665835,43.989831393,Other,random,Carboxylation,43.989829280,RC2_0046_ICR-3_p08
517.134968439,561.124799832,43.989831393,Other,random,Carboxylation,43.989829280,RC2_0046_ICR-3_p08
667.260693599,711.250524993,43.989831393,Other,random,Carboxylation,43.989829280,RC2_0046_ICR-3_p08
313.084682028,357.074513421,43.989831393,Other,random,Carboxylation,43.989829280,RC2_0046_ICR-3_p08
305.139318733,349.129151126,43.989832393,Other,random,Carboxylation,43.989829280,RC2_0046_ICR-3_p08
327.050797783,371.040630177,43.989832393,Other,random,Carboxylation,43.989829280,RC2_0046_ICR-3_p08
357.101095309,401.090927702,43.989832393,Other,random,Carboxylation,43.989829280,RC2_0046_ICR-3_p08
357.128608192,401.118440585,43.989832393,Other,random,Carboxylation,43.989829280,RC2_0046_ICR-3_p08
391.189115706,435.178948099,43.989832393,Other,random,Carboxylation,43.989829280,RC2_0046_ICR-3_p08
421.223077301,465.212909694,43.989832393,Other,random,Carboxylation,43.989829280,RC2_0046_ICR-3_p08
483.150693601,527.140525995,43.989832393,Other,random,Carboxylation,43.989829280,RC2_0046_ICR-3_p08
457.108281074,501.098113468,43.989832393,Other,random,Carboxylation,43.989829280,RC2_0046_ICR-3_p08
329.139349923,373.129183317,43.989833393,Other,random,Carboxylation,43.989829280,RC2_0046_ICR-3_p08
341.160435930,385.150269323,43.989833393,Other,random,Carboxylation,43.989829280,RC2_0046_ICR-3_p08
437.035894222,481.025727615,43.989833393,Other,random,Carboxylation,43.989829280,RC2_0046_ICR-3_p08
525.103986634,569.093820027,43.989833393,Other,random,Carboxylation,43.989829280,RC2_0046_ICR-3_p08
541.171467475,585.161300868,43.989833393,Other,random,Carboxylation,43.989829280,RC2_0046_ICR-3_p08
677.209172398,721.199005791,43.989833393,Other,random,Carboxylation,43.989829280,RC2_0046_ICR-3_p08
345.101088213,389.090921607,43.989833393,Other,random,Carboxylation,43.989829280,RC2_0046_ICR-3_p08
353.152336059,397.142169453,43.989833393,Other,random,Carboxylation,43.989829280,RC2_0046_ICR-3_p08
371.053802121,415.043635514,43.989833393,Other,random,Carboxylation,43.989829280,RC2_0046_ICR-3_p08
399.129537022,443.119370416,43.989833393,Other,random,Carboxylation,43.989829280,RC2_0046_ICR-3_p08
479.241497184,523.231330578,43.989833393,Other,random,Carboxylation,43.989829280,RC2_0046_ICR-3_p08
291.209549823,335.199384217,43.989834393,Other,random,Carboxylation,43.989829280,RC2_0046_ICR-3_p08
379.079953073,423.069787467,43.989834393,Other,random,Carboxylation,43.989829280,RC2_0046_ICR-3_p08
388.103666795,432.093501188,43.989834393,Other,random,Carboxylation,43.989829280,RC2_0046_ICR-3_p08
443.119370416,487.109204809,43.989834393,Other,random,Carboxylation,43.989829280,RC2_0046_ICR-3_p08
481.163287032,525.153121425,43.989834393,Other,random,Carboxylation,43.989829280,RC2_0046_ICR-3_p08
533.202712279,577.192546672,43.989834393,Other,random,Carboxylation,43.989829280,RC2_0046_ICR-3_p08
347.116693663,391.106528056,43.989834393,Other,random,Carboxylation,43.989829280,RC2_0046_ICR-3_p08
419.170937006,463.160771399,43.989834393,Other,random,Carboxylation,43.989829280,RC2_0046_ICR-3_p08
443.098228505,487.088062899,43.989834393,Other,random,Carboxylation,43.989829280,RC2_0046_ICR-3_p08
459.106166599,503.096000993,43.989834393,Other,random,Carboxylation,43.989829280,RC2_0046_ICR-3_p08
525.161170391,569.151004785,43.989834393,Other,random,Carboxylation,43.989829280,RC2_0046_ICR-3_p08
301.144433679,345.134268072,43.989834393,Other,random,Carboxylation,43.989829280,RC2_0046_ICR-3_p08
325.121134969,369.110970362,43.989835393,Other,random,Carboxylation,43.989829280,RC2_0046_ICR-3_p08
365.154875144,409.144710538,43.989835393,Other,random,Carboxylation,43.989829280,RC2_0046_ICR-3_p08
393.113413543,437.103248936,43.989835393,Other,random,Carboxylation,43.989829280,RC2_0046_ICR-3_p08
523.210363667,567.200199060,43.989835393,Other,random,Carboxylation,43.989829280,RC2_0046_ICR-3_p08
461.181466796,505.171302189,43.989835393,Other,random,Carboxylation,43.989829280,RC2_0046_ICR-3_p08
333.074532230,377.064367624,43.989835393,Other,random,Carboxylation,43.989829280,RC2_0046_ICR-3_p08
345.064697368,389.054532761,43.989835393,Other,random,Carboxylation,43.989829280,RC2_0046_ICR-3_p08
315.123710378,359.113546772,43.989836393,Other,random,Carboxylation,43.989829280,RC2_0046_ICR-3_p08
413.154812527,457.144648920,43.989836393,Other,random,Carboxylation,43.989829280,RC2_0046_ICR-3_p08
435.178948099,479.168784493,43.989836393,Other,random,Carboxylation,43.989829280,RC2_0046_ICR-3_p08
483.215310327,527.205146721,43.989836393,Other,random,Carboxylation,43.989829280,RC2_0046_ICR-3_p08
395.199216695,439.189053088,43.989836393,Other,random,Carboxylation,43.989829280,RC2_0046_ICR-3_p08
465.132110037,509.121946430,43.989836393,Other,random,Carboxylation,43.989829280,RC2_0046_ICR-3_p08
395.207334661,439.197172054,43.989837393,Other,random,Carboxylation,43.989829280,RC2_0046_ICR-3_p08
331.082208682,375.072046075,43.989837393,Other,random,Carboxylation,43.989829280,RC2_0046_ICR-3_p08
335.077103735,379.066941129,43.989837393,Other,random,Carboxylation,43.989829280,RC2_0046_ICR-3_p08
345.170591918,389.160429312,43.989837393,Other,random,Carboxylation,43.989829280,RC2_0046_ICR-3_p08
373.142194262,417.132031655,43.989837393,Other,random,Carboxylation,43.989829280,RC2_0046_ICR-3_p08
385.142185357,429.132022751,43.989837393,Other,random,Carboxylation,43.989829280,RC2_0046_ICR-3_p08
391.097675094,435.087512487,43.989837393,Other,random,Carboxylation,43.989829280,RC2_0046_ICR-3_p08
431.111326354,475.101163748,43.989837393,Other,random,Carboxylation,43.989829280,RC2_0046_ICR-3_p08
443.111322450,487.101159843,43.989837393,Other,random,Carboxylation,43.989829280,RC2_0046_ICR-3_p08
585.247262504,629.237099897,43.989837393,Other,random,Carboxylation,43.989829280,RC2_0046_ICR-3_p08
343.009473086,386.999311479,43.989838393,Other,random,Carboxylation,43.989829280,RC2_0046_ICR-3_p08
410.194859083,454.184697476,43.989838393,Other,random,Carboxylation,43.989829280,RC2_0046_ICR-3_p08
419.129002184,463.118840577,43.989838393,Other,random,Carboxylation,43.989829280,RC2_0046_ICR-3_p08
455.134640447,499.124478840,43.989838393,Other,random,Carboxylation,43.989829280,RC2_0046_ICR-3_p08
509.239230933,553.229069326,43.989838393,Other,random,Carboxylation,43.989829280,RC2_0046_ICR-3_p08
389.160429312,433.150267705,43.989838393,Other,random,Carboxylation,43.989829280,RC2_0046_ICR-3_p08
346.056768159,390.046606553,43.989838393,Other,random,Carboxylation,43.989829280,RC2_0046_ICR-3_p08
387.056778235,431.046616629,43.989838393,Other,random,Carboxylation,43.989829280,RC2_0046_ICR-3_p08
441.131889847,485.121728240,43.989838393,Other,random,Carboxylation,43.989829280,RC2_0046_ICR-3_p08
565.099092973,609.088931366,43.989838393,Other,random,Carboxylation,43.989829280,RC2_0046_ICR-3_p08
293.102986791,337.092807185,43.989820393,Other,random,Carboxylation_CO2,43.989830000,RC2_0046_ICR-3_p08
313.108006929,357.097827323,43.989820393,Other,random,Carboxylation_CO2,43.989830000,RC2_0046_ICR-3_p08
353.160351025,397.150171419,43.989820393,Other,random,Carboxylation_CO2,43.989830000,RC2_0046_ICR-3_p08
373.087147495,417.076967889,43.989820393,Other,random,Carboxylation_CO2,43.989830000,RC2_0046_ICR-3_p08
383.126572908,427.116393301,43.989820393,Other,random,Carboxylation_CO2,43.989830000,RC2_0046_ICR-3_p08
403.087874231,447.077694624,43.989820393,Other,random,Carboxylation_CO2,43.989830000,RC2_0046_ICR-3_p08
403.170459881,447.160280274,43.989820393,Other,random,Carboxylation_CO2,43.989830000,RC2_0046_ICR-3_p08
513.176541230,557.166361624,43.989820393,Other,random,Carboxylation_CO2,43.989830000,RC2_0046_ICR-3_p08
567.200199060,611.190019453,43.989820393,Other,random,Carboxylation_CO2,43.989830000,RC2_0046_ICR-3_p08
593.078522283,637.068342677,43.989820393,Other,random,Carboxylation_CO2,43.989830000,RC2_0046_ICR-3_p08
305.066572041,349.056393435,43.989821393,Other,random,Carboxylation_CO2,43.989830000,RC2_0046_ICR-3_p08
693.313032084,737.302853478,43.989821393,Other,random,Carboxylation_CO2,43.989830000,RC2_0046_ICR-3_p08
299.019651692,343.009473086,43.989821393,Other,random,Carboxylation_CO2,43.989830000,RC2_0046_ICR-3_p08
445.163313745,489.153135139,43.989821393,Other,random,Carboxylation_CO2,43.989830000,RC2_0046_ICR-3_p08
475.088059803,519.077881197,43.989821393,Other,random,Carboxylation_CO2,43.989830000,RC2_0046_ICR-3_p08
391.079905169,435.069726563,43.989821393,Other,random,Carboxylation_CO2,43.989830000,RC2_0046_ICR-3_p08
457.090642149,501.080463543,43.989821393,Other,random,Carboxylation_CO2,43.989830000,RC2_0046_ICR-3_p08
539.213387781,583.203209175,43.989821393,Other,random,Carboxylation_CO2,43.989830000,RC2_0046_ICR-3_p08
411.035556517,455.025378910,43.989822393,Other,random,Carboxylation_CO2,43.989830000,RC2_0046_ICR-3_p08
467.155762452,511.145584846,43.989822393,Other,random,Carboxylation_CO2,43.989830000,RC2_0046_ICR-3_p08
501.226025925,545.215848318,43.989822393,Other,random,Carboxylation_CO2,43.989830000,RC2_0046_ICR-3_p08
377.124064370,421.113886764,43.989822393,Other,random,Carboxylation_CO2,43.989830000,RC2_0046_ICR-3_p08
363.102831849,407.092654243,43.989822393,Other,random,Carboxylation_CO2,43.989830000,RC2_0046_ICR-3_p08
511.145584846,555.135407239,43.989822393,Other,random,Carboxylation_CO2,43.989830000,RC2_0046_ICR-3_p08
375.035579230,419.025402623,43.989823393,Other,random,Carboxylation_CO2,43.989830000,RC2_0046_ICR-3_p08
443.134565351,487.124388745,43.989823393,Other,random,Carboxylation_CO2,43.989830000,RC2_0046_ICR-3_p08
438.067594846,482.057418239,43.989823393,Other,random,Carboxylation_CO2,43.989830000,RC2_0046_ICR-3_p08
375.066421099,419.056244492,43.989823393,Other,random,Carboxylation_CO2,43.989830000,RC2_0046_ICR-3_p08
355.131632663,399.121456057,43.989823393,Other,random,Carboxylation_CO2,43.989830000,RC2_0046_ICR-3_p08
276.051284125,320.041108519,43.989824393,Other,random,Carboxylation_CO2,43.989830000,RC2_0046_ICR-3_p08
349.201896817,393.191721211,43.989824393,Other,random,Carboxylation_CO2,43.989830000,RC2_0046_ICR-3_p08
371.061836087,415.051660480,43.989824393,Other,random,Carboxylation_CO2,43.989830000,RC2_0046_ICR-3_p08
385.077519632,429.067344025,43.989824393,Other,random,Carboxylation_CO2,43.989830000,RC2_0046_ICR-3_p08
392.098628848,436.088453241,43.989824393,Other,random,Carboxylation_CO2,43.989830000,RC2_0046_ICR-3_p08
421.142285643,465.132110037,43.989824393,Other,random,Carboxylation_CO2,43.989830000,RC2_0046_ICR-3_p08
429.103625871,473.093450265,43.989824393,Other,random,Carboxylation_CO2,43.989830000,RC2_0046_ICR-3_p08
441.212854503,485.202678897,43.989824393,Other,random,Carboxylation_CO2,43.989830000,RC2_0046_ICR-3_p08
461.035784414,505.025608807,43.989824393,Other,random,Carboxylation_CO2,43.989830000,RC2_0046_ICR-3_p08
359.077025927,403.066851320,43.989825393,Other,random,Carboxylation_CO2,43.989830000,RC2_0046_ICR-3_p08
509.093593551,553.083418944,43.989825393,Other,random,Carboxylation_CO2,43.989830000,RC2_0046_ICR-3_p08
255.232918437,299.222743831,43.989825393,Other,random,Carboxylation_CO2,43.989830000,RC2_0046_ICR-3_p08
280.082574024,324.072399418,43.989825393,Other,random,Carboxylation_CO2,43.989830000,RC2_0046_ICR-3_p08
349.092643281,393.082468674,43.989825393,Other,random,Carboxylation_CO2,43.989830000,RC2_0046_ICR-3_p08
407.061756374,451.051581767,43.989825393,Other,random,Carboxylation_CO2,43.989830000,RC2_0046_ICR-3_p08
409.105700703,453.095526097,43.989825393,Other,random,Carboxylation_CO2,43.989830000,RC2_0046_ICR-3_p08
443.191963108,487.181788501,43.989825393,Other,random,Carboxylation_CO2,43.989830000,RC2_0046_ICR-3_p08
491.082886953,535.072712346,43.989825393,Other,random,Carboxylation_CO2,43.989830000,RC2_0046_ICR-3_p08
503.082891048,547.072716442,43.989825393,Other,random,Carboxylation_CO2,43.989830000,RC2_0046_ICR-3_p08
543.150872078,587.140698472,43.989826393,Other,random,Carboxylation_CO2,43.989830000,RC2_0046_ICR-3_p08
548.113098028,592.102924422,43.989826393,Other,random,Carboxylation_CO2,43.989830000,RC2_0046_ICR-3_p08
308.113859114,352.103685508,43.989826393,Other,random,Carboxylation_CO2,43.989830000,RC2_0046_ICR-3_p08
406.150651239,450.140477632,43.989826393,Other,random,Carboxylation_CO2,43.989830000,RC2_0046_ICR-3_p08
506.101808242,550.091634635,43.989826393,Other,random,Carboxylation_CO2,43.989830000,RC2_0046_ICR-3_p08
357.264554615,401.254381009,43.989826393,Other,random,Carboxylation_CO2,43.989830000,RC2_0046_ICR-3_p08
335.162930371,379.152756765,43.989826393,Other,random,Carboxylation_CO2,43.989830000,RC2_0046_ICR-3_p08
343.085438764,387.075265157,43.989826393,Other,random,Carboxylation_CO2,43.989830000,RC2_0046_ICR-3_p08
447.160280274,491.150107667,43.989827393,Other,random,Carboxylation_CO2,43.989830000,RC2_0046_ICR-3_p08
551.249597723,595.239425116,43.989827393,Other,random,Carboxylation_CO2,43.989830000,RC2_0046_ICR-3_p08
483.129501691,527.119329085,43.989827393,Other,random,Carboxylation_CO2,43.989830000,RC2_0046_ICR-3_p08
581.151200879,625.141028273,43.989827393,Other,random,Carboxylation_CO2,43.989830000,RC2_0046_ICR-3_p08
313.165520685,357.155348079,43.989827393,Other,random,Carboxylation_CO2,43.989830000,RC2_0046_ICR-3_p08
315.063982632,359.053811025,43.989828393,Other,random,Carboxylation_CO2,43.989830000,RC2_0046_ICR-3_p08
359.071536950,403.061365343,43.989828393,Other,random,Carboxylation_CO2,43.989830000,RC2_0046_ICR-3_p08
374.124457095,418.114285488,43.989828393,Other,random,Carboxylation_CO2,43.989830000,RC2_0046_ICR-3_p08
391.066942224,435.056770618,43.989828393,Other,random,Carboxylation_CO2,43.989830000,RC2_0046_ICR-3_p08
309.147307731,353.137136124,43.989828393,Other,random,Carboxylation_CO2,43.989830000,RC2_0046_ICR-3_p08
557.239250315,601.229078708,43.989828393,Other,random,Carboxylation_CO2,43.989830000,RC2_0046_ICR-3_p08
250.035671484,294.025500878,43.989829393,Other,random,Carboxylation_CO2,43.989830000,RC2_0046_ICR-3_p08
402.111997371,446.101826764,43.989829393,Other,random,Carboxylation_CO2,43.989830000,RC2_0046_ICR-3_p08
331.045749836,375.035579230,43.989829393,Other,random,Carboxylation_CO2,43.989830000,RC2_0046_ICR-3_p08
349.069444379,393.059273773,43.989829393,Other,random,Carboxylation_CO2,43.989830000,RC2_0046_ICR-3_p08
429.067344025,473.057173418,43.989829393,Other,random,Carboxylation_CO2,43.989830000,RC2_0046_ICR-3_p08
519.163840832,563.153670226,43.989829393,Other,random,Carboxylation_CO2,43.989830000,RC2_0046_ICR-3_p08
483.259780139,527.249610532,43.989830393,Other,random,Carboxylation_CO2,43.989830000,RC2_0046_ICR-3_p08
239.165338597,283.155168990,43.989830393,Other,random,Carboxylation_CO2,43.989830000,RC2_0046_ICR-3_p08
287.141838079,331.131668472,43.989830393,Other,random,Carboxylation_CO2,43.989830000,RC2_0046_ICR-3_p08
473.139544069,517.129374462,43.989830393,Other,random,Carboxylation_CO2,43.989830000,RC2_0046_ICR-3_p08
561.161306677,605.151138071,43.989831393,Other,random,Carboxylation_CO2,43.989830000,RC2_0046_ICR-3_p08
285.126140629,329.115972023,43.989831393,Other,random,Carboxylation_CO2,43.989830000,RC2_0046_ICR-3_p08
465.067396311,509.057227705,43.989831393,Other,random,Carboxylation_CO2,43.989830000,RC2_0046_ICR-3_p08
415.124401172,459.114232565,43.989831393,Other,random,Carboxylation_CO2,43.989830000,RC2_0046_ICR-3_p08
477.225844735,521.215676128,43.989831393,Other,random,Carboxylation_CO2,43.989830000,RC2_0046_ICR-3_p08
505.111834441,549.101665835,43.989831393,Other,random,Carboxylation_CO2,43.989830000,RC2_0046_ICR-3_p08
517.134968439,561.124799832,43.989831393,Other,random,Carboxylation_CO2,43.989830000,RC2_0046_ICR-3_p08
667.260693599,711.250524993,43.989831393,Other,random,Carboxylation_CO2,43.989830000,RC2_0046_ICR-3_p08
313.084682028,357.074513421,43.989831393,Other,random,Carboxylation_CO2,43.989830000,RC2_0046_ICR-3_p08
305.139318733,349.129151126,43.989832393,Other,random,Carboxylation_CO2,43.989830000,RC2_0046_ICR-3_p08
327.050797783,371.040630177,43.989832393,Other,random,Carboxylation_CO2,43.989830000,RC2_0046_ICR-3_p08
357.101095309,401.090927702,43.989832393,Other,random,Carboxylation_CO2,43.989830000,RC2_0046_ICR-3_p08
357.128608192,401.118440585,43.989832393,Other,random,Carboxylation_CO2,43.989830000,RC2_0046_ICR-3_p08
391.189115706,435.178948099,43.989832393,Other,random,Carboxylation_CO2,43.989830000,RC2_0046_ICR-3_p08
421.223077301,465.212909694,43.989832393,Other,random,Carboxylation_CO2,43.989830000,RC2_0046_ICR-3_p08
483.150693601,527.140525995,43.989832393,Other,random,Carboxylation_CO2,43.989830000,RC2_0046_ICR-3_p08
457.108281074,501.098113468,43.989832393,Other,random,Carboxylation_CO2,43.989830000,RC2_0046_ICR-3_p08
329.139349923,373.129183317,43.989833393,Other,random,Carboxylation_CO2,43.989830000,RC2_0046_ICR-3_p08
341.160435930,385.150269323,43.989833393,Other,random,Carboxylation_CO2,43.989830000,RC2_0046_ICR-3_p08
437.035894222,481.025727615,43.989833393,Other,random,Carboxylation_CO2,43.989830000,RC2_0046_ICR-3_p08
525.103986634,569.093820027,43.989833393,Other,random,Carboxylation_CO2,43.989830000,RC2_0046_ICR-3_p08
541.171467475,585.161300868,43.989833393,Other,random,Carboxylation_CO2,43.989830000,RC2_0046_ICR-3_p08
677.209172398,721.199005791,43.989833393,Other,random,Carboxylation_CO2,43.989830000,RC2_0046_ICR-3_p08
345.101088213,389.090921607,43.989833393,Other,random,Carboxylation_CO2,43.989830000,RC2_0046_ICR-3_p08
353.152336059,397.142169453,43.989833393,Other,random,Carboxylation_CO2,43.989830000,RC2_0046_ICR-3_p08
371.053802121,415.043635514,43.989833393,Other,random,Carboxylation_CO2,43.989830000,RC2_0046_ICR-3_p08
399.129537022,443.119370416,43.989833393,Other,random,Carboxylation_CO2,43.989830000,RC2_0046_ICR-3_p08
479.241497184,523.231330578,43.989833393,Other,random,Carboxylation_CO2,43.989830000,RC2_0046_ICR-3_p08
291.209549823,335.199384217,43.989834393,Other,random,Carboxylation_CO2,43.989830000,RC2_0046_ICR-3_p08
379.079953073,423.069787467,43.989834393,Other,random,Carboxylation_CO2,43.989830000,RC2_0046_ICR-3_p08
388.103666795,432.093501188,43.989834393,Other,random,Carboxylation_CO2,43.989830000,RC2_0046_ICR-3_p08
443.119370416,487.109204809,43.989834393,Other,random,Carboxylation_CO2,43.989830000,RC2_0046_ICR-3_p08
481.163287032,525.153121425,43.989834393,Other,random,Carboxylation_CO2,43.989830000,RC2_0046_ICR-3_p08
533.202712279,577.192546672,43.989834393,Other,random,Carboxylation_CO2,43.989830000,RC2_0046_ICR-3_p08
347.116693663,391.106528056,43.989834393,Other,random,Carboxylation_CO2,43.989830000,RC2_0046_ICR-3_p08
419.170937006,463.160771399,43.989834393,Other,random,Carboxylation_CO2,43.989830000,RC2_0046_ICR-3_p08
443.098228505,487.088062899,43.989834393,Other,random,Carboxylation_CO2,43.989830000,RC2_0046_ICR-3_p08
459.106166599,503.096000993,43.989834393,Other,random,Carboxylation_CO2,43.989830000,RC2_0046_ICR-3_p08
525.161170391,569.151004785,43.989834393,Other,random,Carboxylation_CO2,43.989830000,RC2_0046_ICR-3_p08
301.144433679,345.134268072,43.989834393,Other,random,Carboxylation_CO2,43.989830000,RC2_0046_ICR-3_p08
325.121134969,369.110970362,43.989835393,Other,random,Carboxylation_CO2,43.989830000,RC2_0046_ICR-3_p08
365.154875144,409.144710538,43.989835393,Other,random,Carboxylation_CO2,43.989830000,RC2_0046_ICR-3_p08
393.113413543,437.103248936,43.989835393,Other,random,Carboxylation_CO2,43.989830000,RC2_0046_ICR-3_p08
523.210363667,567.200199060,43.989835393,Other,random,Carboxylation_CO2,43.989830000,RC2_0046_ICR-3_p08
461.181466796,505.171302189,43.989835393,Other,random,Carboxylation_CO2,43.989830000,RC2_0046_ICR-3_p08
333.074532230,377.064367624,43.989835393,Other,random,Carboxylation_CO2,43.989830000,RC2_0046_ICR-3_p08
345.064697368,389.054532761,43.989835393,Other,random,Carboxylation_CO2,43.989830000,RC2_0046_ICR-3_p08
315.123710378,359.113546772,43.989836393,Other,random,Carboxylation_CO2,43.989830000,RC2_0046_ICR-3_p08
413.154812527,457.144648920,43.989836393,Other,random,Carboxylation_CO2,43.989830000,RC2_0046_ICR-3_p08
435.178948099,479.168784493,43.989836393,Other,random,Carboxylation_CO2,43.989830000,RC2_0046_ICR-3_p08
483.215310327,527.205146721,43.989836393,Other,random,Carboxylation_CO2,43.989830000,RC2_0046_ICR-3_p08
395.199216695,439.189053088,43.989836393,Other,random,Carboxylation_CO2,43.989830000,RC2_0046_ICR-3_p08
465.132110037,509.121946430,43.989836393,Other,random,Carboxylation_CO2,43.989830000,RC2_0046_ICR-3_p08
395.207334661,439.197172054,43.989837393,Other,random,Carboxylation_CO2,43.989830000,RC2_0046_ICR-3_p08
331.082208682,375.072046075,43.989837393,Other,random,Carboxylation_CO2,43.989830000,RC2_0046_ICR-3_p08
335.077103735,379.066941129,43.989837393,Other,random,Carboxylation_CO2,43.989830000,RC2_0046_ICR-3_p08
345.170591918,389.160429312,43.989837393,Other,random,Carboxylation_CO2,43.989830000,RC2_0046_ICR-3_p08
373.142194262,417.132031655,43.989837393,Other,random,Carboxylation_CO2,43.989830000,RC2_0046_ICR-3_p08
385.142185357,429.132022751,43.989837393,Other,random,Carboxylation_CO2,43.989830000,RC2_0046_ICR-3_p08
391.097675094,435.087512487,43.989837393,Other,random,Carboxylation_CO2,43.989830000,RC2_0046_ICR-3_p08
431.111326354,475.101163748,43.989837393,Other,random,Carboxylation_CO2,43.989830000,RC2_0046_ICR-3_p08
443.111322450,487.101159843,43.989837393,Other,random,Carboxylation_CO2,43.989830000,RC2_0046_ICR-3_p08
585.247262504,629.237099897,43.989837393,Other,random,Carboxylation_CO2,43.989830000,RC2_0046_ICR-3_p08
343.009473086,386.999311479,43.989838393,Other,random,Carboxylation_CO2,43.989830000,RC2_0046_ICR-3_p08
410.194859083,454.184697476,43.989838393,Other,random,Carboxylation_CO2,43.989830000,RC2_0046_ICR-3_p08
419.129002184,463.118840577,43.989838393,Other,random,Carboxylation_CO2,43.989830000,RC2_0046_ICR-3_p08
455.134640447,499.124478840,43.989838393,Other,random,Carboxylation_CO2,43.989830000,RC2_0046_ICR-3_p08
509.239230933,553.229069326,43.989838393,Other,random,Carboxylation_CO2,43.989830000,RC2_0046_ICR-3_p08
389.160429312,433.150267705,43.989838393,Other,random,Carboxylation_CO2,43.989830000,RC2_0046_ICR-3_p08
346.056768159,390.046606553,43.989838393,Other,random,Carboxylation_CO2,43.989830000,RC2_0046_ICR-3_p08
387.056778235,431.046616629,43.989838393,Other,random,Carboxylation_CO2,43.989830000,RC2_0046_ICR-3_p08
441.131889847,485.121728240,43.989838393,Other,random,Carboxylation_CO2,43.989830000,RC2_0046_ICR-3_p08
565.099092973,609.088931366,43.989838393,Other,random,Carboxylation_CO2,43.989830000,RC2_0046_ICR-3_p08
365.115861310,409.105700703,43.989839393,Other,random,Carboxylation_CO2,43.989830000,RC2_0046_ICR-3_p08
461.085503203,505.075342596,43.989839393,Other,random,Carboxylation_CO2,43.989830000,RC2_0046_ICR-3_p08
285.040394993,329.030234386,43.989839393,Other,random,Carboxylation_CO2,43.989830000,RC2_0046_ICR-3_p08
311.113457390,355.103296783,43.989839393,Other,random,Carboxylation_CO2,43.989830000,RC2_0046_ICR-3_p08
451.137461403,495.127300796,43.989839393,Other,random,Carboxylation_CO2,43.989830000,RC2_0046_ICR-3_p08
471.129530596,515.119369989,43.989839393,Other,random,Carboxylation_CO2,43.989830000,RC2_0046_ICR-3_p08
511.173789726,555.163629120,43.989839393,Other,random,Carboxylation_CO2,43.989830000,RC2_0046_ICR-3_p08
447.202097097,491.191936490,43.989839393,Other,random,Carboxylation_CO2,43.989830000,RC2_0046_ICR-3_p08
457.077532205,501.067371598,43.989839393,Other,random,Carboxylation_CO2,43.989830000,RC2_0046_ICR-3_p08
513.116938483,557.106777877,43.989839393,Other,random,Carboxylation_CO2,43.989830000,RC2_0046_ICR-3_p08
527.226039632,571.239670924,44.013631292,Other,random,carbamoyl P transfer (-H2PO4),44.013638720,RC2_0046_ICR-3_p08
553.241719272,597.255355565,44.013636292,Other,random,carbamoyl P transfer (-H2PO4),44.013638720,RC2_0046_ICR-3_p08
521.069873747,565.083511039,44.013637292,Other,random,carbamoyl P transfer (-H2PO4),44.013638720,RC2_0046_ICR-3_p08
466.148247726,510.161888019,44.013640292,Other,random,carbamoyl P transfer (-H2PO4),44.013638720,RC2_0046_ICR-3_p08
513.246811932,557.260455225,44.013643292,Other,random,carbamoyl P transfer (-H2PO4),44.013638720,RC2_0046_ICR-3_p08
591.148564470,635.162207762,44.013643292,Other,random,carbamoyl P transfer (-H2PO4),44.013638720,RC2_0046_ICR-3_p08
593.200372766,637.214016059,44.013643292,Other,random,carbamoyl P transfer (-H2PO4),44.013638720,RC2_0046_ICR-3_p08
287.186398890,331.212604129,44.026205239,Other,random,C2H4O1,44.026215000,RC2_0046_ICR-3_p08
225.113277206,269.139482445,44.026205239,Other,random,C2H4O1,44.026215000,RC2_0046_ICR-3_p08
337.178601821,381.204807060,44.026205239,Other,random,C2H4O1,44.026215000,RC2_0046_ICR-3_p08
351.144815575,395.171020815,44.026205239,Other,random,C2H4O1,44.026215000,RC2_0046_ICR-3_p08
389.051174775,433.077380014,44.026205239,Other,random,C2H4O1,44.026215000,RC2_0046_ICR-3_p08
395.025350432,439.051555672,44.026205239,Other,random,C2H4O1,44.026215000,RC2_0046_ICR-3_p08
429.204747442,473.230952681,44.026205239,Other,random,C2H4O1,44.026215000,RC2_0046_ICR-3_p08
430.106955615,474.133160854,44.026205239,Other,random,C2H4O1,44.026215000,RC2_0046_ICR-3_p08
427.103325356,471.129530596,44.026205239,Other,random,C2H4O1,44.026215000,RC2_0046_ICR-3_p08
333.170599823,377.196806062,44.026206239,Other,random,C2H4O1,44.026215000,RC2_0046_ICR-3_p08
347.004343139,391.030549379,44.026206239,Other,random,C2H4O1,44.026215000,RC2_0046_ICR-3_p08
307.118609336,351.144815575,44.026206239,Other,random,C2H4O1,44.026215000,RC2_0046_ICR-3_p08
389.014911929,433.041118168,44.026206239,Other,random,C2H4O1,44.026215000,RC2_0046_ICR-3_p08
401.123967562,445.150173801,44.026206239,Other,random,C2H4O1,44.026215000,RC2_0046_ICR-3_p08
521.194858216,565.221065456,44.026207239,Other,random,C2H4O1,44.026215000,RC2_0046_ICR-3_p08
369.082489483,413.108696722,44.026207239,Other,random,C2H4O1,44.026215000,RC2_0046_ICR-3_p08
294.025500878,338.051708117,44.026207239,Other,random,C2H4O1,44.026215000,RC2_0046_ICR-3_p08
313.108006929,357.134214168,44.026207239,Other,random,C2H4O1,44.026215000,RC2_0046_ICR-3_p08
427.051574576,471.077781815,44.026207239,Other,random,C2H4O1,44.026215000,RC2_0046_ICR-3_p08
439.088043517,483.114250756,44.026207239,Other,random,C2H4O1,44.026215000,RC2_0046_ICR-3_p08
443.147604296,487.173811535,44.026207239,Other,random,C2H4O1,44.026215000,RC2_0046_ICR-3_p08
451.015338921,495.041546160,44.026207239,Other,random,C2H4O1,44.026215000,RC2_0046_ICR-3_p08
527.155815930,571.182023169,44.026207239,Other,random,C2H4O1,44.026215000,RC2_0046_ICR-3_p08
483.178938481,527.205146721,44.026208239,Other,random,C2H4O1,44.026215000,RC2_0046_ICR-3_p08
311.077088544,355.103296783,44.026208239,Other,random,C2H4O1,44.026215000,RC2_0046_ICR-3_p08
353.196874871,397.223083110,44.026208239,Other,random,C2H4O1,44.026215000,RC2_0046_ICR-3_p08
383.107904987,427.134113226,44.026208239,Other,random,C2H4O1,44.026215000,RC2_0046_ICR-3_p08
433.126963804,477.153172043,44.026208239,Other,random,C2H4O1,44.026215000,RC2_0046_ICR-3_p08
527.132518029,571.158727268,44.026209239,Other,random,C2H4O1,44.026215000,RC2_0046_ICR-3_p08
299.032745637,343.058954876,44.026209239,Other,random,C2H4O1,44.026215000,RC2_0046_ICR-3_p08
365.014899738,409.041108977,44.026209239,Other,random,C2H4O1,44.026215000,RC2_0046_ICR-3_p08
471.179039386,515.205248625,44.026209239,Other,random,C2H4O1,44.026215000,RC2_0046_ICR-3_p08
387.035561325,431.061771565,44.026210239,Other,random,C2H4O1,44.026215000,RC2_0046_ICR-3_p08
537.124989640,581.151200879,44.026211239,Other,random,C2H4O1,44.026215000,RC2_0046_ICR-3_p08
291.173172978,335.199384217,44.026211239,Other,random,C2H4O1,44.026215000,RC2_0046_ICR-3_p08
453.189461698,497.215672937,44.026211239,Other,random,C2H4O1,44.026215000,RC2_0046_ICR-3_p08
307.057199597,351.083410836,44.026211239,Other,random,C2H4O1,44.026215000,RC2_0046_ICR-3_p08
403.087874231,447.114085470,44.026211239,Other,random,C2H4O1,44.026215000,RC2_0046_ICR-3_p08
433.180899575,477.207110814,44.026211239,Other,random,C2H4O1,44.026215000,RC2_0046_ICR-3_p08
471.150686506,515.176897745,44.026211239,Other,random,C2H4O1,44.026215000,RC2_0046_ICR-3_p08
361.050771554,405.076983793,44.026212239,Other,random,C2H4O1,44.026215000,RC2_0046_ICR-3_p08
377.064367624,421.090579863,44.026212239,Other,random,C2H4O1,44.026215000,RC2_0046_ICR-3_p08
433.077380014,477.103592253,44.026212239,Other,random,C2H4O1,44.026215000,RC2_0046_ICR-3_p08
238.072137234,282.098350473,44.026213239,Other,random,C2H4O1,44.026215000,RC2_0046_ICR-3_p08
311.126596334,355.152809573,44.026213239,Other,random,C2H4O1,44.026215000,RC2_0046_ICR-3_p08
317.152398773,361.178612012,44.026213239,Other,random,C2H4O1,44.026215000,RC2_0046_ICR-3_p08
361.069290475,405.095503714,44.026213239,Other,random,C2H4O1,44.026215000,RC2_0046_ICR-3_p08
386.999311479,431.025524718,44.026213239,Other,random,C2H4O1,44.026215000,RC2_0046_ICR-3_p08
423.069787467,467.096000706,44.026213239,Other,random,C2H4O1,44.026215000,RC2_0046_ICR-3_p08
527.286219377,571.312433616,44.026214239,Other,random,C2H4O1,44.026215000,RC2_0046_ICR-3_p08
502.098851222,546.125065462,44.026214239,Other,random,C2H4O1,44.026215000,RC2_0046_ICR-3_p08
379.152756765,423.178972004,44.026215239,Other,random,C2H4O1,44.026215000,RC2_0046_ICR-3_p08
427.210297903,471.236513142,44.026215239,Other,random,C2H4O1,44.026215000,RC2_0046_ICR-3_p08
465.225969639,509.252184878,44.026215239,Other,random,C2H4O1,44.026215000,RC2_0046_ICR-3_p08
397.150171419,441.176386658,44.026215239,Other,random,C2H4O1,44.026215000,RC2_0046_ICR-3_p08
315.087331533,359.113546772,44.026215239,Other,random,C2H4O1,44.026215000,RC2_0046_ICR-3_p08
643.203651650,687.229866889,44.026215239,Other,random,C2H4O1,44.026215000,RC2_0046_ICR-3_p08
324.036023572,368.062239811,44.026216239,Other,random,C2H4O1,44.026215000,RC2_0046_ICR-3_p08
363.048628079,407.074844318,44.026216239,Other,random,C2H4O1,44.026215000,RC2_0046_ICR-3_p08
469.135005056,513.161221295,44.026216239,Other,random,C2H4O1,44.026215000,RC2_0046_ICR-3_p08
357.055879500,401.082095740,44.026216239,Other,random,C2H4O1,44.026215000,RC2_0046_ICR-3_p08
432.093501188,476.119717427,44.026216239,Other,random,C2H4O1,44.026215000,RC2_0046_ICR-3_p08
415.160831017,459.187048256,44.026217239,Other,random,C2H4O1,44.026215000,RC2_0046_ICR-3_p08
279.062293352,323.088510591,44.026217239,Other,random,C2H4O1,44.026215000,RC2_0046_ICR-3_p08
391.175902762,435.202120001,44.026217239,Other,random,C2H4O1,44.026215000,RC2_0046_ICR-3_p08
403.170459881,447.196677120,44.026217239,Other,random,C2H4O1,44.026215000,RC2_0046_ICR-3_p08
417.095552810,461.121770049,44.026217239,Other,random,C2H4O1,44.026215000,RC2_0046_ICR-3_p08
339.100354669,383.126572908,44.026218239,Other,random,C2H4O1,44.026215000,RC2_0046_ICR-3_p08
391.170422785,435.196641024,44.026218239,Other,random,C2H4O1,44.026215000,RC2_0046_ICR-3_p08
449.217818546,493.244036785,44.026218239,Other,random,C2H4O1,44.026215000,RC2_0046_ICR-3_p08
481.207632844,525.233851083,44.026218239,Other,random,C2H4O1,44.026215000,RC2_0046_ICR-3_p08
278.103313420,322.129531659,44.026218239,Other,random,C2H4O1,44.026215000,RC2_0046_ICR-3_p08
461.231076585,505.257294824,44.026218239,Other,random,C2H4O1,44.026215000,RC2_0046_ICR-3_p08
511.145584846,555.171803085,44.026218239,Other,random,C2H4O1,44.026215000,RC2_0046_ICR-3_p08
375.108332921,419.134552160,44.026219239,Other,random,C2H4O1,44.026215000,RC2_0046_ICR-3_p08
437.173515638,481.199734877,44.026219239,Other,random,C2H4O1,44.026215000,RC2_0046_ICR-3_p08
551.249597723,595.275816962,44.026219239,Other,random,C2H4O1,44.026215000,RC2_0046_ICR-3_p08
279.123766092,323.149985331,44.026219239,Other,random,C2H4O1,44.026215000,RC2_0046_ICR-3_p08
419.134552160,463.160771399,44.026219239,Other,random,C2H4O1,44.026215000,RC2_0046_ICR-3_p08
429.132022751,473.158241990,44.026219239,Other,random,C2H4O1,44.026215000,RC2_0046_ICR-3_p08
488.083355677,532.109575916,44.026220239,Other,random,C2H4O1,44.026215000,RC2_0046_ICR-3_p08
367.030570187,411.056790426,44.026220239,Other,random,C2H4O1,44.026215000,RC2_0046_ICR-3_p08
376.030929008,420.057149247,44.026220239,Other,random,C2H4O1,44.026215000,RC2_0046_ICR-3_p08
401.209749198,445.235969437,44.026220239,Other,random,C2H4O1,44.026215000,RC2_0046_ICR-3_p08
433.054116113,477.080336352,44.026220239,Other,random,C2H4O1,44.026215000,RC2_0046_ICR-3_p08
505.257294824,549.283515063,44.026220239,Other,random,C2H4O1,44.026215000,RC2_0046_ICR-3_p08
445.062241174,489.088461413,44.026220239,Other,random,C2H4O1,44.026215000,RC2_0046_ICR-3_p08
521.129966492,565.156187731,44.026221239,Other,random,C2H4O1,44.026215000,RC2_0046_ICR-3_p08
391.030549379,435.056770618,44.026221239,Other,random,C2H4O1,44.026215000,RC2_0046_ICR-3_p08
485.057204514,529.083425753,44.026221239,Other,random,C2H4O1,44.026215000,RC2_0046_ICR-3_p08
397.199659209,441.225880448,44.026221239,Other,random,C2H4O1,44.026215000,RC2_0046_ICR-3_p08
437.194494549,481.220715788,44.026221239,Other,random,C2H4O1,44.026215000,RC2_0046_ICR-3_p08
239.128947751,283.155168990,44.026221239,Other,random,C2H4O1,44.026215000,RC2_0046_ICR-3_p08
492.114722576,536.140944815,44.026222239,Other,random,C2H4O1,44.026215000,RC2_0046_ICR-3_p08
359.144237642,403.170459881,44.026222239,Other,random,C2H4O1,44.026215000,RC2_0046_ICR-3_p08
395.061821278,439.088043517,44.026222239,Other,random,C2H4O1,44.026215000,RC2_0046_ICR-3_p08
421.150163610,465.176385849,44.026222239,Other,random,C2H4O1,44.026215000,RC2_0046_ICR-3_p08
459.077919719,503.104141958,44.026222239,Other,random,C2H4O1,44.026215000,RC2_0046_ICR-3_p08
561.161306677,605.187528916,44.026222239,Other,random,C2H4O1,44.026215000,RC2_0046_ICR-3_p08
611.177650506,655.203872745,44.026222239,Other,random,C2H4O1,44.026215000,RC2_0046_ICR-3_p08
329.115972023,373.142194262,44.026222239,Other,random,C2H4O1,44.026215000,RC2_0046_ICR-3_p08
331.058887781,375.085110020,44.026222239,Other,random,C2H4O1,44.026215000,RC2_0046_ICR-3_p08
501.067371598,545.093594837,44.026223239,Other,random,C2H4O1,44.026215000,RC2_0046_ICR-3_p08
573.197712618,617.223935857,44.026223239,Other,random,C2H4O1,44.026215000,RC2_0046_ICR-3_p08
619.167014615,663.193237854,44.026223239,Other,random,C2H4O1,44.026215000,RC2_0046_ICR-3_p08
237.113281302,281.139504541,44.026223239,Other,random,C2H4O1,44.026215000,RC2_0046_ICR-3_p08
409.186496360,453.212719599,44.026223239,Other,random,C2H4O1,44.026215000,RC2_0046_ICR-3_p08
447.129500405,491.155723644,44.026223239,Other,random,C2H4O1,44.026215000,RC2_0046_ICR-3_p08
477.225844735,521.252067974,44.026223239,Other,random,C2H4O1,44.026215000,RC2_0046_ICR-3_p08
513.124900450,557.151123689,44.026223239,Other,random,C2H4O1,44.026215000,RC2_0046_ICR-3_p08
623.162022668,667.188245907,44.026223239,Other,random,C2H4O1,44.026215000,RC2_0046_ICR-3_p08
381.082418579,425.108641818,44.026223239,Other,random,C2H4O1,44.026215000,RC2_0046_ICR-3_p08
489.140020194,533.166243433,44.026223239,Other,random,C2H4O1,44.026215000,RC2_0046_ICR-3_p08
569.224031475,613.250255714,44.026224239,Other,random,C2H4O1,44.026215000,RC2_0046_ICR-3_p08
579.208399121,623.234623360,44.026224239,Other,random,C2H4O1,44.026215000,RC2_0046_ICR-3_p08
393.168270310,437.194494549,44.026224239,Other,random,C2H4O1,44.026215000,RC2_0046_ICR-3_p08
345.064697368,389.090921607,44.026224239,Other,random,C2H4O1,44.026215000,RC2_0046_ICR-3_p08
455.129027470,499.155251709,44.026224239,Other,random,C2H4O1,44.026215000,RC2_0046_ICR-3_p08
247.097626948,291.160217032,44.062590085,Other,random,C3H8,44.062600000,RC2_0046_ICR-3_p08
290.066889670,334.129479755,44.062590085,Other,random,C3H8,44.062600000,RC2_0046_ICR-3_p08
379.134110844,423.196700929,44.062590085,Other,random,C3H8,44.062600000,RC2_0046_ICR-3_p08
455.111370545,499.173960630,44.062590085,Other,random,C3H8,44.062600000,RC2_0046_ICR-3_p08
481.090531341,525.153121425,44.062590085,Other,random,C3H8,44.062600000,RC2_0046_ICR-3_p08
492.078354730,536.140944815,44.062590085,Other,random,C3H8,44.062600000,RC2_0046_ICR-3_p08
621.073243528,665.135833613,44.062590085,Other,random,C3H8,44.062600000,RC2_0046_ICR-3_p08
385.069431666,429.132022751,44.062591085,Other,random,C3H8,44.062600000,RC2_0046_ICR-3_p08
415.079877360,459.142468445,44.062591085,Other,random,C3H8,44.062600000,RC2_0046_ICR-3_p08
247.061230102,291.123821187,44.062591085,Other,random,C3H8,44.062600000,RC2_0046_ICR-3_p08
357.025128631,401.087719716,44.062591085,Other,random,C3H8,44.062600000,RC2_0046_ICR-3_p08
312.108778168,356.171370253,44.062592085,Other,random,C3H8,44.062600000,RC2_0046_ICR-3_p08
339.139191504,383.201783589,44.062592085,Other,random,C3H8,44.062600000,RC2_0046_ICR-3_p08
523.137606975,567.200199060,44.062592085,Other,random,C3H8,44.062600000,RC2_0046_ICR-3_p08
434.072684792,478.135276877,44.062592085,Other,random,C3H8,44.062600000,RC2_0046_ICR-3_p08
465.132110037,509.194702122,44.062592085,Other,random,C3H8,44.062600000,RC2_0046_ICR-3_p08
325.105822034,369.168415119,44.062593085,Other,random,C3H8,44.062600000,RC2_0046_ICR-3_p08
369.025093727,413.087686811,44.062593085,Other,random,C3H8,44.062600000,RC2_0046_ICR-3_p08
464.091401452,508.153994536,44.062593085,Other,random,C3H8,44.062600000,RC2_0046_ICR-3_p08
519.091077141,563.153670226,44.062593085,Other,random,C3H8,44.062600000,RC2_0046_ICR-3_p08
417.046213019,461.108806104,44.062593085,Other,random,C3H8,44.062600000,RC2_0046_ICR-3_p08
511.145584846,555.208177931,44.062593085,Other,random,C3H8,44.062600000,RC2_0046_ICR-3_p08
297.110920789,341.173514874,44.062594085,Other,random,C3H8,44.062600000,RC2_0046_ICR-3_p08
383.061812182,427.124406267,44.062594085,Other,random,C3H8,44.062600000,RC2_0046_ICR-3_p08
333.074532230,377.137127315,44.062595085,Other,random,C3H8,44.062600000,RC2_0046_ICR-3_p08
367.152707669,411.215302754,44.062595085,Other,random,C3H8,44.062600000,RC2_0046_ICR-3_p08
401.035849936,445.098445020,44.062595085,Other,random,C3H8,44.062600000,RC2_0046_ICR-3_p08
402.046572648,446.109167733,44.062595085,Other,random,C3H8,44.062600000,RC2_0046_ICR-3_p08
419.220378796,463.282973881,44.062595085,Other,random,C3H8,44.062600000,RC2_0046_ICR-3_p08
457.207825652,501.270420737,44.062595085,Other,random,C3H8,44.062600000,RC2_0046_ICR-3_p08
521.179520282,565.242115366,44.062595085,Other,random,C3H8,44.062600000,RC2_0046_ICR-3_p08
355.116234729,399.178830813,44.062596085,Other,random,C3H8,44.062600000,RC2_0046_ICR-3_p08
307.082219491,351.144815575,44.062596085,Other,random,C3H8,44.062600000,RC2_0046_ICR-3_p08
313.201958531,357.264554615,44.062596085,Other,random,C3H8,44.062600000,RC2_0046_ICR-3_p08
329.124093988,373.186690073,44.062596085,Other,random,C3H8,44.062600000,RC2_0046_ICR-3_p08
389.118303490,433.180899575,44.062596085,Other,random,C3H8,44.062600000,RC2_0046_ICR-3_p08
419.056244492,463.118840577,44.062596085,Other,random,C3H8,44.062600000,RC2_0046_ICR-3_p08
239.056148060,283.118744145,44.062596085,Other,random,C3H8,44.062600000,RC2_0046_ICR-3_p08
517.165832308,561.228428392,44.062596085,Other,random,C3H8,44.062600000,RC2_0046_ICR-3_p08
568.131055111,612.193651196,44.062596085,Other,random,C3H8,44.062600000,RC2_0046_ICR-3_p08
309.061506094,353.124102179,44.062596085,Other,random,C3H8,44.062600000,RC2_0046_ICR-3_p08
425.173575543,469.236171627,44.062596085,Other,random,C3H8,44.062600000,RC2_0046_ICR-3_p08
505.184444133,549.247040218,44.062596085,Other,random,C3H8,44.062600000,RC2_0046_ICR-3_p08
473.158241990,517.220839074,44.062597085,Other,random,C3H8,44.062600000,RC2_0046_ICR-3_p08
511.137589880,555.200186965,44.062597085,Other,random,C3H8,44.062600000,RC2_0046_ICR-3_p08
419.165446029,463.228043114,44.062597085,Other,random,C3H8,44.062600000,RC2_0046_ICR-3_p08
463.101052653,507.163649737,44.062597085,Other,random,C3H8,44.062600000,RC2_0046_ICR-3_p08
537.197533332,581.260130417,44.062597085,Other,random,C3H8,44.062600000,RC2_0046_ICR-3_p08
621.218999910,665.281596995,44.062597085,Other,random,C3H8,44.062600000,RC2_0046_ICR-3_p08
359.004253235,403.066851320,44.062598085,Other,random,C3H8,44.062600000,RC2_0046_ICR-3_p08
389.100660565,433.163258650,44.062598085,Other,random,C3H8,44.062600000,RC2_0046_ICR-3_p08
397.077311728,441.139909813,44.062598085,Other,random,C3H8,44.062600000,RC2_0046_ICR-3_p08
453.153074852,497.215672937,44.062598085,Other,random,C3H8,44.062600000,RC2_0046_ICR-3_p08
551.067900494,595.130498579,44.062598085,Other,random,C3H8,44.062600000,RC2_0046_ICR-3_p08
319.058846685,363.121444770,44.062598085,Other,random,C3H8,44.062600000,RC2_0046_ICR-3_p08
499.124478840,543.187076925,44.062598085,Other,random,C3H8,44.062600000,RC2_0046_ICR-3_p08
347.004343139,391.066942224,44.062599085,Other,random,C3H8,44.062600000,RC2_0046_ICR-3_p08
445.171375711,489.233974796,44.062599085,Other,random,C3H8,44.062600000,RC2_0046_ICR-3_p08
633.219059005,677.281658090,44.062599085,Other,random,C3H8,44.062600000,RC2_0046_ICR-3_p08
221.045627461,265.108226546,44.062599085,Other,random,C3H8,44.062600000,RC2_0046_ICR-3_p08
318.025419069,362.088018154,44.062599085,Other,random,C3H8,44.062600000,RC2_0046_ICR-3_p08
417.059170964,461.121770049,44.062599085,Other,random,C3H8,44.062600000,RC2_0046_ICR-3_p08
451.015338921,495.077938005,44.062599085,Other,random,C3H8,44.062600000,RC2_0046_ICR-3_p08
517.098707592,561.161306677,44.062599085,Other,random,C3H8,44.062600000,RC2_0046_ICR-3_p08
547.122388231,591.184987316,44.062599085,Other,random,C3H8,44.062600000,RC2_0046_ICR-3_p08
419.038452568,463.101052653,44.062600085,Other,random,C3H8,44.062600000,RC2_0046_ICR-3_p08
389.087667620,433.150267705,44.062600085,Other,random,C3H8,44.062600000,RC2_0046_ICR-3_p08
488.046975831,532.109575916,44.062600085,Other,random,C3H8,44.062600000,RC2_0046_ICR-3_p08
517.111742537,561.174342622,44.062600085,Other,random,C3H8,44.062600000,RC2_0046_ICR-3_p08
381.168273215,425.230873299,44.062600085,Other,random,C3H8,44.062600000,RC2_0046_ICR-3_p08
559.036598690,603.099199775,44.062601085,Other,random,C3H8,44.062600000,RC2_0046_ICR-3_p08
565.047100194,609.109701278,44.062601085,Other,random,C3H8,44.062600000,RC2_0046_ICR-3_p08
377.087562525,421.150163610,44.062601085,Other,random,C3H8,44.062600000,RC2_0046_ICR-3_p08
456.086114410,500.148715495,44.062601085,Other,random,C3H8,44.062600000,RC2_0046_ICR-3_p08
370.049436381,414.112037466,44.062601085,Other,random,C3H8,44.062600000,RC2_0046_ICR-3_p08
455.129027470,499.191629555,44.062602085,Other,random,C3H8,44.062600000,RC2_0046_ICR-3_p08
607.166828520,651.229430605,44.062602085,Other,random,C3H8,44.062600000,RC2_0046_ICR-3_p08
365.087635429,409.150237514,44.062602085,Other,random,C3H8,44.062600000,RC2_0046_ICR-3_p08
381.131987369,425.194589453,44.062602085,Other,random,C3H8,44.062600000,RC2_0046_ICR-3_p08
567.078289577,611.140891662,44.062602085,Other,random,C3H8,44.062600000,RC2_0046_ICR-3_p08
331.103303592,375.165906677,44.062603085,Other,random,C3H8,44.062600000,RC2_0046_ICR-3_p08
349.056393435,393.118996519,44.062603085,Other,random,C3H8,44.062600000,RC2_0046_ICR-3_p08
467.205157243,511.267760328,44.062603085,Other,random,C3H8,44.062600000,RC2_0046_ICR-3_p08
513.153287329,557.215890414,44.062603085,Other,random,C3H8,44.062600000,RC2_0046_ICR-3_p08
375.108332921,419.170937006,44.062604085,Other,random,C3H8,44.062600000,RC2_0046_ICR-3_p08
443.092520530,487.155124614,44.062604085,Other,random,C3H8,44.062600000,RC2_0046_ICR-3_p08
313.165520685,357.228124770,44.062604085,Other,random,C3H8,44.062600000,RC2_0046_ICR-3_p08
329.152296869,373.214900953,44.062604085,Other,random,C3H8,44.062600000,RC2_0046_ICR-3_p08
521.129966492,565.192570576,44.062604085,Other,random,C3H8,44.062600000,RC2_0046_ICR-3_p08
315.054332673,359.116937757,44.062605085,Other,random,C3H8,44.062600000,RC2_0046_ICR-3_p08
437.137129793,481.199734877,44.062605085,Other,random,C3H8,44.062600000,RC2_0046_ICR-3_p08
308.041080423,352.103685508,44.062605085,Other,random,C3H8,44.062600000,RC2_0046_ICR-3_p08
405.059221868,449.121826953,44.062605085,Other,random,C3H8,44.062600000,RC2_0046_ICR-3_p08
555.114373329,599.176978413,44.062605085,Other,random,C3H8,44.062600000,RC2_0046_ICR-3_p08
313.084682028,357.147287113,44.062605085,Other,random,C3H8,44.062600000,RC2_0046_ICR-3_p08
361.142055167,405.204660251,44.062605085,Other,random,C3H8,44.062600000,RC2_0046_ICR-3_p08
315.063982632,359.126588716,44.062606085,Other,random,C3H8,44.062600000,RC2_0046_ICR-3_p08
347.126509621,391.189115706,44.062606085,Other,random,C3H8,44.062600000,RC2_0046_ICR-3_p08
350.051620213,394.114226298,44.062606085,Other,random,C3H8,44.062600000,RC2_0046_ICR-3_p08
327.050797783,371.113403868,44.062606085,Other,random,C3H8,44.062600000,RC2_0046_ICR-3_p08
371.025299242,415.087905326,44.062606085,Other,random,C3H8,44.062600000,RC2_0046_ICR-3_p08
446.072805887,490.135411972,44.062606085,Other,random,C3H8,44.062600000,RC2_0046_ICR-3_p08
551.140640185,595.203246270,44.062606085,Other,random,C3H8,44.062600000,RC2_0046_ICR-3_p08
667.079090370,711.141696454,44.062606085,Other,random,C3H8,44.062600000,RC2_0046_ICR-3_p08
375.056657140,419.119263225,44.062606085,Other,random,C3H8,44.062600000,RC2_0046_ICR-3_p08
365.082103453,409.144710538,44.062607085,Other,random,C3H8,44.062600000,RC2_0046_ICR-3_p08
401.137065506,445.199672591,44.062607085,Other,random,C3H8,44.062600000,RC2_0046_ICR-3_p08
427.051574576,471.114181661,44.062607085,Other,random,C3H8,44.062600000,RC2_0046_ICR-3_p08
503.192178585,547.254785669,44.062607085,Other,random,C3H8,44.062600000,RC2_0046_ICR-3_p08
511.036489309,555.099096393,44.062607085,Other,random,C3H8,44.062600000,RC2_0046_ICR-3_p08
261.097959558,305.160566642,44.062607085,Other,random,C3H8,44.062600000,RC2_0046_ICR-3_p08
515.113602013,559.176209098,44.062607085,Other,random,C3H8,44.062600000,RC2_0046_ICR-3_p08
425.064328006,469.126936091,44.062608085,Other,random,C3H8,44.062600000,RC2_0046_ICR-3_p08
529.228758136,573.291366221,44.062608085,Other,random,C3H8,44.062600000,RC2_0046_ICR-3_p08
455.147662391,499.210270476,44.062608085,Other,random,C3H8,44.062600000,RC2_0046_ICR-3_p08
335.162930371,379.225538456,44.062608085,Other,random,C3H8,44.062600000,RC2_0046_ICR-3_p08
391.079905169,435.142513254,44.062608085,Other,random,C3H8,44.062600000,RC2_0046_ICR-3_p08
399.071957267,443.134565351,44.062608085,Other,random,C3H8,44.062600000,RC2_0046_ICR-3_p08
439.197172054,483.259780139,44.062608085,Other,random,C3H8,44.062600000,RC2_0046_ICR-3_p08
315.181166135,359.243775219,44.062609085,Other,random,C3H8,44.062600000,RC2_0046_ICR-3_p08
401.027843970,445.090453054,44.062609085,Other,random,C3H8,44.062600000,RC2_0046_ICR-3_p08
411.056790426,455.119399511,44.062609085,Other,random,C3H8,44.062600000,RC2_0046_ICR-3_p08
473.049133453,517.111742537,44.062609085,Other,random,C3H8,44.062600000,RC2_0046_ICR-3_p08
429.113317830,473.175926915,44.062609085,Other,random,C3H8,44.062600000,RC2_0046_ICR-3_p08
361.056363530,405.155339461,44.098975930,Other,random,C4H12O_1,44.098985000,RC2_0046_ICR-3_p08
239.092551906,283.191527836,44.098975930,Other,random,C4H12O_1,44.098985000,RC2_0046_ICR-3_p08
405.131978560,449.230954490,44.098975930,Other,random,C4H12O_1,44.098985000,RC2_0046_ICR-3_p08
469.025924519,513.124900450,44.098975930,Other,random,C4H12O_1,44.098985000,RC2_0046_ICR-3_p08
571.057740696,615.156716627,44.098975930,Other,random,C4H12O_1,44.098985000,RC2_0046_ICR-3_p08
399.092986177,443.191963108,44.098976930,Other,random,C4H12O_1,44.098985000,RC2_0046_ICR-3_p08
433.071809038,477.170785968,44.098976930,Other,random,C4H12O_1,44.098985000,RC2_0046_ICR-3_p08
288.998929201,333.097906131,44.098976930,Other,random,C4H12O_1,44.098985000,RC2_0046_ICR-3_p08
309.055853118,353.154830049,44.098976930,Other,random,C4H12O_1,44.098985000,RC2_0046_ICR-3_p08
391.061341248,435.160318178,44.098976930,Other,random,C4H12O_1,44.098985000,RC2_0046_ICR-3_p08
403.043582419,447.142559349,44.098976930,Other,random,C4H12O_1,44.098985000,RC2_0046_ICR-3_p08
631.094349018,675.193325949,44.098976930,Other,random,C4H12O_1,44.098985000,RC2_0046_ICR-3_p08
365.118427299,409.217405229,44.098977930,Other,random,C4H12O_1,44.098985000,RC2_0046_ICR-3_p08
675.193325949,719.292303879,44.098977930,Other,random,C4H12O_1,44.098985000,RC2_0046_ICR-3_p08
293.043288044,337.142265975,44.098977930,Other,random,C4H12O_1,44.098985000,RC2_0046_ICR-3_p08
539.083056334,583.182034264,44.098977930,Other,random,C4H12O_1,44.098985000,RC2_0046_ICR-3_p08
555.041691637,599.140669567,44.098977930,Other,random,C4H12O_1,44.098985000,RC2_0046_ICR-3_p08
419.092519339,463.191497269,44.098977930,Other,random,C4H12O_1,44.098985000,RC2_0046_ICR-3_p08
621.182619064,665.281596995,44.098977930,Other,random,C4H12O_1,44.098985000,RC2_0046_ICR-3_p08
425.108641818,469.207620748,44.098978930,Other,random,C4H12O_1,44.098985000,RC2_0046_ICR-3_p08
459.178979290,503.277958221,44.098978930,Other,random,C4H12O_1,44.098985000,RC2_0046_ICR-3_p08
467.132325552,511.231304482,44.098978930,Other,random,C4H12O_1,44.098985000,RC2_0046_ICR-3_p08
583.072772728,627.171751658,44.098978930,Other,random,C4H12O_1,44.098985000,RC2_0046_ICR-3_p08
292.046339274,336.145318204,44.098978930,Other,random,C4H12O_1,44.098985000,RC2_0046_ICR-3_p08
633.110193467,677.209172398,44.098978930,Other,random,C4H12O_1,44.098985000,RC2_0046_ICR-3_p08
695.219409997,739.318388928,44.098978930,Other,random,C4H12O_1,44.098985000,RC2_0046_ICR-3_p08
337.019969494,381.118949424,44.098979930,Other,random,C4H12O_1,44.098985000,RC2_0046_ICR-3_p08
441.176386658,485.275366588,44.098979930,Other,random,C4H12O_1,44.098985000,RC2_0046_ICR-3_p08
537.197533332,581.296513263,44.098979930,Other,random,C4H12O_1,44.098985000,RC2_0046_ICR-3_p08
271.061262293,315.160242223,44.098979930,Other,random,C4H12O_1,44.098985000,RC2_0046_ICR-3_p08
446.036432041,490.135411972,44.098979930,Other,random,C4H12O_1,44.098985000,RC2_0046_ICR-3_p08
287.113623198,331.212604129,44.098980930,Other,random,C4H12O_1,44.098985000,RC2_0046_ICR-3_p08
497.238969838,541.337950769,44.098980930,Other,random,C4H12O_1,44.098985000,RC2_0046_ICR-3_p08
353.124102179,397.223083110,44.098980930,Other,random,C4H12O_1,44.098985000,RC2_0046_ICR-3_p08
303.108454348,347.207435278,44.098980930,Other,random,C4H12O_1,44.098985000,RC2_0046_ICR-3_p08
485.239013743,529.337994673,44.098980930,Other,random,C4H12O_1,44.098985000,RC2_0046_ICR-3_p08
411.093011273,455.191993203,44.098981930,Other,random,C4H12O_1,44.098985000,RC2_0046_ICR-3_p08
309.025120249,353.124102179,44.098981930,Other,random,C4H12O_1,44.098985000,RC2_0046_ICR-3_p08
373.105781416,417.204763347,44.098981930,Other,random,C4H12O_1,44.098985000,RC2_0046_ICR-3_p08
549.161221582,593.260203512,44.098981930,Other,random,C4H12O_1,44.098985000,RC2_0046_ICR-3_p08
315.014563841,359.113546772,44.098982930,Other,random,C4H12O_1,44.098985000,RC2_0046_ICR-3_p08
351.072037884,395.171020815,44.098982930,Other,random,C4H12O_1,44.098985000,RC2_0046_ICR-3_p08
427.080056455,471.179039386,44.098982930,Other,random,C4H12O_1,44.098985000,RC2_0046_ICR-3_p08
431.155737166,475.254720096,44.098982930,Other,random,C4H12O_1,44.098985000,RC2_0046_ICR-3_p08
515.155850834,559.254833765,44.098982930,Other,random,C4H12O_1,44.098985000,RC2_0046_ICR-3_p08
369.095614427,413.194597358,44.098982930,Other,random,C4H12O_1,44.098985000,RC2_0046_ICR-3_p08
435.142513254,479.241497184,44.098983930,Other,random,C4H12O_1,44.098985000,RC2_0046_ICR-3_p08
413.014801121,457.113785051,44.098983930,Other,random,C4H12O_1,44.098985000,RC2_0046_ICR-3_p08
339.084977734,383.183962664,44.098984930,Other,random,C4H12O_1,44.098985000,RC2_0046_ICR-3_p08
343.030503997,387.129488927,44.098984930,Other,random,C4H12O_1,44.098985000,RC2_0046_ICR-3_p08
559.145736227,603.244721158,44.098984930,Other,random,C4H12O_1,44.098985000,RC2_0046_ICR-3_p08
319.058846685,363.157831616,44.098984930,Other,random,C4H12O_1,44.098985000,RC2_0046_ICR-3_p08
703.152016347,747.251001277,44.098984930,Other,random,C4H12O_1,44.098985000,RC2_0046_ICR-3_p08
331.131668472,375.230654402,44.098985930,Other,random,C4H12O_1,44.098985000,RC2_0046_ICR-3_p08
417.082480865,461.181466796,44.098985930,Other,random,C4H12O_1,44.098985000,RC2_0046_ICR-3_p08
485.093422360,529.192408291,44.098985930,Other,random,C4H12O_1,44.098985000,RC2_0046_ICR-3_p08
503.010230356,547.109216287,44.098985930,Other,random,C4H12O_1,44.098985000,RC2_0046_ICR-3_p08
677.136289707,721.235275637,44.098985930,Other,random,C4H12O_1,44.098985000,RC2_0046_ICR-3_p08
443.061682660,487.160668591,44.098985930,Other,random,C4H12O_1,44.098985000,RC2_0046_ICR-3_p08
405.204660251,449.303647182,44.098986930,Other,random,C4H12O_1,44.098985000,RC2_0046_ICR-3_p08
247.061230102,291.160217032,44.098986930,Other,random,C4H12O_1,44.098985000,RC2_0046_ICR-3_p08
283.024814543,327.123801474,44.098986930,Other,random,C4H12O_1,44.098985000,RC2_0046_ICR-3_p08
391.189115706,435.288102636,44.098986930,Other,random,C4H12O_1,44.098985000,RC2_0046_ICR-3_p08
477.030979561,521.129966492,44.098986930,Other,random,C4H12O_1,44.098985000,RC2_0046_ICR-3_p08
507.078000101,551.176987031,44.098986930,Other,random,C4H12O_1,44.098985000,RC2_0046_ICR-3_p08
507.114264947,551.213251877,44.098986930,Other,random,C4H12O_1,44.098985000,RC2_0046_ICR-3_p08
485.166323051,529.265309981,44.098986930,Other,random,C4H12O_1,44.098985000,RC2_0046_ICR-3_p08
527.083035239,571.182023169,44.098987930,Other,random,C4H12O_1,44.098985000,RC2_0046_ICR-3_p08
581.093905122,625.192893053,44.098987930,Other,random,C4H12O_1,44.098985000,RC2_0046_ICR-3_p08
635.162207762,679.261195693,44.098987930,Other,random,C4H12O_1,44.098985000,RC2_0046_ICR-3_p08
621.146273219,665.245262149,44.098988930,Other,random,C4H12O_1,44.098985000,RC2_0046_ICR-3_p08
555.281046622,599.380035552,44.098988930,Other,random,C4H12O_1,44.098985000,RC2_0046_ICR-3_p08
385.077519632,429.176508562,44.098988930,Other,random,C4H12O_1,44.098985000,RC2_0046_ICR-3_p08
413.100708756,457.199697686,44.098988930,Other,random,C4H12O_1,44.098985000,RC2_0046_ICR-3_p08
411.165941963,455.264931894,44.098989930,Other,random,C4H12O_1,44.098985000,RC2_0046_ICR-3_p08
355.058749972,399.157739903,44.098989930,Other,random,C4H12O_1,44.098985000,RC2_0046_ICR-3_p08
366.082980207,410.181972137,44.098991930,Other,random,C4H12O_1,44.098985000,RC2_0046_ICR-3_p08
373.041077691,417.140069621,44.098991930,Other,random,C4H12O_1,44.098985000,RC2_0046_ICR-3_p08
403.152739956,447.251731886,44.098991930,Other,random,C4H12O_1,44.098985000,RC2_0046_ICR-3_p08
451.124403458,495.223395388,44.098991930,Other,random,C4H12O_1,44.098985000,RC2_0046_ICR-3_p08
457.163258841,501.262250771,44.098991930,Other,random,C4H12O_1,44.098985000,RC2_0046_ICR-3_p08
565.047100194,609.146093124,44.098992930,Other,random,C4H12O_1,44.098985000,RC2_0046_ICR-3_p08
473.093450265,517.192443195,44.098992930,Other,random,C4H12O_1,44.098985000,RC2_0046_ICR-3_p08
355.030544092,399.129537022,44.098992930,Other,random,C4H12O_1,44.098985000,RC2_0046_ICR-3_p08
359.126588716,403.225581647,44.098992930,Other,random,C4H12O_1,44.098985000,RC2_0046_ICR-3_p08
413.064265911,457.163258841,44.098992930,Other,random,C4H12O_1,44.098985000,RC2_0046_ICR-3_p08
463.087943708,507.186936639,44.098992930,Other,random,C4H12O_1,44.098985000,RC2_0046_ICR-3_p08
477.116683198,521.215676128,44.098992930,Other,random,C4H12O_1,44.098985000,RC2_0046_ICR-3_p08
505.111834441,549.210827372,44.098992930,Other,random,C4H12O_1,44.098985000,RC2_0046_ICR-3_p08
507.186936639,551.285930569,44.098993930,Other,random,C4H12O_1,44.098985000,RC2_0046_ICR-3_p08
453.139975908,497.238969838,44.098993930,Other,random,C4H12O_1,44.098985000,RC2_0046_ICR-3_p08
547.182171977,591.281166908,44.098994930,Other,random,C4H12O_1,44.098985000,RC2_0046_ICR-3_p08
315.072085597,359.171080528,44.098994930,Other,random,C4H12O_1,44.098985000,RC2_0046_ICR-3_p08
371.061836087,415.160831017,44.098994930,Other,random,C4H12O_1,44.098985000,RC2_0046_ICR-3_p08
425.181585509,469.280580439,44.098994930,Other,random,C4H12O_1,44.098985000,RC2_0046_ICR-3_p08
439.116315397,483.215310327,44.098994930,Other,random,C4H12O_1,44.098985000,RC2_0046_ICR-3_p08
463.051510863,507.150505793,44.098994930,Other,random,C4H12O_1,44.098985000,RC2_0046_ICR-3_p08
333.110888076,377.209883006,44.098994930,Other,random,C4H12O_1,44.098985000,RC2_0046_ICR-3_p08
435.056770618,479.155765548,44.098994930,Other,random,C4H12O_1,44.098985000,RC2_0046_ICR-3_p08
237.113281302,282.098350473,44.985069172,Other,random,H_1N1O2,44.985079000,RC2_0046_ICR-3_p08
229.144602105,274.129673277,44.985071172,Other,random,H_1N1O2,44.985079000,RC2_0046_ICR-3_p08
319.154973278,364.140045449,44.985072172,Other,random,H_1N1O2,44.985079000,RC2_0046_ICR-3_p08
407.184092855,452.169165026,44.985072172,Other,random,H_1N1O2,44.985079000,RC2_0046_ICR-3_p08
463.124446553,508.109518725,44.985072172,Other,random,H_1N1O2,44.985079000,RC2_0046_ICR-3_p08
361.165578067,406.150651239,44.985073172,Other,random,H_1N1O2,44.985079000,RC2_0046_ICR-3_p08
233.081975403,278.067049574,44.985074172,Other,random,H_1N1O2,44.985079000,RC2_0046_ICR-3_p08
349.129151126,394.114226298,44.985075172,Other,random,H_1N1O2,44.985079000,RC2_0046_ICR-3_p08
443.264883798,488.249958970,44.985075172,Other,random,H_1N1O2,44.985079000,RC2_0046_ICR-3_p08
307.118609336,352.103685508,44.985076172,Other,random,H_1N1O2,44.985079000,RC2_0046_ICR-3_p08
301.121166778,346.106242949,44.985076172,Other,random,H_1N1O2,44.985079000,RC2_0046_ICR-3_p08
331.118651527,376.103728699,44.985077172,Other,random,H_1N1O2,44.985079000,RC2_0046_ICR-3_p08
303.100446382,348.085523553,44.985077172,Other,random,H_1N1O2,44.985079000,RC2_0046_ICR-3_p08
395.184015759,440.169092931,44.985077172,Other,random,H_1N1O2,44.985079000,RC2_0046_ICR-3_p08
309.061506094,354.046584266,44.985078172,Other,random,H_1N1O2,44.985079000,RC2_0046_ICR-3_p08
433.113845860,478.098924031,44.985078172,Other,random,H_1N1O2,44.985079000,RC2_0046_ICR-3_p08
343.118588623,388.103666795,44.985078172,Other,random,H_1N1O2,44.985079000,RC2_0046_ICR-3_p08
259.082346108,304.067424280,44.985078172,Other,random,H_1N1O2,44.985079000,RC2_0046_ICR-3_p08
317.102938982,362.088018154,44.985079172,Other,random,H_1N1O2,44.985079000,RC2_0046_ICR-3_p08
457.077532205,502.062612376,44.985080172,Other,random,H_1N1O2,44.985079000,RC2_0046_ICR-3_p08
467.082842762,512.067923933,44.985081172,Other,random,H_1N1O2,44.985079000,RC2_0046_ICR-3_p08
385.223013014,430.208094186,44.985081172,Other,random,H_1N1O2,44.985079000,RC2_0046_ICR-3_p08
269.066630754,314.051712926,44.985082172,Other,random,H_1N1O2,44.985079000,RC2_0046_ICR-3_p08
313.084682028,358.069765200,44.985083172,Other,random,H_1N1O2,44.985079000,RC2_0046_ICR-3_p08
261.076864647,306.061948819,44.985084172,Other,random,H_1N1O2,44.985079000,RC2_0046_ICR-3_p08
335.126495526,380.111579697,44.985084172,Other,random,H_1N1O2,44.985079000,RC2_0046_ICR-3_p08
381.131987369,426.117072540,44.985085171,Other,random,H_1N1O2,44.985079000,RC2_0046_ICR-3_p08
401.087719716,446.072805887,44.985086171,Other,random,H_1N1O2,44.985079000,RC2_0046_ICR-3_p08
333.061454286,378.046540457,44.985086171,Other,random,H_1N1O2,44.985079000,RC2_0046_ICR-3_p08
435.178948099,480.164035271,44.985087171,Other,random,H_1N1O2,44.985079000,RC2_0046_ICR-3_p08
507.236568428,552.221656600,44.985088171,Other,random,H_1N1O2,44.985079000,RC2_0046_ICR-3_p08
277.035415950,322.033080069,44.997664118,Other,random,CHO2,44.997654320,RC2_0046_ICR-3_p08
378.241445630,423.251666695,45.010221065,Other,random,C2H3N_1O2,45.010231000,RC2_0046_ICR-3_p08
304.046170370,349.056393435,45.010223065,Other,random,C2H3N_1O2,45.010231000,RC2_0046_ICR-3_p08
362.088018154,407.098242219,45.010224065,Other,random,C2H3N_1O2,45.010231000,RC2_0046_ICR-3_p08
340.140044258,385.150269323,45.010225065,Other,random,C2H3N_1O2,45.010231000,RC2_0046_ICR-3_p08
352.030893817,397.041121882,45.010228065,Other,random,C2H3N_1O2,45.010231000,RC2_0046_ICR-3_p08
530.057462621,575.067690686,45.010228065,Other,random,C2H3N_1O2,45.010231000,RC2_0046_ICR-3_p08
476.156185272,521.166413337,45.010228065,Other,random,C2H3N_1O2,45.010231000,RC2_0046_ICR-3_p08
304.009768524,349.019999589,45.010231065,Other,random,C2H3N_1O2,45.010231000,RC2_0046_ICR-3_p08
308.041080423,353.051312488,45.010232065,Other,random,C2H3N_1O2,45.010231000,RC2_0046_ICR-3_p08
436.124782087,481.135014152,45.010232065,Other,random,C2H3N_1O2,45.010231000,RC2_0046_ICR-3_p08
276.051284125,321.061516190,45.010232065,Other,random,C2H3N_1O2,45.010231000,RC2_0046_ICR-3_p08
488.119696523,533.129930587,45.010234065,Other,random,C2H3N_1O2,45.010231000,RC2_0046_ICR-3_p08
338.124356809,383.134591874,45.010235065,Other,random,C2H3N_1O2,45.010231000,RC2_0046_ICR-3_p08
250.144868021,295.155105086,45.010237065,Other,random,C2H3N_1O2,45.010231000,RC2_0046_ICR-3_p08
446.109167733,491.119404798,45.010237065,Other,random,C2H3N_1O2,45.010231000,RC2_0046_ICR-3_p08
322.093127814,367.103365879,45.010238065,Other,random,C2H3N_1O2,45.010231000,RC2_0046_ICR-3_p08
356.171370253,401.181608317,45.010238065,Other,random,C2H3N_1O2,45.010231000,RC2_0046_ICR-3_p08
250.035671484,295.045910549,45.010239065,Other,random,C2H3N_1O2,45.010231000,RC2_0046_ICR-3_p08
416.111530984,461.121770049,45.010239065,Other,random,C2H3N_1O2,45.010231000,RC2_0046_ICR-3_p08
336.108709359,381.118949424,45.010240065,Other,random,C2H3N_1O2,45.010231000,RC2_0046_ICR-3_p08
480.114690480,525.124930545,45.010240065,Other,random,C2H3N_1O2,45.010231000,RC2_0046_ICR-3_p08
409.126819613,454.148273631,45.021454017,Other,random,CH3NO,45.021464000,RC2_0046_ICR-3_p08
385.056301722,430.077757739,45.021456017,Other,random,CH3NO,45.021464000,RC2_0046_ICR-3_p08
503.082891048,548.104349065,45.021458017,Other,random,CH3NO,45.021464000,RC2_0046_ICR-3_p08
308.077508269,353.098967286,45.021459017,Other,random,CH3NO,45.021464000,RC2_0046_ICR-3_p08
278.067049574,323.088510591,45.021461017,Other,random,CH3NO,45.021464000,RC2_0046_ICR-3_p08
259.118784953,304.140246971,45.021462017,Other,random,CH3NO,45.021464000,RC2_0046_ICR-3_p08
306.061948819,351.083410836,45.021462017,Other,random,CH3NO,45.021464000,RC2_0046_ICR-3_p08
443.228496953,488.249958970,45.021462017,Other,random,CH3NO,45.021464000,RC2_0046_ICR-3_p08
249.040480706,294.061942723,45.021462017,Other,random,CH3NO,45.021464000,RC2_0046_ICR-3_p08
309.025120249,354.046584266,45.021464017,Other,random,CH3NO,45.021464000,RC2_0046_ICR-3_p08
371.090066967,416.111530984,45.021464017,Other,random,CH3NO,45.021464000,RC2_0046_ICR-3_p08
321.061516190,366.082980207,45.021464017,Other,random,CH3NO,45.021464000,RC2_0046_ICR-3_p08
293.030243100,338.051708117,45.021465017,Other,random,CH3NO,45.021464000,RC2_0046_ICR-3_p08
431.098252410,476.119717427,45.021465017,Other,random,CH3NO,45.021464000,RC2_0046_ICR-3_p08
347.004343139,392.025809157,45.021466017,Other,random,CH3NO,45.021464000,RC2_0046_ICR-3_p08
307.082219491,352.103685508,45.021466017,Other,random,CH3NO,45.021464000,RC2_0046_ICR-3_p08
403.139707011,448.161174028,45.021467017,Other,random,CH3NO,45.021464000,RC2_0046_ICR-3_p08
443.098228505,488.119696523,45.021468017,Other,random,CH3NO,45.021464000,RC2_0046_ICR-3_p08
305.102952887,350.124420904,45.021468017,Other,random,CH3NO,45.021464000,RC2_0046_ICR-3_p08
459.056737809,504.078205826,45.021468017,Other,random,CH3NO,45.021464000,RC2_0046_ICR-3_p08
239.019772214,284.041241231,45.021469017,Other,random,CH3NO,45.021464000,RC2_0046_ICR-3_p08
233.066774467,278.088244484,45.021470017,Other,random,CH3NO,45.021464000,RC2_0046_ICR-3_p08
503.155878739,548.177348756,45.021470017,Other,random,CH3NO,45.021464000,RC2_0046_ICR-3_p08
309.134218786,354.155689803,45.021471017,Other,random,CH3NO,45.021464000,RC2_0046_ICR-3_p08
264.051337029,309.072809047,45.021472017,Other,random,CH3NO,45.021464000,RC2_0046_ICR-3_p08
361.056363530,406.077836547,45.021473017,Other,random,CH3NO,45.021464000,RC2_0046_ICR-3_p08
339.084977734,384.142817597,45.057839863,Other,random,C2H7N1,45.057849000,RC2_0046_ICR-3_p08
391.066942224,436.124782087,45.057839863,Other,random,C2H7N1,45.057849000,RC2_0046_ICR-3_p08
288.998929201,334.056770064,45.057840863,Other,random,C2H7N1,45.057849000,RC2_0046_ICR-3_p08
309.097848940,354.155689803,45.057840863,Other,random,C2H7N1,45.057849000,RC2_0046_ICR-3_p08
363.035585134,408.093426997,45.057841863,Other,random,C2H7N1,45.057849000,RC2_0046_ICR-3_p08
317.043276236,362.101120098,45.057843863,Other,random,C2H7N1,45.057849000,RC2_0046_ICR-3_p08
305.066572041,350.124420904,45.057848863,Other,random,C2H7N1,45.057849000,RC2_0046_ICR-3_p08
485.072211450,530.130061313,45.057849863,Other,random,C2H7N1,45.057849000,RC2_0046_ICR-3_p08
301.048392086,346.106242949,45.057850863,Other,random,C2H7N1,45.057849000,RC2_0046_ICR-3_p08
357.037938577,402.095790439,45.057851863,Other,random,C2H7N1,45.057849000,RC2_0046_ICR-3_p08
280.046339178,325.104197041,45.057857863,Other,random,C2H7N1,45.057849000,RC2_0046_ICR-3_p08
429.059373059,474.117230922,45.057857863,Other,random,C2H7N1,45.057849000,RC2_0046_ICR-3_p08
299.019651692,344.077510555,45.057858863,Other,random,C2H7N1,45.057849000,RC2_0046_ICR-3_p08
421.150163610,466.208022473,45.057858863,Other,random,C2H7N1,45.057849000,RC2_0046_ICR-3_p08
483.041375065,528.099233928,45.057858863,Other,random,C2H7N1,45.057849000,RC2_0046_ICR-3_p08
339.181183326,385.150269323,45.969085997,Other,random,H_2O3,45.969095000,RC2_0046_ICR-3_p08
475.088059803,521.057145801,45.969085997,Other,random,H_2O3,45.969095000,RC2_0046_ICR-3_p08
278.103313420,324.072399418,45.969085997,Other,random,H_2O3,45.969095000,RC2_0046_ICR-3_p08
455.155676357,501.124762355,45.969085997,Other,random,H_2O3,45.969095000,RC2_0046_ICR-3_p08
483.223322293,529.192408291,45.969085997,Other,random,H_2O3,45.969095000,RC2_0046_ICR-3_p08
233.081975403,279.051061400,45.969085997,Other,random,H_2O3,45.969095000,RC2_0046_ICR-3_p08
397.077311728,443.046397725,45.969085997,Other,random,H_2O3,45.969095000,RC2_0046_ICR-3_p08
455.129027470,501.098113468,45.969085997,Other,random,H_2O3,45.969095000,RC2_0046_ICR-3_p08
523.210363667,569.179450664,45.969086997,Other,random,H_2O3,45.969095000,RC2_0046_ICR-3_p08
523.218322633,569.187409630,45.969086997,Other,random,H_2O3,45.969095000,RC2_0046_ICR-3_p08
529.184556324,575.153643321,45.969086997,Other,random,H_2O3,45.969095000,RC2_0046_ICR-3_p08
307.155015182,353.124102179,45.969086997,Other,random,H_2O3,45.969095000,RC2_0046_ICR-3_p08
345.110818172,391.079905169,45.969086997,Other,random,H_2O3,45.969095000,RC2_0046_ICR-3_p08
393.082468674,439.051555672,45.969086997,Other,random,H_2O3,45.969095000,RC2_0046_ICR-3_p08
393.277553847,439.246640844,45.969086997,Other,random,H_2O3,45.969095000,RC2_0046_ICR-3_p08
411.056790426,457.025877424,45.969086997,Other,random,H_2O3,45.969095000,RC2_0046_ICR-3_p08
445.186636646,491.155723644,45.969086997,Other,random,H_2O3,45.969095000,RC2_0046_ICR-3_p08
403.152739956,449.121826953,45.969086997,Other,random,H_2O3,45.969095000,RC2_0046_ICR-3_p08
415.197027863,461.166115861,45.969087997,Other,random,H_2O3,45.969095000,RC2_0046_ICR-3_p08
419.183962951,465.153050948,45.969087997,Other,random,H_2O3,45.969095000,RC2_0046_ICR-3_p08
477.225844735,523.194932732,45.969087997,Other,random,H_2O3,45.969095000,RC2_0046_ICR-3_p08
325.178561725,371.147649723,45.969087997,Other,random,H_2O3,45.969095000,RC2_0046_ICR-3_p08
361.092668376,407.061756374,45.969087997,Other,random,H_2O3,45.969095000,RC2_0046_ICR-3_p08
346.093059005,392.062148003,45.969088997,Other,random,H_2O3,45.969095000,RC2_0046_ICR-3_p08
529.207768225,575.176857223,45.969088997,Other,random,H_2O3,45.969095000,RC2_0046_ICR-3_p08
555.354109312,601.323198309,45.969088997,Other,random,H_2O3,45.969095000,RC2_0046_ICR-3_p08
345.097853227,391.066942224,45.969088997,Other,random,H_2O3,45.969095000,RC2_0046_ICR-3_p08
369.147203209,415.116292206,45.969088997,Other,random,H_2O3,45.969095000,RC2_0046_ICR-3_p08
377.209883006,423.178972004,45.969088997,Other,random,H_2O3,45.969095000,RC2_0046_ICR-3_p08
423.202264905,469.171353902,45.969088997,Other,random,H_2O3,45.969095000,RC2_0046_ICR-3_p08
489.067343503,535.036432500,45.969088997,Other,random,H_2O3,45.969095000,RC2_0046_ICR-3_p08
383.207419565,429.176508562,45.969088997,Other,random,H_2O3,45.969095000,RC2_0046_ICR-3_p08
399.108381112,445.077470109,45.969088997,Other,random,H_2O3,45.969095000,RC2_0046_ICR-3_p08
537.161228486,583.130317484,45.969088997,Other,random,H_2O3,45.969095000,RC2_0046_ICR-3_p08
489.103623349,535.072712346,45.969088997,Other,random,H_2O3,45.969095000,RC2_0046_ICR-3_p08
371.144298737,417.113388734,45.969089997,Other,random,H_2O3,45.969095000,RC2_0046_ICR-3_p08
465.262214485,511.231304482,45.969089997,Other,random,H_2O3,45.969095000,RC2_0046_ICR-3_p08
537.124989640,583.094079638,45.969089997,Other,random,H_2O3,45.969095000,RC2_0046_ICR-3_p08
583.203209175,629.172299172,45.969089997,Other,random,H_2O3,45.969095000,RC2_0046_ICR-3_p08
453.168471787,499.137561784,45.969089997,Other,random,H_2O3,45.969095000,RC2_0046_ICR-3_p08
433.077380014,479.046470012,45.969089997,Other,random,H_2O3,45.969095000,RC2_0046_ICR-3_p08
661.213827250,707.182917248,45.969089997,Other,random,H_2O3,45.969095000,RC2_0046_ICR-3_p08
415.134151130,461.103241127,45.969089997,Other,random,H_2O3,45.969095000,RC2_0046_ICR-3_p08
317.116029927,363.085120924,45.969090997,Other,random,H_2O3,45.969095000,RC2_0046_ICR-3_p08
373.159911187,419.129002184,45.969090997,Other,random,H_2O3,45.969095000,RC2_0046_ICR-3_p08
411.085032307,457.054123304,45.969090997,Other,random,H_2O3,45.969095000,RC2_0046_ICR-3_p08
443.119370416,489.088461413,45.969090997,Other,random,H_2O3,45.969095000,RC2_0046_ICR-3_p08
443.264883798,489.233974796,45.969090997,Other,random,H_2O3,45.969095000,RC2_0046_ICR-3_p08
527.186641799,573.155732796,45.969090997,Other,random,H_2O3,45.969095000,RC2_0046_ICR-3_p08
395.199216695,441.168307692,45.969090997,Other,random,H_2O3,45.969095000,RC2_0046_ICR-3_p08
423.165914059,469.135005056,45.969090997,Other,random,H_2O3,45.969095000,RC2_0046_ICR-3_p08
318.061766915,364.030858912,45.969091997,Other,random,H_2O3,45.969095000,RC2_0046_ICR-3_p08
329.124093988,375.093185986,45.969091997,Other,random,H_2O3,45.969095000,RC2_0046_ICR-3_p08
291.173172978,337.142265975,45.969092997,Other,random,H_2O3,45.969095000,RC2_0046_ICR-3_p08
307.082219491,353.051312488,45.969092997,Other,random,H_2O3,45.969095000,RC2_0046_ICR-3_p08
455.111370545,501.080463543,45.969092997,Other,random,H_2O3,45.969095000,RC2_0046_ICR-3_p08
505.293740670,551.262833667,45.969092997,Other,random,H_2O3,45.969095000,RC2_0046_ICR-3_p08
421.150163610,467.119256607,45.969092997,Other,random,H_2O3,45.969095000,RC2_0046_ICR-3_p08
465.067396311,511.036489309,45.969092997,Other,random,H_2O3,45.969095000,RC2_0046_ICR-3_p08
379.261780302,425.230873299,45.969092997,Other,random,H_2O3,45.969095000,RC2_0046_ICR-3_p08
289.121132682,335.090226680,45.969093997,Other,random,H_2O3,45.969095000,RC2_0046_ICR-3_p08
435.288102636,481.257196634,45.969093997,Other,random,H_2O3,45.969095000,RC2_0046_ICR-3_p08
515.205248625,561.174342622,45.969093997,Other,random,H_2O3,45.969095000,RC2_0046_ICR-3_p08
587.262940953,633.232034950,45.969093997,Other,random,H_2O3,45.969095000,RC2_0046_ICR-3_p08
347.077150831,393.046244828,45.969093997,Other,random,H_2O3,45.969095000,RC2_0046_ICR-3_p08
355.058749972,401.027843970,45.969093997,Other,random,H_2O3,45.969095000,RC2_0046_ICR-3_p08
365.196847966,411.165941963,45.969093997,Other,random,H_2O3,45.969095000,RC2_0046_ICR-3_p08
343.085438764,389.054532761,45.969093997,Other,random,H_2O3,45.969095000,RC2_0046_ICR-3_p08
419.220378796,465.189472794,45.969093997,Other,random,H_2O3,45.969095000,RC2_0046_ICR-3_p08
315.063982632,361.033077629,45.969094997,Other,random,H_2O3,45.969095000,RC2_0046_ICR-3_p08
305.066572041,351.035667038,45.969094997,Other,random,H_2O3,45.969095000,RC2_0046_ICR-3_p08
318.098298760,364.067393757,45.969094997,Other,random,H_2O3,45.969095000,RC2_0046_ICR-3_p08
361.287779549,407.256874546,45.969094997,Other,random,H_2O3,45.969095000,RC2_0046_ICR-3_p08
521.166413337,567.135508334,45.969094997,Other,random,H_2O3,45.969095000,RC2_0046_ICR-3_p08
336.158171149,382.127266147,45.969094997,Other,random,H_2O3,45.969095000,RC2_0046_ICR-3_p08
323.126518430,369.095614427,45.969095997,Other,random,H_2O3,45.969095000,RC2_0046_ICR-3_p08
344.077510555,390.046606553,45.969095997,Other,random,H_2O3,45.969095000,RC2_0046_ICR-3_p08
347.149900522,393.118996519,45.969095997,Other,random,H_2O3,45.969095000,RC2_0046_ICR-3_p08
479.192074394,525.161170391,45.969095997,Other,random,H_2O3,45.969095000,RC2_0046_ICR-3_p08
451.233505995,497.202602993,45.969096997,Other,random,H_2O3,45.969095000,RC2_0046_ICR-3_p08
531.223449675,577.192546672,45.969096997,Other,random,H_2O3,45.969095000,RC2_0046_ICR-3_p08
373.087147495,419.056244492,45.969096997,Other,random,H_2O3,45.969095000,RC2_0046_ICR-3_p08
451.283161785,497.252258782,45.969096997,Other,random,H_2O3,45.969095000,RC2_0046_ICR-3_p08
365.051172584,411.020269581,45.969096997,Other,random,H_2O3,45.969095000,RC2_0046_ICR-3_p08
385.077519632,431.046616629,45.969096997,Other,random,H_2O3,45.969095000,RC2_0046_ICR-3_p08
427.088076421,473.057173418,45.969096997,Other,random,H_2O3,45.969095000,RC2_0046_ICR-3_p08
459.251686982,505.220783979,45.969096997,Other,random,H_2O3,45.969095000,RC2_0046_ICR-3_p08
509.166310242,555.135407239,45.969096997,Other,random,H_2O3,45.969095000,RC2_0046_ICR-3_p08
557.239250315,603.208347312,45.969096997,Other,random,H_2O3,45.969095000,RC2_0046_ICR-3_p08
433.222976397,479.192074394,45.969097997,Other,random,H_2O3,45.969095000,RC2_0046_ICR-3_p08
643.240148496,689.209246493,45.969097997,Other,random,H_2O3,45.969095000,RC2_0046_ICR-3_p08
389.051174775,435.020272772,45.969097997,Other,random,H_2O3,45.969095000,RC2_0046_ICR-3_p08
447.056625714,493.025723711,45.969097997,Other,random,H_2O3,45.969095000,RC2_0046_ICR-3_p08
377.282567698,423.251666695,45.969098997,Other,random,H_2O3,45.969095000,RC2_0046_ICR-3_p08
297.147313635,343.116412632,45.969098997,Other,random,H_2O3,45.969095000,RC2_0046_ICR-3_p08
327.087299628,373.056398626,45.969098997,Other,random,H_2O3,45.969095000,RC2_0046_ICR-3_p08
471.196733310,517.165832308,45.969098997,Other,random,H_2O3,45.969095000,RC2_0046_ICR-3_p08
501.116766389,547.085865386,45.969098997,Other,random,H_2O3,45.969095000,RC2_0046_ICR-3_p08
453.176467753,499.145566750,45.969098997,Other,random,H_2O3,45.969095000,RC2_0046_ICR-3_p08
425.181585509,471.150686506,45.969100997,Other,random,H_2O3,45.969095000,RC2_0046_ICR-3_p08
375.175522636,421.144623633,45.969100997,Other,random,H_2O3,45.969095000,RC2_0046_ICR-3_p08
387.194157653,433.163258650,45.969100997,Other,random,H_2O3,45.969095000,RC2_0046_ICR-3_p08
407.220360701,453.189461698,45.969100997,Other,random,H_2O3,45.969095000,RC2_0046_ICR-3_p08
461.194548740,507.163649737,45.969100997,Other,random,H_2O3,45.969095000,RC2_0046_ICR-3_p08
288.051259221,334.020361218,45.969101997,Other,random,H_2O3,45.969095000,RC2_0046_ICR-3_p08
395.220362605,441.189464602,45.969101997,Other,random,H_2O3,45.969095000,RC2_0046_ICR-3_p08
423.056822522,469.025924519,45.969101997,Other,random,H_2O3,45.969095000,RC2_0046_ICR-3_p08
435.093034464,481.062136461,45.969101997,Other,random,H_2O3,45.969095000,RC2_0046_ICR-3_p08
673.287491034,719.256593031,45.969101997,Other,random,H_2O3,45.969095000,RC2_0046_ICR-3_p08
239.056148060,285.025250057,45.969101997,Other,random,H_2O3,45.969095000,RC2_0046_ICR-3_p08
409.077438823,455.046540820,45.969101997,Other,random,H_2O3,45.969095000,RC2_0046_ICR-3_p08
389.087667620,435.056770618,45.969102997,Other,random,H_2O3,45.969095000,RC2_0046_ICR-3_p08
497.158335180,543.127438178,45.969102997,Other,random,H_2O3,45.969095000,RC2_0046_ICR-3_p08
409.178559394,455.147662391,45.969102997,Other,random,H_2O3,45.969095000,RC2_0046_ICR-3_p08
431.207465947,477.176568944,45.969102997,Other,random,H_2O3,45.969095000,RC2_0046_ICR-3_p08
529.135071534,575.104174531,45.969102997,Other,random,H_2O3,45.969095000,RC2_0046_ICR-3_p08
413.154812527,459.123916524,45.969103997,Other,random,H_2O3,45.969095000,RC2_0046_ICR-3_p08
238.072137234,284.041241231,45.969103997,Other,random,H_2O3,45.969095000,RC2_0046_ICR-3_p08
250.144868021,296.113972018,45.969103997,Other,random,H_2O3,45.969095000,RC2_0046_ICR-3_p08
371.090066967,417.059170964,45.969103997,Other,random,H_2O3,45.969095000,RC2_0046_ICR-3_p08
402.132464284,448.101568281,45.969103997,Other,random,H_2O3,45.969095000,RC2_0046_ICR-3_p08
455.147662391,501.116766389,45.969103997,Other,random,H_2O3,45.969095000,RC2_0046_ICR-3_p08
405.082477770,451.051581767,45.969103997,Other,random,H_2O3,45.969095000,RC2_0046_ICR-3_p08
511.291350228,557.260455225,45.969104997,Other,random,H_2O3,45.969095000,RC2_0046_ICR-3_p08
242.139899979,288.109004976,45.969104997,Other,random,H_2O3,45.969095000,RC2_0046_ICR-3_p08
297.080141920,343.049246917,45.969104997,Other,random,H_2O3,45.969095000,RC2_0046_ICR-3_p08
325.092731089,371.061836087,45.969104997,Other,random,H_2O3,45.969095000,RC2_0046_ICR-3_p08
457.126895995,503.096000993,45.969104997,Other,random,H_2O3,45.969095000,RC2_0046_ICR-3_p08
465.132110037,511.101215034,45.969104997,Other,random,H_2O3,45.969095000,RC2_0046_ICR-3_p08
525.124930545,571.094035542,45.969104997,Other,random,H_2O3,45.969095000,RC2_0046_ICR-3_p08
371.107917891,417.113388734,46.005470843,Other,random,C1H2O2,46.005480000,RC2_0046_ICR-3_p08
557.202876469,603.208347312,46.005470843,Other,random,C1H2O2,46.005480000,RC2_0046_ICR-3_p08
438.075718811,484.081189654,46.005470843,Other,random,C1H2O2,46.005480000,RC2_0046_ICR-3_p08
325.056365244,371.061836087,46.005470843,Other,random,C1H2O2,46.005480000,RC2_0046_ICR-3_p08
353.051312488,399.056783331,46.005470843,Other,random,C1H2O2,46.005480000,RC2_0046_ICR-3_p08
391.079905169,437.085376012,46.005470843,Other,random,C1H2O2,46.005480000,RC2_0046_ICR-3_p08
459.165831346,505.171302189,46.005470843,Other,random,C1H2O2,46.005480000,RC2_0046_ICR-3_p08
557.239250315,603.244721158,46.005470843,Other,random,C1H2O2,46.005480000,RC2_0046_ICR-3_p08
299.019651692,345.025123535,46.005471843,Other,random,C1H2O2,46.005480000,RC2_0046_ICR-3_p08
417.168303501,463.173775344,46.005471843,Other,random,C1H2O2,46.005480000,RC2_0046_ICR-3_p08
395.090198157,441.095670000,46.005471843,Other,random,C1H2O2,46.005480000,RC2_0046_ICR-3_p08
485.108661296,531.114133139,46.005471843,Other,random,C1H2O2,46.005480000,RC2_0046_ICR-3_p08
649.177736308,695.183208151,46.005471843,Other,random,C1H2O2,46.005480000,RC2_0046_ICR-3_p08
473.072409354,519.077881197,46.005471843,Other,random,C1H2O2,46.005480000,RC2_0046_ICR-3_p08
347.071492855,393.076965698,46.005472843,Other,random,C1H2O2,46.005480000,RC2_0046_ICR-3_p08
525.270416928,571.275889771,46.005472843,Other,random,C1H2O2,46.005480000,RC2_0046_ICR-3_p08
529.171383380,575.176857223,46.005473843,Other,random,C1H2O2,46.005480000,RC2_0046_ICR-3_p08
385.186535169,431.192009012,46.005473843,Other,random,C1H2O2,46.005480000,RC2_0046_ICR-3_p08
449.121826953,495.127300796,46.005473843,Other,random,C1H2O2,46.005480000,RC2_0046_ICR-3_p08
319.009424895,365.014899738,46.005474843,Other,random,C1H2O2,46.005480000,RC2_0046_ICR-3_p08
451.051581767,497.057056610,46.005474843,Other,random,C1H2O2,46.005480000,RC2_0046_ICR-3_p08
583.166824329,629.172299172,46.005474843,Other,random,C1H2O2,46.005480000,RC2_0046_ICR-3_p08
417.132031655,463.137506498,46.005474843,Other,random,C1H2O2,46.005480000,RC2_0046_ICR-3_p08
449.194453645,495.199928488,46.005474843,Other,random,C1H2O2,46.005480000,RC2_0046_ICR-3_p08
311.149873236,357.155348079,46.005474843,Other,random,C1H2O2,46.005480000,RC2_0046_ICR-3_p08
369.118926329,415.124401172,46.005474843,Other,random,C1H2O2,46.005480000,RC2_0046_ICR-3_p08
379.030454283,425.035929126,46.005474843,Other,random,C1H2O2,46.005480000,RC2_0046_ICR-3_p08
387.048641270,433.054116113,46.005474843,Other,random,C1H2O2,46.005480000,RC2_0046_ICR-3_p08
399.194197748,445.199672591,46.005474843,Other,random,C1H2O2,46.005480000,RC2_0046_ICR-3_p08
302.066984766,348.072460608,46.005475843,Other,random,C1H2O2,46.005480000,RC2_0046_ICR-3_p08
341.152334964,387.157810807,46.005475843,Other,random,C1H2O2,46.005480000,RC2_0046_ICR-3_p08
519.114295042,565.119770885,46.005475843,Other,random,C1H2O2,46.005480000,RC2_0046_ICR-3_p08
337.123528054,383.129003897,46.005475843,Other,random,C1H2O2,46.005480000,RC2_0046_ICR-3_p08
315.050887687,361.056363530,46.005475843,Other,random,C1H2O2,46.005480000,RC2_0046_ICR-3_p08
437.108773913,483.114250756,46.005476843,Other,random,C1H2O2,46.005480000,RC2_0046_ICR-3_p08
454.143238652,500.148715495,46.005476843,Other,random,C1H2O2,46.005480000,RC2_0046_ICR-3_p08
467.046583916,513.052060759,46.005476843,Other,random,C1H2O2,46.005480000,RC2_0046_ICR-3_p08
631.094349018,677.099825861,46.005476843,Other,random,C1H2O2,46.005480000,RC2_0046_ICR-3_p08
373.214900953,419.220378796,46.005477843,Other,random,C1H2O2,46.005480000,RC2_0046_ICR-3_p08
413.290823950,459.296301793,46.005477843,Other,random,C1H2O2,46.005480000,RC2_0046_ICR-3_p08
319.058846685,365.064324528,46.005477843,Other,random,C1H2O2,46.005480000,RC2_0046_ICR-3_p08
415.116292206,461.121770049,46.005477843,Other,random,C1H2O2,46.005480000,RC2_0046_ICR-3_p08
443.228496953,489.233974796,46.005477843,Other,random,C1H2O2,46.005480000,RC2_0046_ICR-3_p08
239.019772214,285.025250057,46.005477843,Other,random,C1H2O2,46.005480000,RC2_0046_ICR-3_p08
461.218001641,507.223480484,46.005478843,Other,random,C1H2O2,46.005480000,RC2_0046_ICR-3_p08
583.158784363,629.164263206,46.005478843,Other,random,C1H2O2,46.005480000,RC2_0046_ICR-3_p08
285.025250057,331.030729900,46.005479843,Other,random,C1H2O2,46.005480000,RC2_0046_ICR-3_p08
475.088059803,521.093539646,46.005479843,Other,random,C1H2O2,46.005480000,RC2_0046_ICR-3_p08
271.024766448,317.030246291,46.005479843,Other,random,C1H2O2,46.005480000,RC2_0046_ICR-3_p08
389.209768102,435.215247945,46.005479843,Other,random,C1H2O2,46.005480000,RC2_0046_ICR-3_p08
465.132110037,511.137589880,46.005479843,Other,random,C1H2O2,46.005480000,RC2_0046_ICR-3_p08
517.184496229,563.189976072,46.005479843,Other,random,C1H2O2,46.005480000,RC2_0046_ICR-3_p08
519.223547579,565.229027422,46.005479843,Other,random,C1H2O2,46.005480000,RC2_0046_ICR-3_p08
377.154835240,423.160315083,46.005479843,Other,random,C1H2O2,46.005480000,RC2_0046_ICR-3_p08
331.058887781,377.064367624,46.005479843,Other,random,C1H2O2,46.005480000,RC2_0046_ICR-3_p08
661.250538095,707.256018938,46.005480843,Other,random,C1H2O2,46.005480000,RC2_0046_ICR-3_p08
335.235644063,381.241124906,46.005480843,Other,random,C1H2O2,46.005480000,RC2_0046_ICR-3_p08
361.178612012,407.184092855,46.005480843,Other,random,C1H2O2,46.005480000,RC2_0046_ICR-3_p08
413.160350503,459.165831346,46.005480843,Other,random,C1H2O2,46.005480000,RC2_0046_ICR-3_p08
437.035894222,483.041375065,46.005480843,Other,random,C1H2O2,46.005480000,RC2_0046_ICR-3_p08
327.253939921,373.259420764,46.005480843,Other,random,C1H2O2,46.005480000,RC2_0046_ICR-3_p08
649.250204001,695.255684844,46.005480843,Other,random,C1H2O2,46.005480000,RC2_0046_ICR-3_p08
481.171314998,527.176796841,46.005481843,Other,random,C1H2O2,46.005480000,RC2_0046_ICR-3_p08
587.104711624,633.110193467,46.005481843,Other,random,C1H2O2,46.005480000,RC2_0046_ICR-3_p08
335.113467581,381.118949424,46.005481843,Other,random,C1H2O2,46.005480000,RC2_0046_ICR-3_p08
490.171960817,536.177442660,46.005481843,Other,random,C1H2O2,46.005480000,RC2_0046_ICR-3_p08
259.155084800,305.160566642,46.005481843,Other,random,C1H2O2,46.005480000,RC2_0046_ICR-3_p08
313.092737994,359.098219837,46.005481843,Other,random,C1H2O2,46.005480000,RC2_0046_ICR-3_p08
473.238935647,519.244417490,46.005481843,Other,random,C1H2O2,46.005480000,RC2_0046_ICR-3_p08
603.244721158,649.250204001,46.005482843,Other,random,C1H2O2,46.005480000,RC2_0046_ICR-3_p08
343.085438764,389.090921607,46.005482843,Other,random,C1H2O2,46.005480000,RC2_0046_ICR-3_p08
387.144784862,433.150267705,46.005482843,Other,random,C1H2O2,46.005480000,RC2_0046_ICR-3_p08
389.173465256,435.178948099,46.005482843,Other,random,C1H2O2,46.005480000,RC2_0046_ICR-3_p08
399.202213714,445.207696557,46.005482843,Other,random,C1H2O2,46.005480000,RC2_0046_ICR-3_p08
405.131978560,451.137461403,46.005482843,Other,random,C1H2O2,46.005480000,RC2_0046_ICR-3_p08
437.194494549,483.199977392,46.005482843,Other,random,C1H2O2,46.005480000,RC2_0046_ICR-3_p08
495.114276851,541.119759694,46.005482843,Other,random,C1H2O2,46.005480000,RC2_0046_ICR-3_p08
513.153287329,559.158771172,46.005483843,Other,random,C1H2O2,46.005480000,RC2_0046_ICR-3_p08
551.176987031,597.182470874,46.005483843,Other,random,C1H2O2,46.005480000,RC2_0046_ICR-3_p08
301.111209820,347.116693663,46.005483843,Other,random,C1H2O2,46.005480000,RC2_0046_ICR-3_p08
323.162931276,369.168415119,46.005483843,Other,random,C1H2O2,46.005480000,RC2_0046_ICR-3_p08
485.181700986,531.187184829,46.005483843,Other,random,C1H2O2,46.005480000,RC2_0046_ICR-3_p08
635.271191300,681.276675143,46.005483843,Other,random,C1H2O2,46.005480000,RC2_0046_ICR-3_p08
509.194702122,555.200186965,46.005484843,Other,random,C1H2O2,46.005480000,RC2_0046_ICR-3_p08
525.161170391,571.166655234,46.005484843,Other,random,C1H2O2,46.005480000,RC2_0046_ICR-3_p08
561.197601523,607.203086366,46.005484843,Other,random,C1H2O2,46.005480000,RC2_0046_ICR-3_p08
315.108418443,361.113903286,46.005484843,Other,random,C1H2O2,46.005480000,RC2_0046_ICR-3_p08
359.040742081,405.046226924,46.005484843,Other,random,C1H2O2,46.005480000,RC2_0046_ICR-3_p08
403.030397475,449.035882318,46.005484843,Other,random,C1H2O2,46.005480000,RC2_0046_ICR-3_p08
339.072033789,385.077519632,46.005485843,Other,random,C1H2O2,46.005480000,RC2_0046_ICR-3_p08
357.055879500,403.061365343,46.005485843,Other,random,C1H2O2,46.005480000,RC2_0046_ICR-3_p08
371.090066967,417.095552810,46.005485843,Other,random,C1H2O2,46.005480000,RC2_0046_ICR-3_p08
477.225844735,523.231330578,46.005485843,Other,random,C1H2O2,46.005480000,RC2_0046_ICR-3_p08
699.229011989,745.234497831,46.005485843,Other,random,C1H2O2,46.005480000,RC2_0046_ICR-3_p08
304.009768524,350.015254367,46.005485843,Other,random,C1H2O2,46.005480000,RC2_0046_ICR-3_p08
305.114403838,351.119889681,46.005485843,Other,random,C1H2O2,46.005480000,RC2_0046_ICR-3_p08
313.048325182,359.053811025,46.005485843,Other,random,C1H2O2,46.005480000,RC2_0046_ICR-3_p08
332.041054614,378.046540457,46.005485843,Other,random,C1H2O2,46.005480000,RC2_0046_ICR-3_p08
365.137137219,411.142624062,46.005486843,Other,random,C1H2O2,46.005480000,RC2_0046_ICR-3_p08
391.175902762,437.181389605,46.005486843,Other,random,C1H2O2,46.005480000,RC2_0046_ICR-3_p08
471.215352231,517.220839074,46.005486843,Other,random,C1H2O2,46.005480000,RC2_0046_ICR-3_p08
379.066941129,425.072427972,46.005486843,Other,random,C1H2O2,46.005480000,RC2_0046_ICR-3_p08
319.204436068,365.209922911,46.005486843,Other,random,C1H2O2,46.005480000,RC2_0046_ICR-3_p08
333.061454286,379.066941129,46.005486843,Other,random,C1H2O2,46.005480000,RC2_0046_ICR-3_p08
377.082072549,423.087559391,46.005486843,Other,random,C1H2O2,46.005480000,RC2_0046_ICR-3_p08
475.124479649,521.129966492,46.005486843,Other,random,C1H2O2,46.005480000,RC2_0046_ICR-3_p08
429.103625871,475.109113714,46.005487843,Other,random,C1H2O2,46.005480000,RC2_0046_ICR-3_p08
543.259986615,589.265474458,46.005487843,Other,random,C1H2O2,46.005480000,RC2_0046_ICR-3_p08
575.213512067,621.218999910,46.005487843,Other,random,C1H2O2,46.005480000,RC2_0046_ICR-3_p08
270.061965532,316.067453375,46.005487843,Other,random,C1H2O2,46.005480000,RC2_0046_ICR-3_p08
501.262250771,547.267739614,46.005488843,Other,random,C1H2O2,46.005480000,RC2_0046_ICR-3_p08
231.029927108,277.035415950,46.005488843,Other,random,C1H2O2,46.005480000,RC2_0046_ICR-3_p08
453.168471787,499.173960630,46.005488843,Other,random,C1H2O2,46.005480000,RC2_0046_ICR-3_p08
455.264931894,501.270420737,46.005488843,Other,random,C1H2O2,46.005480000,RC2_0046_ICR-3_p08
347.186231368,393.191721211,46.005489843,Other,random,C1H2O2,46.005480000,RC2_0046_ICR-3_p08
329.139349923,375.144839766,46.005489843,Other,random,C1H2O2,46.005480000,RC2_0046_ICR-3_p08
334.056770064,380.062259907,46.005489843,Other,random,C1H2O2,46.005480000,RC2_0046_ICR-3_p08
451.189052184,497.194542027,46.005489843,Other,random,C1H2O2,46.005480000,RC2_0046_ICR-3_p08
441.095670000,487.101159843,46.005489843,Other,random,C1H2O2,46.005480000,RC2_0046_ICR-3_p08
337.159927900,383.201783589,46.041855689,Other,random,C2H6O1,46.041865000,RC2_0046_ICR-3_p08
331.082208682,377.124064370,46.041855689,Other,random,C2H6O1,46.041865000,RC2_0046_ICR-3_p08
367.066841034,413.108696722,46.041855689,Other,random,C2H6O1,46.041865000,RC2_0046_ICR-3_p08
375.230654402,421.272511091,46.041856689,Other,random,C2H6O1,46.041865000,RC2_0046_ICR-3_p08
429.077012984,475.118869673,46.041856689,Other,random,C2H6O1,46.041865000,RC2_0046_ICR-3_p08
513.176541230,559.218397919,46.041856689,Other,random,C2H6O1,46.041865000,RC2_0046_ICR-3_p08
521.194858216,567.236714905,46.041856689,Other,random,C2H6O1,46.041865000,RC2_0046_ICR-3_p08
553.119853789,599.161710478,46.041856689,Other,random,C2H6O1,46.041865000,RC2_0046_ICR-3_p08
603.208347312,649.250204001,46.041856689,Other,random,C2H6O1,46.041865000,RC2_0046_ICR-3_p08
399.121456057,445.163313745,46.041857689,Other,random,C2H6O1,46.041865000,RC2_0046_ICR-3_p08
365.087635429,411.129493118,46.041857689,Other,random,C2H6O1,46.041865000,RC2_0046_ICR-3_p08
431.025524718,477.067382407,46.041857689,Other,random,C2H6O1,46.041865000,RC2_0046_ICR-3_p08
389.014911929,435.056770618,46.041858689,Other,random,C2H6O1,46.041865000,RC2_0046_ICR-3_p08
455.155676357,501.197535046,46.041858689,Other,random,C2H6O1,46.041865000,RC2_0046_ICR-3_p08
429.095567905,475.137426594,46.041858689,Other,random,C2H6O1,46.041865000,RC2_0046_ICR-3_p08
373.077404537,419.119263225,46.041858689,Other,random,C2H6O1,46.041865000,RC2_0046_ICR-3_p08
455.082903666,501.124762355,46.041858689,Other,random,C2H6O1,46.041865000,RC2_0046_ICR-3_p08
341.087629238,387.129488927,46.041859689,Other,random,C2H6O1,46.041865000,RC2_0046_ICR-3_p08
481.163287032,527.205146721,46.041859689,Other,random,C2H6O1,46.041865000,RC2_0046_ICR-3_p08
307.155015182,353.196874871,46.041859689,Other,random,C2H6O1,46.041865000,RC2_0046_ICR-3_p08
615.244775253,661.286634942,46.041859689,Other,random,C2H6O1,46.041865000,RC2_0046_ICR-3_p08
315.063982632,361.105842320,46.041859689,Other,random,C2H6O1,46.041865000,RC2_0046_ICR-3_p08
389.051174775,435.093034464,46.041859689,Other,random,C2H6O1,46.041865000,RC2_0046_ICR-3_p08
397.032865917,443.074725605,46.041859689,Other,random,C2H6O1,46.041865000,RC2_0046_ICR-3_p08
457.062282269,503.104141958,46.041859689,Other,random,C2H6O1,46.041865000,RC2_0046_ICR-3_p08
497.202602993,543.244462681,46.041859689,Other,random,C2H6O1,46.041865000,RC2_0046_ICR-3_p08
346.056768159,392.098628848,46.041860689,Other,random,C2H6O1,46.041865000,RC2_0046_ICR-3_p08
415.225440743,461.267301432,46.041860689,Other,random,C2H6O1,46.041865000,RC2_0046_ICR-3_p08
485.049086548,531.090947237,46.041860689,Other,random,C2H6O1,46.041865000,RC2_0046_ICR-3_p08
557.143136722,603.184997411,46.041860689,Other,random,C2H6O1,46.041865000,RC2_0046_ICR-3_p08
617.078669474,663.120530162,46.041860689,Other,random,C2H6O1,46.041865000,RC2_0046_ICR-3_p08
401.100698661,447.142559349,46.041860689,Other,random,C2H6O1,46.041865000,RC2_0046_ICR-3_p08
353.152336059,399.194197748,46.041861689,Other,random,C2H6O1,46.041865000,RC2_0046_ICR-3_p08
453.059200251,499.101061939,46.041861689,Other,random,C2H6O1,46.041865000,RC2_0046_ICR-3_p08
305.102952887,351.144815575,46.041862689,Other,random,C2H6O1,46.041865000,RC2_0046_ICR-3_p08
325.165597780,371.207460469,46.041862689,Other,random,C2H6O1,46.041865000,RC2_0046_ICR-3_p08
353.160351025,399.202213714,46.041862689,Other,random,C2H6O1,46.041865000,RC2_0046_ICR-3_p08
339.108406634,385.150269323,46.041862689,Other,random,C2H6O1,46.041865000,RC2_0046_ICR-3_p08
438.039326966,484.081189654,46.041862689,Other,random,C2H6O1,46.041865000,RC2_0046_ICR-3_p08
345.097853227,391.139715916,46.041862689,Other,random,C2H6O1,46.041865000,RC2_0046_ICR-3_p08
353.014920642,399.056783331,46.041862689,Other,random,C2H6O1,46.041865000,RC2_0046_ICR-3_p08
543.272880561,589.314743249,46.041862689,Other,random,C2H6O1,46.041865000,RC2_0046_ICR-3_p08
407.111211164,453.153074852,46.041863689,Other,random,C2H6O1,46.041865000,RC2_0046_ICR-3_p08
411.085032307,457.126895995,46.041863689,Other,random,C2H6O1,46.041865000,RC2_0046_ICR-3_p08
573.210670563,619.252534252,46.041863689,Other,random,C2H6O1,46.041865000,RC2_0046_ICR-3_p08
435.020272772,481.062136461,46.041863689,Other,random,C2H6O1,46.041865000,RC2_0046_ICR-3_p08
319.095273531,365.137137219,46.041863689,Other,random,C2H6O1,46.041865000,RC2_0046_ICR-3_p08
379.134110844,425.175974532,46.041863689,Other,random,C2H6O1,46.041865000,RC2_0046_ICR-3_p08
417.113388734,463.155252423,46.041863689,Other,random,C2H6O1,46.041865000,RC2_0046_ICR-3_p08
463.124446553,509.166310242,46.041863689,Other,random,C2H6O1,46.041865000,RC2_0046_ICR-3_p08
303.087286437,349.129151126,46.041864689,Other,random,C2H6O1,46.041865000,RC2_0046_ICR-3_p08
513.233796988,559.275661676,46.041864689,Other,random,C2H6O1,46.041865000,RC2_0046_ICR-3_p08
347.113414677,393.155279365,46.041864689,Other,random,C2H6O1,46.041865000,RC2_0046_ICR-3_p08
637.104991521,683.146856210,46.041864689,Other,random,C2H6O1,46.041865000,RC2_0046_ICR-3_p08
309.170696631,355.212561320,46.041864689,Other,random,C2H6O1,46.041865000,RC2_0046_ICR-3_p08
395.184015759,441.225880448,46.041864689,Other,random,C2H6O1,46.041865000,RC2_0046_ICR-3_p08
519.200250678,565.242115366,46.041864689,Other,random,C2H6O1,46.041865000,RC2_0046_ICR-3_p08
619.093968925,665.135833613,46.041864689,Other,random,C2H6O1,46.041865000,RC2_0046_ICR-3_p08
377.154835240,423.196700929,46.041865689,Other,random,C2H6O1,46.041865000,RC2_0046_ICR-3_p08
507.041553255,553.083418944,46.041865689,Other,random,C2H6O1,46.041865000,RC2_0046_ICR-3_p08
541.171467475,587.213333163,46.041865689,Other,random,C2H6O1,46.041865000,RC2_0046_ICR-3_p08
587.177193317,633.219059005,46.041865689,Other,random,C2H6O1,46.041865000,RC2_0046_ICR-3_p08
499.197219531,545.239085220,46.041865689,Other,random,C2H6O1,46.041865000,RC2_0046_ICR-3_p08
323.077059640,369.118926329,46.041866689,Other,random,C2H6O1,46.041865000,RC2_0046_ICR-3_p08
283.045890454,329.087757142,46.041866689,Other,random,C2H6O1,46.041865000,RC2_0046_ICR-3_p08
347.053659930,393.095526619,46.041866689,Other,random,C2H6O1,46.041865000,RC2_0046_ICR-3_p08
227.019762119,273.061628807,46.041866689,Other,random,C2H6O1,46.041865000,RC2_0046_ICR-3_p08
238.035718389,284.077585077,46.041866689,Other,random,C2H6O1,46.041865000,RC2_0046_ICR-3_p08
439.051555672,485.093422360,46.041866689,Other,random,C2H6O1,46.041865000,RC2_0046_ICR-3_p08
315.123710378,361.165578067,46.041867689,Other,random,C2H6O1,46.041865000,RC2_0046_ICR-3_p08
487.088062899,533.129930587,46.041867689,Other,random,C2H6O1,46.041865000,RC2_0046_ICR-3_p08
509.166310242,555.208177931,46.041867689,Other,random,C2H6O1,46.041865000,RC2_0046_ICR-3_p08
415.043635514,461.085503203,46.041867689,Other,random,C2H6O1,46.041865000,RC2_0046_ICR-3_p08
552.208878654,598.250746342,46.041867689,Other,random,C2H6O1,46.041865000,RC2_0046_ICR-3_p08
559.109269382,605.151138071,46.041868689,Other,random,C2H6O1,46.041865000,RC2_0046_ICR-3_p08
485.202678897,531.244547585,46.041868689,Other,random,C2H6O1,46.041865000,RC2_0046_ICR-3_p08
333.110888076,379.152756765,46.041868689,Other,random,C2H6O1,46.041865000,RC2_0046_ICR-3_p08
509.057227705,555.099096393,46.041868689,Other,random,C2H6O1,46.041865000,RC2_0046_ICR-3_p08
513.153287329,559.195157018,46.041869689,Other,random,C2H6O1,46.041865000,RC2_0046_ICR-3_p08
325.092731089,371.134600778,46.041869689,Other,random,C2H6O1,46.041865000,RC2_0046_ICR-3_p08
349.050777458,395.092647147,46.041869689,Other,random,C2H6O1,46.041865000,RC2_0046_ICR-3_p08
349.129151126,395.171020815,46.041869689,Other,random,C2H6O1,46.041865000,RC2_0046_ICR-3_p08
355.139738629,401.181608317,46.041869689,Other,random,C2H6O1,46.041865000,RC2_0046_ICR-3_p08
471.142626540,517.184496229,46.041869689,Other,random,C2H6O1,46.041865000,RC2_0046_ICR-3_p08
489.067343503,535.109213191,46.041869689,Other,random,C2H6O1,46.041865000,RC2_0046_ICR-3_p08
489.225868830,535.267738519,46.041869689,Other,random,C2H6O1,46.041865000,RC2_0046_ICR-3_p08
561.234137368,607.276007057,46.041869689,Other,random,C2H6O1,46.041865000,RC2_0046_ICR-3_p08
597.125154117,643.167023806,46.041869689,Other,random,C2H6O1,46.041865000,RC2_0046_ICR-3_p08
523.246784512,569.288655201,46.041870689,Other,random,C2H6O1,46.041865000,RC2_0046_ICR-3_p08
593.179537855,639.221408543,46.041870689,Other,random,C2H6O1,46.041865000,RC2_0046_ICR-3_p08
597.088745272,643.130615960,46.041870689,Other,random,C2H6O1,46.041865000,RC2_0046_ICR-3_p08
385.077519632,431.119390320,46.041870689,Other,random,C2H6O1,46.041865000,RC2_0046_ICR-3_p08
433.163258650,479.205129339,46.041870689,Other,random,C2H6O1,46.041865000,RC2_0046_ICR-3_p08
445.054132208,491.096002897,46.041870689,Other,random,C2H6O1,46.041865000,RC2_0046_ICR-3_p08
320.041108519,366.082980207,46.041871689,Other,random,C2H6O1,46.041865000,RC2_0046_ICR-3_p08
345.061361382,391.103234070,46.041872689,Other,random,C2H6O1,46.041865000,RC2_0046_ICR-3_p08
417.076967889,463.118840577,46.041872689,Other,random,C2H6O1,46.041865000,RC2_0046_ICR-3_p08
404.938122382,450.979995071,46.041872689,Other,random,C2H6O1,46.041865000,RC2_0046_ICR-3_p08
441.103666966,487.145539655,46.041872689,Other,random,C2H6O1,46.041865000,RC2_0046_ICR-3_p08
451.233505995,497.275378684,46.041872689,Other,random,C2H6O1,46.041865000,RC2_0046_ICR-3_p08
429.204747442,475.246620131,46.041872689,Other,random,C2H6O1,46.041865000,RC2_0046_ICR-3_p08
469.163375936,515.205248625,46.041872689,Other,random,C2H6O1,46.041865000,RC2_0046_ICR-3_p08
481.199734877,527.241607566,46.041872689,Other,random,C2H6O1,46.041865000,RC2_0046_ICR-3_p08
395.207334661,441.249208349,46.041873689,Other,random,C2H6O1,46.041865000,RC2_0046_ICR-3_p08
595.130498579,641.172373267,46.041874689,Other,random,C2H6O1,46.041865000,RC2_0046_ICR-3_p08
319.154973278,365.196847966,46.041874689,Other,random,C2H6O1,46.041865000,RC2_0046_ICR-3_p08
348.121761399,394.163636088,46.041874689,Other,random,C2H6O1,46.041865000,RC2_0046_ICR-3_p08
423.093130368,469.135005056,46.041874689,Other,random,C2H6O1,46.041865000,RC2_0046_ICR-3_p08
273.061628807,320.062348428,47.000719621,Other,random,H1O2N1,47.000729000,RC2_0046_ICR-3_p08
519.114295042,566.115015663,47.000720621,Other,random,H1O2N1,47.000729000,RC2_0046_ICR-3_p08
257.066703658,304.067424280,47.000720621,Other,random,H1O2N1,47.000729000,RC2_0046_ICR-3_p08
381.131987369,428.132707990,47.000720621,Other,random,H1O2N1,47.000729000,RC2_0046_ICR-3_p08
235.097628852,282.098350473,47.000721621,Other,random,H1O2N1,47.000729000,RC2_0046_ICR-3_p08
303.123699283,350.124420904,47.000721621,Other,random,H1O2N1,47.000729000,RC2_0046_ICR-3_p08
357.134214168,404.134936789,47.000722621,Other,random,H1O2N1,47.000729000,RC2_0046_ICR-3_p08
301.071736987,348.072460608,47.000723621,Other,random,H1O2N1,47.000729000,RC2_0046_ICR-3_p08
321.061516190,368.062239811,47.000723621,Other,random,H1O2N1,47.000729000,RC2_0046_ICR-3_p08
401.160450407,448.161174028,47.000723621,Other,random,H1O2N1,47.000729000,RC2_0046_ICR-3_p08
443.098228505,490.098952127,47.000723621,Other,random,H1O2N1,47.000729000,RC2_0046_ICR-3_p08
435.178948099,482.179671720,47.000723621,Other,random,H1O2N1,47.000729000,RC2_0046_ICR-3_p08
301.084797932,348.085523553,47.000725621,Other,random,H1O2N1,47.000729000,RC2_0046_ICR-3_p08
307.045857645,354.046584266,47.000726621,Other,random,H1O2N1,47.000729000,RC2_0046_ICR-3_p08
233.103151313,280.103877934,47.000726621,Other,random,H1O2N1,47.000729000,RC2_0046_ICR-3_p08
231.087516863,278.088244484,47.000727621,Other,random,H1O2N1,47.000729000,RC2_0046_ICR-3_p08
261.097959558,308.098687179,47.000727621,Other,random,H1O2N1,47.000729000,RC2_0046_ICR-3_p08
429.118988806,476.119717427,47.000728621,Other,random,H1O2N1,47.000729000,RC2_0046_ICR-3_p08
233.045607557,280.046339178,47.000731621,Other,random,H1O2N1,47.000729000,RC2_0046_ICR-3_p08
305.102952887,352.103685508,47.000732621,Other,random,H1O2N1,47.000729000,RC2_0046_ICR-3_p08
517.171336284,564.172068905,47.000732621,Other,random,H1O2N1,47.000729000,RC2_0046_ICR-3_p08
441.082623056,488.083355677,47.000732621,Other,random,H1O2N1,47.000729000,RC2_0046_ICR-3_p08
306.098231665,353.098967286,47.000735621,Other,random,H1O2N1,47.000729000,RC2_0046_ICR-3_p08
435.160318178,482.179671720,47.019353542,Other,random,C1H5N1O_1S1,47.019356000,RC2_0046_ICR-3_p08
431.165408125,479.132386647,47.966978522,Other,random,O1S1,47.966987000,RC2_0046_ICR-3_p08
417.113388734,465.080369256,47.966980522,Other,random,O1S1,47.966987000,RC2_0046_ICR-3_p08
543.181580948,591.148564470,47.966983522,Other,random,O1S1,47.966987000,RC2_0046_ICR-3_p08
313.092737994,361.059723516,47.966985522,Other,random,O1S1,47.966987000,RC2_0046_ICR-3_p08
417.186064426,465.153050948,47.966986522,Other,random,O1S1,47.966987000,RC2_0046_ICR-3_p08
443.129016375,491.096002897,47.966986522,Other,random,O1S1,47.966987000,RC2_0046_ICR-3_p08
475.118869673,523.085859195,47.966989522,Other,random,O1S1,47.966987000,RC2_0046_ICR-3_p08
345.074538326,393.059273773,47.984735447,Other,random,O3,47.984745000,RC2_0046_ICR-3_p08
381.191773115,429.176508562,47.984735447,Other,random,O3,47.984745000,RC2_0046_ICR-3_p08
319.045834741,367.030570187,47.984735447,Other,random,O3,47.984745000,RC2_0046_ICR-3_p08
411.121431152,459.106166599,47.984735447,Other,random,O3,47.984745000,RC2_0046_ICR-3_p08
611.177650506,659.162385953,47.984735447,Other,random,O3,47.984745000,RC2_0046_ICR-3_p08
703.224408040,751.209144487,47.984736447,Other,random,O3,47.984745000,RC2_0046_ICR-3_p08
401.118440585,449.103177032,47.984736447,Other,random,O3,47.984745000,RC2_0046_ICR-3_p08
473.072409354,521.057145801,47.984736447,Other,random,O3,47.984745000,RC2_0046_ICR-3_p08
467.192161298,515.176897745,47.984736447,Other,random,O3,47.984745000,RC2_0046_ICR-3_p08
531.150714983,579.135451430,47.984736447,Other,random,O3,47.984745000,RC2_0046_ICR-3_p08
490.098952127,538.083689573,47.984737447,Other,random,O3,47.984745000,RC2_0046_ICR-3_p08
499.124478840,547.109216287,47.984737447,Other,random,O3,47.984745000,RC2_0046_ICR-3_p08
317.152398773,365.137137219,47.984738447,Other,random,O3,47.984745000,RC2_0046_ICR-3_p08
505.098679497,553.083418944,47.984739447,Other,random,O3,47.984745000,RC2_0046_ICR-3_p08
276.051284125,324.036023572,47.984739447,Other,random,O3,47.984745000,RC2_0046_ICR-3_p08
411.129493118,459.114232565,47.984739447,Other,random,O3,47.984745000,RC2_0046_ICR-3_p08
493.127064281,541.111803728,47.984739447,Other,random,O3,47.984745000,RC2_0046_ICR-3_p08
305.066572041,353.051312488,47.984740447,Other,random,O3,47.984745000,RC2_0046_ICR-3_p08
433.113845860,481.098586306,47.984740447,Other,random,O3,47.984745000,RC2_0046_ICR-3_p08
563.285967664,611.270708111,47.984740447,Other,random,O3,47.984745000,RC2_0046_ICR-3_p08
359.090102871,407.074844318,47.984741447,Other,random,O3,47.984745000,RC2_0046_ICR-3_p08
411.056790426,459.041531873,47.984741447,Other,random,O3,47.984745000,RC2_0046_ICR-3_p08
447.142559349,495.127300796,47.984741447,Other,random,O3,47.984745000,RC2_0046_ICR-3_p08
375.102817945,423.087559391,47.984741447,Other,random,O3,47.984745000,RC2_0046_ICR-3_p08
581.202977660,629.187719106,47.984741447,Other,random,O3,47.984745000,RC2_0046_ICR-3_p08
383.098106028,431.082848475,47.984742447,Other,random,O3,47.984745000,RC2_0046_ICR-3_p08
231.029927108,279.014669554,47.984742447,Other,random,O3,47.984745000,RC2_0046_ICR-3_p08
309.097848940,357.082591387,47.984742447,Other,random,O3,47.984745000,RC2_0046_ICR-3_p08
455.119399511,503.104141958,47.984742447,Other,random,O3,47.984745000,RC2_0046_ICR-3_p08
517.062356747,565.047100194,47.984743447,Other,random,O3,47.984745000,RC2_0046_ICR-3_p08
657.255680041,705.240424488,47.984744447,Other,random,O3,47.984745000,RC2_0046_ICR-3_p08
339.072033789,387.056778235,47.984744447,Other,random,O3,47.984745000,RC2_0046_ICR-3_p08
429.046235115,477.030979561,47.984744447,Other,random,O3,47.984745000,RC2_0046_ICR-3_p08
527.132518029,575.117263475,47.984745447,Other,random,O3,47.984745000,RC2_0046_ICR-3_p08
361.056363530,409.041108977,47.984745447,Other,random,O3,47.984745000,RC2_0046_ICR-3_p08
315.087331533,363.072076980,47.984745447,Other,random,O3,47.984745000,RC2_0046_ICR-3_p08
351.072037884,399.056783331,47.984745447,Other,random,O3,47.984745000,RC2_0046_ICR-3_p08
379.131647854,427.116393301,47.984745447,Other,random,O3,47.984745000,RC2_0046_ICR-3_p08
425.072427972,473.057173418,47.984745447,Other,random,O3,47.984745000,RC2_0046_ICR-3_p08
429.059373059,477.044118506,47.984745447,Other,random,O3,47.984745000,RC2_0046_ICR-3_p08
619.130570769,667.115317216,47.984746447,Other,random,O3,47.984745000,RC2_0046_ICR-3_p08
327.087299628,375.072046075,47.984746447,Other,random,O3,47.984745000,RC2_0046_ICR-3_p08
433.150267705,481.135014152,47.984746447,Other,random,O3,47.984745000,RC2_0046_ICR-3_p08
457.199697686,505.184444133,47.984746447,Other,random,O3,47.984745000,RC2_0046_ICR-3_p08
397.159894378,445.144640824,47.984746447,Other,random,O3,47.984745000,RC2_0046_ICR-3_p08
365.173371066,413.158117513,47.984746447,Other,random,O3,47.984745000,RC2_0046_ICR-3_p08
417.046213019,465.030959466,47.984746447,Other,random,O3,47.984745000,RC2_0046_ICR-3_p08
417.168303501,465.153050948,47.984747447,Other,random,O3,47.984745000,RC2_0046_ICR-3_p08
474.176851669,522.161599116,47.984747447,Other,random,O3,47.984745000,RC2_0046_ICR-3_p08
285.126140629,333.110888076,47.984747447,Other,random,O3,47.984745000,RC2_0046_ICR-3_p08
569.143219818,617.127967264,47.984747447,Other,random,O3,47.984745000,RC2_0046_ICR-3_p08
519.114295042,567.099043489,47.984748447,Other,random,O3,47.984745000,RC2_0046_ICR-3_p08
547.210410857,595.195159304,47.984748447,Other,random,O3,47.984745000,RC2_0046_ICR-3_p08
311.141840270,359.126588716,47.984748447,Other,random,O3,47.984745000,RC2_0046_ICR-3_p08
367.168067604,415.152816051,47.984748447,Other,random,O3,47.984745000,RC2_0046_ICR-3_p08
389.191055182,437.175803629,47.984748447,Other,random,O3,47.984745000,RC2_0046_ICR-3_p08
437.145079759,485.129829206,47.984749447,Other,random,O3,47.984745000,RC2_0046_ICR-3_p08
479.046470012,527.031219458,47.984749447,Other,random,O3,47.984745000,RC2_0046_ICR-3_p08
293.030243100,341.014992547,47.984749447,Other,random,O3,47.984745000,RC2_0046_ICR-3_p08
441.212854503,489.197603950,47.984749447,Other,random,O3,47.984745000,RC2_0046_ICR-3_p08
443.119370416,491.104120863,47.984750447,Other,random,O3,47.984745000,RC2_0046_ICR-3_p08
487.246737226,535.231487673,47.984750447,Other,random,O3,47.984745000,RC2_0046_ICR-3_p08
549.088533890,597.073284337,47.984750447,Other,random,O3,47.984745000,RC2_0046_ICR-3_p08
549.197720427,597.182470874,47.984750447,Other,random,O3,47.984745000,RC2_0046_ICR-3_p08
349.214908762,397.199659209,47.984750447,Other,random,O3,47.984745000,RC2_0046_ICR-3_p08
227.056198964,275.040949411,47.984750447,Other,random,O3,47.984745000,RC2_0046_ICR-3_p08
390.095647344,438.080398791,47.984751447,Other,random,O3,47.984745000,RC2_0046_ICR-3_p08
475.210181285,523.194932732,47.984751447,Other,random,O3,47.984745000,RC2_0046_ICR-3_p08
303.087286437,351.072037884,47.984751447,Other,random,O3,47.984745000,RC2_0046_ICR-3_p08
515.168918779,563.153670226,47.984751447,Other,random,O3,47.984745000,RC2_0046_ICR-3_p08
363.230550307,411.215302754,47.984752447,Other,random,O3,47.984745000,RC2_0046_ICR-3_p08
405.046226924,453.030979370,47.984752447,Other,random,O3,47.984745000,RC2_0046_ICR-3_p08
313.048325182,361.033077629,47.984752447,Other,random,O3,47.984745000,RC2_0046_ICR-3_p08
320.077487364,368.062239811,47.984752447,Other,random,O3,47.984745000,RC2_0046_ICR-3_p08
361.157546101,409.142298548,47.984752447,Other,random,O3,47.984745000,RC2_0046_ICR-3_p08
383.126572908,431.111326354,47.984753447,Other,random,O3,47.984745000,RC2_0046_ICR-3_p08
448.088417337,496.073170784,47.984753447,Other,random,O3,47.984745000,RC2_0046_ICR-3_p08
333.128651001,381.113404448,47.984753447,Other,random,O3,47.984745000,RC2_0046_ICR-3_p08
347.162921467,395.147674914,47.984753447,Other,random,O3,47.984745000,RC2_0046_ICR-3_p08
271.082314204,319.067067651,47.984753447,Other,random,O3,47.984745000,RC2_0046_ICR-3_p08
343.076587801,391.061341248,47.984753447,Other,random,O3,47.984745000,RC2_0046_ICR-3_p08
365.087635429,413.072388876,47.984753447,Other,random,O3,47.984745000,RC2_0046_ICR-3_p08
504.114478672,552.099233119,47.984754447,Other,random,O3,47.984745000,RC2_0046_ICR-3_p08
543.259986615,591.244741062,47.984754447,Other,random,O3,47.984745000,RC2_0046_ICR-3_p08
673.141037655,721.125792102,47.984754447,Other,random,O3,47.984745000,RC2_0046_ICR-3_p08
557.239250315,605.224004762,47.984754447,Other,random,O3,47.984745000,RC2_0046_ICR-3_p08
296.077520173,344.077510555,47.999990382,Other,random,C4,48.000000000,RC2_0046_ICR-3_p08
414.112037466,462.112027848,47.999990382,Other,random,C4,48.000000000,RC2_0046_ICR-3_p08
435.178948099,483.178938481,47.999990382,Other,random,C4,48.000000000,RC2_0046_ICR-3_p08
357.155348079,405.155339461,47.999991382,Other,random,C4,48.000000000,RC2_0046_ICR-3_p08
551.176987031,599.176978413,47.999991382,Other,random,C4,48.000000000,RC2_0046_ICR-3_p08
315.072085597,363.072076980,47.999991382,Other,random,C4,48.000000000,RC2_0046_ICR-3_p08
369.082489483,417.082480865,47.999991382,Other,random,C4,48.000000000,RC2_0046_ICR-3_p08
311.126596334,359.126588716,47.999992382,Other,random,C4,48.000000000,RC2_0046_ICR-3_p08
387.056778235,435.056770618,47.999992382,Other,random,C4,48.000000000,RC2_0046_ICR-3_p08
337.056308339,385.056301722,47.999993382,Other,random,C4,48.000000000,RC2_0046_ICR-3_p08
419.119263225,467.119256607,47.999993382,Other,random,C4,48.000000000,RC2_0046_ICR-3_p08
341.160435930,389.160429312,47.999993382,Other,random,C4,48.000000000,RC2_0046_ICR-3_p08
457.171308807,505.171302189,47.999993382,Other,random,C4,48.000000000,RC2_0046_ICR-3_p08
307.204408972,355.204403355,47.999994382,Other,random,C4,48.000000000,RC2_0046_ICR-3_p08
421.144623633,469.144618016,47.999994382,Other,random,C4,48.000000000,RC2_0046_ICR-3_p08
459.223486101,507.223480484,47.999994382,Other,random,C4,48.000000000,RC2_0046_ICR-3_p08
357.118870233,405.118864615,47.999994382,Other,random,C4,48.000000000,RC2_0046_ICR-3_p08
447.150534315,495.150528698,47.999994382,Other,random,C4,48.000000000,RC2_0046_ICR-3_p08
317.196852584,365.196847966,47.999995382,Other,random,C4,48.000000000,RC2_0046_ICR-3_p08
495.272885178,543.272880561,47.999995382,Other,random,C4,48.000000000,RC2_0046_ICR-3_p08
225.040542515,273.040537897,47.999995382,Other,random,C4,48.000000000,RC2_0046_ICR-3_p08
309.134218786,357.134214168,47.999995382,Other,random,C4,48.000000000,RC2_0046_ICR-3_p08
373.113891382,421.113886764,47.999995382,Other,random,C4,48.000000000,RC2_0046_ICR-3_p08
386.080783376,434.080779758,47.999996382,Other,random,C4,48.000000000,RC2_0046_ICR-3_p08
585.146195932,633.146192314,47.999996382,Other,random,C4,48.000000000,RC2_0046_ICR-3_p08
531.062589357,579.062585739,47.999996382,Other,random,C4,48.000000000,RC2_0046_ICR-3_p08
415.197027863,463.197025246,47.999997382,Other,random,C4,48.000000000,RC2_0046_ICR-3_p08
439.210246998,487.210244381,47.999997382,Other,random,C4,48.000000000,RC2_0046_ICR-3_p08
513.270442832,561.270440214,47.999997382,Other,random,C4,48.000000000,RC2_0046_ICR-3_p08
541.229059231,589.229056613,47.999997382,Other,random,C4,48.000000000,RC2_0046_ICR-3_p08
509.252184878,557.252182260,47.999997382,Other,random,C4,48.000000000,RC2_0046_ICR-3_p08
453.262253389,501.262250771,47.999997382,Other,random,C4,48.000000000,RC2_0046_ICR-3_p08
413.072388876,461.072387258,47.999998382,Other,random,C4,48.000000000,RC2_0046_ICR-3_p08
385.150269323,433.150267705,47.999998382,Other,random,C4,48.000000000,RC2_0046_ICR-3_p08
417.103659775,465.103658158,47.999998382,Other,random,C4,48.000000000,RC2_0046_ICR-3_p08
423.123804238,471.123802620,47.999998382,Other,random,C4,48.000000000,RC2_0046_ICR-3_p08
347.090198775,395.090198157,47.999999382,Other,random,C4,48.000000000,RC2_0046_ICR-3_p08
423.160315083,471.160314465,47.999999382,Other,random,C4,48.000000000,RC2_0046_ICR-3_p08
227.056198964,275.056198346,47.999999382,Other,random,C4,48.000000000,RC2_0046_ICR-3_p08
393.059273773,441.059274155,48.000000382,Other,random,C4,48.000000000,RC2_0046_ICR-3_p08
495.077938005,543.077938388,48.000000382,Other,random,C4,48.000000000,RC2_0046_ICR-3_p08
547.231418768,595.231419150,48.000000382,Other,random,C4,48.000000000,RC2_0046_ICR-3_p08
336.036034667,384.036035050,48.000000382,Other,random,C4,48.000000000,RC2_0046_ICR-3_p08
391.197170672,439.197172054,48.000001382,Other,random,C4,48.000000000,RC2_0046_ICR-3_p08
403.124402076,451.124403458,48.000001382,Other,random,C4,48.000000000,RC2_0046_ICR-3_p08
403.170459881,451.170461263,48.000001382,Other,random,C4,48.000000000,RC2_0046_ICR-3_p08
467.096000706,515.096002088,48.000001382,Other,random,C4,48.000000000,RC2_0046_ICR-3_p08
379.139647820,427.139650202,48.000002382,Other,random,C4,48.000000000,RC2_0046_ICR-3_p08
229.144602105,277.144604487,48.000002382,Other,random,C4,48.000000000,RC2_0046_ICR-3_p08
287.040813507,335.040815889,48.000002382,Other,random,C4,48.000000000,RC2_0046_ICR-3_p08
379.134110844,427.134113226,48.000002382,Other,random,C4,48.000000000,RC2_0046_ICR-3_p08
397.150171419,445.150173801,48.000002382,Other,random,C4,48.000000000,RC2_0046_ICR-3_p08
243.160213650,291.160217032,48.000003382,Other,random,C4,48.000000000,RC2_0046_ICR-3_p08
388.096531825,436.096535207,48.000003382,Other,random,C4,48.000000000,RC2_0046_ICR-3_p08
349.105758225,397.105762607,48.000004382,Other,random,C4,48.000000000,RC2_0046_ICR-3_p08
326.051641022,374.051645404,48.000004382,Other,random,C4,48.000000000,RC2_0046_ICR-3_p08
403.087874231,451.087878613,48.000004382,Other,random,C4,48.000000000,RC2_0046_ICR-3_p08
623.162022668,671.162027050,48.000004382,Other,random,C4,48.000000000,RC2_0046_ICR-3_p08
365.160345121,413.160350503,48.000005382,Other,random,C4,48.000000000,RC2_0046_ICR-3_p08
465.080369256,513.080374638,48.000005382,Other,random,C4,48.000000000,RC2_0046_ICR-3_p08
327.072039693,375.072046075,48.000006382,Other,random,C4,48.000000000,RC2_0046_ICR-3_p08
400.137875745,448.137882127,48.000006382,Other,random,C4,48.000000000,RC2_0046_ICR-3_p08
439.160662209,487.160668591,48.000006382,Other,random,C4,48.000000000,RC2_0046_ICR-3_p08
457.098673115,505.098679497,48.000006382,Other,random,C4,48.000000000,RC2_0046_ICR-3_p08
529.119881598,577.119887980,48.000006382,Other,random,C4,48.000000000,RC2_0046_ICR-3_p08
325.142186880,373.142194262,48.000007382,Other,random,C4,48.000000000,RC2_0046_ICR-3_p08
375.165906677,423.165914059,48.000007382,Other,random,C4,48.000000000,RC2_0046_ICR-3_p08
293.066606945,341.066614328,48.000007382,Other,random,C4,48.000000000,RC2_0046_ICR-3_p08
629.209165016,677.209172398,48.000007382,Other,random,C4,48.000000000,RC2_0046_ICR-3_p08
309.025120249,357.025128631,48.000008382,Other,random,C4,48.000000000,RC2_0046_ICR-3_p08
487.109204809,535.109213191,48.000008382,Other,random,C4,48.000000000,RC2_0046_ICR-3_p08
385.144720347,433.144729729,48.000009382,Other,random,C4,48.000000000,RC2_0046_ICR-3_p08
553.229069326,601.229078708,48.000009382,Other,random,C4,48.000000000,RC2_0046_ICR-3_p08
625.141028273,673.141037655,48.000009382,Other,random,C4,48.000000000,RC2_0046_ICR-3_p08
381.082418579,429.085782947,48.003364368,Other,random,C1H4S1,48.003372000,RC2_0046_ICR-3_p08
529.129504557,577.132868925,48.003364368,Other,random,C1H4S1,48.003372000,RC2_0046_ICR-3_p08
429.113317830,477.116683198,48.003365368,Other,random,C1H4S1,48.003372000,RC2_0046_ICR-3_p08
375.066421099,423.069787467,48.003366368,Other,random,C1H4S1,48.003372000,RC2_0046_ICR-3_p08
305.139318733,353.142686100,48.003367368,Other,random,C1H4S1,48.003372000,RC2_0046_ICR-3_p08
239.056148060,287.059517428,48.003369368,Other,random,C1H4S1,48.003372000,RC2_0046_ICR-3_p08
527.186641799,575.190012167,48.003370368,Other,random,C1H4S1,48.003372000,RC2_0046_ICR-3_p08
357.128608192,405.131978560,48.003370368,Other,random,C1H4S1,48.003372000,RC2_0046_ICR-3_p08
493.238403809,541.241778177,48.003374368,Other,random,C1H4S1,48.003372000,RC2_0046_ICR-3_p08
413.118394681,461.121770049,48.003375368,Other,random,C1H4S1,48.003372000,RC2_0046_ICR-3_p08
431.165408125,479.168784493,48.003376368,Other,random,C1H4S1,48.003372000,RC2_0046_ICR-3_p08
337.159927900,385.163305268,48.003377368,Other,random,C1H4S1,48.003372000,RC2_0046_ICR-3_p08
377.154835240,425.158213608,48.003378368,Other,random,C1H4S1,48.003372000,RC2_0046_ICR-3_p08
459.123916524,507.127296892,48.003380368,Other,random,C1H4S1,48.003372000,RC2_0046_ICR-3_p08
347.149900522,395.171020815,48.021120293,Other,random,C1H4O2,48.021130000,RC2_0046_ICR-3_p08
379.030454283,427.051574576,48.021120293,Other,random,C1H4O2,48.021130000,RC2_0046_ICR-3_p08
381.046223732,429.067344025,48.021120293,Other,random,C1H4O2,48.021130000,RC2_0046_ICR-3_p08
441.212854503,489.233974796,48.021120293,Other,random,C1H4O2,48.021130000,RC2_0046_ICR-3_p08
459.093144654,507.114264947,48.021120293,Other,random,C1H4O2,48.021130000,RC2_0046_ICR-3_p08
469.163375936,517.184496229,48.021120293,Other,random,C1H4O2,48.021130000,RC2_0046_ICR-3_p08
523.137606975,571.158727268,48.021120293,Other,random,C1H4O2,48.021130000,RC2_0046_ICR-3_p08
585.210914658,633.232034950,48.021120293,Other,random,C1H4O2,48.021130000,RC2_0046_ICR-3_p08
497.231003872,545.252125165,48.021121293,Other,random,C1H4O2,48.021130000,RC2_0046_ICR-3_p08
323.040714794,371.061836087,48.021121293,Other,random,C1H4O2,48.021130000,RC2_0046_ICR-3_p08
345.025123535,393.046244828,48.021121293,Other,random,C1H4O2,48.021130000,RC2_0046_ICR-3_p08
399.102820136,447.123941428,48.021121293,Other,random,C1H4O2,48.021130000,RC2_0046_ICR-3_p08
459.129384501,507.150505793,48.021121293,Other,random,C1H4O2,48.021130000,RC2_0046_ICR-3_p08
425.108641818,473.129764110,48.021122293,Other,random,C1H4O2,48.021130000,RC2_0046_ICR-3_p08
349.019999589,397.041121882,48.021122293,Other,random,C1H4O2,48.021130000,RC2_0046_ICR-3_p08
458.109174828,506.130297121,48.021122293,Other,random,C1H4O2,48.021130000,RC2_0046_ICR-3_p08
539.168829970,587.189952263,48.021122293,Other,random,C1H4O2,48.021130000,RC2_0046_ICR-3_p08
333.220002613,381.241124906,48.021122293,Other,random,C1H4O2,48.021130000,RC2_0046_ICR-3_p08
399.157739903,447.178862195,48.021122293,Other,random,C1H4O2,48.021130000,RC2_0046_ICR-3_p08
509.202722088,557.223844380,48.021122293,Other,random,C1H4O2,48.021130000,RC2_0046_ICR-3_p08
237.004127765,285.025250057,48.021122293,Other,random,C1H4O2,48.021130000,RC2_0046_ICR-3_p08
379.095271009,427.116393301,48.021122293,Other,random,C1H4O2,48.021130000,RC2_0046_ICR-3_p08
521.093539646,569.114661939,48.021122293,Other,random,C1H4O2,48.021130000,RC2_0046_ICR-3_p08
456.057082533,504.078205826,48.021123293,Other,random,C1H4O2,48.021130000,RC2_0046_ICR-3_p08
553.192703480,601.213827773,48.021124292,Other,random,C1H4O2,48.021130000,RC2_0046_ICR-3_p08
535.145700036,583.166824329,48.021124292,Other,random,C1H4O2,48.021130000,RC2_0046_ICR-3_p08
239.035039150,287.056163442,48.021124292,Other,random,C1H4O2,48.021130000,RC2_0046_ICR-3_p08
335.113467581,383.134591874,48.021124292,Other,random,C1H4O2,48.021130000,RC2_0046_ICR-3_p08
383.162785754,431.183910046,48.021124292,Other,random,C1H4O2,48.021130000,RC2_0046_ICR-3_p08
395.090198157,443.111322450,48.021124292,Other,random,C1H4O2,48.021130000,RC2_0046_ICR-3_p08
453.046247306,501.067371598,48.021124292,Other,random,C1H4O2,48.021130000,RC2_0046_ICR-3_p08
273.134353499,321.155478791,48.021125292,Other,random,C1H4O2,48.021130000,RC2_0046_ICR-3_p08
357.134214168,405.155339461,48.021125292,Other,random,C1H4O2,48.021130000,RC2_0046_ICR-3_p08
601.229078708,649.250204001,48.021125292,Other,random,C1H4O2,48.021130000,RC2_0046_ICR-3_p08
527.132518029,575.153643321,48.021125292,Other,random,C1H4O2,48.021130000,RC2_0046_ICR-3_p08
304.009768524,352.030893817,48.021125292,Other,random,C1H4O2,48.021130000,RC2_0046_ICR-3_p08
429.009854269,477.030979561,48.021125292,Other,random,C1H4O2,48.021130000,RC2_0046_ICR-3_p08
481.207632844,529.228758136,48.021125292,Other,random,C1H4O2,48.021130000,RC2_0046_ICR-3_p08
583.109562572,631.130687864,48.021125292,Other,random,C1H4O2,48.021130000,RC2_0046_ICR-3_p08
621.146273219,669.167399511,48.021126292,Other,random,C1H4O2,48.021130000,RC2_0046_ICR-3_p08
250.035671484,298.056797777,48.021126292,Other,random,C1H4O2,48.021130000,RC2_0046_ICR-3_p08
439.160662209,487.181788501,48.021126292,Other,random,C1H4O2,48.021130000,RC2_0046_ICR-3_p08
385.092719567,433.113845860,48.021126292,Other,random,C1H4O2,48.021130000,RC2_0046_ICR-3_p08
393.009625983,441.030752276,48.021126292,Other,random,C1H4O2,48.021130000,RC2_0046_ICR-3_p08
423.165914059,471.187040352,48.021126292,Other,random,C1H4O2,48.021130000,RC2_0046_ICR-3_p08
543.127438178,591.148564470,48.021126292,Other,random,C1H4O2,48.021130000,RC2_0046_ICR-3_p08
343.082106778,391.103234070,48.021127292,Other,random,C1H4O2,48.021130000,RC2_0046_ICR-3_p08
413.144988568,461.166115861,48.021127292,Other,random,C1H4O2,48.021130000,RC2_0046_ICR-3_p08
305.175747578,353.196874871,48.021127292,Other,random,C1H4O2,48.021130000,RC2_0046_ICR-3_p08
343.118588623,391.139715916,48.021127292,Other,random,C1H4O2,48.021130000,RC2_0046_ICR-3_p08
380.111579697,428.132707990,48.021128292,Other,random,C1H4O2,48.021130000,RC2_0046_ICR-3_p08
405.155339461,453.176467753,48.021128292,Other,random,C1H4O2,48.021130000,RC2_0046_ICR-3_p08
557.202876469,605.224004762,48.021128292,Other,random,C1H4O2,48.021130000,RC2_0046_ICR-3_p08
401.100698661,449.121826953,48.021128292,Other,random,C1H4O2,48.021130000,RC2_0046_ICR-3_p08
493.062202556,541.083330849,48.021128292,Other,random,C1H4O2,48.021130000,RC2_0046_ICR-3_p08
307.118609336,355.139738629,48.021129292,Other,random,C1H4O2,48.021130000,RC2_0046_ICR-3_p08
345.170591918,393.191721211,48.021129292,Other,random,C1H4O2,48.021130000,RC2_0046_ICR-3_p08
357.061348477,405.082477770,48.021129292,Other,random,C1H4O2,48.021130000,RC2_0046_ICR-3_p08
309.134218786,357.155348079,48.021129292,Other,random,C1H4O2,48.021130000,RC2_0046_ICR-3_p08
339.136681514,387.157810807,48.021129292,Other,random,C1H4O2,48.021130000,RC2_0046_ICR-3_p08
375.121347866,423.142477159,48.021129292,Other,random,C1H4O2,48.021130000,RC2_0046_ICR-3_p08
411.056790426,459.077919719,48.021129292,Other,random,C1H4O2,48.021130000,RC2_0046_ICR-3_p08
633.073703622,681.094832914,48.021129292,Other,random,C1H4O2,48.021130000,RC2_0046_ICR-3_p08
341.152334964,389.173465256,48.021130292,Other,random,C1H4O2,48.021130000,RC2_0046_ICR-3_p08
337.129139030,385.150269323,48.021130292,Other,random,C1H4O2,48.021130000,RC2_0046_ICR-3_p08
459.106166599,507.127296892,48.021130292,Other,random,C1H4O2,48.021130000,RC2_0046_ICR-3_p08
473.072409354,521.093539646,48.021130292,Other,random,C1H4O2,48.021130000,RC2_0046_ICR-3_p08
418.127117434,466.148247726,48.021130292,Other,random,C1H4O2,48.021130000,RC2_0046_ICR-3_p08
495.077938005,543.099068298,48.021130292,Other,random,C1H4O2,48.021130000,RC2_0046_ICR-3_p08
403.097599190,451.118730482,48.021131292,Other,random,C1H4O2,48.021130000,RC2_0046_ICR-3_p08
445.041071264,493.062202556,48.021131292,Other,random,C1H4O2,48.021130000,RC2_0046_ICR-3_p08
311.077088544,359.098219837,48.021131292,Other,random,C1H4O2,48.021130000,RC2_0046_ICR-3_p08
320.041108519,368.062239811,48.021131292,Other,random,C1H4O2,48.021130000,RC2_0046_ICR-3_p08
323.126518430,371.147649723,48.021131292,Other,random,C1H4O2,48.021130000,RC2_0046_ICR-3_p08
387.121381961,435.142513254,48.021131292,Other,random,C1H4O2,48.021130000,RC2_0046_ICR-3_p08
391.189115706,439.210246998,48.021131292,Other,random,C1H4O2,48.021130000,RC2_0046_ICR-3_p08
503.010230356,551.031361649,48.021131292,Other,random,C1H4O2,48.021130000,RC2_0046_ICR-3_p08
343.103348688,391.124480980,48.021132292,Other,random,C1H4O2,48.021130000,RC2_0046_ICR-3_p08
453.067303216,501.088435509,48.021132292,Other,random,C1H4O2,48.021130000,RC2_0046_ICR-3_p08
509.085645584,557.106777877,48.021132292,Other,random,C1H4O2,48.021130000,RC2_0046_ICR-3_p08
289.121132682,337.142265975,48.021133292,Other,random,C1H4O2,48.021130000,RC2_0046_ICR-3_p08
509.275429779,557.296563072,48.021133292,Other,random,C1H4O2,48.021130000,RC2_0046_ICR-3_p08
539.067913398,587.089046691,48.021133292,Other,random,C1H4O2,48.021130000,RC2_0046_ICR-3_p08
329.102931078,377.124064370,48.021133292,Other,random,C1H4O2,48.021130000,RC2_0046_ICR-3_p08
347.053659930,395.074793223,48.021133292,Other,random,C1H4O2,48.021130000,RC2_0046_ICR-3_p08
393.191721211,441.212854503,48.021133292,Other,random,C1H4O2,48.021130000,RC2_0046_ICR-3_p08
397.077311728,445.098445020,48.021133292,Other,random,C1H4O2,48.021130000,RC2_0046_ICR-3_p08
545.202814374,593.223947666,48.021133292,Other,random,C1H4O2,48.021130000,RC2_0046_ICR-3_p08
269.066630754,317.087765047,48.021134292,Other,random,C1H4O2,48.021130000,RC2_0046_ICR-3_p08
381.074433613,429.095567905,48.021134292,Other,random,C1H4O2,48.021130000,RC2_0046_ICR-3_p08
411.085032307,459.106166599,48.021134292,Other,random,C1H4O2,48.021130000,RC2_0046_ICR-3_p08
502.070500343,550.091634635,48.021134292,Other,random,C1H4O2,48.021130000,RC2_0046_ICR-3_p08
231.029927108,279.051061400,48.021134292,Other,random,C1H4O2,48.021130000,RC2_0046_ICR-3_p08
413.123838658,461.144972950,48.021134292,Other,random,C1H4O2,48.021130000,RC2_0046_ICR-3_p08
569.106832972,617.127967264,48.021134292,Other,random,C1H4O2,48.021130000,RC2_0046_ICR-3_p08
685.177591595,733.198726888,48.021135292,Other,random,C1H4O2,48.021130000,RC2_0046_ICR-3_p08
379.066941129,427.088076421,48.021135292,Other,random,C1H4O2,48.021130000,RC2_0046_ICR-3_p08
467.155762452,515.176897745,48.021135292,Other,random,C1H4O2,48.021130000,RC2_0046_ICR-3_p08
387.175505732,435.196641024,48.021135292,Other,random,C1H4O2,48.021130000,RC2_0046_ICR-3_p08
645.182876254,693.204012547,48.021136292,Other,random,C1H4O2,48.021130000,RC2_0046_ICR-3_p08
443.092520530,491.113656822,48.021136292,Other,random,C1H4O2,48.021130000,RC2_0046_ICR-3_p08
471.020455058,519.041591351,48.021136292,Other,random,C1H4O2,48.021130000,RC2_0046_ICR-3_p08
323.186323176,371.207460469,48.021137292,Other,random,C1H4O2,48.021130000,RC2_0046_ICR-3_p08
373.214900953,421.236038246,48.021137292,Other,random,C1H4O2,48.021130000,RC2_0046_ICR-3_p08
387.157810807,435.178948099,48.021137292,Other,random,C1H4O2,48.021130000,RC2_0046_ICR-3_p08
389.100660565,437.121797858,48.021137292,Other,random,C1H4O2,48.021130000,RC2_0046_ICR-3_p08
431.074774509,479.095911802,48.021137292,Other,random,C1H4O2,48.021130000,RC2_0046_ICR-3_p08
345.183700863,393.204839155,48.021138292,Other,random,C1H4O2,48.021130000,RC2_0046_ICR-3_p08
315.063982632,363.085120924,48.021138292,Other,random,C1H4O2,48.021130000,RC2_0046_ICR-3_p08
375.066421099,423.087559391,48.021138292,Other,random,C1H4O2,48.021130000,RC2_0046_ICR-3_p08
409.178559394,457.199697686,48.021138292,Other,random,C1H4O2,48.021130000,RC2_0046_ICR-3_p08
425.173575543,473.194713835,48.021138292,Other,random,C1H4O2,48.021130000,RC2_0046_ICR-3_p08
463.124446553,511.145584846,48.021138292,Other,random,C1H4O2,48.021130000,RC2_0046_ICR-3_p08
573.125134926,621.146273219,48.021138292,Other,random,C1H4O2,48.021130000,RC2_0046_ICR-3_p08
579.200299155,627.221437448,48.021138292,Other,random,C1H4O2,48.021130000,RC2_0046_ICR-3_p08
315.123710378,363.144849671,48.021139292,Other,random,C1H4O2,48.021130000,RC2_0046_ICR-3_p08
347.113414677,395.134553969,48.021139292,Other,random,C1H4O2,48.021130000,RC2_0046_ICR-3_p08
401.123967562,449.145106854,48.021139292,Other,random,C1H4O2,48.021130000,RC2_0046_ICR-3_p08
527.083035239,575.104174531,48.021139292,Other,random,C1H4O2,48.021130000,RC2_0046_ICR-3_p08
377.154835240,425.175974532,48.021139292,Other,random,C1H4O2,48.021130000,RC2_0046_ICR-3_p08
377.173368161,425.230873299,48.057505138,Other,random,C2H8O,48.057515000,RC2_0046_ICR-3_p08
347.126509621,395.184015759,48.057506138,Other,random,C2H8O,48.057515000,RC2_0046_ICR-3_p08
353.124102179,401.181608317,48.057506138,Other,random,C2H8O,48.057515000,RC2_0046_ICR-3_p08
377.209883006,425.267389145,48.057506138,Other,random,C2H8O,48.057515000,RC2_0046_ICR-3_p08
353.196874871,401.254381009,48.057506138,Other,random,C2H8O,48.057515000,RC2_0046_ICR-3_p08
457.077532205,505.135038343,48.057506138,Other,random,C2H8O,48.057515000,RC2_0046_ICR-3_p08
475.137426594,523.194932732,48.057506138,Other,random,C2H8O,48.057515000,RC2_0046_ICR-3_p08
297.089831879,345.147339017,48.057507138,Other,random,C2H8O,48.057515000,RC2_0046_ICR-3_p08
401.082095740,449.139602878,48.057507138,Other,random,C2H8O,48.057515000,RC2_0046_ICR-3_p08
485.145205141,533.202712279,48.057507138,Other,random,C2H8O,48.057515000,RC2_0046_ICR-3_p08
641.151739355,689.209246493,48.057507138,Other,random,C2H8O,48.057515000,RC2_0046_ICR-3_p08
474.031409286,522.088917424,48.057508138,Other,random,C2H8O,48.057515000,RC2_0046_ICR-3_p08
555.041691637,603.099199775,48.057508138,Other,random,C2H8O,48.057515000,RC2_0046_ICR-3_p08
585.088684176,633.146192314,48.057508138,Other,random,C2H8O,48.057515000,RC2_0046_ICR-3_p08
637.177400214,685.234909352,48.057509138,Other,random,C2H8O,48.057515000,RC2_0046_ICR-3_p08
329.066555232,377.124064370,48.057509138,Other,random,C2H8O,48.057515000,RC2_0046_ICR-3_p08
535.145700036,583.203209175,48.057509138,Other,random,C2H8O,48.057515000,RC2_0046_ICR-3_p08
555.114373329,603.171882467,48.057509138,Other,random,C2H8O,48.057515000,RC2_0046_ICR-3_p08
308.113859114,356.171370253,48.057511138,Other,random,C2H8O,48.057515000,RC2_0046_ICR-3_p08
285.040394993,333.097906131,48.057511138,Other,random,C2H8O,48.057515000,RC2_0046_ICR-3_p08
516.078087922,564.135599060,48.057511138,Other,random,C2H8O,48.057515000,RC2_0046_ICR-3_p08
357.097827323,405.155339461,48.057512138,Other,random,C2H8O,48.057515000,RC2_0046_ICR-3_p08
499.051704149,547.109216287,48.057512138,Other,random,C2H8O,48.057515000,RC2_0046_ICR-3_p08
597.109830182,645.167342320,48.057512138,Other,random,C2H8O,48.057515000,RC2_0046_ICR-3_p08
517.148048383,565.205560521,48.057512138,Other,random,C2H8O,48.057515000,RC2_0046_ICR-3_p08
455.025378910,503.082891048,48.057512138,Other,random,C2H8O,48.057515000,RC2_0046_ICR-3_p08
315.014563841,363.072076980,48.057513138,Other,random,C2H8O,48.057515000,RC2_0046_ICR-3_p08
331.009427991,379.066941129,48.057513138,Other,random,C2H8O,48.057515000,RC2_0046_ICR-3_p08
397.178456299,445.235969437,48.057513138,Other,random,C2H8O,48.057515000,RC2_0046_ICR-3_p08
448.096436303,496.153949441,48.057513138,Other,random,C2H8O,48.057515000,RC2_0046_ICR-3_p08
451.051581767,499.109094905,48.057513138,Other,random,C2H8O,48.057515000,RC2_0046_ICR-3_p08
515.155850834,563.213363972,48.057513138,Other,random,C2H8O,48.057515000,RC2_0046_ICR-3_p08
647.161896859,695.219409997,48.057513138,Other,random,C2H8O,48.057515000,RC2_0046_ICR-3_p08
431.098252410,479.155765548,48.057513138,Other,random,C2H8O,48.057515000,RC2_0046_ICR-3_p08
489.140020194,537.197533332,48.057513138,Other,random,C2H8O,48.057515000,RC2_0046_ICR-3_p08
497.158335180,545.215848318,48.057513138,Other,random,C2H8O,48.057515000,RC2_0046_ICR-3_p08
383.053812216,431.111326354,48.057514138,Other,random,C2H8O,48.057515000,RC2_0046_ICR-3_p08
387.084999116,435.142513254,48.057514138,Other,random,C2H8O,48.057515000,RC2_0046_ICR-3_p08
395.025350432,443.082864571,48.057514138,Other,random,C2H8O,48.057515000,RC2_0046_ICR-3_p08
633.073703622,681.131217760,48.057514138,Other,random,C2H8O,48.057515000,RC2_0046_ICR-3_p08
407.207416756,455.264931894,48.057515138,Other,random,C2H8O,48.057515000,RC2_0046_ICR-3_p08
304.046170370,352.103685508,48.057515138,Other,random,C2H8O,48.057515000,RC2_0046_ICR-3_p08
447.093013559,495.150528698,48.057515138,Other,random,C2H8O,48.057515000,RC2_0046_ICR-3_p08
525.233851083,573.291366221,48.057515138,Other,random,C2H8O,48.057515000,RC2_0046_ICR-3_p08
403.175990857,451.233505995,48.057515138,Other,random,C2H8O,48.057515000,RC2_0046_ICR-3_p08
427.160767113,475.218282251,48.057515138,Other,random,C2H8O,48.057515000,RC2_0046_ICR-3_p08
357.061348477,405.118864615,48.057516138,Other,random,C2H8O,48.057515000,RC2_0046_ICR-3_p08
411.093011273,459.150527411,48.057516138,Other,random,C2H8O,48.057515000,RC2_0046_ICR-3_p08
521.057145801,569.114661939,48.057516138,Other,random,C2H8O,48.057515000,RC2_0046_ICR-3_p08
477.212899790,525.270416928,48.057517138,Other,random,C2H8O,48.057515000,RC2_0046_ICR-3_p08
440.091278261,488.148795399,48.057517138,Other,random,C2H8O,48.057515000,RC2_0046_ICR-3_p08
489.176535039,537.234052178,48.057517138,Other,random,C2H8O,48.057515000,RC2_0046_ICR-3_p08
457.113785051,505.171302189,48.057517138,Other,random,C2H8O,48.057515000,RC2_0046_ICR-3_p08
313.048325182,361.105842320,48.057517138,Other,random,C2H8O,48.057515000,RC2_0046_ICR-3_p08
371.162860658,419.220378796,48.057518138,Other,random,C2H8O,48.057515000,RC2_0046_ICR-3_p08
315.087331533,363.144849671,48.057518138,Other,random,C2H8O,48.057515000,RC2_0046_ICR-3_p08
571.073052631,619.130570769,48.057518138,Other,random,C2H8O,48.057515000,RC2_0046_ICR-3_p08
307.082219491,355.139738629,48.057519138,Other,random,C2H8O,48.057515000,RC2_0046_ICR-3_p08
430.077757739,478.135276877,48.057519138,Other,random,C2H8O,48.057515000,RC2_0046_ICR-3_p08
495.186943543,543.244462681,48.057519138,Other,random,C2H8O,48.057515000,RC2_0046_ICR-3_p08
545.166428528,593.223947666,48.057519138,Other,random,C2H8O,48.057515000,RC2_0046_ICR-3_p08
269.066630754,317.124150892,48.057520138,Other,random,C2H8O,48.057515000,RC2_0046_ICR-3_p08
349.142139071,397.199659209,48.057520138,Other,random,C2H8O,48.057515000,RC2_0046_ICR-3_p08
569.179450664,617.236970802,48.057520138,Other,random,C2H8O,48.057515000,RC2_0046_ICR-3_p08
293.066606945,341.124127084,48.057520138,Other,random,C2H8O,48.057515000,RC2_0046_ICR-3_p08
343.066959842,391.124480980,48.057521138,Other,random,C2H8O,48.057515000,RC2_0046_ICR-3_p08
371.077031022,419.134552160,48.057521138,Other,random,C2H8O,48.057515000,RC2_0046_ICR-3_p08
377.124064370,425.181585509,48.057521138,Other,random,C2H8O,48.057515000,RC2_0046_ICR-3_p08
385.019858876,433.077380014,48.057521138,Other,random,C2H8O,48.057515000,RC2_0046_ICR-3_p08
407.134472065,455.191993203,48.057521138,Other,random,C2H8O,48.057515000,RC2_0046_ICR-3_p08
425.035929126,473.093450265,48.057521138,Other,random,C2H8O,48.057515000,RC2_0046_ICR-3_p08
575.226373013,623.283894151,48.057521138,Other,random,C2H8O,48.057515000,RC2_0046_ICR-3_p08
615.172195561,663.229716699,48.057521138,Other,random,C2H8O,48.057515000,RC2_0046_ICR-3_p08
389.123867467,437.181389605,48.057522138,Other,random,C2H8O,48.057515000,RC2_0046_ICR-3_p08
394.090747397,442.148269535,48.057522138,Other,random,C2H8O,48.057515000,RC2_0046_ICR-3_p08
495.041546160,543.099068298,48.057522138,Other,random,C2H8O,48.057515000,RC2_0046_ICR-3_p08
563.205457006,611.262979144,48.057522138,Other,random,C2H8O,48.057515000,RC2_0046_ICR-3_p08
501.103698444,549.161221582,48.057523138,Other,random,C2H8O,48.057515000,RC2_0046_ICR-3_p08
523.137606975,571.195130113,48.057523138,Other,random,C2H8O,48.057515000,RC2_0046_ICR-3_p08
661.177839403,709.235362541,48.057523138,Other,random,C2H8O,48.057515000,RC2_0046_ICR-3_p08
567.062702643,615.120226781,48.057524138,Other,random,C2H8O,48.057515000,RC2_0046_ICR-3_p08
317.152398773,365.209922911,48.057524138,Other,random,C2H8O,48.057515000,RC2_0046_ICR-3_p08
479.119272703,527.176796841,48.057524138,Other,random,C2H8O,48.057515000,RC2_0046_ICR-3_p08
365.051172584,413.108696722,48.057524138,Other,random,C2H8O,48.057515000,RC2_0046_ICR-3_p08
367.095291913,415.152816051,48.057524138,Other,random,C2H8O,48.057515000,RC2_0046_ICR-3_p08
625.083513517,673.141037655,48.057524138,Other,random,C2H8O,48.057515000,RC2_0046_ICR-3_p08
496.195196266,545.187773438,48.992577172,Other,random,H1O3,48.992570000,RC2_0046_ICR-3_p08
261.040534801,310.033112973,48.992578172,Other,random,H1O3,48.992570000,RC2_0046_ICR-3_p08
418.053885745,467.082842762,49.028957017,Other,random,C1H5O2,49.028955000,RC2_0046_ICR-3_p08
405.204660251,455.205029148,50.000368896,Other,random,H2O3,50.000378800,RC2_0046_ICR-3_p08
385.123456437,435.123825333,50.000368896,Other,random,H2O3,50.000378800,RC2_0046_ICR-3_p08
505.135038343,555.135407239,50.000368896,Other,random,H2O3,50.000378800,RC2_0046_ICR-3_p08
399.121456057,449.121826953,50.000370896,Other,random,H2O3,50.000378800,RC2_0046_ICR-3_p08
441.168307692,491.168678589,50.000370896,Other,random,H2O3,50.000378800,RC2_0046_ICR-3_p08
499.124478840,549.124849736,50.000370896,Other,random,H2O3,50.000378800,RC2_0046_ICR-3_p08
571.109359477,621.109730374,50.000370896,Other,random,H2O3,50.000378800,RC2_0046_ICR-3_p08
309.097848940,359.098219837,50.000370896,Other,random,H2O3,50.000378800,RC2_0046_ICR-3_p08
417.046213019,467.046583916,50.000370896,Other,random,H2O3,50.000378800,RC2_0046_ICR-3_p08
473.072409354,523.072780250,50.000370896,Other,random,H2O3,50.000378800,RC2_0046_ICR-3_p08
361.214930858,411.215302754,50.000371896,Other,random,H2O3,50.000378800,RC2_0046_ICR-3_p08
307.082219491,357.082591387,50.000371896,Other,random,H2O3,50.000378800,RC2_0046_ICR-3_p08
255.160194746,305.160566642,50.000371896,Other,random,H2O3,50.000378800,RC2_0046_ICR-3_p08
363.194225461,413.194597358,50.000371896,Other,random,H2O3,50.000378800,RC2_0046_ICR-3_p08
469.236171627,519.236543524,50.000371896,Other,random,H2O3,50.000378800,RC2_0046_ICR-3_p08
389.246267948,439.246640844,50.000372896,Other,random,H2O3,50.000378800,RC2_0046_ICR-3_p08
493.127064281,543.127438178,50.000373896,Other,random,H2O3,50.000378800,RC2_0046_ICR-3_p08
309.025120249,359.025494145,50.000373896,Other,random,H2O3,50.000378800,RC2_0046_ICR-3_p08
457.199697686,507.200071583,50.000373896,Other,random,H2O3,50.000378800,RC2_0046_ICR-3_p08
393.118996519,443.119370416,50.000373896,Other,random,H2O3,50.000378800,RC2_0046_ICR-3_p08
335.162930371,385.163305268,50.000374896,Other,random,H2O3,50.000378800,RC2_0046_ICR-3_p08
379.131647854,429.132022751,50.000374896,Other,random,H2O3,50.000378800,RC2_0046_ICR-3_p08
451.189052184,501.189427080,50.000374896,Other,random,H2O3,50.000378800,RC2_0046_ICR-3_p08
253.035401759,303.035776656,50.000374896,Other,random,H2O3,50.000378800,RC2_0046_ICR-3_p08
264.051337029,314.051712926,50.000375896,Other,random,H2O3,50.000378800,RC2_0046_ICR-3_p08
389.087667620,439.088043517,50.000375896,Other,random,H2O3,50.000378800,RC2_0046_ICR-3_p08
438.112042657,488.112418553,50.000375896,Other,random,H2O3,50.000378800,RC2_0046_ICR-3_p08
267.123774996,317.124150892,50.000375896,Other,random,H2O3,50.000378800,RC2_0046_ICR-3_p08
415.116292206,465.116668102,50.000375896,Other,random,H2O3,50.000378800,RC2_0046_ICR-3_p08
448.088417337,498.088794233,50.000376896,Other,random,H2O3,50.000378800,RC2_0046_ICR-3_p08
289.157489528,339.157866425,50.000376896,Other,random,H2O3,50.000378800,RC2_0046_ICR-3_p08
369.128625287,419.129002184,50.000376896,Other,random,H2O3,50.000378800,RC2_0046_ICR-3_p08
387.084999116,437.085376012,50.000376896,Other,random,H2O3,50.000378800,RC2_0046_ICR-3_p08
423.165914059,473.166290956,50.000376896,Other,random,H2O3,50.000378800,RC2_0046_ICR-3_p08
513.176541230,563.176918127,50.000376896,Other,random,H2O3,50.000378800,RC2_0046_ICR-3_p08
555.236593810,605.236970707,50.000376896,Other,random,H2O3,50.000378800,RC2_0046_ICR-3_p08
343.076587801,393.076965698,50.000377896,Other,random,H2O3,50.000378800,RC2_0046_ICR-3_p08
473.230952681,523.231330578,50.000377896,Other,random,H2O3,50.000378800,RC2_0046_ICR-3_p08
400.067213045,450.067591941,50.000378896,Other,random,H2O3,50.000378800,RC2_0046_ICR-3_p08
419.256913641,469.257292538,50.000378896,Other,random,H2O3,50.000378800,RC2_0046_ICR-3_p08
463.233418091,513.233796988,50.000378896,Other,random,H2O3,50.000378800,RC2_0046_ICR-3_p08
563.205457006,613.205835902,50.000378896,Other,random,H2O3,50.000378800,RC2_0046_ICR-3_p08
367.131651759,417.132031655,50.000379896,Other,random,H2O3,50.000378800,RC2_0046_ICR-3_p08
371.162860658,421.163240555,50.000379896,Other,random,H2O3,50.000378800,RC2_0046_ICR-3_p08
575.140648376,625.141028273,50.000379896,Other,random,H2O3,50.000378800,RC2_0046_ICR-3_p08
567.078289577,617.078669474,50.000379896,Other,random,H2O3,50.000378800,RC2_0046_ICR-3_p08
441.046034211,491.046414107,50.000379896,Other,random,H2O3,50.000378800,RC2_0046_ICR-3_p08
529.135071534,579.135451430,50.000379896,Other,random,H2O3,50.000378800,RC2_0046_ICR-3_p08
567.163916214,617.164297110,50.000380896,Other,random,H2O3,50.000378800,RC2_0046_ICR-3_p08
389.051174775,439.051555672,50.000380896,Other,random,H2O3,50.000378800,RC2_0046_ICR-3_p08
516.078087922,566.078469818,50.000381896,Other,random,H2O3,50.000378800,RC2_0046_ICR-3_p08
301.144433679,351.144815575,50.000381896,Other,random,H2O3,50.000378800,RC2_0046_ICR-3_p08
375.072046075,425.072427972,50.000381896,Other,random,H2O3,50.000378800,RC2_0046_ICR-3_p08
502.098851222,552.099233119,50.000381896,Other,random,H2O3,50.000378800,RC2_0046_ICR-3_p08
429.204747442,479.205129339,50.000381896,Other,random,H2O3,50.000378800,RC2_0046_ICR-3_p08
270.061965532,320.062348428,50.000382896,Other,random,H2O3,50.000378800,RC2_0046_ICR-3_p08
384.036035050,434.036417946,50.000382896,Other,random,H2O3,50.000378800,RC2_0046_ICR-3_p08
385.129030413,435.129413309,50.000382896,Other,random,H2O3,50.000378800,RC2_0046_ICR-3_p08
397.077311728,447.077694624,50.000382896,Other,random,H2O3,50.000378800,RC2_0046_ICR-3_p08
513.153287329,563.153670226,50.000382896,Other,random,H2O3,50.000378800,RC2_0046_ICR-3_p08
381.110942458,431.111326354,50.000383896,Other,random,H2O3,50.000378800,RC2_0046_ICR-3_p08
511.101215034,561.101598930,50.000383896,Other,random,H2O3,50.000378800,RC2_0046_ICR-3_p08
495.056857095,545.057240991,50.000383896,Other,random,H2O3,50.000378800,RC2_0046_ICR-3_p08
309.170696631,359.171080528,50.000383896,Other,random,H2O3,50.000378800,RC2_0046_ICR-3_p08
583.145808418,633.146192314,50.000383896,Other,random,H2O3,50.000378800,RC2_0046_ICR-3_p08
619.167014615,669.167399511,50.000384896,Other,random,H2O3,50.000378800,RC2_0046_ICR-3_p08
495.106405885,545.106790781,50.000384896,Other,random,H2O3,50.000378800,RC2_0046_ICR-3_p08
497.122003334,547.122388231,50.000384896,Other,random,H2O3,50.000378800,RC2_0046_ICR-3_p08
266.067068479,316.067453375,50.000384896,Other,random,H2O3,50.000378800,RC2_0046_ICR-3_p08
329.066555232,379.066941129,50.000385896,Other,random,H2O3,50.000378800,RC2_0046_ICR-3_p08
579.200299155,629.200685051,50.000385896,Other,random,H2O3,50.000378800,RC2_0046_ICR-3_p08
349.129151126,399.129537022,50.000385896,Other,random,H2O3,50.000378800,RC2_0046_ICR-3_p08
397.159894378,447.160280274,50.000385896,Other,random,H2O3,50.000378800,RC2_0046_ICR-3_p08
565.083511039,615.083896935,50.000385896,Other,random,H2O3,50.000378800,RC2_0046_ICR-3_p08
455.061816755,505.062203652,50.000386896,Other,random,H2O3,50.000378800,RC2_0046_ICR-3_p08
533.129930587,583.130317484,50.000386896,Other,random,H2O3,50.000378800,RC2_0046_ICR-3_p08
629.187719106,679.188106003,50.000386896,Other,random,H2O3,50.000378800,RC2_0046_ICR-3_p08
373.178584107,423.178972004,50.000387896,Other,random,H2O3,50.000378800,RC2_0046_ICR-3_p08
403.103167166,453.103555062,50.000387896,Other,random,H2O3,50.000378800,RC2_0046_ICR-3_p08
435.093034464,485.093422360,50.000387896,Other,random,H2O3,50.000378800,RC2_0046_ICR-3_p08
385.199607114,435.215247945,50.015640832,Other,random,C4H2,50.015650000,RC2_0046_ICR-3_p08
445.134887866,495.150528698,50.015640832,Other,random,C4H2,50.015650000,RC2_0046_ICR-3_p08
573.218982528,623.234623360,50.015640832,Other,random,C4H2,50.015650000,RC2_0046_ICR-3_p08
355.066835938,405.082477770,50.015641832,Other,random,C4H2,50.015650000,RC2_0046_ICR-3_p08
365.173371066,415.189012897,50.015641832,Other,random,C4H2,50.015650000,RC2_0046_ICR-3_p08
413.175855437,463.191497269,50.015641832,Other,random,C4H2,50.015650000,RC2_0046_ICR-3_p08
540.136120867,590.151762699,50.015641832,Other,random,C4H2,50.015650000,RC2_0046_ICR-3_p08
405.168317406,455.183959237,50.015641832,Other,random,C4H2,50.015650000,RC2_0046_ICR-3_p08
367.030570187,417.046213019,50.015642832,Other,random,C4H2,50.015650000,RC2_0046_ICR-3_p08
385.163305268,435.178948099,50.015642832,Other,random,C4H2,50.015650000,RC2_0046_ICR-3_p08
551.262833667,601.278476499,50.015642832,Other,random,C4H2,50.015650000,RC2_0046_ICR-3_p08
553.192703480,603.208347312,50.015643832,Other,random,C4H2,50.015650000,RC2_0046_ICR-3_p08
407.129005088,457.144648920,50.015643832,Other,random,C4H2,50.015650000,RC2_0046_ICR-3_p08
443.155615262,493.171259094,50.015643832,Other,random,C4H2,50.015650000,RC2_0046_ICR-3_p08
296.041124327,346.056768159,50.015643832,Other,random,C4H2,50.015650000,RC2_0046_ICR-3_p08
309.147307731,359.162951562,50.015643832,Other,random,C4H2,50.015650000,RC2_0046_ICR-3_p08
403.051659385,453.067303216,50.015643832,Other,random,C4H2,50.015650000,RC2_0046_ICR-3_p08
421.113886764,471.129530596,50.015643832,Other,random,C4H2,50.015650000,RC2_0046_ICR-3_p08
313.056432148,363.072076980,50.015644832,Other,random,C4H2,50.015650000,RC2_0046_ICR-3_p08
397.163217364,447.178862195,50.015644832,Other,random,C4H2,50.015650000,RC2_0046_ICR-3_p08
337.129139030,387.144784862,50.015645832,Other,random,C4H2,50.015650000,RC2_0046_ICR-3_p08
331.103303592,381.118949424,50.015645832,Other,random,C4H2,50.015650000,RC2_0046_ICR-3_p08
429.103625871,479.119272703,50.015646832,Other,random,C4H2,50.015650000,RC2_0046_ICR-3_p08
343.103348688,393.118996519,50.015647832,Other,random,C4H2,50.015650000,RC2_0046_ICR-3_p08
369.155289174,419.170937006,50.015647832,Other,random,C4H2,50.015650000,RC2_0046_ICR-3_p08
579.221452065,629.237099897,50.015647832,Other,random,C4H2,50.015650000,RC2_0046_ICR-3_p08
347.207435278,397.223083110,50.015647832,Other,random,C4H2,50.015650000,RC2_0046_ICR-3_p08
391.152659861,441.168307692,50.015647832,Other,random,C4H2,50.015650000,RC2_0046_ICR-3_p08
303.108454348,353.124102179,50.015647832,Other,random,C4H2,50.015650000,RC2_0046_ICR-3_p08
224.056505689,274.072153521,50.015647832,Other,random,C4H2,50.015650000,RC2_0046_ICR-3_p08
395.111104069,445.126752900,50.015648832,Other,random,C4H2,50.015650000,RC2_0046_ICR-3_p08
409.126819613,459.142468445,50.015648832,Other,random,C4H2,50.015650000,RC2_0046_ICR-3_p08
395.061821278,445.077470109,50.015648832,Other,random,C4H2,50.015650000,RC2_0046_ICR-3_p08
449.139602878,499.155251709,50.015648832,Other,random,C4H2,50.015650000,RC2_0046_ICR-3_p08
341.154772954,391.170422785,50.015649832,Other,random,C4H2,50.015650000,RC2_0046_ICR-3_p08
361.041140595,411.056790426,50.015649832,Other,random,C4H2,50.015650000,RC2_0046_ICR-3_p08
473.194713835,523.210363667,50.015649832,Other,random,C4H2,50.015650000,RC2_0046_ICR-3_p08
531.127359082,581.143008914,50.015649832,Other,random,C4H2,50.015650000,RC2_0046_ICR-3_p08
345.155369983,395.171020815,50.015650832,Other,random,C4H2,50.015650000,RC2_0046_ICR-3_p08
357.082591387,407.098242219,50.015650832,Other,random,C4H2,50.015650000,RC2_0046_ICR-3_p08
521.252067974,571.267718805,50.015650832,Other,random,C4H2,50.015650000,RC2_0046_ICR-3_p08
347.098198741,397.113849573,50.015650832,Other,random,C4H2,50.015650000,RC2_0046_ICR-3_p08
397.113849573,447.129500405,50.015650832,Other,random,C4H2,50.015650000,RC2_0046_ICR-3_p08
397.126908518,447.142559349,50.015650832,Other,random,C4H2,50.015650000,RC2_0046_ICR-3_p08
455.228278049,505.243928881,50.015650832,Other,random,C4H2,50.015650000,RC2_0046_ICR-3_p08
423.215300850,473.230952681,50.015651832,Other,random,C4H2,50.015650000,RC2_0046_ICR-3_p08
541.241778177,591.257430008,50.015651832,Other,random,C4H2,50.015650000,RC2_0046_ICR-3_p08
553.229069326,603.244721158,50.015651832,Other,random,C4H2,50.015650000,RC2_0046_ICR-3_p08
613.141322176,663.156974008,50.015651832,Other,random,C4H2,50.015650000,RC2_0046_ICR-3_p08
515.168918779,565.184571610,50.015652832,Other,random,C4H2,50.015650000,RC2_0046_ICR-3_p08
547.231418768,597.247071600,50.015652832,Other,random,C4H2,50.015650000,RC2_0046_ICR-3_p08
323.162931276,373.178584107,50.015652832,Other,random,C4H2,50.015650000,RC2_0046_ICR-3_p08
477.067382407,527.083035239,50.015652832,Other,random,C4H2,50.015650000,RC2_0046_ICR-3_p08
227.019762119,277.035415950,50.015653832,Other,random,C4H2,50.015650000,RC2_0046_ICR-3_p08
339.035520944,389.051174775,50.015653832,Other,random,C4H2,50.015650000,RC2_0046_ICR-3_p08
499.145566750,549.161221582,50.015654832,Other,random,C4H2,50.015650000,RC2_0046_ICR-3_p08
383.165244744,433.180899575,50.015654832,Other,random,C4H2,50.015650000,RC2_0046_ICR-3_p08
389.100660565,439.116315397,50.015654832,Other,random,C4H2,50.015650000,RC2_0046_ICR-3_p08
389.108638531,439.124293363,50.015654832,Other,random,C4H2,50.015650000,RC2_0046_ICR-3_p08
447.129500405,497.145155236,50.015654832,Other,random,C4H2,50.015650000,RC2_0046_ICR-3_p08
457.207825652,507.223480484,50.015654832,Other,random,C4H2,50.015650000,RC2_0046_ICR-3_p08
471.187040352,521.202695183,50.015654832,Other,random,C4H2,50.015650000,RC2_0046_ICR-3_p08
519.200250678,569.215905509,50.015654832,Other,random,C4H2,50.015650000,RC2_0046_ICR-3_p08
375.121347866,425.137002698,50.015654832,Other,random,C4H2,50.015650000,RC2_0046_ICR-3_p08
225.040542515,275.056198346,50.015655832,Other,random,C4H2,50.015650000,RC2_0046_ICR-3_p08
433.113845860,483.129501691,50.015655832,Other,random,C4H2,50.015650000,RC2_0046_ICR-3_p08
597.219042719,647.234698550,50.015655832,Other,random,C4H2,50.015650000,RC2_0046_ICR-3_p08
611.125479727,661.141135559,50.015655832,Other,random,C4H2,50.015650000,RC2_0046_ICR-3_p08
475.181761406,525.197417237,50.015655832,Other,random,C4H2,50.015650000,RC2_0046_ICR-3_p08
455.191993203,505.207650035,50.015656832,Other,random,C4H2,50.015650000,RC2_0046_ICR-3_p08
487.173811535,537.189468367,50.015656832,Other,random,C4H2,50.015650000,RC2_0046_ICR-3_p08
495.077938005,545.093594837,50.015656832,Other,random,C4H2,50.015650000,RC2_0046_ICR-3_p08
395.184015759,445.199672591,50.015656832,Other,random,C4H2,50.015650000,RC2_0046_ICR-3_p08
413.158117513,463.173775344,50.015657832,Other,random,C4H2,50.015650000,RC2_0046_ICR-3_p08
433.144729729,483.160387560,50.015657832,Other,random,C4H2,50.015650000,RC2_0046_ICR-3_p08
497.093558455,547.109216287,50.015657832,Other,random,C4H2,50.015650000,RC2_0046_ICR-3_p08
380.111579697,430.127237529,50.015657832,Other,random,C4H2,50.015650000,RC2_0046_ICR-3_p08
367.116372823,417.132031655,50.015658832,Other,random,C4H2,50.015650000,RC2_0046_ICR-3_p08
345.074538326,395.090198157,50.015659832,Other,random,C4H2,50.015650000,RC2_0046_ICR-3_p08
347.126509621,397.142169453,50.015659832,Other,random,C4H2,50.015650000,RC2_0046_ICR-3_p08
395.074793223,445.090453054,50.015659832,Other,random,C4H2,50.015650000,RC2_0046_ICR-3_p08
507.041553255,557.057213087,50.015659832,Other,random,C4H2,50.015650000,RC2_0046_ICR-3_p08
401.145149472,451.160809304,50.015659832,Other,random,C4H2,50.015650000,RC2_0046_ICR-3_p08
497.057056610,547.072716442,50.015659832,Other,random,C4H2,50.015650000,RC2_0046_ICR-3_p08
341.079649272,391.106528056,50.026878784,Other,random,C3H2N2O_1,50.026883000,RC2_0046_ICR-3_p08
303.072087502,353.098967286,50.026879784,Other,random,C3H2N2O_1,50.026883000,RC2_0046_ICR-3_p08
273.061628807,323.088510591,50.026881784,Other,random,C3H2N2O_1,50.026883000,RC2_0046_ICR-3_p08
542.093670563,592.130418305,50.036747742,Other,random,CH6O2,50.036757360,RC2_0046_ICR-3_p08
315.050887687,365.087635429,50.036747742,Other,random,CH6O2,50.036757360,RC2_0046_ICR-3_p08
395.098140124,445.134887866,50.036747742,Other,random,CH6O2,50.036757360,RC2_0046_ICR-3_p08
635.162207762,685.198955505,50.036747742,Other,random,CH6O2,50.036757360,RC2_0046_ICR-3_p08
601.119982171,651.156730913,50.036748742,Other,random,CH6O2,50.036757360,RC2_0046_ICR-3_p08
255.123817900,305.160566642,50.036748742,Other,random,CH6O2,50.036757360,RC2_0046_ICR-3_p08
398.101132385,448.137882127,50.036749742,Other,random,CH6O2,50.036757360,RC2_0046_ICR-3_p08
271.024766448,321.061516190,50.036749742,Other,random,CH6O2,50.036757360,RC2_0046_ICR-3_p08
381.147160304,431.183910046,50.036749742,Other,random,CH6O2,50.036757360,RC2_0046_ICR-3_p08
429.204747442,479.241497184,50.036749742,Other,random,CH6O2,50.036757360,RC2_0046_ICR-3_p08
629.260960796,679.297710538,50.036749742,Other,random,CH6O2,50.036757360,RC2_0046_ICR-3_p08
401.014832025,451.051581767,50.036749742,Other,random,CH6O2,50.036757360,RC2_0046_ICR-3_p08
376.080321798,426.117072540,50.036750742,Other,random,CH6O2,50.036757360,RC2_0046_ICR-3_p08
569.093820027,619.130570769,50.036750742,Other,random,CH6O2,50.036757360,RC2_0046_ICR-3_p08
472.124848373,522.161599116,50.036750742,Other,random,CH6O2,50.036757360,RC2_0046_ICR-3_p08
309.025120249,359.061871991,50.036751742,Other,random,CH6O2,50.036757360,RC2_0046_ICR-3_p08
231.029927108,281.066678850,50.036751742,Other,random,CH6O2,50.036757360,RC2_0046_ICR-3_p08
379.095271009,429.132022751,50.036751742,Other,random,CH6O2,50.036757360,RC2_0046_ICR-3_p08
450.039211062,500.075962804,50.036751742,Other,random,CH6O2,50.036757360,RC2_0046_ICR-3_p08
345.134268072,395.171020815,50.036752742,Other,random,CH6O2,50.036757360,RC2_0046_ICR-3_p08
443.025449814,493.062202556,50.036752742,Other,random,CH6O2,50.036757360,RC2_0046_ICR-3_p08
276.051284125,326.088036867,50.036752742,Other,random,CH6O2,50.036757360,RC2_0046_ICR-3_p08
357.092252346,407.129005088,50.036752742,Other,random,CH6O2,50.036757360,RC2_0046_ICR-3_p08
395.199216695,445.235969437,50.036752742,Other,random,CH6O2,50.036757360,RC2_0046_ICR-3_p08
438.112042657,488.148795399,50.036752742,Other,random,CH6O2,50.036757360,RC2_0046_ICR-3_p08
511.137589880,561.174342622,50.036752742,Other,random,CH6O2,50.036757360,RC2_0046_ICR-3_p08
359.144237642,409.180991384,50.036753742,Other,random,CH6O2,50.036757360,RC2_0046_ICR-3_p08
375.194119557,425.230873299,50.036753742,Other,random,CH6O2,50.036757360,RC2_0046_ICR-3_p08
421.142285643,471.179039386,50.036753742,Other,random,CH6O2,50.036757360,RC2_0046_ICR-3_p08
565.192570576,615.229324319,50.036753742,Other,random,CH6O2,50.036757360,RC2_0046_ICR-3_p08
495.106405885,545.143159627,50.036753742,Other,random,CH6O2,50.036757360,RC2_0046_ICR-3_p08
355.058749972,405.095503714,50.036753742,Other,random,CH6O2,50.036757360,RC2_0046_ICR-3_p08
369.118926329,419.155680071,50.036753742,Other,random,CH6O2,50.036757360,RC2_0046_ICR-3_p08
457.126895995,507.163649737,50.036753742,Other,random,CH6O2,50.036757360,RC2_0046_ICR-3_p08
377.051321679,427.088076421,50.036754742,Other,random,CH6O2,50.036757360,RC2_0046_ICR-3_p08
467.192161298,517.228916040,50.036754742,Other,random,CH6O2,50.036757360,RC2_0046_ICR-3_p08
461.194548740,511.231304482,50.036755742,Other,random,CH6O2,50.036757360,RC2_0046_ICR-3_p08
339.108406634,389.145163376,50.036756742,Other,random,CH6O2,50.036757360,RC2_0046_ICR-3_p08
347.113414677,397.150171419,50.036756742,Other,random,CH6O2,50.036757360,RC2_0046_ICR-3_p08
399.194197748,449.230954490,50.036756742,Other,random,CH6O2,50.036757360,RC2_0046_ICR-3_p08
557.239250315,607.276007057,50.036756742,Other,random,CH6O2,50.036757360,RC2_0046_ICR-3_p08
617.223935857,667.260693599,50.036757742,Other,random,CH6O2,50.036757360,RC2_0046_ICR-3_p08
441.113348925,491.150107667,50.036758742,Other,random,CH6O2,50.036757360,RC2_0046_ICR-3_p08
601.192671863,651.229430605,50.036758742,Other,random,CH6O2,50.036757360,RC2_0046_ICR-3_p08
445.186636646,495.223395388,50.036758742,Other,random,CH6O2,50.036757360,RC2_0046_ICR-3_p08
283.045890454,333.082649196,50.036758742,Other,random,CH6O2,50.036757360,RC2_0046_ICR-3_p08
415.116292206,465.153050948,50.036758742,Other,random,CH6O2,50.036757360,RC2_0046_ICR-3_p08
523.173911821,573.210670563,50.036758742,Other,random,CH6O2,50.036757360,RC2_0046_ICR-3_p08
371.113403868,421.150163610,50.036759742,Other,random,CH6O2,50.036757360,RC2_0046_ICR-3_p08
413.087686811,463.124446553,50.036759742,Other,random,CH6O2,50.036757360,RC2_0046_ICR-3_p08
444.057074438,494.093834180,50.036759742,Other,random,CH6O2,50.036757360,RC2_0046_ICR-3_p08
369.147203209,419.183962951,50.036759742,Other,random,CH6O2,50.036757360,RC2_0046_ICR-3_p08
497.035956699,547.072716442,50.036759742,Other,random,CH6O2,50.036757360,RC2_0046_ICR-3_p08
403.139707011,453.176467753,50.036760742,Other,random,CH6O2,50.036757360,RC2_0046_ICR-3_p08
293.175749483,343.212510225,50.036760742,Other,random,CH6O2,50.036757360,RC2_0046_ICR-3_p08
357.110821267,407.147582010,50.036760742,Other,random,CH6O2,50.036757360,RC2_0046_ICR-3_p08
433.199507496,483.236268238,50.036760742,Other,random,CH6O2,50.036757360,RC2_0046_ICR-3_p08
527.168744875,577.205505617,50.036760742,Other,random,CH6O2,50.036757360,RC2_0046_ICR-3_p08
541.111803728,591.148564470,50.036760742,Other,random,CH6O2,50.036757360,RC2_0046_ICR-3_p08
365.014899738,415.051660480,50.036760742,Other,random,CH6O2,50.036757360,RC2_0046_ICR-3_p08
431.098252410,481.135014152,50.036761742,Other,random,CH6O2,50.036757360,RC2_0046_ICR-3_p08
429.132022751,479.168784493,50.036761742,Other,random,CH6O2,50.036757360,RC2_0046_ICR-3_p08
373.092637472,423.129399214,50.036761742,Other,random,CH6O2,50.036757360,RC2_0046_ICR-3_p08
581.057586276,631.094349018,50.036762742,Other,random,CH6O2,50.036757360,RC2_0046_ICR-3_p08
313.084682028,363.121444770,50.036762742,Other,random,CH6O2,50.036757360,RC2_0046_ICR-3_p08
385.142185357,435.178948099,50.036762742,Other,random,CH6O2,50.036757360,RC2_0046_ICR-3_p08
401.100698661,451.137461403,50.036762742,Other,random,CH6O2,50.036757360,RC2_0046_ICR-3_p08
455.111370545,505.148134287,50.036763742,Other,random,CH6O2,50.036757360,RC2_0046_ICR-3_p08
287.141838079,337.178601821,50.036763742,Other,random,CH6O2,50.036757360,RC2_0046_ICR-3_p08
555.114373329,605.151138071,50.036764742,Other,random,CH6O2,50.036757360,RC2_0046_ICR-3_p08
327.050797783,377.087562525,50.036764742,Other,random,CH6O2,50.036757360,RC2_0046_ICR-3_p08
327.087299628,377.124064370,50.036764742,Other,random,CH6O2,50.036757360,RC2_0046_ICR-3_p08
391.189115706,441.225880448,50.036764742,Other,random,CH6O2,50.036757360,RC2_0046_ICR-3_p08
417.191582402,467.228347145,50.036764742,Other,random,CH6O2,50.036757360,RC2_0046_ICR-3_p08
505.135038343,555.171803085,50.036764742,Other,random,CH6O2,50.036757360,RC2_0046_ICR-3_p08
373.214900953,423.251666695,50.036765742,Other,random,CH6O2,50.036757360,RC2_0046_ICR-3_p08
415.103213261,465.139979003,50.036765742,Other,random,CH6O2,50.036757360,RC2_0046_ICR-3_p08
437.108773913,487.145539655,50.036765742,Other,random,CH6O2,50.036757360,RC2_0046_ICR-3_p08
448.052028491,498.088794233,50.036765742,Other,random,CH6O2,50.036757360,RC2_0046_ICR-3_p08
563.205457006,613.242222748,50.036765742,Other,random,CH6O2,50.036757360,RC2_0046_ICR-3_p08
537.088629794,587.125395537,50.036765742,Other,random,CH6O2,50.036757360,RC2_0046_ICR-3_p08
363.157831616,413.194597358,50.036765742,Other,random,CH6O2,50.036757360,RC2_0046_ICR-3_p08
365.087635429,415.124401172,50.036765742,Other,random,CH6O2,50.036757360,RC2_0046_ICR-3_p08
475.233650186,525.270416928,50.036766742,Other,random,CH6O2,50.036757360,RC2_0046_ICR-3_p08
461.158034895,511.194801637,50.036766742,Other,random,CH6O2,50.036757360,RC2_0046_ICR-3_p08
372.072309800,422.109076542,50.036766742,Other,random,CH6O2,50.036757360,RC2_0046_ICR-3_p08
479.082786858,530.130061313,51.047274455,Other,random,C4H5N1O_1,51.047284000,RC2_0046_ICR-3_p08
297.074484944,348.121761399,51.047276455,Other,random,C4H5N1O_1,51.047284000,RC2_0046_ICR-3_p08
381.046223732,432.093501188,51.047277455,Other,random,C4H5N1O_1,51.047284000,RC2_0046_ICR-3_p08
467.046583916,518.093862371,51.047278455,Other,random,C4H5N1O_1,51.047284000,RC2_0046_ICR-3_p08
295.009489704,346.056768159,51.047278455,Other,random,C4H5N1O_1,51.047284000,RC2_0046_ICR-3_p08
413.072388876,464.119670332,51.047281455,Other,random,C4H5N1O_1,51.047284000,RC2_0046_ICR-3_p08
379.079953073,430.127237529,51.047284455,Other,random,C4H5N1O_1,51.047284000,RC2_0046_ICR-3_p08
401.035849936,452.083134391,51.047284455,Other,random,C4H5N1O_1,51.047284000,RC2_0046_ICR-3_p08
371.111062878,422.158349333,51.047286455,Other,random,C4H5N1O_1,51.047284000,RC2_0046_ICR-3_p08
227.019762119,278.067049574,51.047287455,Other,random,C4H5N1O_1,51.047284000,RC2_0046_ICR-3_p08
475.072935867,526.120224323,51.047288455,Other,random,C4H5N1O_1,51.047284000,RC2_0046_ICR-3_p08
425.072427972,476.119717427,51.047289455,Other,random,C4H5N1O_1,51.047284000,RC2_0046_ICR-3_p08
311.162898180,362.210190636,51.047292455,Other,random,C4H5N1O_1,51.047284000,RC2_0046_ICR-3_p08
355.030544092,406.077836547,51.047292455,Other,random,C4H5N1O_1,51.047284000,RC2_0046_ICR-3_p08
497.057056610,548.104349065,51.047292455,Other,random,C4H5N1O_1,51.047284000,RC2_0046_ICR-3_p08
245.139512254,297.110920789,51.971408535,Other,random,C_1H1O2P1,51.971418000,RC2_0046_ICR-3_p08
543.280876527,595.252286062,51.971409535,Other,random,C_1H1O2P1,51.971418000,RC2_0046_ICR-3_p08
315.160242223,367.131651759,51.971409535,Other,random,C_1H1O2P1,51.971418000,RC2_0046_ICR-3_p08
367.103365879,419.074776414,51.971410535,Other,random,C_1H1O2P1,51.971418000,RC2_0046_ICR-3_p08
291.160217032,343.131627568,51.971410535,Other,random,C_1H1O2P1,51.971418000,RC2_0046_ICR-3_p08
313.201958531,365.173371066,51.971412535,Other,random,C_1H1O2P1,51.971418000,RC2_0046_ICR-3_p08
569.332953013,621.304365548,51.971412535,Other,random,C_1H1O2P1,51.971418000,RC2_0046_ICR-3_p08
319.118653432,371.090066967,51.971413535,Other,random,C_1H1O2P1,51.971418000,RC2_0046_ICR-3_p08
301.129241743,353.100656279,51.971414535,Other,random,C_1H1O2P1,51.971418000,RC2_0046_ICR-3_p08
299.149973140,351.121387675,51.971414535,Other,random,C_1H1O2P1,51.971418000,RC2_0046_ICR-3_p08
397.113849573,449.085265108,51.971415535,Other,random,C_1H1O2P1,51.971418000,RC2_0046_ICR-3_p08
469.098457211,521.069873747,51.971416535,Other,random,C_1H1O2P1,51.971418000,RC2_0046_ICR-3_p08
431.228560857,483.199977392,51.971416535,Other,random,C_1H1O2P1,51.971418000,RC2_0046_ICR-3_p08
285.097950749,337.069369284,51.971418535,Other,random,C_1H1O2P1,51.971418000,RC2_0046_ICR-3_p08
257.175886195,309.147307731,51.971421535,Other,random,C_1H1O2P1,51.971418000,RC2_0046_ICR-3_p08
401.145149472,453.116572007,51.971422535,Other,random,C_1H1O2P1,51.971418000,RC2_0046_ICR-3_p08
423.202264905,475.173688440,51.971423535,Other,random,C_1H1O2P1,51.971418000,RC2_0046_ICR-3_p08
539.286006473,591.257430008,51.971423535,Other,random,C_1H1O2P1,51.971418000,RC2_0046_ICR-3_p08
325.129161935,377.100588470,51.971426535,Other,random,C_1H1O2P1,51.971418000,RC2_0046_ICR-3_p08
318.155795516,370.127223051,51.971427535,Other,random,C_1H1O2P1,51.971418000,RC2_0046_ICR-3_p08
279.123766092,331.095193627,51.971427535,Other,random,C_1H1O2P1,51.971418000,RC2_0046_ICR-3_p08
299.186352985,351.157780520,51.971427535,Other,random,C_1H1O2P1,51.971418000,RC2_0046_ICR-3_p08
375.056657140,427.051574576,51.994917436,Other,random,C3O,51.994927090,RC2_0046_ICR-3_p08
405.131978560,457.126895995,51.994917436,Other,random,C3O,51.994927090,RC2_0046_ICR-3_p08
474.067832131,526.062749567,51.994917436,Other,random,C3O,51.994927090,RC2_0046_ICR-3_p08
507.223480484,559.218397919,51.994917436,Other,random,C3O,51.994927090,RC2_0046_ICR-3_p08
541.184620419,593.179537855,51.994917436,Other,random,C3O,51.994927090,RC2_0046_ICR-3_p08
419.119263225,471.114181661,51.994918436,Other,random,C3O,51.994927090,RC2_0046_ICR-3_p08
397.126908518,449.121826953,51.994918436,Other,random,C3O,51.994927090,RC2_0046_ICR-3_p08
309.055853118,361.050771554,51.994918436,Other,random,C3O,51.994927090,RC2_0046_ICR-3_p08
359.061871991,411.056790426,51.994918436,Other,random,C3O,51.994927090,RC2_0046_ICR-3_p08
433.090388959,485.085307395,51.994918436,Other,random,C3O,51.994927090,RC2_0046_ICR-3_p08
611.234798263,663.229716699,51.994918436,Other,random,C3O,51.994927090,RC2_0046_ICR-3_p08
367.079856978,419.074776414,51.994919436,Other,random,C3O,51.994927090,RC2_0046_ICR-3_p08
533.252343068,585.247262504,51.994919436,Other,random,C3O,51.994927090,RC2_0046_ICR-3_p08
429.189541507,481.184460942,51.994919436,Other,random,C3O,51.994927090,RC2_0046_ICR-3_p08
373.105781416,425.100700852,51.994919436,Other,random,C3O,51.994927090,RC2_0046_ICR-3_p08
355.066835938,407.061756374,51.994920435,Other,random,C3O,51.994927090,RC2_0046_ICR-3_p08
405.118864615,457.113785051,51.994920435,Other,random,C3O,51.994927090,RC2_0046_ICR-3_p08
421.144623633,473.139544069,51.994920435,Other,random,C3O,51.994927090,RC2_0046_ICR-3_p08
457.098673115,509.093593551,51.994920435,Other,random,C3O,51.994927090,RC2_0046_ICR-3_p08
516.172455522,568.167375957,51.994920435,Other,random,C3O,51.994927090,RC2_0046_ICR-3_p08
635.271191300,687.266111736,51.994920435,Other,random,C3O,51.994927090,RC2_0046_ICR-3_p08
254.067027383,306.061948819,51.994921435,Other,random,C3O,51.994927090,RC2_0046_ICR-3_p08
291.173172978,343.168094413,51.994921435,Other,random,C3O,51.994927090,RC2_0046_ICR-3_p08
339.194194270,391.189115706,51.994921435,Other,random,C3O,51.994927090,RC2_0046_ICR-3_p08
335.004389044,386.999311479,51.994922435,Other,random,C3O,51.994927090,RC2_0046_ICR-3_p08
347.134614587,399.129537022,51.994922435,Other,random,C3O,51.994927090,RC2_0046_ICR-3_p08
415.116292206,467.111214641,51.994922435,Other,random,C3O,51.994927090,RC2_0046_ICR-3_p08
403.152739956,455.147662391,51.994922435,Other,random,C3O,51.994927090,RC2_0046_ICR-3_p08
415.051660480,467.046583916,51.994923435,Other,random,C3O,51.994927090,RC2_0046_ICR-3_p08
349.069444379,401.064367815,51.994923435,Other,random,C3O,51.994927090,RC2_0046_ICR-3_p08
449.108775008,501.103698444,51.994923435,Other,random,C3O,51.994927090,RC2_0046_ICR-3_p08
463.124446553,515.119369989,51.994923435,Other,random,C3O,51.994927090,RC2_0046_ICR-3_p08
377.124064370,429.118988806,51.994924435,Other,random,C3O,51.994927090,RC2_0046_ICR-3_p08
517.119737503,569.114661939,51.994924435,Other,random,C3O,51.994927090,RC2_0046_ICR-3_p08
305.030204195,357.025128631,51.994924435,Other,random,C3O,51.994927090,RC2_0046_ICR-3_p08
331.058887781,383.053812216,51.994924435,Other,random,C3O,51.994927090,RC2_0046_ICR-3_p08
283.045890454,335.040815889,51.994925435,Other,random,C3O,51.994927090,RC2_0046_ICR-3_p08
322.129531659,374.124457095,51.994925435,Other,random,C3O,51.994927090,RC2_0046_ICR-3_p08
361.178612012,413.173537447,51.994925435,Other,random,C3O,51.994927090,RC2_0046_ICR-3_p08
397.113849573,449.108775008,51.994925435,Other,random,C3O,51.994927090,RC2_0046_ICR-3_p08
567.099043489,619.093968925,51.994925435,Other,random,C3O,51.994927090,RC2_0046_ICR-3_p08
293.139342637,345.134268072,51.994925435,Other,random,C3O,51.994927090,RC2_0046_ICR-3_p08
439.191527078,491.186452513,51.994925435,Other,random,C3O,51.994927090,RC2_0046_ICR-3_p08
527.140525995,579.135451430,51.994925435,Other,random,C3O,51.994927090,RC2_0046_ICR-3_p08
327.100344573,379.095271009,51.994926435,Other,random,C3O,51.994927090,RC2_0046_ICR-3_p08
393.095526619,445.090453054,51.994926435,Other,random,C3O,51.994927090,RC2_0046_ICR-3_p08
683.146856210,735.141782645,51.994926435,Other,random,C3O,51.994927090,RC2_0046_ICR-3_p08
349.142139071,401.137065506,51.994926435,Other,random,C3O,51.994927090,RC2_0046_ICR-3_p08
392.062148003,444.057074438,51.994926435,Other,random,C3O,51.994927090,RC2_0046_ICR-3_p08
487.109204809,539.104131245,51.994926435,Other,random,C3O,51.994927090,RC2_0046_ICR-3_p08
339.084977734,391.079905169,51.994927435,Other,random,C3O,51.994927090,RC2_0046_ICR-3_p08
369.149696198,421.144623633,51.994927435,Other,random,C3O,51.994927090,RC2_0046_ICR-3_p08
375.202306523,427.197233958,51.994927435,Other,random,C3O,51.994927090,RC2_0046_ICR-3_p08
545.215848318,597.210775754,51.994927435,Other,random,C3O,51.994927090,RC2_0046_ICR-3_p08
363.144849671,415.139778106,51.994928435,Other,random,C3O,51.994927090,RC2_0046_ICR-3_p08
383.098106028,435.093034464,51.994928435,Other,random,C3O,51.994927090,RC2_0046_ICR-3_p08
393.241041002,445.235969437,51.994928435,Other,random,C3O,51.994927090,RC2_0046_ICR-3_p08
481.171314998,533.166243433,51.994928435,Other,random,C3O,51.994927090,RC2_0046_ICR-3_p08
349.178634916,401.173563352,51.994928435,Other,random,C3O,51.994927090,RC2_0046_ICR-3_p08
501.139932290,553.134860726,51.994928435,Other,random,C3O,51.994927090,RC2_0046_ICR-3_p08
531.163854928,583.158784363,51.994929435,Other,random,C3O,51.994927090,RC2_0046_ICR-3_p08
390.046606553,442.041535988,51.994929435,Other,random,C3O,51.994927090,RC2_0046_ICR-3_p08
333.064739272,385.059668707,51.994929435,Other,random,C3O,51.994927090,RC2_0046_ICR-3_p08
359.090102871,411.085032307,51.994929435,Other,random,C3O,51.994927090,RC2_0046_ICR-3_p08
365.154875144,417.149804580,51.994929435,Other,random,C3O,51.994927090,RC2_0046_ICR-3_p08
397.077311728,449.072241163,51.994929435,Other,random,C3O,51.994927090,RC2_0046_ICR-3_p08
423.093130368,475.088059803,51.994929435,Other,random,C3O,51.994927090,RC2_0046_ICR-3_p08
633.146192314,685.141121750,51.994929435,Other,random,C3O,51.994927090,RC2_0046_ICR-3_p08
460.117413309,512.112342745,51.994929435,Other,random,C3O,51.994927090,RC2_0046_ICR-3_p08
453.212719599,505.207650035,51.994930435,Other,random,C3O,51.994927090,RC2_0046_ICR-3_p08
379.188979611,431.183910046,51.994930435,Other,random,C3O,51.994927090,RC2_0046_ICR-3_p08
426.112156561,478.107086996,51.994930435,Other,random,C3O,51.994927090,RC2_0046_ICR-3_p08
331.045749836,383.040680272,51.994930435,Other,random,C3O,51.994927090,RC2_0046_ICR-3_p08
393.076965698,445.071896133,51.994930435,Other,random,C3O,51.994927090,RC2_0046_ICR-3_p08
527.286219377,579.281150812,51.994931435,Other,random,C3O,51.994927090,RC2_0046_ICR-3_p08
347.107888700,399.102820136,51.994931435,Other,random,C3O,51.994927090,RC2_0046_ICR-3_p08
415.160831017,467.155762452,51.994931435,Other,random,C3O,51.994927090,RC2_0046_ICR-3_p08
419.111114260,471.106045695,51.994931435,Other,random,C3O,51.994927090,RC2_0046_ICR-3_p08
409.180991384,461.175922819,51.994931435,Other,random,C3O,51.994927090,RC2_0046_ICR-3_p08
509.093593551,561.088525986,51.994932435,Other,random,C3O,51.994927090,RC2_0046_ICR-3_p08
411.093011273,463.087943708,51.994932435,Other,random,C3O,51.994927090,RC2_0046_ICR-3_p08
489.176535039,541.171467475,51.994932435,Other,random,C3O,51.994927090,RC2_0046_ICR-3_p08
319.204436068,371.199368503,51.994932435,Other,random,C3O,51.994927090,RC2_0046_ICR-3_p08
365.173371066,417.168303501,51.994932435,Other,random,C3O,51.994927090,RC2_0046_ICR-3_p08
413.158117513,465.153050948,51.994933435,Other,random,C3O,51.994927090,RC2_0046_ICR-3_p08
311.162898180,363.157831616,51.994933435,Other,random,C3O,51.994927090,RC2_0046_ICR-3_p08
387.121381961,439.116315397,51.994933435,Other,random,C3O,51.994927090,RC2_0046_ICR-3_p08
403.139707011,455.134640447,51.994933435,Other,random,C3O,51.994927090,RC2_0046_ICR-3_p08
403.225581647,455.220515082,51.994933435,Other,random,C3O,51.994927090,RC2_0046_ICR-3_p08
500.112280650,552.107214085,51.994933435,Other,random,C3O,51.994927090,RC2_0046_ICR-3_p08
391.116388014,443.111322450,51.994934435,Other,random,C3O,51.994927090,RC2_0046_ICR-3_p08
441.067268121,493.062202556,51.994934435,Other,random,C3O,51.994927090,RC2_0046_ICR-3_p08
577.083616134,629.078550570,51.994934435,Other,random,C3O,51.994927090,RC2_0046_ICR-3_p08
359.199255408,411.194189844,51.994934435,Other,random,C3O,51.994927090,RC2_0046_ICR-3_p08
537.052231949,589.047167384,51.994935435,Other,random,C3O,51.994927090,RC2_0046_ICR-3_p08
386.080783376,438.075718811,51.994935435,Other,random,C3O,51.994927090,RC2_0046_ICR-3_p08
397.150171419,449.145106854,51.994935435,Other,random,C3O,51.994927090,RC2_0046_ICR-3_p08
417.140069621,469.135005056,51.994935435,Other,random,C3O,51.994927090,RC2_0046_ICR-3_p08
553.229069326,605.224004762,51.994935435,Other,random,C3O,51.994927090,RC2_0046_ICR-3_p08
469.220739693,521.215676128,51.994936435,Other,random,C3O,51.994927090,RC2_0046_ICR-3_p08
352.140000354,404.134936789,51.994936435,Other,random,C3O,51.994927090,RC2_0046_ICR-3_p08
449.103177032,501.098113468,51.994936435,Other,random,C3O,51.994927090,RC2_0046_ICR-3_p08
471.150686506,523.145622941,51.994936435,Other,random,C3O,51.994927090,RC2_0046_ICR-3_p08
531.236623619,583.231560054,51.994936435,Other,random,C3O,51.994927090,RC2_0046_ICR-3_p08
307.009491799,359.025494145,52.016002346,Other,random,H4O3,52.016011680,RC2_0046_ICR-3_p08
386.051592500,438.067594846,52.016002346,Other,random,H4O3,52.016011680,RC2_0046_ICR-3_p08
403.175990857,455.191993203,52.016002346,Other,random,H4O3,52.016011680,RC2_0046_ICR-3_p08
529.171383380,581.187386726,52.016003346,Other,random,H4O3,52.016011680,RC2_0046_ICR-3_p08
239.035039150,291.051042496,52.016003346,Other,random,H4O3,52.016011680,RC2_0046_ICR-3_p08
399.157739903,451.173743249,52.016003346,Other,random,H4O3,52.016011680,RC2_0046_ICR-3_p08
262.072133425,314.088137771,52.016004346,Other,random,H4O3,52.016011680,RC2_0046_ICR-3_p08
362.101120098,414.117124444,52.016004346,Other,random,H4O3,52.016011680,RC2_0046_ICR-3_p08
427.030465666,479.046470012,52.016004346,Other,random,H4O3,52.016011680,RC2_0046_ICR-3_p08
276.051284125,328.067288471,52.016004346,Other,random,H4O3,52.016011680,RC2_0046_ICR-3_p08
373.092637472,425.108641818,52.016004346,Other,random,H4O3,52.016011680,RC2_0046_ICR-3_p08
437.137129793,489.153135139,52.016005346,Other,random,H4O3,52.016011680,RC2_0046_ICR-3_p08
373.178584107,425.194589453,52.016005346,Other,random,H4O3,52.016011680,RC2_0046_ICR-3_p08
399.121456057,451.137461403,52.016005346,Other,random,H4O3,52.016011680,RC2_0046_ICR-3_p08
435.056770618,487.072775964,52.016005346,Other,random,H4O3,52.016011680,RC2_0046_ICR-3_p08
251.019771310,303.035776656,52.016005346,Other,random,H4O3,52.016011680,RC2_0046_ICR-3_p08
321.170683727,373.186690073,52.016006346,Other,random,H4O3,52.016011680,RC2_0046_ICR-3_p08
315.014563841,367.030570187,52.016006346,Other,random,H4O3,52.016011680,RC2_0046_ICR-3_p08
555.150822174,607.166828520,52.016006346,Other,random,H4O3,52.016011680,RC2_0046_ICR-3_p08
465.212909694,517.228916040,52.016006346,Other,random,H4O3,52.016011680,RC2_0046_ICR-3_p08
401.123967562,453.139975908,52.016008346,Other,random,H4O3,52.016011680,RC2_0046_ICR-3_p08
425.064328006,477.080336352,52.016008346,Other,random,H4O3,52.016011680,RC2_0046_ICR-3_p08
513.031091847,565.047100194,52.016008346,Other,random,H4O3,52.016011680,RC2_0046_ICR-3_p08
523.210363667,575.226373013,52.016009346,Other,random,H4O3,52.016011680,RC2_0046_ICR-3_p08
543.223415770,595.239425116,52.016009346,Other,random,H4O3,52.016011680,RC2_0046_ICR-3_p08
401.137065506,453.153074852,52.016009346,Other,random,H4O3,52.016011680,RC2_0046_ICR-3_p08
463.087943708,515.103953054,52.016009346,Other,random,H4O3,52.016011680,RC2_0046_ICR-3_p08
303.087286437,355.103296783,52.016010346,Other,random,H4O3,52.016011680,RC2_0046_ICR-3_p08
529.207768225,581.223779571,52.016011346,Other,random,H4O3,52.016011680,RC2_0046_ICR-3_p08
403.189017802,455.205029148,52.016011346,Other,random,H4O3,52.016011680,RC2_0046_ICR-3_p08
233.009237711,285.025250057,52.016012346,Other,random,H4O3,52.016011680,RC2_0046_ICR-3_p08
341.030232482,393.046244828,52.016012346,Other,random,H4O3,52.016011680,RC2_0046_ICR-3_p08
583.109562572,635.125575918,52.016013346,Other,random,H4O3,52.016011680,RC2_0046_ICR-3_p08
593.151328974,645.167342320,52.016013346,Other,random,H4O3,52.016011680,RC2_0046_ICR-3_p08
557.288461106,609.304474452,52.016013346,Other,random,H4O3,52.016011680,RC2_0046_ICR-3_p08
307.045857645,359.061871991,52.016014346,Other,random,H4O3,52.016011680,RC2_0046_ICR-3_p08
443.147604296,495.163618642,52.016014346,Other,random,H4O3,52.016011680,RC2_0046_ICR-3_p08
459.202283191,511.218297537,52.016014346,Other,random,H4O3,52.016011680,RC2_0046_ICR-3_p08
461.181466796,513.197481142,52.016014346,Other,random,H4O3,52.016011680,RC2_0046_ICR-3_p08
551.168983065,603.184997411,52.016014346,Other,random,H4O3,52.016011680,RC2_0046_ICR-3_p08
299.019651692,351.035667038,52.016015346,Other,random,H4O3,52.016011680,RC2_0046_ICR-3_p08
329.115972023,381.131987369,52.016015346,Other,random,H4O3,52.016011680,RC2_0046_ICR-3_p08
395.126544003,447.142559349,52.016015346,Other,random,H4O3,52.016011680,RC2_0046_ICR-3_p08
565.062654128,617.078669474,52.016015346,Other,random,H4O3,52.016011680,RC2_0046_ICR-3_p08
469.199660782,521.215676128,52.016015346,Other,random,H4O3,52.016011680,RC2_0046_ICR-3_p08
317.152398773,369.168415119,52.016016346,Other,random,H4O3,52.016011680,RC2_0046_ICR-3_p08
371.144298737,423.160315083,52.016016346,Other,random,H4O3,52.016011680,RC2_0046_ICR-3_p08
359.004253235,411.020269581,52.016016346,Other,random,H4O3,52.016011680,RC2_0046_ICR-3_p08
401.160450407,453.176467753,52.016017346,Other,random,H4O3,52.016011680,RC2_0046_ICR-3_p08
225.113277206,277.129294552,52.016017346,Other,random,H4O3,52.016011680,RC2_0046_ICR-3_p08
423.202264905,475.218282251,52.016017346,Other,random,H4O3,52.016011680,RC2_0046_ICR-3_p08
441.168307692,493.184325038,52.016017346,Other,random,H4O3,52.016011680,RC2_0046_ICR-3_p08
465.139979003,517.155996349,52.016017346,Other,random,H4O3,52.016011680,RC2_0046_ICR-3_p08
471.251820077,523.267838423,52.016018346,Other,random,H4O3,52.016011680,RC2_0046_ICR-3_p08
427.066768512,479.082786858,52.016018346,Other,random,H4O3,52.016011680,RC2_0046_ICR-3_p08
329.102931078,381.118949424,52.016018346,Other,random,H4O3,52.016011680,RC2_0046_ICR-3_p08
417.009905173,469.025924519,52.016019346,Other,random,H4O3,52.016011680,RC2_0046_ICR-3_p08
305.066572041,357.082591387,52.016019346,Other,random,H4O3,52.016011680,RC2_0046_ICR-3_p08
373.142194262,425.158213608,52.016019346,Other,random,H4O3,52.016011680,RC2_0046_ICR-3_p08
411.085032307,463.101052653,52.016020346,Other,random,H4O3,52.016011680,RC2_0046_ICR-3_p08
309.025120249,361.041140595,52.016020346,Other,random,H4O3,52.016011680,RC2_0046_ICR-3_p08
223.097665756,275.113686102,52.016020346,Other,random,H4O3,52.016011680,RC2_0046_ICR-3_p08
341.043253427,393.059273773,52.016020346,Other,random,H4O3,52.016011680,RC2_0046_ICR-3_p08
253.144546296,305.160566642,52.016020346,Other,random,H4O3,52.016011680,RC2_0046_ICR-3_p08
335.113467581,387.129488927,52.016021346,Other,random,H4O3,52.016011680,RC2_0046_ICR-3_p08
353.087620334,405.103641680,52.016021346,Other,random,H4O3,52.016011680,RC2_0046_ICR-3_p08
381.110942458,433.126963804,52.016021346,Other,random,H4O3,52.016011680,RC2_0046_ICR-3_p08
387.175505732,439.191527078,52.016021346,Other,random,H4O3,52.016011680,RC2_0046_ICR-3_p08
619.093968925,671.109990271,52.016021346,Other,random,H4O3,52.016011680,RC2_0046_ICR-3_p08
519.150732888,571.182023169,52.031290281,Other,random,C4H4,52.031300090,RC2_0046_ICR-3_p08
547.145688132,599.176978413,52.031290281,Other,random,C4H4,52.031300090,RC2_0046_ICR-3_p08
681.276675143,733.307965424,52.031290281,Other,random,C4H4,52.031300090,RC2_0046_ICR-3_p08
387.093003082,439.124293363,52.031290281,Other,random,C4H4,52.031300090,RC2_0046_ICR-3_p08
441.176386658,493.207676939,52.031290281,Other,random,C4H4,52.031300090,RC2_0046_ICR-3_p08
491.113656822,543.144947103,52.031290281,Other,random,C4H4,52.031300090,RC2_0046_ICR-3_p08
337.129139030,389.160429312,52.031290281,Other,random,C4H4,52.031300090,RC2_0046_ICR-3_p08
533.093617741,585.124908023,52.031290281,Other,random,C4H4,52.031300090,RC2_0046_ICR-3_p08
613.141322176,665.172612457,52.031290281,Other,random,C4H4,52.031300090,RC2_0046_ICR-3_p08
497.093558455,549.124849736,52.031291281,Other,random,C4H4,52.031300090,RC2_0046_ICR-3_p08
396.028713176,448.060004457,52.031291281,Other,random,C4H4,52.031300090,RC2_0046_ICR-3_p08
235.061279006,287.092570288,52.031291281,Other,random,C4H4,52.031300090,RC2_0046_ICR-3_p08
337.069369284,389.100660565,52.031291281,Other,random,C4H4,52.031300090,RC2_0046_ICR-3_p08
509.166310242,561.197601523,52.031291281,Other,random,C4H4,52.031300090,RC2_0046_ICR-3_p08
399.202213714,451.233505995,52.031292281,Other,random,C4H4,52.031300090,RC2_0046_ICR-3_p08
435.056770618,487.088062899,52.031292281,Other,random,C4H4,52.031300090,RC2_0046_ICR-3_p08
441.189464602,493.220757884,52.031293281,Other,random,C4H4,52.031300090,RC2_0046_ICR-3_p08
473.049133453,525.080426734,52.031293281,Other,random,C4H4,52.031300090,RC2_0046_ICR-3_p08
519.200250678,571.231543959,52.031293281,Other,random,C4H4,52.031300090,RC2_0046_ICR-3_p08
529.184556324,581.215850605,52.031294281,Other,random,C4H4,52.031300090,RC2_0046_ICR-3_p08
333.118975042,385.150269323,52.031294281,Other,random,C4H4,52.031300090,RC2_0046_ICR-3_p08
371.061836087,423.093130368,52.031294281,Other,random,C4H4,52.031300090,RC2_0046_ICR-3_p08
425.230873299,477.262167581,52.031294281,Other,random,C4H4,52.031300090,RC2_0046_ICR-3_p08
263.128947942,315.160242223,52.031294281,Other,random,C4H4,52.031300090,RC2_0046_ICR-3_p08
299.090093394,351.121387675,52.031294281,Other,random,C4H4,52.031300090,RC2_0046_ICR-3_p08
395.092647147,447.123941428,52.031294281,Other,random,C4H4,52.031300090,RC2_0046_ICR-3_p08
424.088423146,476.119717427,52.031294281,Other,random,C4H4,52.031300090,RC2_0046_ICR-3_p08
515.096002088,567.127297369,52.031295281,Other,random,C4H4,52.031300090,RC2_0046_ICR-3_p08
389.137012411,441.168307692,52.031295281,Other,random,C4H4,52.031300090,RC2_0046_ICR-3_p08
397.199659209,449.230954490,52.031295281,Other,random,C4H4,52.031300090,RC2_0046_ICR-3_p08
375.102817945,427.134113226,52.031295281,Other,random,C4H4,52.031300090,RC2_0046_ICR-3_p08
439.015118826,491.046414107,52.031295281,Other,random,C4H4,52.031300090,RC2_0046_ICR-3_p08
435.178948099,487.210244381,52.031296281,Other,random,C4H4,52.031300090,RC2_0046_ICR-3_p08
359.025494145,411.056790426,52.031296281,Other,random,C4H4,52.031300090,RC2_0046_ICR-3_p08
449.230954490,501.262250771,52.031296281,Other,random,C4H4,52.031300090,RC2_0046_ICR-3_p08
487.101159843,539.132456124,52.031296281,Other,random,C4H4,52.031300090,RC2_0046_ICR-3_p08
657.204066260,709.235362541,52.031296281,Other,random,C4H4,52.031300090,RC2_0046_ICR-3_p08
333.110888076,385.142185357,52.031297281,Other,random,C4H4,52.031300090,RC2_0046_ICR-3_p08
405.076983793,457.108281074,52.031297281,Other,random,C4H4,52.031300090,RC2_0046_ICR-3_p08
467.046583916,519.077881197,52.031297281,Other,random,C4H4,52.031300090,RC2_0046_ICR-3_p08
345.038112480,397.069409762,52.031297281,Other,random,C4H4,52.031300090,RC2_0046_ICR-3_p08
379.134110844,431.165408125,52.031297281,Other,random,C4H4,52.031300090,RC2_0046_ICR-3_p08
663.193237854,715.224535135,52.031297281,Other,random,C4H4,52.031300090,RC2_0046_ICR-3_p08
509.057227705,561.088525986,52.031298281,Other,random,C4H4,52.031300090,RC2_0046_ICR-3_p08
435.142513254,487.173811535,52.031298281,Other,random,C4H4,52.031300090,RC2_0046_ICR-3_p08
489.088461413,541.119759694,52.031298281,Other,random,C4H4,52.031300090,RC2_0046_ICR-3_p08
571.195130113,623.226428395,52.031298281,Other,random,C4H4,52.031300090,RC2_0046_ICR-3_p08
435.123825333,487.155124614,52.031299281,Other,random,C4H4,52.031300090,RC2_0046_ICR-3_p08
551.067900494,603.099199775,52.031299281,Other,random,C4H4,52.031300090,RC2_0046_ICR-3_p08
227.019762119,279.051061400,52.031299281,Other,random,C4H4,52.031300090,RC2_0046_ICR-3_p08
277.144604487,329.175903768,52.031299281,Other,random,C4H4,52.031300090,RC2_0046_ICR-3_p08
349.129151126,401.160450407,52.031299281,Other,random,C4H4,52.031300090,RC2_0046_ICR-3_p08
521.166413337,573.197712618,52.031299281,Other,random,C4H4,52.031300090,RC2_0046_ICR-3_p08
395.074793223,447.106093504,52.031300281,Other,random,C4H4,52.031300090,RC2_0046_ICR-3_p08
303.181261039,355.212561320,52.031300281,Other,random,C4H4,52.031300090,RC2_0046_ICR-3_p08
517.083361658,569.114661939,52.031300281,Other,random,C4H4,52.031300090,RC2_0046_ICR-3_p08
481.184460942,533.215762223,52.031301281,Other,random,C4H4,52.031300090,RC2_0046_ICR-3_p08
355.189059420,407.220360701,52.031301281,Other,random,C4H4,52.031300090,RC2_0046_ICR-3_p08
553.192703480,605.224004762,52.031301281,Other,random,C4H4,52.031300090,RC2_0046_ICR-3_p08
505.111834441,557.143136722,52.031302281,Other,random,C4H4,52.031300090,RC2_0046_ICR-3_p08
235.024861161,287.056163442,52.031302281,Other,random,C4H4,52.031300090,RC2_0046_ICR-3_p08
281.152441486,333.183743767,52.031302281,Other,random,C4H4,52.031300090,RC2_0046_ICR-3_p08
291.144849098,343.176151379,52.031302281,Other,random,C4H4,52.031300090,RC2_0046_ICR-3_p08
303.050960591,355.082262873,52.031302281,Other,random,C4H4,52.031300090,RC2_0046_ICR-3_p08
345.191780828,397.223083110,52.031302281,Other,random,C4H4,52.031300090,RC2_0046_ICR-3_p08
383.134591874,435.165894155,52.031302281,Other,random,C4H4,52.031300090,RC2_0046_ICR-3_p08
413.175855437,465.207157718,52.031302281,Other,random,C4H4,52.031300090,RC2_0046_ICR-3_p08
288.998929201,341.030232482,52.031303281,Other,random,C4H4,52.031300090,RC2_0046_ICR-3_p08
327.100344573,379.131647854,52.031303281,Other,random,C4H4,52.031300090,RC2_0046_ICR-3_p08
437.085376012,489.116679293,52.031303281,Other,random,C4H4,52.031300090,RC2_0046_ICR-3_p08
551.189987976,603.221291257,52.031303281,Other,random,C4H4,52.031300090,RC2_0046_ICR-3_p08
421.144623633,473.175926915,52.031303281,Other,random,C4H4,52.031300090,RC2_0046_ICR-3_p08
431.119390320,483.150693601,52.031303281,Other,random,C4H4,52.031300090,RC2_0046_ICR-3_p08
623.162022668,675.193325949,52.031303281,Other,random,C4H4,52.031300090,RC2_0046_ICR-3_p08
317.097322006,369.128625287,52.031303281,Other,random,C4H4,52.031300090,RC2_0046_ICR-3_p08
359.004253235,411.035556517,52.031303281,Other,random,C4H4,52.031300090,RC2_0046_ICR-3_p08
675.084526410,727.115830692,52.031304281,Other,random,C4H4,52.031300090,RC2_0046_ICR-3_p08
309.147307731,361.178612012,52.031304281,Other,random,C4H4,52.031300090,RC2_0046_ICR-3_p08
457.090642149,509.121946430,52.031304281,Other,random,C4H4,52.031300090,RC2_0046_ICR-3_p08
325.105822034,377.137127315,52.031305281,Other,random,C4H4,52.031300090,RC2_0046_ICR-3_p08
366.082980207,418.114285488,52.031305281,Other,random,C4H4,52.031300090,RC2_0046_ICR-3_p08
385.069431666,437.100736947,52.031305281,Other,random,C4H4,52.031300090,RC2_0046_ICR-3_p08
405.046226924,457.077532205,52.031305281,Other,random,C4H4,52.031300090,RC2_0046_ICR-3_p08
525.124930545,577.156235826,52.031305281,Other,random,C4H4,52.031300090,RC2_0046_ICR-3_p08
398.121986296,450.153291578,52.031305281,Other,random,C4H4,52.031300090,RC2_0046_ICR-3_p08
353.014920642,405.046226924,52.031306281,Other,random,C4H4,52.031300090,RC2_0046_ICR-3_p08
443.147604296,495.178910577,52.031306281,Other,random,C4H4,52.031300090,RC2_0046_ICR-3_p08
613.286482560,665.317788841,52.031306281,Other,random,C4H4,52.031300090,RC2_0046_ICR-3_p08
383.098106028,435.129413309,52.031307281,Other,random,C4H4,52.031300090,RC2_0046_ICR-3_p08
405.082477770,457.113785051,52.031307281,Other,random,C4H4,52.031300090,RC2_0046_ICR-3_p08
431.111326354,483.142633635,52.031307281,Other,random,C4H4,52.031300090,RC2_0046_ICR-3_p08
237.004127765,289.035435046,52.031307281,Other,random,C4H4,52.031300090,RC2_0046_ICR-3_p08
349.105758225,401.137065506,52.031307281,Other,random,C4H4,52.031300090,RC2_0046_ICR-3_p08
351.048548984,403.079856265,52.031307281,Other,random,C4H4,52.031300090,RC2_0046_ICR-3_p08
427.160767113,479.192074394,52.031307281,Other,random,C4H4,52.031300090,RC2_0046_ICR-3_p08
503.140495804,555.171803085,52.031307281,Other,random,C4H4,52.031300090,RC2_0046_ICR-3_p08
531.200252773,583.231560054,52.031307281,Other,random,C4H4,52.031300090,RC2_0046_ICR-3_p08
621.109730374,673.141037655,52.031307281,Other,random,C4H4,52.031300090,RC2_0046_ICR-3_p08
543.171937989,595.203246270,52.031308281,Other,random,C4H4,52.031300090,RC2_0046_ICR-3_p08
495.091079950,547.122388231,52.031308281,Other,random,C4H4,52.031300090,RC2_0046_ICR-3_p08
365.051172584,417.082480865,52.031308281,Other,random,C4H4,52.031300090,RC2_0046_ICR-3_p08
305.004279305,357.035588587,52.031309281,Other,random,C4H4,52.031300090,RC2_0046_ICR-3_p08
311.004275853,363.035585134,52.031309281,Other,random,C4H4,52.031300090,RC2_0046_ICR-3_p08
315.063982632,367.095291913,52.031309281,Other,random,C4H4,52.031300090,RC2_0046_ICR-3_p08
451.051581767,503.082891048,52.031309281,Other,random,C4H4,52.031300090,RC2_0046_ICR-3_p08
473.057173418,525.088482700,52.031309281,Other,random,C4H4,52.031300090,RC2_0046_ICR-3_p08
339.108406634,391.139715916,52.031309281,Other,random,C4H4,52.031300090,RC2_0046_ICR-3_p08
395.134553969,447.165863250,52.031309281,Other,random,C4H4,52.031300090,RC2_0046_ICR-3_p08
427.173820057,479.205129339,52.031309281,Other,random,C4H4,52.031300090,RC2_0046_ICR-3_p08
227.019762119,279.062293352,52.042531234,Other,random,C3H4N2O_1,52.042533000,RC2_0046_ICR-3_p08
269.030361908,321.072898142,52.042536234,Other,random,C3H4N2O_1,52.042533000,RC2_0046_ICR-3_p08
391.061341248,443.129016375,52.067675127,Other,random,C5H8O_1,52.067685000,RC2_0046_ICR-3_p08
393.076965698,445.144640824,52.067675127,Other,random,C5H8O_1,52.067685000,RC2_0046_ICR-3_p08
512.067923933,564.135599060,52.067675127,Other,random,C5H8O_1,52.067685000,RC2_0046_ICR-3_p08
553.119853789,605.187528916,52.067675127,Other,random,C5H8O_1,52.067685000,RC2_0046_ICR-3_p08
301.048392086,353.116068213,52.067676127,Other,random,C5H8O_1,52.067685000,RC2_0046_ICR-3_p08
505.220783979,557.288461106,52.067677127,Other,random,C5H8O_1,52.067685000,RC2_0046_ICR-3_p08
355.170504498,407.238181625,52.067677127,Other,random,C5H8O_1,52.067685000,RC2_0046_ICR-3_p08
385.033059820,437.100736947,52.067677127,Other,random,C5H8O_1,52.067685000,RC2_0046_ICR-3_p08
427.173820057,479.241497184,52.067677127,Other,random,C5H8O_1,52.067685000,RC2_0046_ICR-3_p08
347.040703985,399.108381112,52.067677127,Other,random,C5H8O_1,52.067685000,RC2_0046_ICR-3_p08
383.201783589,435.269460715,52.067677127,Other,random,C5H8O_1,52.067685000,RC2_0046_ICR-3_p08
403.116282110,455.183959237,52.067677127,Other,random,C5H8O_1,52.067685000,RC2_0046_ICR-3_p08
651.156730913,703.224408040,52.067677127,Other,random,C5H8O_1,52.067685000,RC2_0046_ICR-3_p08
465.103658158,517.171336284,52.067678127,Other,random,C5H8O_1,52.067685000,RC2_0046_ICR-3_p08
355.139738629,407.207416756,52.067678127,Other,random,C5H8O_1,52.067685000,RC2_0046_ICR-3_p08
555.135407239,607.203086366,52.067679127,Other,random,C5H8O_1,52.067685000,RC2_0046_ICR-3_p08
319.131689376,371.199368503,52.067679127,Other,random,C5H8O_1,52.067685000,RC2_0046_ICR-3_p08
395.061821278,447.129500405,52.067679127,Other,random,C5H8O_1,52.067685000,RC2_0046_ICR-3_p08
465.080369256,517.148048383,52.067679127,Other,random,C5H8O_1,52.067685000,RC2_0046_ICR-3_p08
329.124093988,381.191773115,52.067679127,Other,random,C5H8O_1,52.067685000,RC2_0046_ICR-3_p08
391.030549379,443.098228505,52.067679127,Other,random,C5H8O_1,52.067685000,RC2_0046_ICR-3_p08
439.088043517,491.155723644,52.067680127,Other,random,C5H8O_1,52.067685000,RC2_0046_ICR-3_p08
461.121770049,513.189450176,52.067680127,Other,random,C5H8O_1,52.067685000,RC2_0046_ICR-3_p08
537.124989640,589.192670767,52.067681127,Other,random,C5H8O_1,52.067685000,RC2_0046_ICR-3_p08
335.077103735,387.144784862,52.067681127,Other,random,C5H8O_1,52.067685000,RC2_0046_ICR-3_p08
461.166115861,513.233796988,52.067681127,Other,random,C5H8O_1,52.067685000,RC2_0046_ICR-3_p08
537.247062122,589.314743249,52.067681127,Other,random,C5H8O_1,52.067685000,RC2_0046_ICR-3_p08
339.084977734,391.152659861,52.067682127,Other,random,C5H8O_1,52.067685000,RC2_0046_ICR-3_p08
505.098679497,557.166361624,52.067682127,Other,random,C5H8O_1,52.067685000,RC2_0046_ICR-3_p08
361.092668376,413.160350503,52.067682127,Other,random,C5H8O_1,52.067685000,RC2_0046_ICR-3_p08
401.027843970,453.095526097,52.067682127,Other,random,C5H8O_1,52.067685000,RC2_0046_ICR-3_p08
445.207696557,497.275378684,52.067682127,Other,random,C5H8O_1,52.067685000,RC2_0046_ICR-3_p08
339.072033789,391.139715916,52.067682127,Other,random,C5H8O_1,52.067685000,RC2_0046_ICR-3_p08
503.140495804,555.208177931,52.067682127,Other,random,C5H8O_1,52.067685000,RC2_0046_ICR-3_p08
423.106006313,475.173688440,52.067682127,Other,random,C5H8O_1,52.067685000,RC2_0046_ICR-3_p08
351.102776754,403.170459881,52.067683127,Other,random,C5H8O_1,52.067685000,RC2_0046_ICR-3_p08
421.054026018,473.121709145,52.067683127,Other,random,C5H8O_1,52.067685000,RC2_0046_ICR-3_p08
489.189585984,541.257269111,52.067683127,Other,random,C5H8O_1,52.067685000,RC2_0046_ICR-3_p08
533.093617741,585.161300868,52.067683127,Other,random,C5H8O_1,52.067685000,RC2_0046_ICR-3_p08
623.198482513,675.266165640,52.067683127,Other,random,C5H8O_1,52.067685000,RC2_0046_ICR-3_p08
387.129488927,439.197172054,52.067683127,Other,random,C5H8O_1,52.067685000,RC2_0046_ICR-3_p08
429.059373059,481.127056186,52.067683127,Other,random,C5H8O_1,52.067685000,RC2_0046_ICR-3_p08
475.109113714,527.176796841,52.067683127,Other,random,C5H8O_1,52.067685000,RC2_0046_ICR-3_p08
479.155765548,531.223449675,52.067684127,Other,random,C5H8O_1,52.067685000,RC2_0046_ICR-3_p08
442.106956710,494.174640837,52.067684127,Other,random,C5H8O_1,52.067685000,RC2_0046_ICR-3_p08
473.121709145,525.189393271,52.067684127,Other,random,C5H8O_1,52.067685000,RC2_0046_ICR-3_p08
445.077470109,497.145155236,52.067685127,Other,random,C5H8O_1,52.067685000,RC2_0046_ICR-3_p08
519.077881197,571.145566324,52.067685127,Other,random,C5H8O_1,52.067685000,RC2_0046_ICR-3_p08
288.998929201,341.066614328,52.067685127,Other,random,C5H8O_1,52.067685000,RC2_0046_ICR-3_p08
499.145566750,551.213251877,52.067685127,Other,random,C5H8O_1,52.067685000,RC2_0046_ICR-3_p08
331.058887781,383.126572908,52.067685127,Other,random,C5H8O_1,52.067685000,RC2_0046_ICR-3_p08
461.093536169,513.161221295,52.067685127,Other,random,C5H8O_1,52.067685000,RC2_0046_ICR-3_p08
301.056416052,353.124102179,52.067686127,Other,random,C5H8O_1,52.067685000,RC2_0046_ICR-3_p08
503.177156648,555.244842775,52.067686127,Other,random,C5H8O_1,52.067685000,RC2_0046_ICR-3_p08
531.099137202,583.166824329,52.067687127,Other,random,C5H8O_1,52.067685000,RC2_0046_ICR-3_p08
303.144874193,355.212561320,52.067687127,Other,random,C5H8O_1,52.067685000,RC2_0046_ICR-3_p08
327.157851329,379.225538456,52.067687127,Other,random,C5H8O_1,52.067685000,RC2_0046_ICR-3_p08
299.090093394,351.157780520,52.067687127,Other,random,C5H8O_1,52.067685000,RC2_0046_ICR-3_p08
347.126509621,399.194197748,52.067688127,Other,random,C5H8O_1,52.067685000,RC2_0046_ICR-3_p08
447.123941428,499.191629555,52.067688127,Other,random,C5H8O_1,52.067685000,RC2_0046_ICR-3_p08
327.063959727,379.131647854,52.067688127,Other,random,C5H8O_1,52.067685000,RC2_0046_ICR-3_p08
485.158281085,537.225969212,52.067688127,Other,random,C5H8O_1,52.067685000,RC2_0046_ICR-3_p08
487.051596054,539.119284180,52.067688127,Other,random,C5H8O_1,52.067685000,RC2_0046_ICR-3_p08
489.067343503,541.135031629,52.067688127,Other,random,C5H8O_1,52.067685000,RC2_0046_ICR-3_p08
489.233974796,541.301662923,52.067688127,Other,random,C5H8O_1,52.067685000,RC2_0046_ICR-3_p08
413.108696722,465.176385849,52.067689127,Other,random,C5H8O_1,52.067685000,RC2_0046_ICR-3_p08
489.031053657,541.098742783,52.067689127,Other,random,C5H8O_1,52.067685000,RC2_0046_ICR-3_p08
307.045857645,359.113546772,52.067689127,Other,random,C5H8O_1,52.067685000,RC2_0046_ICR-3_p08
429.103625871,481.171314998,52.067689127,Other,random,C5H8O_1,52.067685000,RC2_0046_ICR-3_p08
477.067382407,529.135071534,52.067689127,Other,random,C5H8O_1,52.067685000,RC2_0046_ICR-3_p08
259.155084800,311.222773926,52.067689127,Other,random,C5H8O_1,52.067685000,RC2_0046_ICR-3_p08
313.142233784,365.209922911,52.067689127,Other,random,C5H8O_1,52.067685000,RC2_0046_ICR-3_p08
385.163305268,437.230994394,52.067689127,Other,random,C5H8O_1,52.067685000,RC2_0046_ICR-3_p08
427.088076421,479.155765548,52.067689127,Other,random,C5H8O_1,52.067685000,RC2_0046_ICR-3_p08
429.030897180,481.098586306,52.067689127,Other,random,C5H8O_1,52.067685000,RC2_0046_ICR-3_p08
430.070460770,482.138149897,52.067689127,Other,random,C5H8O_1,52.067685000,RC2_0046_ICR-3_p08
615.193003473,667.260693599,52.067690127,Other,random,C5H8O_1,52.067685000,RC2_0046_ICR-3_p08
399.048804365,451.116494492,52.067690127,Other,random,C5H8O_1,52.067685000,RC2_0046_ICR-3_p08
469.135005056,521.202695183,52.067690127,Other,random,C5H8O_1,52.067685000,RC2_0046_ICR-3_p08
319.058846685,371.126536812,52.067690127,Other,random,C5H8O_1,52.067685000,RC2_0046_ICR-3_p08
445.163313745,497.231003872,52.067690127,Other,random,C5H8O_1,52.067685000,RC2_0046_ICR-3_p08
291.108461252,343.176151379,52.067690127,Other,random,C5H8O_1,52.067685000,RC2_0046_ICR-3_p08
389.145163376,441.212854503,52.067691127,Other,random,C5H8O_1,52.067685000,RC2_0046_ICR-3_p08
449.072241163,501.139932290,52.067691127,Other,random,C5H8O_1,52.067685000,RC2_0046_ICR-3_p08
266.088104389,318.155795516,52.067691127,Other,random,C5H8O_1,52.067685000,RC2_0046_ICR-3_p08
433.163258650,485.230949777,52.067691127,Other,random,C5H8O_1,52.067685000,RC2_0046_ICR-3_p08
487.109204809,539.176895936,52.067691127,Other,random,C5H8O_1,52.067685000,RC2_0046_ICR-3_p08
375.066421099,427.134113226,52.067692127,Other,random,C5H8O_1,52.067685000,RC2_0046_ICR-3_p08
653.136339516,705.204031642,52.067692127,Other,random,C5H8O_1,52.067685000,RC2_0046_ICR-3_p08
491.155723644,543.223415770,52.067692127,Other,random,C5H8O_1,52.067685000,RC2_0046_ICR-3_p08
384.057088960,436.124782087,52.067693127,Other,random,C5H8O_1,52.067685000,RC2_0046_ICR-3_p08
317.043276236,369.110970362,52.067694127,Other,random,C5H8O_1,52.067685000,RC2_0046_ICR-3_p08
328.067288471,380.134982598,52.067694127,Other,random,C5H8O_1,52.067685000,RC2_0046_ICR-3_p08
385.113695478,437.181389605,52.067694127,Other,random,C5H8O_1,52.067685000,RC2_0046_ICR-3_p08
417.103659775,469.171353902,52.067694127,Other,random,C5H8O_1,52.067685000,RC2_0046_ICR-3_p08
373.113891382,425.181585509,52.067694127,Other,random,C5H8O_1,52.067685000,RC2_0046_ICR-3_p08
237.004127765,289.071821892,52.067694127,Other,random,C5H8O_1,52.067685000,RC2_0046_ICR-3_p08
377.154835240,430.127237529,52.972402289,Other,random,C2H_1O_1N1S1,52.972406000,RC2_0046_ICR-3_p08
465.103658158,518.130231217,53.026573059,Other,random,C3H3N,53.026580880,RC2_0046_ICR-3_p08
349.019999589,402.046572648,53.026573059,Other,random,C3H3N,53.026580880,RC2_0046_ICR-3_p08
283.118744145,336.145318204,53.026574059,Other,random,C3H3N,53.026580880,RC2_0046_ICR-3_p08
473.036174507,526.062749567,53.026575059,Other,random,C3H3N,53.026580880,RC2_0046_ICR-3_p08
375.085110020,428.111685079,53.026575059,Other,random,C3H3N,53.026580880,RC2_0046_ICR-3_p08
341.014992547,394.041568606,53.026576059,Other,random,C3H3N,53.026580880,RC2_0046_ICR-3_p08
227.019762119,280.046339178,53.026577059,Other,random,C3H3N,53.026580880,RC2_0046_ICR-3_p08
463.051510863,516.078087922,53.026577059,Other,random,C3H3N,53.026580880,RC2_0046_ICR-3_p08
367.030570187,420.057149247,53.026579059,Other,random,C3H3N,53.026580880,RC2_0046_ICR-3_p08
282.025506782,335.052085841,53.026579059,Other,random,C3H3N,53.026580880,RC2_0046_ICR-3_p08
497.057056610,550.083636669,53.026580059,Other,random,C3H3N,53.026580880,RC2_0046_ICR-3_p08
261.134445403,314.161025462,53.026580059,Other,random,C3H3N,53.026580880,RC2_0046_ICR-3_p08
311.004275853,364.030858912,53.026583059,Other,random,C3H3N,53.026580880,RC2_0046_ICR-3_p08
435.056770618,488.083355677,53.026585059,Other,random,C3H3N,53.026580880,RC2_0046_ICR-3_p08
369.082489483,422.109076542,53.026587059,Other,random,C3H3N,53.026580880,RC2_0046_ICR-3_p08
371.061836087,424.088423146,53.026587059,Other,random,C3H3N,53.026580880,RC2_0046_ICR-3_p08
423.093130368,476.119717427,53.026587059,Other,random,C3H3N,53.026580880,RC2_0046_ICR-3_p08
311.113457390,364.140045449,53.026588059,Other,random,C3H3N,53.026580880,RC2_0046_ICR-3_p08
261.097959558,314.124547617,53.026588059,Other,random,C3H3N,53.026580880,RC2_0046_ICR-3_p08
455.119399511,508.145989570,53.026590059,Other,random,C3H3N,53.026580880,RC2_0046_ICR-3_p08
340.067304567,393.118996519,53.051691953,Other,random,C5H7N_1,53.051701000,RC2_0046_ICR-3_p08
492.078354730,545.130046682,53.051691953,Other,random,C5H7N_1,53.051701000,RC2_0046_ICR-3_p08
336.066608538,389.118303490,53.051694953,Other,random,C5H7N_1,53.051701000,RC2_0046_ICR-3_p08
320.077487364,373.129183317,53.051695953,Other,random,C5H7N_1,53.051701000,RC2_0046_ICR-3_p08
362.101120098,415.152816051,53.051695953,Other,random,C5H7N_1,53.051701000,RC2_0046_ICR-3_p08
373.101811433,426.153508386,53.051696953,Other,random,C5H7N_1,53.051701000,RC2_0046_ICR-3_p08
290.066889670,343.118588623,53.051698953,Other,random,C5H7N_1,53.051701000,RC2_0046_ICR-3_p08
376.080321798,429.132022751,53.051700953,Other,random,C5H7N_1,53.051701000,RC2_0046_ICR-3_p08
430.127237529,483.178938481,53.051700953,Other,random,C5H7N_1,53.051701000,RC2_0046_ICR-3_p08
450.140477632,503.192178585,53.051700953,Other,random,C5H7N_1,53.051701000,RC2_0046_ICR-3_p08
310.093147718,363.144849671,53.051701953,Other,random,C5H7N_1,53.051701000,RC2_0046_ICR-3_p08
384.106350751,437.158052704,53.051701953,Other,random,C5H7N_1,53.051701000,RC2_0046_ICR-3_p08
506.130297121,559.182001074,53.051703953,Other,random,C5H7N_1,53.051701000,RC2_0046_ICR-3_p08
432.093501188,485.145205141,53.051703953,Other,random,C5H7N_1,53.051701000,RC2_0046_ICR-3_p08
434.072684792,487.124388745,53.051703953,Other,random,C5H7N_1,53.051701000,RC2_0046_ICR-3_p08
436.161098933,489.212802886,53.051703953,Other,random,C5H7N_1,53.051701000,RC2_0046_ICR-3_p08
518.093862371,571.145566324,53.051703953,Other,random,C5H7N_1,53.051701000,RC2_0046_ICR-3_p08
272.113893828,325.165597780,53.051703953,Other,random,C5H7N_1,53.051701000,RC2_0046_ICR-3_p08
488.249958970,541.301662923,53.051703953,Other,random,C5H7N_1,53.051701000,RC2_0046_ICR-3_p08
492.114722576,545.166428528,53.051705953,Other,random,C5H7N_1,53.051701000,RC2_0046_ICR-3_p08
396.106375847,449.158081799,53.051705953,Other,random,C5H7N_1,53.051701000,RC2_0046_ICR-3_p08
298.051069801,351.102776754,53.051706953,Other,random,C5H7N_1,53.051701000,RC2_0046_ICR-3_p08
364.061678782,417.113388734,53.051709953,Other,random,C5H7N_1,53.051701000,RC2_0046_ICR-3_p08
460.254990726,513.306700678,53.051709953,Other,random,C5H7N_1,53.051701000,RC2_0046_ICR-3_p08
582.146623657,635.198334609,53.051710953,Other,random,C5H7N_1,53.051701000,RC2_0046_ICR-3_p08
423.123804238,477.014600631,53.890796393,Other,random,C_7H_4O5P2,53.890801000,RC2_0046_ICR-3_p08
347.207435278,401.181608317,53.974173039,Other,random,C2H_2O2,53.974182070,RC2_0046_ICR-3_p08
359.077025927,413.051198966,53.974173039,Other,random,C2H_2O2,53.974182070,RC2_0046_ICR-3_p08
369.095614427,423.069787467,53.974173039,Other,random,C2H_2O2,53.974182070,RC2_0046_ICR-3_p08
421.113886764,475.088059803,53.974173039,Other,random,C2H_2O2,53.974182070,RC2_0046_ICR-3_p08
425.158213608,479.132386647,53.974173039,Other,random,C2H_2O2,53.974182070,RC2_0046_ICR-3_p08
459.187048256,513.161221295,53.974173039,Other,random,C2H_2O2,53.974182070,RC2_0046_ICR-3_p08
313.201958531,367.176132570,53.974174039,Other,random,C2H_2O2,53.974182070,RC2_0046_ICR-3_p08
391.261795398,445.235969437,53.974174039,Other,random,C2H_2O2,53.974182070,RC2_0046_ICR-3_p08
599.271250013,653.245424053,53.974174039,Other,random,C2H_2O2,53.974182070,RC2_0046_ICR-3_p08
369.228090865,423.202264905,53.974174039,Other,random,C2H_2O2,53.974182070,RC2_0046_ICR-3_p08
415.160831017,469.135005056,53.974174039,Other,random,C2H_2O2,53.974182070,RC2_0046_ICR-3_p08
449.121826953,503.096000993,53.974174039,Other,random,C2H_2O2,53.974182070,RC2_0046_ICR-3_p08
487.291192037,541.265366077,53.974174039,Other,random,C2H_2O2,53.974182070,RC2_0046_ICR-3_p08
623.271138205,677.245313244,53.974175039,Other,random,C2H_2O2,53.974182070,RC2_0046_ICR-3_p08
353.154830049,407.129005088,53.974175039,Other,random,C2H_2O2,53.974182070,RC2_0046_ICR-3_p08
413.173537447,467.147712487,53.974175039,Other,random,C2H_2O2,53.974182070,RC2_0046_ICR-3_p08
523.231330578,577.205505617,53.974175039,Other,random,C2H_2O2,53.974182070,RC2_0046_ICR-3_p08
485.158281085,539.132456124,53.974175039,Other,random,C2H_2O2,53.974182070,RC2_0046_ICR-3_p08
503.155878739,557.130053778,53.974175039,Other,random,C2H_2O2,53.974182070,RC2_0046_ICR-3_p08
363.108305826,417.082480865,53.974175039,Other,random,C2H_2O2,53.974182070,RC2_0046_ICR-3_p08
252.087772779,306.061948819,53.974176039,Other,random,C2H_2O2,53.974182070,RC2_0046_ICR-3_p08
401.108727627,455.082903666,53.974176039,Other,random,C2H_2O2,53.974182070,RC2_0046_ICR-3_p08
458.101854859,512.076030899,53.974176039,Other,random,C2H_2O2,53.974182070,RC2_0046_ICR-3_p08
511.072924154,565.047100194,53.974176039,Other,random,C2H_2O2,53.974182070,RC2_0046_ICR-3_p08
512.112342745,566.086519784,53.974177039,Other,random,C2H_2O2,53.974182070,RC2_0046_ICR-3_p08
379.066941129,433.041118168,53.974177039,Other,random,C2H_2O2,53.974182070,RC2_0046_ICR-3_p08
392.098628848,446.072805887,53.974177039,Other,random,C2H_2O2,53.974182070,RC2_0046_ICR-3_p08
447.288073732,501.262250771,53.974177039,Other,random,C2H_2O2,53.974182070,RC2_0046_ICR-3_p08
555.317510467,609.291688506,53.974178039,Other,random,C2H_2O2,53.974182070,RC2_0046_ICR-3_p08
311.113457390,365.087635429,53.974178039,Other,random,C2H_2O2,53.974182070,RC2_0046_ICR-3_p08
393.277553847,447.251731886,53.974178039,Other,random,C2H_2O2,53.974182070,RC2_0046_ICR-3_p08
455.155676357,509.129854397,53.974178039,Other,random,C2H_2O2,53.974182070,RC2_0046_ICR-3_p08
539.067913398,593.042091438,53.974178039,Other,random,C2H_2O2,53.974182070,RC2_0046_ICR-3_p08
247.133925794,301.108103833,53.974178039,Other,random,C2H_2O2,53.974182070,RC2_0046_ICR-3_p08
387.129488927,441.103666966,53.974178039,Other,random,C2H_2O2,53.974182070,RC2_0046_ICR-3_p08
423.251666695,477.225844735,53.974178039,Other,random,C2H_2O2,53.974182070,RC2_0046_ICR-3_p08
509.129854397,563.104032436,53.974178039,Other,random,C2H_2O2,53.974182070,RC2_0046_ICR-3_p08
379.103200975,433.077380014,53.974179039,Other,random,C2H_2O2,53.974182070,RC2_0046_ICR-3_p08
287.040813507,341.014992547,53.974179039,Other,random,C2H_2O2,53.974182070,RC2_0046_ICR-3_p08
427.124406267,481.098586306,53.974180039,Other,random,C2H_2O2,53.974182070,RC2_0046_ICR-3_p08
305.087691952,359.061871991,53.974180039,Other,random,C2H_2O2,53.974182070,RC2_0046_ICR-3_p08
425.181585509,479.155765548,53.974180039,Other,random,C2H_2O2,53.974182070,RC2_0046_ICR-3_p08
691.297826633,745.272007672,53.974181039,Other,random,C2H_2O2,53.974182070,RC2_0046_ICR-3_p08
289.084773837,343.058954876,53.974181039,Other,random,C2H_2O2,53.974182070,RC2_0046_ICR-3_p08
549.234166273,603.208347312,53.974181039,Other,random,C2H_2O2,53.974182070,RC2_0046_ICR-3_p08
340.140044258,394.114226298,53.974182039,Other,random,C2H_2O2,53.974182070,RC2_0046_ICR-3_p08
362.088018154,416.062200193,53.974182039,Other,random,C2H_2O2,53.974182070,RC2_0046_ICR-3_p08
383.134591874,437.108773913,53.974182039,Other,random,C2H_2O2,53.974182070,RC2_0046_ICR-3_p08
419.137585147,473.111767187,53.974182039,Other,random,C2H_2O2,53.974182070,RC2_0046_ICR-3_p08
431.220498891,485.194680931,53.974182039,Other,random,C2H_2O2,53.974182070,RC2_0046_ICR-3_p08
611.234798263,665.208980303,53.974182039,Other,random,C2H_2O2,53.974182070,RC2_0046_ICR-3_p08
503.192178585,557.166361624,53.974183039,Other,random,C2H_2O2,53.974182070,RC2_0046_ICR-3_p08
433.062005079,487.036188119,53.974183039,Other,random,C2H_2O2,53.974182070,RC2_0046_ICR-3_p08
499.291087133,553.265270173,53.974183039,Other,random,C2H_2O2,53.974182070,RC2_0046_ICR-3_p08
347.053659930,401.027843970,53.974184039,Other,random,C2H_2O2,53.974182070,RC2_0046_ICR-3_p08
417.082480865,471.056664905,53.974184039,Other,random,C2H_2O2,53.974182070,RC2_0046_ICR-3_p08
437.194494549,491.168678589,53.974184039,Other,random,C2H_2O2,53.974182070,RC2_0046_ICR-3_p08
327.072039693,381.046223732,53.974184039,Other,random,C2H_2O2,53.974182070,RC2_0046_ICR-3_p08
563.249751818,617.223935857,53.974184039,Other,random,C2H_2O2,53.974182070,RC2_0046_ICR-3_p08
601.265912552,655.240096591,53.974184039,Other,random,C2H_2O2,53.974182070,RC2_0046_ICR-3_p08
291.108461252,345.082645291,53.974184039,Other,random,C2H_2O2,53.974182070,RC2_0046_ICR-3_p08
333.170599823,387.144784862,53.974185039,Other,random,C2H_2O2,53.974182070,RC2_0046_ICR-3_p08
351.181154421,405.155339461,53.974185039,Other,random,C2H_2O2,53.974182070,RC2_0046_ICR-3_p08
373.113891382,427.088076421,53.974185039,Other,random,C2H_2O2,53.974182070,RC2_0046_ICR-3_p08
429.176508562,483.150693601,53.974185039,Other,random,C2H_2O2,53.974182070,RC2_0046_ICR-3_p08
377.100588470,431.074774509,53.974186039,Other,random,C2H_2O2,53.974182070,RC2_0046_ICR-3_p08
421.163240555,475.137426594,53.974186039,Other,random,C2H_2O2,53.974182070,RC2_0046_ICR-3_p08
509.142935341,563.117121381,53.974186039,Other,random,C2H_2O2,53.974182070,RC2_0046_ICR-3_p08
511.145584846,565.119770885,53.974186039,Other,random,C2H_2O2,53.974182070,RC2_0046_ICR-3_p08
579.172005275,633.146192314,53.974187039,Other,random,C2H_2O2,53.974182070,RC2_0046_ICR-3_p08
419.119263225,473.093450265,53.974187039,Other,random,C2H_2O2,53.974182070,RC2_0046_ICR-3_p08
435.178948099,489.153135139,53.974187039,Other,random,C2H_2O2,53.974182070,RC2_0046_ICR-3_p08
441.249208349,495.223395388,53.974187039,Other,random,C2H_2O2,53.974182070,RC2_0046_ICR-3_p08
541.229059231,595.203246270,53.974187039,Other,random,C2H_2O2,53.974182070,RC2_0046_ICR-3_p08
334.129479755,388.103666795,53.974187039,Other,random,C2H_2O2,53.974182070,RC2_0046_ICR-3_p08
455.220515082,509.194702122,53.974187039,Other,random,C2H_2O2,53.974182070,RC2_0046_ICR-3_p08
477.153172043,531.127359082,53.974187039,Other,random,C2H_2O2,53.974182070,RC2_0046_ICR-3_p08
377.090766512,431.064954551,53.974188039,Other,random,C2H_2O2,53.974182070,RC2_0046_ICR-3_p08
233.081975403,287.056163442,53.974188039,Other,random,C2H_2O2,53.974182070,RC2_0046_ICR-3_p08
353.100656279,407.074844318,53.974188039,Other,random,C2H_2O2,53.974182070,RC2_0046_ICR-3_p08
357.046081542,411.020269581,53.974188039,Other,random,C2H_2O2,53.974182070,RC2_0046_ICR-3_p08
377.124064370,431.098252410,53.974188039,Other,random,C2H_2O2,53.974182070,RC2_0046_ICR-3_p08
405.131978560,459.106166599,53.974188039,Other,random,C2H_2O2,53.974182070,RC2_0046_ICR-3_p08
407.147582010,461.121770049,53.974188039,Other,random,C2H_2O2,53.974182070,RC2_0046_ICR-3_p08
407.220360701,461.194548740,53.974188039,Other,random,C2H_2O2,53.974182070,RC2_0046_ICR-3_p08
443.119370416,497.093558455,53.974188039,Other,random,C2H_2O2,53.974182070,RC2_0046_ICR-3_p08
453.189461698,507.163649737,53.974188039,Other,random,C2H_2O2,53.974182070,RC2_0046_ICR-3_p08
459.160242370,513.134430409,53.974188039,Other,random,C2H_2O2,53.974182070,RC2_0046_ICR-3_p08
509.231268966,563.205457006,53.974188039,Other,random,C2H_2O2,53.974182070,RC2_0046_ICR-3_p08
347.126509621,401.100698661,53.974189039,Other,random,C2H_2O2,53.974182070,RC2_0046_ICR-3_p08
333.025122440,386.999311479,53.974189039,Other,random,C2H_2O2,53.974182070,RC2_0046_ICR-3_p08
351.072037884,405.046226924,53.974189039,Other,random,C2H_2O2,53.974182070,RC2_0046_ICR-3_p08
403.170459881,457.144648920,53.974189039,Other,random,C2H_2O2,53.974182070,RC2_0046_ICR-3_p08
635.271191300,689.245380340,53.974189039,Other,random,C2H_2O2,53.974182070,RC2_0046_ICR-3_p08
347.199374312,401.173563352,53.974189039,Other,random,C2H_2O2,53.974182070,RC2_0046_ICR-3_p08
375.072046075,429.046235115,53.974189039,Other,random,C2H_2O2,53.974182070,RC2_0046_ICR-3_p08
491.119404798,545.093594837,53.974190039,Other,random,C2H_2O2,53.974182070,RC2_0046_ICR-3_p08
401.160450407,455.134640447,53.974190039,Other,random,C2H_2O2,53.974182070,RC2_0046_ICR-3_p08
533.215762223,587.189952263,53.974190039,Other,random,C2H_2O2,53.974182070,RC2_0046_ICR-3_p08
409.272390996,463.246582035,53.974191039,Other,random,C2H_2O2,53.974182070,RC2_0046_ICR-3_p08
417.191582402,471.165773442,53.974191039,Other,random,C2H_2O2,53.974182070,RC2_0046_ICR-3_p08
543.272880561,597.247071600,53.974191039,Other,random,C2H_2O2,53.974182070,RC2_0046_ICR-3_p08
445.171375711,499.145566750,53.974191039,Other,random,C2H_2O2,53.974182070,RC2_0046_ICR-3_p08
394.114226298,448.088417337,53.974191039,Other,random,C2H_2O2,53.974182070,RC2_0046_ICR-3_p08
429.204747442,483.178938481,53.974191039,Other,random,C2H_2O2,53.974182070,RC2_0046_ICR-3_p08
583.203209175,637.177400214,53.974191039,Other,random,C2H_2O2,53.974182070,RC2_0046_ICR-3_p08
369.113367352,423.087559391,53.974192039,Other,random,C2H_2O2,53.974182070,RC2_0046_ICR-3_p08
464.119670332,518.093862371,53.974192039,Other,random,C2H_2O2,53.974182070,RC2_0046_ICR-3_p08
341.087629238,395.061821278,53.974192039,Other,random,C2H_2O2,53.974182070,RC2_0046_ICR-3_p08
365.246186757,419.220378796,53.974192039,Other,random,C2H_2O2,53.974182070,RC2_0046_ICR-3_p08
443.082864571,497.057056610,53.974192039,Other,random,C2H_2O2,53.974182070,RC2_0046_ICR-3_p08
469.236171627,523.210363667,53.974192039,Other,random,C2H_2O2,53.974182070,RC2_0046_ICR-3_p08
233.045607557,287.056163442,54.010555885,Other,random,C3H2O1,54.010565000,RC2_0046_ICR-3_p08
335.134607491,389.145163376,54.010555885,Other,random,C3H2O1,54.010565000,RC2_0046_ICR-3_p08
347.126509621,401.137065506,54.010555885,Other,random,C3H2O1,54.010565000,RC2_0046_ICR-3_p08
455.147662391,509.158218276,54.010555885,Other,random,C3H2O1,54.010565000,RC2_0046_ICR-3_p08
483.186977447,537.197533332,54.010555885,Other,random,C3H2O1,54.010565000,RC2_0046_ICR-3_p08
349.129151126,403.139707011,54.010555885,Other,random,C3H2O1,54.010565000,RC2_0046_ICR-3_p08
441.176386658,495.186943543,54.010556885,Other,random,C3H2O1,54.010565000,RC2_0046_ICR-3_p08
363.102831849,417.113388734,54.010556885,Other,random,C3H2O1,54.010565000,RC2_0046_ICR-3_p08
369.168415119,423.178972004,54.010556885,Other,random,C3H2O1,54.010565000,RC2_0046_ICR-3_p08
383.126572908,437.137129793,54.010556885,Other,random,C3H2O1,54.010565000,RC2_0046_ICR-3_p08
391.189115706,445.199672591,54.010556885,Other,random,C3H2O1,54.010565000,RC2_0046_ICR-3_p08
414.112037466,468.122594351,54.010556885,Other,random,C3H2O1,54.010565000,RC2_0046_ICR-3_p08
473.036174507,527.046731393,54.010556885,Other,random,C3H2O1,54.010565000,RC2_0046_ICR-3_p08
293.139342637,347.149900522,54.010557885,Other,random,C3H2O1,54.010565000,RC2_0046_ICR-3_p08
434.036417946,488.046975831,54.010557885,Other,random,C3H2O1,54.010565000,RC2_0046_ICR-3_p08
477.030979561,531.041537446,54.010557885,Other,random,C3H2O1,54.010565000,RC2_0046_ICR-3_p08
361.033077629,415.043635514,54.010557885,Other,random,C3H2O1,54.010565000,RC2_0046_ICR-3_p08
557.187709533,611.198267418,54.010557885,Other,random,C3H2O1,54.010565000,RC2_0046_ICR-3_p08
421.077501918,475.088059803,54.010557885,Other,random,C3H2O1,54.010565000,RC2_0046_ICR-3_p08
407.111211164,461.121770049,54.010558885,Other,random,C3H2O1,54.010565000,RC2_0046_ICR-3_p08
321.147343826,375.157902711,54.010558885,Other,random,C3H2O1,54.010565000,RC2_0046_ICR-3_p08
339.144720480,393.155279365,54.010558885,Other,random,C3H2O1,54.010565000,RC2_0046_ICR-3_p08
383.165244744,437.175803629,54.010558885,Other,random,C3H2O1,54.010565000,RC2_0046_ICR-3_p08
351.035667038,405.046226924,54.010559885,Other,random,C3H2O1,54.010565000,RC2_0046_ICR-3_p08
413.108696722,467.119256607,54.010559885,Other,random,C3H2O1,54.010565000,RC2_0046_ICR-3_p08
413.194597358,467.205157243,54.010559885,Other,random,C3H2O1,54.010565000,RC2_0046_ICR-3_p08
415.152816051,469.163375936,54.010559885,Other,random,C3H2O1,54.010565000,RC2_0046_ICR-3_p08
423.056822522,477.067382407,54.010559885,Other,random,C3H2O1,54.010565000,RC2_0046_ICR-3_p08
539.213387781,593.223947666,54.010559885,Other,random,C3H2O1,54.010565000,RC2_0046_ICR-3_p08
341.137114029,395.147674914,54.010560885,Other,random,C3H2O1,54.010565000,RC2_0046_ICR-3_p08
464.119670332,518.130231217,54.010560885,Other,random,C3H2O1,54.010565000,RC2_0046_ICR-3_p08
331.154979373,385.165540258,54.010560885,Other,random,C3H2O1,54.010565000,RC2_0046_ICR-3_p08
389.087667620,443.098228505,54.010560885,Other,random,C3H2O1,54.010565000,RC2_0046_ICR-3_p08
517.026045901,571.036606786,54.010560885,Other,random,C3H2O1,54.010565000,RC2_0046_ICR-3_p08
627.099809963,681.110370849,54.010560885,Other,random,C3H2O1,54.010565000,RC2_0046_ICR-3_p08
467.046583916,521.057145801,54.010561885,Other,random,C3H2O1,54.010565000,RC2_0046_ICR-3_p08
427.051574576,481.062136461,54.010561885,Other,random,C3H2O1,54.010565000,RC2_0046_ICR-3_p08
307.155015182,361.165578067,54.010562885,Other,random,C3H2O1,54.010565000,RC2_0046_ICR-3_p08
418.114285488,472.124848373,54.010562885,Other,random,C3H2O1,54.010565000,RC2_0046_ICR-3_p08
299.090093394,353.100656279,54.010562885,Other,random,C3H2O1,54.010565000,RC2_0046_ICR-3_p08
429.204747442,483.215310327,54.010562885,Other,random,C3H2O1,54.010565000,RC2_0046_ICR-3_p08
655.188462810,709.199025695,54.010562885,Other,random,C3H2O1,54.010565000,RC2_0046_ICR-3_p08
371.147649723,425.158213608,54.010563885,Other,random,C3H2O1,54.010565000,RC2_0046_ICR-3_p08
319.045834741,373.056398626,54.010563885,Other,random,C3H2O1,54.010565000,RC2_0046_ICR-3_p08
335.077103735,389.087667620,54.010563885,Other,random,C3H2O1,54.010565000,RC2_0046_ICR-3_p08
343.095198722,397.105762607,54.010563885,Other,random,C3H2O1,54.010565000,RC2_0046_ICR-3_p08
461.108806104,515.119369989,54.010563885,Other,random,C3H2O1,54.010565000,RC2_0046_ICR-3_p08
573.218982528,627.229546413,54.010563885,Other,random,C3H2O1,54.010565000,RC2_0046_ICR-3_p08
407.098242219,461.108806104,54.010563885,Other,random,C3H2O1,54.010565000,RC2_0046_ICR-3_p08
597.255355565,651.265920450,54.010564885,Other,random,C3H2O1,54.010565000,RC2_0046_ICR-3_p08
355.030544092,409.041108977,54.010564885,Other,random,C3H2O1,54.010565000,RC2_0046_ICR-3_p08
447.178862195,501.189427080,54.010564885,Other,random,C3H2O1,54.010565000,RC2_0046_ICR-3_p08
463.160771399,517.171336284,54.010564885,Other,random,C3H2O1,54.010565000,RC2_0046_ICR-3_p08
681.131217760,735.141782645,54.010564885,Other,random,C3H2O1,54.010565000,RC2_0046_ICR-3_p08
430.077757739,484.088323624,54.010565885,Other,random,C3H2O1,54.010565000,RC2_0046_ICR-3_p08
433.236171341,487.246737226,54.010565885,Other,random,C3H2O1,54.010565000,RC2_0046_ICR-3_p08
439.227837924,493.238403809,54.010565885,Other,random,C3H2O1,54.010565000,RC2_0046_ICR-3_p08
581.273173362,635.283739247,54.010565885,Other,random,C3H2O1,54.010565000,RC2_0046_ICR-3_p08
449.267391336,503.277958221,54.010566885,Other,random,C3H2O1,54.010565000,RC2_0046_ICR-3_p08
393.095526619,447.106093504,54.010566885,Other,random,C3H2O1,54.010565000,RC2_0046_ICR-3_p08
507.091032045,561.101598930,54.010566885,Other,random,C3H2O1,54.010565000,RC2_0046_ICR-3_p08
397.077311728,451.087878613,54.010566885,Other,random,C3H2O1,54.010565000,RC2_0046_ICR-3_p08
397.159894378,451.170461263,54.010566885,Other,random,C3H2O1,54.010565000,RC2_0046_ICR-3_p08
421.126859709,475.137426594,54.010566885,Other,random,C3H2O1,54.010565000,RC2_0046_ICR-3_p08
229.144602105,283.155168990,54.010566885,Other,random,C3H2O1,54.010565000,RC2_0046_ICR-3_p08
501.226025925,555.236593810,54.010567885,Other,random,C3H2O1,54.010565000,RC2_0046_ICR-3_p08
593.151328974,647.161896859,54.010567885,Other,random,C3H2O1,54.010565000,RC2_0046_ICR-3_p08
427.152719147,481.163287032,54.010567885,Other,random,C3H2O1,54.010565000,RC2_0046_ICR-3_p08
315.025089797,369.035658682,54.010568885,Other,random,C3H2O1,54.010565000,RC2_0046_ICR-3_p08
399.092986177,453.103555062,54.010568885,Other,random,C3H2O1,54.010565000,RC2_0046_ICR-3_p08
459.077919719,513.088488604,54.010568885,Other,random,C3H2O1,54.010565000,RC2_0046_ICR-3_p08
480.078369634,534.088938519,54.010568885,Other,random,C3H2O1,54.010565000,RC2_0046_ICR-3_p08
347.077150831,401.087719716,54.010568885,Other,random,C3H2O1,54.010565000,RC2_0046_ICR-3_p08
501.262250771,555.272820656,54.010569885,Other,random,C3H2O1,54.010565000,RC2_0046_ICR-3_p08
315.136633324,369.147203209,54.010569885,Other,random,C3H2O1,54.010565000,RC2_0046_ICR-3_p08
325.142186880,379.152756765,54.010569885,Other,random,C3H2O1,54.010565000,RC2_0046_ICR-3_p08
557.078229998,611.088799883,54.010569885,Other,random,C3H2O1,54.010565000,RC2_0046_ICR-3_p08
572.169851979,626.180421864,54.010569885,Other,random,C3H2O1,54.010565000,RC2_0046_ICR-3_p08
687.229866889,741.240436774,54.010569885,Other,random,C3H2O1,54.010565000,RC2_0046_ICR-3_p08
365.123981275,419.134552160,54.010570885,Other,random,C3H2O1,54.010565000,RC2_0046_ICR-3_p08
365.154875144,419.165446029,54.010570885,Other,random,C3H2O1,54.010565000,RC2_0046_ICR-3_p08
529.148213478,583.158784363,54.010570885,Other,random,C3H2O1,54.010565000,RC2_0046_ICR-3_p08
309.061506094,363.072076980,54.010570885,Other,random,C3H2O1,54.010565000,RC2_0046_ICR-3_p08
425.158213608,479.168784493,54.010570885,Other,random,C3H2O1,54.010565000,RC2_0046_ICR-3_p08
221.045627461,275.056198346,54.010570885,Other,random,C3H2O1,54.010565000,RC2_0046_ICR-3_p08
457.171308807,511.181879692,54.010570885,Other,random,C3H2O1,54.010565000,RC2_0046_ICR-3_p08
464.083290486,518.093862371,54.010571885,Other,random,C3H2O1,54.010565000,RC2_0046_ICR-3_p08
443.301224644,497.311796529,54.010571885,Other,random,C3H2O1,54.010565000,RC2_0046_ICR-3_p08
505.165637213,559.176209098,54.010571885,Other,random,C3H2O1,54.010565000,RC2_0046_ICR-3_p08
553.220993360,607.231565245,54.010571885,Other,random,C3H2O1,54.010565000,RC2_0046_ICR-3_p08
563.213363972,617.223935857,54.010571885,Other,random,C3H2O1,54.010565000,RC2_0046_ICR-3_p08
563.262925762,617.273497647,54.010571885,Other,random,C3H2O1,54.010565000,RC2_0046_ICR-3_p08
336.036034667,390.046606553,54.010571885,Other,random,C3H2O1,54.010565000,RC2_0046_ICR-3_p08
421.223077301,475.233650186,54.010572885,Other,random,C3H2O1,54.010565000,RC2_0046_ICR-3_p08
495.114276851,549.124849736,54.010572885,Other,random,C3H2O1,54.010565000,RC2_0046_ICR-3_p08
343.212510225,397.223083110,54.010572885,Other,random,C3H2O1,54.010565000,RC2_0046_ICR-3_p08
485.166323051,539.176895936,54.010572885,Other,random,C3H2O1,54.010565000,RC2_0046_ICR-3_p08
523.194932732,577.205505617,54.010572885,Other,random,C3H2O1,54.010565000,RC2_0046_ICR-3_p08
233.009237711,287.019810596,54.010572885,Other,random,C3H2O1,54.010565000,RC2_0046_ICR-3_p08
377.154835240,431.165408125,54.010572885,Other,random,C3H2O1,54.010565000,RC2_0046_ICR-3_p08
425.267389145,479.277962030,54.010572885,Other,random,C3H2O1,54.010565000,RC2_0046_ICR-3_p08
435.056770618,489.067343503,54.010572885,Other,random,C3H2O1,54.010565000,RC2_0046_ICR-3_p08
457.090642149,511.101215034,54.010572885,Other,random,C3H2O1,54.010565000,RC2_0046_ICR-3_p08
673.250478191,727.261052076,54.010573885,Other,random,C3H2O1,54.010565000,RC2_0046_ICR-3_p08
235.024861161,289.035435046,54.010573885,Other,random,C3H2O1,54.010565000,RC2_0046_ICR-3_p08
419.220378796,473.230952681,54.010573885,Other,random,C3H2O1,54.010565000,RC2_0046_ICR-3_p08
431.082848475,485.093422360,54.010573885,Other,random,C3H2O1,54.010565000,RC2_0046_ICR-3_p08
453.030979370,507.041553255,54.010573885,Other,random,C3H2O1,54.010565000,RC2_0046_ICR-3_p08
465.225969639,519.236543524,54.010573885,Other,random,C3H2O1,54.010565000,RC2_0046_ICR-3_p08
497.252258782,551.262833667,54.010574885,Other,random,C3H2O1,54.010565000,RC2_0046_ICR-3_p08
359.144237642,413.154812527,54.010574885,Other,random,C3H2O1,54.010565000,RC2_0046_ICR-3_p08
365.118427299,419.129002184,54.010574885,Other,random,C3H2O1,54.010565000,RC2_0046_ICR-3_p08
417.118955711,471.129530596,54.010574885,Other,random,C3H2O1,54.010565000,RC2_0046_ICR-3_p08
453.153074852,507.163649737,54.010574885,Other,random,C3H2O1,54.010565000,RC2_0046_ICR-3_p08
505.111834441,559.158771172,54.046936731,Other,random,C4H6,54.046946670,RC2_0046_ICR-3_p08
308.041080423,362.088018154,54.046937731,Other,random,C4H6,54.046946670,RC2_0046_ICR-3_p08
373.105781416,427.152719147,54.046937731,Other,random,C4H6,54.046946670,RC2_0046_ICR-3_p08
427.088076421,481.135014152,54.046937731,Other,random,C4H6,54.046946670,RC2_0046_ICR-3_p08
443.147604296,497.194542027,54.046937731,Other,random,C4H6,54.046946670,RC2_0046_ICR-3_p08
553.229069326,607.276007057,54.046937731,Other,random,C4H6,54.046946670,RC2_0046_ICR-3_p08
434.036417946,488.083355677,54.046937731,Other,random,C4H6,54.046946670,RC2_0046_ICR-3_p08
461.231076585,515.278014316,54.046937731,Other,random,C4H6,54.046946670,RC2_0046_ICR-3_p08
223.097665756,277.144604487,54.046938731,Other,random,C4H6,54.046946670,RC2_0046_ICR-3_p08
395.184015759,449.230954490,54.046938731,Other,random,C4H6,54.046946670,RC2_0046_ICR-3_p08
273.134353499,327.181293230,54.046939731,Other,random,C4H6,54.046946670,RC2_0046_ICR-3_p08
371.147649723,425.194589453,54.046939731,Other,random,C4H6,54.046946670,RC2_0046_ICR-3_p08
577.047409288,631.094349018,54.046939731,Other,random,C4H6,54.046946670,RC2_0046_ICR-3_p08
414.117124444,468.164064175,54.046939731,Other,random,C4H6,54.046946670,RC2_0046_ICR-3_p08
391.103234070,445.150173801,54.046939731,Other,random,C4H6,54.046946670,RC2_0046_ICR-3_p08
449.181372701,503.228312431,54.046939731,Other,random,C4H6,54.046946670,RC2_0046_ICR-3_p08
449.194453645,503.241394376,54.046940731,Other,random,C4H6,54.046946670,RC2_0046_ICR-3_p08
464.083290486,518.130231217,54.046940731,Other,random,C4H6,54.046946670,RC2_0046_ICR-3_p08
348.085523553,402.132464284,54.046940731,Other,random,C4H6,54.046946670,RC2_0046_ICR-3_p08
355.103296783,409.150237514,54.046940731,Other,random,C4H6,54.046946670,RC2_0046_ICR-3_p08
387.102684041,441.149624771,54.046940731,Other,random,C4H6,54.046946670,RC2_0046_ICR-3_p08
407.220360701,461.267301432,54.046940731,Other,random,C4H6,54.046946670,RC2_0046_ICR-3_p08
461.035784414,515.082725144,54.046940731,Other,random,C4H6,54.046946670,RC2_0046_ICR-3_p08
460.154048154,514.200988885,54.046940731,Other,random,C4H6,54.046946670,RC2_0046_ICR-3_p08
381.155179270,435.202120001,54.046940731,Other,random,C4H6,54.046946670,RC2_0046_ICR-3_p08
508.145989570,562.192930301,54.046940731,Other,random,C4H6,54.046946670,RC2_0046_ICR-3_p08
421.163240555,475.210181285,54.046940731,Other,random,C4H6,54.046946670,RC2_0046_ICR-3_p08
591.099303679,645.146244410,54.046940731,Other,random,C4H6,54.046946670,RC2_0046_ICR-3_p08
389.035922840,443.082864571,54.046941731,Other,random,C4H6,54.046946670,RC2_0046_ICR-3_p08
405.113300639,459.160242370,54.046941731,Other,random,C4H6,54.046946670,RC2_0046_ICR-3_p08
431.155737166,485.202678897,54.046941731,Other,random,C4H6,54.046946670,RC2_0046_ICR-3_p08
385.163305268,439.210246998,54.046941731,Other,random,C4H6,54.046946670,RC2_0046_ICR-3_p08
450.104132786,504.151074517,54.046941731,Other,random,C4H6,54.046946670,RC2_0046_ICR-3_p08
543.163834023,597.210775754,54.046941731,Other,random,C4H6,54.046946670,RC2_0046_ICR-3_p08
489.052126567,543.099068298,54.046941731,Other,random,C4H6,54.046946670,RC2_0046_ICR-3_p08
281.152441486,335.199384217,54.046942731,Other,random,C4H6,54.046946670,RC2_0046_ICR-3_p08
352.030893817,406.077836547,54.046942731,Other,random,C4H6,54.046946670,RC2_0046_ICR-3_p08
529.119881598,583.166824329,54.046942731,Other,random,C4H6,54.046946670,RC2_0046_ICR-3_p08
735.251123181,789.298065912,54.046942731,Other,random,C4H6,54.046946670,RC2_0046_ICR-3_p08
375.072046075,429.118988806,54.046942731,Other,random,C4H6,54.046946670,RC2_0046_ICR-3_p08
383.126572908,437.173515638,54.046942731,Other,random,C4H6,54.046946670,RC2_0046_ICR-3_p08
471.020455058,525.067397789,54.046942731,Other,random,C4H6,54.046946670,RC2_0046_ICR-3_p08
527.104257149,581.151200879,54.046943731,Other,random,C4H6,54.046946670,RC2_0046_ICR-3_p08
389.100660565,443.147604296,54.046943731,Other,random,C4H6,54.046946670,RC2_0046_ICR-3_p08
405.155339461,459.202283191,54.046943731,Other,random,C4H6,54.046946670,RC2_0046_ICR-3_p08
341.043253427,395.090198157,54.046944731,Other,random,C4H6,54.046946670,RC2_0046_ICR-3_p08
359.040742081,413.087686811,54.046944731,Other,random,C4H6,54.046946670,RC2_0046_ICR-3_p08
381.118949424,435.165894155,54.046944731,Other,random,C4H6,54.046946670,RC2_0046_ICR-3_p08
384.142817597,438.189762327,54.046944731,Other,random,C4H6,54.046946670,RC2_0046_ICR-3_p08
405.059221868,459.106166599,54.046944731,Other,random,C4H6,54.046946670,RC2_0046_ICR-3_p08
415.210347807,469.257292538,54.046944731,Other,random,C4H6,54.046946670,RC2_0046_ICR-3_p08
433.041118168,487.088062899,54.046944731,Other,random,C4H6,54.046946670,RC2_0046_ICR-3_p08
495.114276851,549.161221582,54.046944731,Other,random,C4H6,54.046946670,RC2_0046_ICR-3_p08
367.176132570,421.223077301,54.046944731,Other,random,C4H6,54.046946670,RC2_0046_ICR-3_p08
503.119415893,557.166361624,54.046945731,Other,random,C4H6,54.046946670,RC2_0046_ICR-3_p08
326.088036867,380.134982598,54.046945731,Other,random,C4H6,54.046946670,RC2_0046_ICR-3_p08
347.207435278,401.254381009,54.046945731,Other,random,C4H6,54.046946670,RC2_0046_ICR-3_p08
359.004253235,413.051198966,54.046945731,Other,random,C4H6,54.046946670,RC2_0046_ICR-3_p08
403.070059307,457.117005037,54.046945731,Other,random,C4H6,54.046946670,RC2_0046_ICR-3_p08
475.072935867,529.119881598,54.046945731,Other,random,C4H6,54.046946670,RC2_0046_ICR-3_p08
473.145064046,527.192009776,54.046945731,Other,random,C4H6,54.046946670,RC2_0046_ICR-3_p08
401.072452780,455.119399511,54.046946731,Other,random,C4H6,54.046946670,RC2_0046_ICR-3_p08
479.155765548,533.202712279,54.046946731,Other,random,C4H6,54.046946670,RC2_0046_ICR-3_p08
349.178634916,403.225581647,54.046946731,Other,random,C4H6,54.046946670,RC2_0046_ICR-3_p08
347.071492855,401.118440585,54.046947731,Other,random,C4H6,54.046946670,RC2_0046_ICR-3_p08
369.113367352,423.160315083,54.046947731,Other,random,C4H6,54.046946670,RC2_0046_ICR-3_p08
339.035520944,393.082468674,54.046947731,Other,random,C4H6,54.046946670,RC2_0046_ICR-3_p08
369.074455517,423.121403248,54.046947731,Other,random,C4H6,54.046946670,RC2_0046_ICR-3_p08
394.114226298,448.161174028,54.046947731,Other,random,C4H6,54.046946670,RC2_0046_ICR-3_p08
457.090642149,511.137589880,54.046947731,Other,random,C4H6,54.046946670,RC2_0046_ICR-3_p08
503.168942683,557.215890414,54.046947731,Other,random,C4H6,54.046946670,RC2_0046_ICR-3_p08
390.095647344,444.142596075,54.046948731,Other,random,C4H6,54.046946670,RC2_0046_ICR-3_p08
413.064265911,467.111214641,54.046948731,Other,random,C4H6,54.046946670,RC2_0046_ICR-3_p08
519.244417490,573.291366221,54.046948731,Other,random,C4H6,54.046946670,RC2_0046_ICR-3_p08
359.126588716,413.173537447,54.046948731,Other,random,C4H6,54.046946670,RC2_0046_ICR-3_p08
401.108727627,455.155676357,54.046948731,Other,random,C4H6,54.046946670,RC2_0046_ICR-3_p08
437.108773913,491.155723644,54.046949731,Other,random,C4H6,54.046946670,RC2_0046_ICR-3_p08
297.147313635,351.194263366,54.046949731,Other,random,C4H6,54.046946670,RC2_0046_ICR-3_p08
381.149691294,435.196641024,54.046949731,Other,random,C4H6,54.046946670,RC2_0046_ICR-3_p08
577.156235826,631.203185557,54.046949731,Other,random,C4H6,54.046946670,RC2_0046_ICR-3_p08
681.094832914,735.141782645,54.046949731,Other,random,C4H6,54.046946670,RC2_0046_ICR-3_p08
535.231487673,589.278437403,54.046949731,Other,random,C4H6,54.046946670,RC2_0046_ICR-3_p08
423.251666695,477.298616426,54.046949731,Other,random,C4H6,54.046946670,RC2_0046_ICR-3_p08
347.098198741,401.145149472,54.046950731,Other,random,C4H6,54.046946670,RC2_0046_ICR-3_p08
355.058749972,409.105700703,54.046950731,Other,random,C4H6,54.046946670,RC2_0046_ICR-3_p08
455.082903666,509.129854397,54.046950731,Other,random,C4H6,54.046946670,RC2_0046_ICR-3_p08
453.103555062,507.150505793,54.046950731,Other,random,C4H6,54.046946670,RC2_0046_ICR-3_p08
537.210479278,591.257430008,54.046950731,Other,random,C4H6,54.046946670,RC2_0046_ICR-3_p08
667.297712442,721.344663173,54.046950731,Other,random,C4H6,54.046946670,RC2_0046_ICR-3_p08
401.173563352,455.220515082,54.046951731,Other,random,C4H6,54.046946670,RC2_0046_ICR-3_p08
323.162931276,377.209883006,54.046951731,Other,random,C4H6,54.046946670,RC2_0046_ICR-3_p08
413.035891031,467.082842762,54.046951731,Other,random,C4H6,54.046946670,RC2_0046_ICR-3_p08
415.124401172,469.171353902,54.046952731,Other,random,C4H6,54.046946670,RC2_0046_ICR-3_p08
431.098252410,485.145205141,54.046952731,Other,random,C4H6,54.046946670,RC2_0046_ICR-3_p08
435.069726563,489.116679293,54.046952731,Other,random,C4H6,54.046946670,RC2_0046_ICR-3_p08
395.061821278,449.108775008,54.046953731,Other,random,C4H6,54.046946670,RC2_0046_ICR-3_p08
431.074774509,485.121728240,54.046953731,Other,random,C4H6,54.046946670,RC2_0046_ICR-3_p08
459.150527411,513.197481142,54.046953731,Other,random,C4H6,54.046946670,RC2_0046_ICR-3_p08
464.119670332,518.166624062,54.046953731,Other,random,C4H6,54.046946670,RC2_0046_ICR-3_p08
533.252343068,587.299296799,54.046953731,Other,random,C4H6,54.046946670,RC2_0046_ICR-3_p08
319.139735342,373.186690073,54.046954731,Other,random,C4H6,54.046946670,RC2_0046_ICR-3_p08
431.111326354,485.158281085,54.046954731,Other,random,C4H6,54.046946670,RC2_0046_ICR-3_p08
261.113287493,315.160242223,54.046954731,Other,random,C4H6,54.046946670,RC2_0046_ICR-3_p08
351.048548984,405.095503714,54.046954731,Other,random,C4H6,54.046946670,RC2_0046_ICR-3_p08
431.147726200,485.194680931,54.046954731,Other,random,C4H6,54.046946670,RC2_0046_ICR-3_p08
327.157851329,381.204807060,54.046955731,Other,random,C4H6,54.046946670,RC2_0046_ICR-3_p08
365.123981275,419.170937006,54.046955731,Other,random,C4H6,54.046946670,RC2_0046_ICR-3_p08
395.092647147,449.139602878,54.046955731,Other,random,C4H6,54.046946670,RC2_0046_ICR-3_p08
503.046585202,557.093540933,54.046955731,Other,random,C4H6,54.046946670,RC2_0046_ICR-3_p08
467.046583916,521.093539646,54.046955731,Other,random,C4H6,54.046946670,RC2_0046_ICR-3_p08
272.077519982,326.124475713,54.046955731,Other,random,C4H6,54.046946670,RC2_0046_ICR-3_p08
409.126819613,463.173775344,54.046955731,Other,random,C4H6,54.046946670,RC2_0046_ICR-3_p08
311.040790698,366.082980207,55.042189509,Other,random,NA_1,55.042198740,RC2_0046_ICR-3_p08
341.100522184,396.142712693,55.042190509,Other,random,NA_1,55.042198740,RC2_0046_ICR-3_p08
339.072033789,394.114226298,55.042192509,Other,random,NA_1,55.042198740,RC2_0046_ICR-3_p08
477.067382407,532.109575916,55.042193509,Other,random,NA_1,55.042198740,RC2_0046_ICR-3_p08
235.061279006,290.103474515,55.042195509,Other,random,NA_1,55.042198740,RC2_0046_ICR-3_p08
309.097848940,364.140045449,55.042196509,Other,random,NA_1,55.042198740,RC2_0046_ICR-3_p08
549.124849736,604.167047245,55.042197509,Other,random,NA_1,55.042198740,RC2_0046_ICR-3_p08
353.087620334,408.129820843,55.042200509,Other,random,NA_1,55.042198740,RC2_0046_ICR-3_p08
259.082346108,314.124547617,55.042201509,Other,random,NA_1,55.042198740,RC2_0046_ICR-3_p08
407.061756374,462.103958882,55.042202509,Other,random,NA_1,55.042198740,RC2_0046_ICR-3_p08
357.131919178,412.174122687,55.042203509,Other,random,NA_1,55.042198740,RC2_0046_ICR-3_p08
507.041553255,562.083757764,55.042204509,Other,random,NA_1,55.042198740,RC2_0046_ICR-3_p08
489.103623349,544.145829858,55.042206509,Other,random,NA_1,55.042198740,RC2_0046_ICR-3_p08
369.131865274,424.174072782,55.042207509,Other,random,NA_1,55.042198740,RC2_0046_ICR-3_p08
363.072076980,418.114285488,55.042208509,Other,random,NA_1,55.042198740,RC2_0046_ICR-3_p08
376.116639644,431.174102088,55.057462444,Other,random,C7H5N1O_3,55.057454000,RC2_0046_ICR-3_p08
431.137604243,487.051596054,55.913991811,Other,random,H_1O_3Cl3,55.914000000,RC2_0046_ICR-3_p08
373.116901369,429.030897180,55.913995811,Other,random,H_1O_3Cl3,55.914000000,RC2_0046_ICR-3_p08
363.230550307,419.183962951,55.953412643,Other,random,CH_4O3,55.953422350,RC2_0046_ICR-3_p08
393.241041002,449.194453645,55.953412643,Other,random,CH_4O3,55.953422350,RC2_0046_ICR-3_p08
679.297710538,735.251123181,55.953412643,Other,random,CH_4O3,55.953422350,RC2_0046_ICR-3_p08
322.093127814,378.046540457,55.953412643,Other,random,CH_4O3,55.953422350,RC2_0046_ICR-3_p08
363.102831849,419.056244492,55.953412643,Other,random,CH_4O3,55.953422350,RC2_0046_ICR-3_p08
375.144839766,431.098252410,55.953412643,Other,random,CH_4O3,55.953422350,RC2_0046_ICR-3_p08
559.145736227,615.099149871,55.953413643,Other,random,CH_4O3,55.953422350,RC2_0046_ICR-3_p08
341.160435930,397.113849573,55.953413643,Other,random,CH_4O3,55.953422350,RC2_0046_ICR-3_p08
393.082468674,449.035882318,55.953413643,Other,random,CH_4O3,55.953422350,RC2_0046_ICR-3_p08
407.184092855,463.137506498,55.953413643,Other,random,CH_4O3,55.953422350,RC2_0046_ICR-3_p08
235.097628852,291.051042496,55.953413643,Other,random,CH_4O3,55.953422350,RC2_0046_ICR-3_p08
361.129067222,417.082480865,55.953413643,Other,random,CH_4O3,55.953422350,RC2_0046_ICR-3_p08
444.122549160,500.075962804,55.953413643,Other,random,CH_4O3,55.953422350,RC2_0046_ICR-3_p08
677.245313244,733.198726888,55.953413643,Other,random,CH_4O3,55.953422350,RC2_0046_ICR-3_p08
391.066942224,447.020355868,55.953413643,Other,random,CH_4O3,55.953422350,RC2_0046_ICR-3_p08
339.108406634,395.061821278,55.953414643,Other,random,CH_4O3,55.953422350,RC2_0046_ICR-3_p08
367.116372823,423.069787467,55.953414643,Other,random,CH_4O3,55.953422350,RC2_0046_ICR-3_p08
407.220360701,463.173775344,55.953414643,Other,random,CH_4O3,55.953422350,RC2_0046_ICR-3_p08
423.178972004,479.132386647,55.953414643,Other,random,CH_4O3,55.953422350,RC2_0046_ICR-3_p08
433.236171341,489.189585984,55.953414643,Other,random,CH_4O3,55.953422350,RC2_0046_ICR-3_p08
350.124420904,406.077836547,55.953415643,Other,random,CH_4O3,55.953422350,RC2_0046_ICR-3_p08
457.244065498,513.197481142,55.953415643,Other,random,CH_4O3,55.953422350,RC2_0046_ICR-3_p08
397.199659209,453.153074852,55.953415643,Other,random,CH_4O3,55.953422350,RC2_0046_ICR-3_p08
553.156285635,609.109701278,55.953415643,Other,random,CH_4O3,55.953422350,RC2_0046_ICR-3_p08
573.125134926,629.078550570,55.953415643,Other,random,CH_4O3,55.953422350,RC2_0046_ICR-3_p08
309.134218786,365.087635429,55.953416643,Other,random,CH_4O3,55.953422350,RC2_0046_ICR-3_p08
489.197603950,545.151020593,55.953416643,Other,random,CH_4O3,55.953422350,RC2_0046_ICR-3_p08
537.270531023,593.223947666,55.953416643,Other,random,CH_4O3,55.953422350,RC2_0046_ICR-3_p08
301.111209820,357.064627463,55.953417643,Other,random,CH_4O3,55.953422350,RC2_0046_ICR-3_p08
303.108454348,359.061871991,55.953417643,Other,random,CH_4O3,55.953422350,RC2_0046_ICR-3_p08
323.090168584,379.043586228,55.953417643,Other,random,CH_4O3,55.953422350,RC2_0046_ICR-3_p08
549.197720427,605.151138071,55.953417643,Other,random,CH_4O3,55.953422350,RC2_0046_ICR-3_p08
315.108418443,371.061836087,55.953417643,Other,random,CH_4O3,55.953422350,RC2_0046_ICR-3_p08
247.082359012,303.035776656,55.953417643,Other,random,CH_4O3,55.953422350,RC2_0046_ICR-3_p08
385.178471203,441.131889847,55.953418643,Other,random,CH_4O3,55.953422350,RC2_0046_ICR-3_p08
355.168012509,411.121431152,55.953418643,Other,random,CH_4O3,55.953422350,RC2_0046_ICR-3_p08
539.286006473,595.239425116,55.953418643,Other,random,CH_4O3,55.953422350,RC2_0046_ICR-3_p08
549.124849736,605.078268380,55.953418643,Other,random,CH_4O3,55.953422350,RC2_0046_ICR-3_p08
609.255561659,665.208980303,55.953418643,Other,random,CH_4O3,55.953422350,RC2_0046_ICR-3_p08
258.134718128,314.088137771,55.953419643,Other,random,CH_4O3,55.953422350,RC2_0046_ICR-3_p08
279.087396246,335.040815889,55.953419643,Other,random,CH_4O3,55.953422350,RC2_0046_ICR-3_p08
361.178612012,417.132031655,55.953419643,Other,random,CH_4O3,55.953422350,RC2_0046_ICR-3_p08
472.117484405,528.070904048,55.953419643,Other,random,CH_4O3,55.953422350,RC2_0046_ICR-3_p08
339.144720480,395.098140124,55.953419643,Other,random,CH_4O3,55.953422350,RC2_0046_ICR-3_p08
445.222822493,501.176242136,55.953419643,Other,random,CH_4O3,55.953422350,RC2_0046_ICR-3_p08
461.231076585,517.184496229,55.953419643,Other,random,CH_4O3,55.953422350,RC2_0046_ICR-3_p08
719.219878187,775.173297830,55.953419643,Other,random,CH_4O3,55.953422350,RC2_0046_ICR-3_p08
365.118427299,421.071847942,55.953420643,Other,random,CH_4O3,55.953422350,RC2_0046_ICR-3_p08
421.308746937,477.262167581,55.953420643,Other,random,CH_4O3,55.953422350,RC2_0046_ICR-3_p08
297.110920789,353.064341433,55.953420643,Other,random,CH_4O3,55.953422350,RC2_0046_ICR-3_p08
319.131689376,375.085110020,55.953420643,Other,random,CH_4O3,55.953422350,RC2_0046_ICR-3_p08
433.163258650,489.116679293,55.953420643,Other,random,CH_4O3,55.953422350,RC2_0046_ICR-3_p08
409.150237514,465.103658158,55.953420643,Other,random,CH_4O3,55.953422350,RC2_0046_ICR-3_p08
333.110888076,389.064309719,55.953421643,Other,random,CH_4O3,55.953422350,RC2_0046_ICR-3_p08
399.071957267,455.025378910,55.953421643,Other,random,CH_4O3,55.953422350,RC2_0046_ICR-3_p08
357.147287113,413.100708756,55.953421643,Other,random,CH_4O3,55.953422350,RC2_0046_ICR-3_p08
459.178979290,515.132400934,55.953421643,Other,random,CH_4O3,55.953422350,RC2_0046_ICR-3_p08
405.149819484,461.103241127,55.953421643,Other,random,CH_4O3,55.953422350,RC2_0046_ICR-3_p08
519.163840832,575.117263475,55.953422643,Other,random,CH_4O3,55.953422350,RC2_0046_ICR-3_p08
587.177193317,643.130615960,55.953422643,Other,random,CH_4O3,55.953422350,RC2_0046_ICR-3_p08
653.281939898,709.235362541,55.953422643,Other,random,CH_4O3,55.953422350,RC2_0046_ICR-3_p08
307.204408972,363.157831616,55.953422643,Other,random,CH_4O3,55.953422350,RC2_0046_ICR-3_p08
317.225161464,373.178584107,55.953422643,Other,random,CH_4O3,55.953422350,RC2_0046_ICR-3_p08
357.183505959,413.136928602,55.953422643,Other,random,CH_4O3,55.953422350,RC2_0046_ICR-3_p08
413.108696722,469.062119366,55.953422643,Other,random,CH_4O3,55.953422350,RC2_0046_ICR-3_p08
375.157902711,431.111326354,55.953423643,Other,random,CH_4O3,55.953422350,RC2_0046_ICR-3_p08
419.165446029,475.118869673,55.953423643,Other,random,CH_4O3,55.953422350,RC2_0046_ICR-3_p08
495.077938005,551.031361649,55.953423643,Other,random,CH_4O3,55.953422350,RC2_0046_ICR-3_p08
501.270420737,557.223844380,55.953423643,Other,random,CH_4O3,55.953422350,RC2_0046_ICR-3_p08
521.215676128,577.169099772,55.953423643,Other,random,CH_4O3,55.953422350,RC2_0046_ICR-3_p08
515.192141680,571.145566324,55.953424643,Other,random,CH_4O3,55.953422350,RC2_0046_ICR-3_p08
555.244842775,611.198267418,55.953424643,Other,random,CH_4O3,55.953422350,RC2_0046_ICR-3_p08
401.072452780,457.025877424,55.953424643,Other,random,CH_4O3,55.953422350,RC2_0046_ICR-3_p08
491.132440742,547.085865386,55.953424643,Other,random,CH_4O3,55.953422350,RC2_0046_ICR-3_p08
549.161221582,605.114646225,55.953424643,Other,random,CH_4O3,55.953422350,RC2_0046_ICR-3_p08
401.100698661,457.054123304,55.953424643,Other,random,CH_4O3,55.953422350,RC2_0046_ICR-3_p08
325.178561725,381.131987369,55.953425643,Other,random,CH_4O3,55.953422350,RC2_0046_ICR-3_p08
507.259938329,563.213363972,55.953425643,Other,random,CH_4O3,55.953422350,RC2_0046_ICR-3_p08
329.124093988,385.077519632,55.953425643,Other,random,CH_4O3,55.953422350,RC2_0046_ICR-3_p08
459.150527411,515.103953054,55.953425643,Other,random,CH_4O3,55.953422350,RC2_0046_ICR-3_p08
555.236593810,611.190019453,55.953425643,Other,random,CH_4O3,55.953422350,RC2_0046_ICR-3_p08
388.096531825,444.049957468,55.953425643,Other,random,CH_4O3,55.953422350,RC2_0046_ICR-3_p08
351.144815575,407.098242219,55.953426643,Other,random,CH_4O3,55.953422350,RC2_0046_ICR-3_p08
352.140000354,408.093426997,55.953426643,Other,random,CH_4O3,55.953422350,RC2_0046_ICR-3_p08
375.121347866,431.074774509,55.953426643,Other,random,CH_4O3,55.953422350,RC2_0046_ICR-3_p08
377.154835240,433.108261883,55.953426643,Other,random,CH_4O3,55.953422350,RC2_0046_ICR-3_p08
426.112156561,482.065583204,55.953426643,Other,random,CH_4O3,55.953422350,RC2_0046_ICR-3_p08
403.152739956,459.106166599,55.953426643,Other,random,CH_4O3,55.953422350,RC2_0046_ICR-3_p08
407.171018910,463.124446553,55.953427643,Other,random,CH_4O3,55.953422350,RC2_0046_ICR-3_p08
341.152334964,397.105762607,55.953427643,Other,random,CH_4O3,55.953422350,RC2_0046_ICR-3_p08
263.113640007,319.067067651,55.953427643,Other,random,CH_4O3,55.953422350,RC2_0046_ICR-3_p08
313.071666083,369.025093727,55.953427643,Other,random,CH_4O3,55.953422350,RC2_0046_ICR-3_p08
357.228124770,413.181552413,55.953427643,Other,random,CH_4O3,55.953422350,RC2_0046_ICR-3_p08
549.270577118,605.224004762,55.953427643,Other,random,CH_4O3,55.953422350,RC2_0046_ICR-3_p08
635.271191300,691.224618944,55.953427643,Other,random,CH_4O3,55.953422350,RC2_0046_ICR-3_p08
437.108773913,493.062202556,55.953428643,Other,random,CH_4O3,55.953422350,RC2_0046_ICR-3_p08
425.181585509,481.135014152,55.953428643,Other,random,CH_4O3,55.953422350,RC2_0046_ICR-3_p08
421.150163610,477.103592253,55.953428643,Other,random,CH_4O3,55.953422350,RC2_0046_ICR-3_p08
449.108775008,505.062203652,55.953428643,Other,random,CH_4O3,55.953422350,RC2_0046_ICR-3_p08
422.145494388,478.098924031,55.953429643,Other,random,CH_4O3,55.953422350,RC2_0046_ICR-3_p08
285.170697440,341.124127084,55.953429643,Other,random,CH_4O3,55.953422350,RC2_0046_ICR-3_p08
363.266948153,419.220378796,55.953430643,Other,random,CH_4O3,55.953422350,RC2_0046_ICR-3_p08
375.202306523,431.155737166,55.953430643,Other,random,CH_4O3,55.953422350,RC2_0046_ICR-3_p08
435.215247945,491.168678589,55.953430643,Other,random,CH_4O3,55.953422350,RC2_0046_ICR-3_p08
351.157780520,407.111211164,55.953430643,Other,random,CH_4O3,55.953422350,RC2_0046_ICR-3_p08
375.093185986,431.046616629,55.953430643,Other,random,CH_4O3,55.953422350,RC2_0046_ICR-3_p08
451.233505995,507.186936639,55.953430643,Other,random,CH_4O3,55.953422350,RC2_0046_ICR-3_p08
273.076802743,329.030234386,55.953431643,Other,random,CH_4O3,55.953422350,RC2_0046_ICR-3_p08
315.063982632,371.053802121,55.989819489,Other,random,glyoxylate (-H2O),55.989829280,RC2_0046_ICR-3_p08
399.035559421,455.025378910,55.989819489,Other,random,glyoxylate (-H2O),55.989829280,RC2_0046_ICR-3_p08
303.181261039,359.171080528,55.989819489,Other,random,glyoxylate (-H2O),55.989829280,RC2_0046_ICR-3_p08
373.041077691,429.030897180,55.989819489,Other,random,glyoxylate (-H2O),55.989829280,RC2_0046_ICR-3_p08
450.140477632,506.130297121,55.989819489,Other,random,glyoxylate (-H2O),55.989829280,RC2_0046_ICR-3_p08
372.072309800,428.062129289,55.989819489,Other,random,glyoxylate (-H2O),55.989829280,RC2_0046_ICR-3_p08
292.082640120,348.072460608,55.989820489,Other,random,glyoxylate (-H2O),55.989829280,RC2_0046_ICR-3_p08
352.140000354,408.129820843,55.989820489,Other,random,glyoxylate (-H2O),55.989829280,RC2_0046_ICR-3_p08
415.103213261,471.093033750,55.989820489,Other,random,glyoxylate (-H2O),55.989829280,RC2_0046_ICR-3_p08
320.041108519,376.030929008,55.989820489,Other,random,glyoxylate (-H2O),55.989829280,RC2_0046_ICR-3_p08
379.261780302,435.251600791,55.989820489,Other,random,glyoxylate (-H2O),55.989829280,RC2_0046_ICR-3_p08
403.061365343,459.051185832,55.989820489,Other,random,glyoxylate (-H2O),55.989829280,RC2_0046_ICR-3_p08
411.165941963,467.155762452,55.989820489,Other,random,glyoxylate (-H2O),55.989829280,RC2_0046_ICR-3_p08
339.194194270,395.184015759,55.989821489,Other,random,glyoxylate (-H2O),55.989829280,RC2_0046_ICR-3_p08
387.275062310,443.264883798,55.989821489,Other,random,glyoxylate (-H2O),55.989829280,RC2_0046_ICR-3_p08
503.192178585,559.182001074,55.989822489,Other,random,glyoxylate (-H2O),55.989829280,RC2_0046_ICR-3_p08
369.155289174,425.145111663,55.989822489,Other,random,glyoxylate (-H2O),55.989829280,RC2_0046_ICR-3_p08
521.166413337,577.156235826,55.989822489,Other,random,glyoxylate (-H2O),55.989829280,RC2_0046_ICR-3_p08
527.104257149,583.094079638,55.989822489,Other,random,glyoxylate (-H2O),55.989829280,RC2_0046_ICR-3_p08
605.224004762,661.213827250,55.989822489,Other,random,glyoxylate (-H2O),55.989829280,RC2_0046_ICR-3_p08
297.147313635,353.137136124,55.989822489,Other,random,glyoxylate (-H2O),55.989829280,RC2_0046_ICR-3_p08
421.223077301,477.212899790,55.989822489,Other,random,glyoxylate (-H2O),55.989829280,RC2_0046_ICR-3_p08
270.134653224,326.124475713,55.989822489,Other,random,glyoxylate (-H2O),55.989829280,RC2_0046_ICR-3_p08
389.064309719,445.054132208,55.989822489,Other,random,glyoxylate (-H2O),55.989829280,RC2_0046_ICR-3_p08
473.238935647,529.228758136,55.989822489,Other,random,glyoxylate (-H2O),55.989829280,RC2_0046_ICR-3_p08
483.142633635,539.132456124,55.989822489,Other,random,glyoxylate (-H2O),55.989829280,RC2_0046_ICR-3_p08
487.155124614,543.144947103,55.989822489,Other,random,glyoxylate (-H2O),55.989829280,RC2_0046_ICR-3_p08
499.218355442,555.208177931,55.989822489,Other,random,glyoxylate (-H2O),55.989829280,RC2_0046_ICR-3_p08
343.066959842,399.056783331,55.989823489,Other,random,glyoxylate (-H2O),55.989829280,RC2_0046_ICR-3_p08
375.157902711,431.147726200,55.989823489,Other,random,glyoxylate (-H2O),55.989829280,RC2_0046_ICR-3_p08
401.051228870,457.041052359,55.989823489,Other,random,glyoxylate (-H2O),55.989829280,RC2_0046_ICR-3_p08
409.272390996,465.262214485,55.989823489,Other,random,glyoxylate (-H2O),55.989829280,RC2_0046_ICR-3_p08
421.126859709,477.116683198,55.989823489,Other,random,glyoxylate (-H2O),55.989829280,RC2_0046_ICR-3_p08
351.121387675,407.111211164,55.989823489,Other,random,glyoxylate (-H2O),55.989829280,RC2_0046_ICR-3_p08
281.152441486,337.142265975,55.989824489,Other,random,glyoxylate (-H2O),55.989829280,RC2_0046_ICR-3_p08
367.030570187,423.020394676,55.989824489,Other,random,glyoxylate (-H2O),55.989829280,RC2_0046_ICR-3_p08
359.053811025,415.043635514,55.989824489,Other,random,glyoxylate (-H2O),55.989829280,RC2_0046_ICR-3_p08
483.296181984,539.286006473,55.989824489,Other,random,glyoxylate (-H2O),55.989829280,RC2_0046_ICR-3_p08
291.209549823,347.199374312,55.989824489,Other,random,glyoxylate (-H2O),55.989829280,RC2_0046_ICR-3_p08
356.111616506,412.101440995,55.989824489,Other,random,glyoxylate (-H2O),55.989829280,RC2_0046_ICR-3_p08
363.048628079,419.038452568,55.989824489,Other,random,glyoxylate (-H2O),55.989829280,RC2_0046_ICR-3_p08
381.118949424,437.108773913,55.989824489,Other,random,glyoxylate (-H2O),55.989829280,RC2_0046_ICR-3_p08
431.061771565,487.051596054,55.989824489,Other,random,glyoxylate (-H2O),55.989829280,RC2_0046_ICR-3_p08
487.072775964,543.062600453,55.989824489,Other,random,glyoxylate (-H2O),55.989829280,RC2_0046_ICR-3_p08
497.311796529,553.301621018,55.989824489,Other,random,glyoxylate (-H2O),55.989829280,RC2_0046_ICR-3_p08
507.127296892,563.117121381,55.989824489,Other,random,glyoxylate (-H2O),55.989829280,RC2_0046_ICR-3_p08
390.046606553,446.036432041,55.989825489,Other,random,glyoxylate (-H2O),55.989829280,RC2_0046_ICR-3_p08
461.093536169,517.083361658,55.989825489,Other,random,glyoxylate (-H2O),55.989829280,RC2_0046_ICR-3_p08
471.223306198,527.213131687,55.989825489,Other,random,glyoxylate (-H2O),55.989829280,RC2_0046_ICR-3_p08
317.097322006,373.087147495,55.989825489,Other,random,glyoxylate (-H2O),55.989829280,RC2_0046_ICR-3_p08
323.162931276,379.152756765,55.989825489,Other,random,glyoxylate (-H2O),55.989829280,RC2_0046_ICR-3_p08
433.222976397,489.212802886,55.989826489,Other,random,glyoxylate (-H2O),55.989829280,RC2_0046_ICR-3_p08
393.149776389,449.139602878,55.989826489,Other,random,glyoxylate (-H2O),55.989829280,RC2_0046_ICR-3_p08
357.118870233,413.108696722,55.989826489,Other,random,glyoxylate (-H2O),55.989829280,RC2_0046_ICR-3_p08
473.311908338,529.301734827,55.989826489,Other,random,glyoxylate (-H2O),55.989829280,RC2_0046_ICR-3_p08
485.145205141,541.135031629,55.989826489,Other,random,glyoxylate (-H2O),55.989829280,RC2_0046_ICR-3_p08
475.254720096,531.244547585,55.989827489,Other,random,glyoxylate (-H2O),55.989829280,RC2_0046_ICR-3_p08
535.182122882,591.171950371,55.989827489,Other,random,glyoxylate (-H2O),55.989829280,RC2_0046_ICR-3_p08
233.045607557,289.035435046,55.989827489,Other,random,glyoxylate (-H2O),55.989829280,RC2_0046_ICR-3_p08
345.191780828,401.181608317,55.989827489,Other,random,glyoxylate (-H2O),55.989829280,RC2_0046_ICR-3_p08
393.155279365,449.145106854,55.989827489,Other,random,glyoxylate (-H2O),55.989829280,RC2_0046_ICR-3_p08
400.060017075,456.049844564,55.989827489,Other,random,glyoxylate (-H2O),55.989829280,RC2_0046_ICR-3_p08
563.299250608,619.289078097,55.989827489,Other,random,glyoxylate (-H2O),55.989829280,RC2_0046_ICR-3_p08
363.230550307,419.220378796,55.989828489,Other,random,glyoxylate (-H2O),55.989829280,RC2_0046_ICR-3_p08
343.131627568,399.121456057,55.989828489,Other,random,glyoxylate (-H2O),55.989829280,RC2_0046_ICR-3_p08
469.040919456,525.030747944,55.989828489,Other,random,glyoxylate (-H2O),55.989829280,RC2_0046_ICR-3_p08
503.168942683,559.158771172,55.989828489,Other,random,glyoxylate (-H2O),55.989829280,RC2_0046_ICR-3_p08
613.286482560,669.276311049,55.989828489,Other,random,glyoxylate (-H2O),55.989829280,RC2_0046_ICR-3_p08
280.082574024,336.072402513,55.989828489,Other,random,glyoxylate (-H2O),55.989829280,RC2_0046_ICR-3_p08
343.030503997,399.020332486,55.989828489,Other,random,glyoxylate (-H2O),55.989829280,RC2_0046_ICR-3_p08
373.142194262,429.132022751,55.989828489,Other,random,glyoxylate (-H2O),55.989829280,RC2_0046_ICR-3_p08
423.215300850,479.205129339,55.989828489,Other,random,glyoxylate (-H2O),55.989829280,RC2_0046_ICR-3_p08
523.145622941,579.135451430,55.989828489,Other,random,glyoxylate (-H2O),55.989829280,RC2_0046_ICR-3_p08
519.236543524,575.226373013,55.989829489,Other,random,glyoxylate (-H2O),55.989829280,RC2_0046_ICR-3_p08
258.134718128,314.124547617,55.989829489,Other,random,glyoxylate (-H2O),55.989829280,RC2_0046_ICR-3_p08
333.170599823,389.160429312,55.989829489,Other,random,glyoxylate (-H2O),55.989829280,RC2_0046_ICR-3_p08
345.074538326,401.064367815,55.989829489,Other,random,glyoxylate (-H2O),55.989829280,RC2_0046_ICR-3_p08
379.066941129,435.056770618,55.989829489,Other,random,glyoxylate (-H2O),55.989829280,RC2_0046_ICR-3_p08
401.072452780,457.062282269,55.989829489,Other,random,glyoxylate (-H2O),55.989829280,RC2_0046_ICR-3_p08
480.224092016,536.213921505,55.989829489,Other,random,glyoxylate (-H2O),55.989829280,RC2_0046_ICR-3_p08
351.194263366,407.184092855,55.989829489,Other,random,glyoxylate (-H2O),55.989829280,RC2_0046_ICR-3_p08
435.165894155,491.155723644,55.989829489,Other,random,glyoxylate (-H2O),55.989829280,RC2_0046_ICR-3_p08
437.035894222,493.025723711,55.989829489,Other,random,glyoxylate (-H2O),55.989829280,RC2_0046_ICR-3_p08
521.215676128,577.205505617,55.989829489,Other,random,glyoxylate (-H2O),55.989829280,RC2_0046_ICR-3_p08
309.147307731,365.137137219,55.989829489,Other,random,glyoxylate (-H2O),55.989829280,RC2_0046_ICR-3_p08
317.066569137,373.056398626,55.989829489,Other,random,glyoxylate (-H2O),55.989829280,RC2_0046_ICR-3_p08
339.035520944,395.025350432,55.989829489,Other,random,glyoxylate (-H2O),55.989829280,RC2_0046_ICR-3_p08
449.230954490,505.220783979,55.989829489,Other,random,glyoxylate (-H2O),55.989829280,RC2_0046_ICR-3_p08
491.082886953,547.072716442,55.989829489,Other,random,glyoxylate (-H2O),55.989829280,RC2_0046_ICR-3_p08
401.137065506,457.126895995,55.989830489,Other,random,glyoxylate (-H2O),55.989829280,RC2_0046_ICR-3_p08
455.183959237,511.173789726,55.989830489,Other,random,glyoxylate (-H2O),55.989829280,RC2_0046_ICR-3_p08
587.177193317,643.167023806,55.989830489,Other,random,glyoxylate (-H2O),55.989829280,RC2_0046_ICR-3_p08
305.175747578,361.165578067,55.989830489,Other,random,glyoxylate (-H2O),55.989829280,RC2_0046_ICR-3_p08
311.186302081,367.176132570,55.989830489,Other,random,glyoxylate (-H2O),55.989829280,RC2_0046_ICR-3_p08
375.165906677,431.155737166,55.989830489,Other,random,glyoxylate (-H2O),55.989829280,RC2_0046_ICR-3_p08
385.040921787,441.030752276,55.989830489,Other,random,glyoxylate (-H2O),55.989829280,RC2_0046_ICR-3_p08
403.124402076,459.114232565,55.989830489,Other,random,glyoxylate (-H2O),55.989829280,RC2_0046_ICR-3_p08
425.100700852,481.090531341,55.989830489,Other,random,glyoxylate (-H2O),55.989829280,RC2_0046_ICR-3_p08
261.053445747,317.043276236,55.989830489,Other,random,glyoxylate (-H2O),55.989829280,RC2_0046_ICR-3_p08
423.251666695,479.241497184,55.989830489,Other,random,glyoxylate (-H2O),55.989829280,RC2_0046_ICR-3_p08
437.194494549,493.184325038,55.989830489,Other,random,glyoxylate (-H2O),55.989829280,RC2_0046_ICR-3_p08
449.217818546,505.207650035,55.989831489,Other,random,glyoxylate (-H2O),55.989829280,RC2_0046_ICR-3_p08
411.093011273,467.082842762,55.989831489,Other,random,glyoxylate (-H2O),55.989829280,RC2_0046_ICR-3_p08
435.123825333,491.113656822,55.989831489,Other,random,glyoxylate (-H2O),55.989829280,RC2_0046_ICR-3_p08
499.181971596,555.171803085,55.989831489,Other,random,glyoxylate (-H2O),55.989829280,RC2_0046_ICR-3_p08
321.134232882,377.124064370,55.989831489,Other,random,glyoxylate (-H2O),55.989829280,RC2_0046_ICR-3_p08
517.220839074,573.210670563,55.989831489,Other,random,glyoxylate (-H2O),55.989829280,RC2_0046_ICR-3_p08
615.172195561,671.162027050,55.989831489,Other,random,glyoxylate (-H2O),55.989829280,RC2_0046_ICR-3_p08
310.093147718,366.082980207,55.989832489,Other,random,glyoxylate (-H2O),55.989829280,RC2_0046_ICR-3_p08
319.103353497,375.093185986,55.989832489,Other,random,glyoxylate (-H2O),55.989829280,RC2_0046_ICR-3_p08
361.214930858,417.204763347,55.989832489,Other,random,glyoxylate (-H2O),55.989829280,RC2_0046_ICR-3_p08
389.118303490,445.108135979,55.989832489,Other,random,glyoxylate (-H2O),55.989829280,RC2_0046_ICR-3_p08
555.200186965,611.190019453,55.989832489,Other,random,glyoxylate (-H2O),55.989829280,RC2_0046_ICR-3_p08
224.056505689,280.046339178,55.989833489,Other,random,glyoxylate (-H2O),55.989829280,RC2_0046_ICR-3_p08
339.144720480,395.134553969,55.989833489,Other,random,glyoxylate (-H2O),55.989829280,RC2_0046_ICR-3_p08
431.111326354,487.101159843,55.989833489,Other,random,glyoxylate (-H2O),55.989829280,RC2_0046_ICR-3_p08
349.056393435,405.046226924,55.989833489,Other,random,glyoxylate (-H2O),55.989829280,RC2_0046_ICR-3_p08
379.103200975,435.093034464,55.989833489,Other,random,glyoxylate (-H2O),55.989829280,RC2_0046_ICR-3_p08
553.083418944,609.073252433,55.989833489,Other,random,glyoxylate (-H2O),55.989829280,RC2_0046_ICR-3_p08
307.155015182,363.144849671,55.989834489,Other,random,glyoxylate (-H2O),55.989829280,RC2_0046_ICR-3_p08
341.152334964,397.142169453,55.989834489,Other,random,glyoxylate (-H2O),55.989829280,RC2_0046_ICR-3_p08
551.213251877,607.203086366,55.989834489,Other,random,glyoxylate (-H2O),55.989829280,RC2_0046_ICR-3_p08
585.198065712,641.187900201,55.989834489,Other,random,glyoxylate (-H2O),55.989829280,RC2_0046_ICR-3_p08
349.092643281,405.082477770,55.989834489,Other,random,glyoxylate (-H2O),55.989829280,RC2_0046_ICR-3_p08
407.129005088,463.118840577,55.989835489,Other,random,glyoxylate (-H2O),55.989829280,RC2_0046_ICR-3_p08
451.137461403,507.127296892,55.989835489,Other,random,glyoxylate (-H2O),55.989829280,RC2_0046_ICR-3_p08
371.040630177,427.030465666,55.989835489,Other,random,glyoxylate (-H2O),55.989829280,RC2_0046_ICR-3_p08
395.199216695,451.189052184,55.989835489,Other,random,glyoxylate (-H2O),55.989829280,RC2_0046_ICR-3_p08
459.106166599,515.096002088,55.989835489,Other,random,glyoxylate (-H2O),55.989829280,RC2_0046_ICR-3_p08
385.178471203,441.168307692,55.989836489,Other,random,glyoxylate (-H2O),55.989829280,RC2_0046_ICR-3_p08
319.095273531,375.085110020,55.989836489,Other,random,glyoxylate (-H2O),55.989829280,RC2_0046_ICR-3_p08
323.071459664,379.061296153,55.989836489,Other,random,glyoxylate (-H2O),55.989829280,RC2_0046_ICR-3_p08
337.142265975,393.132102464,55.989836489,Other,random,glyoxylate (-H2O),55.989829280,RC2_0046_ICR-3_p08
373.056398626,429.046235115,55.989836489,Other,random,glyoxylate (-H2O),55.989829280,RC2_0046_ICR-3_p08
377.137127315,433.126963804,55.989836489,Other,random,glyoxylate (-H2O),55.989829280,RC2_0046_ICR-3_p08
387.102684041,443.092520530,55.989836489,Other,random,glyoxylate (-H2O),55.989829280,RC2_0046_ICR-3_p08
469.280580439,525.270416928,55.989836489,Other,random,glyoxylate (-H2O),55.989829280,RC2_0046_ICR-3_p08
334.056770064,390.046606553,55.989836489,Other,random,glyoxylate (-H2O),55.989829280,RC2_0046_ICR-3_p08
529.135071534,585.124908023,55.989836489,Other,random,glyoxylate (-H2O),55.989829280,RC2_0046_ICR-3_p08
285.040394993,341.030232482,55.989837489,Other,random,glyoxylate (-H2O),55.989829280,RC2_0046_ICR-3_p08
317.196852584,373.186690073,55.989837489,Other,random,glyoxylate (-H2O),55.989829280,RC2_0046_ICR-3_p08
339.181183326,395.171020815,55.989837489,Other,random,glyoxylate (-H2O),55.989829280,RC2_0046_ICR-3_p08
611.125479727,667.115317216,55.989837489,Other,random,glyoxylate (-H2O),55.989829280,RC2_0046_ICR-3_p08
393.277553847,449.267391336,55.989837489,Other,random,glyoxylate (-H2O),55.989829280,RC2_0046_ICR-3_p08
335.077103735,391.066942224,55.989838489,Other,random,glyoxylate (-H2O),55.989829280,RC2_0046_ICR-3_p08
413.173537447,469.163375936,55.989838489,Other,random,glyoxylate (-H2O),55.989829280,RC2_0046_ICR-3_p08
445.207696557,501.197535046,55.989838489,Other,random,glyoxylate (-H2O),55.989829280,RC2_0046_ICR-3_p08
549.234166273,605.224004762,55.989838489,Other,random,glyoxylate (-H2O),55.989829280,RC2_0046_ICR-3_p08
292.082640120,348.072460608,55.989820489,Other,random,glyoxylate_(_H2O)_C2O2,55.989830000,RC2_0046_ICR-3_p08
352.140000354,408.129820843,55.989820489,Other,random,glyoxylate_(_H2O)_C2O2,55.989830000,RC2_0046_ICR-3_p08
415.103213261,471.093033750,55.989820489,Other,random,glyoxylate_(_H2O)_C2O2,55.989830000,RC2_0046_ICR-3_p08
320.041108519,376.030929008,55.989820489,Other,random,glyoxylate_(_H2O)_C2O2,55.989830000,RC2_0046_ICR-3_p08
379.261780302,435.251600791,55.989820489,Other,random,glyoxylate_(_H2O)_C2O2,55.989830000,RC2_0046_ICR-3_p08
403.061365343,459.051185832,55.989820489,Other,random,glyoxylate_(_H2O)_C2O2,55.989830000,RC2_0046_ICR-3_p08
411.165941963,467.155762452,55.989820489,Other,random,glyoxylate_(_H2O)_C2O2,55.989830000,RC2_0046_ICR-3_p08
339.194194270,395.184015759,55.989821489,Other,random,glyoxylate_(_H2O)_C2O2,55.989830000,RC2_0046_ICR-3_p08
387.275062310,443.264883798,55.989821489,Other,random,glyoxylate_(_H2O)_C2O2,55.989830000,RC2_0046_ICR-3_p08
503.192178585,559.182001074,55.989822489,Other,random,glyoxylate_(_H2O)_C2O2,55.989830000,RC2_0046_ICR-3_p08
369.155289174,425.145111663,55.989822489,Other,random,glyoxylate_(_H2O)_C2O2,55.989830000,RC2_0046_ICR-3_p08
521.166413337,577.156235826,55.989822489,Other,random,glyoxylate_(_H2O)_C2O2,55.989830000,RC2_0046_ICR-3_p08
527.104257149,583.094079638,55.989822489,Other,random,glyoxylate_(_H2O)_C2O2,55.989830000,RC2_0046_ICR-3_p08
605.224004762,661.213827250,55.989822489,Other,random,glyoxylate_(_H2O)_C2O2,55.989830000,RC2_0046_ICR-3_p08
297.147313635,353.137136124,55.989822489,Other,random,glyoxylate_(_H2O)_C2O2,55.989830000,RC2_0046_ICR-3_p08
421.223077301,477.212899790,55.989822489,Other,random,glyoxylate_(_H2O)_C2O2,55.989830000,RC2_0046_ICR-3_p08
270.134653224,326.124475713,55.989822489,Other,random,glyoxylate_(_H2O)_C2O2,55.989830000,RC2_0046_ICR-3_p08
389.064309719,445.054132208,55.989822489,Other,random,glyoxylate_(_H2O)_C2O2,55.989830000,RC2_0046_ICR-3_p08
473.238935647,529.228758136,55.989822489,Other,random,glyoxylate_(_H2O)_C2O2,55.989830000,RC2_0046_ICR-3_p08
483.142633635,539.132456124,55.989822489,Other,random,glyoxylate_(_H2O)_C2O2,55.989830000,RC2_0046_ICR-3_p08
487.155124614,543.144947103,55.989822489,Other,random,glyoxylate_(_H2O)_C2O2,55.989830000,RC2_0046_ICR-3_p08
499.218355442,555.208177931,55.989822489,Other,random,glyoxylate_(_H2O)_C2O2,55.989830000,RC2_0046_ICR-3_p08
343.066959842,399.056783331,55.989823489,Other,random,glyoxylate_(_H2O)_C2O2,55.989830000,RC2_0046_ICR-3_p08
375.157902711,431.147726200,55.989823489,Other,random,glyoxylate_(_H2O)_C2O2,55.989830000,RC2_0046_ICR-3_p08
401.051228870,457.041052359,55.989823489,Other,random,glyoxylate_(_H2O)_C2O2,55.989830000,RC2_0046_ICR-3_p08
409.272390996,465.262214485,55.989823489,Other,random,glyoxylate_(_H2O)_C2O2,55.989830000,RC2_0046_ICR-3_p08
421.126859709,477.116683198,55.989823489,Other,random,glyoxylate_(_H2O)_C2O2,55.989830000,RC2_0046_ICR-3_p08
351.121387675,407.111211164,55.989823489,Other,random,glyoxylate_(_H2O)_C2O2,55.989830000,RC2_0046_ICR-3_p08
281.152441486,337.142265975,55.989824489,Other,random,glyoxylate_(_H2O)_C2O2,55.989830000,RC2_0046_ICR-3_p08
367.030570187,423.020394676,55.989824489,Other,random,glyoxylate_(_H2O)_C2O2,55.989830000,RC2_0046_ICR-3_p08
359.053811025,415.043635514,55.989824489,Other,random,glyoxylate_(_H2O)_C2O2,55.989830000,RC2_0046_ICR-3_p08
483.296181984,539.286006473,55.989824489,Other,random,glyoxylate_(_H2O)_C2O2,55.989830000,RC2_0046_ICR-3_p08
291.209549823,347.199374312,55.989824489,Other,random,glyoxylate_(_H2O)_C2O2,55.989830000,RC2_0046_ICR-3_p08
356.111616506,412.101440995,55.989824489,Other,random,glyoxylate_(_H2O)_C2O2,55.989830000,RC2_0046_ICR-3_p08
363.048628079,419.038452568,55.989824489,Other,random,glyoxylate_(_H2O)_C2O2,55.989830000,RC2_0046_ICR-3_p08
381.118949424,437.108773913,55.989824489,Other,random,glyoxylate_(_H2O)_C2O2,55.989830000,RC2_0046_ICR-3_p08
431.061771565,487.051596054,55.989824489,Other,random,glyoxylate_(_H2O)_C2O2,55.989830000,RC2_0046_ICR-3_p08
487.072775964,543.062600453,55.989824489,Other,random,glyoxylate_(_H2O)_C2O2,55.989830000,RC2_0046_ICR-3_p08
497.311796529,553.301621018,55.989824489,Other,random,glyoxylate_(_H2O)_C2O2,55.989830000,RC2_0046_ICR-3_p08
507.127296892,563.117121381,55.989824489,Other,random,glyoxylate_(_H2O)_C2O2,55.989830000,RC2_0046_ICR-3_p08
390.046606553,446.036432041,55.989825489,Other,random,glyoxylate_(_H2O)_C2O2,55.989830000,RC2_0046_ICR-3_p08
461.093536169,517.083361658,55.989825489,Other,random,glyoxylate_(_H2O)_C2O2,55.989830000,RC2_0046_ICR-3_p08
471.223306198,527.213131687,55.989825489,Other,random,glyoxylate_(_H2O)_C2O2,55.989830000,RC2_0046_ICR-3_p08
317.097322006,373.087147495,55.989825489,Other,random,glyoxylate_(_H2O)_C2O2,55.989830000,RC2_0046_ICR-3_p08
323.162931276,379.152756765,55.989825489,Other,random,glyoxylate_(_H2O)_C2O2,55.989830000,RC2_0046_ICR-3_p08
433.222976397,489.212802886,55.989826489,Other,random,glyoxylate_(_H2O)_C2O2,55.989830000,RC2_0046_ICR-3_p08
393.149776389,449.139602878,55.989826489,Other,random,glyoxylate_(_H2O)_C2O2,55.989830000,RC2_0046_ICR-3_p08
357.118870233,413.108696722,55.989826489,Other,random,glyoxylate_(_H2O)_C2O2,55.989830000,RC2_0046_ICR-3_p08
473.311908338,529.301734827,55.989826489,Other,random,glyoxylate_(_H2O)_C2O2,55.989830000,RC2_0046_ICR-3_p08
485.145205141,541.135031629,55.989826489,Other,random,glyoxylate_(_H2O)_C2O2,55.989830000,RC2_0046_ICR-3_p08
475.254720096,531.244547585,55.989827489,Other,random,glyoxylate_(_H2O)_C2O2,55.989830000,RC2_0046_ICR-3_p08
535.182122882,591.171950371,55.989827489,Other,random,glyoxylate_(_H2O)_C2O2,55.989830000,RC2_0046_ICR-3_p08
233.045607557,289.035435046,55.989827489,Other,random,glyoxylate_(_H2O)_C2O2,55.989830000,RC2_0046_ICR-3_p08
345.191780828,401.181608317,55.989827489,Other,random,glyoxylate_(_H2O)_C2O2,55.989830000,RC2_0046_ICR-3_p08
393.155279365,449.145106854,55.989827489,Other,random,glyoxylate_(_H2O)_C2O2,55.989830000,RC2_0046_ICR-3_p08
400.060017075,456.049844564,55.989827489,Other,random,glyoxylate_(_H2O)_C2O2,55.989830000,RC2_0046_ICR-3_p08
563.299250608,619.289078097,55.989827489,Other,random,glyoxylate_(_H2O)_C2O2,55.989830000,RC2_0046_ICR-3_p08
363.230550307,419.220378796,55.989828489,Other,random,glyoxylate_(_H2O)_C2O2,55.989830000,RC2_0046_ICR-3_p08
343.131627568,399.121456057,55.989828489,Other,random,glyoxylate_(_H2O)_C2O2,55.989830000,RC2_0046_ICR-3_p08
469.040919456,525.030747944,55.989828489,Other,random,glyoxylate_(_H2O)_C2O2,55.989830000,RC2_0046_ICR-3_p08
503.168942683,559.158771172,55.989828489,Other,random,glyoxylate_(_H2O)_C2O2,55.989830000,RC2_0046_ICR-3_p08
613.286482560,669.276311049,55.989828489,Other,random,glyoxylate_(_H2O)_C2O2,55.989830000,RC2_0046_ICR-3_p08
280.082574024,336.072402513,55.989828489,Other,random,glyoxylate_(_H2O)_C2O2,55.989830000,RC2_0046_ICR-3_p08
343.030503997,399.020332486,55.989828489,Other,random,glyoxylate_(_H2O)_C2O2,55.989830000,RC2_0046_ICR-3_p08
373.142194262,429.132022751,55.989828489,Other,random,glyoxylate_(_H2O)_C2O2,55.989830000,RC2_0046_ICR-3_p08
423.215300850,479.205129339,55.989828489,Other,random,glyoxylate_(_H2O)_C2O2,55.989830000,RC2_0046_ICR-3_p08
523.145622941,579.135451430,55.989828489,Other,random,glyoxylate_(_H2O)_C2O2,55.989830000,RC2_0046_ICR-3_p08
519.236543524,575.226373013,55.989829489,Other,random,glyoxylate_(_H2O)_C2O2,55.989830000,RC2_0046_ICR-3_p08
258.134718128,314.124547617,55.989829489,Other,random,glyoxylate_(_H2O)_C2O2,55.989830000,RC2_0046_ICR-3_p08
333.170599823,389.160429312,55.989829489,Other,random,glyoxylate_(_H2O)_C2O2,55.989830000,RC2_0046_ICR-3_p08
345.074538326,401.064367815,55.989829489,Other,random,glyoxylate_(_H2O)_C2O2,55.989830000,RC2_0046_ICR-3_p08
379.066941129,435.056770618,55.989829489,Other,random,glyoxylate_(_H2O)_C2O2,55.989830000,RC2_0046_ICR-3_p08
401.072452780,457.062282269,55.989829489,Other,random,glyoxylate_(_H2O)_C2O2,55.989830000,RC2_0046_ICR-3_p08
480.224092016,536.213921505,55.989829489,Other,random,glyoxylate_(_H2O)_C2O2,55.989830000,RC2_0046_ICR-3_p08
351.194263366,407.184092855,55.989829489,Other,random,glyoxylate_(_H2O)_C2O2,55.989830000,RC2_0046_ICR-3_p08
435.165894155,491.155723644,55.989829489,Other,random,glyoxylate_(_H2O)_C2O2,55.989830000,RC2_0046_ICR-3_p08
437.035894222,493.025723711,55.989829489,Other,random,glyoxylate_(_H2O)_C2O2,55.989830000,RC2_0046_ICR-3_p08
521.215676128,577.205505617,55.989829489,Other,random,glyoxylate_(_H2O)_C2O2,55.989830000,RC2_0046_ICR-3_p08
309.147307731,365.137137219,55.989829489,Other,random,glyoxylate_(_H2O)_C2O2,55.989830000,RC2_0046_ICR-3_p08
317.066569137,373.056398626,55.989829489,Other,random,glyoxylate_(_H2O)_C2O2,55.989830000,RC2_0046_ICR-3_p08
339.035520944,395.025350432,55.989829489,Other,random,glyoxylate_(_H2O)_C2O2,55.989830000,RC2_0046_ICR-3_p08
449.230954490,505.220783979,55.989829489,Other,random,glyoxylate_(_H2O)_C2O2,55.989830000,RC2_0046_ICR-3_p08
491.082886953,547.072716442,55.989829489,Other,random,glyoxylate_(_H2O)_C2O2,55.989830000,RC2_0046_ICR-3_p08
401.137065506,457.126895995,55.989830489,Other,random,glyoxylate_(_H2O)_C2O2,55.989830000,RC2_0046_ICR-3_p08
455.183959237,511.173789726,55.989830489,Other,random,glyoxylate_(_H2O)_C2O2,55.989830000,RC2_0046_ICR-3_p08
587.177193317,643.167023806,55.989830489,Other,random,glyoxylate_(_H2O)_C2O2,55.989830000,RC2_0046_ICR-3_p08
305.175747578,361.165578067,55.989830489,Other,random,glyoxylate_(_H2O)_C2O2,55.989830000,RC2_0046_ICR-3_p08
311.186302081,367.176132570,55.989830489,Other,random,glyoxylate_(_H2O)_C2O2,55.989830000,RC2_0046_ICR-3_p08
375.165906677,431.155737166,55.989830489,Other,random,glyoxylate_(_H2O)_C2O2,55.989830000,RC2_0046_ICR-3_p08
385.040921787,441.030752276,55.989830489,Other,random,glyoxylate_(_H2O)_C2O2,55.989830000,RC2_0046_ICR-3_p08
403.124402076,459.114232565,55.989830489,Other,random,glyoxylate_(_H2O)_C2O2,55.989830000,RC2_0046_ICR-3_p08
425.100700852,481.090531341,55.989830489,Other,random,glyoxylate_(_H2O)_C2O2,55.989830000,RC2_0046_ICR-3_p08
261.053445747,317.043276236,55.989830489,Other,random,glyoxylate_(_H2O)_C2O2,55.989830000,RC2_0046_ICR-3_p08
423.251666695,479.241497184,55.989830489,Other,random,glyoxylate_(_H2O)_C2O2,55.989830000,RC2_0046_ICR-3_p08
437.194494549,493.184325038,55.989830489,Other,random,glyoxylate_(_H2O)_C2O2,55.989830000,RC2_0046_ICR-3_p08
449.217818546,505.207650035,55.989831489,Other,random,glyoxylate_(_H2O)_C2O2,55.989830000,RC2_0046_ICR-3_p08
411.093011273,467.082842762,55.989831489,Other,random,glyoxylate_(_H2O)_C2O2,55.989830000,RC2_0046_ICR-3_p08
435.123825333,491.113656822,55.989831489,Other,random,glyoxylate_(_H2O)_C2O2,55.989830000,RC2_0046_ICR-3_p08
499.181971596,555.171803085,55.989831489,Other,random,glyoxylate_(_H2O)_C2O2,55.989830000,RC2_0046_ICR-3_p08
321.134232882,377.124064370,55.989831489,Other,random,glyoxylate_(_H2O)_C2O2,55.989830000,RC2_0046_ICR-3_p08
517.220839074,573.210670563,55.989831489,Other,random,glyoxylate_(_H2O)_C2O2,55.989830000,RC2_0046_ICR-3_p08
615.172195561,671.162027050,55.989831489,Other,random,glyoxylate_(_H2O)_C2O2,55.989830000,RC2_0046_ICR-3_p08
310.093147718,366.082980207,55.989832489,Other,random,glyoxylate_(_H2O)_C2O2,55.989830000,RC2_0046_ICR-3_p08
319.103353497,375.093185986,55.989832489,Other,random,glyoxylate_(_H2O)_C2O2,55.989830000,RC2_0046_ICR-3_p08
361.214930858,417.204763347,55.989832489,Other,random,glyoxylate_(_H2O)_C2O2,55.989830000,RC2_0046_ICR-3_p08
389.118303490,445.108135979,55.989832489,Other,random,glyoxylate_(_H2O)_C2O2,55.989830000,RC2_0046_ICR-3_p08
555.200186965,611.190019453,55.989832489,Other,random,glyoxylate_(_H2O)_C2O2,55.989830000,RC2_0046_ICR-3_p08
224.056505689,280.046339178,55.989833489,Other,random,glyoxylate_(_H2O)_C2O2,55.989830000,RC2_0046_ICR-3_p08
339.144720480,395.134553969,55.989833489,Other,random,glyoxylate_(_H2O)_C2O2,55.989830000,RC2_0046_ICR-3_p08
431.111326354,487.101159843,55.989833489,Other,random,glyoxylate_(_H2O)_C2O2,55.989830000,RC2_0046_ICR-3_p08
349.056393435,405.046226924,55.989833489,Other,random,glyoxylate_(_H2O)_C2O2,55.989830000,RC2_0046_ICR-3_p08
379.103200975,435.093034464,55.989833489,Other,random,glyoxylate_(_H2O)_C2O2,55.989830000,RC2_0046_ICR-3_p08
553.083418944,609.073252433,55.989833489,Other,random,glyoxylate_(_H2O)_C2O2,55.989830000,RC2_0046_ICR-3_p08
307.155015182,363.144849671,55.989834489,Other,random,glyoxylate_(_H2O)_C2O2,55.989830000,RC2_0046_ICR-3_p08
341.152334964,397.142169453,55.989834489,Other,random,glyoxylate_(_H2O)_C2O2,55.989830000,RC2_0046_ICR-3_p08
551.213251877,607.203086366,55.989834489,Other,random,glyoxylate_(_H2O)_C2O2,55.989830000,RC2_0046_ICR-3_p08
585.198065712,641.187900201,55.989834489,Other,random,glyoxylate_(_H2O)_C2O2,55.989830000,RC2_0046_ICR-3_p08
349.092643281,405.082477770,55.989834489,Other,random,glyoxylate_(_H2O)_C2O2,55.989830000,RC2_0046_ICR-3_p08
407.129005088,463.118840577,55.989835489,Other,random,glyoxylate_(_H2O)_C2O2,55.989830000,RC2_0046_ICR-3_p08
451.137461403,507.127296892,55.989835489,Other,random,glyoxylate_(_H2O)_C2O2,55.989830000,RC2_0046_ICR-3_p08
371.040630177,427.030465666,55.989835489,Other,random,glyoxylate_(_H2O)_C2O2,55.989830000,RC2_0046_ICR-3_p08
395.199216695,451.189052184,55.989835489,Other,random,glyoxylate_(_H2O)_C2O2,55.989830000,RC2_0046_ICR-3_p08
459.106166599,515.096002088,55.989835489,Other,random,glyoxylate_(_H2O)_C2O2,55.989830000,RC2_0046_ICR-3_p08
385.178471203,441.168307692,55.989836489,Other,random,glyoxylate_(_H2O)_C2O2,55.989830000,RC2_0046_ICR-3_p08
319.095273531,375.085110020,55.989836489,Other,random,glyoxylate_(_H2O)_C2O2,55.989830000,RC2_0046_ICR-3_p08
323.071459664,379.061296153,55.989836489,Other,random,glyoxylate_(_H2O)_C2O2,55.989830000,RC2_0046_ICR-3_p08
337.142265975,393.132102464,55.989836489,Other,random,glyoxylate_(_H2O)_C2O2,55.989830000,RC2_0046_ICR-3_p08
373.056398626,429.046235115,55.989836489,Other,random,glyoxylate_(_H2O)_C2O2,55.989830000,RC2_0046_ICR-3_p08
377.137127315,433.126963804,55.989836489,Other,random,glyoxylate_(_H2O)_C2O2,55.989830000,RC2_0046_ICR-3_p08
387.102684041,443.092520530,55.989836489,Other,random,glyoxylate_(_H2O)_C2O2,55.989830000,RC2_0046_ICR-3_p08
469.280580439,525.270416928,55.989836489,Other,random,glyoxylate_(_H2O)_C2O2,55.989830000,RC2_0046_ICR-3_p08
334.056770064,390.046606553,55.989836489,Other,random,glyoxylate_(_H2O)_C2O2,55.989830000,RC2_0046_ICR-3_p08
529.135071534,585.124908023,55.989836489,Other,random,glyoxylate_(_H2O)_C2O2,55.989830000,RC2_0046_ICR-3_p08
285.040394993,341.030232482,55.989837489,Other,random,glyoxylate_(_H2O)_C2O2,55.989830000,RC2_0046_ICR-3_p08
317.196852584,373.186690073,55.989837489,Other,random,glyoxylate_(_H2O)_C2O2,55.989830000,RC2_0046_ICR-3_p08
339.181183326,395.171020815,55.989837489,Other,random,glyoxylate_(_H2O)_C2O2,55.989830000,RC2_0046_ICR-3_p08
611.125479727,667.115317216,55.989837489,Other,random,glyoxylate_(_H2O)_C2O2,55.989830000,RC2_0046_ICR-3_p08
393.277553847,449.267391336,55.989837489,Other,random,glyoxylate_(_H2O)_C2O2,55.989830000,RC2_0046_ICR-3_p08
335.077103735,391.066942224,55.989838489,Other,random,glyoxylate_(_H2O)_C2O2,55.989830000,RC2_0046_ICR-3_p08
413.173537447,469.163375936,55.989838489,Other,random,glyoxylate_(_H2O)_C2O2,55.989830000,RC2_0046_ICR-3_p08
445.207696557,501.197535046,55.989838489,Other,random,glyoxylate_(_H2O)_C2O2,55.989830000,RC2_0046_ICR-3_p08
549.234166273,605.224004762,55.989838489,Other,random,glyoxylate_(_H2O)_C2O2,55.989830000,RC2_0046_ICR-3_p08
345.101088213,401.090927702,55.989839489,Other,random,glyoxylate_(_H2O)_C2O2,55.989830000,RC2_0046_ICR-3_p08
349.142139071,405.131978560,55.989839489,Other,random,glyoxylate_(_H2O)_C2O2,55.989830000,RC2_0046_ICR-3_p08
471.150686506,527.140525995,55.989839489,Other,random,glyoxylate_(_H2O)_C2O2,55.989830000,RC2_0046_ICR-3_p08
303.100446382,359.116937757,56.016491376,Other,random,C2H3Cl_1O2S1,56.016500000,RC2_0046_ICR-3_p08
433.108261883,489.124755259,56.016493376,Other,random,C2H3Cl_1O2S1,56.016500000,RC2_0046_ICR-3_p08
447.050984738,503.067481114,56.016496376,Other,random,C2H3Cl_1O2S1,56.016500000,RC2_0046_ICR-3_p08
461.103241127,517.119737503,56.016496376,Other,random,C2H3Cl_1O2S1,56.016500000,RC2_0046_ICR-3_p08
403.079856265,459.096355641,56.016499376,Other,random,C2H3Cl_1O2S1,56.016500000,RC2_0046_ICR-3_p08
415.061279439,471.077781815,56.016502376,Other,random,C2H3Cl_1O2S1,56.016500000,RC2_0046_ICR-3_p08
461.139490974,517.155996349,56.016505376,Other,random,C2H3Cl_1O2S1,56.016500000,RC2_0046_ICR-3_p08
483.160387560,539.176895936,56.016508376,Other,random,C2H3Cl_1O2S1,56.016500000,RC2_0046_ICR-3_p08
357.055879500,413.072388876,56.016509376,Other,random,C2H3Cl_1O2S1,56.016500000,RC2_0046_ICR-3_p08
384.106350751,440.132556086,56.026205335,Other,random,C3H4O1,56.026215000,RC2_0046_ICR-3_p08
417.082480865,473.108686200,56.026205335,Other,random,C3H4O1,56.026215000,RC2_0046_ICR-3_p08
289.121132682,345.147339017,56.026206335,Other,random,C3H4O1,56.026215000,RC2_0046_ICR-3_p08
303.144874193,359.171080528,56.026206335,Other,random,C3H4O1,56.026215000,RC2_0046_ICR-3_p08
349.050777458,405.076983793,56.026206335,Other,random,C3H4O1,56.026215000,RC2_0046_ICR-3_p08
399.121456057,455.147662391,56.026206335,Other,random,C3H4O1,56.026215000,RC2_0046_ICR-3_p08
551.205358911,607.231565245,56.026206335,Other,random,C3H4O1,56.026215000,RC2_0046_ICR-3_p08
339.066440812,395.092647147,56.026206335,Other,random,C3H4O1,56.026215000,RC2_0046_ICR-3_p08
375.072046075,431.098252410,56.026206335,Other,random,C3H4O1,56.026215000,RC2_0046_ICR-3_p08
457.062282269,513.088488604,56.026206335,Other,random,C3H4O1,56.026215000,RC2_0046_ICR-3_p08
499.181971596,555.208177931,56.026206335,Other,random,C3H4O1,56.026215000,RC2_0046_ICR-3_p08
347.199374312,403.225581647,56.026207335,Other,random,C3H4O1,56.026215000,RC2_0046_ICR-3_p08
399.102820136,455.129027470,56.026207335,Other,random,C3H4O1,56.026215000,RC2_0046_ICR-3_p08
425.035929126,481.062136461,56.026207335,Other,random,C3H4O1,56.026215000,RC2_0046_ICR-3_p08
389.160429312,445.186636646,56.026207335,Other,random,C3H4O1,56.026215000,RC2_0046_ICR-3_p08
433.135094769,489.161302104,56.026207335,Other,random,C3H4O1,56.026215000,RC2_0046_ICR-3_p08
439.173721153,495.199928488,56.026207335,Other,random,C3H4O1,56.026215000,RC2_0046_ICR-3_p08
583.203209175,639.229416509,56.026207335,Other,random,C3H4O1,56.026215000,RC2_0046_ICR-3_p08
379.134110844,435.160318178,56.026207335,Other,random,C3H4O1,56.026215000,RC2_0046_ICR-3_p08
389.173465256,445.199672591,56.026207335,Other,random,C3H4O1,56.026215000,RC2_0046_ICR-3_p08
399.020332486,455.046540820,56.026208335,Other,random,C3H4O1,56.026215000,RC2_0046_ICR-3_p08
441.189464602,497.215672937,56.026208335,Other,random,C3H4O1,56.026215000,RC2_0046_ICR-3_p08
492.151140421,548.177348756,56.026208335,Other,random,C3H4O1,56.026215000,RC2_0046_ICR-3_p08
523.036377405,579.062585739,56.026208335,Other,random,C3H4O1,56.026215000,RC2_0046_ICR-3_p08
407.074844318,463.101052653,56.026208335,Other,random,C3H4O1,56.026215000,RC2_0046_ICR-3_p08
505.148134287,561.174342622,56.026208335,Other,random,C3H4O1,56.026215000,RC2_0046_ICR-3_p08
299.186352985,355.212561320,56.026208335,Other,random,C3H4O1,56.026215000,RC2_0046_ICR-3_p08
401.118440585,457.144648920,56.026208335,Other,random,C3H4O1,56.026215000,RC2_0046_ICR-3_p08
415.160831017,471.187040352,56.026209335,Other,random,C3H4O1,56.026215000,RC2_0046_ICR-3_p08
443.134565351,499.160774686,56.026209335,Other,random,C3H4O1,56.026215000,RC2_0046_ICR-3_p08
501.262250771,557.288461106,56.026210335,Other,random,C3H4O1,56.026215000,RC2_0046_ICR-3_p08
381.155179270,437.181389605,56.026210335,Other,random,C3H4O1,56.026215000,RC2_0046_ICR-3_p08
267.123774996,323.149985331,56.026210335,Other,random,C3H4O1,56.026215000,RC2_0046_ICR-3_p08
417.132031655,473.158241990,56.026210335,Other,random,C3H4O1,56.026215000,RC2_0046_ICR-3_p08
427.160767113,483.186977447,56.026210335,Other,random,C3H4O1,56.026215000,RC2_0046_ICR-3_p08
319.045834741,375.072046075,56.026211335,Other,random,C3H4O1,56.026215000,RC2_0046_ICR-3_p08
393.076965698,449.103177032,56.026211335,Other,random,C3H4O1,56.026215000,RC2_0046_ICR-3_p08
515.168918779,571.195130113,56.026211335,Other,random,C3H4O1,56.026215000,RC2_0046_ICR-3_p08
289.157489528,345.183700863,56.026211335,Other,random,C3H4O1,56.026215000,RC2_0046_ICR-3_p08
305.087691952,361.113903286,56.026211335,Other,random,C3H4O1,56.026215000,RC2_0046_ICR-3_p08
303.090725423,359.116937757,56.026212335,Other,random,C3H4O1,56.026215000,RC2_0046_ICR-3_p08
379.103200975,435.129413309,56.026212335,Other,random,C3H4O1,56.026215000,RC2_0046_ICR-3_p08
389.145163376,445.171375711,56.026212335,Other,random,C3H4O1,56.026215000,RC2_0046_ICR-3_p08
417.191582402,473.217794737,56.026212335,Other,random,C3H4O1,56.026215000,RC2_0046_ICR-3_p08
513.246811932,569.273024267,56.026212335,Other,random,C3H4O1,56.026215000,RC2_0046_ICR-3_p08
547.231418768,603.257631103,56.026212335,Other,random,C3H4O1,56.026215000,RC2_0046_ICR-3_p08
607.276007057,663.302219391,56.026212335,Other,random,C3H4O1,56.026215000,RC2_0046_ICR-3_p08
571.312433616,627.338645950,56.026212335,Other,random,C3H4O1,56.026215000,RC2_0046_ICR-3_p08
637.214016059,693.240229393,56.026213335,Other,random,C3H4O1,56.026215000,RC2_0046_ICR-3_p08
319.131689376,375.157902711,56.026213335,Other,random,C3H4O1,56.026215000,RC2_0046_ICR-3_p08
367.134101748,423.160315083,56.026213335,Other,random,C3H4O1,56.026215000,RC2_0046_ICR-3_p08
511.036489309,567.062702643,56.026213335,Other,random,C3H4O1,56.026215000,RC2_0046_ICR-3_p08
329.115972023,385.142185357,56.026213335,Other,random,C3H4O1,56.026215000,RC2_0046_ICR-3_p08
333.061454286,389.087667620,56.026213335,Other,random,C3H4O1,56.026215000,RC2_0046_ICR-3_p08
411.178943908,467.205157243,56.026213335,Other,random,C3H4O1,56.026215000,RC2_0046_ICR-3_p08
629.151378261,685.177591595,56.026213335,Other,random,C3H4O1,56.026215000,RC2_0046_ICR-3_p08
385.113695478,441.139909813,56.026214335,Other,random,C3H4O1,56.026215000,RC2_0046_ICR-3_p08
503.168942683,559.195157018,56.026214335,Other,random,C3H4O1,56.026215000,RC2_0046_ICR-3_p08
619.239951305,675.266165640,56.026214335,Other,random,C3H4O1,56.026215000,RC2_0046_ICR-3_p08
233.045607557,289.071821892,56.026214335,Other,random,C3H4O1,56.026215000,RC2_0046_ICR-3_p08
346.020358314,402.046572648,56.026214335,Other,random,C3H4O1,56.026215000,RC2_0046_ICR-3_p08
385.033059820,441.059274155,56.026214335,Other,random,C3H4O1,56.026215000,RC2_0046_ICR-3_p08
433.098540925,489.124755259,56.026214335,Other,random,C3H4O1,56.026215000,RC2_0046_ICR-3_p08
441.204789537,497.231003872,56.026214335,Other,random,C3H4O1,56.026215000,RC2_0046_ICR-3_p08
451.015338921,507.041553255,56.026214335,Other,random,C3H4O1,56.026215000,RC2_0046_ICR-3_p08
481.135014152,537.161228486,56.026214335,Other,random,C3H4O1,56.026215000,RC2_0046_ICR-3_p08
297.110920789,353.137136124,56.026215335,Other,random,C3H4O1,56.026215000,RC2_0046_ICR-3_p08
365.082103453,421.108318788,56.026215335,Other,random,C3H4O1,56.026215000,RC2_0046_ICR-3_p08
447.202097097,503.228312431,56.026215335,Other,random,C3H4O1,56.026215000,RC2_0046_ICR-3_p08
441.176386658,497.202602993,56.026216335,Other,random,C3H4O1,56.026215000,RC2_0046_ICR-3_p08
525.161170391,581.187386726,56.026216335,Other,random,C3H4O1,56.026215000,RC2_0046_ICR-3_p08
529.228758136,585.254974471,56.026216335,Other,random,C3H4O1,56.026215000,RC2_0046_ICR-3_p08
350.051620213,406.077836547,56.026216335,Other,random,C3H4O1,56.026215000,RC2_0046_ICR-3_p08
375.085110020,431.111326354,56.026216335,Other,random,C3H4O1,56.026215000,RC2_0046_ICR-3_p08
379.061296153,435.087512487,56.026216335,Other,random,C3H4O1,56.026215000,RC2_0046_ICR-3_p08
429.118988806,485.145205141,56.026216335,Other,random,C3H4O1,56.026215000,RC2_0046_ICR-3_p08
561.088525986,617.114742321,56.026216335,Other,random,C3H4O1,56.026215000,RC2_0046_ICR-3_p08
313.157426719,369.183644054,56.026217335,Other,random,C3H4O1,56.026215000,RC2_0046_ICR-3_p08
401.181608317,457.207825652,56.026217335,Other,random,C3H4O1,56.026215000,RC2_0046_ICR-3_p08
445.071896133,501.098113468,56.026217335,Other,random,C3H4O1,56.026215000,RC2_0046_ICR-3_p08
403.103167166,459.129384501,56.026217335,Other,random,C3H4O1,56.026215000,RC2_0046_ICR-3_p08
423.232988775,479.259206109,56.026217335,Other,random,C3H4O1,56.026215000,RC2_0046_ICR-3_p08
481.171314998,537.197533332,56.026218335,Other,random,C3H4O1,56.026215000,RC2_0046_ICR-3_p08
319.204436068,375.230654402,56.026218335,Other,random,C3H4O1,56.026215000,RC2_0046_ICR-3_p08
325.092731089,381.118949424,56.026218335,Other,random,C3H4O1,56.026215000,RC2_0046_ICR-3_p08
333.046238350,389.072456685,56.026218335,Other,random,C3H4O1,56.026215000,RC2_0046_ICR-3_p08
419.183962951,475.210181285,56.026218335,Other,random,C3H4O1,56.026215000,RC2_0046_ICR-3_p08
493.257296729,549.283515063,56.026218335,Other,random,C3H4O1,56.026215000,RC2_0046_ICR-3_p08
453.262253389,509.288471724,56.026218335,Other,random,C3H4O1,56.026215000,RC2_0046_ICR-3_p08
527.155815930,583.182034264,56.026218335,Other,random,C3H4O1,56.026215000,RC2_0046_ICR-3_p08
503.192178585,559.218397919,56.026219335,Other,random,C3H4O1,56.026215000,RC2_0046_ICR-3_p08
411.165941963,467.192161298,56.026219335,Other,random,C3H4O1,56.026215000,RC2_0046_ICR-3_p08
455.111370545,511.137589880,56.026219335,Other,random,C3H4O1,56.026215000,RC2_0046_ICR-3_p08
285.040394993,341.066614328,56.026219335,Other,random,C3H4O1,56.026215000,RC2_0046_ICR-3_p08
307.045857645,363.072076980,56.026219335,Other,random,C3H4O1,56.026215000,RC2_0046_ICR-3_p08
392.025809157,448.052028491,56.026219335,Other,random,C3H4O1,56.026215000,RC2_0046_ICR-3_p08
399.157739903,455.183959237,56.026219335,Other,random,C3H4O1,56.026215000,RC2_0046_ICR-3_p08
409.077438823,465.103658158,56.026219335,Other,random,C3H4O1,56.026215000,RC2_0046_ICR-3_p08
427.152719147,483.178938481,56.026219335,Other,random,C3H4O1,56.026215000,RC2_0046_ICR-3_p08
565.083511039,621.109730374,56.026219335,Other,random,C3H4O1,56.026215000,RC2_0046_ICR-3_p08
341.087629238,397.113849573,56.026220335,Other,random,C3H4O1,56.026215000,RC2_0046_ICR-3_p08
349.105758225,405.131978560,56.026220335,Other,random,C3H4O1,56.026215000,RC2_0046_ICR-3_p08
401.014832025,457.041052359,56.026220335,Other,random,C3H4O1,56.026215000,RC2_0046_ICR-3_p08
401.072452780,457.098673115,56.026220335,Other,random,C3H4O1,56.026215000,RC2_0046_ICR-3_p08
385.059668707,441.085890042,56.026221335,Other,random,C3H4O1,56.026215000,RC2_0046_ICR-3_p08
346.106242949,402.132464284,56.026221335,Other,random,C3H4O1,56.026215000,RC2_0046_ICR-3_p08
349.092643281,405.118864615,56.026221335,Other,random,C3H4O1,56.026215000,RC2_0046_ICR-3_p08
373.077404537,429.103625871,56.026221335,Other,random,C3H4O1,56.026215000,RC2_0046_ICR-3_p08
381.168273215,437.194494549,56.026221335,Other,random,C3H4O1,56.026215000,RC2_0046_ICR-3_p08
407.220360701,463.246582035,56.026221335,Other,random,C3H4O1,56.026215000,RC2_0046_ICR-3_p08
417.140069621,473.166290956,56.026221335,Other,random,C3H4O1,56.026215000,RC2_0046_ICR-3_p08
387.121381961,443.147604296,56.026222335,Other,random,C3H4O1,56.026215000,RC2_0046_ICR-3_p08
609.219039814,665.245262149,56.026222335,Other,random,C3H4O1,56.026215000,RC2_0046_ICR-3_p08
363.035585134,419.061807469,56.026222335,Other,random,C3H4O1,56.026215000,RC2_0046_ICR-3_p08
415.152816051,471.179039386,56.026223335,Other,random,C3H4O1,56.026215000,RC2_0046_ICR-3_p08
353.152336059,409.178559394,56.026223335,Other,random,C3H4O1,56.026215000,RC2_0046_ICR-3_p08
413.118394681,469.144618016,56.026223335,Other,random,C3H4O1,56.026215000,RC2_0046_ICR-3_p08
439.197172054,495.223395388,56.026223335,Other,random,C3H4O1,56.026215000,RC2_0046_ICR-3_p08
319.240762914,375.266987248,56.026224335,Other,random,C3H4O1,56.026215000,RC2_0046_ICR-3_p08
385.105665512,441.131889847,56.026224335,Other,random,C3H4O1,56.026215000,RC2_0046_ICR-3_p08
238.035718389,294.061942723,56.026224335,Other,random,C3H4O1,56.026215000,RC2_0046_ICR-3_p08
345.147339017,401.173563352,56.026224335,Other,random,C3H4O1,56.026215000,RC2_0046_ICR-3_p08
257.030384813,313.067824100,56.037439287,Other,random,C2H4N2,56.037448000,RC2_0046_ICR-3_p08
311.040790698,367.103365879,56.062575180,Other,random,C4H8,56.062585070,RC2_0046_ICR-3_p08
351.035667038,407.098242219,56.062575180,Other,random,C4H8,56.062585070,RC2_0046_ICR-3_p08
353.154830049,409.217405229,56.062575180,Other,random,C4H8,56.062585070,RC2_0046_ICR-3_p08
321.219992518,377.282567698,56.062575180,Other,random,C4H8,56.062585070,RC2_0046_ICR-3_p08
480.078369634,536.140944815,56.062575180,Other,random,C4H8,56.062585070,RC2_0046_ICR-3_p08
493.111883346,549.174458526,56.062575180,Other,random,C4H8,56.062585070,RC2_0046_ICR-3_p08
385.163305268,441.225880448,56.062575180,Other,random,C4H8,56.062585070,RC2_0046_ICR-3_p08
409.069534857,465.132110037,56.062575180,Other,random,C4H8,56.062585070,RC2_0046_ICR-3_p08
487.145539655,543.208114835,56.062575180,Other,random,C4H8,56.062585070,RC2_0046_ICR-3_p08
505.075342596,561.137917776,56.062575180,Other,random,C4H8,56.062585070,RC2_0046_ICR-3_p08
577.083616134,633.146192314,56.062576180,Other,random,C4H8,56.062585070,RC2_0046_ICR-3_p08
331.082208682,387.144784862,56.062576180,Other,random,C4H8,56.062585070,RC2_0046_ICR-3_p08
347.113414677,403.175990857,56.062576180,Other,random,C4H8,56.062585070,RC2_0046_ICR-3_p08
403.139707011,459.202283191,56.062576180,Other,random,C4H8,56.062585070,RC2_0046_ICR-3_p08
417.076967889,473.139544069,56.062576180,Other,random,C4H8,56.062585070,RC2_0046_ICR-3_p08
333.110888076,389.173465256,56.062577180,Other,random,C4H8,56.062585070,RC2_0046_ICR-3_p08
343.066959842,399.129537022,56.062577180,Other,random,C4H8,56.062585070,RC2_0046_ICR-3_p08
427.080056455,483.142633635,56.062577180,Other,random,C4H8,56.062585070,RC2_0046_ICR-3_p08
495.106405885,551.168983065,56.062577180,Other,random,C4H8,56.062585070,RC2_0046_ICR-3_p08
368.111494602,424.174072782,56.062578180,Other,random,C4H8,56.062585070,RC2_0046_ICR-3_p08
421.236038246,477.298616426,56.062578180,Other,random,C4H8,56.062585070,RC2_0046_ICR-3_p08
445.199672591,501.262250771,56.062578180,Other,random,C4H8,56.062585070,RC2_0046_ICR-3_p08
445.108135979,501.170715160,56.062579180,Other,random,C4H8,56.062585070,RC2_0046_ICR-3_p08
255.160194746,311.222773926,56.062579180,Other,random,C4H8,56.062585070,RC2_0046_ICR-3_p08
405.046226924,461.108806104,56.062579180,Other,random,C4H8,56.062585070,RC2_0046_ICR-3_p08
467.119256607,523.181835788,56.062579180,Other,random,C4H8,56.062585070,RC2_0046_ICR-3_p08
465.030959466,521.093539646,56.062580180,Other,random,C4H8,56.062585070,RC2_0046_ICR-3_p08
351.157780520,407.220360701,56.062580180,Other,random,C4H8,56.062585070,RC2_0046_ICR-3_p08
383.134591874,439.197172054,56.062580180,Other,random,C4H8,56.062585070,RC2_0046_ICR-3_p08
521.129966492,577.192546672,56.062580180,Other,random,C4H8,56.062585070,RC2_0046_ICR-3_p08
581.078733187,637.141313367,56.062580180,Other,random,C4H8,56.062585070,RC2_0046_ICR-3_p08
467.184204332,523.246784512,56.062580180,Other,random,C4H8,56.062585070,RC2_0046_ICR-3_p08
417.085774851,473.148355032,56.062580180,Other,random,C4H8,56.062585070,RC2_0046_ICR-3_p08
471.020455058,527.083035239,56.062580180,Other,random,C4H8,56.062585070,RC2_0046_ICR-3_p08
379.030454283,435.093034464,56.062580180,Other,random,C4H8,56.062585070,RC2_0046_ICR-3_p08
629.115011415,685.177591595,56.062580180,Other,random,C4H8,56.062585070,RC2_0046_ICR-3_p08
401.108727627,457.171308807,56.062581180,Other,random,C4H8,56.062585070,RC2_0046_ICR-3_p08
461.072387258,517.134968439,56.062581180,Other,random,C4H8,56.062585070,RC2_0046_ICR-3_p08
609.073252433,665.135833613,56.062581180,Other,random,C4H8,56.062585070,RC2_0046_ICR-3_p08
350.015254367,406.077836547,56.062582180,Other,random,C4H8,56.062585070,RC2_0046_ICR-3_p08
337.129139030,393.191721211,56.062582180,Other,random,C4H8,56.062585070,RC2_0046_ICR-3_p08
395.061821278,451.124403458,56.062582180,Other,random,C4H8,56.062585070,RC2_0046_ICR-3_p08
435.142513254,491.205095434,56.062582180,Other,random,C4H8,56.062585070,RC2_0046_ICR-3_p08
415.134151130,471.196733310,56.062582180,Other,random,C4H8,56.062585070,RC2_0046_ICR-3_p08
525.080426734,581.143008914,56.062582180,Other,random,C4H8,56.062585070,RC2_0046_ICR-3_p08
543.062600453,599.125182633,56.062582180,Other,random,C4H8,56.062585070,RC2_0046_ICR-3_p08
551.168983065,607.231565245,56.062582180,Other,random,C4H8,56.062585070,RC2_0046_ICR-3_p08
417.082480865,473.145064046,56.062583180,Other,random,C4H8,56.062585070,RC2_0046_ICR-3_p08
445.150173801,501.212756981,56.062583180,Other,random,C4H8,56.062585070,RC2_0046_ICR-3_p08
519.041591351,575.104174531,56.062583180,Other,random,C4H8,56.062585070,RC2_0046_ICR-3_p08
324.072399418,380.134982598,56.062583180,Other,random,C4H8,56.062585070,RC2_0046_ICR-3_p08
423.121403248,479.183986428,56.062583180,Other,random,C4H8,56.062585070,RC2_0046_ICR-3_p08
441.176386658,497.238969838,56.062583180,Other,random,C4H8,56.062585070,RC2_0046_ICR-3_p08
457.134896961,513.197481142,56.062584180,Other,random,C4H8,56.062585070,RC2_0046_ICR-3_p08
485.275366588,541.337950769,56.062584180,Other,random,C4H8,56.062585070,RC2_0046_ICR-3_p08
403.043582419,459.106166599,56.062584180,Other,random,C4H8,56.062585070,RC2_0046_ICR-3_p08
511.072924154,567.135508334,56.062584180,Other,random,C4H8,56.062585070,RC2_0046_ICR-3_p08
503.010230356,559.072814537,56.062584180,Other,random,C4H8,56.062585070,RC2_0046_ICR-3_p08
573.125134926,629.187719106,56.062584180,Other,random,C4H8,56.062585070,RC2_0046_ICR-3_p08
233.009237711,289.071821892,56.062584180,Other,random,C4H8,56.062585070,RC2_0046_ICR-3_p08
261.053445747,317.116029927,56.062584180,Other,random,C4H8,56.062585070,RC2_0046_ICR-3_p08
325.056365244,381.118949424,56.062584180,Other,random,C4H8,56.062585070,RC2_0046_ICR-3_p08
503.119415893,559.182001074,56.062585180,Other,random,C4H8,56.062585070,RC2_0046_ICR-3_p08
385.150269323,441.212854503,56.062585180,Other,random,C4H8,56.062585070,RC2_0046_ICR-3_p08
307.009491799,363.072076980,56.062585180,Other,random,C4H8,56.062585070,RC2_0046_ICR-3_p08
539.067913398,595.130498579,56.062585180,Other,random,C4H8,56.062585070,RC2_0046_ICR-3_p08
291.144849098,347.207435278,56.062586180,Other,random,C4H8,56.062585070,RC2_0046_ICR-3_p08
303.050960591,359.113546772,56.062586180,Other,random,C4H8,56.062585070,RC2_0046_ICR-3_p08
345.038112480,401.100698661,56.062586180,Other,random,C4H8,56.062585070,RC2_0046_ICR-3_p08
425.072427972,481.135014152,56.062586180,Other,random,C4H8,56.062585070,RC2_0046_ICR-3_p08
593.187617820,649.250204001,56.062586180,Other,random,C4H8,56.062585070,RC2_0046_ICR-3_p08
425.100700852,481.163287032,56.062586180,Other,random,C4H8,56.062585070,RC2_0046_ICR-3_p08
475.051546958,531.114133139,56.062586180,Other,random,C4H8,56.062585070,RC2_0046_ICR-3_p08
663.229716699,719.292303879,56.062587180,Other,random,C4H8,56.062585070,RC2_0046_ICR-3_p08
445.113654956,501.176242136,56.062587180,Other,random,C4H8,56.062585070,RC2_0046_ICR-3_p08
365.209922911,421.272511091,56.062588180,Other,random,C4H8,56.062585070,RC2_0046_ICR-3_p08
431.046616629,487.109204809,56.062588180,Other,random,C4H8,56.062585070,RC2_0046_ICR-3_p08
441.249208349,497.311796529,56.062588180,Other,random,C4H8,56.062585070,RC2_0046_ICR-3_p08
485.194680931,541.257269111,56.062588180,Other,random,C4H8,56.062585070,RC2_0046_ICR-3_p08
235.097628852,291.160217032,56.062588180,Other,random,C4H8,56.062585070,RC2_0046_ICR-3_p08
323.077059640,379.139647820,56.062588180,Other,random,C4H8,56.062585070,RC2_0046_ICR-3_p08
299.149973140,355.212561320,56.062588180,Other,random,C4H8,56.062585070,RC2_0046_ICR-3_p08
323.090168584,379.152756765,56.062588180,Other,random,C4H8,56.062585070,RC2_0046_ICR-3_p08
375.108332921,431.170922102,56.062589180,Other,random,C4H8,56.062585070,RC2_0046_ICR-3_p08
377.246110853,433.308700033,56.062589180,Other,random,C4H8,56.062585070,RC2_0046_ICR-3_p08
407.025354528,463.087943708,56.062589180,Other,random,C4H8,56.062585070,RC2_0046_ICR-3_p08
515.155850834,571.218440014,56.062589180,Other,random,C4H8,56.062585070,RC2_0046_ICR-3_p08
539.168829970,595.231419150,56.062589180,Other,random,C4H8,56.062585070,RC2_0046_ICR-3_p08
317.097322006,373.159911187,56.062589180,Other,random,C4H8,56.062585070,RC2_0046_ICR-3_p08
335.053797834,391.116388014,56.062590180,Other,random,C4H8,56.062585070,RC2_0046_ICR-3_p08
373.056398626,429.118988806,56.062590180,Other,random,C4H8,56.062585070,RC2_0046_ICR-3_p08
465.225969639,521.288559819,56.062590180,Other,random,C4H8,56.062585070,RC2_0046_ICR-3_p08
477.153172043,533.215762223,56.062590180,Other,random,C4H8,56.062585070,RC2_0046_ICR-3_p08
349.178634916,405.241225096,56.062590180,Other,random,C4H8,56.062585070,RC2_0046_ICR-3_p08
443.228496953,499.291087133,56.062590180,Other,random,C4H8,56.062585070,RC2_0046_ICR-3_p08
458.138398704,514.200988885,56.062590180,Other,random,C4H8,56.062585070,RC2_0046_ICR-3_p08
375.102817945,431.165408125,56.062590180,Other,random,C4H8,56.062585070,RC2_0046_ICR-3_p08
275.150012948,331.212604129,56.062591180,Other,random,C4H8,56.062585070,RC2_0046_ICR-3_p08
461.103241127,517.165832308,56.062591180,Other,random,C4H8,56.062585070,RC2_0046_ICR-3_p08
613.213719869,669.276311049,56.062591180,Other,random,C4H8,56.062585070,RC2_0046_ICR-3_p08
552.107214085,608.169805265,56.062591180,Other,random,C4H8,56.062585070,RC2_0046_ICR-3_p08
427.152719147,483.215310327,56.062591180,Other,random,C4H8,56.062585070,RC2_0046_ICR-3_p08
371.053802121,427.116393301,56.062591180,Other,random,C4H8,56.062585070,RC2_0046_ICR-3_p08
361.056363530,417.118955711,56.062592180,Other,random,C4H8,56.062585070,RC2_0046_ICR-3_p08
421.090579863,477.153172043,56.062592180,Other,random,C4H8,56.062585070,RC2_0046_ICR-3_p08
387.056778235,443.119370416,56.062592180,Other,random,C4H8,56.062585070,RC2_0046_ICR-3_p08
583.166824329,639.229416509,56.062592180,Other,random,C4H8,56.062585070,RC2_0046_ICR-3_p08
531.127359082,587.189952263,56.062593180,Other,random,C4H8,56.062585070,RC2_0046_ICR-3_p08
591.099303679,647.161896859,56.062593180,Other,random,C4H8,56.062585070,RC2_0046_ICR-3_p08
383.165244744,439.227837924,56.062593180,Other,random,C4H8,56.062585070,RC2_0046_ICR-3_p08
367.152707669,423.215300850,56.062593180,Other,random,C4H8,56.062585070,RC2_0046_ICR-3_p08
397.199659209,453.262253389,56.062594180,Other,random,C4H8,56.062585070,RC2_0046_ICR-3_p08
509.093593551,565.156187731,56.062594180,Other,random,C4H8,56.062585070,RC2_0046_ICR-3_p08
336.036034667,392.098628848,56.062594180,Other,random,C4H8,56.062585070,RC2_0046_ICR-3_p08
387.102684041,443.165278221,56.062594180,Other,random,C4H8,56.062585070,RC2_0046_ICR-3_p08
357.074513421,414.095968534,57.021455113,Other,random,Glycine,57.021463760,RC2_0046_ICR-3_p08
375.072046075,432.093501188,57.021455113,Other,random,Glycine,57.021463760,RC2_0046_ICR-3_p08
401.087719716,458.109174828,57.021455113,Other,random,Glycine,57.021463760,RC2_0046_ICR-3_p08
373.105781416,430.127237529,57.021456113,Other,random,Glycine,57.021463760,RC2_0046_ICR-3_p08
359.040742081,416.062200193,57.021458113,Other,random,Glycine,57.021463760,RC2_0046_ICR-3_p08
391.139715916,448.161174028,57.021458113,Other,random,Glycine,57.021463760,RC2_0046_ICR-3_p08
331.082208682,388.103666795,57.021458113,Other,random,Glycine,57.021463760,RC2_0046_ICR-3_p08
369.095614427,426.117072540,57.021458113,Other,random,Glycine,57.021463760,RC2_0046_ICR-3_p08
425.158213608,482.179671720,57.021458113,Other,random,Glycine,57.021463760,RC2_0046_ICR-3_p08
355.116234729,412.137693841,57.021459113,Other,random,Glycine,57.021463760,RC2_0046_ICR-3_p08
485.072211450,542.093670563,57.021459113,Other,random,Glycine,57.021463760,RC2_0046_ICR-3_p08
351.194263366,408.215725478,57.021462113,Other,random,Glycine,57.021463760,RC2_0046_ICR-3_p08
491.082886953,548.104349065,57.021462113,Other,random,Glycine,57.021463760,RC2_0046_ICR-3_p08
343.116412632,400.137875745,57.021463113,Other,random,Glycine,57.021463760,RC2_0046_ICR-3_p08
341.100522184,398.121986296,57.021464113,Other,random,Glycine,57.021463760,RC2_0046_ICR-3_p08
309.134218786,366.155683899,57.021465113,Other,random,Glycine,57.021463760,RC2_0046_ICR-3_p08
447.093013559,504.114478672,57.021465113,Other,random,Glycine,57.021463760,RC2_0046_ICR-3_p08
461.202956704,518.224423817,57.021467113,Other,random,Glycine,57.021463760,RC2_0046_ICR-3_p08
294.061942723,351.083410836,57.021468113,Other,random,Glycine,57.021463760,RC2_0046_ICR-3_p08
249.040480706,306.061948819,57.021468113,Other,random,Glycine,57.021463760,RC2_0046_ICR-3_p08
289.084773837,346.106242949,57.021469113,Other,random,Glycine,57.021463760,RC2_0046_ICR-3_p08
297.074484944,354.095958057,57.021473113,Other,random,Glycine,57.021463760,RC2_0046_ICR-3_p08
357.074513421,414.095968534,57.021455113,Other,random,Glycine_C2H3NO,57.021464000,RC2_0046_ICR-3_p08
375.072046075,432.093501188,57.021455113,Other,random,Glycine_C2H3NO,57.021464000,RC2_0046_ICR-3_p08
401.087719716,458.109174828,57.021455113,Other,random,Glycine_C2H3NO,57.021464000,RC2_0046_ICR-3_p08
373.105781416,430.127237529,57.021456113,Other,random,Glycine_C2H3NO,57.021464000,RC2_0046_ICR-3_p08
359.040742081,416.062200193,57.021458113,Other,random,Glycine_C2H3NO,57.021464000,RC2_0046_ICR-3_p08
391.139715916,448.161174028,57.021458113,Other,random,Glycine_C2H3NO,57.021464000,RC2_0046_ICR-3_p08
331.082208682,388.103666795,57.021458113,Other,random,Glycine_C2H3NO,57.021464000,RC2_0046_ICR-3_p08
369.095614427,426.117072540,57.021458113,Other,random,Glycine_C2H3NO,57.021464000,RC2_0046_ICR-3_p08
425.158213608,482.179671720,57.021458113,Other,random,Glycine_C2H3NO,57.021464000,RC2_0046_ICR-3_p08
355.116234729,412.137693841,57.021459113,Other,random,Glycine_C2H3NO,57.021464000,RC2_0046_ICR-3_p08
485.072211450,542.093670563,57.021459113,Other,random,Glycine_C2H3NO,57.021464000,RC2_0046_ICR-3_p08
351.194263366,408.215725478,57.021462113,Other,random,Glycine_C2H3NO,57.021464000,RC2_0046_ICR-3_p08
491.082886953,548.104349065,57.021462113,Other,random,Glycine_C2H3NO,57.021464000,RC2_0046_ICR-3_p08
343.116412632,400.137875745,57.021463113,Other,random,Glycine_C2H3NO,57.021464000,RC2_0046_ICR-3_p08
341.100522184,398.121986296,57.021464113,Other,random,Glycine_C2H3NO,57.021464000,RC2_0046_ICR-3_p08
309.134218786,366.155683899,57.021465113,Other,random,Glycine_C2H3NO,57.021464000,RC2_0046_ICR-3_p08
447.093013559,504.114478672,57.021465113,Other,random,Glycine_C2H3NO,57.021464000,RC2_0046_ICR-3_p08
461.202956704,518.224423817,57.021467113,Other,random,Glycine_C2H3NO,57.021464000,RC2_0046_ICR-3_p08
294.061942723,351.083410836,57.021468113,Other,random,Glycine_C2H3NO,57.021464000,RC2_0046_ICR-3_p08
249.040480706,306.061948819,57.021468113,Other,random,Glycine_C2H3NO,57.021464000,RC2_0046_ICR-3_p08
289.084773837,346.106242949,57.021469113,Other,random,Glycine_C2H3NO,57.021464000,RC2_0046_ICR-3_p08
297.074484944,354.095958057,57.021473113,Other,random,Glycine_C2H3NO,57.021464000,RC2_0046_ICR-3_p08
361.019841685,418.053885745,57.034044059,Other,random,acetone (-H),57.034039830,RC2_0046_ICR-3_p08
361.019841685,418.053885745,57.034044059,Other,random,acetone_(_H)_C3H5O,57.034040000,RC2_0046_ICR-3_p08
547.109216287,604.167047245,57.057830958,Other,random,C3H7N1,57.057840480,RC2_0046_ICR-3_p08
431.025524718,488.083355677,57.057830958,Other,random,C3H7N1,57.057840480,RC2_0046_ICR-3_p08
433.041118168,490.098952127,57.057833958,Other,random,C3H7N1,57.057840480,RC2_0046_ICR-3_p08
309.097848940,366.155683899,57.057834958,Other,random,C3H7N1,57.057840480,RC2_0046_ICR-3_p08
261.097959558,318.155795516,57.057835958,Other,random,C3H7N1,57.057840480,RC2_0046_ICR-3_p08
349.019999589,406.077836547,57.057836958,Other,random,C3H7N1,57.057840480,RC2_0046_ICR-3_p08
288.998929201,346.056768159,57.057838958,Other,random,C3H7N1,57.057840480,RC2_0046_ICR-3_p08
379.066941129,436.124782087,57.057840958,Other,random,C3H7N1,57.057840480,RC2_0046_ICR-3_p08
296.041124327,353.098967286,57.057842958,Other,random,C3H7N1,57.057840480,RC2_0046_ICR-3_p08
257.066703658,314.124547617,57.057843958,Other,random,C3H7N1,57.057840480,RC2_0046_ICR-3_p08
461.072387258,518.130231217,57.057843958,Other,random,C3H7N1,57.057840480,RC2_0046_ICR-3_p08
269.066630754,326.124475713,57.057844958,Other,random,C3H7N1,57.057840480,RC2_0046_ICR-3_p08
475.015029113,532.072877071,57.057847958,Other,random,C3H7N1,57.057840480,RC2_0046_ICR-3_p08
447.020355868,504.078205826,57.057849958,Other,random,C3H7N1,57.057840480,RC2_0046_ICR-3_p08
449.035882318,506.093732276,57.057849958,Other,random,C3H7N1,57.057840480,RC2_0046_ICR-3_p08
531.208337739,589.133647017,57.925309279,Other,random,C1H_1o1,57.925300000,RC2_0046_ICR-3_p08
313.238386376,371.207460469,57.969074093,Other,random,#N/A-2,57.969083230,RC2_0046_ICR-3_p08
405.131978560,463.101052653,57.969074093,Other,random,#N/A-2,57.969083230,RC2_0046_ICR-3_p08
429.118988806,487.088062899,57.969074093,Other,random,#N/A-2,57.969083230,RC2_0046_ICR-3_p08
455.165356316,513.134430409,57.969074093,Other,random,#N/A-2,57.969083230,RC2_0046_ICR-3_p08
383.134591874,441.103666966,57.969075093,Other,random,#N/A-2,57.969083230,RC2_0046_ICR-3_p08
461.108806104,519.077881197,57.969075093,Other,random,#N/A-2,57.969083230,RC2_0046_ICR-3_p08
369.183644054,427.152719147,57.969075093,Other,random,#N/A-2,57.969083230,RC2_0046_ICR-3_p08
347.077150831,405.046226924,57.969076093,Other,random,#N/A-2,57.969083230,RC2_0046_ICR-3_p08
387.071995171,445.041071264,57.969076093,Other,random,#N/A-2,57.969083230,RC2_0046_ICR-3_p08
417.176271467,475.145347560,57.969076093,Other,random,#N/A-2,57.969083230,RC2_0046_ICR-3_p08
321.183680672,379.152756765,57.969076093,Other,random,#N/A-2,57.969083230,RC2_0046_ICR-3_p08
355.131632663,413.100708756,57.969076093,Other,random,#N/A-2,57.969083230,RC2_0046_ICR-3_p08
329.030234386,386.999311479,57.969077093,Other,random,#N/A-2,57.969083230,RC2_0046_ICR-3_p08
335.149919426,393.118996519,57.969077093,Other,random,#N/A-2,57.969083230,RC2_0046_ICR-3_p08
276.051284125,334.020361218,57.969077093,Other,random,#N/A-2,57.969083230,RC2_0046_ICR-3_p08
303.087286437,361.056363530,57.969077093,Other,random,#N/A-2,57.969083230,RC2_0046_ICR-3_p08
435.215247945,493.184325038,57.969077093,Other,random,#N/A-2,57.969083230,RC2_0046_ICR-3_p08
511.145584846,569.114661939,57.969077093,Other,random,#N/A-2,57.969083230,RC2_0046_ICR-3_p08
285.040394993,343.009473086,57.969078093,Other,random,#N/A-2,57.969083230,RC2_0046_ICR-3_p08
301.056416052,359.025494145,57.969078093,Other,random,#N/A-2,57.969083230,RC2_0046_ICR-3_p08
315.100302478,373.069380571,57.969078093,Other,random,#N/A-2,57.969083230,RC2_0046_ICR-3_p08
517.062356747,575.031434840,57.969078093,Other,random,#N/A-2,57.969083230,RC2_0046_ICR-3_p08
401.072452780,459.041531873,57.969079093,Other,random,#N/A-2,57.969083230,RC2_0046_ICR-3_p08
505.171302189,563.140381282,57.969079093,Other,random,#N/A-2,57.969083230,RC2_0046_ICR-3_p08
503.132519838,561.101598930,57.969079093,Other,random,#N/A-2,57.969083230,RC2_0046_ICR-3_p08
405.118864615,463.087943708,57.969079093,Other,random,#N/A-2,57.969083230,RC2_0046_ICR-3_p08
509.158218276,567.127297369,57.969079093,Other,random,#N/A-2,57.969083230,RC2_0046_ICR-3_p08
434.145643483,492.114722576,57.969079093,Other,random,#N/A-2,57.969083230,RC2_0046_ICR-3_p08
317.116029927,375.085110020,57.969080093,Other,random,#N/A-2,57.969083230,RC2_0046_ICR-3_p08
359.162951562,417.132031655,57.969080093,Other,random,#N/A-2,57.969083230,RC2_0046_ICR-3_p08
385.186535169,443.155615262,57.969080093,Other,random,#N/A-2,57.969083230,RC2_0046_ICR-3_p08
483.114250756,541.083330849,57.969080093,Other,random,#N/A-2,57.969083230,RC2_0046_ICR-3_p08
313.165520685,371.134600778,57.969080093,Other,random,#N/A-2,57.969083230,RC2_0046_ICR-3_p08
361.096031362,419.065111455,57.969080093,Other,random,#N/A-2,57.969083230,RC2_0046_ICR-3_p08
445.280643248,503.249723340,57.969080093,Other,random,#N/A-2,57.969083230,RC2_0046_ICR-3_p08
497.166327146,555.135407239,57.969080093,Other,random,#N/A-2,57.969083230,RC2_0046_ICR-3_p08
233.154740094,291.123821187,57.969081093,Other,random,#N/A-2,57.969083230,RC2_0046_ICR-3_p08
325.092731089,383.061812182,57.969081093,Other,random,#N/A-2,57.969083230,RC2_0046_ICR-3_p08
389.137012411,447.106093504,57.969081093,Other,random,#N/A-2,57.969083230,RC2_0046_ICR-3_p08
339.136681514,397.105762607,57.969081093,Other,random,#N/A-2,57.969083230,RC2_0046_ICR-3_p08
329.106184064,387.075265157,57.969081093,Other,random,#N/A-2,57.969083230,RC2_0046_ICR-3_p08
357.101095309,415.070176402,57.969081093,Other,random,#N/A-2,57.969083230,RC2_0046_ICR-3_p08
441.082623056,499.051704149,57.969081093,Other,random,#N/A-2,57.969083230,RC2_0046_ICR-3_p08
567.281220716,625.250301809,57.969081093,Other,random,#N/A-2,57.969083230,RC2_0046_ICR-3_p08
311.105372424,369.074455517,57.969083093,Other,random,#N/A-2,57.969083230,RC2_0046_ICR-3_p08
351.181154421,409.150237514,57.969083093,Other,random,#N/A-2,57.969083230,RC2_0046_ICR-3_p08
567.171945180,625.141028273,57.969083093,Other,random,#N/A-2,57.969083230,RC2_0046_ICR-3_p08
539.213387781,597.182470874,57.969083093,Other,random,#N/A-2,57.969083230,RC2_0046_ICR-3_p08
367.189130515,425.158213608,57.969083093,Other,random,#N/A-2,57.969083230,RC2_0046_ICR-3_p08
401.145149472,459.114232565,57.969083093,Other,random,#N/A-2,57.969083230,RC2_0046_ICR-3_p08
489.067343503,547.036426596,57.969083093,Other,random,#N/A-2,57.969083230,RC2_0046_ICR-3_p08
443.201631067,501.170715160,57.969084093,Other,random,#N/A-2,57.969083230,RC2_0046_ICR-3_p08
647.198377705,705.167461797,57.969084093,Other,random,#N/A-2,57.969083230,RC2_0046_ICR-3_p08
469.199660782,527.168744875,57.969084093,Other,random,#N/A-2,57.969083230,RC2_0046_ICR-3_p08
369.082489483,427.051574576,57.969085093,Other,random,#N/A-2,57.969083230,RC2_0046_ICR-3_p08
291.209549823,349.178634916,57.969085093,Other,random,#N/A-2,57.969083230,RC2_0046_ICR-3_p08
413.108696722,471.077781815,57.969085093,Other,random,#N/A-2,57.969083230,RC2_0046_ICR-3_p08
565.314809058,623.283894151,57.969085093,Other,random,#N/A-2,57.969083230,RC2_0046_ICR-3_p08
329.152296869,387.121381961,57.969085093,Other,random,#N/A-2,57.969083230,RC2_0046_ICR-3_p08
417.113388734,475.082473827,57.969085093,Other,random,#N/A-2,57.969083230,RC2_0046_ICR-3_p08
349.105758225,407.074844318,57.969086093,Other,random,#N/A-2,57.969083230,RC2_0046_ICR-3_p08
381.222440985,439.191527078,57.969086093,Other,random,#N/A-2,57.969083230,RC2_0046_ICR-3_p08
392.135046693,450.104132786,57.969086093,Other,random,#N/A-2,57.969083230,RC2_0046_ICR-3_p08
369.110970362,427.080056455,57.969086093,Other,random,#N/A-2,57.969083230,RC2_0046_ICR-3_p08
407.147582010,465.116668102,57.969086093,Other,random,#N/A-2,57.969083230,RC2_0046_ICR-3_p08
597.125154117,655.094240210,57.969086093,Other,random,#N/A-2,57.969083230,RC2_0046_ICR-3_p08
327.100344573,385.069431666,57.969087093,Other,random,#N/A-2,57.969083230,RC2_0046_ICR-3_p08
431.220498891,489.189585984,57.969087093,Other,random,#N/A-2,57.969083230,RC2_0046_ICR-3_p08
497.194542027,555.163629120,57.969087093,Other,random,#N/A-2,57.969083230,RC2_0046_ICR-3_p08
553.301621018,611.270708111,57.969087093,Other,random,#N/A-2,57.969083230,RC2_0046_ICR-3_p08
339.072033789,397.041121882,57.969088093,Other,random,#N/A-2,57.969083230,RC2_0046_ICR-3_p08
497.130008301,555.099096393,57.969088093,Other,random,#N/A-2,57.969083230,RC2_0046_ICR-3_p08
367.066841034,425.035929126,57.969088093,Other,random,#N/A-2,57.969083230,RC2_0046_ICR-3_p08
377.196806062,435.165894155,57.969088093,Other,random,#N/A-2,57.969083230,RC2_0046_ICR-3_p08
393.191721211,451.160809304,57.969088093,Other,random,#N/A-2,57.969083230,RC2_0046_ICR-3_p08
471.056664905,529.025752997,57.969088093,Other,random,#N/A-2,57.969083230,RC2_0046_ICR-3_p08
425.108641818,483.077730911,57.969089093,Other,random,#N/A-2,57.969083230,RC2_0046_ICR-3_p08
427.197233958,485.166323051,57.969089093,Other,random,#N/A-2,57.969083230,RC2_0046_ICR-3_p08
278.103313420,336.072402513,57.969089093,Other,random,#N/A-2,57.969083230,RC2_0046_ICR-3_p08
413.173537447,471.142626540,57.969089093,Other,random,#N/A-2,57.969083230,RC2_0046_ICR-3_p08
507.259938329,565.229027422,57.969089093,Other,random,#N/A-2,57.969083230,RC2_0046_ICR-3_p08
333.155391887,391.124480980,57.969089093,Other,random,#N/A-2,57.969083230,RC2_0046_ICR-3_p08
379.131647854,437.100736947,57.969089093,Other,random,#N/A-2,57.969083230,RC2_0046_ICR-3_p08
453.204700633,511.173789726,57.969089093,Other,random,#N/A-2,57.969083230,RC2_0046_ICR-3_p08
455.119399511,513.088488604,57.969089093,Other,random,#N/A-2,57.969083230,RC2_0046_ICR-3_p08
283.110559179,341.079649272,57.969090093,Other,random,#N/A-2,57.969083230,RC2_0046_ICR-3_p08
401.082095740,459.051185832,57.969090093,Other,random,#N/A-2,57.969083230,RC2_0046_ICR-3_p08
363.266948153,421.236038246,57.969090093,Other,random,#N/A-2,57.969083230,RC2_0046_ICR-3_p08
507.223480484,565.192570576,57.969090093,Other,random,#N/A-2,57.969083230,RC2_0046_ICR-3_p08
319.154973278,377.124064370,57.969091093,Other,random,#N/A-2,57.969083230,RC2_0046_ICR-3_p08
349.129151126,407.098242219,57.969091093,Other,random,#N/A-2,57.969083230,RC2_0046_ICR-3_p08
421.236038246,479.205129339,57.969091093,Other,random,#N/A-2,57.969083230,RC2_0046_ICR-3_p08
431.098252410,489.067343503,57.969091093,Other,random,#N/A-2,57.969083230,RC2_0046_ICR-3_p08
452.091261357,510.060352449,57.969091093,Other,random,#N/A-2,57.969083230,RC2_0046_ICR-3_p08
310.093147718,368.062239811,57.969092093,Other,random,#N/A-2,57.969083230,RC2_0046_ICR-3_p08
433.272509187,491.241601279,57.969092093,Other,random,#N/A-2,57.969083230,RC2_0046_ICR-3_p08
543.259986615,601.229078708,57.969092093,Other,random,#N/A-2,57.969083230,RC2_0046_ICR-3_p08
547.218436823,605.187528916,57.969092093,Other,random,#N/A-2,57.969083230,RC2_0046_ICR-3_p08
355.103296783,413.072388876,57.969092093,Other,random,#N/A-2,57.969083230,RC2_0046_ICR-3_p08
417.249190158,475.218282251,57.969092093,Other,random,#N/A-2,57.969083230,RC2_0046_ICR-3_p08
437.100736947,495.069829040,57.969092093,Other,random,#N/A-2,57.969083230,RC2_0046_ICR-3_p08
527.155815930,585.124908023,57.969092093,Other,random,#N/A-2,57.969083230,RC2_0046_ICR-3_p08
389.118303490,447.087396583,57.969093093,Other,random,#N/A-2,57.969083230,RC2_0046_ICR-3_p08
308.199609751,366.168702844,57.969093093,Other,random,#N/A-2,57.969083230,RC2_0046_ICR-3_p08
463.124446553,521.093539646,57.969093093,Other,random,#N/A-2,57.969083230,RC2_0046_ICR-3_p08
627.208498502,685.177591595,57.969093093,Other,random,#N/A-2,57.969083230,RC2_0046_ICR-3_p08
489.103623349,547.072716442,57.969093093,Other,random,#N/A-2,57.969083230,RC2_0046_ICR-3_p08
411.194189844,469.199660782,58.005470939,Other,random,C2H2O2,58.005480000,RC2_0046_ICR-3_p08
357.110821267,415.116292206,58.005470939,Other,random,C2H2O2,58.005480000,RC2_0046_ICR-3_p08
359.040742081,417.046213019,58.005470939,Other,random,C2H2O2,58.005480000,RC2_0046_ICR-3_p08
308.077508269,366.082980207,58.005471939,Other,random,C2H2O2,58.005480000,RC2_0046_ICR-3_p08
483.160387560,541.165859499,58.005471939,Other,random,C2H2O2,58.005480000,RC2_0046_ICR-3_p08
657.146296505,715.151768444,58.005471939,Other,random,C2H2O2,58.005480000,RC2_0046_ICR-3_p08
327.063959727,385.069431666,58.005471939,Other,random,C2H2O2,58.005480000,RC2_0046_ICR-3_p08
377.087562525,435.093034464,58.005471939,Other,random,C2H2O2,58.005480000,RC2_0046_ICR-3_p08
315.123710378,373.129183317,58.005472938,Other,random,C2H2O2,58.005480000,RC2_0046_ICR-3_p08
499.109094905,557.114567844,58.005472938,Other,random,C2H2O2,58.005480000,RC2_0046_ICR-3_p08
573.197712618,631.203185557,58.005472938,Other,random,C2H2O2,58.005480000,RC2_0046_ICR-3_p08
293.139342637,351.144815575,58.005472938,Other,random,C2H2O2,58.005480000,RC2_0046_ICR-3_p08
315.108418443,373.113891382,58.005472938,Other,random,C2H2O2,58.005480000,RC2_0046_ICR-3_p08
361.050771554,419.056244492,58.005472938,Other,random,C2H2O2,58.005480000,RC2_0046_ICR-3_p08
415.103213261,473.108686200,58.005472938,Other,random,C2H2O2,58.005480000,RC2_0046_ICR-3_p08
559.109269382,617.114742321,58.005472938,Other,random,C2H2O2,58.005480000,RC2_0046_ICR-3_p08
393.168270310,451.173743249,58.005472938,Other,random,C2H2O2,58.005480000,RC2_0046_ICR-3_p08
451.137461403,509.142935341,58.005473938,Other,random,C2H2O2,58.005480000,RC2_0046_ICR-3_p08
283.110559179,341.116034118,58.005474938,Other,random,C2H2O2,58.005480000,RC2_0046_ICR-3_p08
344.090315501,402.095790439,58.005474938,Other,random,C2H2O2,58.005480000,RC2_0046_ICR-3_p08
409.041108977,467.046583916,58.005474938,Other,random,C2H2O2,58.005480000,RC2_0046_ICR-3_p08
387.071995171,445.077470109,58.005474938,Other,random,C2H2O2,58.005480000,RC2_0046_ICR-3_p08
509.057227705,567.062702643,58.005474938,Other,random,C2H2O2,58.005480000,RC2_0046_ICR-3_p08
335.053797834,393.059273773,58.005475938,Other,random,C2H2O2,58.005480000,RC2_0046_ICR-3_p08
385.040921787,443.046397725,58.005475938,Other,random,C2H2O2,58.005480000,RC2_0046_ICR-3_p08
401.118440585,459.123916524,58.005475938,Other,random,C2H2O2,58.005480000,RC2_0046_ICR-3_p08
403.175990857,461.181466796,58.005475938,Other,random,C2H2O2,58.005480000,RC2_0046_ICR-3_p08
497.166327146,555.171803085,58.005475938,Other,random,C2H2O2,58.005480000,RC2_0046_ICR-3_p08
499.291087133,557.296563072,58.005475938,Other,random,C2H2O2,58.005480000,RC2_0046_ICR-3_p08
233.154740094,291.160217032,58.005476938,Other,random,C2H2O2,58.005480000,RC2_0046_ICR-3_p08
299.019651692,357.025128631,58.005476938,Other,random,C2H2O2,58.005480000,RC2_0046_ICR-3_p08
313.048325182,371.053802121,58.005476938,Other,random,C2H2O2,58.005480000,RC2_0046_ICR-3_p08
317.066569137,375.072046075,58.005476938,Other,random,C2H2O2,58.005480000,RC2_0046_ICR-3_p08
433.126963804,491.132440742,58.005476938,Other,random,C2H2O2,58.005480000,RC2_0046_ICR-3_p08
476.156185272,534.161662211,58.005476938,Other,random,C2H2O2,58.005480000,RC2_0046_ICR-3_p08
398.044367626,456.049844564,58.005476938,Other,random,C2H2O2,58.005480000,RC2_0046_ICR-3_p08
369.155289174,427.160767113,58.005477938,Other,random,C2H2O2,58.005480000,RC2_0046_ICR-3_p08
398.101132385,456.106610323,58.005477938,Other,random,C2H2O2,58.005480000,RC2_0046_ICR-3_p08
353.051312488,411.056790426,58.005477938,Other,random,C2H2O2,58.005480000,RC2_0046_ICR-3_p08
315.100302478,373.105781416,58.005478938,Other,random,C2H2O2,58.005480000,RC2_0046_ICR-3_p08
452.083134391,510.088613330,58.005478938,Other,random,C2H2O2,58.005480000,RC2_0046_ICR-3_p08
515.150253858,573.155732796,58.005478938,Other,random,C2H2O2,58.005480000,RC2_0046_ICR-3_p08
271.110492084,329.115972023,58.005479938,Other,random,C2H2O2,58.005480000,RC2_0046_ICR-3_p08
507.179091672,565.184571610,58.005479938,Other,random,C2H2O2,58.005480000,RC2_0046_ICR-3_p08
603.208347312,661.213827250,58.005479938,Other,random,C2H2O2,58.005480000,RC2_0046_ICR-3_p08
327.072039693,385.077519632,58.005479938,Other,random,C2H2O2,58.005480000,RC2_0046_ICR-3_p08
365.246186757,423.251666695,58.005479938,Other,random,C2H2O2,58.005480000,RC2_0046_ICR-3_p08
557.223844380,615.229324319,58.005479938,Other,random,C2H2O2,58.005480000,RC2_0046_ICR-3_p08
369.118926329,427.124406267,58.005479938,Other,random,C2H2O2,58.005480000,RC2_0046_ICR-3_p08
333.064739272,391.070220210,58.005480938,Other,random,C2H2O2,58.005480000,RC2_0046_ICR-3_p08
417.113388734,475.118869673,58.005480938,Other,random,C2H2O2,58.005480000,RC2_0046_ICR-3_p08
441.204789537,499.210270476,58.005480938,Other,random,C2H2O2,58.005480000,RC2_0046_ICR-3_p08
495.077938005,553.083418944,58.005480938,Other,random,C2H2O2,58.005480000,RC2_0046_ICR-3_p08
569.130388872,627.135869811,58.005480938,Other,random,C2H2O2,58.005480000,RC2_0046_ICR-3_p08
483.296181984,541.301662923,58.005480938,Other,random,C2H2O2,58.005480000,RC2_0046_ICR-3_p08
487.145539655,545.151020593,58.005480938,Other,random,C2H2O2,58.005480000,RC2_0046_ICR-3_p08
516.172455522,574.177937460,58.005481938,Other,random,C2H2O2,58.005480000,RC2_0046_ICR-3_p08
333.038185384,391.043667323,58.005481938,Other,random,C2H2O2,58.005480000,RC2_0046_ICR-3_p08
386.051592500,444.057074438,58.005481938,Other,random,C2H2O2,58.005480000,RC2_0046_ICR-3_p08
479.183986428,537.189468367,58.005481938,Other,random,C2H2O2,58.005480000,RC2_0046_ICR-3_p08
667.260693599,725.266175538,58.005481938,Other,random,C2H2O2,58.005480000,RC2_0046_ICR-3_p08
379.131647854,437.137129793,58.005481938,Other,random,C2H2O2,58.005480000,RC2_0046_ICR-3_p08
395.061821278,453.067303216,58.005481938,Other,random,C2H2O2,58.005480000,RC2_0046_ICR-3_p08
513.176541230,571.182023169,58.005481938,Other,random,C2H2O2,58.005480000,RC2_0046_ICR-3_p08
533.143082532,591.148564470,58.005481938,Other,random,C2H2O2,58.005480000,RC2_0046_ICR-3_p08
354.095958057,412.101440995,58.005482938,Other,random,C2H2O2,58.005480000,RC2_0046_ICR-3_p08
357.155348079,415.160831017,58.005482938,Other,random,C2H2O2,58.005480000,RC2_0046_ICR-3_p08
471.056664905,529.062147843,58.005482938,Other,random,C2H2O2,58.005480000,RC2_0046_ICR-3_p08
593.223947666,651.229430605,58.005482938,Other,random,C2H2O2,58.005480000,RC2_0046_ICR-3_p08
381.147160304,439.152643243,58.005482938,Other,random,C2H2O2,58.005480000,RC2_0046_ICR-3_p08
381.155179270,439.160662209,58.005482938,Other,random,C2H2O2,58.005480000,RC2_0046_ICR-3_p08
377.154835240,435.160318178,58.005482938,Other,random,C2H2O2,58.005480000,RC2_0046_ICR-3_p08
331.009427991,389.014911929,58.005483938,Other,random,C2H2O2,58.005480000,RC2_0046_ICR-3_p08
385.223013014,443.228496953,58.005483938,Other,random,C2H2O2,58.005480000,RC2_0046_ICR-3_p08
455.098344600,513.103828539,58.005483938,Other,random,C2H2O2,58.005480000,RC2_0046_ICR-3_p08
395.199216695,453.204700633,58.005483938,Other,random,C2H2O2,58.005480000,RC2_0046_ICR-3_p08
361.129067222,419.134552160,58.005484938,Other,random,C2H2O2,58.005480000,RC2_0046_ICR-3_p08
413.108696722,471.114181661,58.005484938,Other,random,C2H2O2,58.005480000,RC2_0046_ICR-3_p08
370.127223051,428.132707990,58.005484938,Other,random,C2H2O2,58.005480000,RC2_0046_ICR-3_p08
521.129966492,579.135451430,58.005484938,Other,random,C2H2O2,58.005480000,RC2_0046_ICR-3_p08
527.155815930,585.161300868,58.005484938,Other,random,C2H2O2,58.005480000,RC2_0046_ICR-3_p08
361.069290475,419.074776414,58.005485938,Other,random,C2H2O2,58.005480000,RC2_0046_ICR-3_p08
371.126536812,429.132022751,58.005485938,Other,random,C2H2O2,58.005480000,RC2_0046_ICR-3_p08
531.187184829,589.192670767,58.005485938,Other,random,C2H2O2,58.005480000,RC2_0046_ICR-3_p08
276.051284125,334.056770064,58.005485938,Other,random,C2H2O2,58.005480000,RC2_0046_ICR-3_p08
463.246582035,521.252067974,58.005485938,Other,random,C2H2O2,58.005480000,RC2_0046_ICR-3_p08
469.199660782,527.205146721,58.005485938,Other,random,C2H2O2,58.005480000,RC2_0046_ICR-3_p08
523.210363667,581.215850605,58.005486938,Other,random,C2H2O2,58.005480000,RC2_0046_ICR-3_p08
319.045834741,377.051321679,58.005486938,Other,random,C2H2O2,58.005480000,RC2_0046_ICR-3_p08
427.210297903,485.215784841,58.005486938,Other,random,C2H2O2,58.005480000,RC2_0046_ICR-3_p08
629.224379951,687.229866889,58.005486938,Other,random,C2H2O2,58.005480000,RC2_0046_ICR-3_p08
539.205288816,597.210775754,58.005486938,Other,random,C2H2O2,58.005480000,RC2_0046_ICR-3_p08
285.126140629,343.131627568,58.005486938,Other,random,C2H2O2,58.005480000,RC2_0046_ICR-3_p08
363.102831849,421.108318788,58.005486938,Other,random,C2H2O2,58.005480000,RC2_0046_ICR-3_p08
457.041052359,515.046539298,58.005486938,Other,random,C2H2O2,58.005480000,RC2_0046_ICR-3_p08
621.182619064,679.188106003,58.005486938,Other,random,C2H2O2,58.005480000,RC2_0046_ICR-3_p08
353.137136124,411.142624062,58.005487938,Other,random,C2H2O2,58.005480000,RC2_0046_ICR-3_p08
519.223547579,577.229035517,58.005487938,Other,random,C2H2O2,58.005480000,RC2_0046_ICR-3_p08
227.019762119,285.025250057,58.005487938,Other,random,C2H2O2,58.005480000,RC2_0046_ICR-3_p08
297.089831879,355.095319817,58.005487938,Other,random,C2H2O2,58.005480000,RC2_0046_ICR-3_p08
333.061454286,391.066942224,58.005487938,Other,random,C2H2O2,58.005480000,RC2_0046_ICR-3_p08
339.136681514,397.142169453,58.005487938,Other,random,C2H2O2,58.005480000,RC2_0046_ICR-3_p08
363.230550307,421.236038246,58.005487938,Other,random,C2H2O2,58.005480000,RC2_0046_ICR-3_p08
367.225385361,425.230873299,58.005487938,Other,random,C2H2O2,58.005480000,RC2_0046_ICR-3_p08
369.128625287,427.134113226,58.005487938,Other,random,C2H2O2,58.005480000,RC2_0046_ICR-3_p08
403.116282110,461.121770049,58.005487938,Other,random,C2H2O2,58.005480000,RC2_0046_ICR-3_p08
413.181552413,471.187040352,58.005487938,Other,random,C2H2O2,58.005480000,RC2_0046_ICR-3_p08
455.191993203,513.197481142,58.005487938,Other,random,C2H2O2,58.005480000,RC2_0046_ICR-3_p08
510.161888019,568.167375957,58.005487938,Other,random,C2H2O2,58.005480000,RC2_0046_ICR-3_p08
376.030929008,434.036417946,58.005488938,Other,random,C2H2O2,58.005480000,RC2_0046_ICR-3_p08
439.189053088,497.194542027,58.005488938,Other,random,C2H2O2,58.005480000,RC2_0046_ICR-3_p08
461.108806104,519.114295042,58.005488938,Other,random,C2H2O2,58.005480000,RC2_0046_ICR-3_p08
499.218355442,557.223844380,58.005488938,Other,random,C2H2O2,58.005480000,RC2_0046_ICR-3_p08
507.200071583,565.205560521,58.005488938,Other,random,C2H2O2,58.005480000,RC2_0046_ICR-3_p08
343.085438764,401.090927702,58.005488938,Other,random,C2H2O2,58.005480000,RC2_0046_ICR-3_p08
423.178972004,481.184460942,58.005488938,Other,random,C2H2O2,58.005480000,RC2_0046_ICR-3_p08
345.061361382,403.066851320,58.005489938,Other,random,C2H2O2,58.005480000,RC2_0046_ICR-3_p08
377.246110853,435.251600791,58.005489938,Other,random,C2H2O2,58.005480000,RC2_0046_ICR-3_p08
465.080369256,523.085859195,58.005489938,Other,random,C2H2O2,58.005480000,RC2_0046_ICR-3_p08
417.176271467,475.181761406,58.005489938,Other,random,C2H2O2,58.005480000,RC2_0046_ICR-3_p08
445.222822493,503.228312431,58.005489938,Other,random,C2H2O2,58.005480000,RC2_0046_ICR-3_p08
449.108775008,507.114264947,58.005489938,Other,random,C2H2O2,58.005480000,RC2_0046_ICR-3_p08
292.082640120,350.099347010,58.016706891,Other,random,C1H2N2O1,58.016713000,RC2_0046_ICR-3_p08
249.040480706,307.057199597,58.016718891,Other,random,C1H2N2O1,58.016713000,RC2_0046_ICR-3_p08
267.087477150,325.104197041,58.016719891,Other,random,C1H2N2O1,58.016713000,RC2_0046_ICR-3_p08
429.249337253,487.291192037,58.041854784,Other,random,C3H6O1,58.041864230,RC2_0046_ICR-3_p08
313.084682028,371.126536812,58.041854784,Other,random,C3H6O1,58.041864230,RC2_0046_ICR-3_p08
322.093127814,380.134982598,58.041854784,Other,random,C3H6O1,58.041864230,RC2_0046_ICR-3_p08
361.251321703,419.293176487,58.041854784,Other,random,C3H6O1,58.041864230,RC2_0046_ICR-3_p08
375.230654402,433.272509187,58.041854784,Other,random,C3H6O1,58.041864230,RC2_0046_ICR-3_p08
383.061812182,441.103666966,58.041854784,Other,random,C3H6O1,58.041864230,RC2_0046_ICR-3_p08
335.004389044,393.046244828,58.041855784,Other,random,C3H6O1,58.041864230,RC2_0046_ICR-3_p08
374.051645404,432.093501188,58.041855784,Other,random,C3H6O1,58.041864230,RC2_0046_ICR-3_p08
333.074532230,391.116388014,58.041855784,Other,random,C3H6O1,58.041864230,RC2_0046_ICR-3_p08
441.082623056,499.124478840,58.041855784,Other,random,C3H6O1,58.041864230,RC2_0046_ICR-3_p08
504.151074517,562.192930301,58.041855784,Other,random,C3H6O1,58.041864230,RC2_0046_ICR-3_p08
405.076983793,463.118840577,58.041856784,Other,random,C3H6O1,58.041864230,RC2_0046_ICR-3_p08
417.204763347,475.246620131,58.041856784,Other,random,C3H6O1,58.041864230,RC2_0046_ICR-3_p08
450.104132786,508.145989570,58.041856784,Other,random,C3H6O1,58.041864230,RC2_0046_ICR-3_p08
510.161888019,568.203744803,58.041856784,Other,random,C3H6O1,58.041864230,RC2_0046_ICR-3_p08
565.184571610,623.226428395,58.041856784,Other,random,C3H6O1,58.041864230,RC2_0046_ICR-3_p08
339.144720480,397.186577264,58.041856784,Other,random,C3H6O1,58.041864230,RC2_0046_ICR-3_p08
465.139979003,523.181835788,58.041856784,Other,random,C3H6O1,58.041864230,RC2_0046_ICR-3_p08
455.183959237,513.225817021,58.041857784,Other,random,C3H6O1,58.041864230,RC2_0046_ICR-3_p08
367.030570187,425.072427972,58.041857784,Other,random,C3H6O1,58.041864230,RC2_0046_ICR-3_p08
383.053812216,441.095670000,58.041857784,Other,random,C3H6O1,58.041864230,RC2_0046_ICR-3_p08
419.056244492,477.098102277,58.041857784,Other,random,C3H6O1,58.041864230,RC2_0046_ICR-3_p08
465.189472794,523.231330578,58.041857784,Other,random,C3H6O1,58.041864230,RC2_0046_ICR-3_p08
321.183680672,379.225538456,58.041857784,Other,random,C3H6O1,58.041864230,RC2_0046_ICR-3_p08
363.108305826,421.150163610,58.041857784,Other,random,C3H6O1,58.041864230,RC2_0046_ICR-3_p08
415.087905326,473.129764110,58.041858784,Other,random,C3H6O1,58.041864230,RC2_0046_ICR-3_p08
477.176568944,535.218427728,58.041858784,Other,random,C3H6O1,58.041864230,RC2_0046_ICR-3_p08
334.056770064,392.098628848,58.041858784,Other,random,C3H6O1,58.041864230,RC2_0046_ICR-3_p08
379.095271009,437.137129793,58.041858784,Other,random,C3H6O1,58.041864230,RC2_0046_ICR-3_p08
309.061506094,367.103365879,58.041859784,Other,random,C3H6O1,58.041864230,RC2_0046_ICR-3_p08
459.178979290,517.220839074,58.041859784,Other,random,C3H6O1,58.041864230,RC2_0046_ICR-3_p08
331.103303592,389.145163376,58.041859784,Other,random,C3H6O1,58.041864230,RC2_0046_ICR-3_p08
431.147726200,489.189585984,58.041859784,Other,random,C3H6O1,58.041864230,RC2_0046_ICR-3_p08
382.090696302,440.132556086,58.041859784,Other,random,C3H6O1,58.041864230,RC2_0046_ICR-3_p08
325.092731089,383.134591874,58.041860784,Other,random,C3H6O1,58.041864230,RC2_0046_ICR-3_p08
329.152296869,387.194157653,58.041860784,Other,random,C3H6O1,58.041864230,RC2_0046_ICR-3_p08
343.082106778,401.123967562,58.041860784,Other,random,C3H6O1,58.041864230,RC2_0046_ICR-3_p08
355.066835938,413.108696722,58.041860784,Other,random,C3H6O1,58.041864230,RC2_0046_ICR-3_p08
411.129493118,469.171353902,58.041860784,Other,random,C3H6O1,58.041864230,RC2_0046_ICR-3_p08
429.067344025,487.109204809,58.041860784,Other,random,C3H6O1,58.041864230,RC2_0046_ICR-3_p08
451.137461403,509.179322187,58.041860784,Other,random,C3H6O1,58.041864230,RC2_0046_ICR-3_p08
511.137589880,569.179450664,58.041860784,Other,random,C3H6O1,58.041864230,RC2_0046_ICR-3_p08
659.126020107,717.167880891,58.041860784,Other,random,C3H6O1,58.041864230,RC2_0046_ICR-3_p08
343.118588623,401.160450407,58.041861784,Other,random,C3H6O1,58.041864230,RC2_0046_ICR-3_p08
387.157810807,445.199672591,58.041861784,Other,random,C3H6O1,58.041864230,RC2_0046_ICR-3_p08
417.067251930,475.109113714,58.041861784,Other,random,C3H6O1,58.041864230,RC2_0046_ICR-3_p08
515.155850834,573.197712618,58.041861784,Other,random,C3H6O1,58.041864230,RC2_0046_ICR-3_p08
583.036768881,641.078630665,58.041861784,Other,random,C3H6O1,58.041864230,RC2_0046_ICR-3_p08
633.182757159,691.224618944,58.041861784,Other,random,C3H6O1,58.041864230,RC2_0046_ICR-3_p08
341.152334964,399.194197748,58.041862784,Other,random,C3H6O1,58.041864230,RC2_0046_ICR-3_p08
403.106299153,461.148161937,58.041862784,Other,random,C3H6O1,58.041864230,RC2_0046_ICR-3_p08
485.239013743,543.280876527,58.041862784,Other,random,C3H6O1,58.041864230,RC2_0046_ICR-3_p08
287.141838079,345.183700863,58.041862784,Other,random,C3H6O1,58.041864230,RC2_0046_ICR-3_p08
313.092737994,371.134600778,58.041862784,Other,random,C3H6O1,58.041864230,RC2_0046_ICR-3_p08
401.123967562,459.165831346,58.041863784,Other,random,C3H6O1,58.041864230,RC2_0046_ICR-3_p08
437.145079759,495.186943543,58.041863784,Other,random,C3H6O1,58.041864230,RC2_0046_ICR-3_p08
313.108006929,371.149870713,58.041863784,Other,random,C3H6O1,58.041864230,RC2_0046_ICR-3_p08
522.125382269,580.167246053,58.041863784,Other,random,C3H6O1,58.041864230,RC2_0046_ICR-3_p08
413.014801121,471.056664905,58.041863784,Other,random,C3H6O1,58.041864230,RC2_0046_ICR-3_p08
485.057204514,543.099068298,58.041863784,Other,random,C3H6O1,58.041864230,RC2_0046_ICR-3_p08
455.129027470,513.170891254,58.041863784,Other,random,C3H6O1,58.041864230,RC2_0046_ICR-3_p08
317.051321201,375.093185986,58.041864784,Other,random,C3H6O1,58.041864230,RC2_0046_ICR-3_p08
357.061348477,415.103213261,58.041864784,Other,random,C3H6O1,58.041864230,RC2_0046_ICR-3_p08
419.092519339,477.134384123,58.041864784,Other,random,C3H6O1,58.041864230,RC2_0046_ICR-3_p08
430.208094186,488.249958970,58.041864784,Other,random,C3H6O1,58.041864230,RC2_0046_ICR-3_p08
362.210190636,420.252055420,58.041864784,Other,random,C3H6O1,58.041864230,RC2_0046_ICR-3_p08
549.161221582,607.203086366,58.041864784,Other,random,C3H6O1,58.041864230,RC2_0046_ICR-3_p08
563.067864590,621.109730374,58.041865784,Other,random,C3H6O1,58.041864230,RC2_0046_ICR-3_p08
425.145111663,483.186977447,58.041865784,Other,random,C3H6O1,58.041864230,RC2_0046_ICR-3_p08
429.176508562,487.218374346,58.041865784,Other,random,C3H6O1,58.041864230,RC2_0046_ICR-3_p08
432.130094033,490.171960817,58.041866784,Other,random,C3H6O1,58.041864230,RC2_0046_ICR-3_p08
506.093732276,564.135599060,58.041866784,Other,random,C3H6O1,58.041864230,RC2_0046_ICR-3_p08
431.155737166,489.197603950,58.041866784,Other,random,C3H6O1,58.041864230,RC2_0046_ICR-3_p08
343.095198722,401.137065506,58.041866784,Other,random,C3H6O1,58.041864230,RC2_0046_ICR-3_p08
647.234698550,705.276566335,58.041867784,Other,random,C3H6O1,58.041864230,RC2_0046_ICR-3_p08
349.129151126,407.171018910,58.041867784,Other,random,C3H6O1,58.041864230,RC2_0046_ICR-3_p08
379.131647854,437.173515638,58.041867784,Other,random,C3H6O1,58.041864230,RC2_0046_ICR-3_p08
459.187048256,517.228916040,58.041867784,Other,random,C3H6O1,58.041864230,RC2_0046_ICR-3_p08
465.225969639,523.267838423,58.041868784,Other,random,C3H6O1,58.041864230,RC2_0046_ICR-3_p08
445.054132208,503.096000993,58.041868784,Other,random,C3H6O1,58.041864230,RC2_0046_ICR-3_p08
466.062605090,524.104473874,58.041868784,Other,random,C3H6O1,58.041864230,RC2_0046_ICR-3_p08
306.025524973,364.067393757,58.041868784,Other,random,C3H6O1,58.041864230,RC2_0046_ICR-3_p08
537.088629794,595.130498579,58.041868784,Other,random,C3H6O1,58.041864230,RC2_0046_ICR-3_p08
361.129067222,419.170937006,58.041869784,Other,random,C3H6O1,58.041864230,RC2_0046_ICR-3_p08
353.014920642,411.056790426,58.041869784,Other,random,C3H6O1,58.041864230,RC2_0046_ICR-3_p08
371.144298737,429.186168521,58.041869784,Other,random,C3H6O1,58.041864230,RC2_0046_ICR-3_p08
621.073243528,679.115114313,58.041870784,Other,random,C3H6O1,58.041864230,RC2_0046_ICR-3_p08
385.223013014,443.264883798,58.041870784,Other,random,C3H6O1,58.041864230,RC2_0046_ICR-3_p08
475.088059803,533.129930587,58.041870784,Other,random,C3H6O1,58.041864230,RC2_0046_ICR-3_p08
489.225868830,547.267739614,58.041870784,Other,random,C3H6O1,58.041864230,RC2_0046_ICR-3_p08
343.212510225,401.254381009,58.041870784,Other,random,C3H6O1,58.041864230,RC2_0046_ICR-3_p08
373.186690073,431.228560857,58.041870784,Other,random,C3H6O1,58.041864230,RC2_0046_ICR-3_p08
409.163286459,467.205157243,58.041870784,Other,random,C3H6O1,58.041864230,RC2_0046_ICR-3_p08
531.187184829,589.229056613,58.041871784,Other,random,C3H6O1,58.041864230,RC2_0046_ICR-3_p08
485.145205141,543.187076925,58.041871784,Other,random,C3H6O1,58.041864230,RC2_0046_ICR-3_p08
317.116029927,375.157902711,58.041872784,Other,random,C3H6O1,58.041864230,RC2_0046_ICR-3_p08
353.087620334,411.129493118,58.041872784,Other,random,C3H6O1,58.041864230,RC2_0046_ICR-3_p08
367.134101748,425.175974532,58.041872784,Other,random,C3H6O1,58.041864230,RC2_0046_ICR-3_p08
371.035140200,429.077012984,58.041872784,Other,random,C3H6O1,58.041864230,RC2_0046_ICR-3_p08
489.067343503,547.109216287,58.041872784,Other,random,C3H6O1,58.041864230,RC2_0046_ICR-3_p08
495.041546160,553.083418944,58.041872784,Other,random,C3H6O1,58.041864230,RC2_0046_ICR-3_p08
499.181971596,557.223844380,58.041872784,Other,random,C3H6O1,58.041864230,RC2_0046_ICR-3_p08
391.103234070,449.145106854,58.041872784,Other,random,C3H6O1,58.041864230,RC2_0046_ICR-3_p08
527.083035239,585.124908023,58.041872784,Other,random,C3H6O1,58.041864230,RC2_0046_ICR-3_p08
305.030204195,363.072076980,58.041872784,Other,random,C3H6O1,58.041864230,RC2_0046_ICR-3_p08
489.052126567,547.093999351,58.041872784,Other,random,C3H6O1,58.041864230,RC2_0046_ICR-3_p08
417.095552810,475.137426594,58.041873784,Other,random,C3H6O1,58.041864230,RC2_0046_ICR-3_p08
436.174369877,494.216243661,58.041873784,Other,random,C3H6O1,58.041864230,RC2_0046_ICR-3_p08
521.194858216,579.236732001,58.041873784,Other,random,C3H6O1,58.041864230,RC2_0046_ICR-3_p08
432.980747424,491.046414107,58.065666683,Other,random,C3H8N1,58.065674000,RC2_0046_ICR-3_p08
633.195563105,691.261231788,58.065668683,Other,random,C3H8N1,58.065674000,RC2_0046_ICR-3_p08
615.221819350,673.287491034,58.065671683,Other,random,C3H8N1,58.065674000,RC2_0046_ICR-3_p08
432.106277134,490.171960817,58.065683683,Other,random,C3H8N1,58.065674000,RC2_0046_ICR-3_p08
295.009489704,353.098967286,58.089477582,Other,random,C3H10N2O_1,58.089483000,RC2_0046_ICR-3_p08
247.024922256,305.114403838,58.089481582,Other,random,C3H10N2O_1,58.089483000,RC2_0046_ICR-3_p08
267.014712459,325.104197041,58.089484582,Other,random,C3H10N2O_1,58.089483000,RC2_0046_ICR-3_p08
335.126495526,393.215980108,58.089484582,Other,random,C3H10N2O_1,58.089483000,RC2_0046_ICR-3_p08
261.004080956,319.093567538,58.089486582,Other,random,C3H10N2O_1,58.089483000,RC2_0046_ICR-3_p08
263.019780405,322.033080069,59.013299663,Other,random,acetylation (-H),59.013304390,RC2_0046_ICR-3_p08
735.251123181,794.264431845,59.013308663,Other,random,acetylation (-H),59.013304390,RC2_0046_ICR-3_p08
263.019780405,322.033080069,59.013299663,Other,random,CH3COO-,59.013305000,RC2_0046_ICR-3_p08
735.251123181,794.264431845,59.013308663,Other,random,CH3COO-,59.013305000,RC2_0046_ICR-3_p08
391.170422785,450.189769423,59.019346638,Other,random,C2H5N1O_1S1,59.019356000,RC2_0046_ICR-3_p08
409.144710538,468.164064175,59.019353638,Other,random,C2H5N1O_1S1,59.019356000,RC2_0046_ICR-3_p08
341.040662438,400.060017075,59.019354638,Other,random,C2H5N1O_1S1,59.019356000,RC2_0046_ICR-3_p08
423.160315083,482.179671720,59.019356638,Other,random,C2H5N1O_1S1,59.019356000,RC2_0046_ICR-3_p08
385.105665512,444.130208128,59.024542616,Other,random,urea addition (-H),59.024537770,RC2_0046_ICR-3_p08
375.035579230,434.072684792,59.037105562,Other,random,C2H5N1O1,59.037114000,RC2_0046_ICR-3_p08
381.131987369,440.169092931,59.037105562,Other,random,C2H5N1O1,59.037114000,RC2_0046_ICR-3_p08
287.069136387,346.106242949,59.037106562,Other,random,C2H5N1O1,59.037114000,RC2_0046_ICR-3_p08
447.056625714,506.093732276,59.037106562,Other,random,C2H5N1O1,59.037114000,RC2_0046_ICR-3_p08
403.066851320,462.103958882,59.037107562,Other,random,C2H5N1O1,59.037114000,RC2_0046_ICR-3_p08
461.035784414,520.072893976,59.037109562,Other,random,C2H5N1O1,59.037114000,RC2_0046_ICR-3_p08
391.152659861,450.189769423,59.037109562,Other,random,C2H5N1O1,59.037114000,RC2_0046_ICR-3_p08
383.111158973,442.148269535,59.037110562,Other,random,C2H5N1O1,59.037114000,RC2_0046_ICR-3_p08
329.066555232,388.103666795,59.037111562,Other,random,C2H5N1O1,59.037114000,RC2_0046_ICR-3_p08
291.209549823,350.246662385,59.037112562,Other,random,C2H5N1O1,59.037114000,RC2_0046_ICR-3_p08
469.062119366,528.099233928,59.037114562,Other,random,C2H5N1O1,59.037114000,RC2_0046_ICR-3_p08
285.040394993,344.077510555,59.037115562,Other,random,C2H5N1O1,59.037114000,RC2_0046_ICR-3_p08
319.009424895,378.046540457,59.037115562,Other,random,C2H5N1O1,59.037114000,RC2_0046_ICR-3_p08
419.061807469,478.098924031,59.037116562,Other,random,C2H5N1O1,59.037114000,RC2_0046_ICR-3_p08
389.014911929,448.052028491,59.037116562,Other,random,C2H5N1O1,59.037114000,RC2_0046_ICR-3_p08
381.095437524,440.132556086,59.037118562,Other,random,C2H5N1O1,59.037114000,RC2_0046_ICR-3_p08
309.025120249,368.062239811,59.037119562,Other,random,C2H5N1O1,59.037114000,RC2_0046_ICR-3_p08
393.149776389,452.186895951,59.037119562,Other,random,C2H5N1O1,59.037114000,RC2_0046_ICR-3_p08
386.999311479,446.036432041,59.037120562,Other,random,C2H5N1O1,59.037114000,RC2_0046_ICR-3_p08
429.046235115,488.083355677,59.037120562,Other,random,C2H5N1O1,59.037114000,RC2_0046_ICR-3_p08
429.009854269,488.046975831,59.037121562,Other,random,C2H5N1O1,59.037114000,RC2_0046_ICR-3_p08
335.077103735,394.114226298,59.037122562,Other,random,C2H5N1O1,59.037114000,RC2_0046_ICR-3_p08
307.045857645,366.082980207,59.037122562,Other,random,C2H5N1O1,59.037114000,RC2_0046_ICR-3_p08
331.131668472,391.116388014,59.984719542,Other,random,CO3,59.984729030,RC2_0046_ICR-3_p08
373.056398626,433.041118168,59.984719542,Other,random,CO3,59.984729030,RC2_0046_ICR-3_p08
395.061821278,455.046540820,59.984719542,Other,random,CO3,59.984729030,RC2_0046_ICR-3_p08
428.127699011,488.112418553,59.984719542,Other,random,CO3,59.984729030,RC2_0046_ICR-3_p08
309.183695576,369.168415119,59.984719542,Other,random,CO3,59.984729030,RC2_0046_ICR-3_p08
337.121042065,397.105762607,59.984720542,Other,random,CO3,59.984729030,RC2_0046_ICR-3_p08
451.116494492,511.101215034,59.984720542,Other,random,CO3,59.984729030,RC2_0046_ICR-3_p08
332.235998787,392.220719330,59.984720542,Other,random,CO3,59.984729030,RC2_0046_ICR-3_p08
419.134552160,479.119272703,59.984720542,Other,random,CO3,59.984729030,RC2_0046_ICR-3_p08
307.204408972,367.189130515,59.984721542,Other,random,CO3,59.984729030,RC2_0046_ICR-3_p08
357.155348079,417.140069621,59.984721542,Other,random,CO3,59.984729030,RC2_0046_ICR-3_p08
385.077519632,445.062241174,59.984721542,Other,random,CO3,59.984729030,RC2_0046_ICR-3_p08
417.186064426,477.170785968,59.984721542,Other,random,CO3,59.984729030,RC2_0046_ICR-3_p08
419.207352851,479.192074394,59.984721542,Other,random,CO3,59.984729030,RC2_0046_ICR-3_p08
317.225161464,377.209883006,59.984721542,Other,random,CO3,59.984729030,RC2_0046_ICR-3_p08
259.082346108,319.067067651,59.984721542,Other,random,CO3,59.984729030,RC2_0046_ICR-3_p08
413.087686811,473.072409354,59.984722542,Other,random,CO3,59.984729030,RC2_0046_ICR-3_p08
455.061816755,515.046539298,59.984722542,Other,random,CO3,59.984729030,RC2_0046_ICR-3_p08
511.109313000,571.094035542,59.984722542,Other,random,CO3,59.984729030,RC2_0046_ICR-3_p08
567.236714905,627.221437448,59.984722542,Other,random,CO3,59.984729030,RC2_0046_ICR-3_p08
619.203383460,679.188106003,59.984722542,Other,random,CO3,59.984729030,RC2_0046_ICR-3_p08
394.199973934,454.184697476,59.984723542,Other,random,CO3,59.984729030,RC2_0046_ICR-3_p08
375.072046075,435.056770618,59.984724542,Other,random,CO3,59.984729030,RC2_0046_ICR-3_p08
376.103728699,436.088453241,59.984724542,Other,random,CO3,59.984729030,RC2_0046_ICR-3_p08
301.056416052,361.041140595,59.984724542,Other,random,CO3,59.984729030,RC2_0046_ICR-3_p08
515.168918779,575.153643321,59.984724542,Other,random,CO3,59.984729030,RC2_0046_ICR-3_p08
350.087977059,410.072702601,59.984725542,Other,random,CO3,59.984729030,RC2_0046_ICR-3_p08
425.137002698,485.121728240,59.984725542,Other,random,CO3,59.984729030,RC2_0046_ICR-3_p08
471.296360888,531.281086430,59.984725542,Other,random,CO3,59.984729030,RC2_0046_ICR-3_p08
397.150171419,457.134896961,59.984725542,Other,random,CO3,59.984729030,RC2_0046_ICR-3_p08
457.144648920,517.129374462,59.984725542,Other,random,CO3,59.984729030,RC2_0046_ICR-3_p08
581.093905122,641.078630665,59.984725542,Other,random,CO3,59.984729030,RC2_0046_ICR-3_p08
397.142169453,457.126895995,59.984726542,Other,random,CO3,59.984729030,RC2_0046_ICR-3_p08
577.083616134,637.068342677,59.984726542,Other,random,CO3,59.984729030,RC2_0046_ICR-3_p08
525.262534961,585.247262504,59.984727542,Other,random,CO3,59.984729030,RC2_0046_ICR-3_p08
381.110942458,441.095670000,59.984727542,Other,random,CO3,59.984729030,RC2_0046_ICR-3_p08
472.124848373,532.109575916,59.984727542,Other,random,CO3,59.984729030,RC2_0046_ICR-3_p08
485.181700986,545.166428528,59.984727542,Other,random,CO3,59.984729030,RC2_0046_ICR-3_p08
299.186352985,359.171080528,59.984727542,Other,random,CO3,59.984729030,RC2_0046_ICR-3_p08
311.149873236,371.134600778,59.984727542,Other,random,CO3,59.984729030,RC2_0046_ICR-3_p08
363.102831849,423.087559391,59.984727542,Other,random,CO3,59.984729030,RC2_0046_ICR-3_p08
503.168942683,563.153670226,59.984727542,Other,random,CO3,59.984729030,RC2_0046_ICR-3_p08
278.103313420,338.088041963,59.984728542,Other,random,CO3,59.984729030,RC2_0046_ICR-3_p08
285.040394993,345.025123535,59.984728542,Other,random,CO3,59.984729030,RC2_0046_ICR-3_p08
317.152398773,377.137127315,59.984728542,Other,random,CO3,59.984729030,RC2_0046_ICR-3_p08
399.157739903,459.142468445,59.984728542,Other,random,CO3,59.984729030,RC2_0046_ICR-3_p08
309.061506094,369.046234637,59.984728542,Other,random,CO3,59.984729030,RC2_0046_ICR-3_p08
455.082903666,515.067632208,59.984728542,Other,random,CO3,59.984729030,RC2_0046_ICR-3_p08
381.147160304,441.131889847,59.984729542,Other,random,CO3,59.984729030,RC2_0046_ICR-3_p08
385.095927553,445.080657096,59.984729542,Other,random,CO3,59.984729030,RC2_0046_ICR-3_p08
443.301224644,503.285954187,59.984729542,Other,random,CO3,59.984729030,RC2_0046_ICR-3_p08
455.134640447,515.119369989,59.984729542,Other,random,CO3,59.984729030,RC2_0046_ICR-3_p08
585.182612778,645.167342320,59.984729542,Other,random,CO3,59.984729030,RC2_0046_ICR-3_p08
589.265474458,649.250204001,59.984729542,Other,random,CO3,59.984729030,RC2_0046_ICR-3_p08
469.280580439,529.265309981,59.984729542,Other,random,CO3,59.984729030,RC2_0046_ICR-3_p08
351.108281730,411.093011273,59.984729542,Other,random,CO3,59.984729030,RC2_0046_ICR-3_p08
280.082574024,340.067304567,59.984730542,Other,random,CO3,59.984729030,RC2_0046_ICR-3_p08
381.155179270,441.139909813,59.984730542,Other,random,CO3,59.984729030,RC2_0046_ICR-3_p08
419.098056315,479.082786858,59.984730542,Other,random,CO3,59.984729030,RC2_0046_ICR-3_p08
431.119390320,491.104120863,59.984730542,Other,random,CO3,59.984729030,RC2_0046_ICR-3_p08
290.066889670,350.051620213,59.984730542,Other,random,CO3,59.984729030,RC2_0046_ICR-3_p08
341.152334964,401.137065506,59.984730542,Other,random,CO3,59.984729030,RC2_0046_ICR-3_p08
415.175957953,475.160688495,59.984730542,Other,random,CO3,59.984729030,RC2_0046_ICR-3_p08
569.093820027,629.078550570,59.984730542,Other,random,CO3,59.984729030,RC2_0046_ICR-3_p08
727.261052076,787.245782618,59.984730542,Other,random,CO3,59.984729030,RC2_0046_ICR-3_p08
308.077508269,368.062239811,59.984731542,Other,random,CO3,59.984729030,RC2_0046_ICR-3_p08
313.201958531,373.186690073,59.984731542,Other,random,CO3,59.984729030,RC2_0046_ICR-3_p08
397.186577264,457.171308807,59.984731542,Other,random,CO3,59.984729030,RC2_0046_ICR-3_p08
361.287779549,421.272511091,59.984731542,Other,random,CO3,59.984729030,RC2_0046_ICR-3_p08
413.154812527,473.139544069,59.984731542,Other,random,CO3,59.984729030,RC2_0046_ICR-3_p08
357.110821267,417.095552810,59.984731542,Other,random,CO3,59.984729030,RC2_0046_ICR-3_p08
392.062148003,452.046879545,59.984731542,Other,random,CO3,59.984729030,RC2_0046_ICR-3_p08
231.029927108,291.014658650,59.984731542,Other,random,CO3,59.984729030,RC2_0046_ICR-3_p08
543.114467233,603.099199775,59.984732542,Other,random,CO3,59.984729030,RC2_0046_ICR-3_p08
313.071666083,373.056398626,59.984732542,Other,random,CO3,59.984729030,RC2_0046_ICR-3_p08
405.046226924,465.030959466,59.984732542,Other,random,CO3,59.984729030,RC2_0046_ICR-3_p08
471.142626540,531.127359082,59.984732542,Other,random,CO3,59.984729030,RC2_0046_ICR-3_p08
505.135038343,565.119770885,59.984732542,Other,random,CO3,59.984729030,RC2_0046_ICR-3_p08
461.108806104,521.093539646,59.984733542,Other,random,CO3,59.984729030,RC2_0046_ICR-3_p08
605.260528607,665.245262149,59.984733542,Other,random,CO3,59.984729030,RC2_0046_ICR-3_p08
331.082208682,391.066942224,59.984733542,Other,random,CO3,59.984729030,RC2_0046_ICR-3_p08
367.066841034,427.051574576,59.984733542,Other,random,CO3,59.984729030,RC2_0046_ICR-3_p08
382.049429477,442.034163019,59.984733542,Other,random,CO3,59.984729030,RC2_0046_ICR-3_p08
404.134936789,464.119670332,59.984733542,Other,random,CO3,59.984729030,RC2_0046_ICR-3_p08
415.197027863,475.181761406,59.984733542,Other,random,CO3,59.984729030,RC2_0046_ICR-3_p08
445.077470109,505.062203652,59.984733542,Other,random,CO3,59.984729030,RC2_0046_ICR-3_p08
405.168317406,465.153050948,59.984733542,Other,random,CO3,59.984729030,RC2_0046_ICR-3_p08
451.210068095,511.194801637,59.984733542,Other,random,CO3,59.984729030,RC2_0046_ICR-3_p08
455.220515082,515.205248625,59.984733542,Other,random,CO3,59.984729030,RC2_0046_ICR-3_p08
475.124479649,535.109213191,59.984733542,Other,random,CO3,59.984729030,RC2_0046_ICR-3_p08
393.046244828,453.030979370,59.984734542,Other,random,CO3,59.984729030,RC2_0046_ICR-3_p08
433.186524551,493.171259094,59.984734542,Other,random,CO3,59.984729030,RC2_0046_ICR-3_p08
543.259986615,603.244721158,59.984734542,Other,random,CO3,59.984729030,RC2_0046_ICR-3_p08
531.200252773,591.184987316,59.984734542,Other,random,CO3,59.984729030,RC2_0046_ICR-3_p08
224.056505689,284.041241231,59.984735542,Other,random,CO3,59.984729030,RC2_0046_ICR-3_p08
361.069290475,421.054026018,59.984735542,Other,random,CO3,59.984729030,RC2_0046_ICR-3_p08
373.069380571,433.054116113,59.984735542,Other,random,CO3,59.984729030,RC2_0046_ICR-3_p08
329.102931078,389.087667620,59.984736542,Other,random,CO3,59.984729030,RC2_0046_ICR-3_p08
459.093144654,519.077881197,59.984736542,Other,random,CO3,59.984729030,RC2_0046_ICR-3_p08
331.154979373,391.139715916,59.984736542,Other,random,CO3,59.984729030,RC2_0046_ICR-3_p08
371.098111933,431.082848475,59.984736542,Other,random,CO3,59.984729030,RC2_0046_ICR-3_p08
506.093732276,566.078469818,59.984737542,Other,random,CO3,59.984729030,RC2_0046_ICR-3_p08
334.178898546,394.163636088,59.984737542,Other,random,CO3,59.984729030,RC2_0046_ICR-3_p08
361.105842320,421.090579863,59.984737542,Other,random,CO3,59.984729030,RC2_0046_ICR-3_p08
425.181585509,485.166323051,59.984737542,Other,random,CO3,59.984729030,RC2_0046_ICR-3_p08
427.103325356,487.088062899,59.984737542,Other,random,CO3,59.984729030,RC2_0046_ICR-3_p08
447.142559349,507.127296892,59.984737542,Other,random,CO3,59.984729030,RC2_0046_ICR-3_p08
451.189052184,511.173789726,59.984737542,Other,random,CO3,59.984729030,RC2_0046_ICR-3_p08
661.250538095,721.235275637,59.984737542,Other,random,CO3,59.984729030,RC2_0046_ICR-3_p08
329.106184064,389.090921607,59.984737542,Other,random,CO3,59.984729030,RC2_0046_ICR-3_p08
365.196847966,425.181585509,59.984737542,Other,random,CO3,59.984729030,RC2_0046_ICR-3_p08
643.276467341,703.261204884,59.984737542,Other,random,CO3,59.984729030,RC2_0046_ICR-3_p08
327.072039693,387.056778235,59.984738542,Other,random,CO3,59.984729030,RC2_0046_ICR-3_p08
413.181552413,473.166290956,59.984738542,Other,random,CO3,59.984729030,RC2_0046_ICR-3_p08
427.139650202,487.124388745,59.984738542,Other,random,CO3,59.984729030,RC2_0046_ICR-3_p08
455.147662391,515.132400934,59.984738542,Other,random,CO3,59.984729030,RC2_0046_ICR-3_p08
396.064995022,456.086114410,60.021119388,Other,random,C2H4O2,60.021129380,RC2_0046_ICR-3_p08
441.168307692,501.189427080,60.021119388,Other,random,C2H4O2,60.021129380,RC2_0046_ICR-3_p08
479.147709582,539.168829970,60.021120388,Other,random,C2H4O2,60.021129380,RC2_0046_ICR-3_p08
504.114478672,564.135599060,60.021120388,Other,random,C2H4O2,60.021129380,RC2_0046_ICR-3_p08
571.267718805,631.288839193,60.021120388,Other,random,C2H4O2,60.021129380,RC2_0046_ICR-3_p08
423.093130368,483.114250756,60.021120388,Other,random,C2H4O2,60.021129380,RC2_0046_ICR-3_p08
487.051596054,547.072716442,60.021120388,Other,random,C2H4O2,60.021129380,RC2_0046_ICR-3_p08
503.096000993,563.117121381,60.021120388,Other,random,C2H4O2,60.021129380,RC2_0046_ICR-3_p08
331.009427991,391.030549379,60.021121388,Other,random,C2H4O2,60.021129380,RC2_0046_ICR-3_p08
333.170599823,393.191721211,60.021121388,Other,random,C2H4O2,60.021129380,RC2_0046_ICR-3_p08
429.204747442,489.225868830,60.021121388,Other,random,C2H4O2,60.021129380,RC2_0046_ICR-3_p08
318.025419069,378.046540457,60.021121388,Other,random,C2H4O2,60.021129380,RC2_0046_ICR-3_p08
327.253939921,387.275062310,60.021122388,Other,random,C2H4O2,60.021129380,RC2_0046_ICR-3_p08
333.025122440,393.046244828,60.021122388,Other,random,C2H4O2,60.021129380,RC2_0046_ICR-3_p08
395.134553969,455.155676357,60.021122388,Other,random,C2H4O2,60.021129380,RC2_0046_ICR-3_p08
545.215848318,605.236970707,60.021122388,Other,random,C2H4O2,60.021129380,RC2_0046_ICR-3_p08
351.035667038,411.056790426,60.021123388,Other,random,C2H4O2,60.021129380,RC2_0046_ICR-3_p08
359.199255408,419.220378796,60.021123388,Other,random,C2H4O2,60.021129380,RC2_0046_ICR-3_p08
361.019841685,421.040965073,60.021123388,Other,random,C2H4O2,60.021129380,RC2_0046_ICR-3_p08
414.112037466,474.133160854,60.021123388,Other,random,C2H4O2,60.021129380,RC2_0046_ICR-3_p08
525.233851083,585.254974471,60.021123388,Other,random,C2H4O2,60.021129380,RC2_0046_ICR-3_p08
535.182122882,595.203246270,60.021123388,Other,random,C2H4O2,60.021129380,RC2_0046_ICR-3_p08
353.173473970,413.194597358,60.021123388,Other,random,C2H4O2,60.021129380,RC2_0046_ICR-3_p08
389.246267948,449.267391336,60.021123388,Other,random,C2H4O2,60.021129380,RC2_0046_ICR-3_p08
515.205248625,575.226373013,60.021124388,Other,random,C2H4O2,60.021129380,RC2_0046_ICR-3_p08
473.158241990,533.179366378,60.021124388,Other,random,C2H4O2,60.021129380,RC2_0046_ICR-3_p08
409.186496360,469.207620748,60.021124388,Other,random,C2H4O2,60.021129380,RC2_0046_ICR-3_p08
433.272509187,493.293634575,60.021125388,Other,random,C2H4O2,60.021129380,RC2_0046_ICR-3_p08
443.119370416,503.140495804,60.021125388,Other,random,C2H4O2,60.021129380,RC2_0046_ICR-3_p08
317.102938982,377.124064370,60.021125388,Other,random,C2H4O2,60.021129380,RC2_0046_ICR-3_p08
333.128651001,393.149776389,60.021125388,Other,random,C2H4O2,60.021129380,RC2_0046_ICR-3_p08
433.236171341,493.257296729,60.021125388,Other,random,C2H4O2,60.021129380,RC2_0046_ICR-3_p08
293.175749483,353.196874871,60.021125388,Other,random,C2H4O2,60.021129380,RC2_0046_ICR-3_p08
269.066630754,329.087757142,60.021126388,Other,random,C2H4O2,60.021129380,RC2_0046_ICR-3_p08
321.183680672,381.204807060,60.021126388,Other,random,C2H4O2,60.021129380,RC2_0046_ICR-3_p08
377.173368161,437.194494549,60.021126388,Other,random,C2H4O2,60.021129380,RC2_0046_ICR-3_p08
667.152335059,727.173461447,60.021126388,Other,random,C2H4O2,60.021129380,RC2_0046_ICR-3_p08
517.111742537,577.132868925,60.021126388,Other,random,C2H4O2,60.021129380,RC2_0046_ICR-3_p08
351.144815575,411.165941963,60.021126388,Other,random,C2H4O2,60.021129380,RC2_0046_ICR-3_p08
369.168415119,429.189541507,60.021126388,Other,random,C2H4O2,60.021129380,RC2_0046_ICR-3_p08
493.098727401,553.119853789,60.021126388,Other,random,C2H4O2,60.021129380,RC2_0046_ICR-3_p08
315.063982632,375.085110020,60.021127388,Other,random,C2H4O2,60.021129380,RC2_0046_ICR-3_p08
321.097822036,381.118949424,60.021127388,Other,random,C2H4O2,60.021129380,RC2_0046_ICR-3_p08
337.121042065,397.142169453,60.021127388,Other,random,C2H4O2,60.021129380,RC2_0046_ICR-3_p08
421.113886764,481.135014152,60.021127388,Other,random,C2H4O2,60.021129380,RC2_0046_ICR-3_p08
473.036174507,533.057301896,60.021127388,Other,random,C2H4O2,60.021129380,RC2_0046_ICR-3_p08
461.194548740,521.215676128,60.021127388,Other,random,C2H4O2,60.021129380,RC2_0046_ICR-3_p08
549.153379615,609.174507003,60.021127388,Other,random,C2H4O2,60.021129380,RC2_0046_ICR-3_p08
355.058749972,415.079877360,60.021127388,Other,random,C2H4O2,60.021129380,RC2_0046_ICR-3_p08
375.194119557,435.215247945,60.021128388,Other,random,C2H4O2,60.021129380,RC2_0046_ICR-3_p08
544.109880010,604.131008398,60.021128388,Other,random,C2H4O2,60.021129380,RC2_0046_ICR-3_p08
357.097827323,417.118955711,60.021128388,Other,random,C2H4O2,60.021129380,RC2_0046_ICR-3_p08
377.014765834,437.035894222,60.021128388,Other,random,C2H4O2,60.021129380,RC2_0046_ICR-3_p08
385.142185357,445.163313745,60.021128388,Other,random,C2H4O2,60.021129380,RC2_0046_ICR-3_p08
427.088076421,487.109204809,60.021128388,Other,random,C2H4O2,60.021129380,RC2_0046_ICR-3_p08
445.150173801,505.171302189,60.021128388,Other,random,C2H4O2,60.021129380,RC2_0046_ICR-3_p08
315.123710378,375.144839766,60.021129388,Other,random,C2H4O2,60.021129380,RC2_0046_ICR-3_p08
327.108359539,387.129488927,60.021129388,Other,random,C2H4O2,60.021129380,RC2_0046_ICR-3_p08
446.109167733,506.130297121,60.021129388,Other,random,C2H4O2,60.021129380,RC2_0046_ICR-3_p08
429.103625871,489.124755259,60.021129388,Other,random,C2H4O2,60.021129380,RC2_0046_ICR-3_p08
555.099096393,615.120226781,60.021130388,Other,random,C2H4O2,60.021129380,RC2_0046_ICR-3_p08
365.123981275,425.145111663,60.021130388,Other,random,C2H4O2,60.021129380,RC2_0046_ICR-3_p08
371.199368503,431.220498891,60.021130388,Other,random,C2H4O2,60.021129380,RC2_0046_ICR-3_p08
417.095552810,477.116683198,60.021130388,Other,random,C2H4O2,60.021129380,RC2_0046_ICR-3_p08
479.155765548,539.176895936,60.021130388,Other,random,C2H4O2,60.021129380,RC2_0046_ICR-3_p08
339.108406634,399.129537022,60.021130388,Other,random,C2H4O2,60.021129380,RC2_0046_ICR-3_p08
427.030465666,487.051596054,60.021130388,Other,random,C2H4O2,60.021129380,RC2_0046_ICR-3_p08
445.163313745,505.184444133,60.021130388,Other,random,C2H4O2,60.021129380,RC2_0046_ICR-3_p08
502.171799913,562.192930301,60.021130388,Other,random,C2H4O2,60.021129380,RC2_0046_ICR-3_p08
615.172195561,675.193325949,60.021130388,Other,random,C2H4O2,60.021129380,RC2_0046_ICR-3_p08
433.126963804,493.148094192,60.021130388,Other,random,C2H4O2,60.021129380,RC2_0046_ICR-3_p08
495.114276851,555.135407239,60.021130388,Other,random,C2H4O2,60.021129380,RC2_0046_ICR-3_p08
444.057074438,504.078205826,60.021131388,Other,random,C2H4O2,60.021129380,RC2_0046_ICR-3_p08
396.028713176,456.049844564,60.021131388,Other,random,C2H4O2,60.021129380,RC2_0046_ICR-3_p08
441.131889847,501.153021235,60.021131388,Other,random,C2H4O2,60.021129380,RC2_0046_ICR-3_p08
321.219992518,381.241124906,60.021132388,Other,random,C2H4O2,60.021129380,RC2_0046_ICR-3_p08
357.061348477,417.082480865,60.021132388,Other,random,C2H4O2,60.021129380,RC2_0046_ICR-3_p08
445.041071264,505.062203652,60.021132388,Other,random,C2H4O2,60.021129380,RC2_0046_ICR-3_p08
531.163854928,591.184987316,60.021132388,Other,random,C2H4O2,60.021129380,RC2_0046_ICR-3_p08
427.124406267,487.145539655,60.021133388,Other,random,C2H4O2,60.021129380,RC2_0046_ICR-3_p08
397.105762607,457.126895995,60.021133388,Other,random,C2H4O2,60.021129380,RC2_0046_ICR-3_p08
497.122003334,557.143136722,60.021133388,Other,random,C2H4O2,60.021129380,RC2_0046_ICR-3_p08
417.076967889,477.098102277,60.021134388,Other,random,C2H4O2,60.021129380,RC2_0046_ICR-3_p08
557.288461106,617.309595494,60.021134388,Other,random,C2H4O2,60.021129380,RC2_0046_ICR-3_p08
415.116292206,475.137426594,60.021134388,Other,random,C2H4O2,60.021129380,RC2_0046_ICR-3_p08
457.171308807,517.192443195,60.021134388,Other,random,C2H4O2,60.021129380,RC2_0046_ICR-3_p08
687.229866889,747.251001277,60.021134388,Other,random,C2H4O2,60.021129380,RC2_0046_ICR-3_p08
382.041669510,442.062804898,60.021135388,Other,random,C2H4O2,60.021129380,RC2_0046_ICR-3_p08
501.080463543,561.101598930,60.021135388,Other,random,C2H4O2,60.021129380,RC2_0046_ICR-3_p08
611.140891662,671.162027050,60.021135388,Other,random,C2H4O2,60.021129380,RC2_0046_ICR-3_p08
401.064367815,461.085503203,60.021135388,Other,random,C2H4O2,60.021129380,RC2_0046_ICR-3_p08
443.025449814,503.046585202,60.021135388,Other,random,C2H4O2,60.021129380,RC2_0046_ICR-3_p08
419.074776414,479.095911802,60.021135388,Other,random,C2H4O2,60.021129380,RC2_0046_ICR-3_p08
357.092252346,417.113388734,60.021136388,Other,random,C2H4O2,60.021129380,RC2_0046_ICR-3_p08
369.082489483,429.103625871,60.021136388,Other,random,C2H4O2,60.021129380,RC2_0046_ICR-3_p08
371.134600778,431.155737166,60.021136388,Other,random,C2H4O2,60.021129380,RC2_0046_ICR-3_p08
373.077404537,433.098540925,60.021136388,Other,random,C2H4O2,60.021129380,RC2_0046_ICR-3_p08
399.056783331,459.077919719,60.021136388,Other,random,C2H4O2,60.021129380,RC2_0046_ICR-3_p08
397.150171419,457.171308807,60.021137388,Other,random,C2H4O2,60.021129380,RC2_0046_ICR-3_p08
511.137589880,571.158727268,60.021137388,Other,random,C2H4O2,60.021129380,RC2_0046_ICR-3_p08
419.170937006,479.192074394,60.021137388,Other,random,C2H4O2,60.021129380,RC2_0046_ICR-3_p08
469.207620748,529.228758136,60.021137388,Other,random,C2H4O2,60.021129380,RC2_0046_ICR-3_p08
483.186977447,543.208114835,60.021137388,Other,random,C2H4O2,60.021129380,RC2_0046_ICR-3_p08
361.056363530,421.077501918,60.021138388,Other,random,C2H4O2,60.021129380,RC2_0046_ICR-3_p08
527.104257149,587.125395537,60.021138388,Other,random,C2H4O2,60.021129380,RC2_0046_ICR-3_p08
275.019730501,335.052085841,60.032355340,Other,random,C1H4N2O1,60.032363000,RC2_0046_ICR-3_p08
293.066606945,353.098967286,60.032360340,Other,random,C1H4N2O1,60.032363000,RC2_0046_ICR-3_p08
261.040534801,321.072898142,60.032363340,Other,random,C1H4N2O1,60.032363000,RC2_0046_ICR-3_p08
291.051042496,351.083410836,60.032368340,Other,random,C1H4N2O1,60.032363000,RC2_0046_ICR-3_p08
345.055820405,405.113300639,60.057480234,Other,random,C3H8O1,60.057489150,RC2_0046_ICR-3_p08
387.121381961,447.178862195,60.057480234,Other,random,C3H8O1,60.057489150,RC2_0046_ICR-3_p08
489.031053657,549.088533890,60.057480234,Other,random,C3H8O1,60.057489150,RC2_0046_ICR-3_p08
591.171950371,651.229430605,60.057480234,Other,random,C3H8O1,60.057489150,RC2_0046_ICR-3_p08
537.124989640,597.182470874,60.057481234,Other,random,C3H8O1,60.057489150,RC2_0046_ICR-3_p08
341.124127084,401.181608317,60.057481234,Other,random,C3H8O1,60.057489150,RC2_0046_ICR-3_p08
375.194119557,435.251600791,60.057481234,Other,random,C3H8O1,60.057489150,RC2_0046_ICR-3_p08
621.255498755,681.312979989,60.057481234,Other,random,C3H8O1,60.057489150,RC2_0046_ICR-3_p08
525.225938116,585.283419350,60.057481234,Other,random,C3H8O1,60.057489150,RC2_0046_ICR-3_p08
407.074844318,467.132325552,60.057481234,Other,random,C3H8O1,60.057489150,RC2_0046_ICR-3_p08
597.125154117,657.182635351,60.057481234,Other,random,C3H8O1,60.057489150,RC2_0046_ICR-3_p08
315.014563841,375.072046075,60.057482234,Other,random,C3H8O1,60.057489150,RC2_0046_ICR-3_p08
339.084977734,399.142459968,60.057482234,Other,random,C3H8O1,60.057489150,RC2_0046_ICR-3_p08
377.154835240,437.212317474,60.057482234,Other,random,C3H8O1,60.057489150,RC2_0046_ICR-3_p08
545.130046682,605.187528916,60.057482234,Other,random,C3H8O1,60.057489150,RC2_0046_ICR-3_p08
349.214908762,409.272390996,60.057482234,Other,random,C3H8O1,60.057489150,RC2_0046_ICR-3_p08
357.110821267,417.168303501,60.057482234,Other,random,C3H8O1,60.057489150,RC2_0046_ICR-3_p08
401.118440585,461.175922819,60.057482234,Other,random,C3H8O1,60.057489150,RC2_0046_ICR-3_p08
325.105822034,385.163305268,60.057483234,Other,random,C3H8O1,60.057489150,RC2_0046_ICR-3_p08
401.137065506,461.194548740,60.057483234,Other,random,C3H8O1,60.057489150,RC2_0046_ICR-3_p08
437.217895450,497.275378684,60.057483234,Other,random,C3H8O1,60.057489150,RC2_0046_ICR-3_p08
477.176568944,537.234052178,60.057483234,Other,random,C3H8O1,60.057489150,RC2_0046_ICR-3_p08
319.095273531,379.152756765,60.057483234,Other,random,C3H8O1,60.057489150,RC2_0046_ICR-3_p08
363.102831849,423.160315083,60.057483234,Other,random,C3H8O1,60.057489150,RC2_0046_ICR-3_p08
461.231076585,521.288559819,60.057483234,Other,random,C3H8O1,60.057489150,RC2_0046_ICR-3_p08
457.025877424,517.083361658,60.057484234,Other,random,C3H8O1,60.057489150,RC2_0046_ICR-3_p08
317.152398773,377.209883006,60.057484234,Other,random,C3H8O1,60.057489150,RC2_0046_ICR-3_p08
331.045749836,391.103234070,60.057484234,Other,random,C3H8O1,60.057489150,RC2_0046_ICR-3_p08
525.052077854,585.109562088,60.057484234,Other,random,C3H8O1,60.057489150,RC2_0046_ICR-3_p08
327.087299628,387.144784862,60.057485234,Other,random,C3H8O1,60.057489150,RC2_0046_ICR-3_p08
521.239028029,581.296513263,60.057485234,Other,random,C3H8O1,60.057489150,RC2_0046_ICR-3_p08
369.228090865,429.285576099,60.057485234,Other,random,C3H8O1,60.057489150,RC2_0046_ICR-3_p08
451.152806338,511.210291571,60.057485234,Other,random,C3H8O1,60.057489150,RC2_0046_ICR-3_p08
483.186977447,543.244462681,60.057485234,Other,random,C3H8O1,60.057489150,RC2_0046_ICR-3_p08
503.155878739,563.213363972,60.057485234,Other,random,C3H8O1,60.057489150,RC2_0046_ICR-3_p08
397.069409762,457.126895995,60.057486234,Other,random,C3H8O1,60.057489150,RC2_0046_ICR-3_p08
458.072744983,518.130231217,60.057486234,Other,random,C3H8O1,60.057489150,RC2_0046_ICR-3_p08
499.173960630,559.231446864,60.057486234,Other,random,C3H8O1,60.057489150,RC2_0046_ICR-3_p08
345.097853227,405.155339461,60.057486234,Other,random,C3H8O1,60.057489150,RC2_0046_ICR-3_p08
438.153524481,498.211010715,60.057486234,Other,random,C3H8O1,60.057489150,RC2_0046_ICR-3_p08
315.136633324,375.194119557,60.057486234,Other,random,C3H8O1,60.057489150,RC2_0046_ICR-3_p08
515.119369989,575.176857223,60.057487234,Other,random,C3H8O1,60.057489150,RC2_0046_ICR-3_p08
673.250478191,733.307965424,60.057487234,Other,random,C3H8O1,60.057489150,RC2_0046_ICR-3_p08
325.020032398,385.077519632,60.057487234,Other,random,C3H8O1,60.057489150,RC2_0046_ICR-3_p08
343.168094413,403.225581647,60.057487234,Other,random,C3H8O1,60.057489150,RC2_0046_ICR-3_p08
371.199368503,431.256855737,60.057487234,Other,random,C3H8O1,60.057489150,RC2_0046_ICR-3_p08
398.044367626,458.101854859,60.057487234,Other,random,C3H8O1,60.057489150,RC2_0046_ICR-3_p08
516.078087922,576.135575156,60.057487234,Other,random,C3H8O1,60.057489150,RC2_0046_ICR-3_p08
643.094529113,703.152016347,60.057487234,Other,random,C3H8O1,60.057489150,RC2_0046_ICR-3_p08
301.056416052,361.113903286,60.057487234,Other,random,C3H8O1,60.057489150,RC2_0046_ICR-3_p08
341.030232482,401.087719716,60.057487234,Other,random,C3H8O1,60.057489150,RC2_0046_ICR-3_p08
385.142185357,445.199672591,60.057487234,Other,random,C3H8O1,60.057489150,RC2_0046_ICR-3_p08
413.051198966,473.108686200,60.057487234,Other,random,C3H8O1,60.057489150,RC2_0046_ICR-3_p08
311.105372424,371.162860658,60.057488234,Other,random,C3H8O1,60.057489150,RC2_0046_ICR-3_p08
315.108418443,375.165906677,60.057488234,Other,random,C3H8O1,60.057489150,RC2_0046_ICR-3_p08
331.066992746,391.124480980,60.057488234,Other,random,C3H8O1,60.057489150,RC2_0046_ICR-3_p08
397.186577264,457.244065498,60.057488234,Other,random,C3H8O1,60.057489150,RC2_0046_ICR-3_p08
437.173515638,497.231003872,60.057488234,Other,random,C3H8O1,60.057489150,RC2_0046_ICR-3_p08
451.160809304,511.218297537,60.057488234,Other,random,C3H8O1,60.057489150,RC2_0046_ICR-3_p08
407.025354528,467.082842762,60.057488234,Other,random,C3H8O1,60.057489150,RC2_0046_ICR-3_p08
561.052241140,621.109730374,60.057489234,Other,random,C3H8O1,60.057489150,RC2_0046_ICR-3_p08
729.240576678,789.298065912,60.057489234,Other,random,C3H8O1,60.057489150,RC2_0046_ICR-3_p08
389.173465256,449.230954490,60.057489234,Other,random,C3H8O1,60.057489150,RC2_0046_ICR-3_p08
399.194197748,459.251686982,60.057489234,Other,random,C3H8O1,60.057489150,RC2_0046_ICR-3_p08
427.189247992,487.246737226,60.057489234,Other,random,C3H8O1,60.057489150,RC2_0046_ICR-3_p08
429.009854269,489.067343503,60.057489234,Other,random,C3H8O1,60.057489150,RC2_0046_ICR-3_p08
379.152756765,439.210246998,60.057490234,Other,random,C3H8O1,60.057489150,RC2_0046_ICR-3_p08
448.052028491,508.109518725,60.057490234,Other,random,C3H8O1,60.057489150,RC2_0046_ICR-3_p08
503.082891048,563.140381282,60.057490234,Other,random,C3H8O1,60.057489150,RC2_0046_ICR-3_p08
507.041553255,567.099043489,60.057490234,Other,random,C3H8O1,60.057489150,RC2_0046_ICR-3_p08
367.176132570,427.233622804,60.057490234,Other,random,C3H8O1,60.057489150,RC2_0046_ICR-3_p08
371.107917891,431.165408125,60.057490234,Other,random,C3H8O1,60.057489150,RC2_0046_ICR-3_p08
381.082418579,441.139909813,60.057491234,Other,random,C3H8O1,60.057489150,RC2_0046_ICR-3_p08
446.072805887,506.130297121,60.057491234,Other,random,C3H8O1,60.057489150,RC2_0046_ICR-3_p08
533.202712279,593.260203512,60.057491234,Other,random,C3H8O1,60.057489150,RC2_0046_ICR-3_p08
273.076802743,333.134293977,60.057491234,Other,random,C3H8O1,60.057489150,RC2_0046_ICR-3_p08
441.059274155,501.116766389,60.057492234,Other,random,C3H8O1,60.057489150,RC2_0046_ICR-3_p08
659.162385953,719.219878187,60.057492234,Other,random,C3H8O1,60.057489150,RC2_0046_ICR-3_p08
447.093013559,507.150505793,60.057492234,Other,random,C3H8O1,60.057489150,RC2_0046_ICR-3_p08
339.144720480,399.202213714,60.057493234,Other,random,C3H8O1,60.057489150,RC2_0046_ICR-3_p08
329.115972023,389.173465256,60.057493234,Other,random,C3H8O1,60.057489150,RC2_0046_ICR-3_p08
403.116282110,463.173775344,60.057493234,Other,random,C3H8O1,60.057489150,RC2_0046_ICR-3_p08
425.035929126,485.093422360,60.057493234,Other,random,C3H8O1,60.057489150,RC2_0046_ICR-3_p08
435.093034464,495.150528698,60.057494234,Other,random,C3H8O1,60.057489150,RC2_0046_ICR-3_p08
405.131978560,465.189472794,60.057494234,Other,random,C3H8O1,60.057489150,RC2_0046_ICR-3_p08
441.067268121,501.124762355,60.057494234,Other,random,C3H8O1,60.057489150,RC2_0046_ICR-3_p08
431.170922102,491.228417335,60.057495234,Other,random,C3H8O1,60.057489150,RC2_0046_ICR-3_p08
361.092668376,421.150163610,60.057495234,Other,random,C3H8O1,60.057489150,RC2_0046_ICR-3_p08
487.210244381,547.267739614,60.057495234,Other,random,C3H8O1,60.057489150,RC2_0046_ICR-3_p08
293.066606945,353.124102179,60.057495234,Other,random,C3H8O1,60.057489150,RC2_0046_ICR-3_p08
317.066569137,377.124064370,60.057495234,Other,random,C3H8O1,60.057489150,RC2_0046_ICR-3_p08
429.113317830,489.170813064,60.057495234,Other,random,C3H8O1,60.057489150,RC2_0046_ICR-3_p08
449.121826953,509.179322187,60.057495234,Other,random,C3H8O1,60.057489150,RC2_0046_ICR-3_p08
320.077487364,380.134982598,60.057495234,Other,random,C3H8O1,60.057489150,RC2_0046_ICR-3_p08
617.187817011,677.245313244,60.057496234,Other,random,C3H8O1,60.057489150,RC2_0046_ICR-3_p08
355.095319817,415.152816051,60.057496234,Other,random,C3H8O1,60.057489150,RC2_0046_ICR-3_p08
453.131953942,513.189450176,60.057496234,Other,random,C3H8O1,60.057489150,RC2_0046_ICR-3_p08
397.105762607,457.163258841,60.057496234,Other,random,C3H8O1,60.057489150,RC2_0046_ICR-3_p08
571.195130113,631.252626347,60.057496234,Other,random,C3H8O1,60.057489150,RC2_0046_ICR-3_p08
521.215676128,581.273173362,60.057497234,Other,random,C3H8O1,60.057489150,RC2_0046_ICR-3_p08
385.178471203,445.235969437,60.057498234,Other,random,C3H8O1,60.057489150,RC2_0046_ICR-3_p08
329.102931078,389.160429312,60.057498234,Other,random,C3H8O1,60.057489150,RC2_0046_ICR-3_p08
603.244721158,663.302219391,60.057498234,Other,random,C3H8O1,60.057489150,RC2_0046_ICR-3_p08
581.078733187,641.136231420,60.057498234,Other,random,C3H8O1,60.057489150,RC2_0046_ICR-3_p08
422.080651663,482.138149897,60.057498234,Other,random,C3H8O1,60.057489150,RC2_0046_ICR-3_p08
455.119399511,515.176897745,60.057498234,Other,random,C3H8O1,60.057489150,RC2_0046_ICR-3_p08
615.148447662,675.229767794,60.081320133,Other,random,C3H10N1,60.081324000,RC2_0046_ICR-3_p08
521.069873747,581.151200879,60.081327133,Other,random,C3H10N1,60.081324000,RC2_0046_ICR-3_p08
369.128625287,430.127237529,60.998612241,Other,random,C1H3N1S1,60.998621000,RC2_0046_ICR-3_p08
427.103325356,488.119696523,61.016371166,Other,random,C1H3N1O2,61.016379000,RC2_0046_ICR-3_p08
252.051452933,313.067824100,61.016371166,Other,random,C1H3N1O2,61.016379000,RC2_0046_ICR-3_p08
365.137137219,426.153508386,61.016371166,Other,random,C1H3N1O2,61.016379000,RC2_0046_ICR-3_p08
449.072241163,510.088613330,61.016372166,Other,random,C1H3N1O2,61.016379000,RC2_0046_ICR-3_p08
329.030234386,390.046606553,61.016372166,Other,random,C1H3N1O2,61.016379000,RC2_0046_ICR-3_p08
285.040394993,346.056768159,61.016373166,Other,random,C1H3N1O2,61.016379000,RC2_0046_ICR-3_p08
323.040714794,384.057088960,61.016374166,Other,random,C1H3N1O2,61.016379000,RC2_0046_ICR-3_p08
262.072133425,323.088510591,61.016377166,Other,random,C1H3N1O2,61.016379000,RC2_0046_ICR-3_p08
405.046226924,466.062605090,61.016378166,Other,random,C1H3N1O2,61.016379000,RC2_0046_ICR-3_p08
323.071459664,384.087839830,61.016380166,Other,random,C1H3N1O2,61.016379000,RC2_0046_ICR-3_p08
331.009427991,392.025809157,61.016381166,Other,random,C1H3N1O2,61.016379000,RC2_0046_ICR-3_p08
307.045857645,368.062239811,61.016382166,Other,random,C1H3N1O2,61.016379000,RC2_0046_ICR-3_p08
345.134268072,406.150651239,61.016383166,Other,random,C1H3N1O2,61.016379000,RC2_0046_ICR-3_p08
243.123862805,304.140246971,61.016384166,Other,random,C1H3N1O2,61.016379000,RC2_0046_ICR-3_p08
339.121490579,400.137875745,61.016385166,Other,random,C1H3N1O2,61.016379000,RC2_0046_ICR-3_p08
337.142265975,398.158651141,61.016385166,Other,random,C1H3N1O2,61.016379000,RC2_0046_ICR-3_p08
501.067371598,562.083757764,61.016386166,Other,random,C1H3N1O2,61.016379000,RC2_0046_ICR-3_p08
287.069136387,348.085523553,61.016387166,Other,random,C1H3N1O2,61.016379000,RC2_0046_ICR-3_p08
443.025449814,504.078205826,61.052756012,Other,random,C2H7O1N1,61.052764000,RC2_0046_ICR-3_p08
389.137012411,450.189769423,61.052757012,Other,random,C2H7O1N1,61.052764000,RC2_0046_ICR-3_p08
435.106028409,496.158786420,61.052758012,Other,random,C2H7O1N1,61.052764000,RC2_0046_ICR-3_p08
303.087286437,364.140045449,61.052759012,Other,random,C2H7O1N1,61.052764000,RC2_0046_ICR-3_p08
473.036174507,534.088938519,61.052764012,Other,random,C2H7O1N1,61.052764000,RC2_0046_ICR-3_p08
429.082647960,490.135411972,61.052764012,Other,random,C2H7O1N1,61.052764000,RC2_0046_ICR-3_p08
375.108332921,436.161098933,61.052766012,Other,random,C2H7O1N1,61.052764000,RC2_0046_ICR-3_p08
469.077293301,530.130061313,61.052768012,Other,random,C2H7O1N1,61.052764000,RC2_0046_ICR-3_p08
571.239670924,632.292440936,61.052770012,Other,random,C2H7O1N1,61.052764000,RC2_0046_ICR-3_p08
333.061454286,394.114226298,61.052772012,Other,random,C2H7O1N1,61.052764000,RC2_0046_ICR-3_p08
459.093144654,521.057145801,61.964001146,Other,random,NA_3,61.964010830,RC2_0046_ICR-3_p08
527.241607566,589.205608712,61.964001146,Other,random,NA_3,61.964010830,RC2_0046_ICR-3_p08
545.239085220,607.203086366,61.964001146,Other,random,NA_3,61.964010830,RC2_0046_ICR-3_p08
317.102938982,379.066941129,61.964002146,Other,random,NA_3,61.964010830,RC2_0046_ICR-3_p08
377.160291217,439.124293363,61.964002146,Other,random,NA_3,61.964010830,RC2_0046_ICR-3_p08
455.191993203,517.155996349,61.964003146,Other,random,NA_3,61.964010830,RC2_0046_ICR-3_p08
379.095271009,441.059274155,61.964003146,Other,random,NA_3,61.964010830,RC2_0046_ICR-3_p08
433.186524551,495.150528698,61.964004146,Other,random,NA_3,61.964010830,RC2_0046_ICR-3_p08
290.066889670,352.030893817,61.964004146,Other,random,NA_3,61.964010830,RC2_0046_ICR-3_p08
366.168702844,428.132707990,61.964005146,Other,random,NA_3,61.964010830,RC2_0046_ICR-3_p08
505.135038343,567.099043489,61.964005146,Other,random,NA_3,61.964010830,RC2_0046_ICR-3_p08
391.225456552,453.189461698,61.964005146,Other,random,NA_3,61.964010830,RC2_0046_ICR-3_p08
347.186231368,409.150237514,61.964006146,Other,random,NA_3,61.964010830,RC2_0046_ICR-3_p08
307.204408972,369.168415119,61.964006146,Other,random,NA_3,61.964010830,RC2_0046_ICR-3_p08
399.108381112,461.072387258,61.964006146,Other,random,NA_3,61.964010830,RC2_0046_ICR-3_p08
443.201631067,505.165637213,61.964006146,Other,random,NA_3,61.964010830,RC2_0046_ICR-3_p08
483.259780139,545.223786285,61.964006146,Other,random,NA_3,61.964010830,RC2_0046_ICR-3_p08
457.236243531,519.200250678,61.964007146,Other,random,NA_3,61.964010830,RC2_0046_ICR-3_p08
339.144720480,401.108727627,61.964007146,Other,random,NA_3,61.964010830,RC2_0046_ICR-3_p08
375.266987248,437.230994394,61.964007146,Other,random,NA_3,61.964010830,RC2_0046_ICR-3_p08
306.098231665,368.062239811,61.964008146,Other,random,NA_3,61.964010830,RC2_0046_ICR-3_p08
529.184556324,591.148564470,61.964008146,Other,random,NA_3,61.964010830,RC2_0046_ICR-3_p08
655.203872745,717.167880891,61.964008146,Other,random,NA_3,61.964010830,RC2_0046_ICR-3_p08
311.105372424,373.069380571,61.964008146,Other,random,NA_3,61.964010830,RC2_0046_ICR-3_p08
405.168317406,467.132325552,61.964008146,Other,random,NA_3,61.964010830,RC2_0046_ICR-3_p08
503.192178585,565.156187731,61.964009146,Other,random,NA_3,61.964010830,RC2_0046_ICR-3_p08
433.150267705,495.114276851,61.964009146,Other,random,NA_3,61.964010830,RC2_0046_ICR-3_p08
467.184204332,529.148213478,61.964009146,Other,random,NA_3,61.964010830,RC2_0046_ICR-3_p08
435.215247945,497.179258092,61.964010146,Other,random,NA_3,61.964010830,RC2_0046_ICR-3_p08
329.102931078,391.066942224,61.964011146,Other,random,NA_3,61.964010830,RC2_0046_ICR-3_p08
389.123867467,451.087878613,61.964011146,Other,random,NA_3,61.964010830,RC2_0046_ICR-3_p08
485.145205141,547.109216287,61.964011146,Other,random,NA_3,61.964010830,RC2_0046_ICR-3_p08
489.277397612,551.241408758,61.964011146,Other,random,NA_3,61.964010830,RC2_0046_ICR-3_p08
469.126936091,531.090947237,61.964011146,Other,random,NA_3,61.964010830,RC2_0046_ICR-3_p08
397.178456299,459.142468445,61.964012146,Other,random,NA_3,61.964010830,RC2_0046_ICR-3_p08
436.124782087,498.088794233,61.964012146,Other,random,NA_3,61.964010830,RC2_0046_ICR-3_p08
455.098344600,517.062356747,61.964012146,Other,random,NA_3,61.964010830,RC2_0046_ICR-3_p08
547.145688132,609.109701278,61.964013146,Other,random,NA_3,61.964010830,RC2_0046_ICR-3_p08
273.076802743,335.040815889,61.964013146,Other,random,NA_3,61.964010830,RC2_0046_ICR-3_p08
333.220002613,395.184015759,61.964013146,Other,random,NA_3,61.964010830,RC2_0046_ICR-3_p08
339.100354669,401.064367815,61.964013146,Other,random,NA_3,61.964010830,RC2_0046_ICR-3_p08
367.139612725,429.103625871,61.964013146,Other,random,NA_3,61.964010830,RC2_0046_ICR-3_p08
367.176132570,429.140145716,61.964013146,Other,random,NA_3,61.964010830,RC2_0046_ICR-3_p08
413.209675294,475.173688440,61.964013146,Other,random,NA_3,61.964010830,RC2_0046_ICR-3_p08
553.192703480,615.156716627,61.964013146,Other,random,NA_3,61.964010830,RC2_0046_ICR-3_p08
555.187231019,617.151244166,61.964013146,Other,random,NA_3,61.964010830,RC2_0046_ICR-3_p08
577.220635553,639.184648699,61.964013146,Other,random,NA_3,61.964010830,RC2_0046_ICR-3_p08
471.215352231,533.179366378,61.964014146,Other,random,NA_3,61.964010830,RC2_0046_ICR-3_p08
491.119404798,553.083418944,61.964014146,Other,random,NA_3,61.964010830,RC2_0046_ICR-3_p08
525.225938116,587.189952263,61.964014146,Other,random,NA_3,61.964010830,RC2_0046_ICR-3_p08
433.272509187,495.236523333,61.964014146,Other,random,NA_3,61.964010830,RC2_0046_ICR-3_p08
481.098586306,543.062600453,61.964014146,Other,random,NA_3,61.964010830,RC2_0046_ICR-3_p08
545.202814374,607.166828520,61.964014146,Other,random,NA_3,61.964010830,RC2_0046_ICR-3_p08
335.235644063,397.199659209,61.964015146,Other,random,NA_3,61.964010830,RC2_0046_ICR-3_p08
307.082219491,369.046234637,61.964015146,Other,random,NA_3,61.964010830,RC2_0046_ICR-3_p08
437.145079759,499.109094905,61.964015146,Other,random,NA_3,61.964010830,RC2_0046_ICR-3_p08
492.151140421,554.115156567,61.964016146,Other,random,NA_3,61.964010830,RC2_0046_ICR-3_p08
387.157810807,449.121826953,61.964016146,Other,random,NA_3,61.964010830,RC2_0046_ICR-3_p08
357.101095309,419.065111455,61.964016146,Other,random,NA_3,61.964010830,RC2_0046_ICR-3_p08
365.152377155,427.116393301,61.964016146,Other,random,NA_3,61.964010830,RC2_0046_ICR-3_p08
331.154979373,393.118996519,61.964017146,Other,random,NA_3,61.964010830,RC2_0046_ICR-3_p08
339.136681514,401.100698661,61.964017146,Other,random,NA_3,61.964010830,RC2_0046_ICR-3_p08
413.217744260,475.181761406,61.964017146,Other,random,NA_3,61.964010830,RC2_0046_ICR-3_p08
242.176229824,304.140246971,61.964017146,Other,random,NA_3,61.964010830,RC2_0046_ICR-3_p08
489.067343503,551.031361649,61.964018146,Other,random,NA_3,61.964010830,RC2_0046_ICR-3_p08
297.152919611,359.116937757,61.964018146,Other,random,NA_3,61.964010830,RC2_0046_ICR-3_p08
311.149873236,373.113891382,61.964018146,Other,random,NA_3,61.964010830,RC2_0046_ICR-3_p08
335.077103735,397.041121882,61.964018146,Other,random,NA_3,61.964010830,RC2_0046_ICR-3_p08
425.100700852,487.064718998,61.964018146,Other,random,NA_3,61.964010830,RC2_0046_ICR-3_p08
427.103325356,489.067343503,61.964018146,Other,random,NA_3,61.964010830,RC2_0046_ICR-3_p08
543.259986615,605.224004762,61.964018146,Other,random,NA_3,61.964010830,RC2_0046_ICR-3_p08
455.165356316,517.129374462,61.964018146,Other,random,NA_3,61.964010830,RC2_0046_ICR-3_p08
571.231543959,633.195563105,61.964019146,Other,random,NA_3,61.964010830,RC2_0046_ICR-3_p08
379.139647820,441.103666966,61.964019146,Other,random,NA_3,61.964010830,RC2_0046_ICR-3_p08
355.168012509,417.132031655,61.964019146,Other,random,NA_3,61.964010830,RC2_0046_ICR-3_p08
419.293176487,481.257196634,61.964020146,Other,random,NA_3,61.964010830,RC2_0046_ICR-3_p08
387.108221017,449.072241163,61.964020146,Other,random,NA_3,61.964010830,RC2_0046_ICR-3_p08
443.111322450,505.075342596,61.964020146,Other,random,NA_3,61.964010830,RC2_0046_ICR-3_p08
457.090642149,519.054662295,61.964020146,Other,random,NA_3,61.964010830,RC2_0046_ICR-3_p08
611.213374354,673.177394501,61.964020146,Other,random,NA_3,61.964010830,RC2_0046_ICR-3_p08
627.221437448,689.209246493,61.987809045,Other,random,NO3,61.987819000,RC2_0046_ICR-3_p08
337.159927900,399.147740945,61.987813045,Other,random,NO3,61.987819000,RC2_0046_ICR-3_p08
569.288655201,631.276468246,61.987813045,Other,random,NO3,61.987819000,RC2_0046_ICR-3_p08
477.262167581,539.249981626,61.987814045,Other,random,NO3,61.987819000,RC2_0046_ICR-3_p08
537.210479278,599.198295323,61.987816045,Other,random,NO3,61.987819000,RC2_0046_ICR-3_p08
357.149763102,419.137585147,61.987822045,Other,random,NO3,61.987819000,RC2_0046_ICR-3_p08
547.267739614,609.255561659,61.987822045,Other,random,NO3,61.987819000,RC2_0046_ICR-3_p08
619.179653561,681.167480606,61.987827045,Other,random,NO3,61.987819000,RC2_0046_ICR-3_p08
293.139342637,355.131632663,61.992290026,Other,random,C1H3Cl1,61.992300000,RC2_0046_ICR-3_p08
375.144839766,437.137129793,61.992290026,Other,random,C1H3Cl1,61.992300000,RC2_0046_ICR-3_p08
385.150269323,447.142559349,61.992290026,Other,random,C1H3Cl1,61.992300000,RC2_0046_ICR-3_p08
515.192141680,577.184432706,61.992291026,Other,random,C1H3Cl1,61.992300000,RC2_0046_ICR-3_p08
444.065112404,506.057403430,61.992291026,Other,random,C1H3Cl1,61.992300000,RC2_0046_ICR-3_p08
561.234137368,623.226428395,61.992291026,Other,random,C1H3Cl1,61.992300000,RC2_0046_ICR-3_p08
391.197170672,453.189461698,61.992291026,Other,random,C1H3Cl1,61.992300000,RC2_0046_ICR-3_p08
425.072427972,487.064718998,61.992291026,Other,random,C1H3Cl1,61.992300000,RC2_0046_ICR-3_p08
333.097906131,395.090198157,61.992292026,Other,random,C1H3Cl1,61.992300000,RC2_0046_ICR-3_p08
337.201905722,399.194197748,61.992292026,Other,random,C1H3Cl1,61.992300000,RC2_0046_ICR-3_p08
339.108406634,401.100698661,61.992292026,Other,random,C1H3Cl1,61.992300000,RC2_0046_ICR-3_p08
301.108103833,363.100395859,61.992292026,Other,random,C1H3Cl1,61.992300000,RC2_0046_ICR-3_p08
311.077088544,373.069380571,61.992292026,Other,random,C1H3Cl1,61.992300000,RC2_0046_ICR-3_p08
391.103234070,453.095526097,61.992292026,Other,random,C1H3Cl1,61.992300000,RC2_0046_ICR-3_p08
315.217589980,377.209883006,61.992293026,Other,random,C1H3Cl1,61.992300000,RC2_0046_ICR-3_p08
355.139738629,417.132031655,61.992293026,Other,random,C1H3Cl1,61.992300000,RC2_0046_ICR-3_p08
349.201896817,411.194189844,61.992293026,Other,random,C1H3Cl1,61.992300000,RC2_0046_ICR-3_p08
329.124093988,391.116388014,61.992294026,Other,random,C1H3Cl1,61.992300000,RC2_0046_ICR-3_p08
303.160082129,365.152377155,61.992295026,Other,random,C1H3Cl1,61.992300000,RC2_0046_ICR-3_p08
335.113467581,397.105762607,61.992295026,Other,random,C1H3Cl1,61.992300000,RC2_0046_ICR-3_p08
429.067344025,491.059639051,61.992295026,Other,random,C1H3Cl1,61.992300000,RC2_0046_ICR-3_p08
791.241194669,853.233489696,61.992295026,Other,random,C1H3Cl1,61.992300000,RC2_0046_ICR-3_p08
369.191615020,431.183910046,61.992295026,Other,random,C1H3Cl1,61.992300000,RC2_0046_ICR-3_p08
429.140145716,491.132440742,61.992295026,Other,random,C1H3Cl1,61.992300000,RC2_0046_ICR-3_p08
309.061506094,371.053802121,61.992296026,Other,random,C1H3Cl1,61.992300000,RC2_0046_ICR-3_p08
519.187110733,581.179406760,61.992296026,Other,random,C1H3Cl1,61.992300000,RC2_0046_ICR-3_p08
321.061516190,383.053812216,61.992296026,Other,random,C1H3Cl1,61.992300000,RC2_0046_ICR-3_p08
397.150171419,459.142468445,61.992297026,Other,random,C1H3Cl1,61.992300000,RC2_0046_ICR-3_p08
389.145163376,451.137461403,61.992298026,Other,random,C1H3Cl1,61.992300000,RC2_0046_ICR-3_p08
549.197720427,611.190019453,61.992299026,Other,random,C1H3Cl1,61.992300000,RC2_0046_ICR-3_p08
411.165941963,473.158241990,61.992300026,Other,random,C1H3Cl1,61.992300000,RC2_0046_ICR-3_p08
473.202809801,535.195109827,61.992300026,Other,random,C1H3Cl1,61.992300000,RC2_0046_ICR-3_p08
515.140568899,577.132868925,61.992300026,Other,random,C1H3Cl1,61.992300000,RC2_0046_ICR-3_p08
335.134607491,397.126908518,61.992301026,Other,random,C1H3Cl1,61.992300000,RC2_0046_ICR-3_p08
517.155996349,579.148297376,61.992301026,Other,random,C1H3Cl1,61.992300000,RC2_0046_ICR-3_p08
327.108359539,389.100660565,61.992301026,Other,random,C1H3Cl1,61.992300000,RC2_0046_ICR-3_p08
395.061821278,457.054123304,61.992302026,Other,random,C1H3Cl1,61.992300000,RC2_0046_ICR-3_p08
521.129966492,583.122268518,61.992302026,Other,random,C1H3Cl1,61.992300000,RC2_0046_ICR-3_p08
519.223547579,581.215850605,61.992303026,Other,random,C1H3Cl1,61.992300000,RC2_0046_ICR-3_p08
341.160435930,403.152739956,61.992304026,Other,random,C1H3Cl1,61.992300000,RC2_0046_ICR-3_p08
335.077103735,397.069409762,61.992306026,Other,random,C1H3Cl1,61.992300000,RC2_0046_ICR-3_p08
381.082418579,443.074725605,61.992307026,Other,random,C1H3Cl1,61.992300000,RC2_0046_ICR-3_p08
417.249190158,479.241497184,61.992307026,Other,random,C1H3Cl1,61.992300000,RC2_0046_ICR-3_p08
633.292210695,695.292577687,62.000366992,Other,random,C1H2O3,62.000376040,RC2_0046_ICR-3_p08
242.067057288,304.067424280,62.000366992,Other,random,C1H2O3,62.000376040,RC2_0046_ICR-3_p08
333.061454286,395.061821278,62.000366992,Other,random,C1H2O3,62.000376040,RC2_0046_ICR-3_p08
387.139235886,449.139602878,62.000366992,Other,random,C1H2O3,62.000376040,RC2_0046_ICR-3_p08
269.030361908,331.030729900,62.000367992,Other,random,C1H2O3,62.000376040,RC2_0046_ICR-3_p08
346.093059005,408.093426997,62.000367992,Other,random,C1H2O3,62.000376040,RC2_0046_ICR-3_p08
579.172005275,641.172373267,62.000367992,Other,random,C1H2O3,62.000376040,RC2_0046_ICR-3_p08
327.087299628,389.087667620,62.000367992,Other,random,C1H2O3,62.000376040,RC2_0046_ICR-3_p08
349.092643281,411.093011273,62.000367992,Other,random,C1H2O3,62.000376040,RC2_0046_ICR-3_p08
431.147726200,493.148094192,62.000367992,Other,random,C1H2O3,62.000376040,RC2_0046_ICR-3_p08
449.267391336,511.267760328,62.000368992,Other,random,C1H2O3,62.000376040,RC2_0046_ICR-3_p08
285.126140629,347.126509621,62.000368992,Other,random,C1H2O3,62.000376040,RC2_0046_ICR-3_p08
461.181466796,523.181835788,62.000368992,Other,random,C1H2O3,62.000376040,RC2_0046_ICR-3_p08
493.098727401,555.099096393,62.000368992,Other,random,C1H2O3,62.000376040,RC2_0046_ICR-3_p08
555.114373329,617.114742321,62.000368992,Other,random,C1H2O3,62.000376040,RC2_0046_ICR-3_p08
427.197233958,489.197603950,62.000369992,Other,random,C1H2O3,62.000376040,RC2_0046_ICR-3_p08
361.214930858,423.215300850,62.000369992,Other,random,C1H2O3,62.000376040,RC2_0046_ICR-3_p08
427.139650202,489.140020194,62.000369992,Other,random,C1H2O3,62.000376040,RC2_0046_ICR-3_p08
665.245262149,727.245632141,62.000369992,Other,random,C1H2O3,62.000376040,RC2_0046_ICR-3_p08
367.131651759,429.132022751,62.000370992,Other,random,C1H2O3,62.000376040,RC2_0046_ICR-3_p08
319.204436068,381.204807060,62.000370992,Other,random,C1H2O3,62.000376040,RC2_0046_ICR-3_p08
343.082106778,405.082477770,62.000370992,Other,random,C1H2O3,62.000376040,RC2_0046_ICR-3_p08
377.160291217,439.160662209,62.000370992,Other,random,C1H2O3,62.000376040,RC2_0046_ICR-3_p08
617.114742321,679.115114313,62.000371992,Other,random,C1H2O3,62.000376040,RC2_0046_ICR-3_p08
373.056398626,435.056770618,62.000371992,Other,random,C1H2O3,62.000376040,RC2_0046_ICR-3_p08
385.186535169,447.186907161,62.000371992,Other,random,C1H2O3,62.000376040,RC2_0046_ICR-3_p08
278.103313420,340.103685412,62.000371992,Other,random,C1H2O3,62.000376040,RC2_0046_ICR-3_p08
455.111370545,517.111742537,62.000371992,Other,random,C1H2O3,62.000376040,RC2_0046_ICR-3_p08
457.186738741,519.187110733,62.000371992,Other,random,C1H2O3,62.000376040,RC2_0046_ICR-3_p08
715.224535135,777.224907127,62.000371992,Other,random,C1H2O3,62.000376040,RC2_0046_ICR-3_p08
317.066569137,379.066941129,62.000371992,Other,random,C1H2O3,62.000376040,RC2_0046_ICR-3_p08
495.106405885,557.106777877,62.000371992,Other,random,C1H2O3,62.000376040,RC2_0046_ICR-3_p08
565.221065456,627.221437448,62.000371992,Other,random,C1H2O3,62.000376040,RC2_0046_ICR-3_p08
553.119853789,615.120226781,62.000372992,Other,random,C1H2O3,62.000376040,RC2_0046_ICR-3_p08
413.087686811,475.088059803,62.000372992,Other,random,C1H2O3,62.000376040,RC2_0046_ICR-3_p08
323.162931276,385.163305268,62.000373992,Other,random,C1H2O3,62.000376040,RC2_0046_ICR-3_p08
589.229056613,651.229430605,62.000373992,Other,random,C1H2O3,62.000376040,RC2_0046_ICR-3_p08
385.142185357,447.142559349,62.000373992,Other,random,C1H2O3,62.000376040,RC2_0046_ICR-3_p08
439.189053088,501.189427080,62.000373992,Other,random,C1H2O3,62.000376040,RC2_0046_ICR-3_p08
375.194119557,437.194494549,62.000374992,Other,random,C1H2O3,62.000376040,RC2_0046_ICR-3_p08
365.209922911,427.210297903,62.000374992,Other,random,C1H2O3,62.000376040,RC2_0046_ICR-3_p08
372.072309800,434.072684792,62.000374992,Other,random,C1H2O3,62.000376040,RC2_0046_ICR-3_p08
433.272509187,495.272885178,62.000375992,Other,random,C1H2O3,62.000376040,RC2_0046_ICR-3_p08
447.142559349,509.142935341,62.000375992,Other,random,C1H2O3,62.000376040,RC2_0046_ICR-3_p08
367.176132570,429.176508562,62.000375992,Other,random,C1H2O3,62.000376040,RC2_0046_ICR-3_p08
685.250625285,747.251001277,62.000375992,Other,random,C1H2O3,62.000376040,RC2_0046_ICR-3_p08
541.062388938,603.062765930,62.000376992,Other,random,C1H2O3,62.000376040,RC2_0046_ICR-3_p08
541.184620419,603.184997411,62.000376992,Other,random,C1H2O3,62.000376040,RC2_0046_ICR-3_p08
327.050797783,389.051174775,62.000376992,Other,random,C1H2O3,62.000376040,RC2_0046_ICR-3_p08
307.045857645,369.046234637,62.000376992,Other,random,C1H2O3,62.000376040,RC2_0046_ICR-3_p08
317.225161464,379.225538456,62.000376992,Other,random,C1H2O3,62.000376040,RC2_0046_ICR-3_p08
555.236593810,617.236970802,62.000376992,Other,random,C1H2O3,62.000376040,RC2_0046_ICR-3_p08
251.019771310,313.020148302,62.000376992,Other,random,C1H2O3,62.000376040,RC2_0046_ICR-3_p08
439.152643243,501.153021235,62.000377992,Other,random,C1H2O3,62.000376040,RC2_0046_ICR-3_p08
537.067543884,599.067921876,62.000377992,Other,random,C1H2O3,62.000376040,RC2_0046_ICR-3_p08
419.170937006,481.171314998,62.000377992,Other,random,C1H2O3,62.000376040,RC2_0046_ICR-3_p08
415.103213261,477.103592253,62.000378992,Other,random,C1H2O3,62.000376040,RC2_0046_ICR-3_p08
407.220360701,469.220739693,62.000378992,Other,random,C1H2O3,62.000376040,RC2_0046_ICR-3_p08
511.210291571,573.210670563,62.000378992,Other,random,C1H2O3,62.000376040,RC2_0046_ICR-3_p08
329.043287331,391.043667323,62.000379992,Other,random,C1H2O3,62.000376040,RC2_0046_ICR-3_p08
381.110942458,443.111322450,62.000379992,Other,random,C1H2O3,62.000376040,RC2_0046_ICR-3_p08
313.071666083,375.072046075,62.000379992,Other,random,C1H2O3,62.000376040,RC2_0046_ICR-3_p08
389.160429312,451.160809304,62.000379992,Other,random,C1H2O3,62.000376040,RC2_0046_ICR-3_p08
559.267526711,621.267906703,62.000379992,Other,random,C1H2O3,62.000376040,RC2_0046_ICR-3_p08
643.203651650,705.204031642,62.000379992,Other,random,C1H2O3,62.000376040,RC2_0046_ICR-3_p08
459.251686982,521.252067974,62.000380992,Other,random,C1H2O3,62.000376040,RC2_0046_ICR-3_p08
577.229035517,639.229416509,62.000380992,Other,random,C1H2O3,62.000376040,RC2_0046_ICR-3_p08
627.099809963,689.100190955,62.000380992,Other,random,C1H2O3,62.000376040,RC2_0046_ICR-3_p08
481.127056186,543.127438178,62.000381992,Other,random,C1H2O3,62.000376040,RC2_0046_ICR-3_p08
309.134218786,371.134600778,62.000381992,Other,random,C1H2O3,62.000376040,RC2_0046_ICR-3_p08
335.113467581,397.113849573,62.000381992,Other,random,C1H2O3,62.000376040,RC2_0046_ICR-3_p08
363.157831616,425.158213608,62.000381992,Other,random,C1H2O3,62.000376040,RC2_0046_ICR-3_p08
499.173960630,561.174342622,62.000381992,Other,random,C1H2O3,62.000376040,RC2_0046_ICR-3_p08
369.046234637,431.046616629,62.000381992,Other,random,C1H2O3,62.000376040,RC2_0046_ICR-3_p08
423.056822522,485.057204514,62.000381992,Other,random,C1H2O3,62.000376040,RC2_0046_ICR-3_p08
499.197219531,561.197601523,62.000381992,Other,random,C1H2O3,62.000376040,RC2_0046_ICR-3_p08
613.120295265,675.120677257,62.000381992,Other,random,C1H2O3,62.000376040,RC2_0046_ICR-3_p08
397.113849573,459.114232565,62.000382992,Other,random,C1H2O3,62.000376040,RC2_0046_ICR-3_p08
411.056790426,473.057173418,62.000382992,Other,random,C1H2O3,62.000376040,RC2_0046_ICR-3_p08
461.194548740,523.194932732,62.000383992,Other,random,C1H2O3,62.000376040,RC2_0046_ICR-3_p08
339.136681514,401.137065506,62.000383992,Other,random,C1H2O3,62.000376040,RC2_0046_ICR-3_p08
564.180037872,626.180421864,62.000383992,Other,random,C1H2O3,62.000376040,RC2_0046_ICR-3_p08
411.085032307,473.085417299,62.000384992,Other,random,C1H2O3,62.000376040,RC2_0046_ICR-3_p08
515.155850834,577.156235826,62.000384992,Other,random,C1H2O3,62.000376040,RC2_0046_ICR-3_p08
567.236714905,629.237099897,62.000384992,Other,random,C1H2O3,62.000376040,RC2_0046_ICR-3_p08
305.175747578,367.176132570,62.000384992,Other,random,C1H2O3,62.000376040,RC2_0046_ICR-3_p08
304.082595215,366.082980207,62.000384992,Other,random,C1H2O3,62.000376040,RC2_0046_ICR-3_p08
315.063982632,377.064367624,62.000384992,Other,random,C1H2O3,62.000376040,RC2_0046_ICR-3_p08
427.088076421,489.088461413,62.000384992,Other,random,C1H2O3,62.000376040,RC2_0046_ICR-3_p08
359.144237642,421.144623633,62.000385992,Other,random,C1H2O3,62.000376040,RC2_0046_ICR-3_p08
455.147662391,517.148048383,62.000385992,Other,random,C1H2O3,62.000376040,RC2_0046_ICR-3_p08
403.116282110,465.116668102,62.000385992,Other,random,C1H2O3,62.000376040,RC2_0046_ICR-3_p08
313.165520685,375.165906677,62.000385992,Other,random,C1H2O3,62.000376040,RC2_0046_ICR-3_p08
331.058887781,393.059273773,62.000385992,Other,random,C1H2O3,62.000376040,RC2_0046_ICR-3_p08
365.196847966,427.197233958,62.000385992,Other,random,C1H2O3,62.000376040,RC2_0046_ICR-3_p08
389.191055182,451.210068095,62.019012913,Other,random,C2H6S1,62.019022000,RC2_0046_ICR-3_p08
403.170459881,465.189472794,62.019012913,Other,random,C2H6S1,62.019022000,RC2_0046_ICR-3_p08
419.165446029,481.184460942,62.019014913,Other,random,C2H6S1,62.019022000,RC2_0046_ICR-3_p08
361.050771554,423.069787467,62.019015913,Other,random,C2H6S1,62.019022000,RC2_0046_ICR-3_p08
357.128608192,419.147624105,62.019015913,Other,random,C2H6S1,62.019022000,RC2_0046_ICR-3_p08
405.076983793,467.096000706,62.019016913,Other,random,C2H6S1,62.019022000,RC2_0046_ICR-3_p08
241.035461664,303.054482577,62.019020913,Other,random,C2H6S1,62.019022000,RC2_0046_ICR-3_p08
415.134151130,477.153172043,62.019020913,Other,random,C2H6S1,62.019022000,RC2_0046_ICR-3_p08
445.181050670,507.200071583,62.019020913,Other,random,C2H6S1,62.019022000,RC2_0046_ICR-3_p08
455.129027470,517.148048383,62.019020913,Other,random,C2H6S1,62.019022000,RC2_0046_ICR-3_p08
427.134113226,489.153135139,62.019021913,Other,random,C2H6S1,62.019022000,RC2_0046_ICR-3_p08
345.055820405,407.074844318,62.019023913,Other,random,C2H6S1,62.019022000,RC2_0046_ICR-3_p08
333.128651001,395.147674914,62.019023913,Other,random,C2H6S1,62.019022000,RC2_0046_ICR-3_p08
405.113300639,467.132325552,62.019024913,Other,random,C2H6S1,62.019022000,RC2_0046_ICR-3_p08
475.191451365,537.210479278,62.019027913,Other,random,C2H6S1,62.019022000,RC2_0046_ICR-3_p08
471.196733310,533.215762223,62.019028913,Other,random,C2H6S1,62.019022000,RC2_0046_ICR-3_p08
433.180899575,495.199928488,62.019028913,Other,random,C2H6S1,62.019022000,RC2_0046_ICR-3_p08
357.046081542,419.065111455,62.019029913,Other,random,C2H6S1,62.019022000,RC2_0046_ICR-3_p08
435.196641024,497.215672937,62.019031913,Other,random,C2H6S1,62.019022000,RC2_0046_ICR-3_p08
413.118394681,475.137426594,62.019031913,Other,random,C2H6S1,62.019022000,RC2_0046_ICR-3_p08
285.040394993,347.077150831,62.036755838,Other,random,C2H6O2,62.036765480,RC2_0046_ICR-3_p08
369.110970362,431.147726200,62.036755838,Other,random,C2H6O2,62.036765480,RC2_0046_ICR-3_p08
401.191287276,463.228043114,62.036755838,Other,random,C2H6O2,62.036765480,RC2_0046_ICR-3_p08
557.057213087,619.093968925,62.036755838,Other,random,C2H6O2,62.036765480,RC2_0046_ICR-3_p08
297.089831879,359.126588716,62.036756838,Other,random,C2H6O2,62.036765480,RC2_0046_ICR-3_p08
359.090102871,421.126859709,62.036756838,Other,random,C2H6O2,62.036765480,RC2_0046_ICR-3_p08
397.069409762,459.106166599,62.036756838,Other,random,C2H6O2,62.036765480,RC2_0046_ICR-3_p08
412.096404016,474.133160854,62.036756838,Other,random,C2H6O2,62.036765480,RC2_0046_ICR-3_p08
483.041375065,545.078131903,62.036756838,Other,random,C2H6O2,62.036765480,RC2_0046_ICR-3_p08
395.098140124,457.134896961,62.036756838,Other,random,C2H6O2,62.036765480,RC2_0046_ICR-3_p08
429.082647960,491.119404798,62.036756838,Other,random,C2H6O2,62.036765480,RC2_0046_ICR-3_p08
569.057591181,631.094349018,62.036757838,Other,random,C2H6O2,62.036765480,RC2_0046_ICR-3_p08
315.014563841,377.051321679,62.036757838,Other,random,C2H6O2,62.036765480,RC2_0046_ICR-3_p08
325.092731089,387.129488927,62.036757838,Other,random,C2H6O2,62.036765480,RC2_0046_ICR-3_p08
276.051284125,338.088041963,62.036757838,Other,random,C2H6O2,62.036765480,RC2_0046_ICR-3_p08
343.082106778,405.118864615,62.036757838,Other,random,C2H6O2,62.036765480,RC2_0046_ICR-3_p08
363.157831616,425.194589453,62.036757838,Other,random,C2H6O2,62.036765480,RC2_0046_ICR-3_p08
377.209883006,439.246640844,62.036757838,Other,random,C2H6O2,62.036765480,RC2_0046_ICR-3_p08
445.163313745,507.200071583,62.036757838,Other,random,C2H6O2,62.036765480,RC2_0046_ICR-3_p08
489.249171731,551.285930569,62.036758838,Other,random,C2H6O2,62.036765480,RC2_0046_ICR-3_p08
393.168270310,455.205029148,62.036758838,Other,random,C2H6O2,62.036765480,RC2_0046_ICR-3_p08
495.215423422,557.252182260,62.036758838,Other,random,C2H6O2,62.036765480,RC2_0046_ICR-3_p08
359.040742081,421.077501918,62.036759838,Other,random,C2H6O2,62.036765480,RC2_0046_ICR-3_p08
413.136928602,475.173688440,62.036759838,Other,random,C2H6O2,62.036765480,RC2_0046_ICR-3_p08
589.192670767,651.229430605,62.036759838,Other,random,C2H6O2,62.036765480,RC2_0046_ICR-3_p08
346.093059005,408.129820843,62.036761838,Other,random,C2H6O2,62.036765480,RC2_0046_ICR-3_p08
525.262534961,587.299296799,62.036761838,Other,random,C2H6O2,62.036765480,RC2_0046_ICR-3_p08
461.231076585,523.267838423,62.036761838,Other,random,C2H6O2,62.036765480,RC2_0046_ICR-3_p08
411.194189844,473.230952681,62.036762838,Other,random,C2H6O2,62.036765480,RC2_0046_ICR-3_p08
445.150173801,507.186936639,62.036762838,Other,random,C2H6O2,62.036765480,RC2_0046_ICR-3_p08
447.142559349,509.179322187,62.036762838,Other,random,C2H6O2,62.036765480,RC2_0046_ICR-3_p08
531.272938465,593.309701302,62.036762838,Other,random,C2H6O2,62.036765480,RC2_0046_ICR-3_p08
407.098242219,469.135005056,62.036762838,Other,random,C2H6O2,62.036765480,RC2_0046_ICR-3_p08
419.134552160,481.171314998,62.036762838,Other,random,C2H6O2,62.036765480,RC2_0046_ICR-3_p08
457.077532205,519.114295042,62.036762838,Other,random,C2H6O2,62.036765480,RC2_0046_ICR-3_p08
531.187184829,593.223947666,62.036762838,Other,random,C2H6O2,62.036765480,RC2_0046_ICR-3_p08
345.110818172,407.147582010,62.036763838,Other,random,C2H6O2,62.036765480,RC2_0046_ICR-3_p08
309.170696631,371.207460469,62.036763838,Other,random,C2H6O2,62.036765480,RC2_0046_ICR-3_p08
451.189052184,513.225817021,62.036764838,Other,random,C2H6O2,62.036765480,RC2_0046_ICR-3_p08
407.025354528,469.062119366,62.036764838,Other,random,C2H6O2,62.036765480,RC2_0046_ICR-3_p08
423.165914059,485.202678897,62.036764838,Other,random,C2H6O2,62.036765480,RC2_0046_ICR-3_p08
303.160082129,365.196847966,62.036765838,Other,random,C2H6O2,62.036765480,RC2_0046_ICR-3_p08
347.004343139,409.041108977,62.036765838,Other,random,C2H6O2,62.036765480,RC2_0046_ICR-3_p08
421.040965073,483.077730911,62.036765838,Other,random,C2H6O2,62.036765480,RC2_0046_ICR-3_p08
483.160387560,545.197153398,62.036765838,Other,random,C2H6O2,62.036765480,RC2_0046_ICR-3_p08
361.056363530,423.093130368,62.036766838,Other,random,C2H6O2,62.036765480,RC2_0046_ICR-3_p08
455.155676357,517.192443195,62.036766838,Other,random,C2H6O2,62.036765480,RC2_0046_ICR-3_p08
469.236171627,531.272938465,62.036766838,Other,random,C2H6O2,62.036765480,RC2_0046_ICR-3_p08
385.019858876,447.056625714,62.036766838,Other,random,C2H6O2,62.036765480,RC2_0046_ICR-3_p08
411.157946997,473.194713835,62.036766838,Other,random,C2H6O2,62.036765480,RC2_0046_ICR-3_p08
302.030626920,364.067393757,62.036766838,Other,random,C2H6O2,62.036765480,RC2_0046_ICR-3_p08
375.048609175,437.085376012,62.036766838,Other,random,C2H6O2,62.036765480,RC2_0046_ICR-3_p08
497.122003334,559.158771172,62.036767838,Other,random,C2H6O2,62.036765480,RC2_0046_ICR-3_p08
431.111326354,493.148094192,62.036767838,Other,random,C2H6O2,62.036765480,RC2_0046_ICR-3_p08
363.121444770,425.158213608,62.036768838,Other,random,C2H6O2,62.036765480,RC2_0046_ICR-3_p08
567.163916214,629.200685051,62.036768838,Other,random,C2H6O2,62.036765480,RC2_0046_ICR-3_p08
349.087113304,411.123882142,62.036768838,Other,random,C2H6O2,62.036765480,RC2_0046_ICR-3_p08
359.053811025,421.090579863,62.036768838,Other,random,C2H6O2,62.036765480,RC2_0046_ICR-3_p08
403.116282110,465.153050948,62.036768838,Other,random,C2H6O2,62.036765480,RC2_0046_ICR-3_p08
457.090642149,519.127410987,62.036768838,Other,random,C2H6O2,62.036765480,RC2_0046_ICR-3_p08
321.097822036,383.134591874,62.036769838,Other,random,C2H6O2,62.036765480,RC2_0046_ICR-3_p08
483.114250756,545.151020593,62.036769838,Other,random,C2H6O2,62.036765480,RC2_0046_ICR-3_p08
517.062356747,579.099126584,62.036769838,Other,random,C2H6O2,62.036765480,RC2_0046_ICR-3_p08
563.205457006,625.242226843,62.036769838,Other,random,C2H6O2,62.036765480,RC2_0046_ICR-3_p08
471.160314465,533.197084303,62.036769838,Other,random,C2H6O2,62.036765480,RC2_0046_ICR-3_p08
535.145700036,597.182470874,62.036770838,Other,random,C2H6O2,62.036765480,RC2_0046_ICR-3_p08
611.177650506,673.214421343,62.036770838,Other,random,C2H6O2,62.036765480,RC2_0046_ICR-3_p08
247.133925794,309.170696631,62.036770838,Other,random,C2H6O2,62.036765480,RC2_0046_ICR-3_p08
293.043288044,355.080058882,62.036770838,Other,random,C2H6O2,62.036765480,RC2_0046_ICR-3_p08
384.036035050,446.072805887,62.036770838,Other,random,C2H6O2,62.036765480,RC2_0046_ICR-3_p08
365.087635429,427.124406267,62.036770838,Other,random,C2H6O2,62.036765480,RC2_0046_ICR-3_p08
503.119415893,565.156187731,62.036771838,Other,random,C2H6O2,62.036765480,RC2_0046_ICR-3_p08
417.155302556,479.192074394,62.036771838,Other,random,C2H6O2,62.036765480,RC2_0046_ICR-3_p08
415.097611285,477.134384123,62.036772838,Other,random,C2H6O2,62.036765480,RC2_0046_ICR-3_p08
385.040921787,447.077694624,62.036772838,Other,random,C2H6O2,62.036765480,RC2_0046_ICR-3_p08
341.087629238,403.124402076,62.036772838,Other,random,C2H6O2,62.036765480,RC2_0046_ICR-3_p08
355.103296783,417.140069621,62.036772838,Other,random,C2H6O2,62.036765480,RC2_0046_ICR-3_p08
413.144988568,475.181761406,62.036772838,Other,random,C2H6O2,62.036765480,RC2_0046_ICR-3_p08
437.035894222,499.072667060,62.036772838,Other,random,C2H6O2,62.036765480,RC2_0046_ICR-3_p08
449.145106854,511.181879692,62.036772838,Other,random,C2H6O2,62.036765480,RC2_0046_ICR-3_p08
643.203651650,705.240424488,62.036772838,Other,random,C2H6O2,62.036765480,RC2_0046_ICR-3_p08
367.030570187,429.067344025,62.036773838,Other,random,C2H6O2,62.036765480,RC2_0046_ICR-3_p08
473.194713835,535.231487673,62.036773838,Other,random,C2H6O2,62.036765480,RC2_0046_ICR-3_p08
289.157489528,351.194263366,62.036773838,Other,random,C2H6O2,62.036765480,RC2_0046_ICR-3_p08
529.148213478,591.184987316,62.036773838,Other,random,C2H6O2,62.036765480,RC2_0046_ICR-3_p08
613.083903420,675.120677257,62.036773838,Other,random,C2H6O2,62.036765480,RC2_0046_ICR-3_p08
252.087772779,314.124547617,62.036774838,Other,random,C2H6O2,62.036765480,RC2_0046_ICR-3_p08
555.127522273,617.164297110,62.036774838,Other,random,C2H6O2,62.036765480,RC2_0046_ICR-3_p08
555.272820656,617.309595494,62.036774838,Other,random,C2H6O2,62.036765480,RC2_0046_ICR-3_p08
365.196847966,427.233622804,62.036774838,Other,random,C2H6O2,62.036765480,RC2_0046_ICR-3_p08
431.165408125,495.127300796,63.961892671,Other,random,O2S1,63.961902000,RC2_0046_ICR-3_p08
351.108281730,415.070176402,63.961894671,Other,random,O2S1,63.961902000,RC2_0046_ICR-3_p08
309.097848940,373.059747611,63.961898671,Other,random,O2S1,63.961902000,RC2_0046_ICR-3_p08
389.118303490,453.080211161,63.961907671,Other,random,O2S1,63.961902000,RC2_0046_ICR-3_p08
383.144183833,447.106093504,63.961909671,Other,random,O2S1,63.961902000,RC2_0046_ICR-3_p08
367.103365879,431.074774509,63.971408631,Other,random,H1O2P1,63.971418000,RC2_0046_ICR-3_p08
389.145163376,453.116572007,63.971408631,Other,random,H1O2P1,63.971418000,RC2_0046_ICR-3_p08
313.201958531,377.173368161,63.971409631,Other,random,H1O2P1,63.971418000,RC2_0046_ICR-3_p08
267.087477150,331.058887781,63.971410631,Other,random,H1O2P1,63.971418000,RC2_0046_ICR-3_p08
299.077216448,363.048628079,63.971411631,Other,random,H1O2P1,63.971418000,RC2_0046_ICR-3_p08
331.212604129,395.184015759,63.971411631,Other,random,H1O2P1,63.971418000,RC2_0046_ICR-3_p08
333.061454286,397.032865917,63.971411631,Other,random,H1O2P1,63.971418000,RC2_0046_ICR-3_p08
371.280189160,435.251600791,63.971411631,Other,random,H1O2P1,63.971418000,RC2_0046_ICR-3_p08
229.071875414,293.043288044,63.971412631,Other,random,H1O2P1,63.971418000,RC2_0046_ICR-3_p08
269.103117600,333.074532230,63.971414631,Other,random,H1O2P1,63.971418000,RC2_0046_ICR-3_p08
325.165597780,389.137012411,63.971414631,Other,random,H1O2P1,63.971418000,RC2_0046_ICR-3_p08
375.202306523,439.173721153,63.971414631,Other,random,H1O2P1,63.971418000,RC2_0046_ICR-3_p08
291.160217032,355.131632663,63.971415631,Other,random,H1O2P1,63.971418000,RC2_0046_ICR-3_p08
369.228090865,433.199507496,63.971416631,Other,random,H1O2P1,63.971418000,RC2_0046_ICR-3_p08
415.233712708,479.205129339,63.971416631,Other,random,H1O2P1,63.971418000,RC2_0046_ICR-3_p08
385.077519632,449.048937262,63.971417631,Other,random,H1O2P1,63.971418000,RC2_0046_ICR-3_p08
503.155878739,567.127297369,63.971418631,Other,random,H1O2P1,63.971418000,RC2_0046_ICR-3_p08
274.129673277,338.101091907,63.971418631,Other,random,H1O2P1,63.971418000,RC2_0046_ICR-3_p08
267.123774996,331.095193627,63.971418631,Other,random,H1O2P1,63.971418000,RC2_0046_ICR-3_p08
317.196852584,381.168273215,63.971420631,Other,random,H1O2P1,63.971418000,RC2_0046_ICR-3_p08
429.249337253,493.220757884,63.971420631,Other,random,H1O2P1,63.971418000,RC2_0046_ICR-3_p08
421.113886764,485.085307395,63.971420631,Other,random,H1O2P1,63.971418000,RC2_0046_ICR-3_p08
319.139735342,383.111158973,63.971423631,Other,random,H1O2P1,63.971418000,RC2_0046_ICR-3_p08
361.165578067,425.137002698,63.971424631,Other,random,H1O2P1,63.971418000,RC2_0046_ICR-3_p08
537.234052178,601.205476808,63.971424631,Other,random,H1O2P1,63.971418000,RC2_0046_ICR-3_p08
354.155689803,418.127117434,63.971427631,Other,random,H1O2P1,63.971418000,RC2_0046_ICR-3_p08
371.134600778,435.106028409,63.971427631,Other,random,H1O2P1,63.971418000,RC2_0046_ICR-3_p08
301.144433679,365.115861310,63.971427631,Other,random,H1O2P1,63.971418000,RC2_0046_ICR-3_p08
347.235652158,411.215302754,63.979650596,Other,random,O4,63.979660000,RC2_0046_ICR-3_p08
315.100302478,379.079953073,63.979650596,Other,random,O4,63.979660000,RC2_0046_ICR-3_p08
387.157810807,451.137461403,63.979650596,Other,random,O4,63.979660000,RC2_0046_ICR-3_p08
467.184204332,531.163854928,63.979650596,Other,random,O4,63.979660000,RC2_0046_ICR-3_p08
553.184645515,617.164297110,63.979651596,Other,random,O4,63.979660000,RC2_0046_ICR-3_p08
475.124479649,539.104131245,63.979651596,Other,random,O4,63.979660000,RC2_0046_ICR-3_p08
267.051077304,331.030729900,63.979652596,Other,random,O4,63.979660000,RC2_0046_ICR-3_p08
359.040742081,423.020394676,63.979652596,Other,random,O4,63.979660000,RC2_0046_ICR-3_p08
371.162860658,435.142513254,63.979652596,Other,random,O4,63.979660000,RC2_0046_ICR-3_p08
343.118588623,407.098242219,63.979653596,Other,random,O4,63.979660000,RC2_0046_ICR-3_p08
375.266987248,439.246640844,63.979653596,Other,random,O4,63.979660000,RC2_0046_ICR-3_p08
413.160350503,477.140004099,63.979653596,Other,random,O4,63.979660000,RC2_0046_ICR-3_p08
447.215148041,511.194801637,63.979653596,Other,random,O4,63.979660000,RC2_0046_ICR-3_p08
455.134640447,519.114295042,63.979654596,Other,random,O4,63.979660000,RC2_0046_ICR-3_p08
545.130046682,609.109701278,63.979654596,Other,random,O4,63.979660000,RC2_0046_ICR-3_p08
317.066569137,381.046223732,63.979654596,Other,random,O4,63.979660000,RC2_0046_ICR-3_p08
441.204789537,505.184444133,63.979654596,Other,random,O4,63.979660000,RC2_0046_ICR-3_p08
417.082480865,481.062136461,63.979655596,Other,random,O4,63.979660000,RC2_0046_ICR-3_p08
313.071666083,377.051321679,63.979655596,Other,random,O4,63.979660000,RC2_0046_ICR-3_p08
349.201896817,413.181552413,63.979655596,Other,random,O4,63.979660000,RC2_0046_ICR-3_p08
337.121042065,401.100698661,63.979656596,Other,random,O4,63.979660000,RC2_0046_ICR-3_p08
525.103986634,589.083643230,63.979656596,Other,random,O4,63.979660000,RC2_0046_ICR-3_p08
333.220002613,397.199659209,63.979656596,Other,random,O4,63.979660000,RC2_0046_ICR-3_p08
387.108221017,451.087878613,63.979657596,Other,random,O4,63.979660000,RC2_0046_ICR-3_p08
569.215905509,633.195563105,63.979657596,Other,random,O4,63.979660000,RC2_0046_ICR-3_p08
545.093594837,609.073252433,63.979657596,Other,random,O4,63.979660000,RC2_0046_ICR-3_p08
361.214930858,425.194589453,63.979658596,Other,random,O4,63.979660000,RC2_0046_ICR-3_p08
367.168067604,431.147726200,63.979658596,Other,random,O4,63.979660000,RC2_0046_ICR-3_p08
523.254501479,587.234161075,63.979659596,Other,random,O4,63.979660000,RC2_0046_ICR-3_p08
371.090066967,435.069726563,63.979659596,Other,random,O4,63.979660000,RC2_0046_ICR-3_p08
269.131227480,333.110888076,63.979660596,Other,random,O4,63.979660000,RC2_0046_ICR-3_p08
363.100395859,427.080056455,63.979660596,Other,random,O4,63.979660000,RC2_0046_ICR-3_p08
365.196847966,429.176508562,63.979660596,Other,random,O4,63.979660000,RC2_0046_ICR-3_p08
317.139288828,381.118949424,63.979660596,Other,random,O4,63.979660000,RC2_0046_ICR-3_p08
369.074455517,433.054116113,63.979660596,Other,random,O4,63.979660000,RC2_0046_ICR-3_p08
437.108773913,501.088435509,63.979661596,Other,random,O4,63.979660000,RC2_0046_ICR-3_p08
519.223547579,583.203209175,63.979661596,Other,random,O4,63.979660000,RC2_0046_ICR-3_p08
305.066572041,369.046234637,63.979662596,Other,random,O4,63.979660000,RC2_0046_ICR-3_p08
449.217818546,513.197481142,63.979662596,Other,random,O4,63.979660000,RC2_0046_ICR-3_p08
617.187817011,681.167480606,63.979663596,Other,random,O4,63.979660000,RC2_0046_ICR-3_p08
379.103200975,443.082864571,63.979663596,Other,random,O4,63.979660000,RC2_0046_ICR-3_p08
583.218713109,647.198377705,63.979664596,Other,random,O4,63.979660000,RC2_0046_ICR-3_p08
545.166428528,609.146093124,63.979664596,Other,random,O4,63.979660000,RC2_0046_ICR-3_p08
421.150163610,485.129829206,63.979665596,Other,random,O4,63.979660000,RC2_0046_ICR-3_p08
613.229506802,677.209172398,63.979665596,Other,random,O4,63.979660000,RC2_0046_ICR-3_p08
405.155339461,469.135005056,63.979665596,Other,random,O4,63.979660000,RC2_0046_ICR-3_p08
303.123699283,367.103365879,63.979666596,Other,random,O4,63.979660000,RC2_0046_ICR-3_p08
533.093617741,597.073284337,63.979666596,Other,random,O4,63.979660000,RC2_0046_ICR-3_p08
545.202814374,609.182480970,63.979666596,Other,random,O4,63.979660000,RC2_0046_ICR-3_p08
407.171018910,471.150686506,63.979667596,Other,random,O4,63.979660000,RC2_0046_ICR-3_p08
471.251820077,535.231487673,63.979667596,Other,random,O4,63.979660000,RC2_0046_ICR-3_p08
333.061454286,397.041121882,63.979667596,Other,random,O4,63.979660000,RC2_0046_ICR-3_p08
403.240774582,467.220442178,63.979667596,Other,random,O4,63.979660000,RC2_0046_ICR-3_p08
411.238614655,475.218282251,63.979667596,Other,random,O4,63.979660000,RC2_0046_ICR-3_p08
431.256855737,495.236523333,63.979667596,Other,random,O4,63.979660000,RC2_0046_ICR-3_p08
249.040480706,313.020148302,63.979667596,Other,random,O4,63.979660000,RC2_0046_ICR-3_p08
391.103234070,455.082903666,63.979669596,Other,random,O4,63.979660000,RC2_0046_ICR-3_p08
432.093501188,496.073170784,63.979669596,Other,random,O4,63.979660000,RC2_0046_ICR-3_p08
269.139482445,333.128651001,63.989168555,Other,random,H1O4S_1P1,63.989176000,RC2_0046_ICR-3_p08
299.186352985,363.175521541,63.989168555,Other,random,H1O4S_1P1,63.989176000,RC2_0046_ICR-3_p08
273.170756344,337.159927900,63.989171555,Other,random,H1O4S_1P1,63.989176000,RC2_0046_ICR-3_p08
539.168829970,603.158002526,63.989172555,Other,random,H1O4S_1P1,63.989176000,RC2_0046_ICR-3_p08
383.061812182,447.050984738,63.989172555,Other,random,H1O4S_1P1,63.989176000,RC2_0046_ICR-3_p08
341.124127084,405.113300639,63.989173555,Other,random,H1O4S_1P1,63.989176000,RC2_0046_ICR-3_p08
273.134353499,337.123528054,63.989174555,Other,random,H1O4S_1P1,63.989176000,RC2_0046_ICR-3_p08
285.061602903,349.050777458,63.989174555,Other,random,H1O4S_1P1,63.989176000,RC2_0046_ICR-3_p08
269.049009829,333.038185384,63.989175555,Other,random,H1O4S_1P1,63.989176000,RC2_0046_ICR-3_p08
275.150012948,339.139191504,63.989178555,Other,random,H1O4S_1P1,63.989176000,RC2_0046_ICR-3_p08
289.165650494,353.154830049,63.989179555,Other,random,H1O4S_1P1,63.989176000,RC2_0046_ICR-3_p08
371.207460469,435.196641024,63.989180555,Other,random,H1O4S_1P1,63.989176000,RC2_0046_ICR-3_p08
479.155765548,543.144947103,63.989181555,Other,random,H1O4S_1P1,63.989176000,RC2_0046_ICR-3_p08
323.186323176,387.175505732,63.989182555,Other,random,H1O4S_1P1,63.989176000,RC2_0046_ICR-3_p08
259.100986029,323.090168584,63.989182555,Other,random,H1O4S_1P1,63.989176000,RC2_0046_ICR-3_p08
347.116693663,411.105876218,63.989182555,Other,random,H1O4S_1P1,63.989176000,RC2_0046_ICR-3_p08
297.061587999,361.050771554,63.989183555,Other,random,H1O4S_1P1,63.989176000,RC2_0046_ICR-3_p08
383.124900915,447.114085470,63.989184555,Other,random,H1O4S_1P1,63.989176000,RC2_0046_ICR-3_p08
301.129241743,365.118427299,63.989185555,Other,random,H1O4S_1P1,63.989176000,RC2_0046_ICR-3_p08
289.121132682,353.116068213,63.994935531,Other,random,C4O,63.994945130,RC2_0046_ICR-3_p08
323.077059640,387.071995171,63.994935531,Other,random,C4O,63.994945130,RC2_0046_ICR-3_p08
363.085120924,427.080056455,63.994935531,Other,random,C4O,63.994945130,RC2_0046_ICR-3_p08
373.142194262,437.137129793,63.994935531,Other,random,C4O,63.994945130,RC2_0046_ICR-3_p08
409.180991384,473.175926915,63.994935531,Other,random,C4O,63.994945130,RC2_0046_ICR-3_p08
441.067268121,505.062203652,63.994935531,Other,random,C4O,63.994945130,RC2_0046_ICR-3_p08
325.092731089,389.087667620,63.994936531,Other,random,C4O,63.994945130,RC2_0046_ICR-3_p08
357.168304024,421.163240555,63.994936531,Other,random,C4O,63.994945130,RC2_0046_ICR-3_p08
375.085110020,439.080046551,63.994936531,Other,random,C4O,63.994945130,RC2_0046_ICR-3_p08
591.099303679,655.094240210,63.994936531,Other,random,C4O,63.994945130,RC2_0046_ICR-3_p08
280.082574024,344.077510555,63.994936531,Other,random,C4O,63.994945130,RC2_0046_ICR-3_p08
433.144729729,497.139667260,63.994937531,Other,random,C4O,63.994945130,RC2_0046_ICR-3_p08
541.083330849,605.078268380,63.994937531,Other,random,C4O,63.994945130,RC2_0046_ICR-3_p08
547.218436823,611.213374354,63.994937531,Other,random,C4O,63.994945130,RC2_0046_ICR-3_p08
383.129003897,447.123941428,63.994937531,Other,random,C4O,63.994945130,RC2_0046_ICR-3_p08
473.166290956,537.161228486,63.994937531,Other,random,C4O,63.994945130,RC2_0046_ICR-3_p08
499.109094905,563.104032436,63.994937531,Other,random,C4O,63.994945130,RC2_0046_ICR-3_p08
557.296563072,621.291501603,63.994938531,Other,random,C4O,63.994945130,RC2_0046_ICR-3_p08
377.173368161,441.168307692,63.994939531,Other,random,C4O,63.994945130,RC2_0046_ICR-3_p08
451.137461403,515.132400934,63.994939531,Other,random,C4O,63.994945130,RC2_0046_ICR-3_p08
384.057088960,448.052028491,63.994939531,Other,random,C4O,63.994945130,RC2_0046_ICR-3_p08
657.204066260,721.199005791,63.994939531,Other,random,C4O,63.994945130,RC2_0046_ICR-3_p08
357.131919178,421.126859709,63.994940531,Other,random,C4O,63.994945130,RC2_0046_ICR-3_p08
419.165446029,483.160387560,63.994941531,Other,random,C4O,63.994945130,RC2_0046_ICR-3_p08
355.170504498,419.165446029,63.994941531,Other,random,C4O,63.994945130,RC2_0046_ICR-3_p08
389.137012411,453.131953942,63.994941531,Other,random,C4O,63.994945130,RC2_0046_ICR-3_p08
521.129966492,585.124908023,63.994941531,Other,random,C4O,63.994945130,RC2_0046_ICR-3_p08
599.198295323,663.193237854,63.994942531,Other,random,C4O,63.994945130,RC2_0046_ICR-3_p08
437.035894222,501.030836753,63.994942531,Other,random,C4O,63.994945130,RC2_0046_ICR-3_p08
489.067343503,553.062287034,63.994943531,Other,random,C4O,63.994945130,RC2_0046_ICR-3_p08
401.072452780,465.067396311,63.994943531,Other,random,C4O,63.994945130,RC2_0046_ICR-3_p08
423.215300850,487.210244381,63.994943531,Other,random,C4O,63.994945130,RC2_0046_ICR-3_p08
512.221478282,576.216421813,63.994943531,Other,random,C4O,63.994945130,RC2_0046_ICR-3_p08
517.192443195,581.187386726,63.994943531,Other,random,C4O,63.994945130,RC2_0046_ICR-3_p08
519.163840832,583.158784363,63.994943531,Other,random,C4O,63.994945130,RC2_0046_ICR-3_p08
417.140069621,481.135014152,63.994944531,Other,random,C4O,63.994945130,RC2_0046_ICR-3_p08
425.254227200,489.249171731,63.994944531,Other,random,C4O,63.994945130,RC2_0046_ICR-3_p08
609.146093124,673.141037655,63.994944531,Other,random,C4O,63.994945130,RC2_0046_ICR-3_p08
399.178830813,463.173775344,63.994944531,Other,random,C4O,63.994945130,RC2_0046_ICR-3_p08
407.256874546,471.251820077,63.994945531,Other,random,C4O,63.994945130,RC2_0046_ICR-3_p08
511.036489309,575.031434840,63.994945531,Other,random,C4O,63.994945130,RC2_0046_ICR-3_p08
541.229059231,605.224004762,63.994945531,Other,random,C4O,63.994945130,RC2_0046_ICR-3_p08
407.184092855,471.179039386,63.994946531,Other,random,C4O,63.994945130,RC2_0046_ICR-3_p08
405.241225096,469.236171627,63.994946531,Other,random,C4O,63.994945130,RC2_0046_ICR-3_p08
461.093536169,525.088482700,63.994946531,Other,random,C4O,63.994945130,RC2_0046_ICR-3_p08
643.151764870,707.146711401,63.994946531,Other,random,C4O,63.994945130,RC2_0046_ICR-3_p08
467.096000706,531.090947237,63.994946531,Other,random,C4O,63.994945130,RC2_0046_ICR-3_p08
499.181971596,563.176918127,63.994946531,Other,random,C4O,63.994945130,RC2_0046_ICR-3_p08
563.249751818,627.244698349,63.994946531,Other,random,C4O,63.994945130,RC2_0046_ICR-3_p08
527.286219377,591.281166908,63.994947531,Other,random,C4O,63.994945130,RC2_0046_ICR-3_p08
361.142055167,425.137002698,63.994947531,Other,random,C4O,63.994945130,RC2_0046_ICR-3_p08
363.121444770,427.116393301,63.994948531,Other,random,C4O,63.994945130,RC2_0046_ICR-3_p08
395.207334661,459.202283191,63.994948531,Other,random,C4O,63.994945130,RC2_0046_ICR-3_p08
450.067591941,514.062540472,63.994948531,Other,random,C4O,63.994945130,RC2_0046_ICR-3_p08
363.102831849,427.097780380,63.994948531,Other,random,C4O,63.994945130,RC2_0046_ICR-3_p08
394.114226298,458.109174828,63.994948531,Other,random,C4O,63.994945130,RC2_0046_ICR-3_p08
300.072444226,364.067393757,63.994949531,Other,random,C4O,63.994945130,RC2_0046_ICR-3_p08
337.105749130,401.100698661,63.994949531,Other,random,C4O,63.994945130,RC2_0046_ICR-3_p08
381.149691294,445.144640824,63.994949531,Other,random,C4O,63.994945130,RC2_0046_ICR-3_p08
425.181585509,489.176535039,63.994949531,Other,random,C4O,63.994945130,RC2_0046_ICR-3_p08
419.134552160,483.129501691,63.994949531,Other,random,C4O,63.994945130,RC2_0046_ICR-3_p08
312.108778168,376.103728699,63.994950531,Other,random,C4O,63.994945130,RC2_0046_ICR-3_p08
359.061871991,423.056822522,63.994950531,Other,random,C4O,63.994945130,RC2_0046_ICR-3_p08
469.280580439,533.275530970,63.994950531,Other,random,C4O,63.994945130,RC2_0046_ICR-3_p08
349.105758225,413.100708756,63.994950531,Other,random,C4O,63.994945130,RC2_0046_ICR-3_p08
447.259765852,511.254716383,63.994950531,Other,random,C4O,63.994945130,RC2_0046_ICR-3_p08
466.098888936,530.093839467,63.994950531,Other,random,C4O,63.994945130,RC2_0046_ICR-3_p08
491.168678589,555.163629120,63.994950531,Other,random,C4O,63.994945130,RC2_0046_ICR-3_p08
353.160351025,417.155302556,63.994951531,Other,random,C4O,63.994945130,RC2_0046_ICR-3_p08
503.213376495,567.208328026,63.994951531,Other,random,C4O,63.994945130,RC2_0046_ICR-3_p08
518.224423817,582.219375348,63.994951531,Other,random,C4O,63.994945130,RC2_0046_ICR-3_p08
467.155762452,531.150714983,63.994952531,Other,random,C4O,63.994945130,RC2_0046_ICR-3_p08
357.228124770,421.223077301,63.994952531,Other,random,C4O,63.994945130,RC2_0046_ICR-3_p08
397.144537443,461.139490974,63.994953531,Other,random,C4O,63.994945130,RC2_0046_ICR-3_p08
452.083134391,516.078087922,63.994953531,Other,random,C4O,63.994945130,RC2_0046_ICR-3_p08
467.046583916,531.041537446,63.994953531,Other,random,C4O,63.994945130,RC2_0046_ICR-3_p08
367.116372823,431.111326354,63.994953531,Other,random,C4O,63.994945130,RC2_0046_ICR-3_p08
400.060017075,464.054970606,63.994953531,Other,random,C4O,63.994945130,RC2_0046_ICR-3_p08
515.067632208,579.062585739,63.994953531,Other,random,C4O,63.994945130,RC2_0046_ICR-3_p08
545.179553472,609.174507003,63.994953531,Other,random,C4O,63.994945130,RC2_0046_ICR-3_p08
367.030570187,431.025524718,63.994954531,Other,random,C4O,63.994945130,RC2_0046_ICR-3_p08
365.014899738,429.009854269,63.994954531,Other,random,C4O,63.994945130,RC2_0046_ICR-3_p08
443.129016375,507.127296892,63.998280517,Other,random,C1H4O1S1,63.998287000,RC2_0046_ICR-3_p08
365.051172584,429.049455101,63.998282517,Other,random,C1H4O1S1,63.998287000,RC2_0046_ICR-3_p08
413.118394681,477.116683198,63.998288517,Other,random,C1H4O1S1,63.998287000,RC2_0046_ICR-3_p08
445.144640824,509.142935341,63.998294517,Other,random,C1H4O1S1,63.998287000,RC2_0046_ICR-3_p08
431.098252410,495.114276851,64.016024442,Other,random,C1H4O3,64.016034440,RC2_0046_ICR-3_p08
453.168471787,517.184496229,64.016024442,Other,random,C1H4O3,64.016034440,RC2_0046_ICR-3_p08
369.025093727,433.041118168,64.016024442,Other,random,C1H4O3,64.016034440,RC2_0046_ICR-3_p08
555.163629120,619.179653561,64.016024442,Other,random,C1H4O3,64.016034440,RC2_0046_ICR-3_p08
367.103365879,431.119390320,64.016024442,Other,random,C1H4O3,64.016034440,RC2_0046_ICR-3_p08
387.144784862,451.160809304,64.016024442,Other,random,C1H4O3,64.016034440,RC2_0046_ICR-3_p08
431.220498891,495.236523333,64.016024442,Other,random,C1H4O3,64.016034440,RC2_0046_ICR-3_p08
683.234976836,747.251001277,64.016024442,Other,random,C1H4O3,64.016034440,RC2_0046_ICR-3_p08
407.061756374,471.077781815,64.016025441,Other,random,C1H4O3,64.016034440,RC2_0046_ICR-3_p08
484.088323624,548.104349065,64.016025441,Other,random,C1H4O3,64.016034440,RC2_0046_ICR-3_p08
463.160771399,527.176796841,64.016025441,Other,random,C1H4O3,64.016034440,RC2_0046_ICR-3_p08
355.058749972,419.074776414,64.016026441,Other,random,C1H4O3,64.016034440,RC2_0046_ICR-3_p08
448.060004457,512.076030899,64.016026441,Other,random,C1H4O3,64.016034440,RC2_0046_ICR-3_p08
381.082418579,445.098445020,64.016026441,Other,random,C1H4O3,64.016034440,RC2_0046_ICR-3_p08
573.161373772,637.177400214,64.016026441,Other,random,C1H4O3,64.016034440,RC2_0046_ICR-3_p08
386.999311479,451.015338921,64.016027441,Other,random,C1H4O3,64.016034440,RC2_0046_ICR-3_p08
395.171020815,459.187048256,64.016027441,Other,random,C1H4O3,64.016034440,RC2_0046_ICR-3_p08
581.215850605,645.231878047,64.016027441,Other,random,C1H4O3,64.016034440,RC2_0046_ICR-3_p08
373.019866781,437.035894222,64.016027441,Other,random,C1H4O3,64.016034440,RC2_0046_ICR-3_p08
493.062202556,557.078229998,64.016027441,Other,random,C1H4O3,64.016034440,RC2_0046_ICR-3_p08
397.159894378,461.175922819,64.016028441,Other,random,C1H4O3,64.016034440,RC2_0046_ICR-3_p08
447.251731886,511.267760328,64.016028441,Other,random,C1H4O3,64.016034440,RC2_0046_ICR-3_p08
455.220515082,519.236543524,64.016028441,Other,random,C1H4O3,64.016034440,RC2_0046_ICR-3_p08
393.155279365,457.171308807,64.016029441,Other,random,C1H4O3,64.016034440,RC2_0046_ICR-3_p08
361.157546101,425.173575543,64.016029441,Other,random,C1H4O3,64.016034440,RC2_0046_ICR-3_p08
431.256855737,495.272885178,64.016029441,Other,random,C1H4O3,64.016034440,RC2_0046_ICR-3_p08
437.100736947,501.116766389,64.016029441,Other,random,C1H4O3,64.016034440,RC2_0046_ICR-3_p08
465.067396311,529.083425753,64.016029441,Other,random,C1H4O3,64.016034440,RC2_0046_ICR-3_p08
459.069828753,523.085859195,64.016030441,Other,random,C1H4O3,64.016034440,RC2_0046_ICR-3_p08
495.259631235,559.275661676,64.016030441,Other,random,C1H4O3,64.016034440,RC2_0046_ICR-3_p08
557.057213087,621.073243528,64.016030441,Other,random,C1H4O3,64.016034440,RC2_0046_ICR-3_p08
305.030204195,369.046234637,64.016030441,Other,random,C1H4O3,64.016034440,RC2_0046_ICR-3_p08
257.139447350,321.155478791,64.016031441,Other,random,C1H4O3,64.016034440,RC2_0046_ICR-3_p08
402.046572648,466.062605090,64.016032441,Other,random,C1H4O3,64.016034440,RC2_0046_ICR-3_p08
587.140698472,651.156730913,64.016032441,Other,random,C1H4O3,64.016034440,RC2_0046_ICR-3_p08
311.149873236,375.165906677,64.016033441,Other,random,C1H4O3,64.016034440,RC2_0046_ICR-3_p08
425.072427972,489.088461413,64.016033441,Other,random,C1H4O3,64.016034440,RC2_0046_ICR-3_p08
565.221065456,629.237099897,64.016034441,Other,random,C1H4O3,64.016034440,RC2_0046_ICR-3_p08
367.095291913,431.111326354,64.016034441,Other,random,C1H4O3,64.016034440,RC2_0046_ICR-3_p08
415.079877360,479.095911802,64.016034441,Other,random,C1H4O3,64.016034440,RC2_0046_ICR-3_p08
399.157739903,463.173775344,64.016035441,Other,random,C1H4O3,64.016034440,RC2_0046_ICR-3_p08
507.078000101,571.094035542,64.016035441,Other,random,C1H4O3,64.016034440,RC2_0046_ICR-3_p08
321.134232882,385.150269323,64.016036441,Other,random,C1H4O3,64.016034440,RC2_0046_ICR-3_p08
383.107904987,447.123941428,64.016036441,Other,random,C1H4O3,64.016034440,RC2_0046_ICR-3_p08
443.098228505,507.114264947,64.016036441,Other,random,C1H4O3,64.016034440,RC2_0046_ICR-3_p08
393.046244828,457.062282269,64.016037441,Other,random,C1H4O3,64.016034440,RC2_0046_ICR-3_p08
581.057586276,645.073624718,64.016038441,Other,random,C1H4O3,64.016034440,RC2_0046_ICR-3_p08
389.160429312,453.176467753,64.016038441,Other,random,C1H4O3,64.016034440,RC2_0046_ICR-3_p08
357.110821267,421.126859709,64.016038441,Other,random,C1H4O3,64.016034440,RC2_0046_ICR-3_p08
446.145849577,510.161888019,64.016038441,Other,random,C1H4O3,64.016034440,RC2_0046_ICR-3_p08
507.179091672,571.195130113,64.016038441,Other,random,C1H4O3,64.016034440,RC2_0046_ICR-3_p08
353.087620334,417.103659775,64.016039441,Other,random,C1H4O3,64.016034440,RC2_0046_ICR-3_p08
459.202283191,523.218322633,64.016039441,Other,random,C1H4O3,64.016034440,RC2_0046_ICR-3_p08
455.111370545,519.127410987,64.016040441,Other,random,C1H4O3,64.016034440,RC2_0046_ICR-3_p08
523.173911821,587.189952263,64.016040441,Other,random,C1H4O3,64.016034440,RC2_0046_ICR-3_p08
419.170937006,483.186977447,64.016040441,Other,random,C1H4O3,64.016034440,RC2_0046_ICR-3_p08
479.192074394,543.208114835,64.016040441,Other,random,C1H4O3,64.016034440,RC2_0046_ICR-3_p08
250.035671484,314.051712926,64.016041441,Other,random,C1H4O3,64.016034440,RC2_0046_ICR-3_p08
331.154979373,395.171020815,64.016041441,Other,random,C1H4O3,64.016034440,RC2_0046_ICR-3_p08
347.149900522,411.165941963,64.016041441,Other,random,C1H4O3,64.016034440,RC2_0046_ICR-3_p08
309.097848940,373.113891382,64.016042441,Other,random,C1H4O3,64.016034440,RC2_0046_ICR-3_p08
459.056737809,523.072780250,64.016042441,Other,random,C1H4O3,64.016034440,RC2_0046_ICR-3_p08
313.048325182,377.064367624,64.016042441,Other,random,C1H4O3,64.016034440,RC2_0046_ICR-3_p08
327.100344573,391.116388014,64.016043441,Other,random,C1H4O3,64.016034440,RC2_0046_ICR-3_p08
403.116282110,467.132325552,64.016043441,Other,random,C1H4O3,64.016034440,RC2_0046_ICR-3_p08
467.082842762,531.114133139,64.031290377,Other,random,C5H4,64.031300000,RC2_0046_ICR-3_p08
557.187709533,621.218999910,64.031290377,Other,random,C5H4,64.031300000,RC2_0046_ICR-3_p08
575.176857223,639.208147599,64.031290377,Other,random,C5H4,64.031300000,RC2_0046_ICR-3_p08
443.241664897,507.272956274,64.031291377,Other,random,C5H4,64.031300000,RC2_0046_ICR-3_p08
263.092509097,327.123801474,64.031292377,Other,random,C5H4,64.031300000,RC2_0046_ICR-3_p08
323.126518430,387.157810807,64.031292377,Other,random,C5H4,64.031300000,RC2_0046_ICR-3_p08
353.014920642,417.046213019,64.031292377,Other,random,C5H4,64.031300000,RC2_0046_ICR-3_p08
525.247145027,589.278437403,64.031292377,Other,random,C5H4,64.031300000,RC2_0046_ICR-3_p08
475.101163748,539.132456124,64.031292377,Other,random,C5H4,64.031300000,RC2_0046_ICR-3_p08
489.052126567,553.083418944,64.031292377,Other,random,C5H4,64.031300000,RC2_0046_ICR-3_p08
299.126538239,363.157831616,64.031293377,Other,random,C5H4,64.031300000,RC2_0046_ICR-3_p08
349.056393435,413.087686811,64.031293377,Other,random,C5H4,64.031300000,RC2_0046_ICR-3_p08
357.118870233,421.150163610,64.031293377,Other,random,C5H4,64.031300000,RC2_0046_ICR-3_p08
365.154875144,429.186168521,64.031293377,Other,random,C5H4,64.031300000,RC2_0046_ICR-3_p08
371.134600778,435.165894155,64.031293377,Other,random,C5H4,64.031300000,RC2_0046_ICR-3_p08
389.100660565,453.131953942,64.031293377,Other,random,C5H4,64.031300000,RC2_0046_ICR-3_p08
457.098673115,521.129966492,64.031293377,Other,random,C5H4,64.031300000,RC2_0046_ICR-3_p08
289.084773837,353.116068213,64.031294377,Other,random,C5H4,64.031300000,RC2_0046_ICR-3_p08
347.098198741,411.129493118,64.031294377,Other,random,C5H4,64.031300000,RC2_0046_ICR-3_p08
239.067418012,303.098712389,64.031294377,Other,random,C5H4,64.031300000,RC2_0046_ICR-3_p08
309.055853118,373.087147495,64.031294377,Other,random,C5H4,64.031300000,RC2_0046_ICR-3_p08
357.082591387,421.113886764,64.031295377,Other,random,C5H4,64.031300000,RC2_0046_ICR-3_p08
397.150171419,461.181466796,64.031295377,Other,random,C5H4,64.031300000,RC2_0046_ICR-3_p08
375.121347866,439.152643243,64.031295377,Other,random,C5H4,64.031300000,RC2_0046_ICR-3_p08
489.233974796,553.265270173,64.031295377,Other,random,C5H4,64.031300000,RC2_0046_ICR-3_p08
323.113488485,387.144784862,64.031296377,Other,random,C5H4,64.031300000,RC2_0046_ICR-3_p08
503.096000993,567.127297369,64.031296377,Other,random,C5H4,64.031300000,RC2_0046_ICR-3_p08
380.033816027,444.065112404,64.031296377,Other,random,C5H4,64.031300000,RC2_0046_ICR-3_p08
395.128944993,459.160242370,64.031297377,Other,random,C5H4,64.031300000,RC2_0046_ICR-3_p08
419.155680071,483.186977447,64.031297377,Other,random,C5H4,64.031300000,RC2_0046_ICR-3_p08
337.142265975,401.173563352,64.031297377,Other,random,C5H4,64.031300000,RC2_0046_ICR-3_p08
371.147649723,435.178948099,64.031298377,Other,random,C5H4,64.031300000,RC2_0046_ICR-3_p08
529.220683171,593.251981547,64.031298377,Other,random,C5H4,64.031300000,RC2_0046_ICR-3_p08
297.147313635,361.178612012,64.031298377,Other,random,C5H4,64.031300000,RC2_0046_ICR-3_p08
409.186496360,473.217794737,64.031298377,Other,random,C5H4,64.031300000,RC2_0046_ICR-3_p08
497.130008301,561.161306677,64.031298377,Other,random,C5H4,64.031300000,RC2_0046_ICR-3_p08
452.083134391,516.114433768,64.031299377,Other,random,C5H4,64.031300000,RC2_0046_ICR-3_p08
319.095273531,383.126572908,64.031299377,Other,random,C5H4,64.031300000,RC2_0046_ICR-3_p08
391.152659861,455.183959237,64.031299377,Other,random,C5H4,64.031300000,RC2_0046_ICR-3_p08
359.090102871,423.121403248,64.031300377,Other,random,C5H4,64.031300000,RC2_0046_ICR-3_p08
409.041108977,473.072409354,64.031300377,Other,random,C5H4,64.031300000,RC2_0046_ICR-3_p08
339.108406634,403.139707011,64.031300377,Other,random,C5H4,64.031300000,RC2_0046_ICR-3_p08
377.100588470,441.131889847,64.031301377,Other,random,C5H4,64.031300000,RC2_0046_ICR-3_p08
507.114264947,571.145566324,64.031301377,Other,random,C5H4,64.031300000,RC2_0046_ICR-3_p08
371.098111933,435.129413309,64.031301377,Other,random,C5H4,64.031300000,RC2_0046_ICR-3_p08
377.051321679,441.082623056,64.031301377,Other,random,C5H4,64.031300000,RC2_0046_ICR-3_p08
407.134472065,471.165773442,64.031301377,Other,random,C5H4,64.031300000,RC2_0046_ICR-3_p08
459.215483135,523.246784512,64.031301377,Other,random,C5H4,64.031300000,RC2_0046_ICR-3_p08
519.150732888,583.182034264,64.031301377,Other,random,C5H4,64.031300000,RC2_0046_ICR-3_p08
401.181608317,465.212909694,64.031301377,Other,random,C5H4,64.031300000,RC2_0046_ICR-3_p08
609.146093124,673.177394501,64.031301377,Other,random,C5H4,64.031300000,RC2_0046_ICR-3_p08
461.166115861,525.197417237,64.031301377,Other,random,C5H4,64.031300000,RC2_0046_ICR-3_p08
377.064367624,441.095670000,64.031302377,Other,random,C5H4,64.031300000,RC2_0046_ICR-3_p08
475.109113714,539.140416091,64.031302377,Other,random,C5H4,64.031300000,RC2_0046_ICR-3_p08
325.056365244,389.087667620,64.031302377,Other,random,C5H4,64.031300000,RC2_0046_ICR-3_p08
537.102199737,601.133502114,64.031302377,Other,random,C5H4,64.031300000,RC2_0046_ICR-3_p08
567.208328026,631.239630402,64.031302377,Other,random,C5H4,64.031300000,RC2_0046_ICR-3_p08
311.004275853,375.035579230,64.031303377,Other,random,C5H4,64.031300000,RC2_0046_ICR-3_p08
427.210297903,491.241601279,64.031303377,Other,random,C5H4,64.031300000,RC2_0046_ICR-3_p08
531.163854928,595.195159304,64.031304377,Other,random,C5H4,64.031300000,RC2_0046_ICR-3_p08
339.084977734,403.116282110,64.031304377,Other,random,C5H4,64.031300000,RC2_0046_ICR-3_p08
389.145163376,453.176467753,64.031304377,Other,random,C5H4,64.031300000,RC2_0046_ICR-3_p08
395.147674914,459.178979290,64.031304377,Other,random,C5H4,64.031300000,RC2_0046_ICR-3_p08
423.087559391,487.118863768,64.031304377,Other,random,C5H4,64.031300000,RC2_0046_ICR-3_p08
429.030897180,493.062202556,64.031305377,Other,random,C5H4,64.031300000,RC2_0046_ICR-3_p08
481.075485404,545.106790781,64.031305377,Other,random,C5H4,64.031300000,RC2_0046_ICR-3_p08
597.109830182,661.141135559,64.031305377,Other,random,C5H4,64.031300000,RC2_0046_ICR-3_p08
352.030893817,416.062200193,64.031306377,Other,random,C5H4,64.031300000,RC2_0046_ICR-3_p08
311.126596334,375.157902711,64.031306377,Other,random,C5H4,64.031300000,RC2_0046_ICR-3_p08
429.225990352,493.257296729,64.031306377,Other,random,C5H4,64.031300000,RC2_0046_ICR-3_p08
367.134101748,431.165408125,64.031306377,Other,random,C5H4,64.031300000,RC2_0046_ICR-3_p08
593.151328974,657.182635351,64.031306377,Other,random,C5H4,64.031300000,RC2_0046_ICR-3_p08
413.108696722,477.140004099,64.031307377,Other,random,C5H4,64.031300000,RC2_0046_ICR-3_p08
321.134232882,385.165540258,64.031307377,Other,random,C5H4,64.031300000,RC2_0046_ICR-3_p08
451.082294637,515.113602013,64.031307377,Other,random,C5H4,64.031300000,RC2_0046_ICR-3_p08
433.171294616,497.202602993,64.031308377,Other,random,C5H4,64.031300000,RC2_0046_ICR-3_p08
693.240229393,757.271537770,64.031308377,Other,random,C5H4,64.031300000,RC2_0046_ICR-3_p08
459.150527411,523.181835788,64.031308377,Other,random,C5H4,64.031300000,RC2_0046_ICR-3_p08
310.093147718,374.124457095,64.031309377,Other,random,C5H4,64.031300000,RC2_0046_ICR-3_p08
367.139612725,431.170922102,64.031309377,Other,random,C5H4,64.031300000,RC2_0046_ICR-3_p08
407.129005088,471.160314465,64.031309377,Other,random,C5H4,64.031300000,RC2_0046_ICR-3_p08
433.113845860,497.145155236,64.031309377,Other,random,C5H4,64.031300000,RC2_0046_ICR-3_p08
533.215762223,597.247071600,64.031309377,Other,random,C5H4,64.031300000,RC2_0046_ICR-3_p08
519.200250678,583.231560054,64.031309377,Other,random,C5H4,64.031300000,RC2_0046_ICR-3_p08
254.067027383,319.093567538,65.026540155,Other,random,C4H3N1,65.026549000,RC2_0046_ICR-3_p08
271.118777049,336.145318204,65.026541155,Other,random,C4H3N1,65.026549000,RC2_0046_ICR-3_p08
299.090093394,364.116634548,65.026541155,Other,random,C4H3N1,65.026549000,RC2_0046_ICR-3_p08
363.035585134,428.062129289,65.026544155,Other,random,C4H3N1,65.026549000,RC2_0046_ICR-3_p08
443.046397725,508.072942880,65.026545155,Other,random,C4H3N1,65.026549000,RC2_0046_ICR-3_p08
417.046213019,482.072759174,65.026546155,Other,random,C4H3N1,65.026549000,RC2_0046_ICR-3_p08
315.035711752,380.062259907,65.026548155,Other,random,C4H3N1,65.026549000,RC2_0046_ICR-3_p08
359.061871991,424.088423146,65.026551155,Other,random,C4H3N1,65.026549000,RC2_0046_ICR-3_p08
431.046616629,496.073170784,65.026554155,Other,random,C4H3N1,65.026549000,RC2_0046_ICR-3_p08
459.077919719,524.104473874,65.026554155,Other,random,C4H3N1,65.026549000,RC2_0046_ICR-3_p08
451.087878613,516.114433768,65.026555155,Other,random,C4H3N1,65.026549000,RC2_0046_ICR-3_p08
479.119272703,544.145829858,65.026557155,Other,random,C4H3N1,65.026549000,RC2_0046_ICR-3_p08
399.102820136,465.080369256,65.977549121,Other,random,H2O2S1,65.977552000,RC2_0046_ICR-3_p08
335.077103735,401.054655856,65.977552121,Other,random,H2O2S1,65.977552000,RC2_0046_ICR-3_p08
247.133925794,313.111480914,65.977555121,Other,random,H2O2S1,65.977552000,RC2_0046_ICR-3_p08
375.108332921,441.085890042,65.977557121,Other,random,H2O2S1,65.977552000,RC2_0046_ICR-3_p08
401.118440585,467.096000706,65.977560121,Other,random,H2O2S1,65.977552000,RC2_0046_ICR-3_p08
475.254720096,541.241778177,65.987058080,Other,random,H3O2P1,65.987068000,RC2_0046_ICR-3_p08
325.165597780,391.152659861,65.987062080,Other,random,H3O2P1,65.987068000,RC2_0046_ICR-3_p08
365.196847966,431.183910046,65.987062080,Other,random,H3O2P1,65.987068000,RC2_0046_ICR-3_p08
249.076919551,315.063982632,65.987063080,Other,random,H3O2P1,65.987068000,RC2_0046_ICR-3_p08
311.186302081,377.173368161,65.987066080,Other,random,H3O2P1,65.987068000,RC2_0046_ICR-3_p08
343.248885070,409.235952151,65.987067080,Other,random,H3O2P1,65.987068000,RC2_0046_ICR-3_p08
287.092570288,353.079638368,65.987068080,Other,random,H3O2P1,65.987068000,RC2_0046_ICR-3_p08
333.155391887,399.142459968,65.987068080,Other,random,H3O2P1,65.987068000,RC2_0046_ICR-3_p08
291.144849098,357.131919178,65.987070080,Other,random,H3O2P1,65.987068000,RC2_0046_ICR-3_p08
503.285954187,569.273024267,65.987070080,Other,random,H3O2P1,65.987068000,RC2_0046_ICR-3_p08
291.160217032,357.147287113,65.987070080,Other,random,H3O2P1,65.987068000,RC2_0046_ICR-3_p08
257.139447350,323.126518430,65.987071080,Other,random,H3O2P1,65.987068000,RC2_0046_ICR-3_p08
301.165635589,367.152707669,65.987072080,Other,random,H3O2P1,65.987068000,RC2_0046_ICR-3_p08
255.232918437,321.219992518,65.987074080,Other,random,H3O2P1,65.987068000,RC2_0046_ICR-3_p08
287.186398890,353.173473970,65.987075080,Other,random,H3O2P1,65.987068000,RC2_0046_ICR-3_p08
431.207465947,497.194542027,65.987076080,Other,random,H3O2P1,65.987068000,RC2_0046_ICR-3_p08
513.161221295,579.148297376,65.987076080,Other,random,H3O2P1,65.987068000,RC2_0046_ICR-3_p08
331.176140283,397.163217364,65.987077080,Other,random,H3O2P1,65.987068000,RC2_0046_ICR-3_p08
261.134445403,327.121522483,65.987077080,Other,random,H3O2P1,65.987068000,RC2_0046_ICR-3_p08
379.066941129,445.062241174,65.995300045,Other,random,H2O4,65.995310000,RC2_0046_ICR-3_p08
480.224092016,546.219392061,65.995300045,Other,random,H2O4,65.995310000,RC2_0046_ICR-3_p08
377.087562525,443.082864571,65.995302045,Other,random,H2O4,65.995310000,RC2_0046_ICR-3_p08
401.100698661,467.096000706,65.995302045,Other,random,H2O4,65.995310000,RC2_0046_ICR-3_p08
425.100700852,491.096002897,65.995302045,Other,random,H2O4,65.995310000,RC2_0046_ICR-3_p08
327.136799418,393.132102464,65.995303045,Other,random,H2O4,65.995310000,RC2_0046_ICR-3_p08
357.097827323,423.093130368,65.995303045,Other,random,H2O4,65.995310000,RC2_0046_ICR-3_p08
317.139288828,383.134591874,65.995303045,Other,random,H2O4,65.995310000,RC2_0046_ICR-3_p08
411.085032307,477.080336352,65.995304045,Other,random,H2O4,65.995310000,RC2_0046_ICR-3_p08
405.082477770,471.077781815,65.995304045,Other,random,H2O4,65.995310000,RC2_0046_ICR-3_p08
423.056822522,489.052126567,65.995304045,Other,random,H2O4,65.995310000,RC2_0046_ICR-3_p08
369.183644054,435.178948099,65.995304045,Other,random,H2O4,65.995310000,RC2_0046_ICR-3_p08
387.194157653,453.189461698,65.995304045,Other,random,H2O4,65.995310000,RC2_0046_ICR-3_p08
395.090198157,461.085503203,65.995305045,Other,random,H2O4,65.995310000,RC2_0046_ICR-3_p08
377.124064370,443.119370416,65.995306045,Other,random,H2O4,65.995310000,RC2_0046_ICR-3_p08
431.098252410,497.093558455,65.995306045,Other,random,H2O4,65.995310000,RC2_0046_ICR-3_p08
531.260049520,597.255355565,65.995306045,Other,random,H2O4,65.995310000,RC2_0046_ICR-3_p08
357.092252346,423.087559391,65.995307045,Other,random,H2O4,65.995310000,RC2_0046_ICR-3_p08
485.194680931,551.189987976,65.995307045,Other,random,H2O4,65.995310000,RC2_0046_ICR-3_p08
387.071995171,453.067303216,65.995308045,Other,random,H2O4,65.995310000,RC2_0046_ICR-3_p08
565.156187731,631.151495776,65.995308045,Other,random,H2O4,65.995310000,RC2_0046_ICR-3_p08
371.090066967,437.085376012,65.995309045,Other,random,H2O4,65.995310000,RC2_0046_ICR-3_p08
509.194702122,575.190012167,65.995310045,Other,random,H2O4,65.995310000,RC2_0046_ICR-3_p08
369.147203209,435.142513254,65.995310045,Other,random,H2O4,65.995310000,RC2_0046_ICR-3_p08
511.173789726,577.169099772,65.995310045,Other,random,H2O4,65.995310000,RC2_0046_ICR-3_p08
425.064328006,491.059639051,65.995311045,Other,random,H2O4,65.995310000,RC2_0046_ICR-3_p08
399.157739903,465.153050948,65.995311045,Other,random,H2O4,65.995310000,RC2_0046_ICR-3_p08
429.046235115,495.041546160,65.995311045,Other,random,H2O4,65.995310000,RC2_0046_ICR-3_p08
265.035417855,331.030729900,65.995312045,Other,random,H2O4,65.995310000,RC2_0046_ICR-3_p08
367.131651759,433.126963804,65.995312045,Other,random,H2O4,65.995310000,RC2_0046_ICR-3_p08
363.035585134,429.030897180,65.995312045,Other,random,H2O4,65.995310000,RC2_0046_ICR-3_p08
401.160450407,467.155762452,65.995312045,Other,random,H2O4,65.995310000,RC2_0046_ICR-3_p08
484.088323624,550.083636669,65.995313045,Other,random,H2O4,65.995310000,RC2_0046_ICR-3_p08
551.168983065,617.164297110,65.995314045,Other,random,H2O4,65.995310000,RC2_0046_ICR-3_p08
327.063959727,393.059273773,65.995314045,Other,random,H2O4,65.995310000,RC2_0046_ICR-3_p08
543.077938388,609.073252433,65.995314045,Other,random,H2O4,65.995310000,RC2_0046_ICR-3_p08
469.236171627,535.231487673,65.995316045,Other,random,H2O4,65.995310000,RC2_0046_ICR-3_p08
487.233753281,553.229069326,65.995316045,Other,random,H2O4,65.995310000,RC2_0046_ICR-3_p08
363.194225461,429.189541507,65.995316045,Other,random,H2O4,65.995310000,RC2_0046_ICR-3_p08
509.121946430,575.117263475,65.995317045,Other,random,H2O4,65.995310000,RC2_0046_ICR-3_p08
405.118864615,471.114181661,65.995317045,Other,random,H2O4,65.995310000,RC2_0046_ICR-3_p08
525.103986634,591.099303679,65.995317045,Other,random,H2O4,65.995310000,RC2_0046_ICR-3_p08
421.113886764,487.109204809,65.995318045,Other,random,H2O4,65.995310000,RC2_0046_ICR-3_p08
325.129161935,391.124480980,65.995319045,Other,random,H2O4,65.995310000,RC2_0046_ICR-3_p08
397.178456299,463.173775344,65.995319045,Other,random,H2O4,65.995310000,RC2_0046_ICR-3_p08
361.113903286,427.116393301,66.002490015,Other,random,C5H3Cl1O_2,66.002500000,RC2_0046_ICR-3_p08
287.186398890,353.188889904,66.002491015,Other,random,C5H3Cl1O_2,66.002500000,RC2_0046_ICR-3_p08
507.216491513,573.218982528,66.002491015,Other,random,C5H3Cl1O_2,66.002500000,RC2_0046_ICR-3_p08
317.051321201,383.053812216,66.002491015,Other,random,C5H3Cl1O_2,66.002500000,RC2_0046_ICR-3_p08
464.054970606,530.057462621,66.002492015,Other,random,C5H3Cl1O_2,66.002500000,RC2_0046_ICR-3_p08
359.171080528,425.173575543,66.002495015,Other,random,C5H3Cl1O_2,66.002500000,RC2_0046_ICR-3_p08
515.213353590,581.215850605,66.002497015,Other,random,C5H3Cl1O_2,66.002500000,RC2_0046_ICR-3_p08
383.170807720,449.173305735,66.002498015,Other,random,C5H3Cl1O_2,66.002500000,RC2_0046_ICR-3_p08
389.145163376,455.147662391,66.002499015,Other,random,C5H3Cl1O_2,66.002500000,RC2_0046_ICR-3_p08
440.127796106,506.130297121,66.002501015,Other,random,C5H3Cl1O_2,66.002500000,RC2_0046_ICR-3_p08
541.229059231,607.231565245,66.002506015,Other,random,C5H3Cl1O_2,66.002500000,RC2_0046_ICR-3_p08
500.075962804,566.078469818,66.002507015,Other,random,C5H3Cl1O_2,66.002500000,RC2_0046_ICR-3_p08
459.077919719,525.080426734,66.002507015,Other,random,C5H3Cl1O_2,66.002500000,RC2_0046_ICR-3_p08
515.176897745,581.179406760,66.002509015,Other,random,C5H3Cl1O_2,66.002500000,RC2_0046_ICR-3_p08
382.049429477,448.060004457,66.010574981,Other,random,C4H2O,66.010584970,RC2_0046_ICR-3_p08
473.194713835,539.205288816,66.010574981,Other,random,C4H2O,66.010584970,RC2_0046_ICR-3_p08
511.109313000,577.119887980,66.010574981,Other,random,C4H2O,66.010584970,RC2_0046_ICR-3_p08
383.025307337,449.035882318,66.010574981,Other,random,C4H2O,66.010584970,RC2_0046_ICR-3_p08
365.209922911,431.220498891,66.010575981,Other,random,C4H2O,66.010584970,RC2_0046_ICR-3_p08
413.108696722,479.119272703,66.010575981,Other,random,C4H2O,66.010584970,RC2_0046_ICR-3_p08
433.077380014,499.087955995,66.010575981,Other,random,C4H2O,66.010584970,RC2_0046_ICR-3_p08
325.056365244,391.066942224,66.010576981,Other,random,C4H2O,66.010584970,RC2_0046_ICR-3_p08
365.160345121,431.170922102,66.010576981,Other,random,C4H2O,66.010584970,RC2_0046_ICR-3_p08
375.072046075,441.082623056,66.010576981,Other,random,C4H2O,66.010584970,RC2_0046_ICR-3_p08
619.167014615,685.177591595,66.010576981,Other,random,C4H2O,66.010584970,RC2_0046_ICR-3_p08
465.030959466,531.041537446,66.010577981,Other,random,C4H2O,66.010584970,RC2_0046_ICR-3_p08
473.202809801,539.213387781,66.010577981,Other,random,C4H2O,66.010584970,RC2_0046_ICR-3_p08
363.121444770,429.132022751,66.010577981,Other,random,C4H2O,66.010584970,RC2_0046_ICR-3_p08
527.226039632,593.236617612,66.010577981,Other,random,C4H2O,66.010584970,RC2_0046_ICR-3_p08
453.067303216,519.077881197,66.010577981,Other,random,C4H2O,66.010584970,RC2_0046_ICR-3_p08
341.173514874,407.184092855,66.010577981,Other,random,C4H2O,66.010584970,RC2_0046_ICR-3_p08
465.080369256,531.090947237,66.010577981,Other,random,C4H2O,66.010584970,RC2_0046_ICR-3_p08
413.035891031,479.046470012,66.010578981,Other,random,C4H2O,66.010584970,RC2_0046_ICR-3_p08
327.121522483,393.132102464,66.010579981,Other,random,C4H2O,66.010584970,RC2_0046_ICR-3_p08
343.058954876,409.069534857,66.010579981,Other,random,C4H2O,66.010584970,RC2_0046_ICR-3_p08
350.051620213,416.062200193,66.010579981,Other,random,C4H2O,66.010584970,RC2_0046_ICR-3_p08
421.090579863,487.101159843,66.010579981,Other,random,C4H2O,66.010584970,RC2_0046_ICR-3_p08
509.106683495,575.117263475,66.010579981,Other,random,C4H2O,66.010584970,RC2_0046_ICR-3_p08
579.208399121,645.218979101,66.010579981,Other,random,C4H2O,66.010584970,RC2_0046_ICR-3_p08
338.124356809,404.134936789,66.010579981,Other,random,C4H2O,66.010584970,RC2_0046_ICR-3_p08
481.062136461,547.072716442,66.010579981,Other,random,C4H2O,66.010584970,RC2_0046_ICR-3_p08
517.119737503,583.130317484,66.010579981,Other,random,C4H2O,66.010584970,RC2_0046_ICR-3_p08
310.093147718,376.103728699,66.010580981,Other,random,C4H2O,66.010584970,RC2_0046_ICR-3_p08
385.178471203,451.189052184,66.010580981,Other,random,C4H2O,66.010584970,RC2_0046_ICR-3_p08
411.093011273,477.103592253,66.010580981,Other,random,C4H2O,66.010584970,RC2_0046_ICR-3_p08
491.241601279,557.252182260,66.010580981,Other,random,C4H2O,66.010584970,RC2_0046_ICR-3_p08
509.093593551,575.104174531,66.010580981,Other,random,C4H2O,66.010584970,RC2_0046_ICR-3_p08
595.203246270,661.213827250,66.010580981,Other,random,C4H2O,66.010584970,RC2_0046_ICR-3_p08
357.110821267,423.121403248,66.010581981,Other,random,C4H2O,66.010584970,RC2_0046_ICR-3_p08
391.189115706,457.199697686,66.010581981,Other,random,C4H2O,66.010584970,RC2_0046_ICR-3_p08
517.184496229,583.195078209,66.010581981,Other,random,C4H2O,66.010584970,RC2_0046_ICR-3_p08
417.149804580,483.160387560,66.010582981,Other,random,C4H2O,66.010584970,RC2_0046_ICR-3_p08
361.129067222,427.139650202,66.010582981,Other,random,C4H2O,66.010584970,RC2_0046_ICR-3_p08
341.160435930,407.171018910,66.010582981,Other,random,C4H2O,66.010584970,RC2_0046_ICR-3_p08
503.155878739,569.166461719,66.010582981,Other,random,C4H2O,66.010584970,RC2_0046_ICR-3_p08
317.097322006,383.107904987,66.010582981,Other,random,C4H2O,66.010584970,RC2_0046_ICR-3_p08
324.036023572,390.046606553,66.010582981,Other,random,C4H2O,66.010584970,RC2_0046_ICR-3_p08
403.087874231,469.098457211,66.010582981,Other,random,C4H2O,66.010584970,RC2_0046_ICR-3_p08
485.239013743,551.249597723,66.010583981,Other,random,C4H2O,66.010584970,RC2_0046_ICR-3_p08
549.124849736,615.135433717,66.010583981,Other,random,C4H2O,66.010584970,RC2_0046_ICR-3_p08
583.276217865,649.286801845,66.010583981,Other,random,C4H2O,66.010584970,RC2_0046_ICR-3_p08
319.058846685,385.069431666,66.010584980,Other,random,C4H2O,66.010584970,RC2_0046_ICR-3_p08
353.160351025,419.170937006,66.010585980,Other,random,C4H2O,66.010584970,RC2_0046_ICR-3_p08
411.196524834,477.207110814,66.010585980,Other,random,C4H2O,66.010584970,RC2_0046_ICR-3_p08
433.041118168,499.051704149,66.010585980,Other,random,C4H2O,66.010584970,RC2_0046_ICR-3_p08
451.137461403,517.148048383,66.010586980,Other,random,C4H2O,66.010584970,RC2_0046_ICR-3_p08
496.073170784,562.083757764,66.010586980,Other,random,C4H2O,66.010584970,RC2_0046_ICR-3_p08
388.052124013,454.062711994,66.010587980,Other,random,C4H2O,66.010584970,RC2_0046_ICR-3_p08
495.077938005,561.088525986,66.010587980,Other,random,C4H2O,66.010584970,RC2_0046_ICR-3_p08
447.178862195,513.189450176,66.010587980,Other,random,C4H2O,66.010584970,RC2_0046_ICR-3_p08
473.158241990,539.168829970,66.010587980,Other,random,C4H2O,66.010584970,RC2_0046_ICR-3_p08
313.084682028,379.095271009,66.010588980,Other,random,C4H2O,66.010584970,RC2_0046_ICR-3_p08
365.137137219,431.147726200,66.010588980,Other,random,C4H2O,66.010584970,RC2_0046_ICR-3_p08
519.041591351,585.052180331,66.010588980,Other,random,C4H2O,66.010584970,RC2_0046_ICR-3_p08
381.149691294,447.160280274,66.010588980,Other,random,C4H2O,66.010584970,RC2_0046_ICR-3_p08
497.275378684,563.285967664,66.010588980,Other,random,C4H2O,66.010584970,RC2_0046_ICR-3_p08
381.168273215,447.178862195,66.010588980,Other,random,C4H2O,66.010584970,RC2_0046_ICR-3_p08
343.079748788,409.090338768,66.010589980,Other,random,C4H2O,66.010584970,RC2_0046_ICR-3_p08
355.103296783,421.113886764,66.010589980,Other,random,C4H2O,66.010584970,RC2_0046_ICR-3_p08
391.066942224,457.077532205,66.010589980,Other,random,C4H2O,66.010584970,RC2_0046_ICR-3_p08
403.225581647,469.236171627,66.010589980,Other,random,C4H2O,66.010584970,RC2_0046_ICR-3_p08
431.155737166,497.166327146,66.010589980,Other,random,C4H2O,66.010584970,RC2_0046_ICR-3_p08
417.249190158,483.259780139,66.010589980,Other,random,C4H2O,66.010584970,RC2_0046_ICR-3_p08
399.142459968,465.153050948,66.010590980,Other,random,C4H2O,66.010584970,RC2_0046_ICR-3_p08
367.116372823,433.126963804,66.010590980,Other,random,C4H2O,66.010584970,RC2_0046_ICR-3_p08
417.103659775,483.114250756,66.010590980,Other,random,C4H2O,66.010584970,RC2_0046_ICR-3_p08
497.166327146,563.176918127,66.010590980,Other,random,C4H2O,66.010584970,RC2_0046_ICR-3_p08
326.088036867,392.098628848,66.010591980,Other,random,C4H2O,66.010584970,RC2_0046_ICR-3_p08
407.134472065,473.145064046,66.010591980,Other,random,C4H2O,66.010584970,RC2_0046_ICR-3_p08
407.171018910,473.181610891,66.010591980,Other,random,C4H2O,66.010584970,RC2_0046_ICR-3_p08
407.220360701,473.230952681,66.010591980,Other,random,C4H2O,66.010584970,RC2_0046_ICR-3_p08
411.056790426,477.067382407,66.010591980,Other,random,C4H2O,66.010584970,RC2_0046_ICR-3_p08
505.148134287,571.158727268,66.010592980,Other,random,C4H2O,66.010584970,RC2_0046_ICR-3_p08
371.126536812,437.137129793,66.010592980,Other,random,C4H2O,66.010584970,RC2_0046_ICR-3_p08
469.062119366,535.072712346,66.010592980,Other,random,C4H2O,66.010584970,RC2_0046_ICR-3_p08
527.249610532,593.260203512,66.010592980,Other,random,C4H2O,66.010584970,RC2_0046_ICR-3_p08
563.153670226,629.164263206,66.010592980,Other,random,C4H2O,66.010584970,RC2_0046_ICR-3_p08
431.192009012,497.202602993,66.010593980,Other,random,C4H2O,66.010584970,RC2_0046_ICR-3_p08
429.067344025,495.077938005,66.010593980,Other,random,C4H2O,66.010584970,RC2_0046_ICR-3_p08
395.092647147,461.103241127,66.010593980,Other,random,C4H2O,66.010584970,RC2_0046_ICR-3_p08
337.121042065,403.152739956,66.031697891,Other,random,C4O2,66.031707090,RC2_0046_ICR-3_p08
383.107904987,449.139602878,66.031697891,Other,random,C4O2,66.031707090,RC2_0046_ICR-3_p08
471.129530596,537.161228486,66.031697891,Other,random,C4O2,66.031707090,RC2_0046_ICR-3_p08
544.145829858,610.177527748,66.031697891,Other,random,C4O2,66.031707090,RC2_0046_ICR-3_p08
641.224321047,707.256018938,66.031697891,Other,random,C4O2,66.031707090,RC2_0046_ICR-3_p08
453.212719599,519.244417490,66.031697891,Other,random,C4O2,66.031707090,RC2_0046_ICR-3_p08
301.144433679,367.176132570,66.031698891,Other,random,C4O2,66.031707090,RC2_0046_ICR-3_p08
563.132564315,629.164263206,66.031698891,Other,random,C4O2,66.031707090,RC2_0046_ICR-3_p08
357.134214168,423.165914059,66.031699891,Other,random,C4O2,66.031707090,RC2_0046_ICR-3_p08
361.129067222,427.160767113,66.031699891,Other,random,C4O2,66.031707090,RC2_0046_ICR-3_p08
551.046969583,617.078669474,66.031699891,Other,random,C4O2,66.031707090,RC2_0046_ICR-3_p08
367.066841034,433.098540925,66.031699891,Other,random,C4O2,66.031707090,RC2_0046_ICR-3_p08
447.202097097,513.233796988,66.031699891,Other,random,C4O2,66.031707090,RC2_0046_ICR-3_p08
475.088059803,541.119759694,66.031699891,Other,random,C4O2,66.031707090,RC2_0046_ICR-3_p08
437.173515638,503.205216529,66.031700891,Other,random,C4O2,66.031707090,RC2_0046_ICR-3_p08
399.071957267,465.103658158,66.031700891,Other,random,C4O2,66.031707090,RC2_0046_ICR-3_p08
405.155339461,471.187040352,66.031700891,Other,random,C4O2,66.031707090,RC2_0046_ICR-3_p08
427.116393301,493.148094192,66.031700891,Other,random,C4O2,66.031707090,RC2_0046_ICR-3_p08
543.259986615,609.291688506,66.031701891,Other,random,C4O2,66.031707090,RC2_0046_ICR-3_p08
361.157546101,427.189247992,66.031701891,Other,random,C4O2,66.031707090,RC2_0046_ICR-3_p08
383.004180427,449.035882318,66.031701891,Other,random,C4O2,66.031707090,RC2_0046_ICR-3_p08
381.147160304,447.178862195,66.031701891,Other,random,C4O2,66.031707090,RC2_0046_ICR-3_p08
269.131227480,335.162930371,66.031702891,Other,random,C4O2,66.031707090,RC2_0046_ICR-3_p08
429.046235115,495.077938005,66.031702891,Other,random,C4O2,66.031707090,RC2_0046_ICR-3_p08
421.077501918,487.109204809,66.031702891,Other,random,C4O2,66.031707090,RC2_0046_ICR-3_p08
329.115972023,395.147674914,66.031702891,Other,random,C4O2,66.031707090,RC2_0046_ICR-3_p08
415.189012897,481.220715788,66.031702891,Other,random,C4O2,66.031707090,RC2_0046_ICR-3_p08
405.082477770,471.114181661,66.031703891,Other,random,C4O2,66.031707090,RC2_0046_ICR-3_p08
433.150267705,499.181971596,66.031703891,Other,random,C4O2,66.031707090,RC2_0046_ICR-3_p08
553.098866878,619.130570769,66.031703891,Other,random,C4O2,66.031707090,RC2_0046_ICR-3_p08
573.197712618,639.229416509,66.031703891,Other,random,C4O2,66.031707090,RC2_0046_ICR-3_p08
428.062129289,494.093834180,66.031704891,Other,random,C4O2,66.031707090,RC2_0046_ICR-3_p08
511.210291571,577.241996462,66.031704891,Other,random,C4O2,66.031707090,RC2_0046_ICR-3_p08
535.182122882,601.213827773,66.031704891,Other,random,C4O2,66.031707090,RC2_0046_ICR-3_p08
447.020355868,513.052060759,66.031704891,Other,random,C4O2,66.031707090,RC2_0046_ICR-3_p08
713.245182531,779.276887422,66.031704891,Other,random,C4O2,66.031707090,RC2_0046_ICR-3_p08
445.150173801,511.181879692,66.031705891,Other,random,C4O2,66.031707090,RC2_0046_ICR-3_p08
238.035718389,304.067424280,66.031705891,Other,random,C4O2,66.031707090,RC2_0046_ICR-3_p08
493.127064281,559.158771172,66.031706891,Other,random,C4O2,66.031707090,RC2_0046_ICR-3_p08
429.059373059,495.091079950,66.031706891,Other,random,C4O2,66.031707090,RC2_0046_ICR-3_p08
357.128608192,423.160315083,66.031706891,Other,random,C4O2,66.031707090,RC2_0046_ICR-3_p08
485.158281085,551.189987976,66.031706891,Other,random,C4O2,66.031707090,RC2_0046_ICR-3_p08
499.124478840,565.156187731,66.031708891,Other,random,C4O2,66.031707090,RC2_0046_ICR-3_p08
471.215352231,537.247062122,66.031709891,Other,random,C4O2,66.031707090,RC2_0046_ICR-3_p08
423.202264905,489.233974796,66.031709891,Other,random,C4O2,66.031707090,RC2_0046_ICR-3_p08
363.157831616,429.189541507,66.031709891,Other,random,C4O2,66.031707090,RC2_0046_ICR-3_p08
443.207521042,509.239230933,66.031709891,Other,random,C4O2,66.031707090,RC2_0046_ICR-3_p08
401.160450407,467.192161298,66.031710891,Other,random,C4O2,66.031707090,RC2_0046_ICR-3_p08
403.225581647,469.257292538,66.031710891,Other,random,C4O2,66.031707090,RC2_0046_ICR-3_p08
643.203651650,709.235362541,66.031710891,Other,random,C4O2,66.031707090,RC2_0046_ICR-3_p08
557.252182260,623.283894151,66.031711891,Other,random,C4O2,66.031707090,RC2_0046_ICR-3_p08
449.072241163,515.103953054,66.031711891,Other,random,C4O2,66.031707090,RC2_0046_ICR-3_p08
479.192074394,545.223786285,66.031711891,Other,random,C4O2,66.031707090,RC2_0046_ICR-3_p08
361.056363530,427.088076421,66.031712891,Other,random,C4O2,66.031707090,RC2_0046_ICR-3_p08
305.175747578,371.207460469,66.031712891,Other,random,C4O2,66.031707090,RC2_0046_ICR-3_p08
349.178634916,415.210347807,66.031712891,Other,random,C4O2,66.031707090,RC2_0046_ICR-3_p08
365.196847966,431.228560857,66.031712891,Other,random,C4O2,66.031707090,RC2_0046_ICR-3_p08
603.208347312,669.240060203,66.031712891,Other,random,C4O2,66.031707090,RC2_0046_ICR-3_p08
601.047376479,667.079090370,66.031713891,Other,random,C4O2,66.031707090,RC2_0046_ICR-3_p08
415.066872416,481.098586306,66.031713891,Other,random,C4O2,66.031707090,RC2_0046_ICR-3_p08
553.171669570,619.203383460,66.031713891,Other,random,C4O2,66.031707090,RC2_0046_ICR-3_p08
331.095193627,397.126908518,66.031714891,Other,random,C4O2,66.031707090,RC2_0046_ICR-3_p08
395.061821278,461.093536169,66.031714891,Other,random,C4O2,66.031707090,RC2_0046_ICR-3_p08
433.077380014,499.109094905,66.031714891,Other,random,C4O2,66.031707090,RC2_0046_ICR-3_p08
475.233650186,541.265366077,66.031715891,Other,random,C4O2,66.031707090,RC2_0046_ICR-3_p08
493.163441127,559.195157018,66.031715891,Other,random,C4O2,66.031707090,RC2_0046_ICR-3_p08
261.053445747,327.085161637,66.031715891,Other,random,C4O2,66.031707090,RC2_0046_ICR-3_p08
511.173789726,577.205505617,66.031715891,Other,random,C4O2,66.031707090,RC2_0046_ICR-3_p08
455.183959237,521.215676128,66.031716891,Other,random,C4O2,66.031707090,RC2_0046_ICR-3_p08
365.014899738,431.046616629,66.031716891,Other,random,C4O2,66.031707090,RC2_0046_ICR-3_p08
381.204807060,447.251731886,66.046924826,Other,random,C5H6,66.046934810,RC2_0046_ICR-3_p08
459.142468445,525.189393271,66.046924826,Other,random,C5H6,66.046934810,RC2_0046_ICR-3_p08
309.025120249,375.072046075,66.046925826,Other,random,C5H6,66.046934810,RC2_0046_ICR-3_p08
415.051660480,481.098586306,66.046925826,Other,random,C5H6,66.046934810,RC2_0046_ICR-3_p08
356.062150716,422.109076542,66.046925826,Other,random,C5H6,66.046934810,RC2_0046_ICR-3_p08
417.059170964,483.106096790,66.046925826,Other,random,C5H6,66.046934810,RC2_0046_ICR-3_p08
329.124093988,395.171020815,66.046926826,Other,random,C5H6,66.046934810,RC2_0046_ICR-3_p08
361.019841685,427.066768512,66.046926826,Other,random,C5H6,66.046934810,RC2_0046_ICR-3_p08
625.141028273,691.187955099,66.046926826,Other,random,C5H6,66.046934810,RC2_0046_ICR-3_p08
333.061454286,399.108381112,66.046926826,Other,random,C5H6,66.046934810,RC2_0046_ICR-3_p08
375.066421099,441.113348925,66.046927826,Other,random,C5H6,66.046934810,RC2_0046_ICR-3_p08
435.056770618,501.103698444,66.046927826,Other,random,C5H6,66.046934810,RC2_0046_ICR-3_p08
325.142186880,391.189115706,66.046928826,Other,random,C5H6,66.046934810,RC2_0046_ICR-3_p08
433.113845860,499.160774686,66.046928826,Other,random,C5H6,66.046934810,RC2_0046_ICR-3_p08
485.166323051,551.213251877,66.046928826,Other,random,C5H6,66.046934810,RC2_0046_ICR-3_p08
407.061756374,473.108686200,66.046929826,Other,random,C5H6,66.046934810,RC2_0046_ICR-3_p08
471.179039386,537.225969212,66.046929826,Other,random,C5H6,66.046934810,RC2_0046_ICR-3_p08
395.111104069,461.158034895,66.046930826,Other,random,C5H6,66.046934810,RC2_0046_ICR-3_p08
482.057418239,548.104349065,66.046930826,Other,random,C5H6,66.046934810,RC2_0046_ICR-3_p08
503.132519838,569.179450664,66.046930826,Other,random,C5H6,66.046934810,RC2_0046_ICR-3_p08
459.223486101,525.270416928,66.046930826,Other,random,C5H6,66.046934810,RC2_0046_ICR-3_p08
287.069136387,353.116068213,66.046931826,Other,random,C5H6,66.046934810,RC2_0046_ICR-3_p08
343.131627568,409.178559394,66.046931826,Other,random,C5H6,66.046934810,RC2_0046_ICR-3_p08
353.087620334,419.134552160,66.046931826,Other,random,C5H6,66.046934810,RC2_0046_ICR-3_p08
515.168918779,581.215850605,66.046931826,Other,random,C5H6,66.046934810,RC2_0046_ICR-3_p08
421.199805399,487.246737226,66.046931826,Other,random,C5H6,66.046934810,RC2_0046_ICR-3_p08
445.108135979,511.155067806,66.046931826,Other,random,C5H6,66.046934810,RC2_0046_ICR-3_p08
337.123528054,403.170459881,66.046931826,Other,random,C5H6,66.046934810,RC2_0046_ICR-3_p08
455.220515082,521.267446909,66.046931826,Other,random,C5H6,66.046934810,RC2_0046_ICR-3_p08
281.152441486,347.199374312,66.046932826,Other,random,C5H6,66.046934810,RC2_0046_ICR-3_p08
311.149873236,377.196806062,66.046932826,Other,random,C5H6,66.046934810,RC2_0046_ICR-3_p08
339.108406634,405.155339461,66.046932826,Other,random,C5H6,66.046934810,RC2_0046_ICR-3_p08
365.209922911,431.256855737,66.046932826,Other,random,C5H6,66.046934810,RC2_0046_ICR-3_p08
429.067344025,495.114276851,66.046932826,Other,random,C5H6,66.046934810,RC2_0046_ICR-3_p08
439.191527078,505.238459904,66.046932826,Other,random,C5H6,66.046934810,RC2_0046_ICR-3_p08
451.124403458,517.171336284,66.046932826,Other,random,C5H6,66.046934810,RC2_0046_ICR-3_p08
443.228496953,509.275429779,66.046932826,Other,random,C5H6,66.046934810,RC2_0046_ICR-3_p08
359.025494145,425.072427972,66.046933826,Other,random,C5H6,66.046934810,RC2_0046_ICR-3_p08
383.025307337,449.072241163,66.046933826,Other,random,C5H6,66.046934810,RC2_0046_ICR-3_p08
343.030503997,409.077438823,66.046934826,Other,random,C5H6,66.046934810,RC2_0046_ICR-3_p08
505.220783979,571.267718805,66.046934826,Other,random,C5H6,66.046934810,RC2_0046_ICR-3_p08
565.119770885,631.166705712,66.046934826,Other,random,C5H6,66.046934810,RC2_0046_ICR-3_p08
373.069380571,439.116315397,66.046934826,Other,random,C5H6,66.046934810,RC2_0046_ICR-3_p08
447.259765852,513.306700678,66.046934826,Other,random,C5H6,66.046934810,RC2_0046_ICR-3_p08
371.053802121,437.100736947,66.046934826,Other,random,C5H6,66.046934810,RC2_0046_ICR-3_p08
347.113414677,413.160350503,66.046935826,Other,random,C5H6,66.046934810,RC2_0046_ICR-3_p08
361.041140595,427.088076421,66.046935826,Other,random,C5H6,66.046934810,RC2_0046_ICR-3_p08
386.999311479,453.046247306,66.046935826,Other,random,C5H6,66.046934810,RC2_0046_ICR-3_p08
392.025809157,458.072744983,66.046935826,Other,random,C5H6,66.046934810,RC2_0046_ICR-3_p08
431.119390320,497.166327146,66.046936826,Other,random,C5H6,66.046934810,RC2_0046_ICR-3_p08
261.076864647,327.123801474,66.046936826,Other,random,C5H6,66.046934810,RC2_0046_ICR-3_p08
463.124446553,529.171383380,66.046936826,Other,random,C5H6,66.046934810,RC2_0046_ICR-3_p08
328.067288471,394.114226298,66.046937826,Other,random,C5H6,66.046934810,RC2_0046_ICR-3_p08
337.214948666,403.261886493,66.046937826,Other,random,C5H6,66.046934810,RC2_0046_ICR-3_p08
347.134614587,413.181552413,66.046937826,Other,random,C5H6,66.046934810,RC2_0046_ICR-3_p08
357.149763102,423.196700929,66.046937826,Other,random,C5H6,66.046934810,RC2_0046_ICR-3_p08
364.067393757,430.114331584,66.046937826,Other,random,C5H6,66.046934810,RC2_0046_ICR-3_p08
371.061836087,437.108773913,66.046937826,Other,random,C5H6,66.046934810,RC2_0046_ICR-3_p08
427.173820057,493.220757884,66.046937826,Other,random,C5H6,66.046934810,RC2_0046_ICR-3_p08
459.114232565,525.161170391,66.046937826,Other,random,C5H6,66.046934810,RC2_0046_ICR-3_p08
395.220362605,461.267301432,66.046938826,Other,random,C5H6,66.046934810,RC2_0046_ICR-3_p08
457.134896961,523.181835788,66.046938826,Other,random,C5H6,66.046934810,RC2_0046_ICR-3_p08
391.061341248,457.108281074,66.046939826,Other,random,C5H6,66.046934810,RC2_0046_ICR-3_p08
225.113277206,291.160217032,66.046939826,Other,random,C5H6,66.046934810,RC2_0046_ICR-3_p08
363.048628079,429.095567905,66.046939826,Other,random,C5H6,66.046934810,RC2_0046_ICR-3_p08
443.119370416,509.166310242,66.046939826,Other,random,C5H6,66.046934810,RC2_0046_ICR-3_p08
293.066606945,359.113546772,66.046939826,Other,random,C5H6,66.046934810,RC2_0046_ICR-3_p08
379.134110844,445.181050670,66.046939826,Other,random,C5H6,66.046934810,RC2_0046_ICR-3_p08
442.034163019,508.081102846,66.046939826,Other,random,C5H6,66.046934810,RC2_0046_ICR-3_p08
543.135541143,609.182480970,66.046939826,Other,random,C5H6,66.046934810,RC2_0046_ICR-3_p08
327.085161637,393.132102464,66.046940826,Other,random,C5H6,66.046934810,RC2_0046_ICR-3_p08
469.257292538,535.304233364,66.046940826,Other,random,C5H6,66.046934810,RC2_0046_ICR-3_p08
323.113488485,389.160429312,66.046940826,Other,random,C5H6,66.046934810,RC2_0046_ICR-3_p08
365.123981275,431.170922102,66.046940826,Other,random,C5H6,66.046934810,RC2_0046_ICR-3_p08
384.106350751,450.153291578,66.046940826,Other,random,C5H6,66.046934810,RC2_0046_ICR-3_p08
460.154048154,526.200988980,66.046940826,Other,random,C5H6,66.046934810,RC2_0046_ICR-3_p08
393.095526619,459.142468445,66.046941826,Other,random,C5H6,66.046934810,RC2_0046_ICR-3_p08
351.085089829,417.132031655,66.046941826,Other,random,C5H6,66.046934810,RC2_0046_ICR-3_p08
428.127699011,494.174640837,66.046941826,Other,random,C5H6,66.046934810,RC2_0046_ICR-3_p08
431.046616629,497.093558455,66.046941826,Other,random,C5H6,66.046934810,RC2_0046_ICR-3_p08
461.072387258,527.119329085,66.046941826,Other,random,C5H6,66.046934810,RC2_0046_ICR-3_p08
639.265941354,705.312883181,66.046941826,Other,random,C5H6,66.046934810,RC2_0046_ICR-3_p08
331.176140283,397.223083110,66.046942826,Other,random,C5H6,66.046934810,RC2_0046_ICR-3_p08
389.072456685,455.119399511,66.046942826,Other,random,C5H6,66.046934810,RC2_0046_ICR-3_p08
221.045627461,287.092570288,66.046942826,Other,random,C5H6,66.046934810,RC2_0046_ICR-3_p08
475.254720096,541.301662923,66.046942826,Other,random,C5H6,66.046934810,RC2_0046_ICR-3_p08
613.105044330,679.151987156,66.046942826,Other,random,C5H6,66.046934810,RC2_0046_ICR-3_p08
499.101061939,565.148005765,66.046943826,Other,random,C5H6,66.046934810,RC2_0046_ICR-3_p08
377.082072549,443.129016375,66.046943826,Other,random,C5H6,66.046934810,RC2_0046_ICR-3_p08
631.203185557,697.250129383,66.046943826,Other,random,C5H6,66.046934810,RC2_0046_ICR-3_p08
538.083689573,605.114646225,67.030956652,Other,random,C5H5N_1O1,67.030966000,RC2_0046_ICR-3_p08
350.015254367,417.046213019,67.030958652,Other,random,C5H5N_1O1,67.030966000,RC2_0046_ICR-3_p08
568.167375957,635.198334609,67.030958652,Other,random,C5H5N_1O1,67.030966000,RC2_0046_ICR-3_p08
326.088036867,393.118996519,67.030959652,Other,random,C5H5N_1O1,67.030966000,RC2_0046_ICR-3_p08
406.150651239,473.181610891,67.030959652,Other,random,C5H5N_1O1,67.030966000,RC2_0046_ICR-3_p08
550.120282514,617.151244166,67.030961652,Other,random,C5H5N_1O1,67.030966000,RC2_0046_ICR-3_p08
436.088453241,503.119415893,67.030962652,Other,random,C5H5N_1O1,67.030966000,RC2_0046_ICR-3_p08
376.116639644,443.147604296,67.030964652,Other,random,C5H5N_1O1,67.030966000,RC2_0046_ICR-3_p08
358.106038046,425.137002698,67.030964652,Other,random,C5H5N_1O1,67.030966000,RC2_0046_ICR-3_p08
308.041080423,375.072046075,67.030965652,Other,random,C5H5N_1O1,67.030966000,RC2_0046_ICR-3_p08
494.093834180,561.124799832,67.030965652,Other,random,C5H5N_1O1,67.030966000,RC2_0046_ICR-3_p08
392.220719330,459.251686982,67.030967652,Other,random,C5H5N_1O1,67.030966000,RC2_0046_ICR-3_p08
448.161174028,515.192141680,67.030967652,Other,random,C5H5N_1O1,67.030966000,RC2_0046_ICR-3_p08
362.088018154,429.118988806,67.030970652,Other,random,C5H5N_1O1,67.030966000,RC2_0046_ICR-3_p08
334.129479755,401.160450407,67.030970652,Other,random,C5H5N_1O1,67.030966000,RC2_0046_ICR-3_p08
436.101548186,503.132519838,67.030971652,Other,random,C5H5N_1O1,67.030966000,RC2_0046_ICR-3_p08
388.103666795,455.134640447,67.030973652,Other,random,C5H5N_1O1,67.030966000,RC2_0046_ICR-3_p08
340.140044258,407.171018910,67.030974652,Other,random,C5H5N_1O1,67.030966000,RC2_0046_ICR-3_p08
550.229472050,617.260446702,67.030974652,Other,random,C5H5N_1O1,67.030966000,RC2_0046_ICR-3_p08
441.030752276,508.072942880,67.042190604,Other,random,C4H5N1,67.042199000,RC2_0046_ICR-3_p08
341.087629238,408.129820843,67.042191604,Other,random,C4H5N1,67.042199000,RC2_0046_ICR-3_p08
457.062282269,524.104473874,67.042191604,Other,random,C4H5N1,67.042199000,RC2_0046_ICR-3_p08
293.043288044,360.085480649,67.042192604,Other,random,C4H5N1,67.042199000,RC2_0046_ICR-3_p08
449.072241163,516.114433768,67.042192604,Other,random,C4H5N1,67.042199000,RC2_0046_ICR-3_p08
381.046223732,448.088417337,67.042193604,Other,random,C4H5N1,67.042199000,RC2_0046_ICR-3_p08
421.077501918,488.119696523,67.042194604,Other,random,C4H5N1,67.042199000,RC2_0046_ICR-3_p08
327.085161637,394.127357242,67.042195604,Other,random,C4H5N1,67.042199000,RC2_0046_ICR-3_p08
391.030549379,458.072744983,67.042195604,Other,random,C4H5N1,67.042199000,RC2_0046_ICR-3_p08
323.004408948,390.046606553,67.042197604,Other,random,C4H5N1,67.042199000,RC2_0046_ICR-3_p08
355.103296783,422.145494388,67.042197604,Other,random,C4H5N1,67.042199000,RC2_0046_ICR-3_p08
343.030503997,410.072702601,67.042198604,Other,random,C4H5N1,67.042199000,RC2_0046_ICR-3_p08
455.119399511,522.161599116,67.042199604,Other,random,C4H5N1,67.042199000,RC2_0046_ICR-3_p08
349.019999589,416.062200193,67.042200604,Other,random,C4H5N1,67.042199000,RC2_0046_ICR-3_p08
269.103117600,336.145318204,67.042200604,Other,random,C4H5N1,67.042199000,RC2_0046_ICR-3_p08
297.025191153,364.067393757,67.042202604,Other,random,C4H5N1,67.042199000,RC2_0046_ICR-3_p08
301.020034207,368.062239811,67.042205604,Other,random,C4H5N1,67.042199000,RC2_0046_ICR-3_p08
449.035882318,516.078087922,67.042205604,Other,random,C4H5N1,67.042199000,RC2_0046_ICR-3_p08
418.053885745,485.108661296,67.054775551,Other,random,isoprene addition (-H),67.054775260,RC2_0046_ICR-3_p08
345.097853227,413.087686811,67.989833584,Other,random,C3O2,67.989842800,RC2_0046_ICR-3_p08
351.230545212,419.220378796,67.989833584,Other,random,C3O2,67.989842800,RC2_0046_ICR-3_p08
224.056505689,292.046339274,67.989833584,Other,random,C3O2,67.989842800,RC2_0046_ICR-3_p08
339.035520944,407.025354528,67.989833584,Other,random,C3O2,67.989842800,RC2_0046_ICR-3_p08
355.103296783,423.093130368,67.989833584,Other,random,C3O2,67.989842800,RC2_0046_ICR-3_p08
397.163217364,465.153050948,67.989833584,Other,random,C3O2,67.989842800,RC2_0046_ICR-3_p08
437.175803629,505.165637213,67.989833584,Other,random,C3O2,67.989842800,RC2_0046_ICR-3_p08
343.095198722,411.085032307,67.989833584,Other,random,C3O2,67.989842800,RC2_0046_ICR-3_p08
299.126538239,367.116372823,67.989834584,Other,random,C3O2,67.989842800,RC2_0046_ICR-3_p08
323.040714794,391.030549379,67.989834584,Other,random,C3O2,67.989842800,RC2_0046_ICR-3_p08
325.129161935,393.118996519,67.989834584,Other,random,C3O2,67.989842800,RC2_0046_ICR-3_p08
365.118427299,433.108261883,67.989834584,Other,random,C3O2,67.989842800,RC2_0046_ICR-3_p08
555.236593810,623.226428395,67.989834584,Other,random,C3O2,67.989842800,RC2_0046_ICR-3_p08
339.108406634,407.098242219,67.989835584,Other,random,C3O2,67.989842800,RC2_0046_ICR-3_p08
339.181183326,407.171018910,67.989835584,Other,random,C3O2,67.989842800,RC2_0046_ICR-3_p08
481.135014152,549.124849736,67.989835584,Other,random,C3O2,67.989842800,RC2_0046_ICR-3_p08
333.074532230,401.064367815,67.989835584,Other,random,C3O2,67.989842800,RC2_0046_ICR-3_p08
431.147726200,499.137561784,67.989835584,Other,random,C3O2,67.989842800,RC2_0046_ICR-3_p08
357.082591387,425.072427972,67.989836584,Other,random,C3O2,67.989842800,RC2_0046_ICR-3_p08
345.183700863,413.173537447,67.989836584,Other,random,C3O2,67.989842800,RC2_0046_ICR-3_p08
413.035891031,481.025727615,67.989836584,Other,random,C3O2,67.989842800,RC2_0046_ICR-3_p08
419.134552160,487.124388745,67.989836584,Other,random,C3O2,67.989842800,RC2_0046_ICR-3_p08
647.234698550,715.224535135,67.989836584,Other,random,C3O2,67.989842800,RC2_0046_ICR-3_p08
455.046540820,523.036377405,67.989836584,Other,random,C3O2,67.989842800,RC2_0046_ICR-3_p08
345.061361382,413.051198966,67.989837584,Other,random,C3O2,67.989842800,RC2_0046_ICR-3_p08
573.182535683,641.172373267,67.989837584,Other,random,C3O2,67.989842800,RC2_0046_ICR-3_p08
349.092643281,417.082480865,67.989837584,Other,random,C3O2,67.989842800,RC2_0046_ICR-3_p08
397.041121882,465.030959466,67.989837584,Other,random,C3O2,67.989842800,RC2_0046_ICR-3_p08
549.174458526,617.164297110,67.989838584,Other,random,C3O2,67.989842800,RC2_0046_ICR-3_p08
611.198267418,679.188106003,67.989838584,Other,random,C3O2,67.989842800,RC2_0046_ICR-3_p08
297.074484944,365.064324528,67.989839584,Other,random,C3O2,67.989842800,RC2_0046_ICR-3_p08
381.131987369,449.121826953,67.989839584,Other,random,C3O2,67.989842800,RC2_0046_ICR-3_p08
461.108806104,529.098645688,67.989839584,Other,random,C3O2,67.989842800,RC2_0046_ICR-3_p08
411.178943908,479.168784493,67.989840584,Other,random,C3O2,67.989842800,RC2_0046_ICR-3_p08
445.181050670,513.170891254,67.989840584,Other,random,C3O2,67.989842800,RC2_0046_ICR-3_p08
447.142559349,515.132400934,67.989841584,Other,random,C3O2,67.989842800,RC2_0046_ICR-3_p08
261.053445747,329.043287331,67.989841584,Other,random,C3O2,67.989842800,RC2_0046_ICR-3_p08
421.077501918,489.067343503,67.989841584,Other,random,C3O2,67.989842800,RC2_0046_ICR-3_p08
379.116250920,447.106093504,67.989842584,Other,random,C3O2,67.989842800,RC2_0046_ICR-3_p08
453.067303216,521.057145801,67.989842584,Other,random,C3O2,67.989842800,RC2_0046_ICR-3_p08
455.191993203,523.181835788,67.989842584,Other,random,C3O2,67.989842800,RC2_0046_ICR-3_p08
329.051278297,397.041121882,67.989843584,Other,random,C3O2,67.989842800,RC2_0046_ICR-3_p08
431.165408125,499.155251709,67.989843584,Other,random,C3O2,67.989842800,RC2_0046_ICR-3_p08
351.157780520,419.147624105,67.989843584,Other,random,C3O2,67.989842800,RC2_0046_ICR-3_p08
439.160662209,507.150505793,67.989843584,Other,random,C3O2,67.989842800,RC2_0046_ICR-3_p08
481.257196634,549.247040218,67.989843584,Other,random,C3O2,67.989842800,RC2_0046_ICR-3_p08
503.192178585,571.182023169,67.989844584,Other,random,C3O2,67.989842800,RC2_0046_ICR-3_p08
391.061341248,459.051185832,67.989844584,Other,random,C3O2,67.989842800,RC2_0046_ICR-3_p08
407.147582010,475.137426594,67.989844584,Other,random,C3O2,67.989842800,RC2_0046_ICR-3_p08
475.051546958,543.041391543,67.989844584,Other,random,C3O2,67.989842800,RC2_0046_ICR-3_p08
321.097822036,389.087667620,67.989845584,Other,random,C3O2,67.989842800,RC2_0046_ICR-3_p08
491.241601279,559.231446864,67.989845584,Other,random,C3O2,67.989842800,RC2_0046_ICR-3_p08
579.135451430,647.125297015,67.989845584,Other,random,C3O2,67.989842800,RC2_0046_ICR-3_p08
309.134218786,377.124064370,67.989845584,Other,random,C3O2,67.989842800,RC2_0046_ICR-3_p08
445.171375711,513.161221295,67.989845584,Other,random,C3O2,67.989842800,RC2_0046_ICR-3_p08
629.245490861,697.235336446,67.989845584,Other,random,C3O2,67.989842800,RC2_0046_ICR-3_p08
597.109830182,665.099676767,67.989846584,Other,random,C3O2,67.989842800,RC2_0046_ICR-3_p08
557.260455225,625.250301809,67.989846584,Other,random,C3O2,67.989842800,RC2_0046_ICR-3_p08
445.235969437,513.225817021,67.989847584,Other,random,C3O2,67.989842800,RC2_0046_ICR-3_p08
357.046081542,425.035929126,67.989847584,Other,random,C3O2,67.989842800,RC2_0046_ICR-3_p08
359.243775219,427.233622804,67.989847584,Other,random,C3O2,67.989842800,RC2_0046_ICR-3_p08
369.118926329,437.108773913,67.989847584,Other,random,C3O2,67.989842800,RC2_0046_ICR-3_p08
308.041080423,376.030929008,67.989848584,Other,random,C3O2,67.989842800,RC2_0046_ICR-3_p08
419.183962951,487.173811535,67.989848584,Other,random,C3O2,67.989842800,RC2_0046_ICR-3_p08
467.046583916,535.036432500,67.989848584,Other,random,C3O2,67.989842800,RC2_0046_ICR-3_p08
455.220515082,523.210363667,67.989848584,Other,random,C3O2,67.989842800,RC2_0046_ICR-3_p08
525.225938116,593.215786701,67.989848584,Other,random,C3O2,67.989842800,RC2_0046_ICR-3_p08
353.196874871,421.186724455,67.989849584,Other,random,C3O2,67.989842800,RC2_0046_ICR-3_p08
415.124401172,483.114250756,67.989849584,Other,random,C3O2,67.989842800,RC2_0046_ICR-3_p08
333.170599823,401.160450407,67.989850584,Other,random,C3O2,67.989842800,RC2_0046_ICR-3_p08
355.030544092,423.020394676,67.989850584,Other,random,C3O2,67.989842800,RC2_0046_ICR-3_p08
689.281687186,757.271537770,67.989850584,Other,random,C3O2,67.989842800,RC2_0046_ICR-3_p08
387.175505732,455.165356316,67.989850584,Other,random,C3O2,67.989842800,RC2_0046_ICR-3_p08
667.297712442,735.287563027,67.989850584,Other,random,C3O2,67.989842800,RC2_0046_ICR-3_p08
387.157810807,455.147662391,67.989851584,Other,random,C3O2,67.989842800,RC2_0046_ICR-3_p08
423.069787467,491.059639051,67.989851584,Other,random,C3O2,67.989842800,RC2_0046_ICR-3_p08
433.108261883,501.098113468,67.989851584,Other,random,C3O2,67.989842800,RC2_0046_ICR-3_p08
453.249176445,521.239028029,67.989851584,Other,random,C3O2,67.989842800,RC2_0046_ICR-3_p08
653.245424053,721.235275637,67.989851584,Other,random,C3O2,67.989842800,RC2_0046_ICR-3_p08
311.077088544,379.066941129,67.989852584,Other,random,C3O2,67.989842800,RC2_0046_ICR-3_p08
337.069369284,405.059221868,67.989852584,Other,random,C3O2,67.989842800,RC2_0046_ICR-3_p08
343.168094413,411.157946997,67.989852584,Other,random,C3O2,67.989842800,RC2_0046_ICR-3_p08
379.139647820,447.129500405,67.989852584,Other,random,C3O2,67.989842800,RC2_0046_ICR-3_p08
419.147624105,487.137476689,67.989852584,Other,random,C3O2,67.989842800,RC2_0046_ICR-3_p08
431.170922102,499.160774686,67.989852584,Other,random,C3O2,67.989842800,RC2_0046_ICR-3_p08
433.113845860,501.103698444,67.989852584,Other,random,C3O2,67.989842800,RC2_0046_ICR-3_p08
495.150528698,563.140381282,67.989852584,Other,random,C3O2,67.989842800,RC2_0046_ICR-3_p08
423.123804238,491.113656822,67.989852584,Other,random,C3O2,67.989842800,RC2_0046_ICR-3_p08
463.137506498,531.127359082,67.989852584,Other,random,C3O2,67.989842800,RC2_0046_ICR-3_p08
363.085120924,431.111326354,68.026205430,Other,random,C4H4O1,68.026215000,RC2_0046_ICR-3_p08
361.096031362,429.122236792,68.026205430,Other,random,C4H4O1,68.026215000,RC2_0046_ICR-3_p08
405.095503714,473.121709145,68.026205430,Other,random,C4H4O1,68.026215000,RC2_0046_ICR-3_p08
447.087396583,515.113602013,68.026205430,Other,random,C4H4O1,68.026215000,RC2_0046_ICR-3_p08
373.178584107,441.204789537,68.026205430,Other,random,C4H4O1,68.026215000,RC2_0046_ICR-3_p08
388.059908980,456.086114410,68.026205430,Other,random,C4H4O1,68.026215000,RC2_0046_ICR-3_p08
454.062711994,522.088917424,68.026205430,Other,random,C4H4O1,68.026215000,RC2_0046_ICR-3_p08
545.130046682,613.156252113,68.026205430,Other,random,C4H4O1,68.026215000,RC2_0046_ICR-3_p08
527.249610532,595.275816962,68.026206430,Other,random,C4H4O1,68.026215000,RC2_0046_ICR-3_p08
420.057149247,488.083355677,68.026206430,Other,random,C4H4O1,68.026215000,RC2_0046_ICR-3_p08
371.061836087,439.088043517,68.026207430,Other,random,C4H4O1,68.026215000,RC2_0046_ICR-3_p08
503.132519838,571.158727268,68.026207430,Other,random,C4H4O1,68.026215000,RC2_0046_ICR-3_p08
331.045749836,399.071957267,68.026207430,Other,random,C4H4O1,68.026215000,RC2_0046_ICR-3_p08
365.051172584,433.077380014,68.026207430,Other,random,C4H4O1,68.026215000,RC2_0046_ICR-3_p08
481.135014152,549.161221582,68.026207430,Other,random,C4H4O1,68.026215000,RC2_0046_ICR-3_p08
375.056657140,443.082864571,68.026207430,Other,random,C4H4O1,68.026215000,RC2_0046_ICR-3_p08
339.072033789,407.098242219,68.026208430,Other,random,C4H4O1,68.026215000,RC2_0046_ICR-3_p08
259.155084800,327.181293230,68.026208430,Other,random,C4H4O1,68.026215000,RC2_0046_ICR-3_p08
405.082477770,473.108686200,68.026208430,Other,random,C4H4O1,68.026215000,RC2_0046_ICR-3_p08
549.088533890,617.114742321,68.026208430,Other,random,C4H4O1,68.026215000,RC2_0046_ICR-3_p08
649.286801845,717.313010276,68.026208430,Other,random,C4H4O1,68.026215000,RC2_0046_ICR-3_p08
593.187617820,661.213827250,68.026209430,Other,random,C4H4O1,68.026215000,RC2_0046_ICR-3_p08
471.150686506,539.176895936,68.026209430,Other,random,C4H4O1,68.026215000,RC2_0046_ICR-3_p08
327.144810384,395.171020815,68.026210430,Other,random,C4H4O1,68.026215000,RC2_0046_ICR-3_p08
365.087635429,433.113845860,68.026210430,Other,random,C4H4O1,68.026215000,RC2_0046_ICR-3_p08
383.147532819,451.173743249,68.026210430,Other,random,C4H4O1,68.026215000,RC2_0046_ICR-3_p08
343.116412632,411.142624062,68.026211430,Other,random,C4H4O1,68.026215000,RC2_0046_ICR-3_p08
451.246680939,519.272892370,68.026211430,Other,random,C4H4O1,68.026215000,RC2_0046_ICR-3_p08
334.020361218,402.046572648,68.026211430,Other,random,C4H4O1,68.026215000,RC2_0046_ICR-3_p08
357.149763102,425.175974532,68.026211430,Other,random,C4H4O1,68.026215000,RC2_0046_ICR-3_p08
313.092737994,381.118949424,68.026211430,Other,random,C4H4O1,68.026215000,RC2_0046_ICR-3_p08
325.020032398,393.046244828,68.026212430,Other,random,C4H4O1,68.026215000,RC2_0046_ICR-3_p08
375.085110020,443.111322450,68.026212430,Other,random,C4H4O1,68.026215000,RC2_0046_ICR-3_p08
477.067382407,545.093594837,68.026212430,Other,random,C4H4O1,68.026215000,RC2_0046_ICR-3_p08
359.004253235,427.030465666,68.026212430,Other,random,C4H4O1,68.026215000,RC2_0046_ICR-3_p08
439.124293363,507.150505793,68.026212430,Other,random,C4H4O1,68.026215000,RC2_0046_ICR-3_p08
497.093558455,565.119770885,68.026212430,Other,random,C4H4O1,68.026215000,RC2_0046_ICR-3_p08
349.019999589,417.046213019,68.026213430,Other,random,C4H4O1,68.026215000,RC2_0046_ICR-3_p08
368.062239811,436.088453241,68.026213430,Other,random,C4H4O1,68.026215000,RC2_0046_ICR-3_p08
529.119881598,597.146095028,68.026213430,Other,random,C4H4O1,68.026215000,RC2_0046_ICR-3_p08
603.135813620,671.162027050,68.026213430,Other,random,C4H4O1,68.026215000,RC2_0046_ICR-3_p08
339.066440812,407.092654243,68.026213430,Other,random,C4H4O1,68.026215000,RC2_0046_ICR-3_p08
397.150171419,465.176385849,68.026214430,Other,random,C4H4O1,68.026215000,RC2_0046_ICR-3_p08
443.119370416,511.145584846,68.026214430,Other,random,C4H4O1,68.026215000,RC2_0046_ICR-3_p08
453.189461698,521.215676128,68.026214430,Other,random,C4H4O1,68.026215000,RC2_0046_ICR-3_p08
473.036174507,541.062388938,68.026214430,Other,random,C4H4O1,68.026215000,RC2_0046_ICR-3_p08
485.057204514,553.083418944,68.026214430,Other,random,C4H4O1,68.026215000,RC2_0046_ICR-3_p08
509.158218276,577.184432706,68.026214430,Other,random,C4H4O1,68.026215000,RC2_0046_ICR-3_p08
333.046238350,401.072452780,68.026214430,Other,random,C4H4O1,68.026215000,RC2_0046_ICR-3_p08
429.067344025,497.093558455,68.026214430,Other,random,C4H4O1,68.026215000,RC2_0046_ICR-3_p08
547.182171977,615.208386407,68.026214430,Other,random,C4H4O1,68.026215000,RC2_0046_ICR-3_p08
407.092654243,475.118869673,68.026215430,Other,random,C4H4O1,68.026215000,RC2_0046_ICR-3_p08
407.111211164,475.137426594,68.026215430,Other,random,C4H4O1,68.026215000,RC2_0046_ICR-3_p08
323.071459664,391.097675094,68.026215430,Other,random,C4H4O1,68.026215000,RC2_0046_ICR-3_p08
367.225385361,435.251600791,68.026215430,Other,random,C4H4O1,68.026215000,RC2_0046_ICR-3_p08
409.235952151,477.262167581,68.026215430,Other,random,C4H4O1,68.026215000,RC2_0046_ICR-3_p08
549.197720427,617.223935857,68.026215430,Other,random,C4H4O1,68.026215000,RC2_0046_ICR-3_p08
577.047409288,645.073624718,68.026215430,Other,random,C4H4O1,68.026215000,RC2_0046_ICR-3_p08
309.097848940,377.124064370,68.026215430,Other,random,C4H4O1,68.026215000,RC2_0046_ICR-3_p08
377.154835240,445.181050670,68.026215430,Other,random,C4H4O1,68.026215000,RC2_0046_ICR-3_p08
379.139647820,447.165863250,68.026215430,Other,random,C4H4O1,68.026215000,RC2_0046_ICR-3_p08
423.069787467,491.096002897,68.026215430,Other,random,C4H4O1,68.026215000,RC2_0046_ICR-3_p08
297.110920789,365.137137219,68.026216430,Other,random,C4H4O1,68.026215000,RC2_0046_ICR-3_p08
333.155391887,401.181608317,68.026216430,Other,random,C4H4O1,68.026215000,RC2_0046_ICR-3_p08
347.134614587,415.160831017,68.026216430,Other,random,C4H4O1,68.026215000,RC2_0046_ICR-3_p08
367.134101748,435.160318178,68.026216430,Other,random,C4H4O1,68.026215000,RC2_0046_ICR-3_p08
389.072456685,457.098673115,68.026216430,Other,random,C4H4O1,68.026215000,RC2_0046_ICR-3_p08
407.134472065,475.160688495,68.026216430,Other,random,C4H4O1,68.026215000,RC2_0046_ICR-3_p08
347.053659930,415.079877360,68.026217430,Other,random,C4H4O1,68.026215000,RC2_0046_ICR-3_p08
353.116068213,421.142285643,68.026217430,Other,random,C4H4O1,68.026215000,RC2_0046_ICR-3_p08
383.134591874,451.160809304,68.026217430,Other,random,C4H4O1,68.026215000,RC2_0046_ICR-3_p08
395.134553969,463.160771399,68.026217430,Other,random,C4H4O1,68.026215000,RC2_0046_ICR-3_p08
547.109216287,615.135433717,68.026217430,Other,random,C4H4O1,68.026215000,RC2_0046_ICR-3_p08
341.154772954,409.180991384,68.026218430,Other,random,C4H4O1,68.026215000,RC2_0046_ICR-3_p08
386.080783376,454.107001806,68.026218430,Other,random,C4H4O1,68.026215000,RC2_0046_ICR-3_p08
482.057418239,550.083636669,68.026218430,Other,random,C4H4O1,68.026215000,RC2_0046_ICR-3_p08
315.025089797,383.051308227,68.026218430,Other,random,C4H4O1,68.026215000,RC2_0046_ICR-3_p08
365.014899738,433.041118168,68.026218430,Other,random,C4H4O1,68.026215000,RC2_0046_ICR-3_p08
529.184556324,597.210775754,68.026219430,Other,random,C4H4O1,68.026215000,RC2_0046_ICR-3_p08
309.055853118,377.082072549,68.026219430,Other,random,C4H4O1,68.026215000,RC2_0046_ICR-3_p08
323.090168584,391.116388014,68.026219430,Other,random,C4H4O1,68.026215000,RC2_0046_ICR-3_p08
395.220362605,463.246582035,68.026219430,Other,random,C4H4O1,68.026215000,RC2_0046_ICR-3_p08
415.079877360,483.106096790,68.026219430,Other,random,C4H4O1,68.026215000,RC2_0046_ICR-3_p08
597.219042719,665.245262149,68.026219430,Other,random,C4H4O1,68.026215000,RC2_0046_ICR-3_p08
397.180938288,465.207157718,68.026219430,Other,random,C4H4O1,68.026215000,RC2_0046_ICR-3_p08
443.228496953,511.254716383,68.026219430,Other,random,C4H4O1,68.026215000,RC2_0046_ICR-3_p08
505.129513366,573.155732796,68.026219430,Other,random,C4H4O1,68.026215000,RC2_0046_ICR-3_p08
308.077508269,376.103728699,68.026220430,Other,random,C4H4O1,68.026215000,RC2_0046_ICR-3_p08
469.184258847,537.210479278,68.026220430,Other,random,C4H4O1,68.026215000,RC2_0046_ICR-3_p08
470.057469143,538.083689573,68.026220430,Other,random,C4H4O1,68.026215000,RC2_0046_ICR-3_p08
429.285576099,497.311796529,68.026220430,Other,random,C4H4O1,68.026215000,RC2_0046_ICR-3_p08
431.165408125,499.191629555,68.026221430,Other,random,C4H4O1,68.026215000,RC2_0046_ICR-3_p08
498.088794233,566.115015663,68.026221430,Other,random,C4H4O1,68.026215000,RC2_0046_ICR-3_p08
410.072702601,478.098924031,68.026221430,Other,random,C4H4O1,68.026215000,RC2_0046_ICR-3_p08
441.249208349,509.275429779,68.026221430,Other,random,C4H4O1,68.026215000,RC2_0046_ICR-3_p08
449.121826953,517.148048383,68.026221430,Other,random,C4H4O1,68.026215000,RC2_0046_ICR-3_p08
465.067396311,533.093617741,68.026221430,Other,random,C4H4O1,68.026215000,RC2_0046_ICR-3_p08
583.203209175,651.229430605,68.026221430,Other,random,C4H4O1,68.026215000,RC2_0046_ICR-3_p08
689.209246493,757.235467923,68.026221430,Other,random,C4H4O1,68.026215000,RC2_0046_ICR-3_p08
433.098540925,501.124762355,68.026221430,Other,random,C4H4O1,68.026215000,RC2_0046_ICR-3_p08
439.088043517,507.114264947,68.026221430,Other,random,C4H4O1,68.026215000,RC2_0046_ICR-3_p08
559.130566292,627.156788722,68.026222430,Other,random,C4H4O1,68.026215000,RC2_0046_ICR-3_p08
389.123867467,457.150089897,68.026222430,Other,random,C4H4O1,68.026215000,RC2_0046_ICR-3_p08
437.145079759,505.171302189,68.026222430,Other,random,C4H4O1,68.026215000,RC2_0046_ICR-3_p08
519.187110733,587.213333163,68.026222430,Other,random,C4H4O1,68.026215000,RC2_0046_ICR-3_p08
531.135487048,599.161710478,68.026223430,Other,random,C4H4O1,68.026215000,RC2_0046_ICR-3_p08
469.135005056,537.161228486,68.026223430,Other,random,C4H4O1,68.026215000,RC2_0046_ICR-3_p08
455.119399511,523.145622941,68.026223430,Other,random,C4H4O1,68.026215000,RC2_0046_ICR-3_p08
455.228278049,523.254501479,68.026223430,Other,random,C4H4O1,68.026215000,RC2_0046_ICR-3_p08
373.056398626,441.082623056,68.026224430,Other,random,C4H4O1,68.026215000,RC2_0046_ICR-3_p08
341.152334964,409.178559394,68.026224430,Other,random,C4H4O1,68.026215000,RC2_0046_ICR-3_p08
405.191570307,473.217794737,68.026224430,Other,random,C4H4O1,68.026215000,RC2_0046_ICR-3_p08
535.182122882,603.208347312,68.026224430,Other,random,C4H4O1,68.026215000,RC2_0046_ICR-3_p08
455.025378910,523.051603340,68.026224430,Other,random,C4H4O1,68.026215000,RC2_0046_ICR-3_p08
375.165906677,443.228496953,68.062590276,Other,random,C5H8,68.062600000,RC2_0046_ICR-3_p08
315.063982632,383.126572908,68.062590276,Other,random,C5H8,68.062600000,RC2_0046_ICR-3_p08
369.082489483,437.145079759,68.062590276,Other,random,C5H8,68.062600000,RC2_0046_ICR-3_p08
415.051660480,483.114250756,68.062590276,Other,random,C5H8,68.062600000,RC2_0046_ICR-3_p08
458.138398704,526.200988980,68.062590276,Other,random,C5H8,68.062600000,RC2_0046_ICR-3_p08
495.091079950,563.153670226,68.062590276,Other,random,C5H8,68.062600000,RC2_0046_ICR-3_p08
293.102986791,361.165578067,68.062591276,Other,random,C5H8,68.062600000,RC2_0046_ICR-3_p08
441.225880448,509.288471724,68.062591276,Other,random,C5H8,68.062600000,RC2_0046_ICR-3_p08
383.061812182,451.124403458,68.062591276,Other,random,C5H8,68.062600000,RC2_0046_ICR-3_p08
391.116388014,459.178979290,68.062591276,Other,random,C5H8,68.062600000,RC2_0046_ICR-3_p08
457.207825652,525.270416928,68.062591276,Other,random,C5H8,68.062600000,RC2_0046_ICR-3_p08
459.056737809,527.119329085,68.062591276,Other,random,C5H8,68.062600000,RC2_0046_ICR-3_p08
485.202678897,553.265270173,68.062591276,Other,random,C5H8,68.062600000,RC2_0046_ICR-3_p08
507.114264947,575.176857223,68.062592276,Other,random,C5H8,68.062600000,RC2_0046_ICR-3_p08
299.126538239,367.189130515,68.062592276,Other,random,C5H8,68.062600000,RC2_0046_ICR-3_p08
489.225868830,557.288461106,68.062592276,Other,random,C5H8,68.062600000,RC2_0046_ICR-3_p08
647.089176168,715.151768444,68.062592276,Other,random,C5H8,68.062600000,RC2_0046_ICR-3_p08
557.187709533,625.250301809,68.062592276,Other,random,C5H8,68.062600000,RC2_0046_ICR-3_p08
395.025350432,463.087943708,68.062593276,Other,random,C5H8,68.062600000,RC2_0046_ICR-3_p08
343.103348688,411.165941963,68.062593276,Other,random,C5H8,68.062600000,RC2_0046_ICR-3_p08
403.070059307,471.132652582,68.062593276,Other,random,C5H8,68.062600000,RC2_0046_ICR-3_p08
423.093130368,491.155723644,68.062593276,Other,random,C5H8,68.062600000,RC2_0046_ICR-3_p08
445.134887866,513.197481142,68.062593276,Other,random,C5H8,68.062600000,RC2_0046_ICR-3_p08
461.129815015,529.192408291,68.062593276,Other,random,C5H8,68.062600000,RC2_0046_ICR-3_p08
469.163375936,537.225969212,68.062593276,Other,random,C5H8,68.062600000,RC2_0046_ICR-3_p08
517.098707592,585.161300868,68.062593276,Other,random,C5H8,68.062600000,RC2_0046_ICR-3_p08
543.208114835,611.270708111,68.062593276,Other,random,C5H8,68.062600000,RC2_0046_ICR-3_p08
531.062589357,599.125182633,68.062593276,Other,random,C5H8,68.062600000,RC2_0046_ICR-3_p08
475.218282251,543.280876527,68.062594276,Other,random,C5H8,68.062600000,RC2_0046_ICR-3_p08
412.101440995,480.164035271,68.062594276,Other,random,C5H8,68.062600000,RC2_0046_ICR-3_p08
401.137065506,469.199660782,68.062595276,Other,random,C5H8,68.062600000,RC2_0046_ICR-3_p08
625.068146582,693.130741858,68.062595276,Other,random,C5H8,68.062600000,RC2_0046_ICR-3_p08
373.142194262,441.204789537,68.062595276,Other,random,C5H8,68.062600000,RC2_0046_ICR-3_p08
375.066421099,443.129016375,68.062595276,Other,random,C5H8,68.062600000,RC2_0046_ICR-3_p08
382.090696302,450.153291578,68.062595276,Other,random,C5H8,68.062600000,RC2_0046_ICR-3_p08
391.030549379,459.093144654,68.062595276,Other,random,C5H8,68.062600000,RC2_0046_ICR-3_p08
446.101826764,514.164422040,68.062595276,Other,random,C5H8,68.062600000,RC2_0046_ICR-3_p08
491.119404798,559.182001074,68.062596276,Other,random,C5H8,68.062600000,RC2_0046_ICR-3_p08
489.189585984,557.252182260,68.062596276,Other,random,C5H8,68.062600000,RC2_0046_ICR-3_p08
623.162022668,691.224618944,68.062596276,Other,random,C5H8,68.062600000,RC2_0046_ICR-3_p08
345.038112480,413.100708756,68.062596276,Other,random,C5H8,68.062600000,RC2_0046_ICR-3_p08
323.126518430,391.189115706,68.062597276,Other,random,C5H8,68.062600000,RC2_0046_ICR-3_p08
371.147649723,439.210246998,68.062597276,Other,random,C5H8,68.062600000,RC2_0046_ICR-3_p08
391.103234070,459.165831346,68.062597276,Other,random,C5H8,68.062600000,RC2_0046_ICR-3_p08
457.221020596,525.283617872,68.062597276,Other,random,C5H8,68.062600000,RC2_0046_ICR-3_p08
493.062202556,561.124799832,68.062597276,Other,random,C5H8,68.062600000,RC2_0046_ICR-3_p08
333.025122440,401.087719716,68.062597276,Other,random,C5H8,68.062600000,RC2_0046_ICR-3_p08
475.124479649,543.187076925,68.062597276,Other,random,C5H8,68.062600000,RC2_0046_ICR-3_p08
351.157780520,419.220378796,68.062598276,Other,random,C5H8,68.062600000,RC2_0046_ICR-3_p08
389.100660565,457.163258841,68.062598276,Other,random,C5H8,68.062600000,RC2_0046_ICR-3_p08
413.158117513,481.220715788,68.062598276,Other,random,C5H8,68.062600000,RC2_0046_ICR-3_p08
535.182122882,603.244721158,68.062598276,Other,random,C5H8,68.062600000,RC2_0046_ICR-3_p08
487.109204809,555.171803085,68.062598276,Other,random,C5H8,68.062600000,RC2_0046_ICR-3_p08
413.194597358,481.257196634,68.062599276,Other,random,C5H8,68.062600000,RC2_0046_ICR-3_p08
407.147582010,475.210181285,68.062599276,Other,random,C5H8,68.062600000,RC2_0046_ICR-3_p08
519.150732888,587.213333163,68.062600276,Other,random,C5H8,68.062600000,RC2_0046_ICR-3_p08
367.206860440,435.269460715,68.062600276,Other,random,C5H8,68.062600000,RC2_0046_ICR-3_p08
317.102938982,385.165540258,68.062601276,Other,random,C5H8,68.062600000,RC2_0046_ICR-3_p08
377.173368161,445.235969437,68.062601276,Other,random,C5H8,68.062600000,RC2_0046_ICR-3_p08
453.153074852,521.215676128,68.062601276,Other,random,C5H8,68.062600000,RC2_0046_ICR-3_p08
471.020455058,539.083056334,68.062601276,Other,random,C5H8,68.062600000,RC2_0046_ICR-3_p08
503.168942683,571.231543959,68.062601276,Other,random,C5H8,68.062600000,RC2_0046_ICR-3_p08
339.121490579,407.184092855,68.062602276,Other,random,C5H8,68.062600000,RC2_0046_ICR-3_p08
547.182171977,615.244775253,68.062603276,Other,random,C5H8,68.062600000,RC2_0046_ICR-3_p08
653.172672361,721.235275637,68.062603276,Other,random,C5H8,68.062600000,RC2_0046_ICR-3_p08
335.077103735,403.139707011,68.062603276,Other,random,C5H8,68.062600000,RC2_0046_ICR-3_p08
339.084977734,407.147582010,68.062604276,Other,random,C5H8,68.062600000,RC2_0046_ICR-3_p08
459.150527411,527.213131687,68.062604276,Other,random,C5H8,68.062600000,RC2_0046_ICR-3_p08
563.031743743,631.094349018,68.062605276,Other,random,C5H8,68.062600000,RC2_0046_ICR-3_p08
324.036023572,392.098628848,68.062605276,Other,random,C5H8,68.062600000,RC2_0046_ICR-3_p08
361.113903286,429.176508562,68.062605276,Other,random,C5H8,68.062600000,RC2_0046_ICR-3_p08
363.085120924,431.147726200,68.062605276,Other,random,C5H8,68.062600000,RC2_0046_ICR-3_p08
395.092647147,463.155252423,68.062605276,Other,random,C5H8,68.062600000,RC2_0046_ICR-3_p08
419.092519339,487.155124614,68.062605276,Other,random,C5H8,68.062600000,RC2_0046_ICR-3_p08
457.025877424,525.088482700,68.062605276,Other,random,C5H8,68.062600000,RC2_0046_ICR-3_p08
475.072935867,543.135541143,68.062605276,Other,random,C5H8,68.062600000,RC2_0046_ICR-3_p08
501.234203890,569.296809166,68.062605276,Other,random,C5H8,68.062600000,RC2_0046_ICR-3_p08
535.122392135,603.184997411,68.062605276,Other,random,C5H8,68.062600000,RC2_0046_ICR-3_p08
509.202722088,577.265327363,68.062605276,Other,random,C5H8,68.062600000,RC2_0046_ICR-3_p08
459.077919719,527.140525995,68.062606276,Other,random,C5H8,68.062600000,RC2_0046_ICR-3_p08
369.155289174,437.217895450,68.062606276,Other,random,C5H8,68.062600000,RC2_0046_ICR-3_p08
370.049436381,438.112042657,68.062606276,Other,random,C5H8,68.062600000,RC2_0046_ICR-3_p08
379.079953073,447.142559349,68.062606276,Other,random,C5H8,68.062600000,RC2_0046_ICR-3_p08
403.103167166,471.165773442,68.062606276,Other,random,C5H8,68.062600000,RC2_0046_ICR-3_p08
453.189461698,521.252067974,68.062606276,Other,random,C5H8,68.062600000,RC2_0046_ICR-3_p08
583.166824329,651.229430605,68.062606276,Other,random,C5H8,68.062600000,RC2_0046_ICR-3_p08
321.097822036,389.160429312,68.062607276,Other,random,C5H8,68.062600000,RC2_0046_ICR-3_p08
355.189059420,423.251666695,68.062607276,Other,random,C5H8,68.062600000,RC2_0046_ICR-3_p08
551.031361649,619.093968925,68.062607276,Other,random,C5H8,68.062600000,RC2_0046_ICR-3_p08
497.194542027,565.257149302,68.062607276,Other,random,C5H8,68.062600000,RC2_0046_ICR-3_p08
503.119415893,571.182023169,68.062607276,Other,random,C5H8,68.062600000,RC2_0046_ICR-3_p08
401.035849936,469.098457211,68.062607276,Other,random,C5H8,68.062600000,RC2_0046_ICR-3_p08
485.239013743,553.301621018,68.062607276,Other,random,C5H8,68.062600000,RC2_0046_ICR-3_p08
543.244462681,611.307069957,68.062607276,Other,random,C5H8,68.062600000,RC2_0046_ICR-3_p08
401.173563352,469.236171627,68.062608276,Other,random,C5H8,68.062600000,RC2_0046_ICR-3_p08
483.223322293,551.285930569,68.062608276,Other,random,C5H8,68.062600000,RC2_0046_ICR-3_p08
341.087629238,409.150237514,68.062608276,Other,random,C5H8,68.062600000,RC2_0046_ICR-3_p08
475.254720096,543.317328372,68.062608276,Other,random,C5H8,68.062600000,RC2_0046_ICR-3_p08
337.069369284,405.131978560,68.062609276,Other,random,C5H8,68.062600000,RC2_0046_ICR-3_p08
417.140069621,485.202678897,68.062609276,Other,random,C5H8,68.062600000,RC2_0046_ICR-3_p08
297.147313635,365.209922911,68.062609276,Other,random,C5H8,68.062600000,RC2_0046_ICR-3_p08
338.088041963,406.150651239,68.062609276,Other,random,C5H8,68.062600000,RC2_0046_ICR-3_p08
444.122549160,512.190329414,68.067780254,Other,random,C4H6N1O2S_1,68.067782000,RC2_0046_ICR-3_p08
545.124681705,613.192462959,68.067781254,Other,random,C4H6N1O2S_1,68.067782000,RC2_0046_ICR-3_p08
442.143420556,510.211204810,68.067784254,Other,random,C4H6N1O2S_1,68.067782000,RC2_0046_ICR-3_p08
371.147649723,440.169092931,69.021443208,Other,random,C3H3N1O1,69.021452130,RC2_0046_ICR-3_p08
435.093034464,504.114478672,69.021444208,Other,random,C3H3N1O1,69.021452130,RC2_0046_ICR-3_p08
397.186577264,466.208022473,69.021445208,Other,random,C3H3N1O1,69.021452130,RC2_0046_ICR-3_p08
252.051452933,321.072898142,69.021445208,Other,random,C3H3N1O1,69.021452130,RC2_0046_ICR-3_p08
307.194577014,376.216024222,69.021447208,Other,random,C3H3N1O1,69.021452130,RC2_0046_ICR-3_p08
329.079685177,398.101132385,69.021447208,Other,random,C3H3N1O1,69.021452130,RC2_0046_ICR-3_p08
459.056737809,528.078186017,69.021448208,Other,random,C3H3N1O1,69.021452130,RC2_0046_ICR-3_p08
325.142186880,394.163636088,69.021449208,Other,random,C3H3N1O1,69.021452130,RC2_0046_ICR-3_p08
421.077501918,490.098952127,69.021450208,Other,random,C3H3N1O1,69.021452130,RC2_0046_ICR-3_p08
429.067344025,498.088794233,69.021450208,Other,random,C3H3N1O1,69.021452130,RC2_0046_ICR-3_p08
333.025122440,402.046572648,69.021450208,Other,random,C3H3N1O1,69.021452130,RC2_0046_ICR-3_p08
415.066872416,484.088323624,69.021451208,Other,random,C3H3N1O1,69.021452130,RC2_0046_ICR-3_p08
461.072387258,530.093839467,69.021452208,Other,random,C3H3N1O1,69.021452130,RC2_0046_ICR-3_p08
385.126820422,454.148273631,69.021453208,Other,random,C3H3N1O1,69.021452130,RC2_0046_ICR-3_p08
353.087620334,422.109076542,69.021456208,Other,random,C3H3N1O1,69.021452130,RC2_0046_ICR-3_p08
449.108775008,518.130231217,69.021456208,Other,random,C3H3N1O1,69.021452130,RC2_0046_ICR-3_p08
497.093558455,566.115015663,69.021457208,Other,random,C3H3N1O1,69.021452130,RC2_0046_ICR-3_p08
375.072046075,444.093507283,69.021461208,Other,random,C3H3N1O1,69.021452130,RC2_0046_ICR-3_p08
341.100522184,410.158362238,69.057840054,Other,random,C4H7N1,69.057849000,RC2_0046_ICR-3_p08
327.048534793,396.106375847,69.057841054,Other,random,C4H7N1,69.057849000,RC2_0046_ICR-3_p08
267.087477150,336.145318204,69.057841054,Other,random,C4H7N1,69.057849000,RC2_0046_ICR-3_p08
337.092807185,406.150651239,69.057844054,Other,random,C4H7N1,69.057849000,RC2_0046_ICR-3_p08
341.124127084,410.181972137,69.057845054,Other,random,C4H7N1,69.057849000,RC2_0046_ICR-3_p08
329.043287331,398.101132385,69.057845054,Other,random,C4H7N1,69.057849000,RC2_0046_ICR-3_p08
399.142459968,468.200306021,69.057846054,Other,random,C4H7N1,69.057849000,RC2_0046_ICR-3_p08
377.051321679,446.109167733,69.057846054,Other,random,C4H7N1,69.057849000,RC2_0046_ICR-3_p08
221.045627461,290.103474515,69.057847054,Other,random,C4H7N1,69.057849000,RC2_0046_ICR-3_p08
395.061821278,464.119670332,69.057849054,Other,random,C4H7N1,69.057849000,RC2_0046_ICR-3_p08
395.111104069,464.168953123,69.057849054,Other,random,C4H7N1,69.057849000,RC2_0046_ICR-3_p08
449.108775008,518.166624062,69.057849054,Other,random,C4H7N1,69.057849000,RC2_0046_ICR-3_p08
397.150171419,466.208022473,69.057851054,Other,random,C4H7N1,69.057849000,RC2_0046_ICR-3_p08
381.095437524,450.153291578,69.057854054,Other,random,C4H7N1,69.057849000,RC2_0046_ICR-3_p08
345.038112480,414.095968534,69.057856054,Other,random,C4H7N1,69.057849000,RC2_0046_ICR-3_p08
347.004343139,416.062200193,69.057857054,Other,random,C4H7N1,69.057849000,RC2_0046_ICR-3_p08
483.041375065,552.099233119,69.057858054,Other,random,C4H7N1,69.057849000,RC2_0046_ICR-3_p08
623.271138205,693.240229393,69.969091188,Other,random,CH_2O3,69.969100500,RC2_0046_ICR-3_p08
510.161888019,580.130979207,69.969091188,Other,random,CH_2O3,69.969100500,RC2_0046_ICR-3_p08
423.251666695,493.220757884,69.969091188,Other,random,CH_2O3,69.969100500,RC2_0046_ICR-3_p08
557.260455225,627.229546413,69.969091188,Other,random,CH_2O3,69.969100500,RC2_0046_ICR-3_p08
298.093147623,368.062239811,69.969092188,Other,random,CH_2O3,69.969100500,RC2_0046_ICR-3_p08
305.175747578,375.144839766,69.969092188,Other,random,CH_2O3,69.969100500,RC2_0046_ICR-3_p08
339.194194270,409.163286459,69.969092188,Other,random,CH_2O3,69.969100500,RC2_0046_ICR-3_p08
343.082106778,413.051198966,69.969092188,Other,random,CH_2O3,69.969100500,RC2_0046_ICR-3_p08
397.126908518,467.096000706,69.969092188,Other,random,CH_2O3,69.969100500,RC2_0046_ICR-3_p08
517.244240975,587.213333163,69.969092188,Other,random,CH_2O3,69.969100500,RC2_0046_ICR-3_p08
309.097848940,379.066941129,69.969092188,Other,random,CH_2O3,69.969100500,RC2_0046_ICR-3_p08
391.225456552,461.194548740,69.969092188,Other,random,CH_2O3,69.969100500,RC2_0046_ICR-3_p08
409.126819613,479.095911802,69.969092188,Other,random,CH_2O3,69.969100500,RC2_0046_ICR-3_p08
305.102952887,375.072046075,69.969093188,Other,random,CH_2O3,69.969100500,RC2_0046_ICR-3_p08
427.197233958,497.166327146,69.969093188,Other,random,CH_2O3,69.969100500,RC2_0046_ICR-3_p08
355.066835938,425.035929126,69.969093188,Other,random,CH_2O3,69.969100500,RC2_0046_ICR-3_p08
539.213387781,609.182480970,69.969093188,Other,random,CH_2O3,69.969100500,RC2_0046_ICR-3_p08
561.283533159,631.252626347,69.969093188,Other,random,CH_2O3,69.969100500,RC2_0046_ICR-3_p08
411.129493118,481.098586306,69.969093188,Other,random,CH_2O3,69.969100500,RC2_0046_ICR-3_p08
631.239630402,701.208724591,69.969094188,Other,random,CH_2O3,69.969100500,RC2_0046_ICR-3_p08
447.160280274,517.129374462,69.969094188,Other,random,CH_2O3,69.969100500,RC2_0046_ICR-3_p08
495.178910577,565.148005765,69.969095188,Other,random,CH_2O3,69.969100500,RC2_0046_ICR-3_p08
337.105749130,407.074844318,69.969095188,Other,random,CH_2O3,69.969100500,RC2_0046_ICR-3_p08
499.145566750,569.114661939,69.969095188,Other,random,CH_2O3,69.969100500,RC2_0046_ICR-3_p08
341.152334964,411.121431152,69.969096188,Other,random,CH_2O3,69.969100500,RC2_0046_ICR-3_p08
413.173537447,483.142633635,69.969096188,Other,random,CH_2O3,69.969100500,RC2_0046_ICR-3_p08
505.329995516,575.299091704,69.969096188,Other,random,CH_2O3,69.969100500,RC2_0046_ICR-3_p08
513.161221295,583.130317484,69.969096188,Other,random,CH_2O3,69.969100500,RC2_0046_ICR-3_p08
585.198065712,655.167161901,69.969096188,Other,random,CH_2O3,69.969100500,RC2_0046_ICR-3_p08
261.061632712,331.030729900,69.969097188,Other,random,CH_2O3,69.969100500,RC2_0046_ICR-3_p08
322.129531659,392.098628848,69.969097188,Other,random,CH_2O3,69.969100500,RC2_0046_ICR-3_p08
345.074538326,415.043635514,69.969097188,Other,random,CH_2O3,69.969100500,RC2_0046_ICR-3_p08
407.129005088,477.098102277,69.969097188,Other,random,CH_2O3,69.969100500,RC2_0046_ICR-3_p08
507.259938329,577.229035517,69.969097188,Other,random,CH_2O3,69.969100500,RC2_0046_ICR-3_p08
385.092719567,455.061816755,69.969097188,Other,random,CH_2O3,69.969100500,RC2_0046_ICR-3_p08
411.194189844,481.163287032,69.969097188,Other,random,CH_2O3,69.969100500,RC2_0046_ICR-3_p08
343.118588623,413.087686811,69.969098188,Other,random,CH_2O3,69.969100500,RC2_0046_ICR-3_p08
366.155683899,436.124782087,69.969098188,Other,random,CH_2O3,69.969100500,RC2_0046_ICR-3_p08
717.240521583,787.209619771,69.969098188,Other,random,CH_2O3,69.969100500,RC2_0046_ICR-3_p08
289.157489528,359.126588716,69.969099188,Other,random,CH_2O3,69.969100500,RC2_0046_ICR-3_p08
379.097644998,449.066744187,69.969099188,Other,random,CH_2O3,69.969100500,RC2_0046_ICR-3_p08
387.056778235,457.025877424,69.969099188,Other,random,CH_2O3,69.969100500,RC2_0046_ICR-3_p08
467.241379089,537.210479278,69.969100188,Other,random,CH_2O3,69.969100500,RC2_0046_ICR-3_p08
293.175749483,363.144849671,69.969100188,Other,random,CH_2O3,69.969100500,RC2_0046_ICR-3_p08
365.051172584,435.020272772,69.969100188,Other,random,CH_2O3,69.969100500,RC2_0046_ICR-3_p08
385.165540258,455.134640447,69.969100188,Other,random,CH_2O3,69.969100500,RC2_0046_ICR-3_p08
409.163286459,479.132386647,69.969100188,Other,random,CH_2O3,69.969100500,RC2_0046_ICR-3_p08
411.121431152,481.090531341,69.969100188,Other,random,CH_2O3,69.969100500,RC2_0046_ICR-3_p08
459.202283191,529.171383380,69.969100188,Other,random,CH_2O3,69.969100500,RC2_0046_ICR-3_p08
303.160082129,373.129183317,69.969101188,Other,random,CH_2O3,69.969100500,RC2_0046_ICR-3_p08
501.234203890,571.203305079,69.969101188,Other,random,CH_2O3,69.969100500,RC2_0046_ICR-3_p08
315.108418443,385.077519632,69.969101188,Other,random,CH_2O3,69.969100500,RC2_0046_ICR-3_p08
359.113546772,429.082647960,69.969101188,Other,random,CH_2O3,69.969100500,RC2_0046_ICR-3_p08
407.147582010,477.116683198,69.969101188,Other,random,CH_2O3,69.969100500,RC2_0046_ICR-3_p08
387.194157653,457.163258841,69.969101188,Other,random,CH_2O3,69.969100500,RC2_0046_ICR-3_p08
535.218427728,605.187528916,69.969101188,Other,random,CH_2O3,69.969100500,RC2_0046_ICR-3_p08
307.082219491,377.051321679,69.969102188,Other,random,CH_2O3,69.969100500,RC2_0046_ICR-3_p08
379.188979611,449.158081799,69.969102188,Other,random,CH_2O3,69.969100500,RC2_0046_ICR-3_p08
625.214105963,695.183208151,69.969102188,Other,random,CH_2O3,69.969100500,RC2_0046_ICR-3_p08
311.141840270,381.110942458,69.969102188,Other,random,CH_2O3,69.969100500,RC2_0046_ICR-3_p08
460.124737278,530.093839467,69.969102188,Other,random,CH_2O3,69.969100500,RC2_0046_ICR-3_p08
545.130046682,615.099149871,69.969103188,Other,random,CH_2O3,69.969100500,RC2_0046_ICR-3_p08
587.177193317,657.146296505,69.969103188,Other,random,CH_2O3,69.969100500,RC2_0046_ICR-3_p08
315.181166135,385.150269323,69.969103188,Other,random,CH_2O3,69.969100500,RC2_0046_ICR-3_p08
319.103353497,389.072456685,69.969103188,Other,random,CH_2O3,69.969100500,RC2_0046_ICR-3_p08
337.129139030,407.098242219,69.969103188,Other,random,CH_2O3,69.969100500,RC2_0046_ICR-3_p08
361.092668376,431.061771565,69.969103188,Other,random,CH_2O3,69.969100500,RC2_0046_ICR-3_p08
408.129820843,478.098924031,69.969103188,Other,random,CH_2O3,69.969100500,RC2_0046_ICR-3_p08
471.179039386,541.148142574,69.969103188,Other,random,CH_2O3,69.969100500,RC2_0046_ICR-3_p08
599.198295323,669.167399511,69.969104188,Other,random,CH_2O3,69.969100500,RC2_0046_ICR-3_p08
501.226025925,571.195130113,69.969104188,Other,random,CH_2O3,69.969100500,RC2_0046_ICR-3_p08
561.197601523,631.166705712,69.969104188,Other,random,CH_2O3,69.969100500,RC2_0046_ICR-3_p08
395.134553969,465.103658158,69.969104188,Other,random,CH_2O3,69.969100500,RC2_0046_ICR-3_p08
447.165863250,517.134968439,69.969105188,Other,random,CH_2O3,69.969100500,RC2_0046_ICR-3_p08
641.208138115,711.177243304,69.969105188,Other,random,CH_2O3,69.969100500,RC2_0046_ICR-3_p08
373.159911187,443.129016375,69.969105188,Other,random,CH_2O3,69.969100500,RC2_0046_ICR-3_p08
375.121347866,445.090453054,69.969105188,Other,random,CH_2O3,69.969100500,RC2_0046_ICR-3_p08
323.090168584,393.059273773,69.969105188,Other,random,CH_2O3,69.969100500,RC2_0046_ICR-3_p08
409.272390996,479.241497184,69.969106188,Other,random,CH_2O3,69.969100500,RC2_0046_ICR-3_p08
357.147287113,427.116393301,69.969106188,Other,random,CH_2O3,69.969100500,RC2_0046_ICR-3_p08
559.195157018,629.164263206,69.969106188,Other,random,CH_2O3,69.969100500,RC2_0046_ICR-3_p08
377.154835240,447.123941428,69.969106188,Other,random,CH_2O3,69.969100500,RC2_0046_ICR-3_p08
403.233703612,473.202809801,69.969106188,Other,random,CH_2O3,69.969100500,RC2_0046_ICR-3_p08
449.108775008,519.077881197,69.969106188,Other,random,CH_2O3,69.969100500,RC2_0046_ICR-3_p08
333.170599823,403.139707011,69.969107188,Other,random,CH_2O3,69.969100500,RC2_0046_ICR-3_p08
417.118955711,487.088062899,69.969107188,Other,random,CH_2O3,69.969100500,RC2_0046_ICR-3_p08
447.251731886,517.220839074,69.969107188,Other,random,CH_2O3,69.969100500,RC2_0046_ICR-3_p08
625.250301809,695.219409997,69.969108188,Other,random,CH_2O3,69.969100500,RC2_0046_ICR-3_p08
397.163217364,467.132325552,69.969108188,Other,random,CH_2O3,69.969100500,RC2_0046_ICR-3_p08
631.203185557,701.172293745,69.969108188,Other,random,CH_2O3,69.969100500,RC2_0046_ICR-3_p08
341.154772954,411.123882142,69.969109188,Other,random,CH_2O3,69.969100500,RC2_0046_ICR-3_p08
341.173514874,411.142624062,69.969109188,Other,random,CH_2O3,69.969100500,RC2_0046_ICR-3_p08
367.225385361,437.194494549,69.969109188,Other,random,CH_2O3,69.969100500,RC2_0046_ICR-3_p08
411.157946997,481.127056186,69.969109188,Other,random,CH_2O3,69.969100500,RC2_0046_ICR-3_p08
563.262925762,633.232034950,69.969109188,Other,random,CH_2O3,69.969100500,RC2_0046_ICR-3_p08
405.168317406,475.137426594,69.969109188,Other,random,CH_2O3,69.969100500,RC2_0046_ICR-3_p08
357.228124770,427.197233958,69.969109188,Other,random,CH_2O3,69.969100500,RC2_0046_ICR-3_p08
347.162921467,417.132031655,69.969110188,Other,random,CH_2O3,69.969100500,RC2_0046_ICR-3_p08
391.152659861,461.121770049,69.969110188,Other,random,CH_2O3,69.969100500,RC2_0046_ICR-3_p08
395.220362605,465.189472794,69.969110188,Other,random,CH_2O3,69.969100500,RC2_0046_ICR-3_p08
487.218374346,557.223844380,70.005470034,Other,random,C3H2O2,70.005480000,RC2_0046_ICR-3_p08
349.214908762,419.220378796,70.005470034,Other,random,C3H2O2,70.005480000,RC2_0046_ICR-3_p08
417.140069621,487.145539655,70.005470034,Other,random,C3H2O2,70.005480000,RC2_0046_ICR-3_p08
443.134565351,513.140035385,70.005470034,Other,random,C3H2O2,70.005480000,RC2_0046_ICR-3_p08
613.229506802,683.234976836,70.005470034,Other,random,C3H2O2,70.005480000,RC2_0046_ICR-3_p08
293.066606945,363.072076980,70.005470034,Other,random,C3H2O2,70.005480000,RC2_0046_ICR-3_p08
355.170504498,425.175974532,70.005470034,Other,random,C3H2O2,70.005480000,RC2_0046_ICR-3_p08
381.168273215,451.173743249,70.005470034,Other,random,C3H2O2,70.005480000,RC2_0046_ICR-3_p08
449.303647182,519.309118216,70.005471034,Other,random,C3H2O2,70.005480000,RC2_0046_ICR-3_p08
453.189461698,523.194932732,70.005471034,Other,random,C3H2O2,70.005480000,RC2_0046_ICR-3_p08
489.067343503,559.072814537,70.005471034,Other,random,C3H2O2,70.005480000,RC2_0046_ICR-3_p08
311.186302081,381.191773115,70.005471034,Other,random,C3H2O2,70.005480000,RC2_0046_ICR-3_p08
331.154979373,401.160450407,70.005471034,Other,random,C3H2O2,70.005480000,RC2_0046_ICR-3_p08
399.092986177,469.098457211,70.005471034,Other,random,C3H2O2,70.005480000,RC2_0046_ICR-3_p08
407.111211164,477.116683198,70.005472034,Other,random,C3H2O2,70.005480000,RC2_0046_ICR-3_p08
321.038195289,391.043667323,70.005472034,Other,random,C3H2O2,70.005480000,RC2_0046_ICR-3_p08
691.224618944,761.230090978,70.005472034,Other,random,C3H2O2,70.005480000,RC2_0046_ICR-3_p08
531.099137202,601.104609236,70.005472034,Other,random,C3H2O2,70.005480000,RC2_0046_ICR-3_p08
351.121387675,421.126859709,70.005472034,Other,random,C3H2O2,70.005480000,RC2_0046_ICR-3_p08
359.061871991,429.067344025,70.005472034,Other,random,C3H2O2,70.005480000,RC2_0046_ICR-3_p08
405.103641680,475.109113714,70.005472034,Other,random,C3H2O2,70.005480000,RC2_0046_ICR-3_p08
371.053802121,441.059274155,70.005472034,Other,random,C3H2O2,70.005480000,RC2_0046_ICR-3_p08
463.160771399,533.166243433,70.005472034,Other,random,C3H2O2,70.005480000,RC2_0046_ICR-3_p08
366.082980207,436.088453241,70.005473034,Other,random,C3H2O2,70.005480000,RC2_0046_ICR-3_p08
465.030959466,535.036432500,70.005473034,Other,random,C3H2O2,70.005480000,RC2_0046_ICR-3_p08
447.165863250,517.171336284,70.005473034,Other,random,C3H2O2,70.005480000,RC2_0046_ICR-3_p08
444.158949006,514.164422040,70.005473034,Other,random,C3H2O2,70.005480000,RC2_0046_ICR-3_p08
305.066572041,375.072046075,70.005474034,Other,random,C3H2O2,70.005480000,RC2_0046_ICR-3_p08
345.110818172,415.116292206,70.005474034,Other,random,C3H2O2,70.005480000,RC2_0046_ICR-3_p08
353.014920642,423.020394676,70.005474034,Other,random,C3H2O2,70.005480000,RC2_0046_ICR-3_p08
379.188979611,449.194453645,70.005474034,Other,random,C3H2O2,70.005480000,RC2_0046_ICR-3_p08
667.224928751,737.230402785,70.005474034,Other,random,C3H2O2,70.005480000,RC2_0046_ICR-3_p08
307.204408972,377.209883006,70.005474034,Other,random,C3H2O2,70.005480000,RC2_0046_ICR-3_p08
381.131987369,451.137461403,70.005474034,Other,random,C3H2O2,70.005480000,RC2_0046_ICR-3_p08
337.069369284,407.074844318,70.005475034,Other,random,C3H2O2,70.005480000,RC2_0046_ICR-3_p08
393.082468674,463.087943708,70.005475034,Other,random,C3H2O2,70.005480000,RC2_0046_ICR-3_p08
500.148715495,570.154190529,70.005475034,Other,random,C3H2O2,70.005480000,RC2_0046_ICR-3_p08
304.046170370,374.051645404,70.005475034,Other,random,C3H2O2,70.005480000,RC2_0046_ICR-3_p08
347.071492855,417.076967889,70.005475034,Other,random,C3H2O2,70.005480000,RC2_0046_ICR-3_p08
417.113388734,487.118863768,70.005475034,Other,random,C3H2O2,70.005480000,RC2_0046_ICR-3_p08
591.135660525,661.141135559,70.005475034,Other,random,C3H2O2,70.005480000,RC2_0046_ICR-3_p08
493.199981972,563.205457006,70.005475034,Other,random,C3H2O2,70.005480000,RC2_0046_ICR-3_p08
375.066421099,445.071896133,70.005475034,Other,random,C3H2O2,70.005480000,RC2_0046_ICR-3_p08
401.173563352,471.179039386,70.005476034,Other,random,C3H2O2,70.005480000,RC2_0046_ICR-3_p08
433.062005079,503.067481114,70.005476034,Other,random,C3H2O2,70.005480000,RC2_0046_ICR-3_p08
359.071536950,429.077012984,70.005476034,Other,random,C3H2O2,70.005480000,RC2_0046_ICR-3_p08
393.149776389,463.155252423,70.005476034,Other,random,C3H2O2,70.005480000,RC2_0046_ICR-3_p08
443.301224644,513.306700678,70.005476034,Other,random,C3H2O2,70.005480000,RC2_0046_ICR-3_p08
537.270531023,607.276007057,70.005476034,Other,random,C3H2O2,70.005480000,RC2_0046_ICR-3_p08
327.217607076,397.223083110,70.005476034,Other,random,C3H2O2,70.005480000,RC2_0046_ICR-3_p08
361.041140595,431.046616629,70.005476034,Other,random,C3H2O2,70.005480000,RC2_0046_ICR-3_p08
453.067303216,523.072780250,70.005477034,Other,random,C3H2O2,70.005480000,RC2_0046_ICR-3_p08
337.123528054,407.129005088,70.005477034,Other,random,C3H2O2,70.005480000,RC2_0046_ICR-3_p08
345.147339017,415.152816051,70.005477034,Other,random,C3H2O2,70.005480000,RC2_0046_ICR-3_p08
351.048548984,421.054026018,70.005477034,Other,random,C3H2O2,70.005480000,RC2_0046_ICR-3_p08
385.142185357,455.147662391,70.005477034,Other,random,C3H2O2,70.005480000,RC2_0046_ICR-3_p08
389.087667620,459.093144654,70.005477034,Other,random,C3H2O2,70.005480000,RC2_0046_ICR-3_p08
491.132440742,561.137917776,70.005477034,Other,random,C3H2O2,70.005480000,RC2_0046_ICR-3_p08
367.131651759,437.137129793,70.005478034,Other,random,C3H2O2,70.005480000,RC2_0046_ICR-3_p08
487.088062899,557.093540933,70.005478034,Other,random,C3H2O2,70.005480000,RC2_0046_ICR-3_p08
350.099347010,420.104825044,70.005478034,Other,random,C3H2O2,70.005480000,RC2_0046_ICR-3_p08
331.045749836,401.051228870,70.005479034,Other,random,C3H2O2,70.005480000,RC2_0046_ICR-3_p08
373.113891382,443.119370416,70.005479034,Other,random,C3H2O2,70.005480000,RC2_0046_ICR-3_p08
345.064697368,415.070176402,70.005479034,Other,random,C3H2O2,70.005480000,RC2_0046_ICR-3_p08
399.121456057,469.126936091,70.005480034,Other,random,C3H2O2,70.005480000,RC2_0046_ICR-3_p08
331.058887781,401.064367815,70.005480034,Other,random,C3H2O2,70.005480000,RC2_0046_ICR-3_p08
447.196677120,517.202157154,70.005480034,Other,random,C3H2O2,70.005480000,RC2_0046_ICR-3_p08
485.166323051,555.171803085,70.005480034,Other,random,C3H2O2,70.005480000,RC2_0046_ICR-3_p08
417.204763347,487.210244381,70.005481034,Other,random,C3H2O2,70.005480000,RC2_0046_ICR-3_p08
525.225938116,595.231419150,70.005481034,Other,random,C3H2O2,70.005480000,RC2_0046_ICR-3_p08
573.125134926,643.130615960,70.005481034,Other,random,C3H2O2,70.005480000,RC2_0046_ICR-3_p08
511.218297537,581.223779571,70.005482034,Other,random,C3H2O2,70.005480000,RC2_0046_ICR-3_p08
441.168307692,511.173789726,70.005482034,Other,random,C3H2O2,70.005480000,RC2_0046_ICR-3_p08
387.048641270,457.054123304,70.005482034,Other,random,C3H2O2,70.005480000,RC2_0046_ICR-3_p08
427.051574576,497.057056610,70.005482034,Other,random,C3H2O2,70.005480000,RC2_0046_ICR-3_p08
427.088076421,497.093558455,70.005482034,Other,random,C3H2O2,70.005480000,RC2_0046_ICR-3_p08
335.126495526,405.131978560,70.005483034,Other,random,C3H2O2,70.005480000,RC2_0046_ICR-3_p08
362.088018154,432.093501188,70.005483034,Other,random,C3H2O2,70.005480000,RC2_0046_ICR-3_p08
407.207416756,477.212899790,70.005483034,Other,random,C3H2O2,70.005480000,RC2_0046_ICR-3_p08
321.134232882,391.139715916,70.005483034,Other,random,C3H2O2,70.005480000,RC2_0046_ICR-3_p08
535.231487673,605.236970707,70.005483034,Other,random,C3H2O2,70.005480000,RC2_0046_ICR-3_p08
418.041491797,488.046975831,70.005484034,Other,random,C3H2O2,70.005480000,RC2_0046_ICR-3_p08
361.105842320,431.111326354,70.005484034,Other,random,C3H2O2,70.005480000,RC2_0046_ICR-3_p08
303.123699283,373.129183317,70.005484034,Other,random,C3H2O2,70.005480000,RC2_0046_ICR-3_p08
361.069290475,431.074774509,70.005484034,Other,random,C3H2O2,70.005480000,RC2_0046_ICR-3_p08
413.035891031,483.041375065,70.005484034,Other,random,C3H2O2,70.005480000,RC2_0046_ICR-3_p08
421.144623633,491.150107667,70.005484034,Other,random,C3H2O2,70.005480000,RC2_0046_ICR-3_p08
276.051284125,346.056768159,70.005484034,Other,random,C3H2O2,70.005480000,RC2_0046_ICR-3_p08
407.220360701,477.225844735,70.005484034,Other,random,C3H2O2,70.005480000,RC2_0046_ICR-3_p08
329.115972023,399.121456057,70.005484034,Other,random,C3H2O2,70.005480000,RC2_0046_ICR-3_p08
463.124446553,533.129930587,70.005484034,Other,random,C3H2O2,70.005480000,RC2_0046_ICR-3_p08
357.082591387,427.088076421,70.005485034,Other,random,C3H2O2,70.005480000,RC2_0046_ICR-3_p08
497.093558455,567.099043489,70.005485034,Other,random,C3H2O2,70.005480000,RC2_0046_ICR-3_p08
353.154830049,423.160315083,70.005485034,Other,random,C3H2O2,70.005480000,RC2_0046_ICR-3_p08
455.264931894,525.270416928,70.005485034,Other,random,C3H2O2,70.005480000,RC2_0046_ICR-3_p08
459.202283191,529.207768225,70.005485034,Other,random,C3H2O2,70.005480000,RC2_0046_ICR-3_p08
349.142139071,419.147624105,70.005485034,Other,random,C3H2O2,70.005480000,RC2_0046_ICR-3_p08
383.090040063,453.095526097,70.005486034,Other,random,C3H2O2,70.005480000,RC2_0046_ICR-3_p08
489.298800521,559.304286555,70.005486034,Other,random,C3H2O2,70.005480000,RC2_0046_ICR-3_p08
457.163258841,527.168744875,70.005486034,Other,random,C3H2O2,70.005480000,RC2_0046_ICR-3_p08
319.009424895,389.014911929,70.005487034,Other,random,C3H2O2,70.005480000,RC2_0046_ICR-3_p08
361.113903286,431.119390320,70.005487034,Other,random,C3H2O2,70.005480000,RC2_0046_ICR-3_p08
505.062203652,575.067690686,70.005487034,Other,random,C3H2O2,70.005480000,RC2_0046_ICR-3_p08
597.109830182,667.115317216,70.005487034,Other,random,C3H2O2,70.005480000,RC2_0046_ICR-3_p08
402.111997371,472.117484405,70.005487034,Other,random,C3H2O2,70.005480000,RC2_0046_ICR-3_p08
313.048325182,383.053812216,70.005487034,Other,random,C3H2O2,70.005480000,RC2_0046_ICR-3_p08
531.187184829,601.192671863,70.005487034,Other,random,C3H2O2,70.005480000,RC2_0046_ICR-3_p08
325.142186880,395.147674914,70.005488034,Other,random,C3H2O2,70.005480000,RC2_0046_ICR-3_p08
378.046540457,448.052028491,70.005488034,Other,random,C3H2O2,70.005480000,RC2_0046_ICR-3_p08
363.048628079,433.054116113,70.005488034,Other,random,C3H2O2,70.005480000,RC2_0046_ICR-3_p08
385.178471203,455.183959237,70.005488034,Other,random,C3H2O2,70.005480000,RC2_0046_ICR-3_p08
457.171308807,527.176796841,70.005488034,Other,random,C3H2O2,70.005480000,RC2_0046_ICR-3_p08
447.142559349,517.148048383,70.005489034,Other,random,C3H2O2,70.005480000,RC2_0046_ICR-3_p08
663.193237854,733.198726888,70.005489034,Other,random,C3H2O2,70.005480000,RC2_0046_ICR-3_p08
537.161228486,607.203086366,70.041857880,Other,random,C4H6O1,70.041867420,RC2_0046_ICR-3_p08
453.153074852,523.194932732,70.041857880,Other,random,C4H6O1,70.041867420,RC2_0046_ICR-3_p08
455.191993203,525.233851083,70.041857880,Other,random,C4H6O1,70.041867420,RC2_0046_ICR-3_p08
509.093593551,579.135451430,70.041857880,Other,random,C4H6O1,70.041867420,RC2_0046_ICR-3_p08
325.129161935,395.171020815,70.041858880,Other,random,C4H6O1,70.041867420,RC2_0046_ICR-3_p08
355.134114653,425.175974532,70.041859880,Other,random,C4H6O1,70.041867420,RC2_0046_ICR-3_p08
377.014765834,447.056625714,70.041859880,Other,random,C4H6O1,70.041867420,RC2_0046_ICR-3_p08
381.118949424,451.160809304,70.041859880,Other,random,C4H6O1,70.041867420,RC2_0046_ICR-3_p08
413.158117513,483.199977392,70.041859880,Other,random,C4H6O1,70.041867420,RC2_0046_ICR-3_p08
423.129399214,493.171259094,70.041859880,Other,random,C4H6O1,70.041867420,RC2_0046_ICR-3_p08
431.228560857,501.270420737,70.041859880,Other,random,C4H6O1,70.041867420,RC2_0046_ICR-3_p08
463.137506498,533.179366378,70.041859880,Other,random,C4H6O1,70.041867420,RC2_0046_ICR-3_p08
399.202213714,469.244073594,70.041859880,Other,random,C4H6O1,70.041867420,RC2_0046_ICR-3_p08
369.074455517,439.116315397,70.041859880,Other,random,C4H6O1,70.041867420,RC2_0046_ICR-3_p08
453.139975908,523.181835788,70.041859880,Other,random,C4H6O1,70.041867420,RC2_0046_ICR-3_p08
421.090579863,491.132440742,70.041860880,Other,random,C4H6O1,70.041867420,RC2_0046_ICR-3_p08
489.189585984,559.231446864,70.041860880,Other,random,C4H6O1,70.041867420,RC2_0046_ICR-3_p08
535.195109827,605.236970707,70.041860880,Other,random,C4H6O1,70.041867420,RC2_0046_ICR-3_p08
311.077088544,381.118949424,70.041860880,Other,random,C4H6O1,70.041867420,RC2_0046_ICR-3_p08
357.092252346,427.134113226,70.041860880,Other,random,C4H6O1,70.041867420,RC2_0046_ICR-3_p08
496.044658905,566.086519784,70.041860880,Other,random,C4H6O1,70.041867420,RC2_0046_ICR-3_p08
609.073252433,679.115114313,70.041861880,Other,random,C4H6O1,70.041867420,RC2_0046_ICR-3_p08
304.082595215,374.124457095,70.041861880,Other,random,C4H6O1,70.041867420,RC2_0046_ICR-3_p08
374.051645404,444.093507283,70.041861880,Other,random,C4H6O1,70.041867420,RC2_0046_ICR-3_p08
413.072388876,483.114250756,70.041861880,Other,random,C4H6O1,70.041867420,RC2_0046_ICR-3_p08
461.231076585,531.272938465,70.041861880,Other,random,C4H6O1,70.041867420,RC2_0046_ICR-3_p08
365.051172584,435.093034464,70.041861880,Other,random,C4H6O1,70.041867420,RC2_0046_ICR-3_p08
441.212854503,511.254716383,70.041861880,Other,random,C4H6O1,70.041867420,RC2_0046_ICR-3_p08
381.076867602,451.118730482,70.041862880,Other,random,C4H6O1,70.041867420,RC2_0046_ICR-3_p08
489.176535039,559.218397919,70.041862880,Other,random,C4H6O1,70.041867420,RC2_0046_ICR-3_p08
293.102986791,363.144849671,70.041862880,Other,random,C4H6O1,70.041867420,RC2_0046_ICR-3_p08
523.267838423,593.309701302,70.041862880,Other,random,C4H6O1,70.041867420,RC2_0046_ICR-3_p08
341.087629238,411.129493118,70.041863880,Other,random,C4H6O1,70.041867420,RC2_0046_ICR-3_p08
367.131651759,437.173515638,70.041863880,Other,random,C4H6O1,70.041867420,RC2_0046_ICR-3_p08
418.041491797,488.083355677,70.041863880,Other,random,C4H6O1,70.041867420,RC2_0046_ICR-3_p08
381.110942458,451.152806338,70.041863880,Other,random,C4H6O1,70.041867420,RC2_0046_ICR-3_p08
447.259765852,517.301629732,70.041863880,Other,random,C4H6O1,70.041867420,RC2_0046_ICR-3_p08
497.158335180,567.200199060,70.041863880,Other,random,C4H6O1,70.041867420,RC2_0046_ICR-3_p08
285.170697440,355.212561320,70.041863880,Other,random,C4H6O1,70.041867420,RC2_0046_ICR-3_p08
367.189130515,437.230994394,70.041863880,Other,random,C4H6O1,70.041867420,RC2_0046_ICR-3_p08
391.066942224,461.108806104,70.041863880,Other,random,C4H6O1,70.041867420,RC2_0046_ICR-3_p08
405.168317406,475.210181285,70.041863880,Other,random,C4H6O1,70.041867420,RC2_0046_ICR-3_p08
391.079905169,461.121770049,70.041864880,Other,random,C4H6O1,70.041867420,RC2_0046_ICR-3_p08
415.152816051,485.194680931,70.041864880,Other,random,C4H6O1,70.041867420,RC2_0046_ICR-3_p08
457.236243531,527.278108411,70.041864880,Other,random,C4H6O1,70.041867420,RC2_0046_ICR-3_p08
419.038452568,489.080318448,70.041865880,Other,random,C4H6O1,70.041867420,RC2_0046_ICR-3_p08
541.062388938,611.104254817,70.041865880,Other,random,C4H6O1,70.041867420,RC2_0046_ICR-3_p08
575.190012167,645.231878047,70.041865880,Other,random,C4H6O1,70.041867420,RC2_0046_ICR-3_p08
419.170937006,489.212802886,70.041865880,Other,random,C4H6O1,70.041867420,RC2_0046_ICR-3_p08
443.155615262,513.197481142,70.041865880,Other,random,C4H6O1,70.041867420,RC2_0046_ICR-3_p08
456.106610323,526.148476203,70.041865880,Other,random,C4H6O1,70.041867420,RC2_0046_ICR-3_p08
349.105758225,419.147624105,70.041865880,Other,random,C4H6O1,70.041867420,RC2_0046_ICR-3_p08
499.291087133,569.332953013,70.041865880,Other,random,C4H6O1,70.041867420,RC2_0046_ICR-3_p08
503.192178585,573.234045464,70.041866880,Other,random,C4H6O1,70.041867420,RC2_0046_ICR-3_p08
411.020269581,481.062136461,70.041866880,Other,random,C4H6O1,70.041867420,RC2_0046_ICR-3_p08
379.261780302,449.303647182,70.041866880,Other,random,C4H6O1,70.041867420,RC2_0046_ICR-3_p08
388.096531825,458.138398704,70.041866880,Other,random,C4H6O1,70.041867420,RC2_0046_ICR-3_p08
442.034163019,512.076030899,70.041867880,Other,random,C4H6O1,70.041867420,RC2_0046_ICR-3_p08
501.103698444,571.145566324,70.041867880,Other,random,C4H6O1,70.041867420,RC2_0046_ICR-3_p08
285.040394993,355.082262873,70.041867880,Other,random,C4H6O1,70.041867420,RC2_0046_ICR-3_p08
371.053802121,441.095670000,70.041867880,Other,random,C4H6O1,70.041867420,RC2_0046_ICR-3_p08
477.176568944,547.218436823,70.041867880,Other,random,C4H6O1,70.041867420,RC2_0046_ICR-3_p08
373.087147495,443.129016375,70.041868880,Other,random,C4H6O1,70.041867420,RC2_0046_ICR-3_p08
387.108221017,457.150089897,70.041868880,Other,random,C4H6O1,70.041867420,RC2_0046_ICR-3_p08
453.189461698,523.231330578,70.041868880,Other,random,C4H6O1,70.041867420,RC2_0046_ICR-3_p08
511.231304482,581.273173362,70.041868880,Other,random,C4H6O1,70.041867420,RC2_0046_ICR-3_p08
533.215762223,603.257631103,70.041868880,Other,random,C4H6O1,70.041867420,RC2_0046_ICR-3_p08
377.082072549,447.123941428,70.041868880,Other,random,C4H6O1,70.041867420,RC2_0046_ICR-3_p08
347.004343139,417.046213019,70.041869880,Other,random,C4H6O1,70.041867420,RC2_0046_ICR-3_p08
383.098106028,453.139975908,70.041869880,Other,random,C4H6O1,70.041867420,RC2_0046_ICR-3_p08
370.127223051,440.169092931,70.041869880,Other,random,C4H6O1,70.041867420,RC2_0046_ICR-3_p08
445.054132208,515.096002088,70.041869880,Other,random,C4H6O1,70.041867420,RC2_0046_ICR-3_p08
493.135048247,563.176918127,70.041869880,Other,random,C4H6O1,70.041867420,RC2_0046_ICR-3_p08
353.154830049,423.196700929,70.041870880,Other,random,C4H6O1,70.041867420,RC2_0046_ICR-3_p08
365.014899738,435.056770618,70.041870880,Other,random,C4H6O1,70.041867420,RC2_0046_ICR-3_p08
485.230949777,555.272820656,70.041870880,Other,random,C4H6O1,70.041867420,RC2_0046_ICR-3_p08
347.098198741,417.140069621,70.041870880,Other,random,C4H6O1,70.041867420,RC2_0046_ICR-3_p08
285.126140629,355.168012509,70.041871880,Other,random,C4H6O1,70.041867420,RC2_0046_ICR-3_p08
326.124475713,396.166347592,70.041871880,Other,random,C4H6O1,70.041867420,RC2_0046_ICR-3_p08
335.113467581,405.155339461,70.041871880,Other,random,C4H6O1,70.041867420,RC2_0046_ICR-3_p08
538.120313418,608.162185298,70.041871880,Other,random,C4H6O1,70.041867420,RC2_0046_ICR-3_p08
331.095193627,401.137065506,70.041871880,Other,random,C4H6O1,70.041867420,RC2_0046_ICR-3_p08
396.106375847,466.148247726,70.041871880,Other,random,C4H6O1,70.041867420,RC2_0046_ICR-3_p08
380.062259907,450.104132786,70.041872880,Other,random,C4H6O1,70.041867420,RC2_0046_ICR-3_p08
393.186170234,463.228043114,70.041872880,Other,random,C4H6O1,70.041867420,RC2_0046_ICR-3_p08
397.032865917,467.074738796,70.041872880,Other,random,C4H6O1,70.041867420,RC2_0046_ICR-3_p08
444.122549160,514.164422040,70.041872880,Other,random,C4H6O1,70.041867420,RC2_0046_ICR-3_p08
379.079953073,449.121826953,70.041873880,Other,random,C4H6O1,70.041867420,RC2_0046_ICR-3_p08
381.204807060,451.246680939,70.041873880,Other,random,C4H6O1,70.041867420,RC2_0046_ICR-3_p08
401.118440585,471.160314465,70.041873880,Other,random,C4H6O1,70.041867420,RC2_0046_ICR-3_p08
371.044015162,441.085890042,70.041874880,Other,random,C4H6O1,70.041867420,RC2_0046_ICR-3_p08
393.076965698,463.118840577,70.041874880,Other,random,C4H6O1,70.041867420,RC2_0046_ICR-3_p08
395.074793223,465.116668102,70.041874880,Other,random,C4H6O1,70.041867420,RC2_0046_ICR-3_p08
443.129016375,513.170891254,70.041874880,Other,random,C4H6O1,70.041867420,RC2_0046_ICR-3_p08
469.144618016,539.186492895,70.041874880,Other,random,C4H6O1,70.041867420,RC2_0046_ICR-3_p08
523.173911821,593.215786701,70.041874880,Other,random,C4H6O1,70.041867420,RC2_0046_ICR-3_p08
383.134591874,453.176467753,70.041875880,Other,random,C4H6O1,70.041867420,RC2_0046_ICR-3_p08
457.090642149,527.132518029,70.041875880,Other,random,C4H6O1,70.041867420,RC2_0046_ICR-3_p08
299.126538239,369.168415119,70.041876880,Other,random,C4H6O1,70.041867420,RC2_0046_ICR-3_p08
353.116068213,423.157945093,70.041876880,Other,random,C4H6O1,70.041867420,RC2_0046_ICR-3_p08
365.173371066,435.215247945,70.041876880,Other,random,C4H6O1,70.041867420,RC2_0046_ICR-3_p08
376.030929008,446.072805887,70.041876880,Other,random,C4H6O1,70.041867420,RC2_0046_ICR-3_p08
378.046540457,448.088417337,70.041876880,Other,random,C4H6O1,70.041867420,RC2_0046_ICR-3_p08
387.121381961,457.163258841,70.041876880,Other,random,C4H6O1,70.041867420,RC2_0046_ICR-3_p08
304.009768524,374.051645404,70.041876880,Other,random,C4H6O1,70.041867420,RC2_0046_ICR-3_p08
447.160280274,517.202157154,70.041876880,Other,random,C4H6O1,70.041867420,RC2_0046_ICR-3_p08
541.148142574,611.190019453,70.041876880,Other,random,C4H6O1,70.041867420,RC2_0046_ICR-3_p08
591.171950371,661.213827250,70.041876880,Other,random,C4H6O1,70.041867420,RC2_0046_ICR-3_p08
611.234798263,681.276675143,70.041876880,Other,random,C4H6O1,70.041867420,RC2_0046_ICR-3_p08
233.009237711,303.098712389,70.089474678,Other,random,C4H10N2O_1,70.089483000,RC2_0046_ICR-3_p08
255.014709363,325.104197041,70.089487678,Other,random,C4H10N2O_1,70.089483000,RC2_0046_ICR-3_p08
413.108696722,483.223322293,70.114625571,Other,random,C6H14O_1,70.114635000,RC2_0046_ICR-3_p08
517.098707592,587.213333163,70.114625571,Other,random,C6H14O_1,70.114635000,RC2_0046_ICR-3_p08
639.120735970,709.235362541,70.114626571,Other,random,C6H14O_1,70.114635000,RC2_0046_ICR-3_p08
589.120006075,659.234633646,70.114627571,Other,random,C6H14O_1,70.114635000,RC2_0046_ICR-3_p08
429.067344025,499.181971596,70.114627571,Other,random,C6H14O_1,70.114635000,RC2_0046_ICR-3_p08
403.103167166,473.217794737,70.114627571,Other,random,C6H14O_1,70.114635000,RC2_0046_ICR-3_p08
451.015338921,521.129966492,70.114627571,Other,random,C6H14O_1,70.114635000,RC2_0046_ICR-3_p08
395.025350432,465.139979003,70.114628571,Other,random,C6H14O_1,70.114635000,RC2_0046_ICR-3_p08
527.067842303,597.182470874,70.114628571,Other,random,C6H14O_1,70.114635000,RC2_0046_ICR-3_p08
433.135094769,503.249723340,70.114628571,Other,random,C6H14O_1,70.114635000,RC2_0046_ICR-3_p08
603.062765930,673.177394501,70.114628571,Other,random,C6H14O_1,70.114635000,RC2_0046_ICR-3_p08
393.113413543,463.228043114,70.114629571,Other,random,C6H14O_1,70.114635000,RC2_0046_ICR-3_p08
413.181552413,483.296181984,70.114629571,Other,random,C6H14O_1,70.114635000,RC2_0046_ICR-3_p08
503.119415893,573.234045464,70.114629571,Other,random,C6H14O_1,70.114635000,RC2_0046_ICR-3_p08
455.046540820,525.161170391,70.114629571,Other,random,C6H14O_1,70.114635000,RC2_0046_ICR-3_p08
375.066421099,445.181050670,70.114629571,Other,random,C6H14O_1,70.114635000,RC2_0046_ICR-3_p08
353.064341433,423.178972004,70.114630571,Other,random,C6H14O_1,70.114635000,RC2_0046_ICR-3_p08
363.048628079,433.163258650,70.114630571,Other,random,C6H14O_1,70.114635000,RC2_0046_ICR-3_p08
381.095437524,451.210068095,70.114630571,Other,random,C6H14O_1,70.114635000,RC2_0046_ICR-3_p08
441.103666966,511.218297537,70.114630571,Other,random,C6H14O_1,70.114635000,RC2_0046_ICR-3_p08
359.071536950,429.186168521,70.114631571,Other,random,C6H14O_1,70.114635000,RC2_0046_ICR-3_p08
403.051659385,473.166290956,70.114631571,Other,random,C6H14O_1,70.114635000,RC2_0046_ICR-3_p08
541.098742783,611.213374354,70.114631571,Other,random,C6H14O_1,70.114635000,RC2_0046_ICR-3_p08
571.057740696,641.172373267,70.114632571,Other,random,C6H14O_1,70.114635000,RC2_0046_ICR-3_p08
369.095614427,439.210246998,70.114632571,Other,random,C6H14O_1,70.114635000,RC2_0046_ICR-3_p08
495.077938005,565.192570576,70.114632571,Other,random,C6H14O_1,70.114635000,RC2_0046_ICR-3_p08
647.198377705,717.313010276,70.114632571,Other,random,C6H14O_1,70.114635000,RC2_0046_ICR-3_p08
338.101091907,408.215725478,70.114633571,Other,random,C6H14O_1,70.114635000,RC2_0046_ICR-3_p08
378.046540457,448.161174028,70.114633571,Other,random,C6H14O_1,70.114635000,RC2_0046_ICR-3_p08
407.111211164,477.225844735,70.114633571,Other,random,C6H14O_1,70.114635000,RC2_0046_ICR-3_p08
495.142515732,565.257149302,70.114633571,Other,random,C6H14O_1,70.114635000,RC2_0046_ICR-3_p08
511.181879692,581.296513263,70.114633571,Other,random,C6H14O_1,70.114635000,RC2_0046_ICR-3_p08
379.152756765,449.267391336,70.114634571,Other,random,C6H14O_1,70.114635000,RC2_0046_ICR-3_p08
399.092986177,469.207620748,70.114634571,Other,random,C6H14O_1,70.114635000,RC2_0046_ICR-3_p08
435.123825333,505.238459904,70.114634571,Other,random,C6H14O_1,70.114635000,RC2_0046_ICR-3_p08
511.101215034,581.215850605,70.114635571,Other,random,C6H14O_1,70.114635000,RC2_0046_ICR-3_p08
592.102924422,662.217559993,70.114635571,Other,random,C6H14O_1,70.114635000,RC2_0046_ICR-3_p08
305.030204195,375.144839766,70.114635571,Other,random,C6H14O_1,70.114635000,RC2_0046_ICR-3_p08
409.077438823,479.192074394,70.114635571,Other,random,C6H14O_1,70.114635000,RC2_0046_ICR-3_p08
359.061871991,429.176508562,70.114636571,Other,random,C6H14O_1,70.114635000,RC2_0046_ICR-3_p08
493.098727401,563.213363972,70.114636571,Other,random,C6H14O_1,70.114635000,RC2_0046_ICR-3_p08
361.050771554,431.165408125,70.114636571,Other,random,C6H14O_1,70.114635000,RC2_0046_ICR-3_p08
423.129399214,493.244036785,70.114637571,Other,random,C6H14O_1,70.114635000,RC2_0046_ICR-3_p08
367.079856978,437.194494549,70.114637571,Other,random,C6H14O_1,70.114635000,RC2_0046_ICR-3_p08
401.082095740,471.196733310,70.114637571,Other,random,C6H14O_1,70.114635000,RC2_0046_ICR-3_p08
473.158241990,543.272880561,70.114638571,Other,random,C6H14O_1,70.114635000,RC2_0046_ICR-3_p08
355.116234729,425.230873299,70.114638571,Other,random,C6H14O_1,70.114635000,RC2_0046_ICR-3_p08
607.130674673,677.245313244,70.114638571,Other,random,C6H14O_1,70.114635000,RC2_0046_ICR-3_p08
487.109204809,557.223844380,70.114639571,Other,random,C6H14O_1,70.114635000,RC2_0046_ICR-3_p08
405.103641680,475.218282251,70.114640571,Other,random,C6H14O_1,70.114635000,RC2_0046_ICR-3_p08
451.152806338,521.267446909,70.114640571,Other,random,C6H14O_1,70.114635000,RC2_0046_ICR-3_p08
397.041121882,467.155762452,70.114640571,Other,random,C6H14O_1,70.114635000,RC2_0046_ICR-3_p08
417.059170964,487.173811535,70.114640571,Other,random,C6H14O_1,70.114635000,RC2_0046_ICR-3_p08
495.041546160,565.156187731,70.114641571,Other,random,C6H14O_1,70.114635000,RC2_0046_ICR-3_p08
391.152659861,461.267301432,70.114641571,Other,random,C6H14O_1,70.114635000,RC2_0046_ICR-3_p08
405.131978560,475.246620131,70.114641571,Other,random,C6H14O_1,70.114635000,RC2_0046_ICR-3_p08
471.142626540,541.257269111,70.114642571,Other,random,C6H14O_1,70.114635000,RC2_0046_ICR-3_p08
357.082591387,427.197233958,70.114642571,Other,random,C6H14O_1,70.114635000,RC2_0046_ICR-3_p08
461.108806104,531.223449675,70.114643571,Other,random,C6H14O_1,70.114635000,RC2_0046_ICR-3_p08
347.053659930,417.168303501,70.114643571,Other,random,C6H14O_1,70.114635000,RC2_0046_ICR-3_p08
391.079905169,461.194548740,70.114643571,Other,random,C6H14O_1,70.114635000,RC2_0046_ICR-3_p08
453.030979370,523.145622941,70.114643571,Other,random,C6H14O_1,70.114635000,RC2_0046_ICR-3_p08
483.186977447,553.301621018,70.114643571,Other,random,C6H14O_1,70.114635000,RC2_0046_ICR-3_p08
261.097959558,331.212604129,70.114644571,Other,random,C6H14O_1,70.114635000,RC2_0046_ICR-3_p08
359.090102871,429.204747442,70.114644571,Other,random,C6H14O_1,70.114635000,RC2_0046_ICR-3_p08
471.223306198,541.337950769,70.114644571,Other,random,C6H14O_1,70.114635000,RC2_0046_ICR-3_p08
557.130053778,627.244698349,70.114644571,Other,random,C6H14O_1,70.114635000,RC2_0046_ICR-3_p08
353.087620334,423.202264905,70.114644571,Other,random,C6H14O_1,70.114635000,RC2_0046_ICR-3_p08
353.100656279,423.215300850,70.114644571,Other,random,C6H14O_1,70.114635000,RC2_0046_ICR-3_p08
467.046583916,537.161228486,70.114644571,Other,random,C6H14O_1,70.114635000,RC2_0046_ICR-3_p08
391.103234070,462.103958882,71.000724812,Other,random,C2H1N1O2,71.000729000,RC2_0046_ICR-3_p08
305.030204195,376.030929008,71.000724812,Other,random,C2H1N1O2,71.000729000,RC2_0046_ICR-3_p08
459.056737809,530.057462621,71.000724812,Other,random,C2H1N1O2,71.000729000,RC2_0046_ICR-3_p08
321.219992518,392.220719330,71.000726812,Other,random,C2H1N1O2,71.000729000,RC2_0046_ICR-3_p08
317.102938982,388.103666795,71.000727812,Other,random,C2H1N1O2,71.000729000,RC2_0046_ICR-3_p08
411.178943908,482.179671720,71.000727812,Other,random,C2H1N1O2,71.000729000,RC2_0046_ICR-3_p08
447.129500405,518.130231217,71.000730812,Other,random,C2H1N1O2,71.000729000,RC2_0046_ICR-3_p08
359.077025927,430.077757739,71.000731812,Other,random,C2H1N1O2,71.000729000,RC2_0046_ICR-3_p08
335.149919426,406.150651239,71.000731812,Other,random,C2H1N1O2,71.000729000,RC2_0046_ICR-3_p08
335.077103735,406.077836547,71.000732812,Other,random,C2H1N1O2,71.000729000,RC2_0046_ICR-3_p08
383.183962664,454.184697476,71.000734812,Other,random,C2H1N1O2,71.000729000,RC2_0046_ICR-3_p08
252.087772779,323.088510591,71.000737812,Other,random,C2H1N1O2,71.000729000,RC2_0046_ICR-3_p08
323.113488485,394.114226298,71.000737812,Other,random,C2H1N1O2,71.000729000,RC2_0046_ICR-3_p08
461.202956704,532.203695517,71.000738812,Other,random,C2H1N1O2,71.000729000,RC2_0046_ICR-3_p08
495.114276851,566.115015663,71.000738812,Other,random,C2H1N1O2,71.000729000,RC2_0046_ICR-3_p08
373.116901369,444.130208128,71.013306759,Other,random,C3H3O2,71.013305000,RC2_0046_ICR-3_p08
251.019771310,322.033080069,71.013308759,Other,random,C3H3O2,71.013305000,RC2_0046_ICR-3_p08
455.111370545,526.148476203,71.037105658,Other,random,Alanine,71.037113840,RC2_0046_ICR-3_p08
467.046583916,538.083689573,71.037105658,Other,random,Alanine,71.037113840,RC2_0046_ICR-3_p08
373.056398626,444.093507283,71.037108658,Other,random,Alanine,71.037113840,RC2_0046_ICR-3_p08
377.124064370,448.161174028,71.037109658,Other,random,Alanine,71.037113840,RC2_0046_ICR-3_p08
353.051312488,424.088423146,71.037110658,Other,random,Alanine,71.037113840,RC2_0046_ICR-3_p08
539.140416091,610.177527748,71.037111658,Other,random,Alanine,71.037113840,RC2_0046_ICR-3_p08
321.061516190,392.098628848,71.037112658,Other,random,Alanine,71.037113840,RC2_0046_ICR-3_p08
383.111158973,454.148273631,71.037114658,Other,random,Alanine,71.037113840,RC2_0046_ICR-3_p08
533.129930587,604.167047245,71.037116658,Other,random,Alanine,71.037113840,RC2_0046_ICR-3_p08
323.126518430,394.163636088,71.037117658,Other,random,Alanine,71.037113840,RC2_0046_ICR-3_p08
365.123981275,436.161098933,71.037117658,Other,random,Alanine,71.037113840,RC2_0046_ICR-3_p08
337.056308339,408.093426997,71.037118658,Other,random,Alanine,71.037113840,RC2_0046_ICR-3_p08
375.072046075,446.109167733,71.037121658,Other,random,Alanine,71.037113840,RC2_0046_ICR-3_p08
337.178601821,408.215725478,71.037123658,Other,random,Alanine,71.037113840,RC2_0046_ICR-3_p08
447.129500405,518.166624062,71.037123658,Other,random,Alanine,71.037113840,RC2_0046_ICR-3_p08
455.111370545,526.148476203,71.037105658,Other,random,Alanine_C3H5NO,71.037114000,RC2_0046_ICR-3_p08
467.046583916,538.083689573,71.037105658,Other,random,Alanine_C3H5NO,71.037114000,RC2_0046_ICR-3_p08
373.056398626,444.093507283,71.037108658,Other,random,Alanine_C3H5NO,71.037114000,RC2_0046_ICR-3_p08
377.124064370,448.161174028,71.037109658,Other,random,Alanine_C3H5NO,71.037114000,RC2_0046_ICR-3_p08
353.051312488,424.088423146,71.037110658,Other,random,Alanine_C3H5NO,71.037114000,RC2_0046_ICR-3_p08
539.140416091,610.177527748,71.037111658,Other,random,Alanine_C3H5NO,71.037114000,RC2_0046_ICR-3_p08
321.061516190,392.098628848,71.037112658,Other,random,Alanine_C3H5NO,71.037114000,RC2_0046_ICR-3_p08
383.111158973,454.148273631,71.037114658,Other,random,Alanine_C3H5NO,71.037114000,RC2_0046_ICR-3_p08
533.129930587,604.167047245,71.037116658,Other,random,Alanine_C3H5NO,71.037114000,RC2_0046_ICR-3_p08
323.126518430,394.163636088,71.037117658,Other,random,Alanine_C3H5NO,71.037114000,RC2_0046_ICR-3_p08
365.123981275,436.161098933,71.037117658,Other,random,Alanine_C3H5NO,71.037114000,RC2_0046_ICR-3_p08
337.056308339,408.093426997,71.037118658,Other,random,Alanine_C3H5NO,71.037114000,RC2_0046_ICR-3_p08
375.072046075,446.109167733,71.037121658,Other,random,Alanine_C3H5NO,71.037114000,RC2_0046_ICR-3_p08
337.178601821,408.215725478,71.037123658,Other,random,Alanine_C3H5NO,71.037114000,RC2_0046_ICR-3_p08
447.129500405,518.166624062,71.037123658,Other,random,Alanine_C3H5NO,71.037114000,RC2_0046_ICR-3_p08
327.085161637,398.158651141,71.073489503,Other,random,C4H9N1,71.073499000,RC2_0046_ICR-3_p08
521.093539646,592.167029150,71.073489503,Other,random,C4H9N1,71.073499000,RC2_0046_ICR-3_p08
295.009489704,366.082980207,71.073490503,Other,random,C4H9N1,71.073499000,RC2_0046_ICR-3_p08
405.046226924,476.119717427,71.073490503,Other,random,C4H9N1,71.073499000,RC2_0046_ICR-3_p08
381.113404448,452.186895951,71.073491503,Other,random,C4H9N1,71.073499000,RC2_0046_ICR-3_p08
453.030979370,524.104473874,71.073494503,Other,random,C4H9N1,71.073499000,RC2_0046_ICR-3_p08
439.015118826,510.088613330,71.073494503,Other,random,C4H9N1,71.073499000,RC2_0046_ICR-3_p08
303.050960591,374.124457095,71.073496503,Other,random,C4H9N1,71.073499000,RC2_0046_ICR-3_p08
353.014920642,424.088423146,71.073502503,Other,random,C4H9N1,71.073499000,RC2_0046_ICR-3_p08
359.004253235,430.077757739,71.073504503,Other,random,C4H9N1,71.073499000,RC2_0046_ICR-3_p08
307.158332168,378.231837671,71.073505503,Other,random,C4H9N1,71.073499000,RC2_0046_ICR-3_p08
481.025727615,552.099233119,71.073505503,Other,random,C4H9N1,71.073499000,RC2_0046_ICR-3_p08
447.020355868,518.093862371,71.073506503,Other,random,C4H9N1,71.073499000,RC2_0046_ICR-3_p08
321.025120344,392.098628848,71.073508503,Other,random,C4H9N1,71.073499000,RC2_0046_ICR-3_p08
359.098219837,430.208094186,71.109874349,Other,random,C5H13O_1N1,71.109884000,RC2_0046_ICR-3_p08
447.020355868,518.130231217,71.109875349,Other,random,C5H13O_1N1,71.109884000,RC2_0046_ICR-3_p08
493.025723711,564.135599060,71.109875349,Other,random,C5H13O_1N1,71.109884000,RC2_0046_ICR-3_p08
243.051144113,314.161025462,71.109881349,Other,random,C5H13O_1N1,71.109884000,RC2_0046_ICR-3_p08
339.084977734,410.194859083,71.109881349,Other,random,C5H13O_1N1,71.109884000,RC2_0046_ICR-3_p08
365.014899738,436.124782087,71.109882349,Other,random,C5H13O_1N1,71.109884000,RC2_0046_ICR-3_p08
395.098140124,466.208022473,71.109882349,Other,random,C5H13O_1N1,71.109884000,RC2_0046_ICR-3_p08
521.057145801,592.167029150,71.109883349,Other,random,C5H13O_1N1,71.109884000,RC2_0046_ICR-3_p08
417.140069621,488.249958970,71.109889349,Other,random,C5H13O_1N1,71.109884000,RC2_0046_ICR-3_p08
357.147287113,429.132022751,71.984735638,Other,random,C2O3,71.984745000,RC2_0046_ICR-3_p08
349.129151126,421.113886764,71.984735638,Other,random,C2O3,71.984745000,RC2_0046_ICR-3_p08
510.161888019,582.146623657,71.984735638,Other,random,C2O3,71.984745000,RC2_0046_ICR-3_p08
355.095319817,427.080056455,71.984736638,Other,random,C2O3,71.984745000,RC2_0046_ICR-3_p08
436.124782087,508.109518725,71.984736638,Other,random,C2O3,71.984745000,RC2_0046_ICR-3_p08
387.175505732,459.160242370,71.984736638,Other,random,C2O3,71.984745000,RC2_0046_ICR-3_p08
439.189053088,511.173789726,71.984736638,Other,random,C2O3,71.984745000,RC2_0046_ICR-3_p08
475.124479649,547.109216287,71.984736638,Other,random,C2O3,71.984745000,RC2_0046_ICR-3_p08
631.276468246,703.261204884,71.984736638,Other,random,C2O3,71.984745000,RC2_0046_ICR-3_p08
364.140045449,436.124782087,71.984736638,Other,random,C2O3,71.984745000,RC2_0046_ICR-3_p08
519.200250678,591.184987316,71.984736638,Other,random,C2O3,71.984745000,RC2_0046_ICR-3_p08
427.197233958,499.181971596,71.984737638,Other,random,C2O3,71.984745000,RC2_0046_ICR-3_p08
359.126588716,431.111326354,71.984737638,Other,random,C2O3,71.984745000,RC2_0046_ICR-3_p08
352.103685508,424.088423146,71.984737638,Other,random,C2O3,71.984745000,RC2_0046_ICR-3_p08
433.180899575,505.165637213,71.984737638,Other,random,C2O3,71.984745000,RC2_0046_ICR-3_p08
343.085438764,415.070176402,71.984737638,Other,random,C2O3,71.984745000,RC2_0046_ICR-3_p08
361.087071400,433.071809038,71.984737638,Other,random,C2O3,71.984745000,RC2_0046_ICR-3_p08
355.066835938,427.051574576,71.984738638,Other,random,C2O3,71.984745000,RC2_0046_ICR-3_p08
485.129829206,557.114567844,71.984738638,Other,random,C2O3,71.984745000,RC2_0046_ICR-3_p08
333.170599823,405.155339461,71.984739638,Other,random,C2O3,71.984745000,RC2_0046_ICR-3_p08
529.098645688,601.083385326,71.984739638,Other,random,C2O3,71.984745000,RC2_0046_ICR-3_p08
353.173473970,425.158213608,71.984739638,Other,random,C2O3,71.984745000,RC2_0046_ICR-3_p08
261.053445747,333.038185384,71.984739638,Other,random,C2O3,71.984745000,RC2_0046_ICR-3_p08
397.056178818,469.040919456,71.984740638,Other,random,C2O3,71.984745000,RC2_0046_ICR-3_p08
405.186045330,477.170785968,71.984740638,Other,random,C2O3,71.984745000,RC2_0046_ICR-3_p08
369.118926329,441.103666966,71.984740638,Other,random,C2O3,71.984745000,RC2_0046_ICR-3_p08
425.181585509,497.166327146,71.984741638,Other,random,C2O3,71.984745000,RC2_0046_ICR-3_p08
537.225969212,609.210710850,71.984741638,Other,random,C2O3,71.984745000,RC2_0046_ICR-3_p08
395.171020815,467.155762452,71.984741638,Other,random,C2O3,71.984745000,RC2_0046_ICR-3_p08
375.194119557,447.178862195,71.984742638,Other,random,C2O3,71.984745000,RC2_0046_ICR-3_p08
387.071995171,459.056737809,71.984742638,Other,random,C2O3,71.984745000,RC2_0046_ICR-3_p08
319.154973278,391.139715916,71.984742638,Other,random,C2O3,71.984745000,RC2_0046_ICR-3_p08
425.254227200,497.238969838,71.984742638,Other,random,C2O3,71.984745000,RC2_0046_ICR-3_p08
519.236543524,591.221286162,71.984742638,Other,random,C2O3,71.984745000,RC2_0046_ICR-3_p08
536.177442660,608.162185298,71.984742638,Other,random,C2O3,71.984745000,RC2_0046_ICR-3_p08
553.156285635,625.141028273,71.984742638,Other,random,C2O3,71.984745000,RC2_0046_ICR-3_p08
503.132519838,575.117263475,71.984743638,Other,random,C2O3,71.984745000,RC2_0046_ICR-3_p08
371.162860658,443.147604296,71.984743638,Other,random,C2O3,71.984745000,RC2_0046_ICR-3_p08
413.173537447,485.158281085,71.984743638,Other,random,C2O3,71.984745000,RC2_0046_ICR-3_p08
545.179553472,617.164297110,71.984743638,Other,random,C2O3,71.984745000,RC2_0046_ICR-3_p08
323.162931276,395.147674914,71.984743638,Other,random,C2O3,71.984745000,RC2_0046_ICR-3_p08
329.106184064,401.090927702,71.984743638,Other,random,C2O3,71.984745000,RC2_0046_ICR-3_p08
429.132022751,501.116766389,71.984743638,Other,random,C2O3,71.984745000,RC2_0046_ICR-3_p08
467.147712487,539.132456124,71.984743638,Other,random,C2O3,71.984745000,RC2_0046_ICR-3_p08
327.072039693,399.056783331,71.984743638,Other,random,C2O3,71.984745000,RC2_0046_ICR-3_p08
387.129488927,459.114232565,71.984743638,Other,random,C2O3,71.984745000,RC2_0046_ICR-3_p08
375.266987248,447.251731886,71.984744638,Other,random,C2O3,71.984745000,RC2_0046_ICR-3_p08
531.200252773,603.184997411,71.984744638,Other,random,C2O3,71.984745000,RC2_0046_ICR-3_p08
643.167023806,715.151768444,71.984744638,Other,random,C2O3,71.984745000,RC2_0046_ICR-3_p08
359.061871991,431.046616629,71.984744638,Other,random,C2O3,71.984745000,RC2_0046_ICR-3_p08
319.139735342,391.124480980,71.984745638,Other,random,C2O3,71.984745000,RC2_0046_ICR-3_p08
359.077025927,431.061771565,71.984745638,Other,random,C2O3,71.984745000,RC2_0046_ICR-3_p08
375.121347866,447.106093504,71.984745638,Other,random,C2O3,71.984745000,RC2_0046_ICR-3_p08
305.139318733,377.124064370,71.984745638,Other,random,C2O3,71.984745000,RC2_0046_ICR-3_p08
445.207696557,517.192443195,71.984746638,Other,random,C2O3,71.984745000,RC2_0046_ICR-3_p08
545.288751009,617.273497647,71.984746638,Other,random,C2O3,71.984745000,RC2_0046_ICR-3_p08
357.110821267,429.095567905,71.984746638,Other,random,C2O3,71.984745000,RC2_0046_ICR-3_p08
407.171018910,479.155765548,71.984746638,Other,random,C2O3,71.984745000,RC2_0046_ICR-3_p08
315.014563841,386.999311479,71.984747638,Other,random,C2O3,71.984745000,RC2_0046_ICR-3_p08
393.113413543,465.098161181,71.984747638,Other,random,C2O3,71.984745000,RC2_0046_ICR-3_p08
424.088423146,496.073170784,71.984747638,Other,random,C2O3,71.984745000,RC2_0046_ICR-3_p08
313.165520685,385.150269323,71.984748638,Other,random,C2O3,71.984745000,RC2_0046_ICR-3_p08
315.136633324,387.121381961,71.984748638,Other,random,C2O3,71.984745000,RC2_0046_ICR-3_p08
339.035520944,411.020269581,71.984748638,Other,random,C2O3,71.984745000,RC2_0046_ICR-3_p08
373.087147495,445.071896133,71.984748638,Other,random,C2O3,71.984745000,RC2_0046_ICR-3_p08
411.194189844,483.178938481,71.984748638,Other,random,C2O3,71.984745000,RC2_0046_ICR-3_p08
417.186064426,489.170813064,71.984748638,Other,random,C2O3,71.984745000,RC2_0046_ICR-3_p08
459.129384501,531.114133139,71.984748638,Other,random,C2O3,71.984745000,RC2_0046_ICR-3_p08
301.144433679,373.129183317,71.984749638,Other,random,C2O3,71.984745000,RC2_0046_ICR-3_p08
305.066572041,377.051321679,71.984749638,Other,random,C2O3,71.984745000,RC2_0046_ICR-3_p08
339.136681514,411.121431152,71.984749638,Other,random,C2O3,71.984745000,RC2_0046_ICR-3_p08
339.194194270,411.178943908,71.984749638,Other,random,C2O3,71.984745000,RC2_0046_ICR-3_p08
313.084682028,385.069431666,71.984749638,Other,random,C2O3,71.984745000,RC2_0046_ICR-3_p08
287.141838079,359.126588716,71.984750638,Other,random,C2O3,71.984745000,RC2_0046_ICR-3_p08
385.056301722,457.041052359,71.984750638,Other,random,C2O3,71.984745000,RC2_0046_ICR-3_p08
308.077508269,380.062259907,71.984751638,Other,random,C2O3,71.984745000,RC2_0046_ICR-3_p08
347.071492855,419.056244492,71.984751638,Other,random,C2O3,71.984745000,RC2_0046_ICR-3_p08
373.069380571,445.054132208,71.984751638,Other,random,C2O3,71.984745000,RC2_0046_ICR-3_p08
411.165941963,483.150693601,71.984751638,Other,random,C2O3,71.984745000,RC2_0046_ICR-3_p08
431.119390320,503.104141958,71.984751638,Other,random,C2O3,71.984745000,RC2_0046_ICR-3_p08
487.088062899,559.072814537,71.984751638,Other,random,C2O3,71.984745000,RC2_0046_ICR-3_p08
440.091278261,512.076030899,71.984752638,Other,random,C2O3,71.984745000,RC2_0046_ICR-3_p08
357.082591387,429.067344025,71.984752638,Other,random,C2O3,71.984745000,RC2_0046_ICR-3_p08
457.098673115,529.083425753,71.984752638,Other,random,C2O3,71.984745000,RC2_0046_ICR-3_p08
547.109216287,619.093968925,71.984752638,Other,random,C2O3,71.984745000,RC2_0046_ICR-3_p08
365.152377155,437.137129793,71.984752638,Other,random,C2O3,71.984745000,RC2_0046_ICR-3_p08
371.098111933,443.082864571,71.984752638,Other,random,C2O3,71.984745000,RC2_0046_ICR-3_p08
405.046226924,477.030979561,71.984752638,Other,random,C2O3,71.984745000,RC2_0046_ICR-3_p08
387.056778235,459.041531873,71.984753638,Other,random,C2O3,71.984745000,RC2_0046_ICR-3_p08
292.082640120,364.067393757,71.984753638,Other,random,C2O3,71.984745000,RC2_0046_ICR-3_p08
361.056363530,433.041118168,71.984754638,Other,random,C2O3,71.984745000,RC2_0046_ICR-3_p08
367.095291913,439.080046551,71.984754638,Other,random,C2O3,71.984745000,RC2_0046_ICR-3_p08
385.129030413,457.113785051,71.984754638,Other,random,C2O3,71.984745000,RC2_0046_ICR-3_p08
469.135005056,541.119759694,71.984754638,Other,random,C2O3,71.984745000,RC2_0046_ICR-3_p08
347.186231368,419.207352851,72.021121484,Other,random,C3H4O2,72.021130890,RC2_0046_ICR-3_p08
361.105842320,433.126963804,72.021121484,Other,random,C3H4O2,72.021130890,RC2_0046_ICR-3_p08
427.197233958,499.218355442,72.021121484,Other,random,C3H4O2,72.021130890,RC2_0046_ICR-3_p08
351.230545212,423.251666695,72.021121484,Other,random,C3H4O2,72.021130890,RC2_0046_ICR-3_p08
465.168346883,537.189468367,72.021121484,Other,random,C3H4O2,72.021130890,RC2_0046_ICR-3_p08
517.026045901,589.047167384,72.021121484,Other,random,C3H4O2,72.021130890,RC2_0046_ICR-3_p08
545.202814374,617.223935857,72.021121484,Other,random,C3H4O2,72.021130890,RC2_0046_ICR-3_p08
611.234798263,683.255919747,72.021121484,Other,random,C3H4O2,72.021130890,RC2_0046_ICR-3_p08
733.235700731,805.256822214,72.021121484,Other,random,C3H4O2,72.021130890,RC2_0046_ICR-3_p08
450.140477632,522.161599116,72.021121484,Other,random,C3H4O2,72.021130890,RC2_0046_ICR-3_p08
383.107904987,455.129027470,72.021122484,Other,random,C3H4O2,72.021130890,RC2_0046_ICR-3_p08
391.175902762,463.197025246,72.021122484,Other,random,C3H4O2,72.021130890,RC2_0046_ICR-3_p08
575.104174531,647.125297015,72.021122484,Other,random,C3H4O2,72.021130890,RC2_0046_ICR-3_p08
545.215848318,617.236970802,72.021122484,Other,random,C3H4O2,72.021130890,RC2_0046_ICR-3_p08
289.157489528,361.178612012,72.021122484,Other,random,C3H4O2,72.021130890,RC2_0046_ICR-3_p08
359.025494145,431.046616629,72.021122484,Other,random,C3H4O2,72.021130890,RC2_0046_ICR-3_p08
308.113859114,380.134982598,72.021123484,Other,random,C3H4O2,72.021130890,RC2_0046_ICR-3_p08
365.173371066,437.194494549,72.021123484,Other,random,C3H4O2,72.021130890,RC2_0046_ICR-3_p08
421.272511091,493.293634575,72.021123484,Other,random,C3H4O2,72.021130890,RC2_0046_ICR-3_p08
424.174072782,496.195196266,72.021123484,Other,random,C3H4O2,72.021130890,RC2_0046_ICR-3_p08
433.236171341,505.257294824,72.021123484,Other,random,C3H4O2,72.021130890,RC2_0046_ICR-3_p08
435.178948099,507.200071583,72.021123484,Other,random,C3H4O2,72.021130890,RC2_0046_ICR-3_p08
503.132519838,575.153643321,72.021123484,Other,random,C3H4O2,72.021130890,RC2_0046_ICR-3_p08
375.102817945,447.123941428,72.021123484,Other,random,C3H4O2,72.021130890,RC2_0046_ICR-3_p08
319.009424895,391.030549379,72.021124484,Other,random,C3H4O2,72.021130890,RC2_0046_ICR-3_p08
461.108806104,533.129930587,72.021124484,Other,random,C3H4O2,72.021130890,RC2_0046_ICR-3_p08
499.327782977,571.348907461,72.021124484,Other,random,C3H4O2,72.021130890,RC2_0046_ICR-3_p08
321.025120344,393.046244828,72.021124484,Other,random,C3H4O2,72.021130890,RC2_0046_ICR-3_p08
427.139650202,499.160774686,72.021124484,Other,random,C3H4O2,72.021130890,RC2_0046_ICR-3_p08
433.186524551,505.207650035,72.021125484,Other,random,C3H4O2,72.021130890,RC2_0046_ICR-3_p08
443.301224644,515.322350128,72.021125484,Other,random,C3H4O2,72.021130890,RC2_0046_ICR-3_p08
238.035718389,310.056843872,72.021125484,Other,random,C3H4O2,72.021130890,RC2_0046_ICR-3_p08
242.139899979,314.161025462,72.021125484,Other,random,C3H4O2,72.021130890,RC2_0046_ICR-3_p08
391.225456552,463.246582035,72.021125484,Other,random,C3H4O2,72.021130890,RC2_0046_ICR-3_p08
439.197172054,511.218297537,72.021125484,Other,random,C3H4O2,72.021130890,RC2_0046_ICR-3_p08
413.181552413,485.202678897,72.021126484,Other,random,C3H4O2,72.021130890,RC2_0046_ICR-3_p08
417.095552810,489.116679293,72.021126484,Other,random,C3H4O2,72.021130890,RC2_0046_ICR-3_p08
418.114285488,490.135411972,72.021126484,Other,random,C3H4O2,72.021130890,RC2_0046_ICR-3_p08
507.078000101,579.099126584,72.021126484,Other,random,C3H4O2,72.021130890,RC2_0046_ICR-3_p08
557.143136722,629.164263206,72.021126484,Other,random,C3H4O2,72.021130890,RC2_0046_ICR-3_p08
455.119399511,527.140525995,72.021126484,Other,random,C3H4O2,72.021130890,RC2_0046_ICR-3_p08
481.257196634,553.278323117,72.021126484,Other,random,C3H4O2,72.021130890,RC2_0046_ICR-3_p08
319.103353497,391.124480980,72.021127484,Other,random,C3H4O2,72.021130890,RC2_0046_ICR-3_p08
425.035929126,497.057056610,72.021127484,Other,random,C3H4O2,72.021130890,RC2_0046_ICR-3_p08
379.030454283,451.051581767,72.021127484,Other,random,C3H4O2,72.021130890,RC2_0046_ICR-3_p08
381.241124906,453.262253389,72.021128484,Other,random,C3H4O2,72.021130890,RC2_0046_ICR-3_p08
290.066889670,362.088018154,72.021128484,Other,random,C3H4O2,72.021130890,RC2_0046_ICR-3_p08
535.145700036,607.166828520,72.021128484,Other,random,C3H4O2,72.021130890,RC2_0046_ICR-3_p08
581.078733187,653.099861670,72.021128484,Other,random,C3H4O2,72.021130890,RC2_0046_ICR-3_p08
297.074484944,369.095614427,72.021129484,Other,random,C3H4O2,72.021130890,RC2_0046_ICR-3_p08
423.129399214,495.150528698,72.021129484,Other,random,C3H4O2,72.021130890,RC2_0046_ICR-3_p08
589.120006075,661.141135559,72.021129484,Other,random,C3H4O2,72.021130890,RC2_0046_ICR-3_p08
605.260528607,677.281658090,72.021129484,Other,random,C3H4O2,72.021130890,RC2_0046_ICR-3_p08
307.204408972,379.225538456,72.021129484,Other,random,C3H4O2,72.021130890,RC2_0046_ICR-3_p08
349.214908762,421.236038246,72.021129484,Other,random,C3H4O2,72.021130890,RC2_0046_ICR-3_p08
337.056308339,409.077438823,72.021130484,Other,random,C3H4O2,72.021130890,RC2_0046_ICR-3_p08
493.163441127,565.184571610,72.021130484,Other,random,C3H4O2,72.021130890,RC2_0046_ICR-3_p08
423.202264905,495.223395388,72.021130484,Other,random,C3H4O2,72.021130890,RC2_0046_ICR-3_p08
348.230924936,420.252055420,72.021130484,Other,random,C3H4O2,72.021130890,RC2_0046_ICR-3_p08
393.204839155,465.225969639,72.021130484,Other,random,C3H4O2,72.021130890,RC2_0046_ICR-3_p08
417.046213019,489.067343503,72.021130484,Other,random,C3H4O2,72.021130890,RC2_0046_ICR-3_p08
425.072427972,497.093558455,72.021130484,Other,random,C3H4O2,72.021130890,RC2_0046_ICR-3_p08
453.212719599,525.233851083,72.021131484,Other,random,C3H4O2,72.021130890,RC2_0046_ICR-3_p08
413.108696722,485.129829206,72.021132484,Other,random,C3H4O2,72.021130890,RC2_0046_ICR-3_p08
419.183962951,491.205095434,72.021132484,Other,random,C3H4O2,72.021130890,RC2_0046_ICR-3_p08
339.121490579,411.142624062,72.021133484,Other,random,C3H4O2,72.021130890,RC2_0046_ICR-3_p08
525.225938116,597.247071600,72.021133484,Other,random,C3H4O2,72.021130890,RC2_0046_ICR-3_p08
467.155762452,539.176895936,72.021133484,Other,random,C3H4O2,72.021130890,RC2_0046_ICR-3_p08
304.082595215,376.103728699,72.021133484,Other,random,C3H4O2,72.021130890,RC2_0046_ICR-3_p08
357.055879500,429.077012984,72.021133484,Other,random,C3H4O2,72.021130890,RC2_0046_ICR-3_p08
399.084912212,471.106045695,72.021133484,Other,random,C3H4O2,72.021130890,RC2_0046_ICR-3_p08
503.277958221,575.299091704,72.021133484,Other,random,C3H4O2,72.021130890,RC2_0046_ICR-3_p08
346.020358314,418.041491797,72.021133484,Other,random,C3H4O2,72.021130890,RC2_0046_ICR-3_p08
473.194713835,545.215848318,72.021134484,Other,random,C3H4O2,72.021130890,RC2_0046_ICR-3_p08
311.113457390,383.134591874,72.021134484,Other,random,C3H4O2,72.021130890,RC2_0046_ICR-3_p08
381.095437524,453.116572007,72.021134484,Other,random,C3H4O2,72.021130890,RC2_0046_ICR-3_p08
317.051321201,389.072456685,72.021135484,Other,random,C3H4O2,72.021130890,RC2_0046_ICR-3_p08
555.317510467,627.338645950,72.021135484,Other,random,C3H4O2,72.021130890,RC2_0046_ICR-3_p08
635.125575918,707.146711401,72.021135484,Other,random,C3H4O2,72.021130890,RC2_0046_ICR-3_p08
349.069444379,421.090579863,72.021135484,Other,random,C3H4O2,72.021130890,RC2_0046_ICR-3_p08
475.233650186,547.254785669,72.021135484,Other,random,C3H4O2,72.021130890,RC2_0046_ICR-3_p08
271.110492084,343.131627568,72.021135484,Other,random,C3H4O2,72.021130890,RC2_0046_ICR-3_p08
381.082418579,453.103555062,72.021136484,Other,random,C3H4O2,72.021130890,RC2_0046_ICR-3_p08
383.040680272,455.061816755,72.021136484,Other,random,C3H4O2,72.021130890,RC2_0046_ICR-3_p08
407.220360701,479.241497184,72.021136484,Other,random,C3H4O2,72.021130890,RC2_0046_ICR-3_p08
409.186496360,481.207632844,72.021136484,Other,random,C3H4O2,72.021130890,RC2_0046_ICR-3_p08
429.046235115,501.067371598,72.021136484,Other,random,C3H4O2,72.021130890,RC2_0046_ICR-3_p08
429.103625871,501.124762355,72.021136484,Other,random,C3H4O2,72.021130890,RC2_0046_ICR-3_p08
435.142513254,507.163649737,72.021136484,Other,random,C3H4O2,72.021130890,RC2_0046_ICR-3_p08
500.148715495,572.169851979,72.021136484,Other,random,C3H4O2,72.021130890,RC2_0046_ICR-3_p08
347.113414677,419.134552160,72.021137483,Other,random,C3H4O2,72.021130890,RC2_0046_ICR-3_p08
390.046606553,462.067744036,72.021137483,Other,random,C3H4O2,72.021130890,RC2_0046_ICR-3_p08
437.121797858,509.142935341,72.021137483,Other,random,C3H4O2,72.021130890,RC2_0046_ICR-3_p08
545.143159627,617.164297110,72.021137483,Other,random,C3H4O2,72.021130890,RC2_0046_ICR-3_p08
359.126588716,431.147726200,72.021137483,Other,random,C3H4O2,72.021130890,RC2_0046_ICR-3_p08
419.092519339,491.113656822,72.021137483,Other,random,C3H4O2,72.021130890,RC2_0046_ICR-3_p08
297.089831879,369.110970362,72.021138483,Other,random,C3H4O2,72.021130890,RC2_0046_ICR-3_p08
335.077103735,407.098242219,72.021138483,Other,random,C3H4O2,72.021130890,RC2_0046_ICR-3_p08
415.124401172,487.145539655,72.021138483,Other,random,C3H4O2,72.021130890,RC2_0046_ICR-3_p08
365.152377155,437.173515638,72.021138483,Other,random,C3H4O2,72.021130890,RC2_0046_ICR-3_p08
389.087667620,461.108806104,72.021138483,Other,random,C3H4O2,72.021130890,RC2_0046_ICR-3_p08
427.134113226,499.155251709,72.021138483,Other,random,C3H4O2,72.021130890,RC2_0046_ICR-3_p08
455.191993203,527.213131687,72.021138483,Other,random,C3H4O2,72.021130890,RC2_0046_ICR-3_p08
365.087635429,437.108773913,72.021138483,Other,random,C3H4O2,72.021130890,RC2_0046_ICR-3_p08
557.114567844,629.135706327,72.021138483,Other,random,C3H4O2,72.021130890,RC2_0046_ICR-3_p08
337.019969494,409.041108977,72.021139483,Other,random,C3H4O2,72.021130890,RC2_0046_ICR-3_p08
373.159911187,445.181050670,72.021139483,Other,random,C3H4O2,72.021130890,RC2_0046_ICR-3_p08
405.118864615,477.140004099,72.021139483,Other,random,C3H4O2,72.021130890,RC2_0046_ICR-3_p08
493.135048247,565.156187731,72.021139483,Other,random,C3H4O2,72.021130890,RC2_0046_ICR-3_p08
673.287491034,745.308630517,72.021139483,Other,random,C3H4O2,72.021130890,RC2_0046_ICR-3_p08
459.215483135,531.236623619,72.021140483,Other,random,C3H4O2,72.021130890,RC2_0046_ICR-3_p08
303.123699283,375.144839766,72.021140483,Other,random,C3H4O2,72.021130890,RC2_0046_ICR-3_p08
395.171020815,467.192161298,72.021140483,Other,random,C3H4O2,72.021130890,RC2_0046_ICR-3_p08
317.139288828,389.160429312,72.021140483,Other,random,C3H4O2,72.021130890,RC2_0046_ICR-3_p08
293.139342637,365.196847966,72.057505329,Other,random,C4H8O1,72.057515060,RC2_0046_ICR-3_p08
615.062610026,687.120115355,72.057505329,Other,random,C4H8O1,72.057515060,RC2_0046_ICR-3_p08
427.080056455,499.137561784,72.057505329,Other,random,C4H8O1,72.057515060,RC2_0046_ICR-3_p08
545.106790781,617.164297110,72.057506329,Other,random,C4H8O1,72.057515060,RC2_0046_ICR-3_p08
323.090168584,395.147674914,72.057506329,Other,random,C4H8O1,72.057515060,RC2_0046_ICR-3_p08
471.160314465,543.217820794,72.057506329,Other,random,C4H8O1,72.057515060,RC2_0046_ICR-3_p08
405.204660251,477.262167581,72.057507329,Other,random,C4H8O1,72.057515060,RC2_0046_ICR-3_p08
493.127064281,565.184571610,72.057507329,Other,random,C4H8O1,72.057515060,RC2_0046_ICR-3_p08
353.014920642,425.072427972,72.057507329,Other,random,C4H8O1,72.057515060,RC2_0046_ICR-3_p08
353.116068213,425.173575543,72.057507329,Other,random,C4H8O1,72.057515060,RC2_0046_ICR-3_p08
423.121403248,495.178910577,72.057507329,Other,random,C4H8O1,72.057515060,RC2_0046_ICR-3_p08
523.173911821,595.231419150,72.057507329,Other,random,C4H8O1,72.057515060,RC2_0046_ICR-3_p08
545.166428528,617.223935857,72.057507329,Other,random,C4H8O1,72.057515060,RC2_0046_ICR-3_p08
551.067900494,623.125407823,72.057507329,Other,random,C4H8O1,72.057515060,RC2_0046_ICR-3_p08
633.219059005,705.276566335,72.057507329,Other,random,C4H8O1,72.057515060,RC2_0046_ICR-3_p08
411.121431152,483.178938481,72.057507329,Other,random,C4H8O1,72.057515060,RC2_0046_ICR-3_p08
315.100302478,387.157810807,72.057508329,Other,random,C4H8O1,72.057515060,RC2_0046_ICR-3_p08
339.136681514,411.194189844,72.057508329,Other,random,C4H8O1,72.057515060,RC2_0046_ICR-3_p08
377.209883006,449.267391336,72.057508329,Other,random,C4H8O1,72.057515060,RC2_0046_ICR-3_p08
379.079953073,451.137461403,72.057508329,Other,random,C4H8O1,72.057515060,RC2_0046_ICR-3_p08
417.059170964,489.116679293,72.057508329,Other,random,C4H8O1,72.057515060,RC2_0046_ICR-3_p08
505.135038343,577.192546672,72.057508329,Other,random,C4H8O1,72.057515060,RC2_0046_ICR-3_p08
521.202695183,593.260203512,72.057508329,Other,random,C4H8O1,72.057515060,RC2_0046_ICR-3_p08
679.224882847,751.282391176,72.057508329,Other,random,C4H8O1,72.057515060,RC2_0046_ICR-3_p08
357.074513421,429.132022751,72.057509329,Other,random,C4H8O1,72.057515060,RC2_0046_ICR-3_p08
441.168307692,513.225817021,72.057509329,Other,random,C4H8O1,72.057515060,RC2_0046_ICR-3_p08
579.135451430,651.192960759,72.057509329,Other,random,C4H8O1,72.057515060,RC2_0046_ICR-3_p08
347.071492855,419.129002184,72.057509329,Other,random,C4H8O1,72.057515060,RC2_0046_ICR-3_p08
541.098742783,613.156252113,72.057509329,Other,random,C4H8O1,72.057515060,RC2_0046_ICR-3_p08
591.208376216,663.265885546,72.057509329,Other,random,C4H8O1,72.057515060,RC2_0046_ICR-3_p08
393.082468674,465.139979003,72.057510329,Other,random,C4H8O1,72.057515060,RC2_0046_ICR-3_p08
483.215310327,555.272820656,72.057510329,Other,random,C4H8O1,72.057515060,RC2_0046_ICR-3_p08
349.087113304,421.144623633,72.057510329,Other,random,C4H8O1,72.057515060,RC2_0046_ICR-3_p08
359.040742081,431.098252410,72.057510329,Other,random,C4H8O1,72.057515060,RC2_0046_ICR-3_p08
367.189130515,439.246640844,72.057510329,Other,random,C4H8O1,72.057515060,RC2_0046_ICR-3_p08
431.038490663,503.096000993,72.057510329,Other,random,C4H8O1,72.057515060,RC2_0046_ICR-3_p08
495.106405885,567.163916214,72.057510329,Other,random,C4H8O1,72.057515060,RC2_0046_ICR-3_p08
447.186907161,519.244417490,72.057510329,Other,random,C4H8O1,72.057515060,RC2_0046_ICR-3_p08
507.200071583,579.257582912,72.057511329,Other,random,C4H8O1,72.057515060,RC2_0046_ICR-3_p08
511.109313000,583.166824329,72.057511329,Other,random,C4H8O1,72.057515060,RC2_0046_ICR-3_p08
457.134896961,529.192408291,72.057511329,Other,random,C4H8O1,72.057515060,RC2_0046_ICR-3_p08
485.230949777,557.288461106,72.057511329,Other,random,C4H8O1,72.057515060,RC2_0046_ICR-3_p08
569.130388872,641.187900201,72.057511329,Other,random,C4H8O1,72.057515060,RC2_0046_ICR-3_p08
643.167023806,715.224535135,72.057511329,Other,random,C4H8O1,72.057515060,RC2_0046_ICR-3_p08
383.207419565,455.264931894,72.057512329,Other,random,C4H8O1,72.057515060,RC2_0046_ICR-3_p08
493.257296729,565.314809058,72.057512329,Other,random,C4H8O1,72.057515060,RC2_0046_ICR-3_p08
561.197601523,633.255113852,72.057512329,Other,random,C4H8O1,72.057515060,RC2_0046_ICR-3_p08
603.135813620,675.193325949,72.057512329,Other,random,C4H8O1,72.057515060,RC2_0046_ICR-3_p08
455.061816755,527.119329085,72.057512329,Other,random,C4H8O1,72.057515060,RC2_0046_ICR-3_p08
385.142185357,457.199697686,72.057512329,Other,random,C4H8O1,72.057515060,RC2_0046_ICR-3_p08
454.062711994,526.120224323,72.057512329,Other,random,C4H8O1,72.057515060,RC2_0046_ICR-3_p08
541.156207540,613.213719869,72.057512329,Other,random,C4H8O1,72.057515060,RC2_0046_ICR-3_p08
415.097611285,487.155124614,72.057513329,Other,random,C4H8O1,72.057515060,RC2_0046_ICR-3_p08
290.030504825,362.088018154,72.057513329,Other,random,C4H8O1,72.057515060,RC2_0046_ICR-3_p08
421.150163610,493.207676939,72.057513329,Other,random,C4H8O1,72.057515060,RC2_0046_ICR-3_p08
439.210246998,511.267760328,72.057513329,Other,random,C4H8O1,72.057515060,RC2_0046_ICR-3_p08
491.119404798,563.176918127,72.057513329,Other,random,C4H8O1,72.057515060,RC2_0046_ICR-3_p08
423.069787467,495.127300796,72.057513329,Other,random,C4H8O1,72.057515060,RC2_0046_ICR-3_p08
429.168512596,501.226025925,72.057513329,Other,random,C4H8O1,72.057515060,RC2_0046_ICR-3_p08
451.160809304,523.218322633,72.057513329,Other,random,C4H8O1,72.057515060,RC2_0046_ICR-3_p08
329.124093988,401.181608317,72.057514329,Other,random,C4H8O1,72.057515060,RC2_0046_ICR-3_p08
375.121347866,447.178862195,72.057514329,Other,random,C4H8O1,72.057515060,RC2_0046_ICR-3_p08
395.090198157,467.147712487,72.057514329,Other,random,C4H8O1,72.057515060,RC2_0046_ICR-3_p08
421.090579863,493.148094192,72.057514329,Other,random,C4H8O1,72.057515060,RC2_0046_ICR-3_p08
543.150872078,615.208386407,72.057514329,Other,random,C4H8O1,72.057515060,RC2_0046_ICR-3_p08
359.053811025,431.111326354,72.057515329,Other,random,C4H8O1,72.057515060,RC2_0046_ICR-3_p08
391.175902762,463.233418091,72.057515329,Other,random,C4H8O1,72.057515060,RC2_0046_ICR-3_p08
489.044083601,561.101598930,72.057515329,Other,random,C4H8O1,72.057515060,RC2_0046_ICR-3_p08
427.134113226,499.191629555,72.057516329,Other,random,C4H8O1,72.057515060,RC2_0046_ICR-3_p08
341.233307620,413.290823950,72.057516329,Other,random,C4H8O1,72.057515060,RC2_0046_ICR-3_p08
407.061756374,479.119272703,72.057516329,Other,random,C4H8O1,72.057515060,RC2_0046_ICR-3_p08
415.066872416,487.124388745,72.057516329,Other,random,C4H8O1,72.057515060,RC2_0046_ICR-3_p08
487.181788501,559.239304830,72.057516329,Other,random,C4H8O1,72.057515060,RC2_0046_ICR-3_p08
445.144640824,517.202157154,72.057516329,Other,random,C4H8O1,72.057515060,RC2_0046_ICR-3_p08
388.096531825,460.154048154,72.057516329,Other,random,C4H8O1,72.057515060,RC2_0046_ICR-3_p08
641.115378509,713.172894838,72.057516329,Other,random,C4H8O1,72.057515060,RC2_0046_ICR-3_p08
319.009424895,391.066942224,72.057517329,Other,random,C4H8O1,72.057515060,RC2_0046_ICR-3_p08
337.121042065,409.178559394,72.057517329,Other,random,C4H8O1,72.057515060,RC2_0046_ICR-3_p08
346.056768159,418.114285488,72.057517329,Other,random,C4H8O1,72.057515060,RC2_0046_ICR-3_p08
350.087977059,422.145494388,72.057517329,Other,random,C4H8O1,72.057515060,RC2_0046_ICR-3_p08
359.098219837,431.155737166,72.057517329,Other,random,C4H8O1,72.057515060,RC2_0046_ICR-3_p08
391.225456552,463.282973881,72.057517329,Other,random,C4H8O1,72.057515060,RC2_0046_ICR-3_p08
471.087429774,543.144947103,72.057517329,Other,random,C4H8O1,72.057515060,RC2_0046_ICR-3_p08
421.163240555,493.220757884,72.057517329,Other,random,C4H8O1,72.057515060,RC2_0046_ICR-3_p08
429.009854269,501.067371598,72.057517329,Other,random,C4H8O1,72.057515060,RC2_0046_ICR-3_p08
485.036023604,557.093540933,72.057517329,Other,random,C4H8O1,72.057515060,RC2_0046_ICR-3_p08
381.118949424,453.176467753,72.057518329,Other,random,C4H8O1,72.057515060,RC2_0046_ICR-3_p08
490.135411972,562.192930301,72.057518329,Other,random,C4H8O1,72.057515060,RC2_0046_ICR-3_p08
359.004253235,431.061771565,72.057518329,Other,random,C4H8O1,72.057515060,RC2_0046_ICR-3_p08
359.061871991,431.119390320,72.057518329,Other,random,C4H8O1,72.057515060,RC2_0046_ICR-3_p08
413.087686811,485.145205141,72.057518329,Other,random,C4H8O1,72.057515060,RC2_0046_ICR-3_p08
259.155084800,331.212604129,72.057519329,Other,random,C4H8O1,72.057515060,RC2_0046_ICR-3_p08
357.025128631,429.082647960,72.057519329,Other,random,C4H8O1,72.057515060,RC2_0046_ICR-3_p08
329.102931078,401.160450407,72.057519329,Other,random,C4H8O1,72.057515060,RC2_0046_ICR-3_p08
469.184258847,541.241778177,72.057519329,Other,random,C4H8O1,72.057515060,RC2_0046_ICR-3_p08
415.116292206,487.173811535,72.057519329,Other,random,C4H8O1,72.057515060,RC2_0046_ICR-3_p08
533.093617741,605.151138071,72.057520329,Other,random,C4H8O1,72.057515060,RC2_0046_ICR-3_p08
320.041108519,392.098628848,72.057520329,Other,random,C4H8O1,72.057515060,RC2_0046_ICR-3_p08
349.092643281,421.150163610,72.057520329,Other,random,C4H8O1,72.057515060,RC2_0046_ICR-3_p08
351.157780520,423.215300850,72.057520329,Other,random,C4H8O1,72.057515060,RC2_0046_ICR-3_p08
370.049436381,442.106956710,72.057520329,Other,random,C4H8O1,72.057515060,RC2_0046_ICR-3_p08
371.053802121,443.111322450,72.057520329,Other,random,C4H8O1,72.057515060,RC2_0046_ICR-3_p08
381.074433613,453.131953942,72.057520329,Other,random,C4H8O1,72.057515060,RC2_0046_ICR-3_p08
375.066421099,447.123941428,72.057520329,Other,random,C4H8O1,72.057515060,RC2_0046_ICR-3_p08
427.051574576,499.109094905,72.057520329,Other,random,C4H8O1,72.057515060,RC2_0046_ICR-3_p08
473.202809801,545.260331130,72.057521329,Other,random,C4H8O1,72.057515060,RC2_0046_ICR-3_p08
485.166323051,557.223844380,72.057521329,Other,random,C4H8O1,72.057515060,RC2_0046_ICR-3_p08
579.208399121,651.265920450,72.057521329,Other,random,C4H8O1,72.057515060,RC2_0046_ICR-3_p08
403.103167166,475.160688495,72.057521329,Other,random,C4H8O1,72.057515060,RC2_0046_ICR-3_p08
409.069534857,481.127056186,72.057521329,Other,random,C4H8O1,72.057515060,RC2_0046_ICR-3_p08
448.124912182,520.182433511,72.057521329,Other,random,C4H8O1,72.057515060,RC2_0046_ICR-3_p08
347.113414677,419.170937006,72.057522329,Other,random,C4H8O1,72.057515060,RC2_0046_ICR-3_p08
374.051645404,446.109167733,72.057522329,Other,random,C4H8O1,72.057515060,RC2_0046_ICR-3_p08
397.163217364,469.220739693,72.057522329,Other,random,C4H8O1,72.057515060,RC2_0046_ICR-3_p08
399.075130253,471.132652582,72.057522329,Other,random,C4H8O1,72.057515060,RC2_0046_ICR-3_p08
477.262167581,549.319689910,72.057522329,Other,random,C4H8O1,72.057515060,RC2_0046_ICR-3_p08
392.062148003,464.119670332,72.057522329,Other,random,C4H8O1,72.057515060,RC2_0046_ICR-3_p08
493.135048247,565.192570576,72.057522329,Other,random,C4H8O1,72.057515060,RC2_0046_ICR-3_p08
479.192074394,551.249597723,72.057523329,Other,random,C4H8O1,72.057515060,RC2_0046_ICR-3_p08
407.098242219,479.155765548,72.057523329,Other,random,C4H8O1,72.057515060,RC2_0046_ICR-3_p08
435.129413309,507.186936639,72.057523329,Other,random,C4H8O1,72.057515060,RC2_0046_ICR-3_p08
387.093003082,459.150527411,72.057524329,Other,random,C4H8O1,72.057515060,RC2_0046_ICR-3_p08
315.136633324,387.194157653,72.057524329,Other,random,C4H8O1,72.057515060,RC2_0046_ICR-3_p08
347.235652158,419.293176487,72.057524329,Other,random,C4H8O1,72.057515060,RC2_0046_ICR-3_p08
393.095526619,465.153050948,72.057524329,Other,random,C4H8O1,72.057515060,RC2_0046_ICR-3_p08
415.043635514,487.101159843,72.057524329,Other,random,C4H8O1,72.057515060,RC2_0046_ICR-3_p08
437.121797858,509.179322187,72.057524329,Other,random,C4H8O1,72.057515060,RC2_0046_ICR-3_p08
520.072893976,592.130418305,72.057524329,Other,random,C4H8O1,72.057515060,RC2_0046_ICR-3_p08
667.152335059,739.209859388,72.057524329,Other,random,C4H8O1,72.057515060,RC2_0046_ICR-3_p08
455.061816755,528.078186017,73.016369262,Other,random,C2H3N1O2,73.016379000,RC2_0046_ICR-3_p08
263.128947942,336.145318204,73.016370262,Other,random,C2H3N1O2,73.016379000,RC2_0046_ICR-3_p08
375.072046075,448.088417337,73.016371262,Other,random,C2H3N1O2,73.016379000,RC2_0046_ICR-3_p08
353.137136124,426.153508386,73.016372262,Other,random,C2H3N1O2,73.016379000,RC2_0046_ICR-3_p08
375.048609175,448.064981436,73.016372262,Other,random,C2H3N1O2,73.016379000,RC2_0046_ICR-3_p08
307.118609336,380.134982598,73.016373262,Other,random,C2H3N1O2,73.016379000,RC2_0046_ICR-3_p08
293.066606945,366.082980207,73.016373262,Other,random,C2H3N1O2,73.016379000,RC2_0046_ICR-3_p08
363.072076980,436.088453241,73.016376262,Other,random,C2H3N1O2,73.016379000,RC2_0046_ICR-3_p08
429.046235115,502.062612376,73.016377262,Other,random,C2H3N1O2,73.016379000,RC2_0046_ICR-3_p08
469.077293301,542.093670563,73.016377262,Other,random,C2H3N1O2,73.016379000,RC2_0046_ICR-3_p08
535.182122882,608.198501144,73.016378262,Other,random,C2H3N1O2,73.016379000,RC2_0046_ICR-3_p08
473.108686200,546.125065462,73.016379262,Other,random,C2H3N1O2,73.016379000,RC2_0046_ICR-3_p08
315.100302478,388.116682739,73.016380262,Other,random,C2H3N1O2,73.016379000,RC2_0046_ICR-3_p08
333.061454286,406.077836547,73.016382262,Other,random,C2H3N1O2,73.016379000,RC2_0046_ICR-3_p08
319.009424895,392.025809157,73.016384262,Other,random,C2H3N1O2,73.016379000,RC2_0046_ICR-3_p08
465.189472794,538.205858055,73.016385262,Other,random,C2H3N1O2,73.016379000,RC2_0046_ICR-3_p08
351.072037884,424.088423146,73.016385262,Other,random,C2H3N1O2,73.016379000,RC2_0046_ICR-3_p08
367.152707669,440.169092931,73.016385262,Other,random,C2H3N1O2,73.016379000,RC2_0046_ICR-3_p08
409.163286459,482.179671720,73.016385262,Other,random,C2H3N1O2,73.016379000,RC2_0046_ICR-3_p08
365.137137219,438.153524481,73.016387262,Other,random,C2H3N1O2,73.016379000,RC2_0046_ICR-3_p08
350.099347010,423.152100118,73.052753107,Other,random,C3H7O1N1,73.052761330,RC2_0046_ICR-3_p08
351.035667038,424.088423146,73.052756107,Other,random,C3H7O1N1,73.052761330,RC2_0046_ICR-3_p08
429.009854269,502.062612376,73.052758107,Other,random,C3H7O1N1,73.052761330,RC2_0046_ICR-3_p08
359.040742081,432.093501188,73.052759107,Other,random,C3H7O1N1,73.052761330,RC2_0046_ICR-3_p08
252.015095088,325.067856195,73.052761107,Other,random,C3H7O1N1,73.052761330,RC2_0046_ICR-3_p08
445.077470109,518.130231217,73.052761107,Other,random,C3H7O1N1,73.052761330,RC2_0046_ICR-3_p08
307.082219491,380.134982598,73.052763107,Other,random,C3H7O1N1,73.052761330,RC2_0046_ICR-3_p08
479.046470012,552.099233119,73.052763107,Other,random,C3H7O1N1,73.052761330,RC2_0046_ICR-3_p08
411.035556517,484.088323624,73.052767107,Other,random,C3H7O1N1,73.052761330,RC2_0046_ICR-3_p08
303.050960591,376.103728699,73.052768107,Other,random,C3H7O1N1,73.052761330,RC2_0046_ICR-3_p08
307.009491799,380.062259907,73.052768107,Other,random,C3H7O1N1,73.052761330,RC2_0046_ICR-3_p08
373.056398626,446.109167733,73.052769107,Other,random,C3H7O1N1,73.052761330,RC2_0046_ICR-3_p08
557.288461106,631.288839193,74.000378087,Other,random,C2H2O3,74.000387630,RC2_0046_ICR-3_p08
367.095291913,441.095670000,74.000378087,Other,random,C2H2O3,74.000387630,RC2_0046_ICR-3_p08
401.082095740,475.082473827,74.000378087,Other,random,C2H2O3,74.000387630,RC2_0046_ICR-3_p08
421.163240555,495.163618642,74.000378087,Other,random,C2H2O3,74.000387630,RC2_0046_ICR-3_p08
429.285576099,503.285954187,74.000378087,Other,random,C2H2O3,74.000387630,RC2_0046_ICR-3_p08
455.264931894,529.265309981,74.000378087,Other,random,C2H2O3,74.000387630,RC2_0046_ICR-3_p08
293.102986791,367.103365879,74.000379087,Other,random,C2H2O3,74.000387630,RC2_0046_ICR-3_p08
549.283515063,623.283894151,74.000379087,Other,random,C2H2O3,74.000387630,RC2_0046_ICR-3_p08
371.080278008,445.080657096,74.000379087,Other,random,C2H2O3,74.000387630,RC2_0046_ICR-3_p08
477.189608888,551.189987976,74.000379087,Other,random,C2H2O3,74.000387630,RC2_0046_ICR-3_p08
315.136633324,389.137012411,74.000379087,Other,random,C2H2O3,74.000387630,RC2_0046_ICR-3_p08
409.178559394,483.178938481,74.000379087,Other,random,C2H2O3,74.000387630,RC2_0046_ICR-3_p08
419.220378796,493.220757884,74.000379087,Other,random,C2H2O3,74.000387630,RC2_0046_ICR-3_p08
565.257149302,639.257528390,74.000379087,Other,random,C2H2O3,74.000387630,RC2_0046_ICR-3_p08
457.236243531,531.236623619,74.000380087,Other,random,C2H2O3,74.000387630,RC2_0046_ICR-3_p08
407.061756374,481.062136461,74.000380087,Other,random,C2H2O3,74.000387630,RC2_0046_ICR-3_p08
418.150760334,492.151140421,74.000380087,Other,random,C2H2O3,74.000387630,RC2_0046_ICR-3_p08
431.170922102,505.171302189,74.000380087,Other,random,C2H2O3,74.000387630,RC2_0046_ICR-3_p08
456.057082533,530.057462621,74.000380087,Other,random,C2H2O3,74.000387630,RC2_0046_ICR-3_p08
343.076587801,417.076967889,74.000380087,Other,random,C2H2O3,74.000387630,RC2_0046_ICR-3_p08
557.239250315,631.239630402,74.000380087,Other,random,C2H2O3,74.000387630,RC2_0046_ICR-3_p08
673.214421343,747.214801431,74.000380087,Other,random,C2H2O3,74.000387630,RC2_0046_ICR-3_p08
318.061766915,392.062148003,74.000381087,Other,random,C2H2O3,74.000387630,RC2_0046_ICR-3_p08
329.051278297,403.051659385,74.000381087,Other,random,C2H2O3,74.000387630,RC2_0046_ICR-3_p08
346.056768159,420.057149247,74.000381087,Other,random,C2H2O3,74.000387630,RC2_0046_ICR-3_p08
411.165941963,485.166323051,74.000381087,Other,random,C2H2O3,74.000387630,RC2_0046_ICR-3_p08
414.112037466,488.112418553,74.000381087,Other,random,C2H2O3,74.000387630,RC2_0046_ICR-3_p08
347.090198775,421.090579863,74.000381087,Other,random,C2H2O3,74.000387630,RC2_0046_ICR-3_p08
483.296181984,557.296563072,74.000381087,Other,random,C2H2O3,74.000387630,RC2_0046_ICR-3_p08
443.155615262,517.155996349,74.000381087,Other,random,C2H2O3,74.000387630,RC2_0046_ICR-3_p08
477.030979561,551.031361649,74.000382087,Other,random,C2H2O3,74.000387630,RC2_0046_ICR-3_p08
341.043253427,415.043635514,74.000382087,Other,random,C2H2O3,74.000387630,RC2_0046_ICR-3_p08
505.062203652,579.062585739,74.000382087,Other,random,C2H2O3,74.000387630,RC2_0046_ICR-3_p08
285.170697440,359.171080528,74.000383087,Other,random,C2H2O3,74.000387630,RC2_0046_ICR-3_p08
374.051645404,448.052028491,74.000383087,Other,random,C2H2O3,74.000387630,RC2_0046_ICR-3_p08
419.256913641,493.257296729,74.000383087,Other,random,C2H2O3,74.000387630,RC2_0046_ICR-3_p08
293.175749483,367.176132570,74.000383087,Other,random,C2H2O3,74.000387630,RC2_0046_ICR-3_p08
353.152336059,427.152719147,74.000383087,Other,random,C2H2O3,74.000387630,RC2_0046_ICR-3_p08
365.051172584,439.051555672,74.000383087,Other,random,C2H2O3,74.000387630,RC2_0046_ICR-3_p08
489.176535039,563.176918127,74.000383087,Other,random,C2H2O3,74.000387630,RC2_0046_ICR-3_p08
637.141313367,711.141696454,74.000383087,Other,random,C2H2O3,74.000387630,RC2_0046_ICR-3_p08
487.233753281,561.234137368,74.000384087,Other,random,C2H2O3,74.000387630,RC2_0046_ICR-3_p08
313.157426719,387.157810807,74.000384087,Other,random,C2H2O3,74.000387630,RC2_0046_ICR-3_p08
355.082262873,429.082647960,74.000385087,Other,random,C2H2O3,74.000387630,RC2_0046_ICR-3_p08
425.173575543,499.173960630,74.000385087,Other,random,C2H2O3,74.000387630,RC2_0046_ICR-3_p08
495.114276851,569.114661939,74.000385087,Other,random,C2H2O3,74.000387630,RC2_0046_ICR-3_p08
347.235652158,421.236038246,74.000386087,Other,random,C2H2O3,74.000387630,RC2_0046_ICR-3_p08
371.090066967,445.090453054,74.000386087,Other,random,C2H2O3,74.000387630,RC2_0046_ICR-3_p08
401.108727627,475.109113714,74.000386087,Other,random,C2H2O3,74.000387630,RC2_0046_ICR-3_p08
425.181585509,499.181971596,74.000386087,Other,random,C2H2O3,74.000387630,RC2_0046_ICR-3_p08
429.249337253,503.249723340,74.000386087,Other,random,C2H2O3,74.000387630,RC2_0046_ICR-3_p08
413.072388876,487.072775964,74.000387087,Other,random,C2H2O3,74.000387630,RC2_0046_ICR-3_p08
459.178979290,533.179366378,74.000387087,Other,random,C2H2O3,74.000387630,RC2_0046_ICR-3_p08
415.116292206,489.116679293,74.000387087,Other,random,C2H2O3,74.000387630,RC2_0046_ICR-3_p08
387.121381961,461.121770049,74.000388087,Other,random,C2H2O3,74.000387630,RC2_0046_ICR-3_p08
551.140640185,625.141028273,74.000388087,Other,random,C2H2O3,74.000387630,RC2_0046_ICR-3_p08
417.186064426,491.186452513,74.000388087,Other,random,C2H2O3,74.000387630,RC2_0046_ICR-3_p08
337.121042065,411.121431152,74.000389087,Other,random,C2H2O3,74.000387630,RC2_0046_ICR-3_p08
357.155348079,431.155737166,74.000389087,Other,random,C2H2O3,74.000387630,RC2_0046_ICR-3_p08
369.264494711,443.264883798,74.000389087,Other,random,C2H2O3,74.000387630,RC2_0046_ICR-3_p08
575.213512067,649.213901155,74.000389087,Other,random,C2H2O3,74.000387630,RC2_0046_ICR-3_p08
469.244073594,543.244462681,74.000389087,Other,random,C2H2O3,74.000387630,RC2_0046_ICR-3_p08
565.229027422,639.229416509,74.000389087,Other,random,C2H2O3,74.000387630,RC2_0046_ICR-3_p08
318.025419069,392.025809157,74.000390087,Other,random,C2H2O3,74.000387630,RC2_0046_ICR-3_p08
323.126518430,397.126908518,74.000390087,Other,random,C2H2O3,74.000387630,RC2_0046_ICR-3_p08
351.072037884,425.072427972,74.000390087,Other,random,C2H2O3,74.000387630,RC2_0046_ICR-3_p08
399.056783331,473.057173418,74.000390087,Other,random,C2H2O3,74.000387630,RC2_0046_ICR-3_p08
421.113886764,495.114276851,74.000390087,Other,random,C2H2O3,74.000387630,RC2_0046_ICR-3_p08
423.157945093,497.158335180,74.000390087,Other,random,C2H2O3,74.000387630,RC2_0046_ICR-3_p08
489.189585984,563.189976072,74.000390087,Other,random,C2H2O3,74.000387630,RC2_0046_ICR-3_p08
355.131632663,429.132022751,74.000390087,Other,random,C2H2O3,74.000387630,RC2_0046_ICR-3_p08
366.168702844,440.169092931,74.000390087,Other,random,C2H2O3,74.000387630,RC2_0046_ICR-3_p08
317.043276236,391.043667323,74.000391087,Other,random,C2H2O3,74.000387630,RC2_0046_ICR-3_p08
491.314417970,565.314809058,74.000391087,Other,random,C2H2O3,74.000387630,RC2_0046_ICR-3_p08
369.128625287,443.129016375,74.000391087,Other,random,C2H2O3,74.000387630,RC2_0046_ICR-3_p08
387.194157653,461.194548740,74.000391087,Other,random,C2H2O3,74.000387630,RC2_0046_ICR-3_p08
391.152659861,465.153050948,74.000391087,Other,random,C2H2O3,74.000387630,RC2_0046_ICR-3_p08
433.163258650,507.163649737,74.000391087,Other,random,C2H2O3,74.000387630,RC2_0046_ICR-3_p08
389.100660565,463.101052653,74.000392087,Other,random,C2H2O3,74.000387630,RC2_0046_ICR-3_p08
395.126544003,469.126936091,74.000392087,Other,random,C2H2O3,74.000387630,RC2_0046_ICR-3_p08
387.071995171,461.072387258,74.000392087,Other,random,C2H2O3,74.000387630,RC2_0046_ICR-3_p08
497.158335180,571.158727268,74.000392087,Other,random,C2H2O3,74.000387630,RC2_0046_ICR-3_p08
349.214908762,423.215300850,74.000392087,Other,random,C2H2O3,74.000387630,RC2_0046_ICR-3_p08
535.145700036,609.146093124,74.000393087,Other,random,C2H2O3,74.000387630,RC2_0046_ICR-3_p08
481.135014152,555.135407239,74.000393087,Other,random,C2H2O3,74.000387630,RC2_0046_ICR-3_p08
463.210085190,537.210479278,74.000394087,Other,random,C2H2O3,74.000387630,RC2_0046_ICR-3_p08
349.019999589,423.020394676,74.000395087,Other,random,C2H2O3,74.000387630,RC2_0046_ICR-3_p08
419.061807469,493.062202556,74.000395087,Other,random,C2H2O3,74.000387630,RC2_0046_ICR-3_p08
341.160435930,415.160831017,74.000395087,Other,random,C2H2O3,74.000387630,RC2_0046_ICR-3_p08
577.229035517,651.229430605,74.000395087,Other,random,C2H2O3,74.000387630,RC2_0046_ICR-3_p08
357.025128631,431.025524718,74.000396087,Other,random,C2H2O3,74.000387630,RC2_0046_ICR-3_p08
311.149873236,385.150269323,74.000396087,Other,random,C2H2O3,74.000387630,RC2_0046_ICR-3_p08
242.067057288,316.067453375,74.000396087,Other,random,C2H2O3,74.000387630,RC2_0046_ICR-3_p08
409.105700703,483.106096790,74.000396087,Other,random,C2H2O3,74.000387630,RC2_0046_ICR-3_p08
385.069431666,459.069828753,74.000397087,Other,random,C2H2O3,74.000387630,RC2_0046_ICR-3_p08
521.239028029,595.239425116,74.000397087,Other,random,C2H2O3,74.000387630,RC2_0046_ICR-3_p08
413.051198966,487.051596054,74.000397087,Other,random,C2H2O3,74.000387630,RC2_0046_ICR-3_p08
433.236171341,507.236568428,74.000397087,Other,random,C2H2O3,74.000387630,RC2_0046_ICR-3_p08
439.189053088,513.189450176,74.000397087,Other,random,C2H2O3,74.000387630,RC2_0046_ICR-3_p08
387.084999116,461.121770049,74.036770933,Other,random,C3H6O2,74.036780000,RC2_0046_ICR-3_p08
443.134565351,517.171336284,74.036770933,Other,random,C3H6O2,74.036780000,RC2_0046_ICR-3_p08
341.087629238,415.124401172,74.036771933,Other,random,C3H6O2,74.036780000,RC2_0046_ICR-3_p08
374.051645404,448.088417337,74.036771933,Other,random,C3H6O2,74.036780000,RC2_0046_ICR-3_p08
407.098242219,481.135014152,74.036771933,Other,random,C3H6O2,74.036780000,RC2_0046_ICR-3_p08
304.009768524,378.046540457,74.036771933,Other,random,C3H6O2,74.036780000,RC2_0046_ICR-3_p08
505.098679497,579.135451430,74.036771933,Other,random,C3H6O2,74.036780000,RC2_0046_ICR-3_p08
415.160831017,489.197603950,74.036772933,Other,random,C3H6O2,74.036780000,RC2_0046_ICR-3_p08
471.215352231,545.252125165,74.036772933,Other,random,C3H6O2,74.036780000,RC2_0046_ICR-3_p08
619.093968925,693.130741858,74.036772933,Other,random,C3H6O2,74.036780000,RC2_0046_ICR-3_p08
507.078000101,581.114773034,74.036772933,Other,random,C3H6O2,74.036780000,RC2_0046_ICR-3_p08
631.130687864,705.167461797,74.036773933,Other,random,C3H6O2,74.036780000,RC2_0046_ICR-3_p08
351.175555445,425.212329378,74.036773933,Other,random,C3H6O2,74.036780000,RC2_0046_ICR-3_p08
367.139612725,441.176386658,74.036773933,Other,random,C3H6O2,74.036780000,RC2_0046_ICR-3_p08
375.108332921,449.145106854,74.036773933,Other,random,C3H6O2,74.036780000,RC2_0046_ICR-3_p08
401.082095740,475.118869673,74.036773933,Other,random,C3H6O2,74.036780000,RC2_0046_ICR-3_p08
534.125411365,608.162185298,74.036773933,Other,random,C3H6O2,74.036780000,RC2_0046_ICR-3_p08
499.291087133,573.327861066,74.036773933,Other,random,C3H6O2,74.036780000,RC2_0046_ICR-3_p08
287.141838079,361.178612012,74.036773933,Other,random,C3H6O2,74.036780000,RC2_0046_ICR-3_p08
327.217607076,401.254381009,74.036773933,Other,random,C3H6O2,74.036780000,RC2_0046_ICR-3_p08
363.108305826,437.145079759,74.036773933,Other,random,C3H6O2,74.036780000,RC2_0046_ICR-3_p08
344.077510555,418.114285488,74.036774933,Other,random,C3H6O2,74.036780000,RC2_0046_ICR-3_p08
368.111494602,442.148269535,74.036774933,Other,random,C3H6O2,74.036780000,RC2_0046_ICR-3_p08
371.134600778,445.171375711,74.036774933,Other,random,C3H6O2,74.036780000,RC2_0046_ICR-3_p08
379.103200975,453.139975908,74.036774933,Other,random,C3H6O2,74.036780000,RC2_0046_ICR-3_p08
421.077501918,495.114276851,74.036774933,Other,random,C3H6O2,74.036780000,RC2_0046_ICR-3_p08
373.032836726,447.069611659,74.036774933,Other,random,C3H6O2,74.036780000,RC2_0046_ICR-3_p08
371.098111933,445.134887866,74.036775933,Other,random,C3H6O2,74.036780000,RC2_0046_ICR-3_p08
396.064995022,470.101770955,74.036775933,Other,random,C3H6O2,74.036780000,RC2_0046_ICR-3_p08
437.173515638,511.210291571,74.036775933,Other,random,C3H6O2,74.036780000,RC2_0046_ICR-3_p08
329.102931078,403.139707011,74.036775933,Other,random,C3H6O2,74.036780000,RC2_0046_ICR-3_p08
355.212561320,429.249337253,74.036775933,Other,random,C3H6O2,74.036780000,RC2_0046_ICR-3_p08
543.114467233,617.151244166,74.036776933,Other,random,C3H6O2,74.036780000,RC2_0046_ICR-3_p08
371.126536812,445.163313745,74.036776933,Other,random,C3H6O2,74.036780000,RC2_0046_ICR-3_p08
317.102938982,391.139715916,74.036776933,Other,random,C3H6O2,74.036780000,RC2_0046_ICR-3_p08
313.108006929,387.144784862,74.036777933,Other,random,C3H6O2,74.036780000,RC2_0046_ICR-3_p08
399.092986177,473.129764110,74.036777933,Other,random,C3H6O2,74.036780000,RC2_0046_ICR-3_p08
303.087286437,377.124064370,74.036777933,Other,random,C3H6O2,74.036780000,RC2_0046_ICR-3_p08
373.105781416,447.142559349,74.036777933,Other,random,C3H6O2,74.036780000,RC2_0046_ICR-3_p08
427.189247992,501.226025925,74.036777933,Other,random,C3H6O2,74.036780000,RC2_0046_ICR-3_p08
389.087667620,463.124446553,74.036778933,Other,random,C3H6O2,74.036780000,RC2_0046_ICR-3_p08
385.150269323,459.187048256,74.036778933,Other,random,C3H6O2,74.036780000,RC2_0046_ICR-3_p08
401.027843970,475.064622903,74.036778933,Other,random,C3H6O2,74.036780000,RC2_0046_ICR-3_p08
421.150163610,495.186943543,74.036779933,Other,random,C3H6O2,74.036780000,RC2_0046_ICR-3_p08
503.205216529,577.241996462,74.036779933,Other,random,C3H6O2,74.036780000,RC2_0046_ICR-3_p08
315.050887687,389.087667620,74.036779933,Other,random,C3H6O2,74.036780000,RC2_0046_ICR-3_p08
525.124930545,599.161710478,74.036779933,Other,random,C3H6O2,74.036780000,RC2_0046_ICR-3_p08
423.142477159,497.179258092,74.036780933,Other,random,C3H6O2,74.036780000,RC2_0046_ICR-3_p08
535.145700036,609.182480970,74.036780933,Other,random,C3H6O2,74.036780000,RC2_0046_ICR-3_p08
261.053445747,335.090226680,74.036780933,Other,random,C3H6O2,74.036780000,RC2_0046_ICR-3_p08
361.251321703,435.288102636,74.036780933,Other,random,C3H6O2,74.036780000,RC2_0046_ICR-3_p08
493.098727401,567.135508334,74.036780933,Other,random,C3H6O2,74.036780000,RC2_0046_ICR-3_p08
349.050777458,423.087559391,74.036781933,Other,random,C3H6O2,74.036780000,RC2_0046_ICR-3_p08
332.041054614,406.077836547,74.036781933,Other,random,C3H6O2,74.036780000,RC2_0046_ICR-3_p08
407.025354528,481.062136461,74.036781933,Other,random,C3H6O2,74.036780000,RC2_0046_ICR-3_p08
365.115861310,439.152643243,74.036781933,Other,random,C3H6O2,74.036780000,RC2_0046_ICR-3_p08
547.303832461,621.340614394,74.036781933,Other,random,C3H6O2,74.036780000,RC2_0046_ICR-3_p08
341.116034118,415.152816051,74.036781933,Other,random,C3H6O2,74.036780000,RC2_0046_ICR-3_p08
463.124446553,537.161228486,74.036781933,Other,random,C3H6O2,74.036780000,RC2_0046_ICR-3_p08
488.046975831,562.083757764,74.036781933,Other,random,C3H6O2,74.036780000,RC2_0046_ICR-3_p08
459.178979290,533.215762223,74.036782933,Other,random,C3H6O2,74.036780000,RC2_0046_ICR-3_p08
491.119404798,565.156187731,74.036782933,Other,random,C3H6O2,74.036780000,RC2_0046_ICR-3_p08
483.259780139,557.296563072,74.036782933,Other,random,C3H6O2,74.036780000,RC2_0046_ICR-3_p08
529.148213478,603.184997411,74.036783933,Other,random,C3H6O2,74.036780000,RC2_0046_ICR-3_p08
403.097599190,477.134384123,74.036784933,Other,random,C3H6O2,74.036780000,RC2_0046_ICR-3_p08
331.095193627,405.131978560,74.036784933,Other,random,C3H6O2,74.036780000,RC2_0046_ICR-3_p08
551.031361649,625.068146582,74.036784933,Other,random,C3H6O2,74.036780000,RC2_0046_ICR-3_p08
433.236171341,507.272956274,74.036784933,Other,random,C3H6O2,74.036780000,RC2_0046_ICR-3_p08
375.102817945,449.139602878,74.036784933,Other,random,C3H6O2,74.036780000,RC2_0046_ICR-3_p08
431.098252410,505.135038343,74.036785933,Other,random,C3H6O2,74.036780000,RC2_0046_ICR-3_p08
399.121456057,473.158241990,74.036785933,Other,random,C3H6O2,74.036780000,RC2_0046_ICR-3_p08
459.093144654,533.129930587,74.036785933,Other,random,C3H6O2,74.036780000,RC2_0046_ICR-3_p08
471.020455058,545.057240991,74.036785933,Other,random,C3H6O2,74.036780000,RC2_0046_ICR-3_p08
353.087620334,427.124406267,74.036785933,Other,random,C3H6O2,74.036780000,RC2_0046_ICR-3_p08
385.123456437,459.160242370,74.036785933,Other,random,C3H6O2,74.036780000,RC2_0046_ICR-3_p08
480.078369634,554.115156567,74.036786933,Other,random,C3H6O2,74.036780000,RC2_0046_ICR-3_p08
473.230952681,547.267739614,74.036786933,Other,random,C3H6O2,74.036780000,RC2_0046_ICR-3_p08
321.134232882,395.171020815,74.036787933,Other,random,C3H6O2,74.036780000,RC2_0046_ICR-3_p08
393.082468674,467.119256607,74.036787933,Other,random,C3H6O2,74.036780000,RC2_0046_ICR-3_p08
444.057074438,518.093862371,74.036787933,Other,random,C3H6O2,74.036780000,RC2_0046_ICR-3_p08
453.046247306,527.083035239,74.036787933,Other,random,C3H6O2,74.036780000,RC2_0046_ICR-3_p08
333.061454286,407.098242219,74.036787933,Other,random,C3H6O2,74.036780000,RC2_0046_ICR-3_p08
521.239028029,595.275816962,74.036788933,Other,random,C3H6O2,74.036780000,RC2_0046_ICR-3_p08
481.135014152,555.171803085,74.036788933,Other,random,C3H6O2,74.036780000,RC2_0046_ICR-3_p08
447.020355868,521.057145801,74.036789933,Other,random,C3H6O2,74.036780000,RC2_0046_ICR-3_p08
475.088059803,549.124849736,74.036789933,Other,random,C3H6O2,74.036780000,RC2_0046_ICR-3_p08
293.139342637,367.176132570,74.036789933,Other,random,C3H6O2,74.036780000,RC2_0046_ICR-3_p08
323.077059640,397.113849573,74.036789933,Other,random,C3H6O2,74.036780000,RC2_0046_ICR-3_p08
327.108359539,401.145149472,74.036789933,Other,random,C3H6O2,74.036780000,RC2_0046_ICR-3_p08
355.066835938,429.103625871,74.036789933,Other,random,C3H6O2,74.036780000,RC2_0046_ICR-3_p08
517.184496229,591.221286162,74.036789933,Other,random,C3H6O2,74.036780000,RC2_0046_ICR-3_p08
473.181610891,547.254785669,74.073174779,Other,random,C4H10O,74.073184100,RC2_0046_ICR-3_p08
537.197533332,611.270708111,74.073174779,Other,random,C4H10O,74.073184100,RC2_0046_ICR-3_p08
381.046223732,455.119399511,74.073175779,Other,random,C4H10O,74.073184100,RC2_0046_ICR-3_p08
339.035520944,413.108696722,74.073175779,Other,random,C4H10O,74.073184100,RC2_0046_ICR-3_p08
467.046583916,541.119759694,74.073175779,Other,random,C4H10O,74.073184100,RC2_0046_ICR-3_p08
473.158241990,547.231418768,74.073176779,Other,random,C4H10O,74.073184100,RC2_0046_ICR-3_p08
497.194542027,571.267718805,74.073176779,Other,random,C4H10O,74.073184100,RC2_0046_ICR-3_p08
347.149900522,421.223077301,74.073176779,Other,random,C4H10O,74.073184100,RC2_0046_ICR-3_p08
395.090198157,469.163375936,74.073177779,Other,random,C4H10O,74.073184100,RC2_0046_ICR-3_p08
397.019855972,471.093033750,74.073177779,Other,random,C4H10O,74.073184100,RC2_0046_ICR-3_p08
439.088043517,513.161221295,74.073177779,Other,random,C4H10O,74.073184100,RC2_0046_ICR-3_p08
465.132110037,539.205288816,74.073178779,Other,random,C4H10O,74.073184100,RC2_0046_ICR-3_p08
539.119284180,613.192462959,74.073178779,Other,random,C4H10O,74.073184100,RC2_0046_ICR-3_p08
373.069380571,447.142559349,74.073178779,Other,random,C4H10O,74.073184100,RC2_0046_ICR-3_p08
353.116068213,427.189247992,74.073179779,Other,random,C4H10O,74.073184100,RC2_0046_ICR-3_p08
397.032865917,471.106045695,74.073179779,Other,random,C4H10O,74.073184100,RC2_0046_ICR-3_p08
405.168317406,479.241497184,74.073179779,Other,random,C4H10O,74.073184100,RC2_0046_ICR-3_p08
501.080463543,575.153643321,74.073179779,Other,random,C4H10O,74.073184100,RC2_0046_ICR-3_p08
311.077088544,385.150269323,74.073180779,Other,random,C4H10O,74.073184100,RC2_0046_ICR-3_p08
429.046235115,503.119415893,74.073180779,Other,random,C4H10O,74.073184100,RC2_0046_ICR-3_p08
433.054116113,507.127296892,74.073180779,Other,random,C4H10O,74.073184100,RC2_0046_ICR-3_p08
355.152809573,429.225990352,74.073180779,Other,random,C4H10O,74.073184100,RC2_0046_ICR-3_p08
448.088417337,522.161599116,74.073181779,Other,random,C4H10O,74.073184100,RC2_0046_ICR-3_p08
345.055820405,419.129002184,74.073181779,Other,random,C4H10O,74.073184100,RC2_0046_ICR-3_p08
375.066421099,449.139602878,74.073181779,Other,random,C4H10O,74.073184100,RC2_0046_ICR-3_p08
339.100354669,413.173537447,74.073182779,Other,random,C4H10O,74.073184100,RC2_0046_ICR-3_p08
371.207460469,445.280643248,74.073182779,Other,random,C4H10O,74.073184100,RC2_0046_ICR-3_p08
347.040703985,421.113886764,74.073182779,Other,random,C4H10O,74.073184100,RC2_0046_ICR-3_p08
397.142169453,471.215352231,74.073182779,Other,random,C4H10O,74.073184100,RC2_0046_ICR-3_p08
457.077532205,531.150714983,74.073182779,Other,random,C4H10O,74.073184100,RC2_0046_ICR-3_p08
487.101159843,561.174342622,74.073182779,Other,random,C4H10O,74.073184100,RC2_0046_ICR-3_p08
487.246737226,561.319920004,74.073182779,Other,random,C4H10O,74.073184100,RC2_0046_ICR-3_p08
447.020355868,521.093539646,74.073183779,Other,random,C4H10O,74.073184100,RC2_0046_ICR-3_p08
405.009603079,479.082786858,74.073183779,Other,random,C4H10O,74.073184100,RC2_0046_ICR-3_p08
395.061821278,469.135005056,74.073183779,Other,random,C4H10O,74.073184100,RC2_0046_ICR-3_p08
337.056308339,411.129493118,74.073184779,Other,random,C4H10O,74.073184100,RC2_0046_ICR-3_p08
262.072133425,336.145318204,74.073184779,Other,random,C4H10O,74.073184100,RC2_0046_ICR-3_p08
615.172195561,689.245380340,74.073184779,Other,random,C4H10O,74.073184100,RC2_0046_ICR-3_p08
380.033816027,454.107001806,74.073185779,Other,random,C4H10O,74.073184100,RC2_0046_ICR-3_p08
411.129493118,485.202678897,74.073185779,Other,random,C4H10O,74.073184100,RC2_0046_ICR-3_p08
423.056822522,497.130008301,74.073185779,Other,random,C4H10O,74.073184100,RC2_0046_ICR-3_p08
455.111370545,529.184556324,74.073185779,Other,random,C4H10O,74.073184100,RC2_0046_ICR-3_p08
403.097599190,477.170785968,74.073186779,Other,random,C4H10O,74.073184100,RC2_0046_ICR-3_p08
427.197233958,501.270420737,74.073186779,Other,random,C4H10O,74.073184100,RC2_0046_ICR-3_p08
439.124293363,513.197481142,74.073187779,Other,random,C4H10O,74.073184100,RC2_0046_ICR-3_p08
427.051574576,501.124762355,74.073187779,Other,random,C4H10O,74.073184100,RC2_0046_ICR-3_p08
515.205248625,589.278437403,74.073188779,Other,random,C4H10O,74.073184100,RC2_0046_ICR-3_p08
363.035585134,437.108773913,74.073188779,Other,random,C4H10O,74.073184100,RC2_0046_ICR-3_p08
343.045765932,417.118955711,74.073189779,Other,random,C4H10O,74.073184100,RC2_0046_ICR-3_p08
413.051198966,487.124388745,74.073189779,Other,random,C4H10O,74.073184100,RC2_0046_ICR-3_p08
461.194548740,535.267738519,74.073189779,Other,random,C4H10O,74.073184100,RC2_0046_ICR-3_p08
429.118988806,503.192178585,74.073189779,Other,random,C4H10O,74.073184100,RC2_0046_ICR-3_p08
345.061361382,419.134552160,74.073190779,Other,random,C4H10O,74.073184100,RC2_0046_ICR-3_p08
501.044072697,575.117263475,74.073190779,Other,random,C4H10O,74.073184100,RC2_0046_ICR-3_p08
365.123981275,439.197172054,74.073190779,Other,random,C4H10O,74.073184100,RC2_0046_ICR-3_p08
397.113849573,471.187040352,74.073190779,Other,random,C4H10O,74.073184100,RC2_0046_ICR-3_p08
365.115861310,439.189053088,74.073191779,Other,random,C4H10O,74.073184100,RC2_0046_ICR-3_p08
341.051209393,415.124401172,74.073191779,Other,random,C4H10O,74.073184100,RC2_0046_ICR-3_p08
417.046213019,491.119404798,74.073191779,Other,random,C4H10O,74.073184100,RC2_0046_ICR-3_p08
571.073052631,645.146244410,74.073191779,Other,random,C4H10O,74.073184100,RC2_0046_ICR-3_p08
355.095319817,429.168512596,74.073192779,Other,random,C4H10O,74.073184100,RC2_0046_ICR-3_p08
453.131953942,527.205146721,74.073192779,Other,random,C4H10O,74.073184100,RC2_0046_ICR-3_p08
483.041375065,557.114567844,74.073192779,Other,random,C4H10O,74.073184100,RC2_0046_ICR-3_p08
485.145205141,559.218397919,74.073192779,Other,random,C4H10O,74.073184100,RC2_0046_ICR-3_p08
359.071536950,433.144729729,74.073192779,Other,random,C4H10O,74.073184100,RC2_0046_ICR-3_p08
361.019841685,435.093034464,74.073192779,Other,random,C4H10O,74.073184100,RC2_0046_ICR-3_p08
361.142055167,435.215247945,74.073192779,Other,random,C4H10O,74.073184100,RC2_0046_ICR-3_p08
403.139707011,477.212899790,74.073192779,Other,random,C4H10O,74.073184100,RC2_0046_ICR-3_p08
440.127796106,514.200988885,74.073192779,Other,random,C4H10O,74.073184100,RC2_0046_ICR-3_p08
459.056737809,533.129930587,74.073192779,Other,random,C4H10O,74.073184100,RC2_0046_ICR-3_p08
525.030747944,599.103940723,74.073192779,Other,random,C4H10O,74.073184100,RC2_0046_ICR-3_p08
391.139715916,465.212909694,74.073193779,Other,random,C4H10O,74.073184100,RC2_0046_ICR-3_p08
429.132022751,503.205216529,74.073193779,Other,random,C4H10O,74.073184100,RC2_0046_ICR-3_p08
479.205129339,553.278323117,74.073193779,Other,random,C4H10O,74.073184100,RC2_0046_ICR-3_p08
389.118303490,463.191497269,74.073193779,Other,random,C4H10O,74.073184100,RC2_0046_ICR-3_p08
507.186936639,581.260130417,74.073193779,Other,random,C4H10O,74.073184100,RC2_0046_ICR-3_p08
327.072039693,401.160450407,74.088410714,Other,random,C8H10O_2,74.088420000,RC2_0046_ICR-3_p08
469.135005056,543.223415770,74.088410714,Other,random,C8H10O_2,74.088420000,RC2_0046_ICR-3_p08
553.156285635,627.244698349,74.088412714,Other,random,C8H10O_2,74.088420000,RC2_0046_ICR-3_p08
419.119263225,493.207676939,74.088413714,Other,random,C8H10O_2,74.088420000,RC2_0046_ICR-3_p08
437.085376012,511.173789726,74.088413714,Other,random,C8H10O_2,74.088420000,RC2_0046_ICR-3_p08
411.056790426,485.145205141,74.088414714,Other,random,C8H10O_2,74.088420000,RC2_0046_ICR-3_p08
527.104257149,601.192671863,74.088414714,Other,random,C8H10O_2,74.088420000,RC2_0046_ICR-3_p08
443.119370416,517.207786130,74.088415714,Other,random,C8H10O_2,74.088420000,RC2_0046_ICR-3_p08
463.101052653,537.189468367,74.088415714,Other,random,C8H10O_2,74.088420000,RC2_0046_ICR-3_p08
429.189541507,503.277958221,74.088416714,Other,random,C8H10O_2,74.088420000,RC2_0046_ICR-3_p08
367.116372823,441.204789537,74.088416714,Other,random,C8H10O_2,74.088420000,RC2_0046_ICR-3_p08
381.046223732,455.134640447,74.088416714,Other,random,C8H10O_2,74.088420000,RC2_0046_ICR-3_p08
472.117484405,546.205903119,74.088418714,Other,random,C8H10O_2,74.088420000,RC2_0046_ICR-3_p08
511.036489309,585.124908023,74.088418714,Other,random,C8H10O_2,74.088420000,RC2_0046_ICR-3_p08
431.046616629,505.135038343,74.088421714,Other,random,C8H10O_2,74.088420000,RC2_0046_ICR-3_p08
501.088435509,575.176857223,74.088421714,Other,random,C8H10O_2,74.088420000,RC2_0046_ICR-3_p08
373.041077691,447.129500405,74.088422714,Other,random,C8H10O_2,74.088420000,RC2_0046_ICR-3_p08
301.056416052,375.144839766,74.088423714,Other,random,C8H10O_2,74.088420000,RC2_0046_ICR-3_p08
299.056112538,373.144540252,74.088427714,Other,random,C8H10O_2,74.088420000,RC2_0046_ICR-3_p08
401.209749198,475.298176912,74.088427714,Other,random,C8H10O_2,74.088420000,RC2_0046_ICR-3_p08
329.051278297,403.139707011,74.088428714,Other,random,C8H10O_2,74.088420000,RC2_0046_ICR-3_p08
391.124480980,465.212909694,74.088428714,Other,random,C8H10O_2,74.088420000,RC2_0046_ICR-3_p08
581.078733187,655.167161901,74.088428714,Other,random,C8H10O_2,74.088420000,RC2_0046_ICR-3_p08
231.029927108,306.061948819,75.032021711,Other,random,C2H5N1O2,75.032029000,RC2_0046_ICR-3_p08
379.116250920,454.148273631,75.032022711,Other,random,C2H5N1O2,75.032029000,RC2_0046_ICR-3_p08
455.061816755,530.093839467,75.032022711,Other,random,C2H5N1O2,75.032029000,RC2_0046_ICR-3_p08
345.025123535,420.057149247,75.032025711,Other,random,C2H5N1O2,75.032029000,RC2_0046_ICR-3_p08
419.061807469,494.093834180,75.032026711,Other,random,C2H5N1O2,75.032029000,RC2_0046_ICR-3_p08
305.102952887,380.134982598,75.032029711,Other,random,C2H5N1O2,75.032029000,RC2_0046_ICR-3_p08
437.035894222,512.067923933,75.032029711,Other,random,C2H5N1O2,75.032029000,RC2_0046_ICR-3_p08
349.056393435,424.088423146,75.032029711,Other,random,C2H5N1O2,75.032029000,RC2_0046_ICR-3_p08
261.113287493,336.145318204,75.032030711,Other,random,C2H5N1O2,75.032029000,RC2_0046_ICR-3_p08
361.129067222,436.161098933,75.032031711,Other,random,C2H5N1O2,75.032029000,RC2_0046_ICR-3_p08
471.093033750,546.125065462,75.032031711,Other,random,C2H5N1O2,75.032029000,RC2_0046_ICR-3_p08
393.168270310,468.200306021,75.032035711,Other,random,C2H5N1O2,75.032029000,RC2_0046_ICR-3_p08
377.137127315,452.169165026,75.032037711,Other,random,C2H5N1O2,75.032029000,RC2_0046_ICR-3_p08
423.178972004,498.211010715,75.032038711,Other,random,C2H5N1O2,75.032029000,RC2_0046_ICR-3_p08
427.051574576,502.098851222,75.047276646,Other,random,C6H5N1O_1,75.047284000,RC2_0046_ICR-3_p08
317.087765047,392.135046693,75.047281646,Other,random,C6H5N1O_1,75.047284000,RC2_0046_ICR-3_p08
373.113891382,448.161174028,75.047282646,Other,random,C6H5N1O_1,75.047284000,RC2_0046_ICR-3_p08
471.077781815,546.125065462,75.047283646,Other,random,C6H5N1O_1,75.047284000,RC2_0046_ICR-3_p08
305.087691952,380.134982598,75.047290646,Other,random,C6H5N1O_1,75.047284000,RC2_0046_ICR-3_p08
415.051660480,490.098952127,75.047291646,Other,random,C6H5N1O_1,75.047284000,RC2_0046_ICR-3_p08
375.093185986,450.140477632,75.047291646,Other,random,C6H5N1O_1,75.047284000,RC2_0046_ICR-3_p08
517.119737503,592.167029150,75.047291646,Other,random,C6H5N1O_1,75.047284000,RC2_0046_ICR-3_p08
457.062282269,532.109575916,75.047293646,Other,random,C6H5N1O_1,75.047284000,RC2_0046_ICR-3_p08
707.293052781,783.248907573,75.955854792,Other,random,C1H_2N_1O5,75.955851000,RC2_0046_ICR-3_p08
511.291350228,587.262940953,75.971590726,Other,random,C2H1O1Cl1,75.971600000,RC2_0046_ICR-3_p08
535.218427728,611.190019453,75.971591726,Other,random,C2H1O1Cl1,75.971600000,RC2_0046_ICR-3_p08
307.082219491,383.053812216,75.971592726,Other,random,C2H1O1Cl1,75.971600000,RC2_0046_ICR-3_p08
427.233622804,503.205216529,75.971593726,Other,random,C2H1O1Cl1,75.971600000,RC2_0046_ICR-3_p08
427.124406267,503.096000993,75.971594726,Other,random,C2H1O1Cl1,75.971600000,RC2_0046_ICR-3_p08
485.166323051,561.137917776,75.971594726,Other,random,C2H1O1Cl1,75.971600000,RC2_0046_ICR-3_p08
341.160435930,417.132031655,75.971595725,Other,random,C2H1O1Cl1,75.971600000,RC2_0046_ICR-3_p08
507.223480484,583.195078209,75.971597725,Other,random,C2H1O1Cl1,75.971600000,RC2_0046_ICR-3_p08
437.108773913,513.080374638,75.971600725,Other,random,C2H1O1Cl1,75.971600000,RC2_0046_ICR-3_p08
322.129531659,398.101132385,75.971600725,Other,random,C2H1O1Cl1,75.971600000,RC2_0046_ICR-3_p08
487.218374346,563.189976072,75.971601725,Other,random,C2H1O1Cl1,75.971600000,RC2_0046_ICR-3_p08
339.072033789,415.043635514,75.971601725,Other,random,C2H1O1Cl1,75.971600000,RC2_0046_ICR-3_p08
415.124401172,491.096002897,75.971601725,Other,random,C2H1O1Cl1,75.971600000,RC2_0046_ICR-3_p08
541.265366077,617.236970802,75.971604725,Other,random,C2H1O1Cl1,75.971600000,RC2_0046_ICR-3_p08
317.160496738,393.132102464,75.971605725,Other,random,C2H1O1Cl1,75.971600000,RC2_0046_ICR-3_p08
379.103200975,455.074806700,75.971605725,Other,random,C2H1O1Cl1,75.971600000,RC2_0046_ICR-3_p08
395.171020815,471.142626540,75.971605725,Other,random,C2H1O1Cl1,75.971600000,RC2_0046_ICR-3_p08
409.113701669,485.085307395,75.971605725,Other,random,C2H1O1Cl1,75.971600000,RC2_0046_ICR-3_p08
517.301629732,593.273235457,75.971605725,Other,random,C2H1O1Cl1,75.971600000,RC2_0046_ICR-3_p08
474.112029944,550.083636669,75.971606725,Other,random,C2H1O1Cl1,75.971600000,RC2_0046_ICR-3_p08
473.311908338,549.283515063,75.971606725,Other,random,C2H1O1Cl1,75.971600000,RC2_0046_ICR-3_p08
401.108727627,477.080336352,75.971608725,Other,random,C2H1O1Cl1,75.971600000,RC2_0046_ICR-3_p08
415.160831017,491.132440742,75.971609725,Other,random,C2H1O1Cl1,75.971600000,RC2_0046_ICR-3_p08
689.281687186,765.297722722,76.016035537,Other,random,C2H4O3,76.016044960,RC2_0046_ICR-3_p08
489.176535039,565.192570576,76.016035537,Other,random,C2H4O3,76.016044960,RC2_0046_ICR-3_p08
503.119415893,579.135451430,76.016035537,Other,random,C2H4O3,76.016044960,RC2_0046_ICR-3_p08
576.216421813,652.232457350,76.016035537,Other,random,C2H4O3,76.016044960,RC2_0046_ICR-3_p08
401.123967562,477.140004099,76.016036537,Other,random,C2H4O3,76.016044960,RC2_0046_ICR-3_p08
477.067382407,553.083418944,76.016036537,Other,random,C2H4O3,76.016044960,RC2_0046_ICR-3_p08
429.204747442,505.220783979,76.016036537,Other,random,C2H4O3,76.016044960,RC2_0046_ICR-3_p08
341.014992547,417.031030084,76.016037537,Other,random,C2H4O3,76.016044960,RC2_0046_ICR-3_p08
479.155765548,555.171803085,76.016037537,Other,random,C2H4O3,76.016044960,RC2_0046_ICR-3_p08
515.205248625,591.221286162,76.016037537,Other,random,C2H4O3,76.016044960,RC2_0046_ICR-3_p08
313.157426719,389.173465256,76.016038537,Other,random,C2H4O3,76.016044960,RC2_0046_ICR-3_p08
351.072037884,427.088076421,76.016038537,Other,random,C2H4O3,76.016044960,RC2_0046_ICR-3_p08
389.137012411,465.153050948,76.016038537,Other,random,C2H4O3,76.016044960,RC2_0046_ICR-3_p08
453.212719599,529.228758136,76.016038537,Other,random,C2H4O3,76.016044960,RC2_0046_ICR-3_p08
351.157780520,427.173820057,76.016039537,Other,random,C2H4O3,76.016044960,RC2_0046_ICR-3_p08
553.184645515,629.200685051,76.016039537,Other,random,C2H4O3,76.016044960,RC2_0046_ICR-3_p08
331.154979373,407.171018910,76.016039537,Other,random,C2H4O3,76.016044960,RC2_0046_ICR-3_p08
411.035556517,487.051596054,76.016039537,Other,random,C2H4O3,76.016044960,RC2_0046_ICR-3_p08
343.045765932,419.061807469,76.016041537,Other,random,C2H4O3,76.016044960,RC2_0046_ICR-3_p08
345.074538326,421.090579863,76.016041537,Other,random,C2H4O3,76.016044960,RC2_0046_ICR-3_p08
345.110818172,421.126859709,76.016041537,Other,random,C2H4O3,76.016044960,RC2_0046_ICR-3_p08
365.160345121,441.176386658,76.016041537,Other,random,C2H4O3,76.016044960,RC2_0046_ICR-3_p08
391.189115706,467.205157243,76.016041537,Other,random,C2H4O3,76.016044960,RC2_0046_ICR-3_p08
395.098140124,471.114181661,76.016041537,Other,random,C2H4O3,76.016044960,RC2_0046_ICR-3_p08
327.108359539,403.124402076,76.016042537,Other,random,C2H4O3,76.016044960,RC2_0046_ICR-3_p08
341.051209393,417.067251930,76.016042537,Other,random,C2H4O3,76.016044960,RC2_0046_ICR-3_p08
419.207352851,495.223395388,76.016042537,Other,random,C2H4O3,76.016044960,RC2_0046_ICR-3_p08
433.150267705,509.166310242,76.016042537,Other,random,C2H4O3,76.016044960,RC2_0046_ICR-3_p08
353.124102179,429.140145716,76.016043537,Other,random,C2H4O3,76.016044960,RC2_0046_ICR-3_p08
711.156888390,787.172931927,76.016043537,Other,random,C2H4O3,76.016044960,RC2_0046_ICR-3_p08
587.177193317,663.193237854,76.016044537,Other,random,C2H4O3,76.016044960,RC2_0046_ICR-3_p08
629.224379951,705.240424488,76.016044537,Other,random,C2H4O3,76.016044960,RC2_0046_ICR-3_p08
403.152739956,479.168784493,76.016044537,Other,random,C2H4O3,76.016044960,RC2_0046_ICR-3_p08
449.181372701,525.197417237,76.016044537,Other,random,C2H4O3,76.016044960,RC2_0046_ICR-3_p08
373.105781416,449.121826953,76.016045537,Other,random,C2H4O3,76.016044960,RC2_0046_ICR-3_p08
401.173563352,477.189608888,76.016045537,Other,random,C2H4O3,76.016044960,RC2_0046_ICR-3_p08
415.097611285,491.113656822,76.016045537,Other,random,C2H4O3,76.016044960,RC2_0046_ICR-3_p08
517.026045901,593.042091438,76.016045537,Other,random,C2H4O3,76.016044960,RC2_0046_ICR-3_p08
655.203872745,731.219918282,76.016045537,Other,random,C2H4O3,76.016044960,RC2_0046_ICR-3_p08
411.121431152,487.137476689,76.016045537,Other,random,C2H4O3,76.016044960,RC2_0046_ICR-3_p08
391.139715916,467.155762452,76.016046537,Other,random,C2H4O3,76.016044960,RC2_0046_ICR-3_p08
411.129493118,487.145539655,76.016046537,Other,random,C2H4O3,76.016044960,RC2_0046_ICR-3_p08
489.031053657,565.047100194,76.016046537,Other,random,C2H4O3,76.016044960,RC2_0046_ICR-3_p08
319.154973278,395.171020815,76.016047537,Other,random,C2H4O3,76.016044960,RC2_0046_ICR-3_p08
497.035956699,573.052004236,76.016047537,Other,random,C2H4O3,76.016044960,RC2_0046_ICR-3_p08
389.014911929,465.030959466,76.016047537,Other,random,C2H4O3,76.016044960,RC2_0046_ICR-3_p08
413.173537447,489.189585984,76.016048537,Other,random,C2H4O3,76.016044960,RC2_0046_ICR-3_p08
455.046540820,531.062589357,76.016048537,Other,random,C2H4O3,76.016044960,RC2_0046_ICR-3_p08
323.113488485,399.129537022,76.016048537,Other,random,C2H4O3,76.016044960,RC2_0046_ICR-3_p08
379.188979611,455.205029148,76.016049537,Other,random,C2H4O3,76.016044960,RC2_0046_ICR-3_p08
399.102820136,475.118869673,76.016049537,Other,random,C2H4O3,76.016044960,RC2_0046_ICR-3_p08
421.142285643,497.158335180,76.016049537,Other,random,C2H4O3,76.016044960,RC2_0046_ICR-3_p08
429.118988806,505.135038343,76.016049537,Other,random,C2H4O3,76.016044960,RC2_0046_ICR-3_p08
441.204789537,517.220839074,76.016049537,Other,random,C2H4O3,76.016044960,RC2_0046_ICR-3_p08
553.171669570,629.187719106,76.016049537,Other,random,C2H4O3,76.016044960,RC2_0046_ICR-3_p08
309.134218786,385.150269323,76.016050537,Other,random,C2H4O3,76.016044960,RC2_0046_ICR-3_p08
347.162921467,423.178972004,76.016050537,Other,random,C2H4O3,76.016044960,RC2_0046_ICR-3_p08
461.218001641,537.234052178,76.016050537,Other,random,C2H4O3,76.016044960,RC2_0046_ICR-3_p08
347.004343139,423.020394676,76.016051537,Other,random,C2H4O3,76.016044960,RC2_0046_ICR-3_p08
413.181552413,489.197603950,76.016051537,Other,random,C2H4O3,76.016044960,RC2_0046_ICR-3_p08
459.251686982,535.267738519,76.016051537,Other,random,C2H4O3,76.016044960,RC2_0046_ICR-3_p08
499.173960630,575.190012167,76.016051537,Other,random,C2H4O3,76.016044960,RC2_0046_ICR-3_p08
397.041121882,473.057173418,76.016051537,Other,random,C2H4O3,76.016044960,RC2_0046_ICR-3_p08
471.056664905,547.072716442,76.016051537,Other,random,C2H4O3,76.016044960,RC2_0046_ICR-3_p08
381.191773115,457.207825652,76.016052537,Other,random,C2H4O3,76.016044960,RC2_0046_ICR-3_p08
361.019841685,437.035894222,76.016052537,Other,random,C2H4O3,76.016044960,RC2_0046_ICR-3_p08
413.064265911,489.080318448,76.016052537,Other,random,C2H4O3,76.016044960,RC2_0046_ICR-3_p08
507.114264947,583.130317484,76.016052537,Other,random,C2H4O3,76.016044960,RC2_0046_ICR-3_p08
563.213363972,639.229416509,76.016052537,Other,random,C2H4O3,76.016044960,RC2_0046_ICR-3_p08
327.050797783,403.066851320,76.016053537,Other,random,C2H4O3,76.016044960,RC2_0046_ICR-3_p08
357.134214168,433.150267705,76.016053537,Other,random,C2H4O3,76.016044960,RC2_0046_ICR-3_p08
373.214900953,449.230954490,76.016053537,Other,random,C2H4O3,76.016044960,RC2_0046_ICR-3_p08
387.084999116,463.101052653,76.016053537,Other,random,C2H4O3,76.016044960,RC2_0046_ICR-3_p08
495.106405885,571.122459422,76.016053537,Other,random,C2H4O3,76.016044960,RC2_0046_ICR-3_p08
500.083027774,576.099081311,76.016053537,Other,random,C2H4O3,76.016044960,RC2_0046_ICR-3_p08
315.050887687,391.066942224,76.016054537,Other,random,C2H4O3,76.016044960,RC2_0046_ICR-3_p08
411.194189844,487.210244381,76.016054537,Other,random,C2H4O3,76.016044960,RC2_0046_ICR-3_p08
425.108641818,501.139932290,76.031290472,Other,random,C6H4,76.031300000,RC2_0046_ICR-3_p08
499.145566750,575.176857223,76.031290472,Other,random,C6H4,76.031300000,RC2_0046_ICR-3_p08
517.184496229,593.215786701,76.031290472,Other,random,C6H4,76.031300000,RC2_0046_ICR-3_p08
341.154772954,417.186064426,76.031291472,Other,random,C6H4,76.031300000,RC2_0046_ICR-3_p08
401.181608317,477.212899790,76.031291472,Other,random,C6H4,76.031300000,RC2_0046_ICR-3_p08
481.075485404,557.106777877,76.031292472,Other,random,C6H4,76.031300000,RC2_0046_ICR-3_p08
397.199659209,473.230952681,76.031293472,Other,random,C6H4,76.031300000,RC2_0046_ICR-3_p08
459.077919719,535.109213191,76.031293472,Other,random,C6H4,76.031300000,RC2_0046_ICR-3_p08
355.134114653,431.165408125,76.031293472,Other,random,C6H4,76.031300000,RC2_0046_ICR-3_p08
393.009625983,469.040919456,76.031293472,Other,random,C6H4,76.031300000,RC2_0046_ICR-3_p08
651.156730913,727.188024385,76.031293472,Other,random,C6H4,76.031300000,RC2_0046_ICR-3_p08
491.096002897,567.127297369,76.031294472,Other,random,C6H4,76.031300000,RC2_0046_ICR-3_p08
449.121826953,525.153121425,76.031294472,Other,random,C6H4,76.031300000,RC2_0046_ICR-3_p08
239.128947751,315.160242223,76.031294472,Other,random,C6H4,76.031300000,RC2_0046_ICR-3_p08
297.074484944,373.105781416,76.031296472,Other,random,C6H4,76.031300000,RC2_0046_ICR-3_p08
345.191780828,421.223077301,76.031296472,Other,random,C6H4,76.031300000,RC2_0046_ICR-3_p08
315.108418443,391.139715916,76.031297472,Other,random,C6H4,76.031300000,RC2_0046_ICR-3_p08
357.046081542,433.077380014,76.031298472,Other,random,C6H4,76.031300000,RC2_0046_ICR-3_p08
555.135407239,631.166705712,76.031298472,Other,random,C6H4,76.031300000,RC2_0046_ICR-3_p08
423.178972004,499.210270476,76.031298472,Other,random,C6H4,76.031300000,RC2_0046_ICR-3_p08
445.062241174,521.093539646,76.031298472,Other,random,C6H4,76.031300000,RC2_0046_ICR-3_p08
347.134614587,423.165914059,76.031299472,Other,random,C6H4,76.031300000,RC2_0046_ICR-3_p08
465.225969639,541.257269111,76.031299472,Other,random,C6H4,76.031300000,RC2_0046_ICR-3_p08
597.146095028,673.177394501,76.031299472,Other,random,C6H4,76.031300000,RC2_0046_ICR-3_p08
627.120715875,703.152016347,76.031300472,Other,random,C6H4,76.031300000,RC2_0046_ICR-3_p08
411.178943908,487.210244381,76.031300472,Other,random,C6H4,76.031300000,RC2_0046_ICR-3_p08
453.176467753,529.207768225,76.031300472,Other,random,C6H4,76.031300000,RC2_0046_ICR-3_p08
441.103666966,517.134968439,76.031301472,Other,random,C6H4,76.031300000,RC2_0046_ICR-3_p08
421.163240555,497.194542027,76.031301472,Other,random,C6H4,76.031300000,RC2_0046_ICR-3_p08
447.150534315,523.181835788,76.031301472,Other,random,C6H4,76.031300000,RC2_0046_ICR-3_p08
539.104131245,615.135433717,76.031302472,Other,random,C6H4,76.031300000,RC2_0046_ICR-3_p08
343.030503997,419.061807469,76.031303472,Other,random,C6H4,76.031300000,RC2_0046_ICR-3_p08
351.085089829,427.116393301,76.031303472,Other,random,C6H4,76.031300000,RC2_0046_ICR-3_p08
429.225990352,505.257294824,76.031304472,Other,random,C6H4,76.031300000,RC2_0046_ICR-3_p08
423.165914059,499.197219531,76.031305472,Other,random,C6H4,76.031300000,RC2_0046_ICR-3_p08
452.046879545,528.078186017,76.031306472,Other,random,C6H4,76.031300000,RC2_0046_ICR-3_p08
429.030897180,505.062203652,76.031306472,Other,random,C6H4,76.031300000,RC2_0046_ICR-3_p08
477.030979561,553.062287034,76.031307472,Other,random,C6H4,76.031300000,RC2_0046_ICR-3_p08
483.150693601,559.182001074,76.031307472,Other,random,C6H4,76.031300000,RC2_0046_ICR-3_p08
525.052077854,601.083385326,76.031307472,Other,random,C6H4,76.031300000,RC2_0046_ICR-3_p08
381.046223732,457.077532205,76.031308472,Other,random,C6H4,76.031300000,RC2_0046_ICR-3_p08
405.131978560,481.163287032,76.031308472,Other,random,C6H4,76.031300000,RC2_0046_ICR-3_p08
298.093147623,374.124457095,76.031309472,Other,random,C6H4,76.031300000,RC2_0046_ICR-3_p08
383.111158973,459.142468445,76.031309472,Other,random,C6H4,76.031300000,RC2_0046_ICR-3_p08
391.079905169,467.111214641,76.031309472,Other,random,C6H4,76.031300000,RC2_0046_ICR-3_p08
405.059221868,481.090531341,76.031309472,Other,random,C6H4,76.031300000,RC2_0046_ICR-3_p08
489.088461413,565.119770885,76.031309472,Other,random,C6H4,76.031300000,RC2_0046_ICR-3_p08
503.104141958,579.135451430,76.031309472,Other,random,C6H4,76.031300000,RC2_0046_ICR-3_p08
423.020394676,499.051704149,76.031309472,Other,random,C6H4,76.031300000,RC2_0046_ICR-3_p08
325.020032398,402.046572648,77.026540250,Other,random,C5H3N1,77.026549000,RC2_0046_ICR-3_p08
377.100588470,454.127128720,77.026540250,Other,random,C5H3N1,77.026549000,RC2_0046_ICR-3_p08
315.072085597,392.098628848,77.026543250,Other,random,C5H3N1,77.026549000,RC2_0046_ICR-3_p08
307.009491799,384.036035050,77.026543250,Other,random,C5H3N1,77.026549000,RC2_0046_ICR-3_p08
299.090093394,376.116639644,77.026546250,Other,random,C5H3N1,77.026549000,RC2_0046_ICR-3_p08
401.108727627,478.135276877,77.026549250,Other,random,C5H3N1,77.026549000,RC2_0046_ICR-3_p08
339.084977734,416.111530984,77.026553250,Other,random,C5H3N1,77.026549000,RC2_0046_ICR-3_p08
485.057204514,562.083757764,77.026553250,Other,random,C5H3N1,77.026549000,RC2_0046_ICR-3_p08
489.088461413,566.115015663,77.026554250,Other,random,C5H3N1,77.026549000,RC2_0046_ICR-3_p08
319.038439772,396.064995022,77.026555250,Other,random,C5H3N1,77.026549000,RC2_0046_ICR-3_p08
329.124093988,406.150651239,77.026557250,Other,random,C5H3N1,77.026549000,RC2_0046_ICR-3_p08
329.051278297,406.077836547,77.026558250,Other,random,C5H3N1,77.026549000,RC2_0046_ICR-3_p08
276.051284125,354.046584266,77.995300141,Other,random,CH2O4,77.995309300,RC2_0046_ICR-3_p08
307.082219491,385.077519632,77.995300141,Other,random,CH2O4,77.995309300,RC2_0046_ICR-3_p08
333.220002613,411.215302754,77.995300141,Other,random,CH2O4,77.995309300,RC2_0046_ICR-3_p08
425.100700852,503.096000993,77.995300141,Other,random,CH2O4,77.995309300,RC2_0046_ICR-3_p08
415.175957953,493.171259094,77.995301141,Other,random,CH2O4,77.995309300,RC2_0046_ICR-3_p08
409.150237514,487.145539655,77.995302141,Other,random,CH2O4,77.995309300,RC2_0046_ICR-3_p08
371.144298737,449.139602878,77.995304141,Other,random,CH2O4,77.995309300,RC2_0046_ICR-3_p08
385.178471203,463.173775344,77.995304141,Other,random,CH2O4,77.995309300,RC2_0046_ICR-3_p08
407.171018910,485.166323051,77.995304141,Other,random,CH2O4,77.995309300,RC2_0046_ICR-3_p08
285.126140629,363.121444770,77.995304141,Other,random,CH2O4,77.995309300,RC2_0046_ICR-3_p08
321.134232882,399.129537022,77.995304141,Other,random,CH2O4,77.995309300,RC2_0046_ICR-3_p08
353.051312488,431.046616629,77.995304141,Other,random,CH2O4,77.995309300,RC2_0046_ICR-3_p08
401.123967562,479.119272703,77.995305141,Other,random,CH2O4,77.995309300,RC2_0046_ICR-3_p08
423.093130368,501.088435509,77.995305141,Other,random,CH2O4,77.995309300,RC2_0046_ICR-3_p08
543.077938388,621.073243528,77.995305141,Other,random,CH2O4,77.995309300,RC2_0046_ICR-3_p08
446.109167733,524.104473874,77.995306141,Other,random,CH2O4,77.995309300,RC2_0046_ICR-3_p08
645.255506946,723.250813087,77.995306141,Other,random,CH2O4,77.995309300,RC2_0046_ICR-3_p08
351.072037884,429.067344025,77.995306141,Other,random,CH2O4,77.995309300,RC2_0046_ICR-3_p08
445.041071264,523.036377405,77.995306141,Other,random,CH2O4,77.995309300,RC2_0046_ICR-3_p08
403.139707011,481.135014152,77.995307141,Other,random,CH2O4,77.995309300,RC2_0046_ICR-3_p08
383.144183833,461.139490974,77.995307141,Other,random,CH2O4,77.995309300,RC2_0046_ICR-3_p08
447.165863250,525.161170391,77.995307141,Other,random,CH2O4,77.995309300,RC2_0046_ICR-3_p08
499.137561784,577.132868925,77.995307141,Other,random,CH2O4,77.995309300,RC2_0046_ICR-3_p08
615.135433717,693.130741858,77.995308141,Other,random,CH2O4,77.995309300,RC2_0046_ICR-3_p08
381.046223732,459.041531873,77.995308141,Other,random,CH2O4,77.995309300,RC2_0046_ICR-3_p08
381.147160304,459.142468445,77.995308141,Other,random,CH2O4,77.995309300,RC2_0046_ICR-3_p08
383.170807720,461.166115861,77.995308141,Other,random,CH2O4,77.995309300,RC2_0046_ICR-3_p08
497.158335180,575.153643321,77.995308141,Other,random,CH2O4,77.995309300,RC2_0046_ICR-3_p08
493.098727401,571.094035542,77.995308141,Other,random,CH2O4,77.995309300,RC2_0046_ICR-3_p08
445.077470109,523.072780250,77.995310141,Other,random,CH2O4,77.995309300,RC2_0046_ICR-3_p08
403.261886493,481.257196634,77.995310141,Other,random,CH2O4,77.995309300,RC2_0046_ICR-3_p08
527.168744875,605.164055016,77.995310141,Other,random,CH2O4,77.995309300,RC2_0046_ICR-3_p08
395.098140124,473.093450265,77.995310141,Other,random,CH2O4,77.995309300,RC2_0046_ICR-3_p08
589.120006075,667.115317216,77.995311141,Other,random,CH2O4,77.995309300,RC2_0046_ICR-3_p08
329.102931078,407.098242219,77.995311141,Other,random,CH2O4,77.995309300,RC2_0046_ICR-3_p08
443.098228505,521.093539646,77.995311141,Other,random,CH2O4,77.995309300,RC2_0046_ICR-3_p08
348.121761399,426.117072540,77.995311141,Other,random,CH2O4,77.995309300,RC2_0046_ICR-3_p08
422.080651663,500.075962804,77.995311141,Other,random,CH2O4,77.995309300,RC2_0046_ICR-3_p08
551.176987031,629.172299172,77.995312141,Other,random,CH2O4,77.995309300,RC2_0046_ICR-3_p08
448.124912182,526.120224323,77.995312141,Other,random,CH2O4,77.995309300,RC2_0046_ICR-3_p08
415.189012897,493.184325038,77.995312141,Other,random,CH2O4,77.995309300,RC2_0046_ICR-3_p08
389.137012411,467.132325552,77.995313141,Other,random,CH2O4,77.995309300,RC2_0046_ICR-3_p08
393.082468674,471.077781815,77.995313141,Other,random,CH2O4,77.995309300,RC2_0046_ICR-3_p08
449.217818546,527.213131687,77.995313141,Other,random,CH2O4,77.995309300,RC2_0046_ICR-3_p08
463.124446553,541.119759694,77.995313141,Other,random,CH2O4,77.995309300,RC2_0046_ICR-3_p08
399.048804365,477.044118506,77.995314141,Other,random,CH2O4,77.995309300,RC2_0046_ICR-3_p08
417.168303501,495.163618642,77.995315141,Other,random,CH2O4,77.995309300,RC2_0046_ICR-3_p08
401.160450407,479.155765548,77.995315141,Other,random,CH2O4,77.995309300,RC2_0046_ICR-3_p08
387.194157653,465.189472794,77.995315141,Other,random,CH2O4,77.995309300,RC2_0046_ICR-3_p08
361.214930858,439.210246998,77.995316141,Other,random,CH2O4,77.995309300,RC2_0046_ICR-3_p08
487.210244381,565.205560521,77.995316141,Other,random,CH2O4,77.995309300,RC2_0046_ICR-3_p08
238.072137234,316.067453375,77.995316141,Other,random,CH2O4,77.995309300,RC2_0046_ICR-3_p08
369.128625287,447.123941428,77.995316141,Other,random,CH2O4,77.995309300,RC2_0046_ICR-3_p08
527.119329085,605.114646225,77.995317141,Other,random,CH2O4,77.995309300,RC2_0046_ICR-3_p08
405.204660251,483.199977392,77.995317141,Other,random,CH2O4,77.995309300,RC2_0046_ICR-3_p08
415.225440743,493.220757884,77.995317141,Other,random,CH2O4,77.995309300,RC2_0046_ICR-3_p08
433.150267705,511.145584846,77.995317141,Other,random,CH2O4,77.995309300,RC2_0046_ICR-3_p08
511.210291571,589.205608712,77.995317141,Other,random,CH2O4,77.995309300,RC2_0046_ICR-3_p08
429.046235115,507.041553255,77.995318141,Other,random,CH2O4,77.995309300,RC2_0046_ICR-3_p08
439.088043517,517.083361658,77.995318141,Other,random,CH2O4,77.995309300,RC2_0046_ICR-3_p08
529.207768225,607.203086366,77.995318141,Other,random,CH2O4,77.995309300,RC2_0046_ICR-3_p08
471.129530596,549.124849736,77.995319141,Other,random,CH2O4,77.995309300,RC2_0046_ICR-3_p08
689.245380340,767.240699480,77.995319141,Other,random,CH2O4,77.995309300,RC2_0046_ICR-3_p08
361.251321703,439.246640844,77.995319141,Other,random,CH2O4,77.995309300,RC2_0046_ICR-3_p08
488.119696523,566.115015663,77.995319141,Other,random,CH2O4,77.995309300,RC2_0046_ICR-3_p08
591.244741062,669.240060203,77.995319141,Other,random,CH2O4,77.995309300,RC2_0046_ICR-3_p08
671.198236896,749.193556037,77.995319141,Other,random,CH2O4,77.995309300,RC2_0046_ICR-3_p08
393.191721211,471.187040352,77.995319141,Other,random,CH2O4,77.995309300,RC2_0046_ICR-3_p08
343.134007558,421.144623633,78.010616076,Other,random,C5H2O,78.010625790,RC2_0046_ICR-3_p08
497.093558455,575.104174531,78.010616076,Other,random,C5H2O,78.010625790,RC2_0046_ICR-3_p08
401.145149472,479.155765548,78.010616076,Other,random,C5H2O,78.010625790,RC2_0046_ICR-3_p08
417.103659775,495.114276851,78.010617076,Other,random,C5H2O,78.010625790,RC2_0046_ICR-3_p08
389.108638531,467.119256607,78.010618076,Other,random,C5H2O,78.010625790,RC2_0046_ICR-3_p08
489.116679293,567.127297369,78.010618076,Other,random,C5H2O,78.010625790,RC2_0046_ICR-3_p08
513.246811932,591.257430008,78.010618076,Other,random,C5H2O,78.010625790,RC2_0046_ICR-3_p08
583.203209175,661.213827250,78.010618076,Other,random,C5H2O,78.010625790,RC2_0046_ICR-3_p08
386.080783376,464.091401452,78.010618076,Other,random,C5H2O,78.010625790,RC2_0046_ICR-3_p08
387.056778235,465.067396311,78.010618076,Other,random,C5H2O,78.010625790,RC2_0046_ICR-3_p08
629.172299172,707.182917248,78.010618076,Other,random,C5H2O,78.010625790,RC2_0046_ICR-3_p08
487.254764192,565.265383268,78.010619076,Other,random,C5H2O,78.010625790,RC2_0046_ICR-3_p08
515.168918779,593.179537855,78.010619076,Other,random,C5H2O,78.010625790,RC2_0046_ICR-3_p08
593.187617820,671.198236896,78.010619076,Other,random,C5H2O,78.010625790,RC2_0046_ICR-3_p08
401.035849936,479.046470012,78.010620076,Other,random,C5H2O,78.010625790,RC2_0046_ICR-3_p08
431.111326354,509.121946430,78.010620076,Other,random,C5H2O,78.010625790,RC2_0046_ICR-3_p08
328.140030163,406.150651239,78.010621076,Other,random,C5H2O,78.010625790,RC2_0046_ICR-3_p08
405.168317406,483.178938481,78.010621076,Other,random,C5H2O,78.010625790,RC2_0046_ICR-3_p08
394.114226298,472.124848373,78.010622076,Other,random,C5H2O,78.010625790,RC2_0046_ICR-3_p08
435.129413309,513.140035385,78.010622076,Other,random,C5H2O,78.010625790,RC2_0046_ICR-3_p08
512.221478282,590.232100358,78.010622076,Other,random,C5H2O,78.010625790,RC2_0046_ICR-3_p08
441.249208349,519.259831425,78.010623076,Other,random,C5H2O,78.010625790,RC2_0046_ICR-3_p08
337.123528054,415.134151130,78.010623076,Other,random,C5H2O,78.010625790,RC2_0046_ICR-3_p08
395.074793223,473.085417299,78.010624076,Other,random,C5H2O,78.010625790,RC2_0046_ICR-3_p08
489.031053657,567.041677732,78.010624076,Other,random,C5H2O,78.010625790,RC2_0046_ICR-3_p08
577.083616134,655.094240210,78.010624076,Other,random,C5H2O,78.010625790,RC2_0046_ICR-3_p08
409.077438823,487.088062899,78.010624076,Other,random,C5H2O,78.010625790,RC2_0046_ICR-3_p08
427.173820057,505.184444133,78.010624076,Other,random,C5H2O,78.010625790,RC2_0046_ICR-3_p08
483.186977447,561.197601523,78.010624076,Other,random,C5H2O,78.010625790,RC2_0046_ICR-3_p08
585.182612778,663.193237854,78.010625076,Other,random,C5H2O,78.010625790,RC2_0046_ICR-3_p08
297.074484944,375.085110020,78.010625076,Other,random,C5H2O,78.010625790,RC2_0046_ICR-3_p08
415.152816051,493.163441127,78.010625076,Other,random,C5H2O,78.010625790,RC2_0046_ICR-3_p08
543.280876527,621.291501603,78.010625076,Other,random,C5H2O,78.010625790,RC2_0046_ICR-3_p08
557.187709533,635.198334609,78.010625076,Other,random,C5H2O,78.010625790,RC2_0046_ICR-3_p08
419.220378796,497.231003872,78.010625076,Other,random,C5H2O,78.010625790,RC2_0046_ICR-3_p08
433.126963804,511.137589880,78.010626076,Other,random,C5H2O,78.010625790,RC2_0046_ICR-3_p08
437.085376012,515.096002088,78.010626076,Other,random,C5H2O,78.010625790,RC2_0046_ICR-3_p08
445.207696557,523.218322633,78.010626076,Other,random,C5H2O,78.010625790,RC2_0046_ICR-3_p08
425.194589453,503.205216529,78.010627076,Other,random,C5H2O,78.010625790,RC2_0046_ICR-3_p08
507.041553255,585.052180331,78.010627076,Other,random,C5H2O,78.010625790,RC2_0046_ICR-3_p08
529.228758136,607.239385212,78.010627076,Other,random,C5H2O,78.010625790,RC2_0046_ICR-3_p08
421.144623633,499.155251709,78.010628076,Other,random,C5H2O,78.010625790,RC2_0046_ICR-3_p08
441.103666966,519.114295042,78.010628076,Other,random,C5H2O,78.010625790,RC2_0046_ICR-3_p08
541.192755385,619.203383460,78.010628076,Other,random,C5H2O,78.010625790,RC2_0046_ICR-3_p08
593.078522283,671.089150359,78.010628076,Other,random,C5H2O,78.010625790,RC2_0046_ICR-3_p08
569.078547092,647.089176168,78.010629076,Other,random,C5H2O,78.010625790,RC2_0046_ICR-3_p08
367.066841034,445.077470109,78.010629076,Other,random,C5H2O,78.010625790,RC2_0046_ICR-3_p08
427.051574576,505.062203652,78.010629076,Other,random,C5H2O,78.010625790,RC2_0046_ICR-3_p08
509.179322187,587.189952263,78.010630076,Other,random,C5H2O,78.010625790,RC2_0046_ICR-3_p08
331.131668472,409.142298548,78.010630076,Other,random,C5H2O,78.010625790,RC2_0046_ICR-3_p08
397.113849573,475.124479649,78.010630076,Other,random,C5H2O,78.010625790,RC2_0046_ICR-3_p08
579.172005275,657.182635351,78.010630076,Other,random,C5H2O,78.010625790,RC2_0046_ICR-3_p08
587.089046691,665.099676767,78.010630076,Other,random,C5H2O,78.010625790,RC2_0046_ICR-3_p08
439.191527078,517.202157154,78.010630076,Other,random,C5H2O,78.010625790,RC2_0046_ICR-3_p08
353.124102179,431.134733255,78.010631076,Other,random,C5H2O,78.010625790,RC2_0046_ICR-3_p08
503.104141958,581.114773034,78.010631076,Other,random,C5H2O,78.010625790,RC2_0046_ICR-3_p08
427.124406267,505.135038343,78.010632076,Other,random,C5H2O,78.010625790,RC2_0046_ICR-3_p08
377.209883006,455.220515082,78.010632076,Other,random,C5H2O,78.010625790,RC2_0046_ICR-3_p08
353.087620334,431.098252410,78.010632076,Other,random,C5H2O,78.010625790,RC2_0046_ICR-3_p08
323.162931276,401.173563352,78.010632076,Other,random,C5H2O,78.010625790,RC2_0046_ICR-3_p08
401.194497263,479.205129339,78.010632076,Other,random,C5H2O,78.010625790,RC2_0046_ICR-3_p08
493.098727401,571.109359477,78.010632076,Other,random,C5H2O,78.010625790,RC2_0046_ICR-3_p08
493.148094192,571.158727268,78.010633076,Other,random,C5H2O,78.010625790,RC2_0046_ICR-3_p08
359.090102871,437.100736947,78.010634076,Other,random,C5H2O,78.010625790,RC2_0046_ICR-3_p08
497.057056610,575.067690686,78.010634076,Other,random,C5H2O,78.010625790,RC2_0046_ICR-3_p08
503.205216529,581.215850605,78.010634076,Other,random,C5H2O,78.010625790,RC2_0046_ICR-3_p08
505.184444133,583.195078209,78.010634076,Other,random,C5H2O,78.010625790,RC2_0046_ICR-3_p08
569.114661939,647.125297015,78.010635076,Other,random,C5H2O,78.010625790,RC2_0046_ICR-3_p08
349.105758225,427.116393301,78.010635076,Other,random,C5H2O,78.010625790,RC2_0046_ICR-3_p08
351.121387675,429.132022751,78.010635076,Other,random,C5H2O,78.010625790,RC2_0046_ICR-3_p08
418.041491797,496.073170784,78.031678987,Other,random,C2H6O3,78.031687350,RC2_0046_ICR-3_p08
411.194189844,489.225868830,78.031678987,Other,random,C2H6O3,78.031687350,RC2_0046_ICR-3_p08
445.222822493,523.254501479,78.031678987,Other,random,C2H6O3,78.031687350,RC2_0046_ICR-3_p08
567.200199060,645.231878047,78.031678987,Other,random,C2H6O3,78.031687350,RC2_0046_ICR-3_p08
361.056363530,439.088043517,78.031679987,Other,random,C2H6O3,78.031687350,RC2_0046_ICR-3_p08
357.134214168,435.165894155,78.031679987,Other,random,C2H6O3,78.031687350,RC2_0046_ICR-3_p08
327.050797783,405.082477770,78.031679987,Other,random,C2H6O3,78.031687350,RC2_0046_ICR-3_p08
373.105781416,451.137461403,78.031679987,Other,random,C2H6O3,78.031687350,RC2_0046_ICR-3_p08
421.113886764,499.145566750,78.031679987,Other,random,C2H6O3,78.031687350,RC2_0046_ICR-3_p08
315.014563841,393.046244828,78.031680987,Other,random,C2H6O3,78.031687350,RC2_0046_ICR-3_p08
331.009427991,409.041108977,78.031680987,Other,random,C2H6O3,78.031687350,RC2_0046_ICR-3_p08
507.259938329,585.291619315,78.031680987,Other,random,C2H6O3,78.031687350,RC2_0046_ICR-3_p08
349.142139071,427.173820057,78.031680987,Other,random,C2H6O3,78.031687350,RC2_0046_ICR-3_p08
457.077532205,535.109213191,78.031680987,Other,random,C2H6O3,78.031687350,RC2_0046_ICR-3_p08
285.040394993,363.072076980,78.031681987,Other,random,C2H6O3,78.031687350,RC2_0046_ICR-3_p08
539.205288816,617.236970802,78.031681987,Other,random,C2H6O3,78.031687350,RC2_0046_ICR-3_p08
467.220442178,545.252125165,78.031682987,Other,random,C2H6O3,78.031687350,RC2_0046_ICR-3_p08
349.056393435,427.088076421,78.031682987,Other,random,C2H6O3,78.031687350,RC2_0046_ICR-3_p08
363.035585134,441.067268121,78.031682987,Other,random,C2H6O3,78.031687350,RC2_0046_ICR-3_p08
437.072269068,515.103953054,78.031683987,Other,random,C2H6O3,78.031687350,RC2_0046_ICR-3_p08
591.208376216,669.240060203,78.031683987,Other,random,C2H6O3,78.031687350,RC2_0046_ICR-3_p08
322.106190758,400.137875745,78.031684987,Other,random,C2H6O3,78.031687350,RC2_0046_ICR-3_p08
371.107917891,449.139602878,78.031684987,Other,random,C2H6O3,78.031687350,RC2_0046_ICR-3_p08
409.178559394,487.210244381,78.031684987,Other,random,C2H6O3,78.031687350,RC2_0046_ICR-3_p08
347.149900522,425.181585509,78.031684987,Other,random,C2H6O3,78.031687350,RC2_0046_ICR-3_p08
353.196874871,431.228560857,78.031685987,Other,random,C2H6O3,78.031687350,RC2_0046_ICR-3_p08
357.061348477,435.093034464,78.031685987,Other,random,C2H6O3,78.031687350,RC2_0046_ICR-3_p08
431.220498891,509.252184878,78.031685987,Other,random,C2H6O3,78.031687350,RC2_0046_ICR-3_p08
491.155723644,569.187409630,78.031685987,Other,random,C2H6O3,78.031687350,RC2_0046_ICR-3_p08
445.186636646,523.218322633,78.031685987,Other,random,C2H6O3,78.031687350,RC2_0046_ICR-3_p08
539.083056334,617.114742321,78.031685987,Other,random,C2H6O3,78.031687350,RC2_0046_ICR-3_p08
329.066555232,407.098242219,78.031686987,Other,random,C2H6O3,78.031687350,RC2_0046_ICR-3_p08
515.278014316,593.309701302,78.031686987,Other,random,C2H6O3,78.031687350,RC2_0046_ICR-3_p08
353.079638368,431.111326354,78.031687987,Other,random,C2H6O3,78.031687350,RC2_0046_ICR-3_p08
413.051198966,491.082886953,78.031687987,Other,random,C2H6O3,78.031687350,RC2_0046_ICR-3_p08
471.215352231,549.247040218,78.031687987,Other,random,C2H6O3,78.031687350,RC2_0046_ICR-3_p08
401.100698661,479.132386647,78.031687987,Other,random,C2H6O3,78.031687350,RC2_0046_ICR-3_p08
457.186738741,535.218427728,78.031688987,Other,random,C2H6O3,78.031687350,RC2_0046_ICR-3_p08
331.045749836,409.077438823,78.031688987,Other,random,C2H6O3,78.031687350,RC2_0046_ICR-3_p08
493.163441127,571.195130113,78.031688987,Other,random,C2H6O3,78.031687350,RC2_0046_ICR-3_p08
313.157426719,391.189115706,78.031688987,Other,random,C2H6O3,78.031687350,RC2_0046_ICR-3_p08
393.118996519,471.150686506,78.031689986,Other,random,C2H6O3,78.031687350,RC2_0046_ICR-3_p08
449.145106854,527.176796841,78.031689986,Other,random,C2H6O3,78.031687350,RC2_0046_ICR-3_p08
471.129530596,549.161221582,78.031690986,Other,random,C2H6O3,78.031687350,RC2_0046_ICR-3_p08
285.126140629,363.157831616,78.031690986,Other,random,C2H6O3,78.031687350,RC2_0046_ICR-3_p08
303.160082129,381.191773115,78.031690986,Other,random,C2H6O3,78.031687350,RC2_0046_ICR-3_p08
337.019969494,415.051660480,78.031690986,Other,random,C2H6O3,78.031687350,RC2_0046_ICR-3_p08
383.053812216,461.085503203,78.031690986,Other,random,C2H6O3,78.031687350,RC2_0046_ICR-3_p08
389.064309719,467.096000706,78.031690986,Other,random,C2H6O3,78.031687350,RC2_0046_ICR-3_p08
397.019855972,475.051546958,78.031690986,Other,random,C2H6O3,78.031687350,RC2_0046_ICR-3_p08
355.045688028,433.077380014,78.031691986,Other,random,C2H6O3,78.031687350,RC2_0046_ICR-3_p08
407.184092855,485.215784841,78.031691986,Other,random,C2H6O3,78.031687350,RC2_0046_ICR-3_p08
337.129139030,415.160831017,78.031691986,Other,random,C2H6O3,78.031687350,RC2_0046_ICR-3_p08
357.110821267,435.142513254,78.031691986,Other,random,C2H6O3,78.031687350,RC2_0046_ICR-3_p08
365.051172584,443.082864571,78.031691986,Other,random,C2H6O3,78.031687350,RC2_0046_ICR-3_p08
389.173465256,467.205157243,78.031691986,Other,random,C2H6O3,78.031687350,RC2_0046_ICR-3_p08
523.246784512,601.278476499,78.031691986,Other,random,C2H6O3,78.031687350,RC2_0046_ICR-3_p08
450.039211062,528.070904048,78.031692986,Other,random,C2H6O3,78.031687350,RC2_0046_ICR-3_p08
463.210085190,541.241778177,78.031692986,Other,random,C2H6O3,78.031687350,RC2_0046_ICR-3_p08
519.041591351,597.073284337,78.031692986,Other,random,C2H6O3,78.031687350,RC2_0046_ICR-3_p08
525.225938116,603.257631103,78.031692986,Other,random,C2H6O3,78.031687350,RC2_0046_ICR-3_p08
351.144815575,429.176508562,78.031692986,Other,random,C2H6O3,78.031687350,RC2_0046_ICR-3_p08
269.131227480,347.162921467,78.031693986,Other,random,C2H6O3,78.031687350,RC2_0046_ICR-3_p08
439.088043517,517.119737503,78.031693986,Other,random,C2H6O3,78.031687350,RC2_0046_ICR-3_p08
471.251820077,549.283515063,78.031694986,Other,random,C2H6O3,78.031687350,RC2_0046_ICR-3_p08
472.059939649,550.091634635,78.031694986,Other,random,C2H6O3,78.031687350,RC2_0046_ICR-3_p08
359.090102871,437.121797858,78.031694986,Other,random,C2H6O3,78.031687350,RC2_0046_ICR-3_p08
485.158281085,563.189976072,78.031694986,Other,random,C2H6O3,78.031687350,RC2_0046_ICR-3_p08
443.025449814,521.057145801,78.031695986,Other,random,C2H6O3,78.031687350,RC2_0046_ICR-3_p08
353.014920642,431.046616629,78.031695986,Other,random,C2H6O3,78.031687350,RC2_0046_ICR-3_p08
379.103200975,457.134896961,78.031695986,Other,random,C2H6O3,78.031687350,RC2_0046_ICR-3_p08
381.046223732,459.077919719,78.031695986,Other,random,C2H6O3,78.031687350,RC2_0046_ICR-3_p08
439.080046551,517.111742537,78.031695986,Other,random,C2H6O3,78.031687350,RC2_0046_ICR-3_p08
319.009424895,397.041121882,78.031696986,Other,random,C2H6O3,78.031687350,RC2_0046_ICR-3_p08
347.113414677,425.145111663,78.031696986,Other,random,C2H6O3,78.031687350,RC2_0046_ICR-3_p08
463.173775344,541.208145319,78.034369975,Other,random,C5H4N1,78.034374000,RC2_0046_ICR-3_p08
487.064718998,565.099092973,78.034373975,Other,random,C5H4N1,78.034374000,RC2_0046_ICR-3_p08
447.069611659,525.103986634,78.034374975,Other,random,C5H4N1,78.034374000,RC2_0046_ICR-3_p08
633.195563105,711.229943080,78.034379975,Other,random,C5H4N1,78.034374000,RC2_0046_ICR-3_p08
303.100446382,382.049429477,78.948983095,Other,random,H_1O3S1,78.948992000,RC2_0046_ICR-3_p08
377.137127315,456.086114410,78.948987095,Other,random,H_1O3S1,78.948992000,RC2_0046_ICR-3_p08
407.111211164,486.060199259,78.948988095,Other,random,H_1O3S1,78.948992000,RC2_0046_ICR-3_p08
423.178972004,502.127962099,78.948990095,Other,random,H_1O3S1,78.948992000,RC2_0046_ICR-3_p08
317.079713081,396.028713176,78.949000095,Other,random,H_1O3S1,78.948992000,RC2_0046_ICR-3_p08
490.265529420,569.224031475,78.958502055,Other,random,O3P1,78.958508000,RC2_0046_ICR-3_p08
548.141302909,627.099809963,78.958507055,Other,random,O3P1,78.958508000,RC2_0046_ICR-3_p08
590.115551852,669.074061907,78.958510055,Other,random,O3P1,78.958508000,RC2_0046_ICR-3_p08
518.130231217,597.088745272,78.958514055,Other,random,O3P1,78.958508000,RC2_0046_ICR-3_p08
580.130979207,659.089494262,78.958515055,Other,random,O3P1,78.958508000,RC2_0046_ICR-3_p08
257.103127504,336.145318204,79.042190700,Other,random,C5H5N1,79.042199000,RC2_0046_ICR-3_p08
357.082591387,436.124782087,79.042190700,Other,random,C5H5N1,79.042199000,RC2_0046_ICR-3_p08
437.035894222,516.078087922,79.042193700,Other,random,C5H5N1,79.042199000,RC2_0046_ICR-3_p08
313.056432148,392.098628848,79.042196700,Other,random,C5H5N1,79.042199000,RC2_0046_ICR-3_p08
317.124150892,396.166347592,79.042196700,Other,random,C5H5N1,79.042199000,RC2_0046_ICR-3_p08
325.092731089,404.134936789,79.042205700,Other,random,C5H5N1,79.042199000,RC2_0046_ICR-3_p08
224.056505689,303.098712389,79.042206700,Other,random,C5H5N1,79.042199000,RC2_0046_ICR-3_p08
349.092643281,429.049455101,79.956811820,Other,random,sulfate (-H2O),79.956815720,RC2_0046_ICR-3_p08
223.097665756,303.054482577,79.956816820,Other,random,sulfate (-H2O),79.956815720,RC2_0046_ICR-3_p08
387.175505732,467.132325552,79.956819820,Other,random,sulfate (-H2O),79.956815720,RC2_0046_ICR-3_p08
361.129067222,441.085890042,79.956822820,Other,random,sulfate (-H2O),79.956815720,RC2_0046_ICR-3_p08
349.092643281,429.049455101,79.956811820,Other,random,O3S1,79.956817000,RC2_0046_ICR-3_p08
223.097665756,303.054482577,79.956816820,Other,random,O3S1,79.956817000,RC2_0046_ICR-3_p08
387.175505732,467.132325552,79.956819820,Other,random,O3S1,79.956817000,RC2_0046_ICR-3_p08
361.129067222,441.085890042,79.956822820,Other,random,O3S1,79.956817000,RC2_0046_ICR-3_p08
431.207465947,511.173789726,79.966323780,Other,random,phosphate,79.966332360,RC2_0046_ICR-3_p08
535.182122882,615.148447662,79.966324780,Other,random,phosphate,79.966332360,RC2_0046_ICR-3_p08
343.176151379,423.142477159,79.966325780,Other,random,phosphate,79.966332360,RC2_0046_ICR-3_p08
499.181971596,579.148297376,79.966325780,Other,random,phosphate,79.966332360,RC2_0046_ICR-3_p08
239.128947751,319.095273531,79.966325780,Other,random,phosphate,79.966332360,RC2_0046_ICR-3_p08
269.103117600,349.069444379,79.966326780,Other,random,phosphate,79.966332360,RC2_0046_ICR-3_p08
265.071784701,345.038112480,79.966327780,Other,random,phosphate,79.966332360,RC2_0046_ICR-3_p08
321.061516190,401.027843970,79.966327780,Other,random,phosphate,79.966332360,RC2_0046_ICR-3_p08
333.170599823,413.136928602,79.966328780,Other,random,phosphate,79.966332360,RC2_0046_ICR-3_p08
561.270440214,641.236768994,79.966328780,Other,random,phosphate,79.966332360,RC2_0046_ICR-3_p08
249.149643243,329.115972023,79.966328780,Other,random,phosphate,79.966332360,RC2_0046_ICR-3_p08
237.076947456,317.043276236,79.966328780,Other,random,phosphate,79.966332360,RC2_0046_ICR-3_p08
320.113946210,400.080275989,79.966329780,Other,random,phosphate,79.966332360,RC2_0046_ICR-3_p08
391.139715916,471.106045695,79.966329780,Other,random,phosphate,79.966332360,RC2_0046_ICR-3_p08
301.108103833,381.074433613,79.966329780,Other,random,phosphate,79.966332360,RC2_0046_ICR-3_p08
255.087467054,335.053797834,79.966330780,Other,random,phosphate,79.966332360,RC2_0046_ICR-3_p08
314.161025462,394.127357242,79.966331780,Other,random,phosphate,79.966332360,RC2_0046_ICR-3_p08
509.275429779,589.241761559,79.966331780,Other,random,phosphate,79.966332360,RC2_0046_ICR-3_p08
247.097626948,327.063959727,79.966332780,Other,random,phosphate,79.966332360,RC2_0046_ICR-3_p08
391.212704606,471.179039386,79.966334780,Other,random,phosphate,79.966332360,RC2_0046_ICR-3_p08
401.254381009,481.220715788,79.966334780,Other,random,phosphate,79.966332360,RC2_0046_ICR-3_p08
279.123766092,359.090102871,79.966336780,Other,random,phosphate,79.966332360,RC2_0046_ICR-3_p08
243.087497959,323.053835738,79.966337780,Other,random,phosphate,79.966332360,RC2_0046_ICR-3_p08
281.139504541,361.105842320,79.966337780,Other,random,phosphate,79.966332360,RC2_0046_ICR-3_p08
369.118926329,449.085265108,79.966338780,Other,random,phosphate,79.966332360,RC2_0046_ICR-3_p08
253.108192451,333.074532230,79.966339780,Other,random,phosphate,79.966332360,RC2_0046_ICR-3_p08
277.108173642,357.074513421,79.966339780,Other,random,phosphate,79.966332360,RC2_0046_ICR-3_p08
283.082288299,363.048628079,79.966339780,Other,random,phosphate,79.966332360,RC2_0046_ICR-3_p08
331.212604129,411.178943908,79.966339780,Other,random,phosphate,79.966332360,RC2_0046_ICR-3_p08
231.123898709,311.090239489,79.966340780,Other,random,phosphate,79.966332360,RC2_0046_ICR-3_p08
303.123699283,383.090040063,79.966340780,Other,random,phosphate,79.966332360,RC2_0046_ICR-3_p08
241.071853509,321.038195289,79.966341780,Other,random,phosphate,79.966332360,RC2_0046_ICR-3_p08
311.222773926,391.189115706,79.966341780,Other,random,phosphate,79.966332360,RC2_0046_ICR-3_p08
325.129161935,405.095503714,79.966341780,Other,random,phosphate,79.966332360,RC2_0046_ICR-3_p08
253.144546296,333.110888076,79.966341780,Other,random,phosphate,79.966332360,RC2_0046_ICR-3_p08
431.207465947,511.173789726,79.966323780,Other,random,H1O3P1,79.966333000,RC2_0046_ICR-3_p08
535.182122882,615.148447662,79.966324780,Other,random,H1O3P1,79.966333000,RC2_0046_ICR-3_p08
343.176151379,423.142477159,79.966325780,Other,random,H1O3P1,79.966333000,RC2_0046_ICR-3_p08
499.181971596,579.148297376,79.966325780,Other,random,H1O3P1,79.966333000,RC2_0046_ICR-3_p08
239.128947751,319.095273531,79.966325780,Other,random,H1O3P1,79.966333000,RC2_0046_ICR-3_p08
269.103117600,349.069444379,79.966326780,Other,random,H1O3P1,79.966333000,RC2_0046_ICR-3_p08
265.071784701,345.038112480,79.966327780,Other,random,H1O3P1,79.966333000,RC2_0046_ICR-3_p08
321.061516190,401.027843970,79.966327780,Other,random,H1O3P1,79.966333000,RC2_0046_ICR-3_p08
333.170599823,413.136928602,79.966328780,Other,random,H1O3P1,79.966333000,RC2_0046_ICR-3_p08
561.270440214,641.236768994,79.966328780,Other,random,H1O3P1,79.966333000,RC2_0046_ICR-3_p08
249.149643243,329.115972023,79.966328780,Other,random,H1O3P1,79.966333000,RC2_0046_ICR-3_p08
237.076947456,317.043276236,79.966328780,Other,random,H1O3P1,79.966333000,RC2_0046_ICR-3_p08
320.113946210,400.080275989,79.966329780,Other,random,H1O3P1,79.966333000,RC2_0046_ICR-3_p08
391.139715916,471.106045695,79.966329780,Other,random,H1O3P1,79.966333000,RC2_0046_ICR-3_p08
301.108103833,381.074433613,79.966329780,Other,random,H1O3P1,79.966333000,RC2_0046_ICR-3_p08
255.087467054,335.053797834,79.966330780,Other,random,H1O3P1,79.966333000,RC2_0046_ICR-3_p08
314.161025462,394.127357242,79.966331780,Other,random,H1O3P1,79.966333000,RC2_0046_ICR-3_p08
509.275429779,589.241761559,79.966331780,Other,random,H1O3P1,79.966333000,RC2_0046_ICR-3_p08
247.097626948,327.063959727,79.966332780,Other,random,H1O3P1,79.966333000,RC2_0046_ICR-3_p08
391.212704606,471.179039386,79.966334780,Other,random,H1O3P1,79.966333000,RC2_0046_ICR-3_p08
401.254381009,481.220715788,79.966334780,Other,random,H1O3P1,79.966333000,RC2_0046_ICR-3_p08
279.123766092,359.090102871,79.966336780,Other,random,H1O3P1,79.966333000,RC2_0046_ICR-3_p08
243.087497959,323.053835738,79.966337780,Other,random,H1O3P1,79.966333000,RC2_0046_ICR-3_p08
281.139504541,361.105842320,79.966337780,Other,random,H1O3P1,79.966333000,RC2_0046_ICR-3_p08
369.118926329,449.085265108,79.966338780,Other,random,H1O3P1,79.966333000,RC2_0046_ICR-3_p08
253.108192451,333.074532230,79.966339780,Other,random,H1O3P1,79.966333000,RC2_0046_ICR-3_p08
277.108173642,357.074513421,79.966339780,Other,random,H1O3P1,79.966333000,RC2_0046_ICR-3_p08
283.082288299,363.048628079,79.966339780,Other,random,H1O3P1,79.966333000,RC2_0046_ICR-3_p08
331.212604129,411.178943908,79.966339780,Other,random,H1O3P1,79.966333000,RC2_0046_ICR-3_p08
231.123898709,311.090239489,79.966340780,Other,random,H1O3P1,79.966333000,RC2_0046_ICR-3_p08
303.123699283,383.090040063,79.966340780,Other,random,H1O3P1,79.966333000,RC2_0046_ICR-3_p08
241.071853509,321.038195289,79.966341780,Other,random,H1O3P1,79.966333000,RC2_0046_ICR-3_p08
311.222773926,391.189115706,79.966341780,Other,random,H1O3P1,79.966333000,RC2_0046_ICR-3_p08
325.129161935,405.095503714,79.966341780,Other,random,H1O3P1,79.966333000,RC2_0046_ICR-3_p08
253.144546296,333.110888076,79.966341780,Other,random,H1O3P1,79.966333000,RC2_0046_ICR-3_p08
273.097998653,353.064341433,79.966342780,Other,random,H1O3P1,79.966333000,RC2_0046_ICR-3_p08
373.129183317,453.095526097,79.966342780,Other,random,H1O3P1,79.966333000,RC2_0046_ICR-3_p08
355.285394011,435.288102636,80.002708625,Other,random,C1H5O2P1,80.002718000,RC2_0046_ICR-3_p08
273.061628807,353.064341433,80.002712625,Other,random,C1H5O2P1,80.002718000,RC2_0046_ICR-3_p08
305.102952887,385.105665512,80.002712625,Other,random,C1H5O2P1,80.002718000,RC2_0046_ICR-3_p08
393.118996519,473.121709145,80.002712625,Other,random,C1H5O2P1,80.002718000,RC2_0046_ICR-3_p08
511.254716383,591.257430008,80.002713625,Other,random,C1H5O2P1,80.002718000,RC2_0046_ICR-3_p08
257.175886195,337.178601821,80.002715625,Other,random,C1H5O2P1,80.002718000,RC2_0046_ICR-3_p08
278.067049574,358.069765200,80.002715625,Other,random,C1H5O2P1,80.002718000,RC2_0046_ICR-3_p08
267.160205841,347.162921467,80.002715625,Other,random,C1H5O2P1,80.002718000,RC2_0046_ICR-3_p08
291.123821187,371.126536812,80.002715625,Other,random,C1H5O2P1,80.002718000,RC2_0046_ICR-3_p08
233.045607557,313.048325182,80.002717625,Other,random,C1H5O2P1,80.002718000,RC2_0046_ICR-3_p08
243.160213650,323.162931276,80.002717625,Other,random,C1H5O2P1,80.002718000,RC2_0046_ICR-3_p08
247.097626948,327.100344573,80.002717625,Other,random,C1H5O2P1,80.002718000,RC2_0046_ICR-3_p08
273.170756344,353.173473970,80.002717625,Other,random,C1H5O2P1,80.002718000,RC2_0046_ICR-3_p08
261.040534801,341.043253427,80.002718625,Other,random,C1H5O2P1,80.002718000,RC2_0046_ICR-3_p08
325.165597780,405.168317406,80.002719625,Other,random,C1H5O2P1,80.002718000,RC2_0046_ICR-3_p08
317.160496738,397.163217364,80.002720625,Other,random,C1H5O2P1,80.002718000,RC2_0046_ICR-3_p08
369.147203209,449.149923834,80.002720625,Other,random,C1H5O2P1,80.002718000,RC2_0046_ICR-3_p08
239.092551906,319.095273531,80.002721625,Other,random,C1H5O2P1,80.002718000,RC2_0046_ICR-3_p08
285.061602903,365.064324528,80.002721625,Other,random,C1H5O2P1,80.002718000,RC2_0046_ICR-3_p08
287.092570288,367.095291913,80.002721625,Other,random,C1H5O2P1,80.002718000,RC2_0046_ICR-3_p08
267.087477150,347.090198775,80.002721625,Other,random,C1H5O2P1,80.002718000,RC2_0046_ICR-3_p08
375.202306523,455.205029148,80.002722625,Other,random,C1H5O2P1,80.002718000,RC2_0046_ICR-3_p08
231.087516863,311.090239489,80.002722625,Other,random,C1H5O2P1,80.002718000,RC2_0046_ICR-3_p08
238.072137234,318.074860859,80.002723625,Other,random,C1H5O2P1,80.002718000,RC2_0046_ICR-3_p08
305.175747578,385.178471203,80.002723625,Other,random,C1H5O2P1,80.002718000,RC2_0046_ICR-3_p08
321.025120344,401.027843970,80.002723625,Other,random,C1H5O2P1,80.002718000,RC2_0046_ICR-3_p08
278.103313420,358.106038046,80.002724625,Other,random,C1H5O2P1,80.002718000,RC2_0046_ICR-3_p08
319.139735342,399.142459968,80.002724625,Other,random,C1H5O2P1,80.002718000,RC2_0046_ICR-3_p08
329.124093988,409.126819613,80.002725625,Other,random,C1H5O2P1,80.002718000,RC2_0046_ICR-3_p08
255.232918437,335.235644063,80.002725625,Other,random,C1H5O2P1,80.002718000,RC2_0046_ICR-3_p08
333.155391887,413.158117513,80.002725625,Other,random,C1H5O2P1,80.002718000,RC2_0046_ICR-3_p08
301.144433679,381.147160304,80.002726625,Other,random,C1H5O2P1,80.002718000,RC2_0046_ICR-3_p08
367.103365879,447.106093504,80.002727625,Other,random,C1H5O2P1,80.002718000,RC2_0046_ICR-3_p08
519.244417490,599.263009048,80.018591558,Other,random,NA_5,80.018599600,RC2_0046_ICR-3_p08
469.171353902,549.189949460,80.018595558,Other,random,NA_5,80.018599600,RC2_0046_ICR-3_p08
391.124480980,471.150686506,80.026205526,Other,random,C5H4O1,80.026215000,RC2_0046_ICR-3_p08
297.110920789,377.137127315,80.026206526,Other,random,C5H4O1,80.026215000,RC2_0046_ICR-3_p08
467.184204332,547.210410857,80.026206526,Other,random,C5H4O1,80.026215000,RC2_0046_ICR-3_p08
495.272885178,575.299091704,80.026206526,Other,random,C5H4O1,80.026215000,RC2_0046_ICR-3_p08
413.158117513,493.184325038,80.026207526,Other,random,C5H4O1,80.026215000,RC2_0046_ICR-3_p08
525.124930545,605.151138071,80.026207526,Other,random,C5H4O1,80.026215000,RC2_0046_ICR-3_p08
347.098198741,427.124406267,80.026207526,Other,random,C5H4O1,80.026215000,RC2_0046_ICR-3_p08
296.077520173,376.103728699,80.026208526,Other,random,C5H4O1,80.026215000,RC2_0046_ICR-3_p08
313.105893938,393.132102464,80.026208526,Other,random,C5H4O1,80.026215000,RC2_0046_ICR-3_p08
327.144810384,407.171018910,80.026208526,Other,random,C5H4O1,80.026215000,RC2_0046_ICR-3_p08
371.134600778,451.160809304,80.026208526,Other,random,C5H4O1,80.026215000,RC2_0046_ICR-3_p08
377.082072549,457.108281074,80.026208526,Other,random,C5H4O1,80.026215000,RC2_0046_ICR-3_p08
577.047409288,657.073617813,80.026208526,Other,random,C5H4O1,80.026215000,RC2_0046_ICR-3_p08
347.126509621,427.152719147,80.026209526,Other,random,C5H4O1,80.026215000,RC2_0046_ICR-3_p08
407.092654243,487.118863768,80.026209526,Other,random,C5H4O1,80.026215000,RC2_0046_ICR-3_p08
457.163258841,537.189468367,80.026209526,Other,random,C5H4O1,80.026215000,RC2_0046_ICR-3_p08
357.118870233,437.145079759,80.026209526,Other,random,C5H4O1,80.026215000,RC2_0046_ICR-3_p08
375.102817945,455.129027470,80.026209526,Other,random,C5H4O1,80.026215000,RC2_0046_ICR-3_p08
309.134218786,389.160429312,80.026210526,Other,random,C5H4O1,80.026215000,RC2_0046_ICR-3_p08
377.051321679,457.077532205,80.026210526,Other,random,C5H4O1,80.026215000,RC2_0046_ICR-3_p08
497.252258782,577.278469308,80.026210526,Other,random,C5H4O1,80.026215000,RC2_0046_ICR-3_p08
531.062589357,611.088799883,80.026210526,Other,random,C5H4O1,80.026215000,RC2_0046_ICR-3_p08
441.189464602,521.215676128,80.026211526,Other,random,C5H4O1,80.026215000,RC2_0046_ICR-3_p08
459.077919719,539.104131245,80.026211526,Other,random,C5H4O1,80.026215000,RC2_0046_ICR-3_p08
471.187040352,551.213251877,80.026211526,Other,random,C5H4O1,80.026215000,RC2_0046_ICR-3_p08
529.119881598,609.146093124,80.026211526,Other,random,C5H4O1,80.026215000,RC2_0046_ICR-3_p08
587.226300108,667.252511634,80.026211526,Other,random,C5H4O1,80.026215000,RC2_0046_ICR-3_p08
359.090102871,439.116315397,80.026212526,Other,random,C5H4O1,80.026215000,RC2_0046_ICR-3_p08
421.236038246,501.262250771,80.026212526,Other,random,C5H4O1,80.026215000,RC2_0046_ICR-3_p08
369.095614427,449.121826953,80.026212526,Other,random,C5H4O1,80.026215000,RC2_0046_ICR-3_p08
374.080788280,454.107001806,80.026213526,Other,random,C5H4O1,80.026215000,RC2_0046_ICR-3_p08
429.176508562,509.202722088,80.026213526,Other,random,C5H4O1,80.026215000,RC2_0046_ICR-3_p08
481.098586306,561.124799832,80.026213526,Other,random,C5H4O1,80.026215000,RC2_0046_ICR-3_p08
375.093185986,455.119399511,80.026213526,Other,random,C5H4O1,80.026215000,RC2_0046_ICR-3_p08
379.079953073,459.106166599,80.026213526,Other,random,C5H4O1,80.026215000,RC2_0046_ICR-3_p08
365.118427299,445.144640824,80.026213526,Other,random,C5H4O1,80.026215000,RC2_0046_ICR-3_p08
423.069787467,503.096000993,80.026213526,Other,random,C5H4O1,80.026215000,RC2_0046_ICR-3_p08
405.113300639,485.139515165,80.026214526,Other,random,C5H4O1,80.026215000,RC2_0046_ICR-3_p08
351.072037884,431.098252410,80.026214526,Other,random,C5H4O1,80.026215000,RC2_0046_ICR-3_p08
315.063982632,395.090198157,80.026215526,Other,random,C5H4O1,80.026215000,RC2_0046_ICR-3_p08
345.155369983,425.181585509,80.026215526,Other,random,C5H4O1,80.026215000,RC2_0046_ICR-3_p08
387.084999116,467.111214641,80.026215526,Other,random,C5H4O1,80.026215000,RC2_0046_ICR-3_p08
364.030858912,444.057074438,80.026215526,Other,random,C5H4O1,80.026215000,RC2_0046_ICR-3_p08
368.033788932,448.060004457,80.026215526,Other,random,C5H4O1,80.026215000,RC2_0046_ICR-3_p08
345.038112480,425.064328006,80.026215526,Other,random,C5H4O1,80.026215000,RC2_0046_ICR-3_p08
469.135005056,549.161221582,80.026216526,Other,random,C5H4O1,80.026215000,RC2_0046_ICR-3_p08
339.144720480,419.170937006,80.026216526,Other,random,C5H4O1,80.026215000,RC2_0046_ICR-3_p08
369.131865274,449.158081799,80.026216526,Other,random,C5H4O1,80.026215000,RC2_0046_ICR-3_p08
595.275816962,675.302033488,80.026216526,Other,random,C5H4O1,80.026215000,RC2_0046_ICR-3_p08
379.116250920,459.142468445,80.026217526,Other,random,C5H4O1,80.026215000,RC2_0046_ICR-3_p08
311.162898180,391.189115706,80.026217526,Other,random,C5H4O1,80.026215000,RC2_0046_ICR-3_p08
321.134232882,401.160450407,80.026217526,Other,random,C5H4O1,80.026215000,RC2_0046_ICR-3_p08
383.170807720,463.197025246,80.026217526,Other,random,C5H4O1,80.026215000,RC2_0046_ICR-3_p08
393.082468674,473.108686200,80.026217526,Other,random,C5H4O1,80.026215000,RC2_0046_ICR-3_p08
647.271512394,727.297729920,80.026217526,Other,random,C5H4O1,80.026215000,RC2_0046_ICR-3_p08
299.126538239,379.152756765,80.026218526,Other,random,C5H4O1,80.026215000,RC2_0046_ICR-3_p08
323.113488485,403.139707011,80.026218526,Other,random,C5H4O1,80.026215000,RC2_0046_ICR-3_p08
401.194497263,481.220715788,80.026218526,Other,random,C5H4O1,80.026215000,RC2_0046_ICR-3_p08
392.098628848,472.124848373,80.026219526,Other,random,C5H4O1,80.026215000,RC2_0046_ICR-3_p08
497.166327146,577.192546672,80.026219526,Other,random,C5H4O1,80.026215000,RC2_0046_ICR-3_p08
533.166243433,613.192462959,80.026219526,Other,random,C5H4O1,80.026215000,RC2_0046_ICR-3_p08
651.156730913,731.182950439,80.026219526,Other,random,C5H4O1,80.026215000,RC2_0046_ICR-3_p08
321.147343826,401.173563352,80.026219526,Other,random,C5H4O1,80.026215000,RC2_0046_ICR-3_p08
707.146711401,787.172931927,80.026220526,Other,random,C5H4O1,80.026215000,RC2_0046_ICR-3_p08
250.035671484,330.061892010,80.026220526,Other,random,C5H4O1,80.026215000,RC2_0046_ICR-3_p08
421.199805399,501.226025925,80.026220526,Other,random,C5H4O1,80.026215000,RC2_0046_ICR-3_p08
535.109213191,615.135433717,80.026220526,Other,random,C5H4O1,80.026215000,RC2_0046_ICR-3_p08
443.155615262,523.181835788,80.026220526,Other,random,C5H4O1,80.026215000,RC2_0046_ICR-3_p08
323.126518430,403.152739956,80.026221526,Other,random,C5H4O1,80.026215000,RC2_0046_ICR-3_p08
305.139318733,385.165540258,80.026221526,Other,random,C5H4O1,80.026215000,RC2_0046_ICR-3_p08
401.137065506,481.163287032,80.026221526,Other,random,C5H4O1,80.026215000,RC2_0046_ICR-3_p08
379.152756765,459.178979290,80.026222526,Other,random,C5H4O1,80.026215000,RC2_0046_ICR-3_p08
395.092647147,475.118869673,80.026222526,Other,random,C5H4O1,80.026215000,RC2_0046_ICR-3_p08
377.087562525,457.113785051,80.026222526,Other,random,C5H4O1,80.026215000,RC2_0046_ICR-3_p08
469.257292538,549.283515063,80.026222526,Other,random,C5H4O1,80.026215000,RC2_0046_ICR-3_p08
419.134552160,499.160774686,80.026222526,Other,random,C5H4O1,80.026215000,RC2_0046_ICR-3_p08
335.134607491,415.160831017,80.026223526,Other,random,C5H4O1,80.026215000,RC2_0046_ICR-3_p08
357.074513421,437.100736947,80.026223526,Other,random,C5H4O1,80.026215000,RC2_0046_ICR-3_p08
415.116292206,495.142515732,80.026223526,Other,random,C5H4O1,80.026215000,RC2_0046_ICR-3_p08
461.093536169,541.119759694,80.026223526,Other,random,C5H4O1,80.026215000,RC2_0046_ICR-3_p08
405.095503714,485.121728240,80.026224526,Other,random,C5H4O1,80.026215000,RC2_0046_ICR-3_p08
347.107888700,427.134113226,80.026224526,Other,random,C5H4O1,80.026215000,RC2_0046_ICR-3_p08
457.171308807,537.197533332,80.026224526,Other,random,C5H4O1,80.026215000,RC2_0046_ICR-3_p08
483.150693601,563.176918127,80.026224526,Other,random,C5H4O1,80.026215000,RC2_0046_ICR-3_p08
677.245313244,757.271537770,80.026224526,Other,random,C5H4O1,80.026215000,RC2_0046_ICR-3_p08
447.186907161,527.213131687,80.026224526,Other,random,C5H4O1,80.026215000,RC2_0046_ICR-3_p08
403.051659385,483.114250756,80.062591371,Other,random,C6H8,80.062600000,RC2_0046_ICR-3_p08
351.194263366,431.256855737,80.062592371,Other,random,C6H8,80.062600000,RC2_0046_ICR-3_p08
361.033077629,441.095670000,80.062592371,Other,random,C6H8,80.062600000,RC2_0046_ICR-3_p08
399.165705869,479.228299240,80.062593371,Other,random,C6H8,80.062600000,RC2_0046_ICR-3_p08
421.150163610,501.212756981,80.062593371,Other,random,C6H8,80.062600000,RC2_0046_ICR-3_p08
423.056822522,503.119415893,80.062593371,Other,random,C6H8,80.062600000,RC2_0046_ICR-3_p08
543.163834023,623.226428395,80.062594371,Other,random,C6H8,80.062600000,RC2_0046_ICR-3_p08
567.062702643,647.125297015,80.062594371,Other,random,C6H8,80.062600000,RC2_0046_ICR-3_p08
375.072046075,455.134640447,80.062594371,Other,random,C6H8,80.062600000,RC2_0046_ICR-3_p08
393.082468674,473.145064046,80.062595371,Other,random,C6H8,80.062600000,RC2_0046_ICR-3_p08
349.056393435,429.118988806,80.062595371,Other,random,C6H8,80.062600000,RC2_0046_ICR-3_p08
501.197535046,581.260130417,80.062595371,Other,random,C6H8,80.062600000,RC2_0046_ICR-3_p08
389.118303490,469.180899862,80.062596371,Other,random,C6H8,80.062600000,RC2_0046_ICR-3_p08
547.158841076,627.221437448,80.062596371,Other,random,C6H8,80.062600000,RC2_0046_ICR-3_p08
379.097644998,459.160242370,80.062597371,Other,random,C6H8,80.062600000,RC2_0046_ICR-3_p08
341.124127084,421.186724455,80.062597371,Other,random,C6H8,80.062600000,RC2_0046_ICR-3_p08
355.103296783,435.165894155,80.062597371,Other,random,C6H8,80.062600000,RC2_0046_ICR-3_p08
381.095437524,461.158034895,80.062597371,Other,random,C6H8,80.062600000,RC2_0046_ICR-3_p08
549.101665835,629.164263206,80.062597371,Other,random,C6H8,80.062600000,RC2_0046_ICR-3_p08
661.177839403,741.240436774,80.062597371,Other,random,C6H8,80.062600000,RC2_0046_ICR-3_p08
447.150534315,527.213131687,80.062597371,Other,random,C6H8,80.062600000,RC2_0046_ICR-3_p08
365.173371066,445.235969437,80.062598371,Other,random,C6H8,80.062600000,RC2_0046_ICR-3_p08
382.049429477,462.112027848,80.062598371,Other,random,C6H8,80.062600000,RC2_0046_ICR-3_p08
525.124930545,605.187528916,80.062598371,Other,random,C6H8,80.062600000,RC2_0046_ICR-3_p08
361.069290475,441.131889847,80.062599371,Other,random,C6H8,80.062600000,RC2_0046_ICR-3_p08
529.119881598,609.182480970,80.062599371,Other,random,C6H8,80.062600000,RC2_0046_ICR-3_p08
321.025120344,401.087719716,80.062599371,Other,random,C6H8,80.062600000,RC2_0046_ICR-3_p08
435.056770618,515.119369989,80.062599371,Other,random,C6H8,80.062600000,RC2_0046_ICR-3_p08
459.041531873,539.104131245,80.062599371,Other,random,C6H8,80.062600000,RC2_0046_ICR-3_p08
513.116938483,593.179537855,80.062599371,Other,random,C6H8,80.062600000,RC2_0046_ICR-3_p08
407.111211164,487.173811535,80.062600371,Other,random,C6H8,80.062600000,RC2_0046_ICR-3_p08
510.060352449,590.122952821,80.062600371,Other,random,C6H8,80.062600000,RC2_0046_ICR-3_p08
691.116018404,771.178619775,80.062601371,Other,random,C6H8,80.062600000,RC2_0046_ICR-3_p08
367.189130515,447.251731886,80.062601371,Other,random,C6H8,80.062600000,RC2_0046_ICR-3_p08
407.134472065,487.197073436,80.062601371,Other,random,C6H8,80.062600000,RC2_0046_ICR-3_p08
449.158081799,529.220683171,80.062601371,Other,random,C6H8,80.062600000,RC2_0046_ICR-3_p08
315.108418443,395.171020815,80.062602371,Other,random,C6H8,80.062600000,RC2_0046_ICR-3_p08
529.111904632,609.174507003,80.062602371,Other,random,C6H8,80.062600000,RC2_0046_ICR-3_p08
353.100656279,433.163258650,80.062602371,Other,random,C6H8,80.062600000,RC2_0046_ICR-3_p08
384.106350751,464.168953123,80.062602371,Other,random,C6H8,80.062600000,RC2_0046_ICR-3_p08
414.112037466,494.174640837,80.062603371,Other,random,C6H8,80.062600000,RC2_0046_ICR-3_p08
415.197027863,495.259631235,80.062603371,Other,random,C6H8,80.062600000,RC2_0046_ICR-3_p08
441.189464602,521.252067974,80.062603371,Other,random,C6H8,80.062600000,RC2_0046_ICR-3_p08
296.041124327,376.103728699,80.062604371,Other,random,C6H8,80.062600000,RC2_0046_ICR-3_p08
395.184015759,475.246620131,80.062604371,Other,random,C6H8,80.062600000,RC2_0046_ICR-3_p08
313.142233784,393.204839155,80.062605371,Other,random,C6H8,80.062600000,RC2_0046_ICR-3_p08
572.169851979,652.232457350,80.062605371,Other,random,C6H8,80.062600000,RC2_0046_ICR-3_p08
523.109276095,603.171882467,80.062606371,Other,random,C6H8,80.062600000,RC2_0046_ICR-3_p08
375.066421099,455.129027470,80.062606371,Other,random,C6H8,80.062600000,RC2_0046_ICR-3_p08
425.267389145,505.329995516,80.062606371,Other,random,C6H8,80.062600000,RC2_0046_ICR-3_p08
327.144810384,407.207416756,80.062606371,Other,random,C6H8,80.062600000,RC2_0046_ICR-3_p08
417.249190158,497.311796529,80.062606371,Other,random,C6H8,80.062600000,RC2_0046_ICR-3_p08
352.030893817,432.093501188,80.062607371,Other,random,C6H8,80.062600000,RC2_0046_ICR-3_p08
415.152816051,495.215423422,80.062607371,Other,random,C6H8,80.062600000,RC2_0046_ICR-3_p08
385.199607114,465.262214485,80.062607371,Other,random,C6H8,80.062600000,RC2_0046_ICR-3_p08
325.092731089,405.155339461,80.062608371,Other,random,C6H8,80.062600000,RC2_0046_ICR-3_p08
349.142139071,429.204747442,80.062608371,Other,random,C6H8,80.062600000,RC2_0046_ICR-3_p08
405.009603079,485.072211450,80.062608371,Other,random,C6H8,80.062600000,RC2_0046_ICR-3_p08
595.239425116,675.302033488,80.062608371,Other,random,C6H8,80.062600000,RC2_0046_ICR-3_p08
249.113295397,329.175903768,80.062608371,Other,random,C6H8,80.062600000,RC2_0046_ICR-3_p08
449.108775008,529.171383380,80.062608371,Other,random,C6H8,80.062600000,RC2_0046_ICR-3_p08
419.038452568,499.101061939,80.062609371,Other,random,C6H8,80.062600000,RC2_0046_ICR-3_p08
319.058846685,399.121456057,80.062609371,Other,random,C6H8,80.062600000,RC2_0046_ICR-3_p08
469.025924519,549.088533890,80.062609371,Other,random,C6H8,80.062600000,RC2_0046_ICR-3_p08
333.147396921,414.112037466,80.964640545,Other,random,H1O3S1,80.964642000,RC2_0046_ICR-3_p08
357.131919178,438.189762327,81.057843149,Other,random,C5H7N1,81.057849000,RC2_0046_ICR-3_p08
409.041108977,490.098952127,81.057843149,Other,random,C5H7N1,81.057849000,RC2_0046_ICR-3_p08
367.030570187,448.088417337,81.057847149,Other,random,C5H7N1,81.057849000,RC2_0046_ICR-3_p08
238.035718389,319.093567538,81.057849149,Other,random,C5H7N1,81.057849000,RC2_0046_ICR-3_p08
437.108773913,518.166624062,81.057850149,Other,random,C5H7N1,81.057849000,RC2_0046_ICR-3_p08
293.066606945,374.124457095,81.057850149,Other,random,C5H7N1,81.057849000,RC2_0046_ICR-3_p08
255.087467054,336.145318204,81.057851149,Other,random,C5H7N1,81.057849000,RC2_0046_ICR-3_p08
377.051321679,458.109174828,81.057853149,Other,random,C5H7N1,81.057849000,RC2_0046_ICR-3_p08
459.187048256,540.244901405,81.057853149,Other,random,C5H7N1,81.057849000,RC2_0046_ICR-3_p08
393.118996519,474.176851669,81.057855149,Other,random,C5H7N1,81.057849000,RC2_0046_ICR-3_p08
371.129039802,452.186895951,81.057856149,Other,random,C5H7N1,81.057849000,RC2_0046_ICR-3_p08
317.043276236,398.101132385,81.057856149,Other,random,C5H7N1,81.057849000,RC2_0046_ICR-3_p08
383.061812182,464.119670332,81.057858149,Other,random,C5H7N1,81.057849000,RC2_0046_ICR-3_p08
451.015338921,532.109575916,81.094236995,Other,random,C6H11O_1N1,81.094234000,RC2_0046_ICR-3_p08
355.030544092,436.124782087,81.094237995,Other,random,C6H11O_1N1,81.094234000,RC2_0046_ICR-3_p08
295.009489704,376.103728699,81.094238995,Other,random,C6H11O_1N1,81.094234000,RC2_0046_ICR-3_p08
369.046234637,450.140477632,81.094242995,Other,random,C6H11O_1N1,81.094234000,RC2_0046_ICR-3_p08
527.104257149,608.198501144,81.094243995,Other,random,C6H11O_1N1,81.094234000,RC2_0046_ICR-3_p08
383.107904987,465.080369256,81.972464270,Other,random,H2O3S1,81.972467000,RC2_0046_ICR-3_p08
705.167461797,787.172931927,82.005470130,Other,random,C4H2O2,82.005480000,RC2_0046_ICR-3_p08
397.199659209,479.205129339,82.005470130,Other,random,C4H2O2,82.005480000,RC2_0046_ICR-3_p08
411.142624062,493.148094192,82.005470130,Other,random,C4H2O2,82.005480000,RC2_0046_ICR-3_p08
294.098257569,376.103728699,82.005471130,Other,random,C4H2O2,82.005480000,RC2_0046_ICR-3_p08
423.232988775,505.238459904,82.005471130,Other,random,C4H2O2,82.005480000,RC2_0046_ICR-3_p08
431.192009012,513.197481142,82.005472130,Other,random,C4H2O2,82.005480000,RC2_0046_ICR-3_p08
345.097853227,427.103325356,82.005472130,Other,random,C4H2O2,82.005480000,RC2_0046_ICR-3_p08
417.155302556,499.160774686,82.005472130,Other,random,C4H2O2,82.005480000,RC2_0046_ICR-3_p08
423.178972004,505.184444133,82.005472130,Other,random,C4H2O2,82.005480000,RC2_0046_ICR-3_p08
537.247062122,619.252534252,82.005472130,Other,random,C4H2O2,82.005480000,RC2_0046_ICR-3_p08
495.236523333,577.241996462,82.005473130,Other,random,C4H2O2,82.005480000,RC2_0046_ICR-3_p08
375.035579230,457.041052359,82.005473130,Other,random,C4H2O2,82.005480000,RC2_0046_ICR-3_p08
473.194713835,555.200186965,82.005473130,Other,random,C4H2O2,82.005480000,RC2_0046_ICR-3_p08
287.105496233,369.110970362,82.005474130,Other,random,C4H2O2,82.005480000,RC2_0046_ICR-3_p08
433.135094769,515.140568899,82.005474130,Other,random,C4H2O2,82.005480000,RC2_0046_ICR-3_p08
445.199672591,527.205146721,82.005474130,Other,random,C4H2O2,82.005480000,RC2_0046_ICR-3_p08
353.173473970,435.178948099,82.005474130,Other,random,C4H2O2,82.005480000,RC2_0046_ICR-3_p08
357.046081542,439.051555672,82.005474130,Other,random,C4H2O2,82.005480000,RC2_0046_ICR-3_p08
407.074844318,489.080318448,82.005474130,Other,random,C4H2O2,82.005480000,RC2_0046_ICR-3_p08
513.246811932,595.252286062,82.005474130,Other,random,C4H2O2,82.005480000,RC2_0046_ICR-3_p08
609.182480970,691.187955099,82.005474130,Other,random,C4H2O2,82.005480000,RC2_0046_ICR-3_p08
321.134232882,403.139707011,82.005474130,Other,random,C4H2O2,82.005480000,RC2_0046_ICR-3_p08
337.123528054,419.129002184,82.005474130,Other,random,C4H2O2,82.005480000,RC2_0046_ICR-3_p08
397.077311728,479.082786858,82.005475130,Other,random,C4H2O2,82.005480000,RC2_0046_ICR-3_p08
417.082480865,499.087955995,82.005475130,Other,random,C4H2O2,82.005480000,RC2_0046_ICR-3_p08
511.267760328,593.273235457,82.005475130,Other,random,C4H2O2,82.005480000,RC2_0046_ICR-3_p08
633.219059005,715.224535135,82.005476130,Other,random,C4H2O2,82.005480000,RC2_0046_ICR-3_p08
348.121761399,430.127237529,82.005476130,Other,random,C4H2O2,82.005480000,RC2_0046_ICR-3_p08
399.129537022,481.135014152,82.005477130,Other,random,C4H2O2,82.005480000,RC2_0046_ICR-3_p08
319.154973278,401.160450407,82.005477130,Other,random,C4H2O2,82.005480000,RC2_0046_ICR-3_p08
521.179520282,603.184997411,82.005477130,Other,random,C4H2O2,82.005480000,RC2_0046_ICR-3_p08
355.103296783,437.108773913,82.005477130,Other,random,C4H2O2,82.005480000,RC2_0046_ICR-3_p08
369.118926329,451.124403458,82.005477130,Other,random,C4H2O2,82.005480000,RC2_0046_ICR-3_p08
377.196806062,459.202283191,82.005477130,Other,random,C4H2O2,82.005480000,RC2_0046_ICR-3_p08
341.160435930,423.165914059,82.005478130,Other,random,C4H2O2,82.005480000,RC2_0046_ICR-3_p08
331.082208682,413.087686811,82.005478130,Other,random,C4H2O2,82.005480000,RC2_0046_ICR-3_p08
351.157780520,433.163258650,82.005478130,Other,random,C4H2O2,82.005480000,RC2_0046_ICR-3_p08
397.126908518,479.132386647,82.005478130,Other,random,C4H2O2,82.005480000,RC2_0046_ICR-3_p08
468.086155506,550.091634635,82.005479130,Other,random,C4H2O2,82.005480000,RC2_0046_ICR-3_p08
361.105842320,443.111322450,82.005480130,Other,random,C4H2O2,82.005480000,RC2_0046_ICR-3_p08
443.241664897,525.247145027,82.005480130,Other,random,C4H2O2,82.005480000,RC2_0046_ICR-3_p08
239.067418012,321.072898142,82.005480130,Other,random,C4H2O2,82.005480000,RC2_0046_ICR-3_p08
339.108406634,421.113886764,82.005480130,Other,random,C4H2O2,82.005480000,RC2_0046_ICR-3_p08
401.194497263,483.199977392,82.005480130,Other,random,C4H2O2,82.005480000,RC2_0046_ICR-3_p08
310.093147718,392.098628848,82.005481130,Other,random,C4H2O2,82.005480000,RC2_0046_ICR-3_p08
343.168094413,425.173575543,82.005481130,Other,random,C4H2O2,82.005480000,RC2_0046_ICR-3_p08
475.088059803,557.093540933,82.005481130,Other,random,C4H2O2,82.005480000,RC2_0046_ICR-3_p08
507.272956274,589.278437403,82.005481130,Other,random,C4H2O2,82.005480000,RC2_0046_ICR-3_p08
495.163618642,577.169099772,82.005481130,Other,random,C4H2O2,82.005480000,RC2_0046_ICR-3_p08
363.157831616,445.163313745,82.005482130,Other,random,C4H2O2,82.005480000,RC2_0046_ICR-3_p08
395.220362605,477.225844735,82.005482130,Other,random,C4H2O2,82.005480000,RC2_0046_ICR-3_p08
425.194589453,507.200071583,82.005482130,Other,random,C4H2O2,82.005480000,RC2_0046_ICR-3_p08
457.041052359,539.046534489,82.005482130,Other,random,C4H2O2,82.005480000,RC2_0046_ICR-3_p08
393.118996519,475.124479649,82.005483130,Other,random,C4H2O2,82.005480000,RC2_0046_ICR-3_p08
423.215300850,505.220783979,82.005483130,Other,random,C4H2O2,82.005480000,RC2_0046_ICR-3_p08
431.165408125,513.170891254,82.005483130,Other,random,C4H2O2,82.005480000,RC2_0046_ICR-3_p08
535.231487673,617.236970802,82.005483130,Other,random,C4H2O2,82.005480000,RC2_0046_ICR-3_p08
341.100522184,423.106006313,82.005484130,Other,random,C4H2O2,82.005480000,RC2_0046_ICR-3_p08
333.134293977,415.139778106,82.005484130,Other,random,C4H2O2,82.005480000,RC2_0046_ICR-3_p08
579.281150812,661.286634942,82.005484130,Other,random,C4H2O2,82.005480000,RC2_0046_ICR-3_p08
380.062259907,462.067744036,82.005484130,Other,random,C4H2O2,82.005480000,RC2_0046_ICR-3_p08
431.155737166,513.161221295,82.005484130,Other,random,C4H2O2,82.005480000,RC2_0046_ICR-3_p08
549.161221582,631.166705712,82.005484130,Other,random,C4H2O2,82.005480000,RC2_0046_ICR-3_p08
351.102776754,433.108261883,82.005485130,Other,random,C4H2O2,82.005480000,RC2_0046_ICR-3_p08
443.134565351,525.140050481,82.005485130,Other,random,C4H2O2,82.005480000,RC2_0046_ICR-3_p08
453.262253389,535.267738519,82.005485130,Other,random,C4H2O2,82.005480000,RC2_0046_ICR-3_p08
375.072046075,457.077532205,82.005486129,Other,random,C4H2O2,82.005480000,RC2_0046_ICR-3_p08
409.150237514,491.155723644,82.005486129,Other,random,C4H2O2,82.005480000,RC2_0046_ICR-3_p08
557.260455225,639.265941354,82.005486129,Other,random,C4H2O2,82.005480000,RC2_0046_ICR-3_p08
282.061907628,364.067393757,82.005486129,Other,random,C4H2O2,82.005480000,RC2_0046_ICR-3_p08
363.035585134,445.041071264,82.005486129,Other,random,C4H2O2,82.005480000,RC2_0046_ICR-3_p08
375.093185986,457.098673115,82.005487129,Other,random,C4H2O2,82.005480000,RC2_0046_ICR-3_p08
511.254716383,593.260203512,82.005487129,Other,random,C4H2O2,82.005480000,RC2_0046_ICR-3_p08
543.135541143,625.141028273,82.005487129,Other,random,C4H2O2,82.005480000,RC2_0046_ICR-3_p08
427.197233958,509.202722088,82.005488129,Other,random,C4H2O2,82.005480000,RC2_0046_ICR-3_p08
335.113467581,417.118955711,82.005488129,Other,random,C4H2O2,82.005480000,RC2_0046_ICR-3_p08
489.176535039,571.182023169,82.005488129,Other,random,C4H2O2,82.005480000,RC2_0046_ICR-3_p08
523.072780250,605.078268380,82.005488129,Other,random,C4H2O2,82.005480000,RC2_0046_ICR-3_p08
309.055853118,391.061341248,82.005488129,Other,random,C4H2O2,82.005480000,RC2_0046_ICR-3_p08
353.154830049,435.160318178,82.005488129,Other,random,C4H2O2,82.005480000,RC2_0046_ICR-3_p08
379.175978666,461.181466796,82.005488129,Other,random,C4H2O2,82.005480000,RC2_0046_ICR-3_p08
493.062202556,575.067690686,82.005488129,Other,random,C4H2O2,82.005480000,RC2_0046_ICR-3_p08
362.088018154,444.093507283,82.005489129,Other,random,C4H2O2,82.005480000,RC2_0046_ICR-3_p08
311.090239489,393.132102464,82.041862975,Other,random,C5H6O1,82.041872350,RC2_0046_ICR-3_p08
389.087667620,471.129530596,82.041862975,Other,random,C5H6O1,82.041872350,RC2_0046_ICR-3_p08
417.113388734,499.155251709,82.041862975,Other,random,C5H6O1,82.041872350,RC2_0046_ICR-3_p08
345.155369983,427.197233958,82.041863975,Other,random,C5H6O1,82.041872350,RC2_0046_ICR-3_p08
349.178634916,431.220498891,82.041863975,Other,random,C5H6O1,82.041872350,RC2_0046_ICR-3_p08
371.098111933,453.139975908,82.041863975,Other,random,C5H6O1,82.041872350,RC2_0046_ICR-3_p08
395.098140124,477.140004099,82.041863975,Other,random,C5H6O1,82.041872350,RC2_0046_ICR-3_p08
425.108641818,507.150505793,82.041863975,Other,random,C5H6O1,82.041872350,RC2_0046_ICR-3_p08
361.056363530,443.098228505,82.041864975,Other,random,C5H6O1,82.041872350,RC2_0046_ICR-3_p08
365.087635429,447.129500405,82.041864975,Other,random,C5H6O1,82.041872350,RC2_0046_ICR-3_p08
379.066941129,461.108806104,82.041864975,Other,random,C5H6O1,82.041872350,RC2_0046_ICR-3_p08
387.129488927,469.171353902,82.041864975,Other,random,C5H6O1,82.041872350,RC2_0046_ICR-3_p08
441.189464602,523.231330578,82.041865975,Other,random,C5H6O1,82.041872350,RC2_0046_ICR-3_p08
523.072780250,605.114646225,82.041865975,Other,random,C5H6O1,82.041872350,RC2_0046_ICR-3_p08
343.079748788,425.121614763,82.041865975,Other,random,C5H6O1,82.041872350,RC2_0046_ICR-3_p08
315.100302478,397.142169453,82.041866975,Other,random,C5H6O1,82.041872350,RC2_0046_ICR-3_p08
371.134600778,453.176467753,82.041866975,Other,random,C5H6O1,82.041872350,RC2_0046_ICR-3_p08
407.061756374,489.103623349,82.041866975,Other,random,C5H6O1,82.041872350,RC2_0046_ICR-3_p08
309.097848940,391.139715916,82.041866975,Other,random,C5H6O1,82.041872350,RC2_0046_ICR-3_p08
503.177156648,585.219023623,82.041866975,Other,random,C5H6O1,82.041872350,RC2_0046_ICR-3_p08
541.192755385,623.234623360,82.041867975,Other,random,C5H6O1,82.041872350,RC2_0046_ICR-3_p08
473.230952681,555.272820656,82.041867975,Other,random,C5H6O1,82.041872350,RC2_0046_ICR-3_p08
363.108305826,445.150173801,82.041867975,Other,random,C5H6O1,82.041872350,RC2_0046_ICR-3_p08
363.121444770,445.163313745,82.041868975,Other,random,C5H6O1,82.041872350,RC2_0046_ICR-3_p08
331.131668472,413.173537447,82.041868975,Other,random,C5H6O1,82.041872350,RC2_0046_ICR-3_p08
507.236568428,589.278437403,82.041868975,Other,random,C5H6O1,82.041872350,RC2_0046_ICR-3_p08
321.191834637,403.233703612,82.041868975,Other,random,C5H6O1,82.041872350,RC2_0046_ICR-3_p08
354.046584266,436.088453241,82.041868975,Other,random,C5H6O1,82.041872350,RC2_0046_ICR-3_p08
391.097675094,473.139544069,82.041868975,Other,random,C5H6O1,82.041872350,RC2_0046_ICR-3_p08
419.056244492,501.098113468,82.041868975,Other,random,C5H6O1,82.041872350,RC2_0046_ICR-3_p08
250.035671484,332.077541460,82.041869975,Other,random,C5H6O1,82.041872350,RC2_0046_ICR-3_p08
559.203220983,641.245090959,82.041869975,Other,random,C5H6O1,82.041872350,RC2_0046_ICR-3_p08
487.145539655,569.187409630,82.041869975,Other,random,C5H6O1,82.041872350,RC2_0046_ICR-3_p08
351.121387675,433.163258650,82.041870975,Other,random,C5H6O1,82.041872350,RC2_0046_ICR-3_p08
348.072460608,430.114331584,82.041870975,Other,random,C5H6O1,82.041872350,RC2_0046_ICR-3_p08
462.103958882,544.145829858,82.041870975,Other,random,C5H6O1,82.041872350,RC2_0046_ICR-3_p08
513.153287329,595.195159304,82.041871975,Other,random,C5H6O1,82.041872350,RC2_0046_ICR-3_p08
333.097906131,415.139778106,82.041871975,Other,random,C5H6O1,82.041872350,RC2_0046_ICR-3_p08
403.079856265,485.121728240,82.041871975,Other,random,C5H6O1,82.041872350,RC2_0046_ICR-3_p08
431.046616629,513.088488604,82.041871975,Other,random,C5H6O1,82.041872350,RC2_0046_ICR-3_p08
419.220378796,501.262250771,82.041871975,Other,random,C5H6O1,82.041872350,RC2_0046_ICR-3_p08
319.139735342,401.181608317,82.041872975,Other,random,C5H6O1,82.041872350,RC2_0046_ICR-3_p08
383.098106028,465.139979003,82.041872975,Other,random,C5H6O1,82.041872350,RC2_0046_ICR-3_p08
313.048325182,395.090198157,82.041872975,Other,random,C5H6O1,82.041872350,RC2_0046_ICR-3_p08
401.137065506,483.178938481,82.041872975,Other,random,C5H6O1,82.041872350,RC2_0046_ICR-3_p08
424.088423146,506.130297121,82.041873975,Other,random,C5H6O1,82.041872350,RC2_0046_ICR-3_p08
351.085089829,433.126963804,82.041873975,Other,random,C5H6O1,82.041872350,RC2_0046_ICR-3_p08
319.131689376,401.173563352,82.041873975,Other,random,C5H6O1,82.041872350,RC2_0046_ICR-3_p08
433.150267705,515.192141680,82.041873975,Other,random,C5H6O1,82.041872350,RC2_0046_ICR-3_p08
447.150534315,529.192408291,82.041873975,Other,random,C5H6O1,82.041872350,RC2_0046_ICR-3_p08
547.122388231,629.164263206,82.041874975,Other,random,C5H6O1,82.041872350,RC2_0046_ICR-3_p08
337.105749130,419.147624105,82.041874975,Other,random,C5H6O1,82.041872350,RC2_0046_ICR-3_p08
397.126908518,479.168784493,82.041875975,Other,random,C5H6O1,82.041872350,RC2_0046_ICR-3_p08
419.098056315,501.139932290,82.041875975,Other,random,C5H6O1,82.041872350,RC2_0046_ICR-3_p08
567.208328026,649.250204001,82.041875975,Other,random,C5H6O1,82.041872350,RC2_0046_ICR-3_p08
465.212909694,547.254785669,82.041875975,Other,random,C5H6O1,82.041872350,RC2_0046_ICR-3_p08
517.026045901,599.067921876,82.041875975,Other,random,C5H6O1,82.041872350,RC2_0046_ICR-3_p08
325.056365244,407.098242219,82.041876975,Other,random,C5H6O1,82.041872350,RC2_0046_ICR-3_p08
389.145163376,471.187040352,82.041876975,Other,random,C5H6O1,82.041872350,RC2_0046_ICR-3_p08
629.115011415,711.156888390,82.041876975,Other,random,C5H6O1,82.041872350,RC2_0046_ICR-3_p08
483.150693601,565.192570576,82.041876975,Other,random,C5H6O1,82.041872350,RC2_0046_ICR-3_p08
327.108359539,409.150237514,82.041877975,Other,random,C5H6O1,82.041872350,RC2_0046_ICR-3_p08
339.066440812,421.108318788,82.041877975,Other,random,C5H6O1,82.041872350,RC2_0046_ICR-3_p08
369.131865274,451.173743249,82.041877975,Other,random,C5H6O1,82.041872350,RC2_0046_ICR-3_p08
639.120735970,721.162614945,82.041878975,Other,random,C5H6O1,82.041872350,RC2_0046_ICR-3_p08
289.157489528,371.199368503,82.041878975,Other,random,C5H6O1,82.041872350,RC2_0046_ICR-3_p08
411.196524834,493.238403809,82.041878975,Other,random,C5H6O1,82.041872350,RC2_0046_ICR-3_p08
395.171020815,477.212899790,82.041878975,Other,random,C5H6O1,82.041872350,RC2_0046_ICR-3_p08
473.194713835,555.236593810,82.041879975,Other,random,C5H6O1,82.041872350,RC2_0046_ICR-3_p08
373.087147495,455.129027470,82.041879975,Other,random,C5H6O1,82.041872350,RC2_0046_ICR-3_p08
377.100588470,459.142468445,82.041879975,Other,random,C5H6O1,82.041872350,RC2_0046_ICR-3_p08
405.076983793,487.118863768,82.041879975,Other,random,C5H6O1,82.041872350,RC2_0046_ICR-3_p08
459.223486101,541.265366077,82.041879975,Other,random,C5H6O1,82.041872350,RC2_0046_ICR-3_p08
542.195608130,624.237489106,82.041880975,Other,random,C5H6O1,82.041872350,RC2_0046_ICR-3_p08
563.031743743,645.073624718,82.041880975,Other,random,C5H6O1,82.041872350,RC2_0046_ICR-3_p08
350.051620213,432.093501188,82.041880975,Other,random,C5H6O1,82.041872350,RC2_0046_ICR-3_p08
359.040742081,441.082623056,82.041880975,Other,random,C5H6O1,82.041872350,RC2_0046_ICR-3_p08
373.105781416,455.147662391,82.041880975,Other,random,C5H6O1,82.041872350,RC2_0046_ICR-3_p08
401.035849936,483.077730911,82.041880975,Other,random,C5H6O1,82.041872350,RC2_0046_ICR-3_p08
509.106683495,591.148564470,82.041880975,Other,random,C5H6O1,82.041872350,RC2_0046_ICR-3_p08
339.084977734,421.126859709,82.041881975,Other,random,C5H6O1,82.041872350,RC2_0046_ICR-3_p08
349.069444379,431.111326354,82.041881975,Other,random,C5H6O1,82.041872350,RC2_0046_ICR-3_p08
327.181293230,409.223175205,82.041881975,Other,random,C5H6O1,82.041872350,RC2_0046_ICR-3_p08
475.124479649,557.166361624,82.041881975,Other,random,C5H6O1,82.041872350,RC2_0046_ICR-3_p08
365.123981275,447.165863250,82.041881975,Other,random,C5H6O1,82.041872350,RC2_0046_ICR-3_p08
431.228560857,513.270442832,82.041881975,Other,random,C5H6O1,82.041872350,RC2_0046_ICR-3_p08
501.052197662,583.094079638,82.041881975,Other,random,C5H6O1,82.041872350,RC2_0046_ICR-3_p08
501.088435509,583.130317484,82.041881975,Other,random,C5H6O1,82.041872350,RC2_0046_ICR-3_p08
430.070460770,512.112342745,82.041881975,Other,random,C5H6O1,82.041872350,RC2_0046_ICR-3_p08
467.074738796,549.161221582,82.086482786,Other,random,C6H9O2P_1,82.086492000,RC2_0046_ICR-3_p08
421.163240555,503.249723340,82.086482786,Other,random,C6H9O2P_1,82.086492000,RC2_0046_ICR-3_p08
505.075342596,587.161826382,82.086483786,Other,random,C6H9O2P_1,82.086492000,RC2_0046_ICR-3_p08
347.053659930,429.140145716,82.086485786,Other,random,C6H9O2P_1,82.086492000,RC2_0046_ICR-3_p08
427.043364611,509.129854397,82.086489786,Other,random,C6H9O2P_1,82.086492000,RC2_0046_ICR-3_p08
599.190184357,681.276675143,82.086490786,Other,random,C6H9O2P_1,82.086492000,RC2_0046_ICR-3_p08
457.126895995,539.213387781,82.086491786,Other,random,C6H9O2P_1,82.086492000,RC2_0046_ICR-3_p08
501.153021235,583.239515021,82.086493786,Other,random,C6H9O2P_1,82.086492000,RC2_0046_ICR-3_p08
555.127522273,637.214016059,82.086493786,Other,random,C6H9O2P_1,82.086492000,RC2_0046_ICR-3_p08
385.105665512,467.192161298,82.086495786,Other,random,C6H9O2P_1,82.086492000,RC2_0046_ICR-3_p08
595.195159304,677.281658090,82.086498786,Other,random,C6H9O2P_1,82.086492000,RC2_0046_ICR-3_p08
453.059200251,535.145700036,82.086499786,Other,random,C6H9O2P_1,82.086492000,RC2_0046_ICR-3_p08
475.064622903,557.151123689,82.086500786,Other,random,C6H9O2P_1,82.086492000,RC2_0046_ICR-3_p08
392.098628848,475.064622903,82.965994055,Other,random,H2N_1O4P1,82.965999000,RC2_0046_ICR-3_p08
270.134653224,353.100656279,82.966003055,Other,random,H2N_1O4P1,82.965999000,RC2_0046_ICR-3_p08
418.150760334,501.116766389,82.966006055,Other,random,H2N_1O4P1,82.965999000,RC2_0046_ICR-3_p08
401.014832025,484.088323624,83.073491599,Other,random,C5H9N1,83.073499000,RC2_0046_ICR-3_p08
349.019999589,432.093501188,83.073501599,Other,random,C5H9N1,83.073499000,RC2_0046_ICR-3_p08
379.030454283,462.103958882,83.073504599,Other,random,C5H9N1,83.073499000,RC2_0046_ICR-3_p08
521.093539646,604.167047245,83.073507599,Other,random,C5H9N1,83.073499000,RC2_0046_ICR-3_p08
309.025120249,392.098628848,83.073508599,Other,random,C5H9N1,83.073499000,RC2_0046_ICR-3_p08
231.087516863,314.161025462,83.073508599,Other,random,C5H9N1,83.073499000,RC2_0046_ICR-3_p08
339.181183326,423.165914059,83.984730733,Other,random,C3O3,83.984739830,RC2_0046_ICR-3_p08
345.025123535,429.009854269,83.984730733,Other,random,C3O3,83.984739830,RC2_0046_ICR-3_p08
423.056822522,507.041553255,83.984730733,Other,random,C3O3,83.984739830,RC2_0046_ICR-3_p08
485.202678897,569.187409630,83.984730733,Other,random,C3O3,83.984739830,RC2_0046_ICR-3_p08
455.119399511,539.104131245,83.984731733,Other,random,C3O3,83.984739830,RC2_0046_ICR-3_p08
351.072037884,435.056770618,83.984732733,Other,random,C3O3,83.984739830,RC2_0046_ICR-3_p08
283.110559179,367.095291913,83.984732733,Other,random,C3O3,83.984739830,RC2_0046_ICR-3_p08
311.077088544,395.061821278,83.984732733,Other,random,C3O3,83.984739830,RC2_0046_ICR-3_p08
351.157780520,435.142513254,83.984732733,Other,random,C3O3,83.984739830,RC2_0046_ICR-3_p08
425.194589453,509.179322187,83.984732733,Other,random,C3O3,83.984739830,RC2_0046_ICR-3_p08
359.126588716,443.111322450,83.984733733,Other,random,C3O3,83.984739830,RC2_0046_ICR-3_p08
377.282567698,461.267301432,83.984733733,Other,random,C3O3,83.984739830,RC2_0046_ICR-3_p08
477.189608888,561.174342622,83.984733733,Other,random,C3O3,83.984739830,RC2_0046_ICR-3_p08
319.154973278,403.139707011,83.984733733,Other,random,C3O3,83.984739830,RC2_0046_ICR-3_p08
375.093185986,459.077919719,83.984733733,Other,random,C3O3,83.984739830,RC2_0046_ICR-3_p08
335.235644063,419.220378796,83.984734733,Other,random,C3O3,83.984739830,RC2_0046_ICR-3_p08
393.046244828,477.030979561,83.984734733,Other,random,C3O3,83.984739830,RC2_0046_ICR-3_p08
407.220360701,491.205095434,83.984734733,Other,random,C3O3,83.984739830,RC2_0046_ICR-3_p08
417.132031655,501.116766389,83.984734733,Other,random,C3O3,83.984739830,RC2_0046_ICR-3_p08
479.132386647,563.117121381,83.984734733,Other,random,C3O3,83.984739830,RC2_0046_ICR-3_p08
579.281150812,663.265885546,83.984734733,Other,random,C3O3,83.984739830,RC2_0046_ICR-3_p08
351.102776754,435.087512487,83.984735733,Other,random,C3O3,83.984739830,RC2_0046_ICR-3_p08
549.210827372,633.195563105,83.984735733,Other,random,C3O3,83.984739830,RC2_0046_ICR-3_p08
319.058846685,403.043582419,83.984735733,Other,random,C3O3,83.984739830,RC2_0046_ICR-3_p08
415.160831017,499.145566750,83.984735733,Other,random,C3O3,83.984739830,RC2_0046_ICR-3_p08
503.205216529,587.189952263,83.984735733,Other,random,C3O3,83.984739830,RC2_0046_ICR-3_p08
381.046223732,465.030959466,83.984735733,Other,random,C3O3,83.984739830,RC2_0046_ICR-3_p08
385.150269323,469.135005056,83.984735733,Other,random,C3O3,83.984739830,RC2_0046_ICR-3_p08
349.092643281,433.077380014,83.984736733,Other,random,C3O3,83.984739830,RC2_0046_ICR-3_p08
383.098106028,467.082842762,83.984736733,Other,random,C3O3,83.984739830,RC2_0046_ICR-3_p08
439.088043517,523.072780250,83.984736733,Other,random,C3O3,83.984739830,RC2_0046_ICR-3_p08
343.118588623,427.103325356,83.984736733,Other,random,C3O3,83.984739830,RC2_0046_ICR-3_p08
397.113849573,481.098586306,83.984736733,Other,random,C3O3,83.984739830,RC2_0046_ICR-3_p08
329.115972023,413.100708756,83.984736733,Other,random,C3O3,83.984739830,RC2_0046_ICR-3_p08
403.152739956,487.137476689,83.984736733,Other,random,C3O3,83.984739830,RC2_0046_ICR-3_p08
333.128651001,417.113388734,83.984737733,Other,random,C3O3,83.984739830,RC2_0046_ICR-3_p08
343.248885070,427.233622804,83.984737733,Other,random,C3O3,83.984739830,RC2_0046_ICR-3_p08
347.116693663,431.101431396,83.984737733,Other,random,C3O3,83.984739830,RC2_0046_ICR-3_p08
373.159911187,457.144648920,83.984737733,Other,random,C3O3,83.984739830,RC2_0046_ICR-3_p08
397.186577264,481.171314998,83.984737733,Other,random,C3O3,83.984739830,RC2_0046_ICR-3_p08
477.176568944,561.161306677,83.984737733,Other,random,C3O3,83.984739830,RC2_0046_ICR-3_p08
340.103685412,424.088423146,83.984737733,Other,random,C3O3,83.984739830,RC2_0046_ICR-3_p08
633.292210695,717.276949429,83.984738733,Other,random,C3O3,83.984739830,RC2_0046_ICR-3_p08
637.287017749,721.271756482,83.984738733,Other,random,C3O3,83.984739830,RC2_0046_ICR-3_p08
309.061506094,393.046244828,83.984738733,Other,random,C3O3,83.984739830,RC2_0046_ICR-3_p08
367.168067604,451.152806338,83.984738733,Other,random,C3O3,83.984739830,RC2_0046_ICR-3_p08
519.272892370,603.257631103,83.984738733,Other,random,C3O3,83.984739830,RC2_0046_ICR-3_p08
531.135487048,615.120226781,83.984739733,Other,random,C3O3,83.984739830,RC2_0046_ICR-3_p08
296.077520173,380.062259907,83.984739733,Other,random,C3O3,83.984739830,RC2_0046_ICR-3_p08
455.155676357,539.140416091,83.984739733,Other,random,C3O3,83.984739830,RC2_0046_ICR-3_p08
351.181154421,435.165894155,83.984739733,Other,random,C3O3,83.984739830,RC2_0046_ICR-3_p08
395.207334661,479.192074394,83.984739733,Other,random,C3O3,83.984739830,RC2_0046_ICR-3_p08
371.090066967,455.074806700,83.984739733,Other,random,C3O3,83.984739830,RC2_0046_ICR-3_p08
537.124989640,621.109730374,83.984740733,Other,random,C3O3,83.984739830,RC2_0046_ICR-3_p08
357.128608192,441.113348925,83.984740733,Other,random,C3O3,83.984739830,RC2_0046_ICR-3_p08
367.066841034,451.051581767,83.984740733,Other,random,C3O3,83.984739830,RC2_0046_ICR-3_p08
399.194197748,483.178938481,83.984740733,Other,random,C3O3,83.984739830,RC2_0046_ICR-3_p08
375.202306523,459.187048256,83.984741733,Other,random,C3O3,83.984739830,RC2_0046_ICR-3_p08
383.207419565,467.192161298,83.984741733,Other,random,C3O3,83.984739830,RC2_0046_ICR-3_p08
389.087667620,473.072409354,83.984741733,Other,random,C3O3,83.984739830,RC2_0046_ICR-3_p08
361.214930858,445.199672591,83.984741733,Other,random,C3O3,83.984739830,RC2_0046_ICR-3_p08
377.124064370,461.108806104,83.984741733,Other,random,C3O3,83.984739830,RC2_0046_ICR-3_p08
313.157426719,397.142169453,83.984742733,Other,random,C3O3,83.984739830,RC2_0046_ICR-3_p08
371.280189160,455.264931894,83.984742733,Other,random,C3O3,83.984739830,RC2_0046_ICR-3_p08
373.069380571,457.054123304,83.984742733,Other,random,C3O3,83.984739830,RC2_0046_ICR-3_p08
379.103200975,463.087943708,83.984742733,Other,random,C3O3,83.984739830,RC2_0046_ICR-3_p08
415.103213261,499.087955995,83.984742733,Other,random,C3O3,83.984739830,RC2_0046_ICR-3_p08
417.118955711,501.103698444,83.984742733,Other,random,C3O3,83.984739830,RC2_0046_ICR-3_p08
425.145111663,509.129854397,83.984742733,Other,random,C3O3,83.984739830,RC2_0046_ICR-3_p08
681.312979989,765.297722722,83.984742733,Other,random,C3O3,83.984739830,RC2_0046_ICR-3_p08
325.056365244,409.041108977,83.984743733,Other,random,C3O3,83.984739830,RC2_0046_ICR-3_p08
369.046234637,453.030979370,83.984744733,Other,random,C3O3,83.984739830,RC2_0046_ICR-3_p08
399.092986177,483.077730911,83.984744733,Other,random,C3O3,83.984739830,RC2_0046_ICR-3_p08
487.145539655,571.130284388,83.984744733,Other,random,C3O3,83.984739830,RC2_0046_ICR-3_p08
369.074455517,453.059200251,83.984744733,Other,random,C3O3,83.984739830,RC2_0046_ICR-3_p08
395.171020815,479.155765548,83.984744733,Other,random,C3O3,83.984739830,RC2_0046_ICR-3_p08
403.066851320,487.051596054,83.984744733,Other,random,C3O3,83.984739830,RC2_0046_ICR-3_p08
387.102684041,471.087429774,83.984745733,Other,random,C3O3,83.984739830,RC2_0046_ICR-3_p08
415.152816051,499.137561784,83.984745733,Other,random,C3O3,83.984739830,RC2_0046_ICR-3_p08
421.236038246,505.220783979,83.984745733,Other,random,C3O3,83.984739830,RC2_0046_ICR-3_p08
477.153172043,561.137917776,83.984745733,Other,random,C3O3,83.984739830,RC2_0046_ICR-3_p08
387.144784862,471.129530596,83.984745733,Other,random,C3O3,83.984739830,RC2_0046_ICR-3_p08
336.072402513,420.057149247,83.984746733,Other,random,C3O3,83.984739830,RC2_0046_ICR-3_p08
355.103296783,439.088043517,83.984746733,Other,random,C3O3,83.984739830,RC2_0046_ICR-3_p08
331.045749836,415.030496570,83.984746733,Other,random,C3O3,83.984739830,RC2_0046_ICR-3_p08
445.186636646,529.171383380,83.984746733,Other,random,C3O3,83.984739830,RC2_0046_ICR-3_p08
519.200250678,603.184997411,83.984746733,Other,random,C3O3,83.984739830,RC2_0046_ICR-3_p08
475.233650186,559.218397919,83.984747733,Other,random,C3O3,83.984739830,RC2_0046_ICR-3_p08
466.098888936,550.083636669,83.984747733,Other,random,C3O3,83.984739830,RC2_0046_ICR-3_p08
519.236543524,603.221291257,83.984747733,Other,random,C3O3,83.984739830,RC2_0046_ICR-3_p08
529.301734827,613.286482560,83.984747733,Other,random,C3O3,83.984739830,RC2_0046_ICR-3_p08
541.208145319,625.192893053,83.984747733,Other,random,C3O3,83.984739830,RC2_0046_ICR-3_p08
331.058887781,415.043635514,83.984747733,Other,random,C3O3,83.984739830,RC2_0046_ICR-3_p08
337.129139030,421.113886764,83.984747733,Other,random,C3O3,83.984739830,RC2_0046_ICR-3_p08
485.312061433,569.296809166,83.984747733,Other,random,C3O3,83.984739830,RC2_0046_ICR-3_p08
493.220757884,577.205505617,83.984747733,Other,random,C3O3,83.984739830,RC2_0046_ICR-3_p08
505.329995516,589.314743249,83.984747733,Other,random,C3O3,83.984739830,RC2_0046_ICR-3_p08
547.218436823,631.203185557,83.984748733,Other,random,C3O3,83.984739830,RC2_0046_ICR-3_p08
371.040630177,455.025378910,83.984748733,Other,random,C3O3,83.984739830,RC2_0046_ICR-3_p08
365.118427299,449.103177032,83.984749733,Other,random,C3O3,83.984739830,RC2_0046_ICR-3_p08
379.152756765,463.137506498,83.984749733,Other,random,C3O3,83.984739830,RC2_0046_ICR-3_p08
345.110818172,429.095567905,83.984749733,Other,random,C3O3,83.984739830,RC2_0046_ICR-3_p08
431.220498891,515.205248625,83.984749733,Other,random,C3O3,83.984739830,RC2_0046_ICR-3_p08
322.129531659,406.150651239,84.021119579,Other,random,acetotacetate (-H2O),84.021129430,RC2_0046_ICR-3_p08
395.025350432,479.046470012,84.021119579,Other,random,acetotacetate (-H2O),84.021129430,RC2_0046_ICR-3_p08
349.142139071,433.163258650,84.021119579,Other,random,acetotacetate (-H2O),84.021129430,RC2_0046_ICR-3_p08
447.093013559,531.114133139,84.021119579,Other,random,acetotacetate (-H2O),84.021129430,RC2_0046_ICR-3_p08
308.077508269,392.098628848,84.021120579,Other,random,acetotacetate (-H2O),84.021129430,RC2_0046_ICR-3_p08
309.110981885,393.132102464,84.021120579,Other,random,acetotacetate (-H2O),84.021129430,RC2_0046_ICR-3_p08
418.041491797,502.062612376,84.021120579,Other,random,acetotacetate (-H2O),84.021129430,RC2_0046_ICR-3_p08
540.216368526,624.237489106,84.021120579,Other,random,acetotacetate (-H2O),84.021129430,RC2_0046_ICR-3_p08
375.121347866,459.142468445,84.021120579,Other,random,acetotacetate (-H2O),84.021129430,RC2_0046_ICR-3_p08
399.108381112,483.129501691,84.021120579,Other,random,acetotacetate (-H2O),84.021129430,RC2_0046_ICR-3_p08
475.155088519,559.176209098,84.021120579,Other,random,acetotacetate (-H2O),84.021129430,RC2_0046_ICR-3_p08
397.069409762,481.090531341,84.021121579,Other,random,acetotacetate (-H2O),84.021129430,RC2_0046_ICR-3_p08
575.213512067,659.234633646,84.021121579,Other,random,acetotacetate (-H2O),84.021129430,RC2_0046_ICR-3_p08
651.120661066,735.141782645,84.021121579,Other,random,acetotacetate (-H2O),84.021129430,RC2_0046_ICR-3_p08
433.113845860,517.134968439,84.021122579,Other,random,acetotacetate (-H2O),84.021129430,RC2_0046_ICR-3_p08
331.045749836,415.066872416,84.021122579,Other,random,acetotacetate (-H2O),84.021129430,RC2_0046_ICR-3_p08
347.134614587,431.155737166,84.021122579,Other,random,acetotacetate (-H2O),84.021129430,RC2_0046_ICR-3_p08
521.057145801,605.078268380,84.021122579,Other,random,acetotacetate (-H2O),84.021129430,RC2_0046_ICR-3_p08
319.240762914,403.261886493,84.021123579,Other,random,acetotacetate (-H2O),84.021129430,RC2_0046_ICR-3_p08
264.051337029,348.072460608,84.021123579,Other,random,acetotacetate (-H2O),84.021129430,RC2_0046_ICR-3_p08
339.139191504,423.160315083,84.021123579,Other,random,acetotacetate (-H2O),84.021129430,RC2_0046_ICR-3_p08
379.139647820,463.160771399,84.021123579,Other,random,acetotacetate (-H2O),84.021129430,RC2_0046_ICR-3_p08
393.082468674,477.103592253,84.021123579,Other,random,acetotacetate (-H2O),84.021129430,RC2_0046_ICR-3_p08
417.168303501,501.189427080,84.021123579,Other,random,acetotacetate (-H2O),84.021129430,RC2_0046_ICR-3_p08
313.201958531,397.223083110,84.021124579,Other,random,acetotacetate (-H2O),84.021129430,RC2_0046_ICR-3_p08
347.199374312,431.220498891,84.021124579,Other,random,acetotacetate (-H2O),84.021129430,RC2_0046_ICR-3_p08
541.062388938,625.083513517,84.021124579,Other,random,acetotacetate (-H2O),84.021129430,RC2_0046_ICR-3_p08
309.025120249,393.046244828,84.021124579,Other,random,acetotacetate (-H2O),84.021129430,RC2_0046_ICR-3_p08
429.285576099,513.306700678,84.021124579,Other,random,acetotacetate (-H2O),84.021129430,RC2_0046_ICR-3_p08
361.050771554,445.071896133,84.021124579,Other,random,acetotacetate (-H2O),84.021129430,RC2_0046_ICR-3_p08
533.093617741,617.114742321,84.021124579,Other,random,acetotacetate (-H2O),84.021129430,RC2_0046_ICR-3_p08
389.108638531,473.129764110,84.021125579,Other,random,acetotacetate (-H2O),84.021129430,RC2_0046_ICR-3_p08
347.207435278,431.228560857,84.021125579,Other,random,acetotacetate (-H2O),84.021129430,RC2_0046_ICR-3_p08
365.123981275,449.145106854,84.021125579,Other,random,acetotacetate (-H2O),84.021129430,RC2_0046_ICR-3_p08
371.126536812,455.147662391,84.021125579,Other,random,acetotacetate (-H2O),84.021129430,RC2_0046_ICR-3_p08
351.121387675,435.142513254,84.021125579,Other,random,acetotacetate (-H2O),84.021129430,RC2_0046_ICR-3_p08
363.266948153,447.288073732,84.021125579,Other,random,acetotacetate (-H2O),84.021129430,RC2_0046_ICR-3_p08
487.254764192,571.275889771,84.021125579,Other,random,acetotacetate (-H2O),84.021129430,RC2_0046_ICR-3_p08
607.166828520,691.187955099,84.021126579,Other,random,acetotacetate (-H2O),84.021129430,RC2_0046_ICR-3_p08
331.118651527,415.139778106,84.021126579,Other,random,acetotacetate (-H2O),84.021129430,RC2_0046_ICR-3_p08
393.241041002,477.262167581,84.021126579,Other,random,acetotacetate (-H2O),84.021129430,RC2_0046_ICR-3_p08
501.088435509,585.109562088,84.021126579,Other,random,acetotacetate (-H2O),84.021129430,RC2_0046_ICR-3_p08
425.173575543,509.194702122,84.021126579,Other,random,acetotacetate (-H2O),84.021129430,RC2_0046_ICR-3_p08
347.090198775,431.111326354,84.021127579,Other,random,acetotacetate (-H2O),84.021129430,RC2_0046_ICR-3_p08
511.210291571,595.231419150,84.021127579,Other,random,acetotacetate (-H2O),84.021129430,RC2_0046_ICR-3_p08
511.218297537,595.239425116,84.021127579,Other,random,acetotacetate (-H2O),84.021129430,RC2_0046_ICR-3_p08
515.155850834,599.176978413,84.021127579,Other,random,acetotacetate (-H2O),84.021129430,RC2_0046_ICR-3_p08
389.145163376,473.166290956,84.021127579,Other,random,acetotacetate (-H2O),84.021129430,RC2_0046_ICR-3_p08
335.126495526,419.147624105,84.021128579,Other,random,acetotacetate (-H2O),84.021129430,RC2_0046_ICR-3_p08
364.140045449,448.161174028,84.021128579,Other,random,acetotacetate (-H2O),84.021129430,RC2_0046_ICR-3_p08
407.061756374,491.082886953,84.021130579,Other,random,acetotacetate (-H2O),84.021129430,RC2_0046_ICR-3_p08
451.051581767,535.072712346,84.021130579,Other,random,acetotacetate (-H2O),84.021129430,RC2_0046_ICR-3_p08
334.020361218,418.041491797,84.021130579,Other,random,acetotacetate (-H2O),84.021129430,RC2_0046_ICR-3_p08
329.066555232,413.087686811,84.021131579,Other,random,acetotacetate (-H2O),84.021129430,RC2_0046_ICR-3_p08
317.051321201,401.072452780,84.021131579,Other,random,acetotacetate (-H2O),84.021129430,RC2_0046_ICR-3_p08
327.144810384,411.165941963,84.021131579,Other,random,acetotacetate (-H2O),84.021129430,RC2_0046_ICR-3_p08
351.108281730,435.129413309,84.021131579,Other,random,acetotacetate (-H2O),84.021129430,RC2_0046_ICR-3_p08
410.072702601,494.093834180,84.021131579,Other,random,acetotacetate (-H2O),84.021129430,RC2_0046_ICR-3_p08
445.186636646,529.207768225,84.021131579,Other,random,acetotacetate (-H2O),84.021129430,RC2_0046_ICR-3_p08
545.179553472,629.200685051,84.021131579,Other,random,acetotacetate (-H2O),84.021129430,RC2_0046_ICR-3_p08
473.072409354,557.093540933,84.021131579,Other,random,acetotacetate (-H2O),84.021129430,RC2_0046_ICR-3_p08
391.061341248,475.082473827,84.021132579,Other,random,acetotacetate (-H2O),84.021129430,RC2_0046_ICR-3_p08
437.217895450,521.239028029,84.021132579,Other,random,acetotacetate (-H2O),84.021129430,RC2_0046_ICR-3_p08
385.199607114,469.220739693,84.021132579,Other,random,acetotacetate (-H2O),84.021129430,RC2_0046_ICR-3_p08
395.098140124,479.119272703,84.021132579,Other,random,acetotacetate (-H2O),84.021129430,RC2_0046_ICR-3_p08
459.202283191,543.223415770,84.021132579,Other,random,acetotacetate (-H2O),84.021129430,RC2_0046_ICR-3_p08
621.109730374,705.130862953,84.021132579,Other,random,acetotacetate (-H2O),84.021129430,RC2_0046_ICR-3_p08
373.056398626,457.077532205,84.021133579,Other,random,acetotacetate (-H2O),84.021129430,RC2_0046_ICR-3_p08
373.087147495,457.108281074,84.021133579,Other,random,acetotacetate (-H2O),84.021129430,RC2_0046_ICR-3_p08
491.155723644,575.176857223,84.021133579,Other,random,acetotacetate (-H2O),84.021129430,RC2_0046_ICR-3_p08
327.108359539,411.129493118,84.021133579,Other,random,acetotacetate (-H2O),84.021129430,RC2_0046_ICR-3_p08
395.220362605,479.241497184,84.021134579,Other,random,acetotacetate (-H2O),84.021129430,RC2_0046_ICR-3_p08
497.275378684,581.296513263,84.021134579,Other,random,acetotacetate (-H2O),84.021129430,RC2_0046_ICR-3_p08
423.093130368,507.114264947,84.021134579,Other,random,acetotacetate (-H2O),84.021129430,RC2_0046_ICR-3_p08
455.205029148,539.226163727,84.021134579,Other,random,acetotacetate (-H2O),84.021129430,RC2_0046_ICR-3_p08
296.041124327,380.062259907,84.021135579,Other,random,acetotacetate (-H2O),84.021129430,RC2_0046_ICR-3_p08
345.097853227,429.118988806,84.021135579,Other,random,acetotacetate (-H2O),84.021129430,RC2_0046_ICR-3_p08
373.186690073,457.207825652,84.021135579,Other,random,acetotacetate (-H2O),84.021129430,RC2_0046_ICR-3_p08
377.064367624,461.085503203,84.021135579,Other,random,acetotacetate (-H2O),84.021129430,RC2_0046_ICR-3_p08
393.076965698,477.098102277,84.021136579,Other,random,acetotacetate (-H2O),84.021129430,RC2_0046_ICR-3_p08
425.181585509,509.202722088,84.021136579,Other,random,acetotacetate (-H2O),84.021129430,RC2_0046_ICR-3_p08
381.191773115,465.212909694,84.021136579,Other,random,acetotacetate (-H2O),84.021129430,RC2_0046_ICR-3_p08
403.043582419,487.064718998,84.021136579,Other,random,acetotacetate (-H2O),84.021129430,RC2_0046_ICR-3_p08
449.145106854,533.166243433,84.021136579,Other,random,acetotacetate (-H2O),84.021129430,RC2_0046_ICR-3_p08
455.165356316,539.186492895,84.021136579,Other,random,acetotacetate (-H2O),84.021129430,RC2_0046_ICR-3_p08
393.046244828,477.067382407,84.021137579,Other,random,acetotacetate (-H2O),84.021129430,RC2_0046_ICR-3_p08
403.124402076,487.145539655,84.021137579,Other,random,acetotacetate (-H2O),84.021129430,RC2_0046_ICR-3_p08
338.124356809,422.145494388,84.021137579,Other,random,acetotacetate (-H2O),84.021129430,RC2_0046_ICR-3_p08
465.067396311,549.088533890,84.021137579,Other,random,acetotacetate (-H2O),84.021129430,RC2_0046_ICR-3_p08
471.187040352,555.208177931,84.021137579,Other,random,acetotacetate (-H2O),84.021129430,RC2_0046_ICR-3_p08
587.068012780,671.089150359,84.021137579,Other,random,acetotacetate (-H2O),84.021129430,RC2_0046_ICR-3_p08
345.155369983,429.176508562,84.021138579,Other,random,acetotacetate (-H2O),84.021129430,RC2_0046_ICR-3_p08
399.139248981,483.160387560,84.021138579,Other,random,acetotacetate (-H2O),84.021129430,RC2_0046_ICR-3_p08
392.135046693,476.156185272,84.021138579,Other,random,acetotacetate (-H2O),84.021129430,RC2_0046_ICR-3_p08
421.150163610,505.171302189,84.021138579,Other,random,acetotacetate (-H2O),84.021129430,RC2_0046_ICR-3_p08
347.090198775,431.111326354,84.021127579,Other,random,acetotacetate_(_H2O)_C4H4O2,84.021137100,RC2_0046_ICR-3_p08
511.210291571,595.231419150,84.021127579,Other,random,acetotacetate_(_H2O)_C4H4O2,84.021137100,RC2_0046_ICR-3_p08
511.218297537,595.239425116,84.021127579,Other,random,acetotacetate_(_H2O)_C4H4O2,84.021137100,RC2_0046_ICR-3_p08
515.155850834,599.176978413,84.021127579,Other,random,acetotacetate_(_H2O)_C4H4O2,84.021137100,RC2_0046_ICR-3_p08
389.145163376,473.166290956,84.021127579,Other,random,acetotacetate_(_H2O)_C4H4O2,84.021137100,RC2_0046_ICR-3_p08
335.126495526,419.147624105,84.021128579,Other,random,acetotacetate_(_H2O)_C4H4O2,84.021137100,RC2_0046_ICR-3_p08
364.140045449,448.161174028,84.021128579,Other,random,acetotacetate_(_H2O)_C4H4O2,84.021137100,RC2_0046_ICR-3_p08
407.061756374,491.082886953,84.021130579,Other,random,acetotacetate_(_H2O)_C4H4O2,84.021137100,RC2_0046_ICR-3_p08
451.051581767,535.072712346,84.021130579,Other,random,acetotacetate_(_H2O)_C4H4O2,84.021137100,RC2_0046_ICR-3_p08
334.020361218,418.041491797,84.021130579,Other,random,acetotacetate_(_H2O)_C4H4O2,84.021137100,RC2_0046_ICR-3_p08
329.066555232,413.087686811,84.021131579,Other,random,acetotacetate_(_H2O)_C4H4O2,84.021137100,RC2_0046_ICR-3_p08
317.051321201,401.072452780,84.021131579,Other,random,acetotacetate_(_H2O)_C4H4O2,84.021137100,RC2_0046_ICR-3_p08
327.144810384,411.165941963,84.021131579,Other,random,acetotacetate_(_H2O)_C4H4O2,84.021137100,RC2_0046_ICR-3_p08
351.108281730,435.129413309,84.021131579,Other,random,acetotacetate_(_H2O)_C4H4O2,84.021137100,RC2_0046_ICR-3_p08
410.072702601,494.093834180,84.021131579,Other,random,acetotacetate_(_H2O)_C4H4O2,84.021137100,RC2_0046_ICR-3_p08
445.186636646,529.207768225,84.021131579,Other,random,acetotacetate_(_H2O)_C4H4O2,84.021137100,RC2_0046_ICR-3_p08
545.179553472,629.200685051,84.021131579,Other,random,acetotacetate_(_H2O)_C4H4O2,84.021137100,RC2_0046_ICR-3_p08
473.072409354,557.093540933,84.021131579,Other,random,acetotacetate_(_H2O)_C4H4O2,84.021137100,RC2_0046_ICR-3_p08
391.061341248,475.082473827,84.021132579,Other,random,acetotacetate_(_H2O)_C4H4O2,84.021137100,RC2_0046_ICR-3_p08
437.217895450,521.239028029,84.021132579,Other,random,acetotacetate_(_H2O)_C4H4O2,84.021137100,RC2_0046_ICR-3_p08
385.199607114,469.220739693,84.021132579,Other,random,acetotacetate_(_H2O)_C4H4O2,84.021137100,RC2_0046_ICR-3_p08
395.098140124,479.119272703,84.021132579,Other,random,acetotacetate_(_H2O)_C4H4O2,84.021137100,RC2_0046_ICR-3_p08
459.202283191,543.223415770,84.021132579,Other,random,acetotacetate_(_H2O)_C4H4O2,84.021137100,RC2_0046_ICR-3_p08
621.109730374,705.130862953,84.021132579,Other,random,acetotacetate_(_H2O)_C4H4O2,84.021137100,RC2_0046_ICR-3_p08
373.056398626,457.077532205,84.021133579,Other,random,acetotacetate_(_H2O)_C4H4O2,84.021137100,RC2_0046_ICR-3_p08
373.087147495,457.108281074,84.021133579,Other,random,acetotacetate_(_H2O)_C4H4O2,84.021137100,RC2_0046_ICR-3_p08
491.155723644,575.176857223,84.021133579,Other,random,acetotacetate_(_H2O)_C4H4O2,84.021137100,RC2_0046_ICR-3_p08
327.108359539,411.129493118,84.021133579,Other,random,acetotacetate_(_H2O)_C4H4O2,84.021137100,RC2_0046_ICR-3_p08
395.220362605,479.241497184,84.021134579,Other,random,acetotacetate_(_H2O)_C4H4O2,84.021137100,RC2_0046_ICR-3_p08
497.275378684,581.296513263,84.021134579,Other,random,acetotacetate_(_H2O)_C4H4O2,84.021137100,RC2_0046_ICR-3_p08
423.093130368,507.114264947,84.021134579,Other,random,acetotacetate_(_H2O)_C4H4O2,84.021137100,RC2_0046_ICR-3_p08
455.205029148,539.226163727,84.021134579,Other,random,acetotacetate_(_H2O)_C4H4O2,84.021137100,RC2_0046_ICR-3_p08
296.041124327,380.062259907,84.021135579,Other,random,acetotacetate_(_H2O)_C4H4O2,84.021137100,RC2_0046_ICR-3_p08
345.097853227,429.118988806,84.021135579,Other,random,acetotacetate_(_H2O)_C4H4O2,84.021137100,RC2_0046_ICR-3_p08
373.186690073,457.207825652,84.021135579,Other,random,acetotacetate_(_H2O)_C4H4O2,84.021137100,RC2_0046_ICR-3_p08
377.064367624,461.085503203,84.021135579,Other,random,acetotacetate_(_H2O)_C4H4O2,84.021137100,RC2_0046_ICR-3_p08
393.076965698,477.098102277,84.021136579,Other,random,acetotacetate_(_H2O)_C4H4O2,84.021137100,RC2_0046_ICR-3_p08
425.181585509,509.202722088,84.021136579,Other,random,acetotacetate_(_H2O)_C4H4O2,84.021137100,RC2_0046_ICR-3_p08
381.191773115,465.212909694,84.021136579,Other,random,acetotacetate_(_H2O)_C4H4O2,84.021137100,RC2_0046_ICR-3_p08
403.043582419,487.064718998,84.021136579,Other,random,acetotacetate_(_H2O)_C4H4O2,84.021137100,RC2_0046_ICR-3_p08
449.145106854,533.166243433,84.021136579,Other,random,acetotacetate_(_H2O)_C4H4O2,84.021137100,RC2_0046_ICR-3_p08
455.165356316,539.186492895,84.021136579,Other,random,acetotacetate_(_H2O)_C4H4O2,84.021137100,RC2_0046_ICR-3_p08
393.046244828,477.067382407,84.021137579,Other,random,acetotacetate_(_H2O)_C4H4O2,84.021137100,RC2_0046_ICR-3_p08
403.124402076,487.145539655,84.021137579,Other,random,acetotacetate_(_H2O)_C4H4O2,84.021137100,RC2_0046_ICR-3_p08
338.124356809,422.145494388,84.021137579,Other,random,acetotacetate_(_H2O)_C4H4O2,84.021137100,RC2_0046_ICR-3_p08
465.067396311,549.088533890,84.021137579,Other,random,acetotacetate_(_H2O)_C4H4O2,84.021137100,RC2_0046_ICR-3_p08
471.187040352,555.208177931,84.021137579,Other,random,acetotacetate_(_H2O)_C4H4O2,84.021137100,RC2_0046_ICR-3_p08
587.068012780,671.089150359,84.021137579,Other,random,acetotacetate_(_H2O)_C4H4O2,84.021137100,RC2_0046_ICR-3_p08
345.155369983,429.176508562,84.021138579,Other,random,acetotacetate_(_H2O)_C4H4O2,84.021137100,RC2_0046_ICR-3_p08
399.139248981,483.160387560,84.021138579,Other,random,acetotacetate_(_H2O)_C4H4O2,84.021137100,RC2_0046_ICR-3_p08
392.135046693,476.156185272,84.021138579,Other,random,acetotacetate_(_H2O)_C4H4O2,84.021137100,RC2_0046_ICR-3_p08
421.150163610,505.171302189,84.021138579,Other,random,acetotacetate_(_H2O)_C4H4O2,84.021137100,RC2_0046_ICR-3_p08
365.087635429,449.108775008,84.021139579,Other,random,acetotacetate_(_H2O)_C4H4O2,84.021137100,RC2_0046_ICR-3_p08
383.126572908,467.147712487,84.021139579,Other,random,acetotacetate_(_H2O)_C4H4O2,84.021137100,RC2_0046_ICR-3_p08
539.205288816,623.226428395,84.021139579,Other,random,acetotacetate_(_H2O)_C4H4O2,84.021137100,RC2_0046_ICR-3_p08
601.119982171,685.141121750,84.021139579,Other,random,acetotacetate_(_H2O)_C4H4O2,84.021137100,RC2_0046_ICR-3_p08
413.158117513,497.179258092,84.021140579,Other,random,acetotacetate_(_H2O)_C4H4O2,84.021137100,RC2_0046_ICR-3_p08
271.110492084,355.131632663,84.021140579,Other,random,acetotacetate_(_H2O)_C4H4O2,84.021137100,RC2_0046_ICR-3_p08
415.160831017,499.181971596,84.021140579,Other,random,acetotacetate_(_H2O)_C4H4O2,84.021137100,RC2_0046_ICR-3_p08
290.030504825,374.051645404,84.021140579,Other,random,acetotacetate_(_H2O)_C4H4O2,84.021137100,RC2_0046_ICR-3_p08
443.147604296,527.168744875,84.021140579,Other,random,acetotacetate_(_H2O)_C4H4O2,84.021137100,RC2_0046_ICR-3_p08
375.165906677,459.187048256,84.021141579,Other,random,acetotacetate_(_H2O)_C4H4O2,84.021137100,RC2_0046_ICR-3_p08
379.134110844,463.155252423,84.021141579,Other,random,acetotacetate_(_H2O)_C4H4O2,84.021137100,RC2_0046_ICR-3_p08
353.100656279,437.121797858,84.021141579,Other,random,acetotacetate_(_H2O)_C4H4O2,84.021137100,RC2_0046_ICR-3_p08
515.140568899,599.161710478,84.021141579,Other,random,acetotacetate_(_H2O)_C4H4O2,84.021137100,RC2_0046_ICR-3_p08
579.244743967,663.265885546,84.021141579,Other,random,acetotacetate_(_H2O)_C4H4O2,84.021137100,RC2_0046_ICR-3_p08
409.142298548,493.163441127,84.021142579,Other,random,acetotacetate_(_H2O)_C4H4O2,84.021137100,RC2_0046_ICR-3_p08
611.198267418,695.219409997,84.021142579,Other,random,acetotacetate_(_H2O)_C4H4O2,84.021137100,RC2_0046_ICR-3_p08
505.257294824,589.278437403,84.021142579,Other,random,acetotacetate_(_H2O)_C4H4O2,84.021137100,RC2_0046_ICR-3_p08
477.067382407,561.088525986,84.021143579,Other,random,acetotacetate_(_H2O)_C4H4O2,84.021137100,RC2_0046_ICR-3_p08
333.110888076,417.132031655,84.021143579,Other,random,acetotacetate_(_H2O)_C4H4O2,84.021137100,RC2_0046_ICR-3_p08
397.150171419,481.171314998,84.021143579,Other,random,acetotacetate_(_H2O)_C4H4O2,84.021137100,RC2_0046_ICR-3_p08
309.183695576,393.204839155,84.021143579,Other,random,acetotacetate_(_H2O)_C4H4O2,84.021137100,RC2_0046_ICR-3_p08
386.999311479,471.020455058,84.021143579,Other,random,acetotacetate_(_H2O)_C4H4O2,84.021137100,RC2_0046_ICR-3_p08
415.152816051,499.173960630,84.021144579,Other,random,acetotacetate_(_H2O)_C4H4O2,84.021137100,RC2_0046_ICR-3_p08
429.067344025,513.088488604,84.021144579,Other,random,acetotacetate_(_H2O)_C4H4O2,84.021137100,RC2_0046_ICR-3_p08
506.101808242,590.122952821,84.021144579,Other,random,acetotacetate_(_H2O)_C4H4O2,84.021137100,RC2_0046_ICR-3_p08
677.245313244,761.266457823,84.021144579,Other,random,acetotacetate_(_H2O)_C4H4O2,84.021137100,RC2_0046_ICR-3_p08
332.041054614,416.062200193,84.021145579,Other,random,acetotacetate_(_H2O)_C4H4O2,84.021137100,RC2_0046_ICR-3_p08
405.082477770,489.103623349,84.021145579,Other,random,acetotacetate_(_H2O)_C4H4O2,84.021137100,RC2_0046_ICR-3_p08
319.204436068,403.225581647,84.021145579,Other,random,acetotacetate_(_H2O)_C4H4O2,84.021137100,RC2_0046_ICR-3_p08
417.076967889,501.098113468,84.021145579,Other,random,acetotacetate_(_H2O)_C4H4O2,84.021137100,RC2_0046_ICR-3_p08
647.125297015,731.146442594,84.021145579,Other,random,acetotacetate_(_H2O)_C4H4O2,84.021137100,RC2_0046_ICR-3_p08
371.199368503,455.220515082,84.021146579,Other,random,acetotacetate_(_H2O)_C4H4O2,84.021137100,RC2_0046_ICR-3_p08
423.157945093,507.179091672,84.021146579,Other,random,acetotacetate_(_H2O)_C4H4O2,84.021137100,RC2_0046_ICR-3_p08
399.178830813,483.199977392,84.021146579,Other,random,acetotacetate_(_H2O)_C4H4O2,84.021137100,RC2_0046_ICR-3_p08
389.100660565,473.139544069,84.038883504,Other,random,C4H4O4S_1,84.038888000,RC2_0046_ICR-3_p08
381.168273215,465.207157718,84.038884504,Other,random,C4H4O4S_1,84.038888000,RC2_0046_ICR-3_p08
379.079953073,463.118840577,84.038887504,Other,random,C4H4O4S_1,84.038888000,RC2_0046_ICR-3_p08
325.105822034,409.144710538,84.038888504,Other,random,C4H4O4S_1,84.038888000,RC2_0046_ICR-3_p08
371.044015162,455.082903666,84.038888504,Other,random,C4H4O4S_1,84.038888000,RC2_0046_ICR-3_p08
317.152398773,401.191287276,84.038888504,Other,random,C4H4O4S_1,84.038888000,RC2_0046_ICR-3_p08
391.070220210,475.109113714,84.038893504,Other,random,C4H4O4S_1,84.038888000,RC2_0046_ICR-3_p08
375.121347866,459.160242370,84.038894504,Other,random,C4H4O4S_1,84.038888000,RC2_0046_ICR-3_p08
403.152739956,487.191635459,84.038895504,Other,random,C4H4O4S_1,84.038888000,RC2_0046_ICR-3_p08
407.111211164,491.150107667,84.038896504,Other,random,C4H4O4S_1,84.038888000,RC2_0046_ICR-3_p08
379.066941129,463.124446553,84.057505425,Other,random,C5H8O1,84.057515000,RC2_0046_ICR-3_p08
444.122549160,528.180054585,84.057505425,Other,random,C5H8O1,84.057515000,RC2_0046_ICR-3_p08
361.092668376,445.150173801,84.057505425,Other,random,C5H8O1,84.057515000,RC2_0046_ICR-3_p08
409.126819613,493.184325038,84.057505425,Other,random,C5H8O1,84.057515000,RC2_0046_ICR-3_p08
357.155348079,441.212854503,84.057506425,Other,random,C5H8O1,84.057515000,RC2_0046_ICR-3_p08
529.220683171,613.278189595,84.057506425,Other,random,C5H8O1,84.057515000,RC2_0046_ICR-3_p08
325.092731089,409.150237514,84.057506425,Other,random,C5H8O1,84.057515000,RC2_0046_ICR-3_p08
363.194225461,447.251731886,84.057506425,Other,random,C5H8O1,84.057515000,RC2_0046_ICR-3_p08
393.132102464,477.189608888,84.057506425,Other,random,C5H8O1,84.057515000,RC2_0046_ICR-3_p08
339.108406634,423.165914059,84.057507425,Other,random,C5H8O1,84.057515000,RC2_0046_ICR-3_p08
347.113414677,431.170922102,84.057507425,Other,random,C5H8O1,84.057515000,RC2_0046_ICR-3_p08
431.119390320,515.176897745,84.057507425,Other,random,C5H8O1,84.057515000,RC2_0046_ICR-3_p08
447.056625714,531.114133139,84.057507425,Other,random,C5H8O1,84.057515000,RC2_0046_ICR-3_p08
441.139909813,525.197417237,84.057507425,Other,random,C5H8O1,84.057515000,RC2_0046_ICR-3_p08
283.110559179,367.168067604,84.057508425,Other,random,C5H8O1,84.057515000,RC2_0046_ICR-3_p08
407.184092855,491.241601279,84.057508425,Other,random,C5H8O1,84.057515000,RC2_0046_ICR-3_p08
427.088076421,511.145584846,84.057508425,Other,random,C5H8O1,84.057515000,RC2_0046_ICR-3_p08
487.072775964,571.130284388,84.057508425,Other,random,C5H8O1,84.057515000,RC2_0046_ICR-3_p08
493.098727401,577.156235826,84.057508425,Other,random,C5H8O1,84.057515000,RC2_0046_ICR-3_p08
473.230952681,557.288461106,84.057508425,Other,random,C5H8O1,84.057515000,RC2_0046_ICR-3_p08
339.139191504,423.196700929,84.057509425,Other,random,C5H8O1,84.057515000,RC2_0046_ICR-3_p08
423.069787467,507.127296892,84.057509425,Other,random,C5H8O1,84.057515000,RC2_0046_ICR-3_p08
623.125407823,707.182917248,84.057509425,Other,random,C5H8O1,84.057515000,RC2_0046_ICR-3_p08
489.176535039,573.234045464,84.057510425,Other,random,C5H8O1,84.057515000,RC2_0046_ICR-3_p08
391.030549379,475.088059803,84.057510425,Other,random,C5H8O1,84.057515000,RC2_0046_ICR-3_p08
417.067251930,501.124762355,84.057510425,Other,random,C5H8O1,84.057515000,RC2_0046_ICR-3_p08
508.109518725,592.167029150,84.057510425,Other,random,C5H8O1,84.057515000,RC2_0046_ICR-3_p08
359.053811025,443.111322450,84.057511425,Other,random,C5H8O1,84.057515000,RC2_0046_ICR-3_p08
317.102938982,401.160450407,84.057511425,Other,random,C5H8O1,84.057515000,RC2_0046_ICR-3_p08
389.051174775,473.108686200,84.057511425,Other,random,C5H8O1,84.057515000,RC2_0046_ICR-3_p08
395.090198157,479.147709582,84.057511425,Other,random,C5H8O1,84.057515000,RC2_0046_ICR-3_p08
431.038490663,515.096002088,84.057511425,Other,random,C5H8O1,84.057515000,RC2_0046_ICR-3_p08
405.113300639,489.170813064,84.057512425,Other,random,C5H8O1,84.057515000,RC2_0046_ICR-3_p08
455.082903666,539.140416091,84.057512425,Other,random,C5H8O1,84.057515000,RC2_0046_ICR-3_p08
431.170922102,515.228435526,84.057513425,Other,random,C5H8O1,84.057515000,RC2_0046_ICR-3_p08
407.147582010,491.205095434,84.057513425,Other,random,C5H8O1,84.057515000,RC2_0046_ICR-3_p08
495.077938005,579.135451430,84.057513425,Other,random,C5H8O1,84.057515000,RC2_0046_ICR-3_p08
418.114285488,502.171799913,84.057514425,Other,random,C5H8O1,84.057515000,RC2_0046_ICR-3_p08
453.131953942,537.189468367,84.057514425,Other,random,C5H8O1,84.057515000,RC2_0046_ICR-3_p08
367.095291913,451.152806338,84.057514425,Other,random,C5H8O1,84.057515000,RC2_0046_ICR-3_p08
379.170528689,463.228043114,84.057514425,Other,random,C5H8O1,84.057515000,RC2_0046_ICR-3_p08
373.069380571,457.126895995,84.057515425,Other,random,C5H8O1,84.057515000,RC2_0046_ICR-3_p08
481.127056186,565.184571610,84.057515425,Other,random,C5H8O1,84.057515000,RC2_0046_ICR-3_p08
334.056770064,418.114285488,84.057515425,Other,random,C5H8O1,84.057515000,RC2_0046_ICR-3_p08
487.218374346,571.275889771,84.057515425,Other,random,C5H8O1,84.057515000,RC2_0046_ICR-3_p08
497.158335180,581.215850605,84.057515425,Other,random,C5H8O1,84.057515000,RC2_0046_ICR-3_p08
431.220498891,515.278014316,84.057515425,Other,random,C5H8O1,84.057515000,RC2_0046_ICR-3_p08
443.220591986,527.278108411,84.057516425,Other,random,C5H8O1,84.057515000,RC2_0046_ICR-3_p08
499.137561784,583.195078209,84.057516425,Other,random,C5H8O1,84.057515000,RC2_0046_ICR-3_p08
531.135487048,615.193003473,84.057516425,Other,random,C5H8O1,84.057515000,RC2_0046_ICR-3_p08
357.118870233,441.176386658,84.057516425,Other,random,C5H8O1,84.057515000,RC2_0046_ICR-3_p08
509.252184878,593.309701302,84.057516425,Other,random,C5H8O1,84.057515000,RC2_0046_ICR-3_p08
443.155615262,527.213131687,84.057516425,Other,random,C5H8O1,84.057515000,RC2_0046_ICR-3_p08
321.097822036,405.155339461,84.057517425,Other,random,C5H8O1,84.057515000,RC2_0046_ICR-3_p08
411.093011273,495.150528698,84.057517425,Other,random,C5H8O1,84.057515000,RC2_0046_ICR-3_p08
425.100700852,509.158218276,84.057517425,Other,random,C5H8O1,84.057515000,RC2_0046_ICR-3_p08
435.251600791,519.309118216,84.057517425,Other,random,C5H8O1,84.057515000,RC2_0046_ICR-3_p08
345.046108446,429.103625871,84.057517425,Other,random,C5H8O1,84.057515000,RC2_0046_ICR-3_p08
399.142459968,483.199977392,84.057517425,Other,random,C5H8O1,84.057515000,RC2_0046_ICR-3_p08
364.067393757,448.124912182,84.057518425,Other,random,C5H8O1,84.057515000,RC2_0046_ICR-3_p08
433.150267705,517.207786130,84.057518425,Other,random,C5H8O1,84.057515000,RC2_0046_ICR-3_p08
349.069444379,433.126963804,84.057519425,Other,random,C5H8O1,84.057515000,RC2_0046_ICR-3_p08
511.218297537,595.275816962,84.057519425,Other,random,C5H8O1,84.057515000,RC2_0046_ICR-3_p08
577.083616134,661.141135559,84.057519425,Other,random,C5H8O1,84.057515000,RC2_0046_ICR-3_p08
347.107888700,431.165408125,84.057519425,Other,random,C5H8O1,84.057515000,RC2_0046_ICR-3_p08
271.110492084,355.168012509,84.057520425,Other,random,C5H8O1,84.057515000,RC2_0046_ICR-3_p08
343.095198722,427.152719147,84.057520425,Other,random,C5H8O1,84.057515000,RC2_0046_ICR-3_p08
353.173473970,437.230994394,84.057520425,Other,random,C5H8O1,84.057515000,RC2_0046_ICR-3_p08
395.134553969,479.192074394,84.057520425,Other,random,C5H8O1,84.057515000,RC2_0046_ICR-3_p08
445.134887866,529.192408291,84.057520425,Other,random,C5H8O1,84.057515000,RC2_0046_ICR-3_p08
475.124479649,559.182001074,84.057521425,Other,random,C5H8O1,84.057515000,RC2_0046_ICR-3_p08
391.079905169,475.137426594,84.057521425,Other,random,C5H8O1,84.057515000,RC2_0046_ICR-3_p08
391.152659861,475.210181285,84.057521425,Other,random,C5H8O1,84.057515000,RC2_0046_ICR-3_p08
617.078669474,701.136190898,84.057521425,Other,random,C5H8O1,84.057515000,RC2_0046_ICR-3_p08
431.147726200,515.205248625,84.057522425,Other,random,C5H8O1,84.057515000,RC2_0046_ICR-3_p08
527.046731393,611.104254817,84.057523425,Other,random,C5H8O1,84.057515000,RC2_0046_ICR-3_p08
363.230550307,447.288073732,84.057523425,Other,random,C5H8O1,84.057515000,RC2_0046_ICR-3_p08
322.093127814,406.150651239,84.057523425,Other,random,C5H8O1,84.057515000,RC2_0046_ICR-3_p08
379.116250920,463.173775344,84.057524425,Other,random,C5H8O1,84.057515000,RC2_0046_ICR-3_p08
415.160831017,499.218355442,84.057524425,Other,random,C5H8O1,84.057515000,RC2_0046_ICR-3_p08
345.025123535,429.082647960,84.057524425,Other,random,C5H8O1,84.057515000,RC2_0046_ICR-3_p08
397.105762607,481.163287032,84.057524425,Other,random,C5H8O1,84.057515000,RC2_0046_ICR-3_p08
435.056770618,519.114295042,84.057524425,Other,random,C5H8O1,84.057515000,RC2_0046_ICR-3_p08
443.082864571,528.099233928,85.016369357,Other,random,C3H3N1O2,85.016379000,RC2_0046_ICR-3_p08
445.077470109,530.093839467,85.016369357,Other,random,C3H3N1O2,85.016379000,RC2_0046_ICR-3_p08
333.025122440,418.041491797,85.016369357,Other,random,C3H3N1O2,85.016379000,RC2_0046_ICR-3_p08
417.082480865,502.098851222,85.016370357,Other,random,C3H3N1O2,85.016379000,RC2_0046_ICR-3_p08
308.199609751,393.215980108,85.016370357,Other,random,C3H3N1O2,85.016379000,RC2_0046_ICR-3_p08
238.072137234,323.088510591,85.016373357,Other,random,C3H3N1O2,85.016379000,RC2_0046_ICR-3_p08
325.165597780,410.181972137,85.016374357,Other,random,C3H3N1O2,85.016379000,RC2_0046_ICR-3_p08
309.110981885,394.127357242,85.016375357,Other,random,C3H3N1O2,85.016379000,RC2_0046_ICR-3_p08
477.067382407,562.083757764,85.016375357,Other,random,C3H3N1O2,85.016379000,RC2_0046_ICR-3_p08
309.097848940,394.114226298,85.016377357,Other,random,C3H3N1O2,85.016379000,RC2_0046_ICR-3_p08
333.097906131,418.114285488,85.016379357,Other,random,C3H3N1O2,85.016379000,RC2_0046_ICR-3_p08
411.056790426,496.073170784,85.016380357,Other,random,C3H3N1O2,85.016379000,RC2_0046_ICR-3_p08
303.087286437,388.103666795,85.016380357,Other,random,C3H3N1O2,85.016379000,RC2_0046_ICR-3_p08
381.046223732,466.062605090,85.016381357,Other,random,C3H3N1O2,85.016379000,RC2_0046_ICR-3_p08
299.019651692,384.036035050,85.016383357,Other,random,C3H3N1O2,85.016379000,RC2_0046_ICR-3_p08
433.113845860,518.130231217,85.016385357,Other,random,C3H3N1O2,85.016379000,RC2_0046_ICR-3_p08
453.067303216,538.083689573,85.016386357,Other,random,C3H3N1O2,85.016379000,RC2_0046_ICR-3_p08
423.093130368,508.109518725,85.016388357,Other,random,C3H3N1O2,85.016379000,RC2_0046_ICR-3_p08
353.137136124,438.153524481,85.016388357,Other,random,C3H3N1O2,85.016379000,RC2_0046_ICR-3_p08
441.189464602,526.242192805,85.052728203,Other,random,C4H7N1O1,85.052738080,RC2_0046_ICR-3_p08
379.066941129,464.119670332,85.052729203,Other,random,C4H7N1O1,85.052738080,RC2_0046_ICR-3_p08
343.058954876,428.111685079,85.052730203,Other,random,C4H7N1O1,85.052738080,RC2_0046_ICR-3_p08
309.074625039,394.127357242,85.052732203,Other,random,C4H7N1O1,85.052738080,RC2_0046_ICR-3_p08
443.025449814,528.078186017,85.052736203,Other,random,C4H7N1O1,85.052738080,RC2_0046_ICR-3_p08
335.052085841,420.104825044,85.052739203,Other,random,C4H7N1O1,85.052738080,RC2_0046_ICR-3_p08
283.009498608,368.062239811,85.052741203,Other,random,C4H7N1O1,85.052738080,RC2_0046_ICR-3_p08
481.025727615,566.078469818,85.052742203,Other,random,C4H7N1O1,85.052738080,RC2_0046_ICR-3_p08
433.041118168,518.093862371,85.052744203,Other,random,C4H7N1O1,85.052738080,RC2_0046_ICR-3_p08
351.072037884,436.124782087,85.052744203,Other,random,C4H7N1O1,85.052738080,RC2_0046_ICR-3_p08
343.066959842,429.067344025,86.000384183,Other,random,malonyl group (-H2O),86.000393990,RC2_0046_ICR-3_p08
341.152334964,427.152719147,86.000384183,Other,random,malonyl group (-H2O),86.000393990,RC2_0046_ICR-3_p08
495.223395388,581.223779571,86.000384183,Other,random,malonyl group (-H2O),86.000393990,RC2_0046_ICR-3_p08
405.155339461,491.155723644,86.000384183,Other,random,malonyl group (-H2O),86.000393990,RC2_0046_ICR-3_p08
731.292435974,817.292820157,86.000384183,Other,random,malonyl group (-H2O),86.000393990,RC2_0046_ICR-3_p08
315.063982632,401.064367815,86.000385183,Other,random,malonyl group (-H2O),86.000393990,RC2_0046_ICR-3_p08
373.105781416,459.106166599,86.000385183,Other,random,malonyl group (-H2O),86.000393990,RC2_0046_ICR-3_p08
411.165941963,497.166327146,86.000385183,Other,random,malonyl group (-H2O),86.000393990,RC2_0046_ICR-3_p08
393.095526619,479.095911802,86.000385183,Other,random,malonyl group (-H2O),86.000393990,RC2_0046_ICR-3_p08
427.139650202,513.140035385,86.000385183,Other,random,malonyl group (-H2O),86.000393990,RC2_0046_ICR-3_p08
471.114181661,557.114567844,86.000386183,Other,random,malonyl group (-H2O),86.000393990,RC2_0046_ICR-3_p08
227.019762119,313.020148302,86.000386183,Other,random,malonyl group (-H2O),86.000393990,RC2_0046_ICR-3_p08
288.051259221,374.051645404,86.000386183,Other,random,malonyl group (-H2O),86.000393990,RC2_0046_ICR-3_p08
355.204403355,441.204789537,86.000386183,Other,random,malonyl group (-H2O),86.000393990,RC2_0046_ICR-3_p08
484.153804346,570.154190529,86.000386183,Other,random,malonyl group (-H2O),86.000393990,RC2_0046_ICR-3_p08
389.282466794,475.282852977,86.000386183,Other,random,malonyl group (-H2O),86.000393990,RC2_0046_ICR-3_p08
307.118609336,393.118996519,86.000387183,Other,random,malonyl group (-H2O),86.000393990,RC2_0046_ICR-3_p08
327.087299628,413.087686811,86.000387183,Other,random,malonyl group (-H2O),86.000393990,RC2_0046_ICR-3_p08
509.275429779,595.275816962,86.000387183,Other,random,malonyl group (-H2O),86.000393990,RC2_0046_ICR-3_p08
519.077881197,605.078268380,86.000387183,Other,random,malonyl group (-H2O),86.000393990,RC2_0046_ICR-3_p08
307.045857645,393.046244828,86.000387183,Other,random,malonyl group (-H2O),86.000393990,RC2_0046_ICR-3_p08
337.159927900,423.160315083,86.000387183,Other,random,malonyl group (-H2O),86.000393990,RC2_0046_ICR-3_p08
345.147339017,431.147726200,86.000387183,Other,random,malonyl group (-H2O),86.000393990,RC2_0046_ICR-3_p08
369.155289174,455.155676357,86.000387183,Other,random,malonyl group (-H2O),86.000393990,RC2_0046_ICR-3_p08
381.191773115,467.192161298,86.000388183,Other,random,malonyl group (-H2O),86.000393990,RC2_0046_ICR-3_p08
397.056178818,483.056567001,86.000388183,Other,random,malonyl group (-H2O),86.000393990,RC2_0046_ICR-3_p08
403.097599190,489.097987373,86.000388183,Other,random,malonyl group (-H2O),86.000393990,RC2_0046_ICR-3_p08
411.157946997,497.158335180,86.000388183,Other,random,malonyl group (-H2O),86.000393990,RC2_0046_ICR-3_p08
315.087331533,401.087719716,86.000388183,Other,random,malonyl group (-H2O),86.000393990,RC2_0046_ICR-3_p08
391.225456552,477.225844735,86.000388183,Other,random,malonyl group (-H2O),86.000393990,RC2_0046_ICR-3_p08
444.057074438,530.057462621,86.000388183,Other,random,malonyl group (-H2O),86.000393990,RC2_0046_ICR-3_p08
429.176508562,515.176897745,86.000389183,Other,random,malonyl group (-H2O),86.000393990,RC2_0046_ICR-3_p08
255.232918437,341.233307620,86.000389183,Other,random,malonyl group (-H2O),86.000393990,RC2_0046_ICR-3_p08
311.105372424,397.105762607,86.000390183,Other,random,malonyl group (-H2O),86.000393990,RC2_0046_ICR-3_p08
473.181610891,559.182001074,86.000390183,Other,random,malonyl group (-H2O),86.000393990,RC2_0046_ICR-3_p08
565.192570576,651.192960759,86.000390183,Other,random,malonyl group (-H2O),86.000393990,RC2_0046_ICR-3_p08
629.151378261,715.151768444,86.000390183,Other,random,malonyl group (-H2O),86.000393990,RC2_0046_ICR-3_p08
401.145149472,487.145539655,86.000390183,Other,random,malonyl group (-H2O),86.000393990,RC2_0046_ICR-3_p08
462.103958882,548.104349065,86.000390183,Other,random,malonyl group (-H2O),86.000393990,RC2_0046_ICR-3_p08
339.144720480,425.145111663,86.000391183,Other,random,malonyl group (-H2O),86.000393990,RC2_0046_ICR-3_p08
455.134640447,541.135031629,86.000391183,Other,random,malonyl group (-H2O),86.000393990,RC2_0046_ICR-3_p08
521.202695183,607.203086366,86.000391183,Other,random,malonyl group (-H2O),86.000393990,RC2_0046_ICR-3_p08
349.092643281,435.093034464,86.000391183,Other,random,malonyl group (-H2O),86.000393990,RC2_0046_ICR-3_p08
311.113457390,397.113849573,86.000392183,Other,random,malonyl group (-H2O),86.000393990,RC2_0046_ICR-3_p08
319.045834741,405.046226924,86.000392183,Other,random,malonyl group (-H2O),86.000393990,RC2_0046_ICR-3_p08
389.087667620,475.088059803,86.000392183,Other,random,malonyl group (-H2O),86.000393990,RC2_0046_ICR-3_p08
503.205216529,589.205608712,86.000392183,Other,random,malonyl group (-H2O),86.000393990,RC2_0046_ICR-3_p08
343.030503997,429.030897180,86.000393183,Other,random,malonyl group (-H2O),86.000393990,RC2_0046_ICR-3_p08
375.085110020,461.085503203,86.000393183,Other,random,malonyl group (-H2O),86.000393990,RC2_0046_ICR-3_p08
323.040714794,409.041108977,86.000394183,Other,random,malonyl group (-H2O),86.000393990,RC2_0046_ICR-3_p08
335.235644063,421.236038246,86.000394183,Other,random,malonyl group (-H2O),86.000393990,RC2_0046_ICR-3_p08
339.072033789,425.072427972,86.000394183,Other,random,malonyl group (-H2O),86.000393990,RC2_0046_ICR-3_p08
343.131627568,429.132022751,86.000395183,Other,random,malonyl group (-H2O),86.000393990,RC2_0046_ICR-3_p08
491.241601279,577.241996462,86.000395183,Other,random,malonyl group (-H2O),86.000393990,RC2_0046_ICR-3_p08
339.194194270,425.194589453,86.000395183,Other,random,malonyl group (-H2O),86.000393990,RC2_0046_ICR-3_p08
507.309306120,593.309701302,86.000395183,Other,random,malonyl group (-H2O),86.000393990,RC2_0046_ICR-3_p08
373.178584107,459.178979290,86.000395183,Other,random,malonyl group (-H2O),86.000393990,RC2_0046_ICR-3_p08
387.056778235,473.057173418,86.000395183,Other,random,malonyl group (-H2O),86.000393990,RC2_0046_ICR-3_p08
399.084912212,485.085307395,86.000395183,Other,random,malonyl group (-H2O),86.000393990,RC2_0046_ICR-3_p08
403.152739956,489.153135139,86.000395183,Other,random,malonyl group (-H2O),86.000393990,RC2_0046_ICR-3_p08
457.098673115,543.099068298,86.000395183,Other,random,malonyl group (-H2O),86.000393990,RC2_0046_ICR-3_p08
315.100302478,401.100698661,86.000396183,Other,random,malonyl group (-H2O),86.000393990,RC2_0046_ICR-3_p08
437.173515638,523.173911821,86.000396183,Other,random,malonyl group (-H2O),86.000393990,RC2_0046_ICR-3_p08
285.126140629,371.126536812,86.000396183,Other,random,malonyl group (-H2O),86.000393990,RC2_0046_ICR-3_p08
419.061807469,505.062203652,86.000396183,Other,random,malonyl group (-H2O),86.000393990,RC2_0046_ICR-3_p08
389.191055182,475.191451365,86.000396183,Other,random,malonyl group (-H2O),86.000393990,RC2_0046_ICR-3_p08
423.165914059,509.166310242,86.000396183,Other,random,malonyl group (-H2O),86.000393990,RC2_0046_ICR-3_p08
306.098231665,392.098628848,86.000397183,Other,random,malonyl group (-H2O),86.000393990,RC2_0046_ICR-3_p08
457.244065498,543.244462681,86.000397183,Other,random,malonyl group (-H2O),86.000393990,RC2_0046_ICR-3_p08
403.116282110,489.116679293,86.000397183,Other,random,malonyl group (-H2O),86.000393990,RC2_0046_ICR-3_p08
407.220360701,493.220757884,86.000397183,Other,random,malonyl group (-H2O),86.000393990,RC2_0046_ICR-3_p08
531.260049520,617.260446702,86.000397183,Other,random,malonyl group (-H2O),86.000393990,RC2_0046_ICR-3_p08
305.139318733,391.139715916,86.000397183,Other,random,malonyl group (-H2O),86.000393990,RC2_0046_ICR-3_p08
335.077103735,421.077501918,86.000398183,Other,random,malonyl group (-H2O),86.000393990,RC2_0046_ICR-3_p08
371.162860658,457.163258841,86.000398183,Other,random,malonyl group (-H2O),86.000393990,RC2_0046_ICR-3_p08
413.108696722,499.109094905,86.000398183,Other,random,malonyl group (-H2O),86.000393990,RC2_0046_ICR-3_p08
455.098344600,541.098742783,86.000398183,Other,random,malonyl group (-H2O),86.000393990,RC2_0046_ICR-3_p08
349.165495972,435.165894155,86.000398183,Other,random,malonyl group (-H2O),86.000393990,RC2_0046_ICR-3_p08
345.097853227,431.098252410,86.000399183,Other,random,malonyl group (-H2O),86.000393990,RC2_0046_ICR-3_p08
349.087113304,435.087512487,86.000399183,Other,random,malonyl group (-H2O),86.000393990,RC2_0046_ICR-3_p08
362.088018154,448.088417337,86.000399183,Other,random,malonyl group (-H2O),86.000393990,RC2_0046_ICR-3_p08
394.163636088,480.164035271,86.000399183,Other,random,malonyl group (-H2O),86.000393990,RC2_0046_ICR-3_p08
493.098727401,579.099126584,86.000399183,Other,random,malonyl group (-H2O),86.000393990,RC2_0046_ICR-3_p08
397.186577264,483.186977447,86.000400183,Other,random,malonyl group (-H2O),86.000393990,RC2_0046_ICR-3_p08
343.118588623,429.118988806,86.000400183,Other,random,malonyl group (-H2O),86.000393990,RC2_0046_ICR-3_p08
411.035556517,497.035956699,86.000400183,Other,random,malonyl group (-H2O),86.000393990,RC2_0046_ICR-3_p08
369.110970362,455.111370545,86.000400183,Other,random,malonyl group (-H2O),86.000393990,RC2_0046_ICR-3_p08
375.175522636,461.175922819,86.000400183,Other,random,malonyl group (-H2O),86.000393990,RC2_0046_ICR-3_p08
327.050797783,413.051198966,86.000401183,Other,random,malonyl group (-H2O),86.000393990,RC2_0046_ICR-3_p08
345.025123535,431.025524718,86.000401183,Other,random,malonyl group (-H2O),86.000393990,RC2_0046_ICR-3_p08
357.097827323,443.098228505,86.000401183,Other,random,malonyl group (-H2O),86.000393990,RC2_0046_ICR-3_p08
543.200283869,629.200685051,86.000401183,Other,random,malonyl group (-H2O),86.000393990,RC2_0046_ICR-3_p08
397.113849573,483.114250756,86.000401183,Other,random,malonyl group (-H2O),86.000393990,RC2_0046_ICR-3_p08
465.030959466,551.031361649,86.000402183,Other,random,malonyl group (-H2O),86.000393990,RC2_0046_ICR-3_p08
339.181183326,425.181585509,86.000402183,Other,random,malonyl group (-H2O),86.000393990,RC2_0046_ICR-3_p08
369.128625287,455.129027470,86.000402183,Other,random,malonyl group (-H2O),86.000393990,RC2_0046_ICR-3_p08
441.249208349,527.249610532,86.000402183,Other,random,malonyl group (-H2O),86.000393990,RC2_0046_ICR-3_p08
469.135005056,555.135407239,86.000402183,Other,random,malonyl group (-H2O),86.000393990,RC2_0046_ICR-3_p08
402.046572648,488.046975831,86.000403183,Other,random,malonyl group (-H2O),86.000393990,RC2_0046_ICR-3_p08
421.223077301,507.223480484,86.000403183,Other,random,malonyl group (-H2O),86.000393990,RC2_0046_ICR-3_p08
359.144237642,445.144640824,86.000403183,Other,random,malonyl group (-H2O),86.000393990,RC2_0046_ICR-3_p08
457.236243531,543.236646714,86.000403183,Other,random,malonyl group (-H2O),86.000393990,RC2_0046_ICR-3_p08
463.124446553,549.124849736,86.000403183,Other,random,malonyl group (-H2O),86.000393990,RC2_0046_ICR-3_p08
565.229027422,651.229430605,86.000403183,Other,random,malonyl group (-H2O),86.000393990,RC2_0046_ICR-3_p08
493.135048247,579.135451430,86.000403183,Other,random,malonyl group (-H2O),86.000393990,RC2_0046_ICR-3_p08
428.062129289,514.062540472,86.000411183,Other,random,malonyl_group_(_H2O)_C3H2O3,86.000420780,RC2_0046_ICR-3_p08
473.202809801,559.203220983,86.000411183,Other,random,malonyl_group_(_H2O)_C3H2O3,86.000420780,RC2_0046_ICR-3_p08
451.210068095,537.210479278,86.000411183,Other,random,malonyl_group_(_H2O)_C3H2O3,86.000420780,RC2_0046_ICR-3_p08
283.110559179,369.110970362,86.000411183,Other,random,malonyl_group_(_H2O)_C3H2O3,86.000420780,RC2_0046_ICR-3_p08
401.137065506,487.137476689,86.000411183,Other,random,malonyl_group_(_H2O)_C3H2O3,86.000420780,RC2_0046_ICR-3_p08
483.114250756,569.114661939,86.000411183,Other,random,malonyl_group_(_H2O)_C3H2O3,86.000420780,RC2_0046_ICR-3_p08
321.183680672,407.184092855,86.000412183,Other,random,malonyl_group_(_H2O)_C3H2O3,86.000420780,RC2_0046_ICR-3_p08
416.062200193,502.062612376,86.000412183,Other,random,malonyl_group_(_H2O)_C3H2O3,86.000420780,RC2_0046_ICR-3_p08
427.088076421,513.088488604,86.000412183,Other,random,malonyl_group_(_H2O)_C3H2O3,86.000420780,RC2_0046_ICR-3_p08
441.082623056,527.083035239,86.000412183,Other,random,malonyl_group_(_H2O)_C3H2O3,86.000420780,RC2_0046_ICR-3_p08
289.157489528,375.157902711,86.000413183,Other,random,malonyl_group_(_H2O)_C3H2O3,86.000420780,RC2_0046_ICR-3_p08
383.134591874,469.135005056,86.000413183,Other,random,malonyl_group_(_H2O)_C3H2O3,86.000420780,RC2_0046_ICR-3_p08
389.209768102,475.210181285,86.000413183,Other,random,malonyl_group_(_H2O)_C3H2O3,86.000420780,RC2_0046_ICR-3_p08
551.176987031,637.177400214,86.000413183,Other,random,malonyl_group_(_H2O)_C3H2O3,86.000420780,RC2_0046_ICR-3_p08
369.082489483,455.082903666,86.000414183,Other,random,malonyl_group_(_H2O)_C3H2O3,86.000420780,RC2_0046_ICR-3_p08
387.071995171,473.072409354,86.000414183,Other,random,malonyl_group_(_H2O)_C3H2O3,86.000420780,RC2_0046_ICR-3_p08
389.137012411,475.137426594,86.000414183,Other,random,malonyl_group_(_H2O)_C3H2O3,86.000420780,RC2_0046_ICR-3_p08
431.170922102,517.171336284,86.000414183,Other,random,malonyl_group_(_H2O)_C3H2O3,86.000420780,RC2_0046_ICR-3_p08
347.040703985,433.041118168,86.000414183,Other,random,malonyl_group_(_H2O)_C3H2O3,86.000420780,RC2_0046_ICR-3_p08
415.189012897,501.189427080,86.000414183,Other,random,malonyl_group_(_H2O)_C3H2O3,86.000420780,RC2_0046_ICR-3_p08
553.220993360,639.221408543,86.000415183,Other,random,malonyl_group_(_H2O)_C3H2O3,86.000420780,RC2_0046_ICR-3_p08
521.166413337,607.166828520,86.000415183,Other,random,malonyl_group_(_H2O)_C3H2O3,86.000420780,RC2_0046_ICR-3_p08
521.194858216,607.195273399,86.000415183,Other,random,malonyl_group_(_H2O)_C3H2O3,86.000420780,RC2_0046_ICR-3_p08
379.079953073,465.080369256,86.000416183,Other,random,malonyl_group_(_H2O)_C3H2O3,86.000420780,RC2_0046_ICR-3_p08
451.189052184,537.189468367,86.000416183,Other,random,malonyl_group_(_H2O)_C3H2O3,86.000420780,RC2_0046_ICR-3_p08
431.111326354,517.111742537,86.000416183,Other,random,malonyl_group_(_H2O)_C3H2O3,86.000420780,RC2_0046_ICR-3_p08
379.116250920,465.116668102,86.000417183,Other,random,malonyl_group_(_H2O)_C3H2O3,86.000420780,RC2_0046_ICR-3_p08
385.150269323,471.150686506,86.000417183,Other,random,malonyl_group_(_H2O)_C3H2O3,86.000420780,RC2_0046_ICR-3_p08
405.059221868,491.059639051,86.000417183,Other,random,malonyl_group_(_H2O)_C3H2O3,86.000420780,RC2_0046_ICR-3_p08
377.154835240,463.155252423,86.000417183,Other,random,malonyl_group_(_H2O)_C3H2O3,86.000420780,RC2_0046_ICR-3_p08
359.199255408,445.199672591,86.000417183,Other,random,malonyl_group_(_H2O)_C3H2O3,86.000420780,RC2_0046_ICR-3_p08
443.098228505,529.098645688,86.000417183,Other,random,malonyl_group_(_H2O)_C3H2O3,86.000420780,RC2_0046_ICR-3_p08
337.069369284,423.069787467,86.000418183,Other,random,malonyl_group_(_H2O)_C3H2O3,86.000420780,RC2_0046_ICR-3_p08
343.058954876,429.059373059,86.000418183,Other,random,malonyl_group_(_H2O)_C3H2O3,86.000420780,RC2_0046_ICR-3_p08
343.168094413,429.168512596,86.000418183,Other,random,malonyl_group_(_H2O)_C3H2O3,86.000420780,RC2_0046_ICR-3_p08
387.084999116,473.085417299,86.000418183,Other,random,malonyl_group_(_H2O)_C3H2O3,86.000420780,RC2_0046_ICR-3_p08
433.308700033,519.309118216,86.000418183,Other,random,malonyl_group_(_H2O)_C3H2O3,86.000420780,RC2_0046_ICR-3_p08
537.124989640,623.125407823,86.000418183,Other,random,malonyl_group_(_H2O)_C3H2O3,86.000420780,RC2_0046_ICR-3_p08
519.187110733,605.187528916,86.000418183,Other,random,malonyl_group_(_H2O)_C3H2O3,86.000420780,RC2_0046_ICR-3_p08
317.139288828,403.139707011,86.000418183,Other,random,malonyl_group_(_H2O)_C3H2O3,86.000420780,RC2_0046_ICR-3_p08
335.113467581,421.113886764,86.000419183,Other,random,malonyl_group_(_H2O)_C3H2O3,86.000420780,RC2_0046_ICR-3_p08
397.077311728,483.077730911,86.000419183,Other,random,malonyl_group_(_H2O)_C3H2O3,86.000420780,RC2_0046_ICR-3_p08
413.181552413,499.181971596,86.000419183,Other,random,malonyl_group_(_H2O)_C3H2O3,86.000420780,RC2_0046_ICR-3_p08
347.272090004,433.272509187,86.000419183,Other,random,malonyl_group_(_H2O)_C3H2O3,86.000420780,RC2_0046_ICR-3_p08
451.160809304,537.161228486,86.000419183,Other,random,malonyl_group_(_H2O)_C3H2O3,86.000420780,RC2_0046_ICR-3_p08
321.097822036,407.098242219,86.000420183,Other,random,malonyl_group_(_H2O)_C3H2O3,86.000420780,RC2_0046_ICR-3_p08
317.225161464,403.225581647,86.000420183,Other,random,malonyl_group_(_H2O)_C3H2O3,86.000420780,RC2_0046_ICR-3_p08
569.093820027,655.094240210,86.000420183,Other,random,malonyl_group_(_H2O)_C3H2O3,86.000420780,RC2_0046_ICR-3_p08
399.056783331,485.057204514,86.000421183,Other,random,malonyl_group_(_H2O)_C3H2O3,86.000420780,RC2_0046_ICR-3_p08
401.123967562,487.124388745,86.000421183,Other,random,malonyl_group_(_H2O)_C3H2O3,86.000420780,RC2_0046_ICR-3_p08
387.175505732,473.175926915,86.000421183,Other,random,malonyl_group_(_H2O)_C3H2O3,86.000420780,RC2_0046_ICR-3_p08
402.111997371,488.112418553,86.000421183,Other,random,malonyl_group_(_H2O)_C3H2O3,86.000420780,RC2_0046_ICR-3_p08
335.199384217,421.199805399,86.000421183,Other,random,malonyl_group_(_H2O)_C3H2O3,86.000420780,RC2_0046_ICR-3_p08
491.168678589,577.169099772,86.000421183,Other,random,malonyl_group_(_H2O)_C3H2O3,86.000420780,RC2_0046_ICR-3_p08
375.230654402,461.231076585,86.000422183,Other,random,malonyl_group_(_H2O)_C3H2O3,86.000420780,RC2_0046_ICR-3_p08
407.256874546,493.257296729,86.000422183,Other,random,malonyl_group_(_H2O)_C3H2O3,86.000420780,RC2_0046_ICR-3_p08
469.236171627,555.236593810,86.000422183,Other,random,malonyl_group_(_H2O)_C3H2O3,86.000420780,RC2_0046_ICR-3_p08
479.155765548,565.156187731,86.000422183,Other,random,malonyl_group_(_H2O)_C3H2O3,86.000420780,RC2_0046_ICR-3_p08
365.123981275,451.124403458,86.000422183,Other,random,malonyl_group_(_H2O)_C3H2O3,86.000420780,RC2_0046_ICR-3_p08
371.040630177,457.041052359,86.000422183,Other,random,malonyl_group_(_H2O)_C3H2O3,86.000420780,RC2_0046_ICR-3_p08
375.121347866,461.121770049,86.000422183,Other,random,malonyl_group_(_H2O)_C3H2O3,86.000420780,RC2_0046_ICR-3_p08
518.166624062,604.167047245,86.000423183,Other,random,malonyl_group_(_H2O)_C3H2O3,86.000420780,RC2_0046_ICR-3_p08
353.087620334,439.088043517,86.000423183,Other,random,malonyl_group_(_H2O)_C3H2O3,86.000420780,RC2_0046_ICR-3_p08
429.140145716,515.140568899,86.000423183,Other,random,malonyl_group_(_H2O)_C3H2O3,86.000420780,RC2_0046_ICR-3_p08
387.102684041,473.103107224,86.000423183,Other,random,malonyl_group_(_H2O)_C3H2O3,86.000420780,RC2_0046_ICR-3_p08
401.118440585,487.118863768,86.000423183,Other,random,malonyl_group_(_H2O)_C3H2O3,86.000420780,RC2_0046_ICR-3_p08
413.173537447,499.173960630,86.000423183,Other,random,malonyl_group_(_H2O)_C3H2O3,86.000420780,RC2_0046_ICR-3_p08
375.102817945,461.103241127,86.000423183,Other,random,malonyl_group_(_H2O)_C3H2O3,86.000420780,RC2_0046_ICR-3_p08
410.158362238,496.158786420,86.000424183,Other,random,malonyl_group_(_H2O)_C3H2O3,86.000420780,RC2_0046_ICR-3_p08
431.165408125,517.165832308,86.000424183,Other,random,malonyl_group_(_H2O)_C3H2O3,86.000420780,RC2_0046_ICR-3_p08
290.030504825,376.030929008,86.000424183,Other,random,malonyl_group_(_H2O)_C3H2O3,86.000420780,RC2_0046_ICR-3_p08
413.160350503,499.160774686,86.000424183,Other,random,malonyl_group_(_H2O)_C3H2O3,86.000420780,RC2_0046_ICR-3_p08
417.113388734,503.113812917,86.000424183,Other,random,malonyl_group_(_H2O)_C3H2O3,86.000420780,RC2_0046_ICR-3_p08
473.036174507,559.036598690,86.000424183,Other,random,malonyl_group_(_H2O)_C3H2O3,86.000420780,RC2_0046_ICR-3_p08
381.082418579,467.082842762,86.000424183,Other,random,malonyl_group_(_H2O)_C3H2O3,86.000420780,RC2_0046_ICR-3_p08
398.044367626,484.044791809,86.000424183,Other,random,malonyl_group_(_H2O)_C3H2O3,86.000420780,RC2_0046_ICR-3_p08
523.109276095,609.109701278,86.000425183,Other,random,malonyl_group_(_H2O)_C3H2O3,86.000420780,RC2_0046_ICR-3_p08
337.019969494,423.020394676,86.000425183,Other,random,malonyl_group_(_H2O)_C3H2O3,86.000420780,RC2_0046_ICR-3_p08
401.082095740,487.082520922,86.000425183,Other,random,malonyl_group_(_H2O)_C3H2O3,86.000420780,RC2_0046_ICR-3_p08
325.056365244,411.056790426,86.000425183,Other,random,malonyl_group_(_H2O)_C3H2O3,86.000420780,RC2_0046_ICR-3_p08
343.076587801,429.077012984,86.000425183,Other,random,malonyl_group_(_H2O)_C3H2O3,86.000420780,RC2_0046_ICR-3_p08
605.187528916,691.187955099,86.000426183,Other,random,malonyl_group_(_H2O)_C3H2O3,86.000420780,RC2_0046_ICR-3_p08
417.140069621,503.140495804,86.000426183,Other,random,malonyl_group_(_H2O)_C3H2O3,86.000420780,RC2_0046_ICR-3_p08
443.264883798,529.265309981,86.000426183,Other,random,malonyl_group_(_H2O)_C3H2O3,86.000420780,RC2_0046_ICR-3_p08
541.221011265,627.221437448,86.000426183,Other,random,malonyl_group_(_H2O)_C3H2O3,86.000420780,RC2_0046_ICR-3_p08
487.210244381,573.210670563,86.000426183,Other,random,malonyl_group_(_H2O)_C3H2O3,86.000420780,RC2_0046_ICR-3_p08
489.189585984,575.190012167,86.000426183,Other,random,malonyl_group_(_H2O)_C3H2O3,86.000420780,RC2_0046_ICR-3_p08
391.097675094,477.098102277,86.000427183,Other,random,malonyl_group_(_H2O)_C3H2O3,86.000420780,RC2_0046_ICR-3_p08
495.215423422,581.215850605,86.000427183,Other,random,malonyl_group_(_H2O)_C3H2O3,86.000420780,RC2_0046_ICR-3_p08
519.236543524,605.236970707,86.000427183,Other,random,malonyl_group_(_H2O)_C3H2O3,86.000420780,RC2_0046_ICR-3_p08
437.217895450,523.218322633,86.000427183,Other,random,malonyl_group_(_H2O)_C3H2O3,86.000420780,RC2_0046_ICR-3_p08
455.082903666,541.083330849,86.000427183,Other,random,malonyl_group_(_H2O)_C3H2O3,86.000420780,RC2_0046_ICR-3_p08
429.249337253,515.249765436,86.000428183,Other,random,malonyl_group_(_H2O)_C3H2O3,86.000420780,RC2_0046_ICR-3_p08
329.139349923,415.139778106,86.000428183,Other,random,malonyl_group_(_H2O)_C3H2O3,86.000420780,RC2_0046_ICR-3_p08
643.240148496,729.240576678,86.000428183,Other,random,malonyl_group_(_H2O)_C3H2O3,86.000420780,RC2_0046_ICR-3_p08
491.132440742,577.132868925,86.000428183,Other,random,malonyl_group_(_H2O)_C3H2O3,86.000420780,RC2_0046_ICR-3_p08
585.109562088,671.109990271,86.000428183,Other,random,malonyl_group_(_H2O)_C3H2O3,86.000420780,RC2_0046_ICR-3_p08
435.215247945,521.215676128,86.000428183,Other,random,malonyl_group_(_H2O)_C3H2O3,86.000420780,RC2_0046_ICR-3_p08
453.176467753,539.176895936,86.000428183,Other,random,malonyl_group_(_H2O)_C3H2O3,86.000420780,RC2_0046_ICR-3_p08
375.194119557,461.194548740,86.000429183,Other,random,malonyl_group_(_H2O)_C3H2O3,86.000420780,RC2_0046_ICR-3_p08
543.163834023,629.164263206,86.000429183,Other,random,malonyl_group_(_H2O)_C3H2O3,86.000420780,RC2_0046_ICR-3_p08
365.152377155,451.152806338,86.000429183,Other,random,malonyl_group_(_H2O)_C3H2O3,86.000420780,RC2_0046_ICR-3_p08
499.124478840,585.124908023,86.000429183,Other,random,malonyl_group_(_H2O)_C3H2O3,86.000420780,RC2_0046_ICR-3_p08
627.193235567,713.193664750,86.000429183,Other,random,malonyl_group_(_H2O)_C3H2O3,86.000420780,RC2_0046_ICR-3_p08
307.204408972,393.204839155,86.000430183,Other,random,malonyl_group_(_H2O)_C3H2O3,86.000420780,RC2_0046_ICR-3_p08
505.148134287,591.148564470,86.000430183,Other,random,malonyl_group_(_H2O)_C3H2O3,86.000420780,RC2_0046_ICR-3_p08
447.129500405,533.129930587,86.000430183,Other,random,malonyl_group_(_H2O)_C3H2O3,86.000420780,RC2_0046_ICR-3_p08
391.030549379,477.030979561,86.000430183,Other,random,malonyl_group_(_H2O)_C3H2O3,86.000420780,RC2_0046_ICR-3_p08
289.121132682,375.157902711,86.036770029,Other,random,C4H6O2,86.036780000,RC2_0046_ICR-3_p08
446.072805887,532.109575916,86.036770029,Other,random,C4H6O2,86.036780000,RC2_0046_ICR-3_p08
298.051069801,384.087839830,86.036770029,Other,random,C4H6O2,86.036780000,RC2_0046_ICR-3_p08
349.092643281,435.129413309,86.036770029,Other,random,C4H6O2,86.036780000,RC2_0046_ICR-3_p08
381.110942458,467.147712487,86.036770029,Other,random,C4H6O2,86.036780000,RC2_0046_ICR-3_p08
391.103234070,477.140004099,86.036770029,Other,random,C4H6O2,86.036780000,RC2_0046_ICR-3_p08
431.147726200,517.184496229,86.036770029,Other,random,C4H6O2,86.036780000,RC2_0046_ICR-3_p08
443.301224644,529.337994673,86.036770029,Other,random,C4H6O2,86.036780000,RC2_0046_ICR-3_p08
349.019999589,435.056770618,86.036771029,Other,random,C4H6O2,86.036780000,RC2_0046_ICR-3_p08
313.157426719,399.194197748,86.036771029,Other,random,C4H6O2,86.036780000,RC2_0046_ICR-3_p08
385.186535169,471.223306198,86.036771029,Other,random,C4H6O2,86.036780000,RC2_0046_ICR-3_p08
363.102831849,449.139602878,86.036771029,Other,random,C4H6O2,86.036780000,RC2_0046_ICR-3_p08
385.150269323,471.187040352,86.036771029,Other,random,C4H6O2,86.036780000,RC2_0046_ICR-3_p08
423.056822522,509.093593551,86.036771029,Other,random,C4H6O2,86.036780000,RC2_0046_ICR-3_p08
483.296181984,569.332953013,86.036771029,Other,random,C4H6O2,86.036780000,RC2_0046_ICR-3_p08
561.088525986,647.125297015,86.036771029,Other,random,C4H6O2,86.036780000,RC2_0046_ICR-3_p08
455.111370545,541.148142574,86.036772029,Other,random,C4H6O2,86.036780000,RC2_0046_ICR-3_p08
403.066851320,489.103623349,86.036772029,Other,random,C4H6O2,86.036780000,RC2_0046_ICR-3_p08
533.215762223,619.252534252,86.036772029,Other,random,C4H6O2,86.036780000,RC2_0046_ICR-3_p08
575.249862913,661.286634942,86.036772029,Other,random,C4H6O2,86.036780000,RC2_0046_ICR-3_p08
337.159927900,423.196700929,86.036773029,Other,random,C4H6O2,86.036780000,RC2_0046_ICR-3_p08
353.173473970,439.210246998,86.036773029,Other,random,C4H6O2,86.036780000,RC2_0046_ICR-3_p08
421.150163610,507.186936639,86.036773029,Other,random,C4H6O2,86.036780000,RC2_0046_ICR-3_p08
565.156187731,651.192960759,86.036773029,Other,random,C4H6O2,86.036780000,RC2_0046_ICR-3_p08
569.130388872,655.167161901,86.036773029,Other,random,C4H6O2,86.036780000,RC2_0046_ICR-3_p08
429.285576099,515.322350128,86.036774029,Other,random,C4H6O2,86.036780000,RC2_0046_ICR-3_p08
313.084682028,399.121456057,86.036774029,Other,random,C4H6O2,86.036780000,RC2_0046_ICR-3_p08
337.129139030,423.165914059,86.036775029,Other,random,C4H6O2,86.036780000,RC2_0046_ICR-3_p08
347.004343139,433.041118168,86.036775029,Other,random,C4H6O2,86.036780000,RC2_0046_ICR-3_p08
415.051660480,501.088435509,86.036775029,Other,random,C4H6O2,86.036780000,RC2_0046_ICR-3_p08
431.207465947,517.244240975,86.036775029,Other,random,C4H6O2,86.036780000,RC2_0046_ICR-3_p08
463.124446553,549.161221582,86.036775029,Other,random,C4H6O2,86.036780000,RC2_0046_ICR-3_p08
559.130566292,645.167342320,86.036776029,Other,random,C4H6O2,86.036780000,RC2_0046_ICR-3_p08
387.048641270,473.085417299,86.036776029,Other,random,C4H6O2,86.036780000,RC2_0046_ICR-3_p08
392.062148003,478.098924031,86.036776029,Other,random,C4H6O2,86.036780000,RC2_0046_ICR-3_p08
413.035891031,499.072667060,86.036776029,Other,random,C4H6O2,86.036780000,RC2_0046_ICR-3_p08
479.168784493,565.205560521,86.036776029,Other,random,C4H6O2,86.036780000,RC2_0046_ICR-3_p08
307.082219491,393.118996519,86.036777029,Other,random,C4H6O2,86.036780000,RC2_0046_ICR-3_p08
341.087629238,427.124406267,86.036777029,Other,random,C4H6O2,86.036780000,RC2_0046_ICR-3_p08
355.168012509,441.204789537,86.036777029,Other,random,C4H6O2,86.036780000,RC2_0046_ICR-3_p08
383.183962664,469.220739693,86.036777029,Other,random,C4H6O2,86.036780000,RC2_0046_ICR-3_p08
593.151328974,679.188106003,86.036777029,Other,random,C4H6O2,86.036780000,RC2_0046_ICR-3_p08
379.103200975,465.139979003,86.036778029,Other,random,C4H6O2,86.036780000,RC2_0046_ICR-3_p08
391.079905169,477.116683198,86.036778029,Other,random,C4H6O2,86.036780000,RC2_0046_ICR-3_p08
405.168317406,491.205095434,86.036778029,Other,random,C4H6O2,86.036780000,RC2_0046_ICR-3_p08
537.088629794,623.125407823,86.036778029,Other,random,C4H6O2,86.036780000,RC2_0046_ICR-3_p08
545.215848318,631.252626347,86.036778029,Other,random,C4H6O2,86.036780000,RC2_0046_ICR-3_p08
401.100698661,487.137476689,86.036778029,Other,random,C4H6O2,86.036780000,RC2_0046_ICR-3_p08
427.134113226,513.170891254,86.036778029,Other,random,C4H6O2,86.036780000,RC2_0046_ICR-3_p08
239.067418012,325.104197041,86.036779029,Other,random,C4H6O2,86.036780000,RC2_0046_ICR-3_p08
357.082591387,443.119370416,86.036779029,Other,random,C4H6O2,86.036780000,RC2_0046_ICR-3_p08
368.111494602,454.148273631,86.036779029,Other,random,C4H6O2,86.036780000,RC2_0046_ICR-3_p08
511.210291571,597.247071600,86.036780029,Other,random,C4H6O2,86.036780000,RC2_0046_ICR-3_p08
325.129161935,411.165941963,86.036780029,Other,random,C4H6O2,86.036780000,RC2_0046_ICR-3_p08
345.191780828,431.228560857,86.036780029,Other,random,C4H6O2,86.036780000,RC2_0046_ICR-3_p08
381.074433613,467.111214641,86.036781029,Other,random,C4H6O2,86.036780000,RC2_0046_ICR-3_p08
311.186302081,397.223083110,86.036781029,Other,random,C4H6O2,86.036780000,RC2_0046_ICR-3_p08
497.122003334,583.158784363,86.036781029,Other,random,C4H6O2,86.036780000,RC2_0046_ICR-3_p08
405.059221868,491.096002897,86.036781029,Other,random,C4H6O2,86.036780000,RC2_0046_ICR-3_p08
335.053797834,421.090579863,86.036782029,Other,random,C4H6O2,86.036780000,RC2_0046_ICR-3_p08
437.137129793,523.173911821,86.036782029,Other,random,C4H6O2,86.036780000,RC2_0046_ICR-3_p08
511.109313000,597.146095028,86.036782029,Other,random,C4H6O2,86.036780000,RC2_0046_ICR-3_p08
339.139191504,425.175974532,86.036783029,Other,random,C4H6O2,86.036780000,RC2_0046_ICR-3_p08
335.077103735,421.113886764,86.036783029,Other,random,C4H6O2,86.036780000,RC2_0046_ICR-3_p08
341.173514874,427.210297903,86.036783029,Other,random,C4H6O2,86.036780000,RC2_0046_ICR-3_p08
357.046081542,443.082864571,86.036783029,Other,random,C4H6O2,86.036780000,RC2_0046_ICR-3_p08
357.110821267,443.147604296,86.036783029,Other,random,C4H6O2,86.036780000,RC2_0046_ICR-3_p08
379.043586228,465.080369256,86.036783029,Other,random,C4H6O2,86.036780000,RC2_0046_ICR-3_p08
402.046572648,488.083355677,86.036783029,Other,random,C4H6O2,86.036780000,RC2_0046_ICR-3_p08
361.019841685,447.056625714,86.036784029,Other,random,C4H6O2,86.036780000,RC2_0046_ICR-3_p08
391.116388014,477.153172043,86.036784029,Other,random,C4H6O2,86.036780000,RC2_0046_ICR-3_p08
449.230954490,535.267738519,86.036784029,Other,random,C4H6O2,86.036780000,RC2_0046_ICR-3_p08
461.218001641,547.254785669,86.036784029,Other,random,C4H6O2,86.036780000,RC2_0046_ICR-3_p08
269.131227480,355.168012509,86.036785029,Other,random,C4H6O2,86.036780000,RC2_0046_ICR-3_p08
331.009427991,417.046213019,86.036785029,Other,random,C4H6O2,86.036780000,RC2_0046_ICR-3_p08
389.118303490,475.155088519,86.036785029,Other,random,C4H6O2,86.036780000,RC2_0046_ICR-3_p08
336.108709359,422.145494388,86.036785029,Other,random,C4H6O2,86.036780000,RC2_0046_ICR-3_p08
371.098111933,457.134896961,86.036785029,Other,random,C4H6O2,86.036780000,RC2_0046_ICR-3_p08
373.142194262,459.178979290,86.036785029,Other,random,C4H6O2,86.036780000,RC2_0046_ICR-3_p08
477.080336352,563.117121381,86.036785029,Other,random,C4H6O2,86.036780000,RC2_0046_ICR-3_p08
503.277958221,589.314743249,86.036785029,Other,random,C4H6O2,86.036780000,RC2_0046_ICR-3_p08
471.077781815,557.114567844,86.036786029,Other,random,C4H6O2,86.036780000,RC2_0046_ICR-3_p08
373.069380571,459.106166599,86.036786029,Other,random,C4H6O2,86.036780000,RC2_0046_ICR-3_p08
373.214900953,459.251686982,86.036786029,Other,random,C4H6O2,86.036780000,RC2_0046_ICR-3_p08
395.025350432,481.062136461,86.036786029,Other,random,C4H6O2,86.036780000,RC2_0046_ICR-3_p08
399.129537022,485.166323051,86.036786029,Other,random,C4H6O2,86.036780000,RC2_0046_ICR-3_p08
395.147674914,481.184460942,86.036786029,Other,random,C4H6O2,86.036780000,RC2_0046_ICR-3_p08
569.203310563,655.240096591,86.036786029,Other,random,C4H6O2,86.036780000,RC2_0046_ICR-3_p08
321.134232882,407.171018910,86.036786029,Other,random,C4H6O2,86.036780000,RC2_0046_ICR-3_p08
457.062282269,543.099068298,86.036786029,Other,random,C4H6O2,86.036780000,RC2_0046_ICR-3_p08
425.137002698,511.173789726,86.036787029,Other,random,C4H6O2,86.036780000,RC2_0046_ICR-3_p08
473.181610891,559.218397919,86.036787029,Other,random,C4H6O2,86.036780000,RC2_0046_ICR-3_p08
489.189585984,575.226373013,86.036787029,Other,random,C4H6O2,86.036780000,RC2_0046_ICR-3_p08
407.134472065,493.171259094,86.036787029,Other,random,C4H6O2,86.036780000,RC2_0046_ICR-3_p08
411.020269581,497.057056610,86.036787029,Other,random,C4H6O2,86.036780000,RC2_0046_ICR-3_p08
337.123528054,423.160315083,86.036787029,Other,random,C4H6O2,86.036780000,RC2_0046_ICR-3_p08
357.037938577,443.074725605,86.036787029,Other,random,C4H6O2,86.036780000,RC2_0046_ICR-3_p08
345.074538326,431.111326354,86.036788029,Other,random,C4H6O2,86.036780000,RC2_0046_ICR-3_p08
334.020361218,420.057149247,86.036788029,Other,random,C4H6O2,86.036780000,RC2_0046_ICR-3_p08
529.098645688,615.135433717,86.036788029,Other,random,C4H6O2,86.036780000,RC2_0046_ICR-3_p08
345.055820405,431.092608434,86.036788029,Other,random,C4H6O2,86.036780000,RC2_0046_ICR-3_p08
459.114232565,545.151020593,86.036788029,Other,random,C4H6O2,86.036780000,RC2_0046_ICR-3_p08
418.114285488,504.151074517,86.036789029,Other,random,C4H6O2,86.036780000,RC2_0046_ICR-3_p08
477.103592253,563.140381282,86.036789029,Other,random,C4H6O2,86.036780000,RC2_0046_ICR-3_p08
305.087691952,391.124480980,86.036789029,Other,random,C4H6O2,86.036780000,RC2_0046_ICR-3_p08
319.204436068,405.241225096,86.036789029,Other,random,C4H6O2,86.036780000,RC2_0046_ICR-3_p08
649.104993617,735.141782645,86.036789029,Other,random,C4H6O2,86.036780000,RC2_0046_ICR-3_p08
467.184204332,553.220993360,86.036789029,Other,random,C4H6O2,86.036780000,RC2_0046_ICR-3_p08
619.276094152,705.312883181,86.036789029,Other,random,C4H6O2,86.036780000,RC2_0046_ICR-3_p08
315.014563841,401.087719716,86.073155874,Other,random,C5H10O1,86.073165000,RC2_0046_ICR-3_p08
359.098219837,445.171375711,86.073155874,Other,random,C5H10O1,86.073165000,RC2_0046_ICR-3_p08
362.088018154,448.161174028,86.073155874,Other,random,C5H10O1,86.073165000,RC2_0046_ICR-3_p08
401.181608317,487.254764192,86.073155874,Other,random,C5H10O1,86.073165000,RC2_0046_ICR-3_p08
334.178898546,420.252055420,86.073156874,Other,random,C5H10O1,86.073165000,RC2_0046_ICR-3_p08
373.113891382,459.187048256,86.073156874,Other,random,C5H10O1,86.073165000,RC2_0046_ICR-3_p08
425.072427972,511.145584846,86.073156874,Other,random,C5H10O1,86.073165000,RC2_0046_ICR-3_p08
629.151378261,715.224535135,86.073156874,Other,random,C5H10O1,86.073165000,RC2_0046_ICR-3_p08
355.131632663,441.204789537,86.073156874,Other,random,C5H10O1,86.073165000,RC2_0046_ICR-3_p08
511.109313000,597.182470874,86.073157874,Other,random,C5H10O1,86.073165000,RC2_0046_ICR-3_p08
335.149919426,421.223077301,86.073157874,Other,random,C5H10O1,86.073165000,RC2_0046_ICR-3_p08
375.056657140,461.129815015,86.073157874,Other,random,C5H10O1,86.073165000,RC2_0046_ICR-3_p08
409.150237514,495.223395388,86.073157874,Other,random,C5H10O1,86.073165000,RC2_0046_ICR-3_p08
471.150686506,557.223844380,86.073157874,Other,random,C5H10O1,86.073165000,RC2_0046_ICR-3_p08
483.114250756,569.187409630,86.073158874,Other,random,C5H10O1,86.073165000,RC2_0046_ICR-3_p08
343.103348688,429.176508562,86.073159874,Other,random,C5H10O1,86.073165000,RC2_0046_ICR-3_p08
345.147339017,431.220498891,86.073159874,Other,random,C5H10O1,86.073165000,RC2_0046_ICR-3_p08
401.051228870,487.124388745,86.073159874,Other,random,C5H10O1,86.073165000,RC2_0046_ICR-3_p08
419.147624105,505.220783979,86.073159874,Other,random,C5H10O1,86.073165000,RC2_0046_ICR-3_p08
469.199660782,555.272820656,86.073159874,Other,random,C5H10O1,86.073165000,RC2_0046_ICR-3_p08
391.225456552,477.298616426,86.073159874,Other,random,C5H10O1,86.073165000,RC2_0046_ICR-3_p08
337.019969494,423.093130368,86.073160874,Other,random,C5H10O1,86.073165000,RC2_0046_ICR-3_p08
365.160345121,451.233505995,86.073160874,Other,random,C5H10O1,86.073165000,RC2_0046_ICR-3_p08
383.207419565,469.280580439,86.073160874,Other,random,C5H10O1,86.073165000,RC2_0046_ICR-3_p08
371.126536812,457.199697686,86.073160874,Other,random,C5H10O1,86.073165000,RC2_0046_ICR-3_p08
375.048609175,461.121770049,86.073160874,Other,random,C5H10O1,86.073165000,RC2_0046_ICR-3_p08
393.009625983,479.082786858,86.073160874,Other,random,C5H10O1,86.073165000,RC2_0046_ICR-3_p08
250.072156330,336.145318204,86.073161874,Other,random,C5H10O1,86.073165000,RC2_0046_ICR-3_p08
350.051620213,436.124782087,86.073161874,Other,random,C5H10O1,86.073165000,RC2_0046_ICR-3_p08
375.144839766,461.218001641,86.073161874,Other,random,C5H10O1,86.073165000,RC2_0046_ICR-3_p08
661.177839403,747.251001277,86.073161874,Other,random,C5H10O1,86.073165000,RC2_0046_ICR-3_p08
451.152806338,537.225969212,86.073162874,Other,random,C5H10O1,86.073165000,RC2_0046_ICR-3_p08
479.183986428,565.257149302,86.073162874,Other,random,C5H10O1,86.073165000,RC2_0046_ICR-3_p08
435.142513254,521.215676128,86.073162874,Other,random,C5H10O1,86.073165000,RC2_0046_ICR-3_p08
369.131865274,455.205029148,86.073163874,Other,random,C5H10O1,86.073165000,RC2_0046_ICR-3_p08
507.200071583,593.273235457,86.073163874,Other,random,C5H10O1,86.073165000,RC2_0046_ICR-3_p08
617.151244166,703.224408040,86.073163874,Other,random,C5H10O1,86.073165000,RC2_0046_ICR-3_p08
320.077487364,406.150651239,86.073163874,Other,random,C5H10O1,86.073165000,RC2_0046_ICR-3_p08
369.046234637,455.119399511,86.073164874,Other,random,C5H10O1,86.073165000,RC2_0046_ICR-3_p08
721.235275637,807.308440511,86.073164874,Other,random,C5H10O1,86.073165000,RC2_0046_ICR-3_p08
289.157489528,375.230654402,86.073164874,Other,random,C5H10O1,86.073165000,RC2_0046_ICR-3_p08
365.100578375,451.173743249,86.073164874,Other,random,C5H10O1,86.073165000,RC2_0046_ICR-3_p08
382.049429477,468.122594351,86.073164874,Other,random,C5H10O1,86.073165000,RC2_0046_ICR-3_p08
423.202264905,509.275429779,86.073164874,Other,random,C5H10O1,86.073165000,RC2_0046_ICR-3_p08
467.205157243,553.278323117,86.073165874,Other,random,C5H10O1,86.073165000,RC2_0046_ICR-3_p08
504.158934484,590.232100358,86.073165874,Other,random,C5H10O1,86.073165000,RC2_0046_ICR-3_p08
363.194225461,449.267391336,86.073165874,Other,random,C5H10O1,86.073165000,RC2_0046_ICR-3_p08
385.077519632,471.150686506,86.073166874,Other,random,C5H10O1,86.073165000,RC2_0046_ICR-3_p08
353.173473970,439.246640844,86.073166874,Other,random,C5H10O1,86.073165000,RC2_0046_ICR-3_p08
385.142185357,471.215352231,86.073166874,Other,random,C5H10O1,86.073165000,RC2_0046_ICR-3_p08
409.041108977,495.114276851,86.073167874,Other,random,C5H10O1,86.073165000,RC2_0046_ICR-3_p08
533.179366378,619.252534252,86.073167874,Other,random,C5H10O1,86.073165000,RC2_0046_ICR-3_p08
381.155179270,467.228347145,86.073167874,Other,random,C5H10O1,86.073165000,RC2_0046_ICR-3_p08
389.137012411,475.210181285,86.073168874,Other,random,C5H10O1,86.073165000,RC2_0046_ICR-3_p08
403.066851320,489.140020194,86.073168874,Other,random,C5H10O1,86.073165000,RC2_0046_ICR-3_p08
333.183743767,419.256913641,86.073169874,Other,random,C5H10O1,86.073165000,RC2_0046_ICR-3_p08
431.111326354,517.184496229,86.073169874,Other,random,C5H10O1,86.073165000,RC2_0046_ICR-3_p08
318.061766915,404.134936789,86.073169874,Other,random,C5H10O1,86.073165000,RC2_0046_ICR-3_p08
361.050771554,447.123941428,86.073169874,Other,random,C5H10O1,86.073165000,RC2_0046_ICR-3_p08
381.131987369,467.205157243,86.073169874,Other,random,C5H10O1,86.073165000,RC2_0046_ICR-3_p08
469.108100171,555.181270045,86.073169874,Other,random,C5H10O1,86.073165000,RC2_0046_ICR-3_p08
423.215300850,509.288471724,86.073170874,Other,random,C5H10O1,86.073165000,RC2_0046_ICR-3_p08
511.072924154,597.146095028,86.073170874,Other,random,C5H10O1,86.073165000,RC2_0046_ICR-3_p08
425.194589453,511.267760328,86.073170874,Other,random,C5H10O1,86.073165000,RC2_0046_ICR-3_p08
445.171375711,531.244547585,86.073171874,Other,random,C5H10O1,86.073165000,RC2_0046_ICR-3_p08
309.097848940,395.171020815,86.073171874,Other,random,C5H10O1,86.073165000,RC2_0046_ICR-3_p08
361.019841685,447.093013559,86.073171874,Other,random,C5H10O1,86.073165000,RC2_0046_ICR-3_p08
457.144648920,543.217820794,86.073171874,Other,random,C5H10O1,86.073165000,RC2_0046_ICR-3_p08
469.025924519,555.099096393,86.073171874,Other,random,C5H10O1,86.073165000,RC2_0046_ICR-3_p08
573.125134926,659.198307800,86.073172874,Other,random,C5H10O1,86.073165000,RC2_0046_ICR-3_p08
337.123528054,423.196700929,86.073172874,Other,random,C5H10O1,86.073165000,RC2_0046_ICR-3_p08
469.135005056,555.208177931,86.073172874,Other,random,C5H10O1,86.073165000,RC2_0046_ICR-3_p08
483.259780139,569.332953013,86.073172874,Other,random,C5H10O1,86.073165000,RC2_0046_ICR-3_p08
375.157902711,461.231076585,86.073173874,Other,random,C5H10O1,86.073165000,RC2_0046_ICR-3_p08
401.173563352,487.246737226,86.073173874,Other,random,C5H10O1,86.073165000,RC2_0046_ICR-3_p08
479.132386647,565.205560521,86.073173874,Other,random,C5H10O1,86.073165000,RC2_0046_ICR-3_p08
333.220002613,419.293176487,86.073173874,Other,random,C5H10O1,86.073165000,RC2_0046_ICR-3_p08
365.087635429,451.160809304,86.073173874,Other,random,C5H10O1,86.073165000,RC2_0046_ICR-3_p08
405.095503714,491.168678589,86.073174874,Other,random,C5H10O1,86.073165000,RC2_0046_ICR-3_p08
343.009473086,429.082647960,86.073174874,Other,random,C5H10O1,86.073165000,RC2_0046_ICR-3_p08
437.100736947,523.173911821,86.073174874,Other,random,C5H10O1,86.073165000,RC2_0046_ICR-3_p08
517.098707592,603.171882467,86.073174874,Other,random,C5H10O1,86.073165000,RC2_0046_ICR-3_p08
547.122388231,633.195563105,86.073174874,Other,random,C5H10O1,86.073165000,RC2_0046_ICR-3_p08
385.019858876,471.093033750,86.073174874,Other,random,C5H10O1,86.073165000,RC2_0046_ICR-3_p08
395.098140124,481.171314998,86.073174874,Other,random,C5H10O1,86.073165000,RC2_0046_ICR-3_p08
579.148297376,665.245262149,86.096964773,Other,random,C5H12N1,86.096974000,RC2_0046_ICR-3_p08
459.033081909,545.130046682,86.096964773,Other,random,C5H12N1,86.096974000,RC2_0046_ICR-3_p08
351.102776754,437.212317474,86.109540720,Other,random,C6H14,86.109550000,RC2_0046_ICR-3_p08
349.050777458,435.160318178,86.109540720,Other,random,C6H14,86.109550000,RC2_0046_ICR-3_p08
421.040965073,507.150505793,86.109540720,Other,random,C6H14,86.109550000,RC2_0046_ICR-3_p08
473.129764110,559.239304830,86.109540720,Other,random,C6H14,86.109550000,RC2_0046_ICR-3_p08
407.184092855,493.293634575,86.109541720,Other,random,C6H14,86.109550000,RC2_0046_ICR-3_p08
383.061812182,469.171353902,86.109541720,Other,random,C6H14,86.109550000,RC2_0046_ICR-3_p08
475.088059803,561.197601523,86.109541720,Other,random,C6H14,86.109550000,RC2_0046_ICR-3_p08
523.194932732,609.304474452,86.109541720,Other,random,C6H14,86.109550000,RC2_0046_ICR-3_p08
485.036023604,571.145566324,86.109542720,Other,random,C6H14,86.109550000,RC2_0046_ICR-3_p08
320.041108519,406.150651239,86.109542720,Other,random,C6H14,86.109550000,RC2_0046_ICR-3_p08
335.126495526,421.236038246,86.109542720,Other,random,C6H14,86.109550000,RC2_0046_ICR-3_p08
329.030234386,415.139778106,86.109543720,Other,random,C6H14,86.109550000,RC2_0046_ICR-3_p08
365.137137219,451.246680939,86.109543720,Other,random,C6H14,86.109550000,RC2_0046_ICR-3_p08
396.064995022,482.174538742,86.109543720,Other,random,C6H14,86.109550000,RC2_0046_ICR-3_p08
415.103213261,501.212756981,86.109543720,Other,random,C6H14,86.109550000,RC2_0046_ICR-3_p08
443.082864571,529.192408291,86.109543720,Other,random,C6H14,86.109550000,RC2_0046_ICR-3_p08
465.176385849,551.285930569,86.109544720,Other,random,C6H14,86.109550000,RC2_0046_ICR-3_p08
369.110970362,455.220515082,86.109544720,Other,random,C6H14,86.109550000,RC2_0046_ICR-3_p08
457.077532205,543.187076925,86.109544720,Other,random,C6H14,86.109550000,RC2_0046_ICR-3_p08
367.152707669,453.262253389,86.109545720,Other,random,C6H14,86.109550000,RC2_0046_ICR-3_p08
401.100698661,487.210244381,86.109545720,Other,random,C6H14,86.109550000,RC2_0046_ICR-3_p08
429.059373059,515.168918779,86.109545720,Other,random,C6H14,86.109550000,RC2_0046_ICR-3_p08
436.101548186,522.211093906,86.109545720,Other,random,C6H14,86.109550000,RC2_0046_ICR-3_p08
407.111211164,493.220757884,86.109546720,Other,random,C6H14,86.109550000,RC2_0046_ICR-3_p08
511.072924154,597.182470874,86.109546720,Other,random,C6H14,86.109550000,RC2_0046_ICR-3_p08
519.041591351,605.151138071,86.109546720,Other,random,C6H14,86.109550000,RC2_0046_ICR-3_p08
633.182757159,719.292303879,86.109546720,Other,random,C6H14,86.109550000,RC2_0046_ICR-3_p08
369.025093727,455.134640447,86.109546720,Other,random,C6H14,86.109550000,RC2_0046_ICR-3_p08
425.158213608,511.267760328,86.109546720,Other,random,C6H14,86.109550000,RC2_0046_ICR-3_p08
521.093539646,607.203086366,86.109546720,Other,random,C6H14,86.109550000,RC2_0046_ICR-3_p08
397.105762607,483.215310327,86.109547720,Other,random,C6H14,86.109550000,RC2_0046_ICR-3_p08
343.066959842,429.176508562,86.109548720,Other,random,C6H14,86.109550000,RC2_0046_ICR-3_p08
343.095198722,429.204747442,86.109548720,Other,random,C6H14,86.109550000,RC2_0046_ICR-3_p08
431.092608434,517.202157154,86.109548720,Other,random,C6H14,86.109550000,RC2_0046_ICR-3_p08
437.108773913,523.218322633,86.109548720,Other,random,C6H14,86.109550000,RC2_0046_ICR-3_p08
517.111742537,603.221291257,86.109548720,Other,random,C6H14,86.109550000,RC2_0046_ICR-3_p08
635.162207762,721.271756482,86.109548720,Other,random,C6H14,86.109550000,RC2_0046_ICR-3_p08
719.147273495,805.256822214,86.109548720,Other,random,C6H14,86.109550000,RC2_0046_ICR-3_p08
555.062823547,641.172373267,86.109549720,Other,random,C6H14,86.109550000,RC2_0046_ICR-3_p08
365.154875144,451.264424864,86.109549720,Other,random,C6H14,86.109550000,RC2_0046_ICR-3_p08
380.033816027,466.143365747,86.109549720,Other,random,C6H14,86.109550000,RC2_0046_ICR-3_p08
415.079877360,501.189427080,86.109549720,Other,random,C6H14,86.109550000,RC2_0046_ICR-3_p08
355.066835938,441.176386658,86.109550720,Other,random,C6H14,86.109550000,RC2_0046_ICR-3_p08
647.089176168,733.198726888,86.109550720,Other,random,C6H14,86.109550000,RC2_0046_ICR-3_p08
317.116029927,403.225581647,86.109551720,Other,random,C6H14,86.109550000,RC2_0046_ICR-3_p08
353.087620334,439.197172054,86.109551720,Other,random,C6H14,86.109550000,RC2_0046_ICR-3_p08
477.044118506,563.153670226,86.109551720,Other,random,C6H14,86.109550000,RC2_0046_ICR-3_p08
619.167014615,705.276566335,86.109551720,Other,random,C6H14,86.109550000,RC2_0046_ICR-3_p08
339.072033789,425.181585509,86.109551720,Other,random,C6H14,86.109550000,RC2_0046_ICR-3_p08
337.105749130,423.215300850,86.109551720,Other,random,C6H14,86.109550000,RC2_0046_ICR-3_p08
405.118864615,491.228417335,86.109552720,Other,random,C6H14,86.109550000,RC2_0046_ICR-3_p08
317.124150892,403.233703612,86.109552720,Other,random,C6H14,86.109550000,RC2_0046_ICR-3_p08
327.050797783,413.160350503,86.109552720,Other,random,C6H14,86.109550000,RC2_0046_ICR-3_p08
329.051278297,415.160831017,86.109552720,Other,random,C6H14,86.109550000,RC2_0046_ICR-3_p08
331.045749836,417.155302556,86.109552720,Other,random,C6H14,86.109550000,RC2_0046_ICR-3_p08
403.043582419,489.153135139,86.109552720,Other,random,C6H14,86.109550000,RC2_0046_ICR-3_p08
585.088684176,671.198236896,86.109552720,Other,random,C6H14,86.109550000,RC2_0046_ICR-3_p08
429.067344025,515.176897745,86.109553720,Other,random,C6H14,86.109550000,RC2_0046_ICR-3_p08
459.114232565,545.223786285,86.109553720,Other,random,C6H14,86.109550000,RC2_0046_ICR-3_p08
435.142513254,521.252067974,86.109554720,Other,random,C6H14,86.109550000,RC2_0046_ICR-3_p08
495.163618642,581.273173362,86.109554720,Other,random,C6H14,86.109550000,RC2_0046_ICR-3_p08
607.130674673,693.240229393,86.109554720,Other,random,C6H14,86.109550000,RC2_0046_ICR-3_p08
491.132440742,577.241996462,86.109555720,Other,random,C6H14,86.109550000,RC2_0046_ICR-3_p08
471.142626540,557.252182260,86.109555720,Other,random,C6H14,86.109550000,RC2_0046_ICR-3_p08
437.085376012,523.194932732,86.109556720,Other,random,C6H14,86.109550000,RC2_0046_ICR-3_p08
389.145163376,475.254720096,86.109556720,Other,random,C6H14,86.109550000,RC2_0046_ICR-3_p08
401.014832025,487.124388745,86.109556720,Other,random,C6H14,86.109550000,RC2_0046_ICR-3_p08
497.122003334,583.231560054,86.109556720,Other,random,C6H14,86.109550000,RC2_0046_ICR-3_p08
343.058954876,429.168512596,86.109557720,Other,random,C6H14,86.109550000,RC2_0046_ICR-3_p08
355.103296783,441.212854503,86.109557720,Other,random,C6H14,86.109550000,RC2_0046_ICR-3_p08
439.124293363,525.233851083,86.109557720,Other,random,C6H14,86.109550000,RC2_0046_ICR-3_p08
341.051209393,427.160767113,86.109557720,Other,random,C6H14,86.109550000,RC2_0046_ICR-3_p08
355.058749972,441.168307692,86.109557720,Other,random,C6H14,86.109550000,RC2_0046_ICR-3_p08
431.038490663,517.148048383,86.109557720,Other,random,C6H14,86.109550000,RC2_0046_ICR-3_p08
515.168918779,601.278476499,86.109557720,Other,random,C6H14,86.109550000,RC2_0046_ICR-3_p08
475.118869673,561.228428392,86.109558720,Other,random,C6H14,86.109550000,RC2_0046_ICR-3_p08
645.182876254,731.292435974,86.109559720,Other,random,C6H14,86.109550000,RC2_0046_ICR-3_p08
519.127410987,605.236970707,86.109559720,Other,random,C6H14,86.109550000,RC2_0046_ICR-3_p08
363.157831616,449.267391336,86.109559720,Other,random,C6H14,86.109550000,RC2_0046_ICR-3_p08
489.044083601,575.153643321,86.109559720,Other,random,C6H14,86.109550000,RC2_0046_ICR-3_p08
452.169165026,539.168829970,86.999664944,Other,random,C7H1N_1O1,86.999666000,RC2_0046_ICR-3_p08
546.219392061,633.219059005,86.999666944,Other,random,C7H1N_1O1,86.999666000,RC2_0046_ICR-3_p08
382.127266147,469.126936091,86.999669944,Other,random,C7H1N_1O1,86.999666000,RC2_0046_ICR-3_p08
496.231888110,583.231560054,86.999671944,Other,random,C7H1N_1O1,86.999666000,RC2_0046_ICR-3_p08
370.127223051,457.126895995,86.999672944,Other,random,C7H1N_1O1,86.999666000,RC2_0046_ICR-3_p08
242.176229824,329.175903768,86.999673944,Other,random,C7H1N_1O1,86.999666000,RC2_0046_ICR-3_p08
365.154875144,452.186895951,87.032020807,Other,random,Serine,87.032028480,RC2_0046_ICR-3_p08
415.139778106,502.171799913,87.032021807,Other,random,Serine,87.032028480,RC2_0046_ICR-3_p08
333.072802238,420.104825044,87.032022807,Other,random,Serine,87.032028480,RC2_0046_ICR-3_p08
249.113295397,336.145318204,87.032022807,Other,random,Serine,87.032028480,RC2_0046_ICR-3_p08
333.025122440,420.057149247,87.032026807,Other,random,Serine,87.032028480,RC2_0046_ICR-3_p08
335.113467581,422.145494388,87.032026807,Other,random,Serine,87.032028480,RC2_0046_ICR-3_p08
365.137137219,452.169165026,87.032027807,Other,random,Serine,87.032028480,RC2_0046_ICR-3_p08
381.168273215,468.200306021,87.032032807,Other,random,Serine,87.032028480,RC2_0046_ICR-3_p08
355.116234729,442.148269535,87.032034807,Other,random,Serine,87.032028480,RC2_0046_ICR-3_p08
341.079649272,428.111685079,87.032035807,Other,random,Serine,87.032028480,RC2_0046_ICR-3_p08
319.009424895,406.077836547,87.068411652,Other,random,C4H9O1N1,87.068414000,RC2_0046_ICR-3_p08
311.090239489,398.158651141,87.068411652,Other,random,C4H9O1N1,87.068414000,RC2_0046_ICR-3_p08
276.998980105,364.067393757,87.068413652,Other,random,C4H9O1N1,87.068414000,RC2_0046_ICR-3_p08
367.079856978,454.148273631,87.068416652,Other,random,C4H9O1N1,87.068414000,RC2_0046_ICR-3_p08
353.160351025,441.176386658,88.016035633,Other,random,C3H4O3,88.016045000,RC2_0046_ICR-3_p08
393.155279365,481.171314998,88.016035633,Other,random,C3H4O3,88.016045000,RC2_0046_ICR-3_p08
290.030504825,378.046540457,88.016035633,Other,random,C3H4O3,88.016045000,RC2_0046_ICR-3_p08
325.178561725,413.194597358,88.016035633,Other,random,C3H4O3,88.016045000,RC2_0046_ICR-3_p08
333.220002613,421.236038246,88.016035633,Other,random,C3H4O3,88.016045000,RC2_0046_ICR-3_p08
394.163636088,482.179671720,88.016035633,Other,random,C3H4O3,88.016045000,RC2_0046_ICR-3_p08
403.066851320,491.082886953,88.016035633,Other,random,C3H4O3,88.016045000,RC2_0046_ICR-3_p08
413.014801121,501.030836753,88.016035633,Other,random,C3H4O3,88.016045000,RC2_0046_ICR-3_p08
503.241394376,591.257430008,88.016035633,Other,random,C3H4O3,88.016045000,RC2_0046_ICR-3_p08
409.142298548,497.158335180,88.016036633,Other,random,C3H4O3,88.016045000,RC2_0046_ICR-3_p08
431.256855737,519.272892370,88.016036633,Other,random,C3H4O3,88.016045000,RC2_0046_ICR-3_p08
250.035671484,338.051708117,88.016036633,Other,random,C3H4O3,88.016045000,RC2_0046_ICR-3_p08
407.147582010,495.163618642,88.016036633,Other,random,C3H4O3,88.016045000,RC2_0046_ICR-3_p08
459.069828753,547.085865386,88.016036633,Other,random,C3H4O3,88.016045000,RC2_0046_ICR-3_p08
627.208498502,715.224535135,88.016036633,Other,random,C3H4O3,88.016045000,RC2_0046_ICR-3_p08
399.035559421,487.051596054,88.016036633,Other,random,C3H4O3,88.016045000,RC2_0046_ICR-3_p08
443.111322450,531.127359082,88.016036633,Other,random,C3H4O3,88.016045000,RC2_0046_ICR-3_p08
339.136681514,427.152719147,88.016037633,Other,random,C3H4O3,88.016045000,RC2_0046_ICR-3_p08
537.124989640,625.141028273,88.016038632,Other,random,C3H4O3,88.016045000,RC2_0046_ICR-3_p08
339.100354669,427.116393301,88.016038632,Other,random,C3H4O3,88.016045000,RC2_0046_ICR-3_p08
391.043667323,479.059705955,88.016038632,Other,random,C3H4O3,88.016045000,RC2_0046_ICR-3_p08
381.082418579,469.098457211,88.016038632,Other,random,C3H4O3,88.016045000,RC2_0046_ICR-3_p08
391.103234070,479.119272703,88.016038632,Other,random,C3H4O3,88.016045000,RC2_0046_ICR-3_p08
361.129067222,449.145106854,88.016039632,Other,random,C3H4O3,88.016045000,RC2_0046_ICR-3_p08
349.105758225,437.121797858,88.016039632,Other,random,C3H4O3,88.016045000,RC2_0046_ICR-3_p08
304.009768524,392.025809157,88.016040632,Other,random,C3H4O3,88.016045000,RC2_0046_ICR-3_p08
361.019841685,449.035882318,88.016040632,Other,random,C3H4O3,88.016045000,RC2_0046_ICR-3_p08
467.155762452,555.171803085,88.016040632,Other,random,C3H4O3,88.016045000,RC2_0046_ICR-3_p08
482.138149897,570.154190529,88.016040632,Other,random,C3H4O3,88.016045000,RC2_0046_ICR-3_p08
301.056416052,389.072456685,88.016040632,Other,random,C3H4O3,88.016045000,RC2_0046_ICR-3_p08
391.225456552,479.241497184,88.016040632,Other,random,C3H4O3,88.016045000,RC2_0046_ICR-3_p08
305.030204195,393.046244828,88.016040632,Other,random,C3H4O3,88.016045000,RC2_0046_ICR-3_p08
495.114276851,583.130317484,88.016040632,Other,random,C3H4O3,88.016045000,RC2_0046_ICR-3_p08
613.156252113,701.172293745,88.016041632,Other,random,C3H4O3,88.016045000,RC2_0046_ICR-3_p08
327.108359539,415.124401172,88.016041632,Other,random,C3H4O3,88.016045000,RC2_0046_ICR-3_p08
335.162930371,423.178972004,88.016041632,Other,random,C3H4O3,88.016045000,RC2_0046_ICR-3_p08
343.103348688,431.119390320,88.016041632,Other,random,C3H4O3,88.016045000,RC2_0046_ICR-3_p08
515.205248625,603.221291257,88.016042632,Other,random,C3H4O3,88.016045000,RC2_0046_ICR-3_p08
339.072033789,427.088076421,88.016042632,Other,random,C3H4O3,88.016045000,RC2_0046_ICR-3_p08
359.144237642,447.160280274,88.016042632,Other,random,C3H4O3,88.016045000,RC2_0046_ICR-3_p08
419.256913641,507.272956274,88.016042632,Other,random,C3H4O3,88.016045000,RC2_0046_ICR-3_p08
431.098252410,519.114295042,88.016042632,Other,random,C3H4O3,88.016045000,RC2_0046_ICR-3_p08
563.176918127,651.192960759,88.016042632,Other,random,C3H4O3,88.016045000,RC2_0046_ICR-3_p08
313.048325182,401.064367815,88.016042632,Other,random,C3H4O3,88.016045000,RC2_0046_ICR-3_p08
305.102952887,393.118996519,88.016043632,Other,random,C3H4O3,88.016045000,RC2_0046_ICR-3_p08
461.108806104,549.124849736,88.016043632,Other,random,C3H4O3,88.016045000,RC2_0046_ICR-3_p08
355.009406182,443.025449814,88.016043632,Other,random,C3H4O3,88.016045000,RC2_0046_ICR-3_p08
399.102820136,487.118863768,88.016043632,Other,random,C3H4O3,88.016045000,RC2_0046_ICR-3_p08
306.025524973,394.041568606,88.016043632,Other,random,C3H4O3,88.016045000,RC2_0046_ICR-3_p08
385.105665512,473.121709145,88.016043632,Other,random,C3H4O3,88.016045000,RC2_0046_ICR-3_p08
387.121381961,475.137426594,88.016044632,Other,random,C3H4O3,88.016045000,RC2_0046_ICR-3_p08
531.260049520,619.276094152,88.016044632,Other,random,C3H4O3,88.016045000,RC2_0046_ICR-3_p08
555.354109312,643.370153944,88.016044632,Other,random,C3H4O3,88.016045000,RC2_0046_ICR-3_p08
427.103325356,515.119369989,88.016044632,Other,random,C3H4O3,88.016045000,RC2_0046_ICR-3_p08
503.132519838,591.148564470,88.016044632,Other,random,C3H4O3,88.016045000,RC2_0046_ICR-3_p08
431.220498891,519.236543524,88.016044632,Other,random,C3H4O3,88.016045000,RC2_0046_ICR-3_p08
503.168942683,591.184987316,88.016044632,Other,random,C3H4O3,88.016045000,RC2_0046_ICR-3_p08
319.154973278,407.171018910,88.016045632,Other,random,C3H4O3,88.016045000,RC2_0046_ICR-3_p08
371.035140200,459.051185832,88.016045632,Other,random,C3H4O3,88.016045000,RC2_0046_ICR-3_p08
493.098727401,581.114773034,88.016045632,Other,random,C3H4O3,88.016045000,RC2_0046_ICR-3_p08
337.159927900,425.175974532,88.016046632,Other,random,C3H4O3,88.016045000,RC2_0046_ICR-3_p08
339.144720480,427.160767113,88.016046632,Other,random,C3H4O3,88.016045000,RC2_0046_ICR-3_p08
353.087620334,441.103666966,88.016046632,Other,random,C3H4O3,88.016045000,RC2_0046_ICR-3_p08
355.248837166,443.264883798,88.016046632,Other,random,C3H4O3,88.016045000,RC2_0046_ICR-3_p08
413.072388876,501.088435509,88.016046632,Other,random,C3H4O3,88.016045000,RC2_0046_ICR-3_p08
425.064328006,513.080374638,88.016046632,Other,random,C3H4O3,88.016045000,RC2_0046_ICR-3_p08
399.194197748,487.210244381,88.016046632,Other,random,C3H4O3,88.016045000,RC2_0046_ICR-3_p08
491.119404798,579.135451430,88.016046632,Other,random,C3H4O3,88.016045000,RC2_0046_ICR-3_p08
369.046234637,457.062282269,88.016047632,Other,random,C3H4O3,88.016045000,RC2_0046_ICR-3_p08
379.079953073,467.096000706,88.016047632,Other,random,C3H4O3,88.016045000,RC2_0046_ICR-3_p08
333.061454286,421.077501918,88.016047632,Other,random,C3H4O3,88.016045000,RC2_0046_ICR-3_p08
333.074532230,421.090579863,88.016047632,Other,random,C3H4O3,88.016045000,RC2_0046_ICR-3_p08
484.153804346,572.169851979,88.016047632,Other,random,C3H4O3,88.016045000,RC2_0046_ICR-3_p08
551.205358911,639.221408543,88.016049632,Other,random,C3H4O3,88.016045000,RC2_0046_ICR-3_p08
391.139715916,479.155765548,88.016049632,Other,random,C3H4O3,88.016045000,RC2_0046_ICR-3_p08
433.272509187,521.288559819,88.016050632,Other,random,C3H4O3,88.016045000,RC2_0046_ICR-3_p08
443.228496953,531.244547585,88.016050632,Other,random,C3H4O3,88.016045000,RC2_0046_ICR-3_p08
317.139288828,405.155339461,88.016050632,Other,random,C3H4O3,88.016045000,RC2_0046_ICR-3_p08
339.181183326,427.197233958,88.016050632,Other,random,C3H4O3,88.016045000,RC2_0046_ICR-3_p08
343.212510225,431.228560857,88.016050632,Other,random,C3H4O3,88.016045000,RC2_0046_ICR-3_p08
388.103666795,476.119717427,88.016050632,Other,random,C3H4O3,88.016045000,RC2_0046_ICR-3_p08
647.271512394,735.287563027,88.016050632,Other,random,C3H4O3,88.016045000,RC2_0046_ICR-3_p08
649.286801845,737.302853478,88.016051632,Other,random,C3H4O3,88.016045000,RC2_0046_ICR-3_p08
343.009473086,431.025524718,88.016051632,Other,random,C3H4O3,88.016045000,RC2_0046_ICR-3_p08
433.222976397,521.239028029,88.016051632,Other,random,C3H4O3,88.016045000,RC2_0046_ICR-3_p08
401.123967562,489.140020194,88.016052632,Other,random,C3H4O3,88.016045000,RC2_0046_ICR-3_p08
445.163313745,533.179366378,88.016052632,Other,random,C3H4O3,88.016045000,RC2_0046_ICR-3_p08
459.251686982,547.267739614,88.016052632,Other,random,C3H4O3,88.016045000,RC2_0046_ICR-3_p08
285.126140629,373.142194262,88.016053632,Other,random,C3H4O3,88.016045000,RC2_0046_ICR-3_p08
339.035520944,427.051574576,88.016053632,Other,random,C3H4O3,88.016045000,RC2_0046_ICR-3_p08
383.126572908,471.142626540,88.016053632,Other,random,C3H4O3,88.016045000,RC2_0046_ICR-3_p08
441.030752276,529.046805908,88.016053632,Other,random,C3H4O3,88.016045000,RC2_0046_ICR-3_p08
429.285576099,517.301629732,88.016053632,Other,random,C3H4O3,88.016045000,RC2_0046_ICR-3_p08
313.071666083,401.087719716,88.016053632,Other,random,C3H4O3,88.016045000,RC2_0046_ICR-3_p08
369.183644054,457.199697686,88.016053632,Other,random,C3H4O3,88.016045000,RC2_0046_ICR-3_p08
527.067842303,615.083896935,88.016054632,Other,random,C3H4O3,88.016045000,RC2_0046_ICR-3_p08
397.199659209,485.230949777,88.031290568,Other,random,C7H4,88.031300000,RC2_0046_ICR-3_p08
573.182535683,661.213827250,88.031291568,Other,random,C7H4,88.031300000,RC2_0046_ICR-3_p08
597.109830182,685.141121750,88.031291568,Other,random,C7H4,88.031300000,RC2_0046_ICR-3_p08
339.072033789,427.103325356,88.031291568,Other,random,C7H4,88.031300000,RC2_0046_ICR-3_p08
343.066959842,431.098252410,88.031292568,Other,random,C7H4,88.031300000,RC2_0046_ICR-3_p08
401.108727627,489.140020194,88.031292568,Other,random,C7H4,88.031300000,RC2_0046_ICR-3_p08
497.130008301,585.161300868,88.031292568,Other,random,C7H4,88.031300000,RC2_0046_ICR-3_p08
241.144611201,329.175903768,88.031292568,Other,random,C7H4,88.031300000,RC2_0046_ICR-3_p08
311.077088544,399.108381112,88.031292568,Other,random,C7H4,88.031300000,RC2_0046_ICR-3_p08
349.069444379,437.100736947,88.031292568,Other,random,C7H4,88.031300000,RC2_0046_ICR-3_p08
525.161170391,613.192462959,88.031292568,Other,random,C7H4,88.031300000,RC2_0046_ICR-3_p08
327.121522483,415.152816051,88.031293568,Other,random,C7H4,88.031300000,RC2_0046_ICR-3_p08
427.088076421,515.119369989,88.031293568,Other,random,C7H4,88.031300000,RC2_0046_ICR-3_p08
321.111003980,409.142298548,88.031294568,Other,random,C7H4,88.031300000,RC2_0046_ICR-3_p08
395.184015759,483.215310327,88.031294568,Other,random,C7H4,88.031300000,RC2_0046_ICR-3_p08
369.082489483,457.113785051,88.031295568,Other,random,C7H4,88.031300000,RC2_0046_ICR-3_p08
459.077919719,547.109216287,88.031296568,Other,random,C7H4,88.031300000,RC2_0046_ICR-3_p08
369.046234637,457.077532205,88.031297568,Other,random,C7H4,88.031300000,RC2_0046_ICR-3_p08
429.189541507,517.220839074,88.031297568,Other,random,C7H4,88.031300000,RC2_0046_ICR-3_p08
489.153135139,577.184432706,88.031297568,Other,random,C7H4,88.031300000,RC2_0046_ICR-3_p08
486.060199259,574.091496827,88.031297568,Other,random,C7H4,88.031300000,RC2_0046_ICR-3_p08
311.162898180,399.194197748,88.031299568,Other,random,C7H4,88.031300000,RC2_0046_ICR-3_p08
459.223486101,547.254785669,88.031299568,Other,random,C7H4,88.031300000,RC2_0046_ICR-3_p08
627.193235567,715.224535135,88.031299568,Other,random,C7H4,88.031300000,RC2_0046_ICR-3_p08
423.020394676,511.051695244,88.031300568,Other,random,C7H4,88.031300000,RC2_0046_ICR-3_p08
425.035929126,513.067230694,88.031301568,Other,random,C7H4,88.031300000,RC2_0046_ICR-3_p08
329.064250242,417.095552810,88.031302568,Other,random,C7H4,88.031300000,RC2_0046_ICR-3_p08
395.074793223,483.106096790,88.031303568,Other,random,C7H4,88.031300000,RC2_0046_ICR-3_p08
467.132325552,555.163629120,88.031303568,Other,random,C7H4,88.031300000,RC2_0046_ICR-3_p08
357.118870233,445.150173801,88.031303568,Other,random,C7H4,88.031300000,RC2_0046_ICR-3_p08
407.111211164,495.142515732,88.031304568,Other,random,C7H4,88.031300000,RC2_0046_ICR-3_p08
477.225844735,565.257149302,88.031304568,Other,random,C7H4,88.031300000,RC2_0046_ICR-3_p08
305.087691952,393.118996519,88.031304568,Other,random,C7H4,88.031300000,RC2_0046_ICR-3_p08
335.134607491,423.165914059,88.031306568,Other,random,C7H4,88.031300000,RC2_0046_ICR-3_p08
527.067842303,615.099149871,88.031307568,Other,random,C7H4,88.031300000,RC2_0046_ICR-3_p08
371.061836087,459.093144654,88.031308568,Other,random,C7H4,88.031300000,RC2_0046_ICR-3_p08
413.072388876,501.103698444,88.031309568,Other,random,C7H4,88.031300000,RC2_0046_ICR-3_p08
413.158117513,501.189427080,88.031309568,Other,random,C7H4,88.031300000,RC2_0046_ICR-3_p08
337.142265975,425.173575543,88.031309568,Other,random,C7H4,88.031300000,RC2_0046_ICR-3_p08
373.041077691,461.072387258,88.031309568,Other,random,C7H4,88.031300000,RC2_0046_ICR-3_p08
551.226096823,639.265941354,88.039844532,Other,random,C3H6N1O2,88.039854000,RC2_0046_ICR-3_p08
418.053885745,506.093732276,88.039846532,Other,random,C3H6N1O2,88.039854000,RC2_0046_ICR-3_p08
597.210775754,685.250625285,88.039849531,Other,random,C3H6N1O2,88.039854000,RC2_0046_ICR-3_p08
629.237099897,717.276949429,88.039849531,Other,random,C3H6N1O2,88.039854000,RC2_0046_ICR-3_p08
481.090531341,569.130388872,88.039857531,Other,random,C3H6N1O2,88.039854000,RC2_0046_ICR-3_p08
629.164263206,717.204124737,88.039861531,Other,random,C3H6N1O2,88.039854000,RC2_0046_ICR-3_p08
565.205560521,653.245424053,88.039863531,Other,random,C3H6N1O2,88.039854000,RC2_0046_ICR-3_p08
341.152334964,429.204747442,88.052412478,Other,random,C4H8O2,88.052421530,RC2_0046_ICR-3_p08
363.175521541,451.227934019,88.052412478,Other,random,C4H8O2,88.052421530,RC2_0046_ICR-3_p08
523.137606975,611.190019453,88.052412478,Other,random,C4H8O2,88.052421530,RC2_0046_ICR-3_p08
525.140050481,613.192462959,88.052412478,Other,random,C4H8O2,88.052421530,RC2_0046_ICR-3_p08
371.149870713,459.202283191,88.052412478,Other,random,C4H8O2,88.052421530,RC2_0046_ICR-3_p08
417.132031655,505.184444133,88.052412478,Other,random,C4H8O2,88.052421530,RC2_0046_ICR-3_p08
585.198065712,673.250478191,88.052412478,Other,random,C4H8O2,88.052421530,RC2_0046_ICR-3_p08
411.165941963,499.218355442,88.052413478,Other,random,C4H8O2,88.052421530,RC2_0046_ICR-3_p08
469.280580439,557.332993917,88.052413478,Other,random,C4H8O2,88.052421530,RC2_0046_ICR-3_p08
529.184556324,617.236970802,88.052414478,Other,random,C4H8O2,88.052421530,RC2_0046_ICR-3_p08
345.097853227,433.150267705,88.052414478,Other,random,C4H8O2,88.052421530,RC2_0046_ICR-3_p08
379.043586228,467.096000706,88.052414478,Other,random,C4H8O2,88.052421530,RC2_0046_ICR-3_p08
467.111214641,555.163629120,88.052414478,Other,random,C4H8O2,88.052421530,RC2_0046_ICR-3_p08
321.097822036,409.150237514,88.052415478,Other,random,C4H8O2,88.052421530,RC2_0046_ICR-3_p08
461.108806104,549.161221582,88.052415478,Other,random,C4H8O2,88.052421530,RC2_0046_ICR-3_p08
371.098111933,459.150527411,88.052415478,Other,random,C4H8O2,88.052421530,RC2_0046_ICR-3_p08
467.155762452,555.208177931,88.052415478,Other,random,C4H8O2,88.052421530,RC2_0046_ICR-3_p08
493.220757884,581.273173362,88.052415478,Other,random,C4H8O2,88.052421530,RC2_0046_ICR-3_p08
497.231003872,585.283419350,88.052415478,Other,random,C4H8O2,88.052421530,RC2_0046_ICR-3_p08
327.050797783,415.103213261,88.052415478,Other,random,C4H8O2,88.052421530,RC2_0046_ICR-3_p08
341.030232482,429.082647960,88.052415478,Other,random,C4H8O2,88.052421530,RC2_0046_ICR-3_p08
659.162385953,747.214801431,88.052415478,Other,random,C4H8O2,88.052421530,RC2_0046_ICR-3_p08
377.087562525,465.139979003,88.052416478,Other,random,C4H8O2,88.052421530,RC2_0046_ICR-3_p08
338.101091907,426.153508386,88.052416478,Other,random,C4H8O2,88.052421530,RC2_0046_ICR-3_p08
341.051209393,429.103625871,88.052416478,Other,random,C4H8O2,88.052421530,RC2_0046_ICR-3_p08
421.142285643,509.194702122,88.052416478,Other,random,C4H8O2,88.052421530,RC2_0046_ICR-3_p08
318.025419069,406.077836547,88.052417478,Other,random,C4H8O2,88.052421530,RC2_0046_ICR-3_p08
433.163258650,521.215676128,88.052417478,Other,random,C4H8O2,88.052421530,RC2_0046_ICR-3_p08
389.051174775,477.103592253,88.052417478,Other,random,C4H8O2,88.052421530,RC2_0046_ICR-3_p08
527.046731393,615.099149871,88.052418478,Other,random,C4H8O2,88.052421530,RC2_0046_ICR-3_p08
370.049436381,458.101854859,88.052418478,Other,random,C4H8O2,88.052421530,RC2_0046_ICR-3_p08
481.098586306,569.151004785,88.052418478,Other,random,C4H8O2,88.052421530,RC2_0046_ICR-3_p08
499.036628213,587.089046691,88.052418478,Other,random,C4H8O2,88.052421530,RC2_0046_ICR-3_p08
327.181293230,415.233712708,88.052419478,Other,random,C4H8O2,88.052421530,RC2_0046_ICR-3_p08
375.066421099,463.118840577,88.052419478,Other,random,C4H8O2,88.052421530,RC2_0046_ICR-3_p08
435.142513254,523.194932732,88.052419478,Other,random,C4H8O2,88.052421530,RC2_0046_ICR-3_p08
564.180037872,652.232457350,88.052419478,Other,random,C4H8O2,88.052421530,RC2_0046_ICR-3_p08
699.266352830,787.318773308,88.052420478,Other,random,C4H8O2,88.052421530,RC2_0046_ICR-3_p08
451.173743249,539.226163727,88.052420478,Other,random,C4H8O2,88.052421530,RC2_0046_ICR-3_p08
489.116679293,577.169099772,88.052420478,Other,random,C4H8O2,88.052421530,RC2_0046_ICR-3_p08
661.141135559,749.193556037,88.052420478,Other,random,C4H8O2,88.052421530,RC2_0046_ICR-3_p08
403.043582419,491.096002897,88.052420478,Other,random,C4H8O2,88.052421530,RC2_0046_ICR-3_p08
399.056783331,487.109204809,88.052421478,Other,random,C4H8O2,88.052421530,RC2_0046_ICR-3_p08
433.041118168,521.093539646,88.052421478,Other,random,C4H8O2,88.052421530,RC2_0046_ICR-3_p08
633.110193467,721.162614945,88.052421478,Other,random,C4H8O2,88.052421530,RC2_0046_ICR-3_p08
301.020034207,389.072456685,88.052422478,Other,random,C4H8O2,88.052421530,RC2_0046_ICR-3_p08
313.201958531,401.254381009,88.052422478,Other,random,C4H8O2,88.052421530,RC2_0046_ICR-3_p08
323.071459664,411.123882142,88.052422478,Other,random,C4H8O2,88.052421530,RC2_0046_ICR-3_p08
357.134214168,445.186636646,88.052422478,Other,random,C4H8O2,88.052421530,RC2_0046_ICR-3_p08
437.173515638,525.225938116,88.052422478,Other,random,C4H8O2,88.052421530,RC2_0046_ICR-3_p08
523.036377405,611.088799883,88.052422478,Other,random,C4H8O2,88.052421530,RC2_0046_ICR-3_p08
435.129413309,523.181835788,88.052422478,Other,random,C4H8O2,88.052421530,RC2_0046_ICR-3_p08
395.134553969,483.186977447,88.052423478,Other,random,C4H8O2,88.052421530,RC2_0046_ICR-3_p08
421.113886764,509.166310242,88.052423478,Other,random,C4H8O2,88.052421530,RC2_0046_ICR-3_p08
499.015589302,587.068012780,88.052423478,Other,random,C4H8O2,88.052421530,RC2_0046_ICR-3_p08
305.066572041,393.118996519,88.052424478,Other,random,C4H8O2,88.052421530,RC2_0046_ICR-3_p08
323.126518430,411.178943908,88.052425478,Other,random,C4H8O2,88.052421530,RC2_0046_ICR-3_p08
345.074538326,433.126963804,88.052425478,Other,random,C4H8O2,88.052421530,RC2_0046_ICR-3_p08
607.058015982,695.110441460,88.052425478,Other,random,C4H8O2,88.052421530,RC2_0046_ICR-3_p08
551.168983065,639.221408543,88.052425478,Other,random,C4H8O2,88.052421530,RC2_0046_ICR-3_p08
403.175990857,491.228417335,88.052426478,Other,random,C4H8O2,88.052421530,RC2_0046_ICR-3_p08
449.145106854,537.197533332,88.052426478,Other,random,C4H8O2,88.052421530,RC2_0046_ICR-3_p08
347.004343139,435.056770618,88.052427478,Other,random,C4H8O2,88.052421530,RC2_0046_ICR-3_p08
341.137114029,429.189541507,88.052427478,Other,random,C4H8O2,88.052421530,RC2_0046_ICR-3_p08
371.113403868,459.165831346,88.052427478,Other,random,C4H8O2,88.052421530,RC2_0046_ICR-3_p08
385.095927553,473.148355032,88.052427478,Other,random,C4H8O2,88.052421530,RC2_0046_ICR-3_p08
387.084999116,475.137426594,88.052427478,Other,random,C4H8O2,88.052421530,RC2_0046_ICR-3_p08
457.199697686,545.252125165,88.052427478,Other,random,C4H8O2,88.052421530,RC2_0046_ICR-3_p08
473.238935647,561.291363126,88.052427478,Other,random,C4H8O2,88.052421530,RC2_0046_ICR-3_p08
543.099068298,631.151495776,88.052427478,Other,random,C4H8O2,88.052421530,RC2_0046_ICR-3_p08
372.072309800,460.124737278,88.052427478,Other,random,C4H8O2,88.052421530,RC2_0046_ICR-3_p08
375.121347866,463.173775344,88.052427478,Other,random,C4H8O2,88.052421530,RC2_0046_ICR-3_p08
433.150267705,521.202695183,88.052427478,Other,random,C4H8O2,88.052421530,RC2_0046_ICR-3_p08
533.057301896,621.109730374,88.052428478,Other,random,C4H8O2,88.052421530,RC2_0046_ICR-3_p08
435.165894155,523.218322633,88.052428478,Other,random,C4H8O2,88.052421530,RC2_0046_ICR-3_p08
583.145808418,671.198236896,88.052428478,Other,random,C4H8O2,88.052421530,RC2_0046_ICR-3_p08
439.116315397,527.168744875,88.052429478,Other,random,C4H8O2,88.052421530,RC2_0046_ICR-3_p08
303.087286437,391.139715916,88.052429478,Other,random,C4H8O2,88.052421530,RC2_0046_ICR-3_p08
395.061821278,483.114250756,88.052429478,Other,random,C4H8O2,88.052421530,RC2_0046_ICR-3_p08
551.176987031,639.229416509,88.052429478,Other,random,C4H8O2,88.052421530,RC2_0046_ICR-3_p08
347.107888700,435.160318178,88.052429478,Other,random,C4H8O2,88.052421530,RC2_0046_ICR-3_p08
343.066959842,431.119390320,88.052430478,Other,random,C4H8O2,88.052421530,RC2_0046_ICR-3_p08
517.098707592,605.151138071,88.052430478,Other,random,C4H8O2,88.052421530,RC2_0046_ICR-3_p08
293.139342637,381.191773115,88.052430478,Other,random,C4H8O2,88.052421530,RC2_0046_ICR-3_p08
331.095193627,419.147624105,88.052430478,Other,random,C4H8O2,88.052421530,RC2_0046_ICR-3_p08
333.134293977,421.186724455,88.052430478,Other,random,C4H8O2,88.052421530,RC2_0046_ICR-3_p08
407.184092855,495.236523333,88.052430478,Other,random,C4H8O2,88.052421530,RC2_0046_ICR-3_p08
438.189762327,526.242192805,88.052430478,Other,random,C4H8O2,88.052421530,RC2_0046_ICR-3_p08
417.241310192,505.293740670,88.052430478,Other,random,C4H8O2,88.052421530,RC2_0046_ICR-3_p08
339.157866425,427.210297903,88.052431478,Other,random,C4H8O2,88.052421530,RC2_0046_ICR-3_p08
399.071957267,487.124388745,88.052431478,Other,random,C4H8O2,88.052421530,RC2_0046_ICR-3_p08
531.041537446,619.093968925,88.052431478,Other,random,C4H8O2,88.052421530,RC2_0046_ICR-3_p08
290.066889670,379.066941129,89.000051458,Other,random,C3H3N_1O4,89.000061000,RC2_0046_ICR-3_p08
548.177348756,637.177400214,89.000051458,Other,random,C3H3N_1O4,89.000061000,RC2_0046_ICR-3_p08
278.103313420,367.103365879,89.000052458,Other,random,C3H3N_1O4,89.000061000,RC2_0046_ICR-3_p08
334.056770064,423.056822522,89.000052458,Other,random,C3H3N_1O4,89.000061000,RC2_0046_ICR-3_p08
476.119717427,565.119770885,89.000053458,Other,random,C3H3N_1O4,89.000061000,RC2_0046_ICR-3_p08
448.161174028,537.161228486,89.000054458,Other,random,C3H3N_1O4,89.000061000,RC2_0046_ICR-3_p08
358.106038046,447.106093504,89.000055458,Other,random,C3H3N_1O4,89.000061000,RC2_0046_ICR-3_p08
500.047111926,589.047167384,89.000055458,Other,random,C3H3N_1O4,89.000061000,RC2_0046_ICR-3_p08
428.111685079,517.111742537,89.000057458,Other,random,C3H3N_1O4,89.000061000,RC2_0046_ICR-3_p08
498.067954322,587.068012780,89.000058458,Other,random,C3H3N_1O4,89.000061000,RC2_0046_ICR-3_p08
492.151140421,581.151200879,89.000060458,Other,random,C3H3N_1O4,89.000061000,RC2_0046_ICR-3_p08
418.041491797,507.041553255,89.000061458,Other,random,C3H3N_1O4,89.000061000,RC2_0046_ICR-3_p08
288.051259221,377.051321679,89.000062458,Other,random,C3H3N_1O4,89.000061000,RC2_0046_ICR-3_p08
424.088423146,513.088488604,89.000065458,Other,random,C3H3N_1O4,89.000061000,RC2_0046_ICR-3_p08
350.087977059,439.088043517,89.000066458,Other,random,C3H3N_1O4,89.000061000,RC2_0046_ICR-3_p08
474.176851669,563.176918127,89.000066458,Other,random,C3H3N_1O4,89.000061000,RC2_0046_ICR-3_p08
348.230924936,437.230994394,89.000069458,Other,random,C3H3N_1O4,89.000061000,RC2_0046_ICR-3_p08
372.085223745,461.111763091,89.026539346,Other,random,C6H3N1,89.026549000,RC2_0046_ICR-3_p08
303.072087502,392.098628848,89.026541346,Other,random,C6H3N1,89.026549000,RC2_0046_ICR-3_p08
343.066959842,432.093501188,89.026541346,Other,random,C6H3N1,89.026549000,RC2_0046_ICR-3_p08
415.051660480,504.078205826,89.026545346,Other,random,C6H3N1,89.026549000,RC2_0046_ICR-3_p08
295.009489704,384.036035050,89.026545346,Other,random,C6H3N1,89.026549000,RC2_0046_ICR-3_p08
359.061871991,448.088417337,89.026545346,Other,random,C6H3N1,89.026549000,RC2_0046_ICR-3_p08
341.051209393,430.077757739,89.026548346,Other,random,C6H3N1,89.026549000,RC2_0046_ICR-3_p08
341.014992547,430.041541892,89.026549346,Other,random,C6H3N1,89.026549000,RC2_0046_ICR-3_p08
365.100578375,454.127128720,89.026550346,Other,random,C6H3N1,89.026549000,RC2_0046_ICR-3_p08
373.077404537,462.103958882,89.026554346,Other,random,C6H3N1,89.026549000,RC2_0046_ICR-3_p08
309.110981885,398.158651141,89.047669256,Other,random,C3H7N1O2,89.047679000,RC2_0046_ICR-3_p08
359.040742081,448.088417337,89.047675256,Other,random,C3H7N1O2,89.047679000,RC2_0046_ICR-3_p08
515.119369989,604.167047245,89.047677256,Other,random,C3H7N1O2,89.047679000,RC2_0046_ICR-3_p08
357.025128631,446.072805887,89.047677256,Other,random,C3H7N1O2,89.047679000,RC2_0046_ICR-3_p08
439.051555672,528.099233928,89.047678256,Other,random,C3H7N1O2,89.047679000,RC2_0046_ICR-3_p08
347.113414677,436.161098933,89.047684256,Other,random,C3H7N1O2,89.047679000,RC2_0046_ICR-3_p08
409.041108977,498.088794233,89.047685256,Other,random,C3H7N1O2,89.047679000,RC2_0046_ICR-3_p08
455.082903666,544.145829858,89.062926192,Other,random,C7H7O_1N1,89.062934000,RC2_0046_ICR-3_p08
311.004275853,400.067213045,89.062937192,Other,random,C7H7O_1N1,89.062934000,RC2_0046_ICR-3_p08
503.067481114,592.130418305,89.062937192,Other,random,C7H7O_1N1,89.062934000,RC2_0046_ICR-3_p08
372.085223745,461.148161937,89.062938192,Other,random,C7H7O_1N1,89.062934000,RC2_0046_ICR-3_p08
387.056778235,476.119717427,89.062939192,Other,random,C7H7O_1N1,89.062934000,RC2_0046_ICR-3_p08
369.046234637,458.109174828,89.062940191,Other,random,C7H7O_1N1,89.062934000,RC2_0046_ICR-3_p08
427.088076421,517.083361658,89.995285236,Other,random,C2H2O4,89.995294350,RC2_0046_ICR-3_p08
365.152377155,455.147662391,89.995285236,Other,random,C2H2O4,89.995294350,RC2_0046_ICR-3_p08
408.215725478,498.211010715,89.995285236,Other,random,C2H2O4,89.995294350,RC2_0046_ICR-3_p08
490.171960817,580.167246053,89.995285236,Other,random,C2H2O4,89.995294350,RC2_0046_ICR-3_p08
495.114276851,585.109562088,89.995285236,Other,random,C2H2O4,89.995294350,RC2_0046_ICR-3_p08
357.134214168,447.129500405,89.995286236,Other,random,C2H2O4,89.995294350,RC2_0046_ICR-3_p08
453.249176445,543.244462681,89.995286236,Other,random,C2H2O4,89.995294350,RC2_0046_ICR-3_p08
431.098252410,521.093539646,89.995287236,Other,random,C2H2O4,89.995294350,RC2_0046_ICR-3_p08
515.155850834,605.151138071,89.995287236,Other,random,C2H2O4,89.995294350,RC2_0046_ICR-3_p08
347.126509621,437.121797858,89.995288236,Other,random,C2H2O4,89.995294350,RC2_0046_ICR-3_p08
379.131647854,469.126936091,89.995288236,Other,random,C2H2O4,89.995294350,RC2_0046_ICR-3_p08
432.130094033,522.125382269,89.995288236,Other,random,C2H2O4,89.995294350,RC2_0046_ICR-3_p08
487.173811535,577.169099772,89.995288236,Other,random,C2H2O4,89.995294350,RC2_0046_ICR-3_p08
631.276468246,721.271756482,89.995288236,Other,random,C2H2O4,89.995294350,RC2_0046_ICR-3_p08
541.156207540,631.151495776,89.995288236,Other,random,C2H2O4,89.995294350,RC2_0046_ICR-3_p08
287.141838079,377.137127315,89.995289236,Other,random,C2H2O4,89.995294350,RC2_0046_ICR-3_p08
429.059373059,519.054662295,89.995289236,Other,random,C2H2O4,89.995294350,RC2_0046_ICR-3_p08
303.136812227,393.132102464,89.995290236,Other,random,C2H2O4,89.995294350,RC2_0046_ICR-3_p08
539.140416091,629.135706327,89.995290236,Other,random,C2H2O4,89.995294350,RC2_0046_ICR-3_p08
369.128625287,459.123916524,89.995291236,Other,random,C2H2O4,89.995294350,RC2_0046_ICR-3_p08
381.074433613,471.069724849,89.995291236,Other,random,C2H2O4,89.995294350,RC2_0046_ICR-3_p08
397.223083110,487.218374346,89.995291236,Other,random,C2H2O4,89.995294350,RC2_0046_ICR-3_p08
471.142626540,561.137917776,89.995291236,Other,random,C2H2O4,89.995294350,RC2_0046_ICR-3_p08
475.124479649,565.119770885,89.995291236,Other,random,C2H2O4,89.995294350,RC2_0046_ICR-3_p08
413.100708756,503.096000993,89.995292236,Other,random,C2H2O4,89.995294350,RC2_0046_ICR-3_p08
341.030232482,431.025524718,89.995292236,Other,random,C2H2O4,89.995294350,RC2_0046_ICR-3_p08
341.116034118,431.111326354,89.995292236,Other,random,C2H2O4,89.995294350,RC2_0046_ICR-3_p08
331.082208682,421.077501918,89.995293236,Other,random,C2H2O4,89.995294350,RC2_0046_ICR-3_p08
427.233622804,517.228916040,89.995293236,Other,random,C2H2O4,89.995294350,RC2_0046_ICR-3_p08
561.234137368,651.229430605,89.995293236,Other,random,C2H2O4,89.995294350,RC2_0046_ICR-3_p08
419.293176487,509.288471724,89.995295236,Other,random,C2H2O4,89.995294350,RC2_0046_ICR-3_p08
389.051174775,479.046470012,89.995295236,Other,random,C2H2O4,89.995294350,RC2_0046_ICR-3_p08
325.056365244,415.051660480,89.995295236,Other,random,C2H2O4,89.995294350,RC2_0046_ICR-3_p08
511.109313000,601.104609236,89.995296236,Other,random,C2H2O4,89.995294350,RC2_0046_ICR-3_p08
525.124930545,615.120226781,89.995296236,Other,random,C2H2O4,89.995294350,RC2_0046_ICR-3_p08
497.231003872,587.226300108,89.995296236,Other,random,C2H2O4,89.995294350,RC2_0046_ICR-3_p08
369.046234637,459.041531873,89.995297236,Other,random,C2H2O4,89.995294350,RC2_0046_ICR-3_p08
303.123699283,393.118996519,89.995297236,Other,random,C2H2O4,89.995294350,RC2_0046_ICR-3_p08
453.067303216,543.062600453,89.995297236,Other,random,C2H2O4,89.995294350,RC2_0046_ICR-3_p08
435.202120001,525.197417237,89.995297236,Other,random,C2H2O4,89.995294350,RC2_0046_ICR-3_p08
476.119717427,566.115015663,89.995298236,Other,random,C2H2O4,89.995294350,RC2_0046_ICR-3_p08
391.139715916,481.135014152,89.995298236,Other,random,C2H2O4,89.995294350,RC2_0046_ICR-3_p08
333.220002613,423.215300850,89.995298236,Other,random,C2H2O4,89.995294350,RC2_0046_ICR-3_p08
405.241225096,495.236523333,89.995298236,Other,random,C2H2O4,89.995294350,RC2_0046_ICR-3_p08
611.140891662,701.136190898,89.995299236,Other,random,C2H2O4,89.995294350,RC2_0046_ICR-3_p08
327.108359539,417.103659775,89.995300236,Other,random,C2H2O4,89.995294350,RC2_0046_ICR-3_p08
407.061756374,497.057056610,89.995300236,Other,random,C2H2O4,89.995294350,RC2_0046_ICR-3_p08
517.207786130,607.203086366,89.995300236,Other,random,C2H2O4,89.995294350,RC2_0046_ICR-3_p08
387.121381961,477.116683198,89.995301236,Other,random,C2H2O4,89.995294350,RC2_0046_ICR-3_p08
341.160435930,431.155737166,89.995301236,Other,random,C2H2O4,89.995294350,RC2_0046_ICR-3_p08
405.168317406,495.163618642,89.995301236,Other,random,C2H2O4,89.995294350,RC2_0046_ICR-3_p08
355.168012509,445.163313745,89.995301236,Other,random,C2H2O4,89.995294350,RC2_0046_ICR-3_p08
425.100700852,515.096002088,89.995301236,Other,random,C2H2O4,89.995294350,RC2_0046_ICR-3_p08
345.170591918,435.165894155,89.995302236,Other,random,C2H2O4,89.995294350,RC2_0046_ICR-3_p08
395.171020815,485.166323051,89.995302236,Other,random,C2H2O4,89.995294350,RC2_0046_ICR-3_p08
419.134552160,509.129854397,89.995302236,Other,random,C2H2O4,89.995294350,RC2_0046_ICR-3_p08
317.102938982,407.098242219,89.995303236,Other,random,C2H2O4,89.995294350,RC2_0046_ICR-3_p08
471.179039386,561.174342622,89.995303236,Other,random,C2H2O4,89.995294350,RC2_0046_ICR-3_p08
421.142285643,511.137589880,89.995304236,Other,random,C2H2O4,89.995294350,RC2_0046_ICR-3_p08
401.100698661,491.096002897,89.995304236,Other,random,C2H2O4,89.995294350,RC2_0046_ICR-3_p08
346.056768159,436.088453241,90.031685082,Other,random,C3H6O3,90.031695000,RC2_0046_ICR-3_p08
511.072924154,601.104609236,90.031685082,Other,random,C3H6O3,90.031695000,RC2_0046_ICR-3_p08
369.046234637,459.077919719,90.031685082,Other,random,C3H6O3,90.031695000,RC2_0046_ICR-3_p08
401.087719716,491.119404798,90.031685082,Other,random,C3H6O3,90.031695000,RC2_0046_ICR-3_p08
403.175990857,493.207676939,90.031686082,Other,random,C3H6O3,90.031695000,RC2_0046_ICR-3_p08
427.080056455,517.111742537,90.031686082,Other,random,C3H6O3,90.031695000,RC2_0046_ICR-3_p08
427.139650202,517.171336284,90.031686082,Other,random,C3H6O3,90.031695000,RC2_0046_ICR-3_p08
467.184204332,557.215890414,90.031686082,Other,random,C3H6O3,90.031695000,RC2_0046_ICR-3_p08
327.100344573,417.132031655,90.031687082,Other,random,C3H6O3,90.031695000,RC2_0046_ICR-3_p08
387.194157653,477.225844735,90.031687082,Other,random,C3H6O3,90.031695000,RC2_0046_ICR-3_p08
439.015118826,529.046805908,90.031687082,Other,random,C3H6O3,90.031695000,RC2_0046_ICR-3_p08
511.173789726,601.205476808,90.031687082,Other,random,C3H6O3,90.031695000,RC2_0046_ICR-3_p08
371.162860658,461.194548740,90.031688082,Other,random,C3H6O3,90.031695000,RC2_0046_ICR-3_p08
309.097848940,399.129537022,90.031688082,Other,random,C3H6O3,90.031695000,RC2_0046_ICR-3_p08
385.019858876,475.051546958,90.031688082,Other,random,C3H6O3,90.031695000,RC2_0046_ICR-3_p08
361.142055167,451.173743249,90.031688082,Other,random,C3H6O3,90.031695000,RC2_0046_ICR-3_p08
395.098140124,485.129829206,90.031689082,Other,random,C3H6O3,90.031695000,RC2_0046_ICR-3_p08
357.092252346,447.123941428,90.031689082,Other,random,C3H6O3,90.031695000,RC2_0046_ICR-3_p08
441.095670000,531.127359082,90.031689082,Other,random,C3H6O3,90.031695000,RC2_0046_ICR-3_p08
397.113849573,487.145539655,90.031690082,Other,random,C3H6O3,90.031695000,RC2_0046_ICR-3_p08
473.036174507,563.067864590,90.031690082,Other,random,C3H6O3,90.031695000,RC2_0046_ICR-3_p08
511.051695244,601.083385326,90.031690082,Other,random,C3H6O3,90.031695000,RC2_0046_ICR-3_p08
453.046247306,543.077938388,90.031691082,Other,random,C3H6O3,90.031695000,RC2_0046_ICR-3_p08
555.200186965,645.231878047,90.031691082,Other,random,C3H6O3,90.031695000,RC2_0046_ICR-3_p08
422.080651663,512.112342745,90.031691082,Other,random,C3H6O3,90.031695000,RC2_0046_ICR-3_p08
485.194680931,575.226373013,90.031692082,Other,random,C3H6O3,90.031695000,RC2_0046_ICR-3_p08
311.113457390,401.145149472,90.031692082,Other,random,C3H6O3,90.031695000,RC2_0046_ICR-3_p08
345.055820405,435.087512487,90.031692082,Other,random,C3H6O3,90.031695000,RC2_0046_ICR-3_p08
415.175957953,505.207650035,90.031692082,Other,random,C3H6O3,90.031695000,RC2_0046_ICR-3_p08
341.116034118,431.147726200,90.031692082,Other,random,C3H6O3,90.031695000,RC2_0046_ICR-3_p08
413.051198966,503.082891048,90.031692082,Other,random,C3H6O3,90.031695000,RC2_0046_ICR-3_p08
331.058887781,421.090579863,90.031692082,Other,random,C3H6O3,90.031695000,RC2_0046_ICR-3_p08
367.176132570,457.207825652,90.031693082,Other,random,C3H6O3,90.031695000,RC2_0046_ICR-3_p08
373.087147495,463.118840577,90.031693082,Other,random,C3H6O3,90.031695000,RC2_0046_ICR-3_p08
441.212854503,531.244547585,90.031693082,Other,random,C3H6O3,90.031695000,RC2_0046_ICR-3_p08
311.105372424,401.137065506,90.031693082,Other,random,C3H6O3,90.031695000,RC2_0046_ICR-3_p08
317.152398773,407.184092855,90.031694082,Other,random,C3H6O3,90.031695000,RC2_0046_ICR-3_p08
377.087562525,467.119256607,90.031694082,Other,random,C3H6O3,90.031695000,RC2_0046_ICR-3_p08
487.173811535,577.205505617,90.031694082,Other,random,C3H6O3,90.031695000,RC2_0046_ICR-3_p08
389.246267948,479.277962030,90.031694082,Other,random,C3H6O3,90.031695000,RC2_0046_ICR-3_p08
473.108686200,563.140381282,90.031695082,Other,random,C3H6O3,90.031695000,RC2_0046_ICR-3_p08
471.196733310,561.228428392,90.031695082,Other,random,C3H6O3,90.031695000,RC2_0046_ICR-3_p08
345.110818172,435.142513254,90.031695082,Other,random,C3H6O3,90.031695000,RC2_0046_ICR-3_p08
365.123981275,455.155676357,90.031695082,Other,random,C3H6O3,90.031695000,RC2_0046_ICR-3_p08
380.033816027,470.065511109,90.031695082,Other,random,C3H6O3,90.031695000,RC2_0046_ICR-3_p08
387.048641270,477.080336352,90.031695082,Other,random,C3H6O3,90.031695000,RC2_0046_ICR-3_p08
367.139612725,457.171308807,90.031696082,Other,random,C3H6O3,90.031695000,RC2_0046_ICR-3_p08
337.178601821,427.210297903,90.031696082,Other,random,C3H6O3,90.031695000,RC2_0046_ICR-3_p08
276.051284125,366.082980207,90.031696082,Other,random,C3H6O3,90.031695000,RC2_0046_ICR-3_p08
549.197720427,639.229416509,90.031696082,Other,random,C3H6O3,90.031695000,RC2_0046_ICR-3_p08
355.030544092,445.062241174,90.031697082,Other,random,C3H6O3,90.031695000,RC2_0046_ICR-3_p08
393.118996519,483.150693601,90.031697082,Other,random,C3H6O3,90.031695000,RC2_0046_ICR-3_p08
543.223415770,633.255113852,90.031698082,Other,random,C3H6O3,90.031695000,RC2_0046_ICR-3_p08
393.155279365,483.186977447,90.031698082,Other,random,C3H6O3,90.031695000,RC2_0046_ICR-3_p08
419.147624105,509.179322187,90.031698082,Other,random,C3H6O3,90.031695000,RC2_0046_ICR-3_p08
421.113886764,511.145584846,90.031698082,Other,random,C3H6O3,90.031695000,RC2_0046_ICR-3_p08
481.098586306,571.130284388,90.031698082,Other,random,C3H6O3,90.031695000,RC2_0046_ICR-3_p08
377.124064370,467.155762452,90.031698082,Other,random,C3H6O3,90.031695000,RC2_0046_ICR-3_p08
457.186738741,547.218436823,90.031698082,Other,random,C3H6O3,90.031695000,RC2_0046_ICR-3_p08
613.229506802,703.261204884,90.031698082,Other,random,C3H6O3,90.031695000,RC2_0046_ICR-3_p08
359.199255408,449.230954490,90.031699082,Other,random,C3H6O3,90.031695000,RC2_0046_ICR-3_p08
383.134591874,473.166290956,90.031699082,Other,random,C3H6O3,90.031695000,RC2_0046_ICR-3_p08
351.181154421,441.212854503,90.031700082,Other,random,C3H6O3,90.031695000,RC2_0046_ICR-3_p08
371.061836087,461.093536169,90.031700082,Other,random,C3H6O3,90.031695000,RC2_0046_ICR-3_p08
387.102684041,477.134384123,90.031700082,Other,random,C3H6O3,90.031695000,RC2_0046_ICR-3_p08
425.100700852,515.132400934,90.031700082,Other,random,C3H6O3,90.031695000,RC2_0046_ICR-3_p08
333.025122440,423.056822522,90.031700082,Other,random,C3H6O3,90.031695000,RC2_0046_ICR-3_p08
453.249176445,543.280876527,90.031700082,Other,random,C3H6O3,90.031695000,RC2_0046_ICR-3_p08
465.067396311,555.099096393,90.031700082,Other,random,C3H6O3,90.031695000,RC2_0046_ICR-3_p08
313.108006929,403.139707011,90.031700082,Other,random,C3H6O3,90.031695000,RC2_0046_ICR-3_p08
347.235652158,437.267353240,90.031701082,Other,random,C3H6O3,90.031695000,RC2_0046_ICR-3_p08
577.083616134,667.115317216,90.031701082,Other,random,C3H6O3,90.031695000,RC2_0046_ICR-3_p08
371.053802121,461.085503203,90.031701082,Other,random,C3H6O3,90.031695000,RC2_0046_ICR-3_p08
305.139318733,395.171020815,90.031702082,Other,random,C3H6O3,90.031695000,RC2_0046_ICR-3_p08
585.198065712,675.229767794,90.031702082,Other,random,C3H6O3,90.031695000,RC2_0046_ICR-3_p08
353.188889904,443.220591986,90.031702082,Other,random,C3H6O3,90.031695000,RC2_0046_ICR-3_p08
407.025354528,497.057056610,90.031702082,Other,random,C3H6O3,90.031695000,RC2_0046_ICR-3_p08
455.098344600,545.130046682,90.031702082,Other,random,C3H6O3,90.031695000,RC2_0046_ICR-3_p08
482.138149897,572.169851979,90.031702082,Other,random,C3H6O3,90.031695000,RC2_0046_ICR-3_p08
443.098228505,533.129930587,90.031702082,Other,random,C3H6O3,90.031695000,RC2_0046_ICR-3_p08
363.230550307,453.262253389,90.031703082,Other,random,C3H6O3,90.031695000,RC2_0046_ICR-3_p08
425.035929126,515.067632208,90.031703082,Other,random,C3H6O3,90.031695000,RC2_0046_ICR-3_p08
355.058749972,445.090453054,90.031703082,Other,random,C3H6O3,90.031695000,RC2_0046_ICR-3_p08
371.090066967,461.121770049,90.031703082,Other,random,C3H6O3,90.031695000,RC2_0046_ICR-3_p08
371.098111933,461.129815015,90.031703082,Other,random,C3H6O3,90.031695000,RC2_0046_ICR-3_p08
375.121347866,465.153050948,90.031703082,Other,random,C3H6O3,90.031695000,RC2_0046_ICR-3_p08
643.167023806,733.198726888,90.031703082,Other,random,C3H6O3,90.031695000,RC2_0046_ICR-3_p08
418.114285488,508.145989570,90.031704082,Other,random,C3H6O3,90.031695000,RC2_0046_ICR-3_p08
431.256855737,521.288559819,90.031704082,Other,random,C3H6O3,90.031695000,RC2_0046_ICR-3_p08
473.085417299,563.117121381,90.031704082,Other,random,C3H6O3,90.031695000,RC2_0046_ICR-3_p08
429.059373059,519.091077141,90.031704082,Other,random,C3H6O3,90.031695000,RC2_0046_ICR-3_p08
235.061279006,325.104197041,90.042918034,Other,random,C2O2H6N2,90.042928000,RC2_0046_ICR-3_p08
330.061892010,420.104825044,90.042933034,Other,random,C2O2H6N2,90.042928000,RC2_0046_ICR-3_p08
393.009625983,483.056567001,90.046941017,Other,random,C7H6,90.046950000,RC2_0046_ICR-3_p08
397.041121882,487.088062899,90.046941017,Other,random,C7H6,90.046950000,RC2_0046_ICR-3_p08
473.202809801,563.249751818,90.046942017,Other,random,C7H6,90.046950000,RC2_0046_ICR-3_p08
425.072427972,515.119369989,90.046942017,Other,random,C7H6,90.046950000,RC2_0046_ICR-3_p08
517.192443195,607.239385212,90.046942017,Other,random,C7H6,90.046950000,RC2_0046_ICR-3_p08
327.108359539,417.155302556,90.046943017,Other,random,C7H6,90.046950000,RC2_0046_ICR-3_p08
321.111003980,411.157946997,90.046943017,Other,random,C7H6,90.046950000,RC2_0046_ICR-3_p08
357.131919178,447.178862195,90.046943017,Other,random,C7H6,90.046950000,RC2_0046_ICR-3_p08
367.066841034,457.113785051,90.046944017,Other,random,C7H6,90.046950000,RC2_0046_ICR-3_p08
353.087620334,443.134565351,90.046945017,Other,random,C7H6,90.046950000,RC2_0046_ICR-3_p08
541.119759694,631.166705712,90.046946017,Other,random,C7H6,90.046950000,RC2_0046_ICR-3_p08
415.210347807,505.257294824,90.046947017,Other,random,C7H6,90.046950000,RC2_0046_ICR-3_p08
437.121797858,527.168744875,90.046947017,Other,random,C7H6,90.046950000,RC2_0046_ICR-3_p08
353.100656279,443.147604296,90.046948017,Other,random,C7H6,90.046950000,RC2_0046_ICR-3_p08
433.126963804,523.173911821,90.046948017,Other,random,C7H6,90.046950000,RC2_0046_ICR-3_p08
411.215302754,501.262250771,90.046948017,Other,random,C7H6,90.046950000,RC2_0046_ICR-3_p08
431.220498891,521.267446909,90.046948017,Other,random,C7H6,90.046950000,RC2_0046_ICR-3_p08
453.176467753,543.223415770,90.046948017,Other,random,C7H6,90.046950000,RC2_0046_ICR-3_p08
392.025809157,482.072759174,90.046950017,Other,random,C7H6,90.046950000,RC2_0046_ICR-3_p08
549.174458526,639.221408543,90.046950017,Other,random,C7H6,90.046950000,RC2_0046_ICR-3_p08
599.234737168,689.281687186,90.046950017,Other,random,C7H6,90.046950000,RC2_0046_ICR-3_p08
429.067344025,519.114295042,90.046951017,Other,random,C7H6,90.046950000,RC2_0046_ICR-3_p08
525.088482700,615.135433717,90.046951017,Other,random,C7H6,90.046950000,RC2_0046_ICR-3_p08
401.072452780,491.119404798,90.046952017,Other,random,C7H6,90.046950000,RC2_0046_ICR-3_p08
311.004275853,401.051228870,90.046953017,Other,random,C7H6,90.046950000,RC2_0046_ICR-3_p08
487.218374346,577.265327363,90.046953017,Other,random,C7H6,90.046950000,RC2_0046_ICR-3_p08
573.073577145,663.120530162,90.046953017,Other,random,C7H6,90.046950000,RC2_0046_ICR-3_p08
531.244547585,621.291501603,90.046954017,Other,random,C7H6,90.046950000,RC2_0046_ICR-3_p08
339.072033789,429.118988806,90.046955017,Other,random,C7H6,90.046950000,RC2_0046_ICR-3_p08
351.035667038,441.082623056,90.046956017,Other,random,C7H6,90.046950000,RC2_0046_ICR-3_p08
487.137476689,577.184432706,90.046956017,Other,random,C7H6,90.046950000,RC2_0046_ICR-3_p08
370.049436381,460.096392399,90.046956017,Other,random,C7H6,90.046950000,RC2_0046_ICR-3_p08
239.128947751,329.175903768,90.046956017,Other,random,C7H6,90.046950000,RC2_0046_ICR-3_p08
373.144540252,463.191497269,90.046957017,Other,random,C7H6,90.046950000,RC2_0046_ICR-3_p08
467.046583916,557.093540933,90.046957017,Other,random,C7H6,90.046950000,RC2_0046_ICR-3_p08
383.098106028,473.145064046,90.046958017,Other,random,C7H6,90.046950000,RC2_0046_ICR-3_p08
399.202213714,489.249171731,90.046958017,Other,random,C7H6,90.046950000,RC2_0046_ICR-3_p08
431.155737166,521.202695183,90.046958017,Other,random,C7H6,90.046950000,RC2_0046_ICR-3_p08
583.094079638,673.141037655,90.046958017,Other,random,C7H6,90.046950000,RC2_0046_ICR-3_p08
453.030979370,543.077938388,90.046959017,Other,random,C7H6,90.046950000,RC2_0046_ICR-3_p08
331.103303592,422.145494388,91.042190795,Other,random,C6H5N1,91.042199000,RC2_0046_ICR-3_p08
353.051312488,444.093507283,91.042194795,Other,random,C6H5N1,91.042199000,RC2_0046_ICR-3_p08
297.074484944,388.116682739,91.042197795,Other,random,C6H5N1,91.042199000,RC2_0046_ICR-3_p08
385.077519632,476.119717427,91.042197795,Other,random,C6H5N1,91.042199000,RC2_0046_ICR-3_p08
545.151020593,636.193219389,91.042198795,Other,random,C6H5N1,91.042199000,RC2_0046_ICR-3_p08
313.092737994,404.134936789,91.042198795,Other,random,C6H5N1,91.042199000,RC2_0046_ICR-3_p08
245.103118408,336.145318204,91.042199795,Other,random,C6H5N1,91.042199000,RC2_0046_ICR-3_p08
305.124146797,396.166347592,91.042200795,Other,random,C6H5N1,91.042199000,RC2_0046_ICR-3_p08
273.025186962,364.067393757,91.042206795,Other,random,C6H5N1,91.042199000,RC2_0046_ICR-3_p08
301.092838898,392.135046693,91.042207795,Other,random,C6H5N1,91.042199000,RC2_0046_ICR-3_p08
431.119390320,522.161599116,91.042208795,Other,random,C6H5N1,91.042199000,RC2_0046_ICR-3_p08
325.092731089,417.103659775,92.010928686,Other,random,C2H4O4,92.010938230,RC2_0046_ICR-3_p08
353.051312488,445.062241174,92.010928686,Other,random,C2H4O4,92.010938230,RC2_0046_ICR-3_p08
355.248837166,447.259765852,92.010928686,Other,random,C2H4O4,92.010938230,RC2_0046_ICR-3_p08
378.046540457,470.057469143,92.010928686,Other,random,C2H4O4,92.010938230,RC2_0046_ICR-3_p08
389.246267948,481.257196634,92.010928686,Other,random,C2H4O4,92.010938230,RC2_0046_ICR-3_p08
409.069534857,501.080463543,92.010928686,Other,random,C2H4O4,92.010938230,RC2_0046_ICR-3_p08
429.204747442,521.215676128,92.010928686,Other,random,C2H4O4,92.010938230,RC2_0046_ICR-3_p08
655.203872745,747.214801431,92.010928686,Other,random,C2H4O4,92.010938230,RC2_0046_ICR-3_p08
311.222773926,403.233703612,92.010929686,Other,random,C2H4O4,92.010938230,RC2_0046_ICR-3_p08
341.116034118,433.126963804,92.010929686,Other,random,C2H4O4,92.010938230,RC2_0046_ICR-3_p08
399.071957267,491.082886953,92.010929686,Other,random,C2H4O4,92.010938230,RC2_0046_ICR-3_p08
309.134218786,401.145149472,92.010930686,Other,random,C2H4O4,92.010938230,RC2_0046_ICR-3_p08
361.251321703,453.262253389,92.010931686,Other,random,C2H4O4,92.010938230,RC2_0046_ICR-3_p08
675.229767794,767.240699480,92.010931686,Other,random,C2H4O4,92.010938230,RC2_0046_ICR-3_p08
493.199981972,585.210914658,92.010932686,Other,random,C2H4O4,92.010938230,RC2_0046_ICR-3_p08
395.126544003,487.137476689,92.010932686,Other,random,C2H4O4,92.010938230,RC2_0046_ICR-3_p08
322.106190758,414.117124444,92.010933686,Other,random,C2H4O4,92.010938230,RC2_0046_ICR-3_p08
527.083035239,619.093968925,92.010933686,Other,random,C2H4O4,92.010938230,RC2_0046_ICR-3_p08
425.072427972,517.083361658,92.010933686,Other,random,C2H4O4,92.010938230,RC2_0046_ICR-3_p08
319.131689376,411.142624062,92.010934686,Other,random,C2H4O4,92.010938230,RC2_0046_ICR-3_p08
331.154979373,423.165914059,92.010934686,Other,random,C2H4O4,92.010938230,RC2_0046_ICR-3_p08
465.212909694,557.223844380,92.010934686,Other,random,C2H4O4,92.010938230,RC2_0046_ICR-3_p08
301.121166778,393.132102464,92.010935686,Other,random,C2H4O4,92.010938230,RC2_0046_ICR-3_p08
318.061766915,410.072702601,92.010935686,Other,random,C2H4O4,92.010938230,RC2_0046_ICR-3_p08
513.031091847,605.042027533,92.010935686,Other,random,C2H4O4,92.010938230,RC2_0046_ICR-3_p08
481.199734877,573.210670563,92.010935686,Other,random,C2H4O4,92.010938230,RC2_0046_ICR-3_p08
471.179039386,563.189976072,92.010936686,Other,random,C2H4O4,92.010938230,RC2_0046_ICR-3_p08
355.045688028,447.056625714,92.010937686,Other,random,C2H4O4,92.010938230,RC2_0046_ICR-3_p08
493.244036785,585.254974471,92.010937686,Other,random,C2H4O4,92.010938230,RC2_0046_ICR-3_p08
537.262735056,629.273672742,92.010937686,Other,random,C2H4O4,92.010938230,RC2_0046_ICR-3_p08
303.160082129,395.171020815,92.010938686,Other,random,C2H4O4,92.010938230,RC2_0046_ICR-3_p08
399.157739903,491.168678589,92.010938686,Other,random,C2H4O4,92.010938230,RC2_0046_ICR-3_p08
407.207416756,499.218355442,92.010938686,Other,random,C2H4O4,92.010938230,RC2_0046_ICR-3_p08
335.113467581,427.124406267,92.010938686,Other,random,C2H4O4,92.010938230,RC2_0046_ICR-3_p08
361.056363530,453.067303216,92.010939686,Other,random,C2H4O4,92.010938230,RC2_0046_ICR-3_p08
337.178601821,429.189541507,92.010939686,Other,random,C2H4O4,92.010938230,RC2_0046_ICR-3_p08
347.186231368,439.197172054,92.010940686,Other,random,C2H4O4,92.010938230,RC2_0046_ICR-3_p08
377.124064370,469.135005056,92.010940686,Other,random,C2H4O4,92.010938230,RC2_0046_ICR-3_p08
405.168317406,497.179258092,92.010940686,Other,random,C2H4O4,92.010938230,RC2_0046_ICR-3_p08
302.030626920,394.041568606,92.010941686,Other,random,C2H4O4,92.010938230,RC2_0046_ICR-3_p08
403.225581647,495.236523333,92.010941686,Other,random,C2H4O4,92.010938230,RC2_0046_ICR-3_p08
344.077510555,436.088453241,92.010942686,Other,random,C2H4O4,92.010938230,RC2_0046_ICR-3_p08
541.184620419,633.195563105,92.010942686,Other,random,C2H4O4,92.010938230,RC2_0046_ICR-3_p08
419.170937006,511.181879692,92.010942686,Other,random,C2H4O4,92.010938230,RC2_0046_ICR-3_p08
451.116494492,543.127438178,92.010943686,Other,random,C2H4O4,92.010938230,RC2_0046_ICR-3_p08
329.152296869,421.163240555,92.010943686,Other,random,C2H4O4,92.010938230,RC2_0046_ICR-3_p08
515.192141680,607.203086366,92.010944686,Other,random,C2H4O4,92.010938230,RC2_0046_ICR-3_p08
311.113457390,403.124402076,92.010944686,Other,random,C2H4O4,92.010938230,RC2_0046_ICR-3_p08
419.207352851,511.218297537,92.010944686,Other,random,C2H4O4,92.010938230,RC2_0046_ICR-3_p08
501.189427080,593.200372766,92.010945686,Other,random,C2H4O4,92.010938230,RC2_0046_ICR-3_p08
393.204839155,485.215784841,92.010945686,Other,random,C2H4O4,92.010938230,RC2_0046_ICR-3_p08
323.040714794,415.051660480,92.010945686,Other,random,C2H4O4,92.010938230,RC2_0046_ICR-3_p08
329.066555232,421.077501918,92.010946686,Other,random,C2H4O4,92.010938230,RC2_0046_ICR-3_p08
435.020272772,527.031219458,92.010946686,Other,random,C2H4O4,92.010938230,RC2_0046_ICR-3_p08
309.061506094,401.072452780,92.010946686,Other,random,C2H4O4,92.010938230,RC2_0046_ICR-3_p08
357.097827323,449.108775008,92.010947686,Other,random,C2H4O4,92.010938230,RC2_0046_ICR-3_p08
357.183505959,449.194453645,92.010947686,Other,random,C2H4O4,92.010938230,RC2_0046_ICR-3_p08
224.056505689,316.067453375,92.010947686,Other,random,C2H4O4,92.010938230,RC2_0046_ICR-3_p08
389.209768102,481.220715788,92.010947686,Other,random,C2H4O4,92.010938230,RC2_0046_ICR-3_p08
319.139735342,411.165941963,92.026206621,Other,random,C6H4O1,92.026215000,RC2_0046_ICR-3_p08
383.165244744,475.191451365,92.026206621,Other,random,C6H4O1,92.026215000,RC2_0046_ICR-3_p08
513.052060759,605.078268380,92.026207621,Other,random,C6H4O1,92.026215000,RC2_0046_ICR-3_p08
427.233622804,519.259831425,92.026208621,Other,random,C6H4O1,92.026215000,RC2_0046_ICR-3_p08
393.118996519,485.145205141,92.026208621,Other,random,C6H4O1,92.026215000,RC2_0046_ICR-3_p08
325.105822034,417.132031655,92.026209621,Other,random,C6H4O1,92.026215000,RC2_0046_ICR-3_p08
331.095193627,423.121403248,92.026209621,Other,random,C6H4O1,92.026215000,RC2_0046_ICR-3_p08
397.199659209,489.225868830,92.026209621,Other,random,C6H4O1,92.026215000,RC2_0046_ICR-3_p08
481.184460942,573.210670563,92.026209621,Other,random,C6H4O1,92.026215000,RC2_0046_ICR-3_p08
559.203220983,651.229430605,92.026209621,Other,random,C6H4O1,92.026215000,RC2_0046_ICR-3_p08
383.170807720,475.197017341,92.026209621,Other,random,C6H4O1,92.026215000,RC2_0046_ICR-3_p08
421.163240555,513.189450176,92.026209621,Other,random,C6H4O1,92.026215000,RC2_0046_ICR-3_p08
301.020034207,393.046244828,92.026210621,Other,random,C6H4O1,92.026215000,RC2_0046_ICR-3_p08
379.030454283,471.056664905,92.026210621,Other,random,C6H4O1,92.026215000,RC2_0046_ICR-3_p08
485.215784841,577.241996462,92.026211621,Other,random,C6H4O1,92.026215000,RC2_0046_ICR-3_p08
533.057301896,625.083513517,92.026211621,Other,random,C6H4O1,92.026215000,RC2_0046_ICR-3_p08
371.025299242,463.051510863,92.026211621,Other,random,C6H4O1,92.026215000,RC2_0046_ICR-3_p08
371.129039802,463.155252423,92.026212621,Other,random,C6H4O1,92.026215000,RC2_0046_ICR-3_p08
465.225969639,557.252182260,92.026212621,Other,random,C6H4O1,92.026215000,RC2_0046_ICR-3_p08
391.124480980,483.150693601,92.026212621,Other,random,C6H4O1,92.026215000,RC2_0046_ICR-3_p08
447.160280274,539.186492895,92.026212621,Other,random,C6H4O1,92.026215000,RC2_0046_ICR-3_p08
389.035922840,481.062136461,92.026213621,Other,random,C6H4O1,92.026215000,RC2_0046_ICR-3_p08
309.061506094,401.087719716,92.026213621,Other,random,C6H4O1,92.026215000,RC2_0046_ICR-3_p08
517.184496229,609.210710850,92.026214621,Other,random,C6H4O1,92.026215000,RC2_0046_ICR-3_p08
571.239670924,663.265885546,92.026214621,Other,random,C6H4O1,92.026215000,RC2_0046_ICR-3_p08
423.069787467,515.096002088,92.026214621,Other,random,C6H4O1,92.026215000,RC2_0046_ICR-3_p08
395.092647147,487.118863768,92.026216621,Other,random,C6H4O1,92.026215000,RC2_0046_ICR-3_p08
503.168942683,595.195159304,92.026216621,Other,random,C6H4O1,92.026215000,RC2_0046_ICR-3_p08
567.244854871,659.271071492,92.026216621,Other,random,C6H4O1,92.026215000,RC2_0046_ICR-3_p08
339.139191504,431.165408125,92.026216621,Other,random,C6H4O1,92.026215000,RC2_0046_ICR-3_p08
341.087629238,433.113845860,92.026216621,Other,random,C6H4O1,92.026215000,RC2_0046_ICR-3_p08
351.121387675,443.147604296,92.026216621,Other,random,C6H4O1,92.026215000,RC2_0046_ICR-3_p08
451.118730482,543.144947103,92.026216621,Other,random,C6H4O1,92.026215000,RC2_0046_ICR-3_p08
473.202809801,565.229027422,92.026217621,Other,random,C6H4O1,92.026215000,RC2_0046_ICR-3_p08
363.121444770,455.147662391,92.026217621,Other,random,C6H4O1,92.026215000,RC2_0046_ICR-3_p08
359.126588716,451.152806338,92.026217621,Other,random,C6H4O1,92.026215000,RC2_0046_ICR-3_p08
407.074844318,499.101061939,92.026217621,Other,random,C6H4O1,92.026215000,RC2_0046_ICR-3_p08
367.139612725,459.165831346,92.026218621,Other,random,C6H4O1,92.026215000,RC2_0046_ICR-3_p08
399.142459968,491.168678589,92.026218621,Other,random,C6H4O1,92.026215000,RC2_0046_ICR-3_p08
339.072033789,431.098252410,92.026218621,Other,random,C6H4O1,92.026215000,RC2_0046_ICR-3_p08
427.088076421,519.114295042,92.026218621,Other,random,C6H4O1,92.026215000,RC2_0046_ICR-3_p08
383.183962664,475.210181285,92.026218621,Other,random,C6H4O1,92.026215000,RC2_0046_ICR-3_p08
371.183865569,463.210085190,92.026219621,Other,random,C6H4O1,92.026215000,RC2_0046_ICR-3_p08
373.186690073,465.212909694,92.026219621,Other,random,C6H4O1,92.026215000,RC2_0046_ICR-3_p08
353.154830049,445.181050670,92.026220621,Other,random,C6H4O1,92.026215000,RC2_0046_ICR-3_p08
415.210347807,507.236568428,92.026220621,Other,random,C6H4O1,92.026215000,RC2_0046_ICR-3_p08
479.241497184,571.267718805,92.026221621,Other,random,C6H4O1,92.026215000,RC2_0046_ICR-3_p08
365.118427299,457.144648920,92.026221621,Other,random,C6H4O1,92.026215000,RC2_0046_ICR-3_p08
335.077103735,427.103325356,92.026221621,Other,random,C6H4O1,92.026215000,RC2_0046_ICR-3_p08
354.046584266,446.072805887,92.026221621,Other,random,C6H4O1,92.026215000,RC2_0046_ICR-3_p08
389.064309719,481.090531341,92.026221621,Other,random,C6H4O1,92.026215000,RC2_0046_ICR-3_p08
397.041121882,489.067343503,92.026221621,Other,random,C6H4O1,92.026215000,RC2_0046_ICR-3_p08
329.051278297,421.077501918,92.026223621,Other,random,C6H4O1,92.026215000,RC2_0046_ICR-3_p08
359.144237642,451.170461263,92.026223621,Other,random,C6H4O1,92.026215000,RC2_0046_ICR-3_p08
335.126495526,427.152719147,92.026223621,Other,random,C6H4O1,92.026215000,RC2_0046_ICR-3_p08
364.030858912,456.057082533,92.026223621,Other,random,C6H4O1,92.026215000,RC2_0046_ICR-3_p08
485.166323051,577.192546672,92.026223621,Other,random,C6H4O1,92.026215000,RC2_0046_ICR-3_p08
325.092731089,417.118955711,92.026224621,Other,random,C6H4O1,92.026215000,RC2_0046_ICR-3_p08
405.168317406,497.194542027,92.026224621,Other,random,C6H4O1,92.026215000,RC2_0046_ICR-3_p08
463.015467016,555.041691637,92.026224621,Other,random,C6H4O1,92.026215000,RC2_0046_ICR-3_p08
425.145111663,517.171336284,92.026224621,Other,random,C6H4O1,92.026215000,RC2_0046_ICR-3_p08
585.291619315,677.317843937,92.026224621,Other,random,C6H4O1,92.026215000,RC2_0046_ICR-3_p08
415.116292206,507.163649737,92.047357531,Other,random,C3H8O3,92.047366950,RC2_0046_ICR-3_p08
349.165495972,441.212854503,92.047358531,Other,random,C3H8O3,92.047366950,RC2_0046_ICR-3_p08
359.090102871,451.137461403,92.047358531,Other,random,C3H8O3,92.047366950,RC2_0046_ICR-3_p08
445.150173801,537.197533332,92.047359531,Other,random,C3H8O3,92.047366950,RC2_0046_ICR-3_p08
385.165540258,477.212899790,92.047359531,Other,random,C3H8O3,92.047366950,RC2_0046_ICR-3_p08
451.170461263,543.217820794,92.047359531,Other,random,C3H8O3,92.047366950,RC2_0046_ICR-3_p08
493.062202556,585.109562088,92.047359531,Other,random,C3H8O3,92.047366950,RC2_0046_ICR-3_p08
393.082468674,485.129829206,92.047360531,Other,random,C3H8O3,92.047366950,RC2_0046_ICR-3_p08
419.170937006,511.218297537,92.047360531,Other,random,C3H8O3,92.047366950,RC2_0046_ICR-3_p08
372.072309800,464.119670332,92.047360531,Other,random,C3H8O3,92.047366950,RC2_0046_ICR-3_p08
403.103167166,495.150528698,92.047361531,Other,random,C3H8O3,92.047366950,RC2_0046_ICR-3_p08
469.236171627,561.283533159,92.047361531,Other,random,C3H8O3,92.047366950,RC2_0046_ICR-3_p08
473.072409354,565.119770885,92.047361531,Other,random,C3H8O3,92.047366950,RC2_0046_ICR-3_p08
419.207352851,511.254716383,92.047363531,Other,random,C3H8O3,92.047366950,RC2_0046_ICR-3_p08
433.041118168,525.088482700,92.047364531,Other,random,C3H8O3,92.047366950,RC2_0046_ICR-3_p08
521.194858216,613.242222748,92.047364531,Other,random,C3H8O3,92.047366950,RC2_0046_ICR-3_p08
539.104131245,631.151495776,92.047364531,Other,random,C3H8O3,92.047366950,RC2_0046_ICR-3_p08
319.009424895,411.056790426,92.047365531,Other,random,C3H8O3,92.047366950,RC2_0046_ICR-3_p08
421.223077301,513.270442832,92.047365531,Other,random,C3H8O3,92.047366950,RC2_0046_ICR-3_p08
569.166461719,661.213827250,92.047365531,Other,random,C3H8O3,92.047366950,RC2_0046_ICR-3_p08
383.004180427,475.051546958,92.047366531,Other,random,C3H8O3,92.047366950,RC2_0046_ICR-3_p08
489.140020194,581.187386726,92.047366531,Other,random,C3H8O3,92.047366950,RC2_0046_ICR-3_p08
311.105372424,403.152739956,92.047367531,Other,random,C3H8O3,92.047366950,RC2_0046_ICR-3_p08
371.113403868,463.160771399,92.047367531,Other,random,C3H8O3,92.047366950,RC2_0046_ICR-3_p08
335.162930371,427.210297903,92.047367531,Other,random,C3H8O3,92.047366950,RC2_0046_ICR-3_p08
503.155878739,595.203246270,92.047367531,Other,random,C3H8O3,92.047366950,RC2_0046_ICR-3_p08
471.056664905,563.104032436,92.047367531,Other,random,C3H8O3,92.047366950,RC2_0046_ICR-3_p08
431.038490663,523.085859195,92.047368531,Other,random,C3H8O3,92.047366950,RC2_0046_ICR-3_p08
332.041054614,424.088423146,92.047368531,Other,random,C3H8O3,92.047366950,RC2_0046_ICR-3_p08
437.181389605,529.228758136,92.047368531,Other,random,C3H8O3,92.047366950,RC2_0046_ICR-3_p08
337.129139030,429.176508562,92.047369531,Other,random,C3H8O3,92.047366950,RC2_0046_ICR-3_p08
401.014832025,493.062202556,92.047370531,Other,random,C3H8O3,92.047366950,RC2_0046_ICR-3_p08
431.098252410,523.145622941,92.047370531,Other,random,C3H8O3,92.047366950,RC2_0046_ICR-3_p08
451.233505995,543.280876527,92.047370531,Other,random,C3H8O3,92.047366950,RC2_0046_ICR-3_p08
549.197720427,641.245090959,92.047370531,Other,random,C3H8O3,92.047366950,RC2_0046_ICR-3_p08
363.108305826,455.155676357,92.047370531,Other,random,C3H8O3,92.047366950,RC2_0046_ICR-3_p08
339.100354669,431.147726200,92.047371531,Other,random,C3H8O3,92.047366950,RC2_0046_ICR-3_p08
377.173368161,469.220739693,92.047371531,Other,random,C3H8O3,92.047366950,RC2_0046_ICR-3_p08
485.121728240,577.169099772,92.047371531,Other,random,C3H8O3,92.047366950,RC2_0046_ICR-3_p08
397.105762607,489.153135139,92.047372531,Other,random,C3H8O3,92.047366950,RC2_0046_ICR-3_p08
417.082480865,509.129854397,92.047373531,Other,random,C3H8O3,92.047366950,RC2_0046_ICR-3_p08
385.178471203,477.225844735,92.047373531,Other,random,C3H8O3,92.047366950,RC2_0046_ICR-3_p08
675.193325949,767.240699480,92.047373531,Other,random,C3H8O3,92.047366950,RC2_0046_ICR-3_p08
337.019969494,429.067344025,92.047374531,Other,random,C3H8O3,92.047366950,RC2_0046_ICR-3_p08
329.139349923,421.186724455,92.047374531,Other,random,C3H8O3,92.047366950,RC2_0046_ICR-3_p08
439.197172054,531.244547585,92.047375531,Other,random,C3H8O3,92.047366950,RC2_0046_ICR-3_p08
430.041541892,522.088917424,92.047375531,Other,random,C3H8O3,92.047366950,RC2_0046_ICR-3_p08
453.168471787,545.215848318,92.047376531,Other,random,C3H8O3,92.047366950,RC2_0046_ICR-3_p08
629.224379951,721.271756482,92.047376531,Other,random,C3H8O3,92.047366950,RC2_0046_ICR-3_p08
325.056365244,417.118955711,92.062590467,Other,random,C7H8,92.062600000,RC2_0046_ICR-3_p08
421.126859709,513.189450176,92.062590467,Other,random,C7H8,92.062600000,RC2_0046_ICR-3_p08
345.074538326,437.137129793,92.062591467,Other,random,C7H8,92.062600000,RC2_0046_ICR-3_p08
629.209165016,721.271756482,92.062591467,Other,random,C7H8,92.062600000,RC2_0046_ICR-3_p08
370.049436381,462.112027848,92.062591467,Other,random,C7H8,92.062600000,RC2_0046_ICR-3_p08
411.142624062,503.205216529,92.062592467,Other,random,C7H8,92.062600000,RC2_0046_ICR-3_p08
609.109701278,701.172293745,92.062592467,Other,random,C7H8,92.062600000,RC2_0046_ICR-3_p08
397.186577264,489.249171731,92.062594467,Other,random,C7H8,92.062600000,RC2_0046_ICR-3_p08
427.210297903,519.272892370,92.062594467,Other,random,C7H8,92.062600000,RC2_0046_ICR-3_p08
335.053797834,427.116393301,92.062595467,Other,random,C7H8,92.062600000,RC2_0046_ICR-3_p08
379.152756765,471.215352231,92.062595467,Other,random,C7H8,92.062600000,RC2_0046_ICR-3_p08
401.072452780,493.135048247,92.062595467,Other,random,C7H8,92.062600000,RC2_0046_ICR-3_p08
469.135005056,561.197601523,92.062596467,Other,random,C7H8,92.062600000,RC2_0046_ICR-3_p08
435.129413309,527.192009776,92.062596467,Other,random,C7H8,92.062600000,RC2_0046_ICR-3_p08
427.197233958,519.259831425,92.062597467,Other,random,C7H8,92.062600000,RC2_0046_ICR-3_p08
407.092654243,499.155251709,92.062597467,Other,random,C7H8,92.062600000,RC2_0046_ICR-3_p08
409.108117693,501.170715160,92.062597467,Other,random,C7H8,92.062600000,RC2_0046_ICR-3_p08
473.057173418,565.119770885,92.062597467,Other,random,C7H8,92.062600000,RC2_0046_ICR-3_p08
623.089169977,715.151768444,92.062598467,Other,random,C7H8,92.062600000,RC2_0046_ICR-3_p08
471.077781815,563.140381282,92.062599467,Other,random,C7H8,92.062600000,RC2_0046_ICR-3_p08
593.078522283,685.141121750,92.062599467,Other,random,C7H8,92.062600000,RC2_0046_ICR-3_p08
451.015338921,543.077938388,92.062599467,Other,random,C7H8,92.062600000,RC2_0046_ICR-3_p08
309.025120249,401.087719716,92.062599467,Other,random,C7H8,92.062600000,RC2_0046_ICR-3_p08
375.056657140,467.119256607,92.062599467,Other,random,C7H8,92.062600000,RC2_0046_ICR-3_p08
315.108418443,407.171018910,92.062600467,Other,random,C7H8,92.062600000,RC2_0046_ICR-3_p08
329.079685177,421.142285643,92.062600467,Other,random,C7H8,92.062600000,RC2_0046_ICR-3_p08
382.049429477,474.112029944,92.062600467,Other,random,C7H8,92.062600000,RC2_0046_ICR-3_p08
415.087905326,507.150505793,92.062600467,Other,random,C7H8,92.062600000,RC2_0046_ICR-3_p08
605.187528916,697.250129383,92.062600467,Other,random,C7H8,92.062600000,RC2_0046_ICR-3_p08
469.025924519,561.088525986,92.062601467,Other,random,C7H8,92.062600000,RC2_0046_ICR-3_p08
309.097848940,401.160450407,92.062601467,Other,random,C7H8,92.062600000,RC2_0046_ICR-3_p08
313.092737994,405.155339461,92.062601467,Other,random,C7H8,92.062600000,RC2_0046_ICR-3_p08
407.025354528,499.087955995,92.062601467,Other,random,C7H8,92.062600000,RC2_0046_ICR-3_p08
300.072444226,392.135046693,92.062602467,Other,random,C7H8,92.062600000,RC2_0046_ICR-3_p08
375.085110020,467.147712487,92.062602467,Other,random,C7H8,92.062600000,RC2_0046_ICR-3_p08
417.067251930,509.129854397,92.062602467,Other,random,C7H8,92.062600000,RC2_0046_ICR-3_p08
569.224031475,661.286634942,92.062603467,Other,random,C7H8,92.062600000,RC2_0046_ICR-3_p08
368.033788932,460.096392399,92.062603467,Other,random,C7H8,92.062600000,RC2_0046_ICR-3_p08
387.121381961,479.183986428,92.062604467,Other,random,C7H8,92.062600000,RC2_0046_ICR-3_p08
413.175855437,505.238459904,92.062604467,Other,random,C7H8,92.062600000,RC2_0046_ICR-3_p08
415.051660480,507.114264947,92.062604467,Other,random,C7H8,92.062600000,RC2_0046_ICR-3_p08
375.048609175,467.111214641,92.062605467,Other,random,C7H8,92.062600000,RC2_0046_ICR-3_p08
413.108696722,505.171302189,92.062605467,Other,random,C7H8,92.062600000,RC2_0046_ICR-3_p08
483.114250756,575.176857223,92.062606467,Other,random,C7H8,92.062600000,RC2_0046_ICR-3_p08
442.062804898,534.125411365,92.062606467,Other,random,C7H8,92.062600000,RC2_0046_ICR-3_p08
516.107198799,608.169805265,92.062606467,Other,random,C7H8,92.062600000,RC2_0046_ICR-3_p08
367.116372823,459.178979290,92.062606467,Other,random,C7H8,92.062600000,RC2_0046_ICR-3_p08
451.160809304,543.223415770,92.062606467,Other,random,C7H8,92.062600000,RC2_0046_ICR-3_p08
409.126819613,501.189427080,92.062607467,Other,random,C7H8,92.062600000,RC2_0046_ICR-3_p08
329.051278297,421.113886764,92.062608467,Other,random,C7H8,92.062600000,RC2_0046_ICR-3_p08
415.210347807,507.272956274,92.062608467,Other,random,C7H8,92.062600000,RC2_0046_ICR-3_p08
519.127410987,611.190019453,92.062608467,Other,random,C7H8,92.062600000,RC2_0046_ICR-3_p08
329.064250242,421.126859709,92.062609467,Other,random,C7H8,92.062600000,RC2_0046_ICR-3_p08
391.197170672,483.259780139,92.062609467,Other,random,C7H8,92.062600000,RC2_0046_ICR-3_p08
437.108773913,529.171383380,92.062609467,Other,random,C7H8,92.062600000,RC2_0046_ICR-3_p08
371.061836087,464.083290486,93.021454399,Other,random,C5H3N1O1,93.021464000,RC2_0046_ICR-3_p08
243.123862805,336.145318204,93.021455399,Other,random,C5H3N1O1,93.021464000,RC2_0046_ICR-3_p08
335.090226680,428.111685079,93.021458399,Other,random,C5H3N1O1,93.021464000,RC2_0046_ICR-3_p08
325.020032398,418.041491797,93.021459399,Other,random,C5H3N1O1,93.021464000,RC2_0046_ICR-3_p08
511.145584846,604.167047245,93.021462399,Other,random,C5H3N1O1,93.021464000,RC2_0046_ICR-3_p08
499.145566750,592.167029150,93.021462399,Other,random,C5H3N1O1,93.021464000,RC2_0046_ICR-3_p08
375.035579230,468.057042629,93.021463399,Other,random,C5H3N1O1,93.021464000,RC2_0046_ICR-3_p08
357.168304024,450.189769423,93.021465399,Other,random,C5H3N1O1,93.021464000,RC2_0046_ICR-3_p08
339.072033789,432.093501188,93.021467399,Other,random,C5H3N1O1,93.021464000,RC2_0046_ICR-3_p08
411.093011273,504.114478672,93.021467399,Other,random,C5H3N1O1,93.021464000,RC2_0046_ICR-3_p08
369.082489483,462.103958882,93.021469399,Other,random,C5H3N1O1,93.021464000,RC2_0046_ICR-3_p08
351.072037884,444.093507283,93.021469399,Other,random,C5H3N1O1,93.021464000,RC2_0046_ICR-3_p08
303.144874193,396.166347592,93.021473399,Other,random,C5H3N1O1,93.021464000,RC2_0046_ICR-3_p08
309.074625039,402.132464284,93.057839245,Other,random,C6H7N1,93.057849000,RC2_0046_ICR-3_p08
351.035667038,444.093507283,93.057840245,Other,random,C6H7N1,93.057849000,RC2_0046_ICR-3_p08
413.035891031,506.093732276,93.057841245,Other,random,C6H7N1,93.057849000,RC2_0046_ICR-3_p08
473.057173418,566.115015663,93.057842245,Other,random,C6H7N1,93.057849000,RC2_0046_ICR-3_p08
483.077730911,576.135575156,93.057844245,Other,random,C6H7N1,93.057849000,RC2_0046_ICR-3_p08
365.014899738,458.072744983,93.057845245,Other,random,C6H7N1,93.057849000,RC2_0046_ICR-3_p08
389.014911929,482.072759174,93.057847245,Other,random,C6H7N1,93.057849000,RC2_0046_ICR-3_p08
311.077088544,404.134936789,93.057848245,Other,random,C6H7N1,93.057849000,RC2_0046_ICR-3_p08
357.131919178,450.189769423,93.057850245,Other,random,C6H7N1,93.057849000,RC2_0046_ICR-3_p08
353.051312488,446.109167733,93.057855245,Other,random,C6H7N1,93.057849000,RC2_0046_ICR-3_p08
431.046616629,524.104473874,93.057857245,Other,random,C6H7N1,93.057849000,RC2_0046_ICR-3_p08
415.051660480,508.109518725,93.057858245,Other,random,C6H7N1,93.057849000,RC2_0046_ICR-3_p08
426.112156561,519.181239758,93.069083197,Other,random,C5H7N3O_1,93.069082000,RC2_0046_ICR-3_p08
471.160314465,564.229399662,93.069085197,Other,random,C5H7N3O_1,93.069082000,RC2_0046_ICR-3_p08
394.114226298,488.119696523,94.005470225,Other,random,C5H2O2,94.005480000,RC2_0046_ICR-3_p08
327.217607076,421.223077301,94.005470225,Other,random,C5H2O2,94.005480000,RC2_0046_ICR-3_p08
347.090198775,441.095670000,94.005471225,Other,random,C5H2O2,94.005480000,RC2_0046_ICR-3_p08
307.168092126,401.173563352,94.005471225,Other,random,C5H2O2,94.005480000,RC2_0046_ICR-3_p08
373.186690073,467.192161298,94.005471225,Other,random,C5H2O2,94.005480000,RC2_0046_ICR-3_p08
377.087562525,471.093033750,94.005471225,Other,random,C5H2O2,94.005480000,RC2_0046_ICR-3_p08
347.077150831,441.082623056,94.005472225,Other,random,C5H2O2,94.005480000,RC2_0046_ICR-3_p08
321.147343826,415.152816051,94.005472225,Other,random,C5H2O2,94.005480000,RC2_0046_ICR-3_p08
363.194225461,457.199697686,94.005472225,Other,random,C5H2O2,94.005480000,RC2_0046_ICR-3_p08
339.121490579,433.126963804,94.005473225,Other,random,C5H2O2,94.005480000,RC2_0046_ICR-3_p08
369.113367352,463.118840577,94.005473225,Other,random,C5H2O2,94.005480000,RC2_0046_ICR-3_p08
527.104257149,621.109730374,94.005473225,Other,random,C5H2O2,94.005480000,RC2_0046_ICR-3_p08
375.157902711,469.163375936,94.005473225,Other,random,C5H2O2,94.005480000,RC2_0046_ICR-3_p08
389.173465256,483.178938481,94.005473225,Other,random,C5H2O2,94.005480000,RC2_0046_ICR-3_p08
413.194597358,507.200071583,94.005474225,Other,random,C5H2O2,94.005480000,RC2_0046_ICR-3_p08
437.072269068,531.077743293,94.005474225,Other,random,C5H2O2,94.005480000,RC2_0046_ICR-3_p08
391.030549379,485.036023604,94.005474225,Other,random,C5H2O2,94.005480000,RC2_0046_ICR-3_p08
459.272847892,553.278323117,94.005475225,Other,random,C5H2O2,94.005480000,RC2_0046_ICR-3_p08
387.157810807,481.163287032,94.005476225,Other,random,C5H2O2,94.005480000,RC2_0046_ICR-3_p08
409.041108977,503.046585202,94.005476225,Other,random,C5H2O2,94.005480000,RC2_0046_ICR-3_p08
459.129384501,553.134860726,94.005476225,Other,random,C5H2O2,94.005480000,RC2_0046_ICR-3_p08
465.225969639,559.231446864,94.005477225,Other,random,C5H2O2,94.005480000,RC2_0046_ICR-3_p08
537.161228486,631.166705712,94.005477225,Other,random,C5H2O2,94.005480000,RC2_0046_ICR-3_p08
405.046226924,499.051704149,94.005477225,Other,random,C5H2O2,94.005480000,RC2_0046_ICR-3_p08
429.140145716,523.145622941,94.005477225,Other,random,C5H2O2,94.005480000,RC2_0046_ICR-3_p08
305.043327140,399.048804365,94.005477225,Other,random,C5H2O2,94.005480000,RC2_0046_ICR-3_p08
355.103296783,449.108775008,94.005478225,Other,random,C5H2O2,94.005480000,RC2_0046_ICR-3_p08
395.256664451,489.262142676,94.005478225,Other,random,C5H2O2,94.005480000,RC2_0046_ICR-3_p08
405.082477770,499.087955995,94.005478225,Other,random,C5H2O2,94.005480000,RC2_0046_ICR-3_p08
530.232009881,624.237489106,94.005479225,Other,random,C5H2O2,94.005480000,RC2_0046_ICR-3_p08
377.154835240,471.160314465,94.005479225,Other,random,C5H2O2,94.005480000,RC2_0046_ICR-3_p08
385.163305268,479.168784493,94.005479225,Other,random,C5H2O2,94.005480000,RC2_0046_ICR-3_p08
415.160831017,509.166310242,94.005479225,Other,random,C5H2O2,94.005480000,RC2_0046_ICR-3_p08
363.108305826,457.113785051,94.005479225,Other,random,C5H2O2,94.005480000,RC2_0046_ICR-3_p08
308.126984059,402.132464284,94.005480225,Other,random,C5H2O2,94.005480000,RC2_0046_ICR-3_p08
337.159927900,431.165408125,94.005480225,Other,random,C5H2O2,94.005480000,RC2_0046_ICR-3_p08
383.207419565,477.212899790,94.005480225,Other,random,C5H2O2,94.005480000,RC2_0046_ICR-3_p08
435.020272772,529.025752997,94.005480225,Other,random,C5H2O2,94.005480000,RC2_0046_ICR-3_p08
429.030897180,523.036377405,94.005480225,Other,random,C5H2O2,94.005480000,RC2_0046_ICR-3_p08
298.093147623,392.098628848,94.005481225,Other,random,C5H2O2,94.005480000,RC2_0046_ICR-3_p08
411.215302754,505.220783979,94.005481225,Other,random,C5H2O2,94.005480000,RC2_0046_ICR-3_p08
369.155289174,463.160771399,94.005482225,Other,random,C5H2O2,94.005480000,RC2_0046_ICR-3_p08
377.160291217,471.165773442,94.005482225,Other,random,C5H2O2,94.005480000,RC2_0046_ICR-3_p08
351.181154421,445.186636646,94.005482225,Other,random,C5H2O2,94.005480000,RC2_0046_ICR-3_p08
407.025354528,501.030836753,94.005482225,Other,random,C5H2O2,94.005480000,RC2_0046_ICR-3_p08
417.046213019,511.051695244,94.005482225,Other,random,C5H2O2,94.005480000,RC2_0046_ICR-3_p08
352.103685508,446.109167733,94.005482225,Other,random,C5H2O2,94.005480000,RC2_0046_ICR-3_p08
296.041124327,390.046606553,94.005482225,Other,random,C5H2O2,94.005480000,RC2_0046_ICR-3_p08
395.098140124,489.103623349,94.005483225,Other,random,C5H2O2,94.005480000,RC2_0046_ICR-3_p08
419.134552160,513.140035385,94.005483225,Other,random,C5H2O2,94.005480000,RC2_0046_ICR-3_p08
421.113886764,515.119369989,94.005483225,Other,random,C5H2O2,94.005480000,RC2_0046_ICR-3_p08
431.183910046,525.189393271,94.005483225,Other,random,C5H2O2,94.005480000,RC2_0046_ICR-3_p08
433.113845860,527.119329085,94.005483225,Other,random,C5H2O2,94.005480000,RC2_0046_ICR-3_p08
457.025877424,551.031361649,94.005484225,Other,random,C5H2O2,94.005480000,RC2_0046_ICR-3_p08
354.155689803,448.161174028,94.005484225,Other,random,C5H2O2,94.005480000,RC2_0046_ICR-3_p08
597.182470874,691.187955099,94.005484225,Other,random,C5H2O2,94.005480000,RC2_0046_ICR-3_p08
379.152756765,473.158241990,94.005485225,Other,random,C5H2O2,94.005480000,RC2_0046_ICR-3_p08
401.072452780,495.077938005,94.005485225,Other,random,C5H2O2,94.005480000,RC2_0046_ICR-3_p08
473.194713835,567.200199060,94.005485225,Other,random,C5H2O2,94.005480000,RC2_0046_ICR-3_p08
359.025494145,453.030979370,94.005485225,Other,random,C5H2O2,94.005480000,RC2_0046_ICR-3_p08
433.186524551,527.192009776,94.005485225,Other,random,C5H2O2,94.005480000,RC2_0046_ICR-3_p08
379.103200975,473.108686200,94.005485225,Other,random,C5H2O2,94.005480000,RC2_0046_ICR-3_p08
327.136799418,421.142285643,94.005486225,Other,random,C5H2O2,94.005480000,RC2_0046_ICR-3_p08
365.160345121,459.165831346,94.005486225,Other,random,C5H2O2,94.005480000,RC2_0046_ICR-3_p08
383.098106028,477.103592253,94.005486225,Other,random,C5H2O2,94.005480000,RC2_0046_ICR-3_p08
417.168303501,511.173789726,94.005486225,Other,random,C5H2O2,94.005480000,RC2_0046_ICR-3_p08
371.162860658,465.168346883,94.005486225,Other,random,C5H2O2,94.005480000,RC2_0046_ICR-3_p08
433.163258650,527.168744875,94.005486225,Other,random,C5H2O2,94.005480000,RC2_0046_ICR-3_p08
525.088482700,619.093968925,94.005486225,Other,random,C5H2O2,94.005480000,RC2_0046_ICR-3_p08
453.262253389,547.267739614,94.005486225,Other,random,C5H2O2,94.005480000,RC2_0046_ICR-3_p08
419.183962951,513.189450176,94.005487225,Other,random,C5H2O2,94.005480000,RC2_0046_ICR-3_p08
463.282973881,557.288461106,94.005487225,Other,random,C5H2O2,94.005480000,RC2_0046_ICR-3_p08
465.212909694,559.218397919,94.005488225,Other,random,C5H2O2,94.005480000,RC2_0046_ICR-3_p08
355.134114653,449.139602878,94.005488225,Other,random,C5H2O2,94.005480000,RC2_0046_ICR-3_p08
695.292577687,789.298065912,94.005488225,Other,random,C5H2O2,94.005480000,RC2_0046_ICR-3_p08
309.134218786,403.139707011,94.005488225,Other,random,C5H2O2,94.005480000,RC2_0046_ICR-3_p08
449.267391336,543.272880561,94.005489225,Other,random,C5H2O2,94.005480000,RC2_0046_ICR-3_p08
365.118427299,459.123916524,94.005489225,Other,random,C5H2O2,94.005480000,RC2_0046_ICR-3_p08
391.139715916,485.145205141,94.005489225,Other,random,C5H2O2,94.005480000,RC2_0046_ICR-3_p08
435.165894155,529.171383380,94.005489225,Other,random,C5H2O2,94.005480000,RC2_0046_ICR-3_p08
257.066703658,351.083410836,94.016707177,Other,random,C4H2O1N2,94.016713000,RC2_0046_ICR-3_p08
379.131647854,473.148355032,94.016707177,Other,random,C4H2O1N2,94.016713000,RC2_0046_ICR-3_p08
307.155015182,401.181608317,94.026593135,Other,random,C2H6O4,94.026602730,RC2_0046_ICR-3_p08
613.192462959,707.219056094,94.026593135,Other,random,C2H6O4,94.026602730,RC2_0046_ICR-3_p08
299.019651692,393.046244828,94.026593135,Other,random,C2H6O4,94.026602730,RC2_0046_ICR-3_p08
397.069409762,491.096002897,94.026593135,Other,random,C2H6O4,94.026602730,RC2_0046_ICR-3_p08
317.116029927,411.142624062,94.026594135,Other,random,C2H6O4,94.026602730,RC2_0046_ICR-3_p08
379.131647854,473.158241990,94.026594135,Other,random,C2H6O4,94.026602730,RC2_0046_ICR-3_p08
411.194189844,505.220783979,94.026594135,Other,random,C2H6O4,94.026602730,RC2_0046_ICR-3_p08
357.134214168,451.160809304,94.026595135,Other,random,C2H6O4,94.026602730,RC2_0046_ICR-3_p08
391.103234070,485.129829206,94.026595135,Other,random,C2H6O4,94.026602730,RC2_0046_ICR-3_p08
307.045857645,401.072452780,94.026595135,Other,random,C2H6O4,94.026602730,RC2_0046_ICR-3_p08
525.225938116,619.252534252,94.026596135,Other,random,C2H6O4,94.026602730,RC2_0046_ICR-3_p08
363.072076980,457.098673115,94.026596135,Other,random,C2H6O4,94.026602730,RC2_0046_ICR-3_p08
423.129399214,517.155996349,94.026597135,Other,random,C2H6O4,94.026602730,RC2_0046_ICR-3_p08
365.087635429,459.114232565,94.026597135,Other,random,C2H6O4,94.026602730,RC2_0046_ICR-3_p08
369.074455517,463.101052653,94.026597135,Other,random,C2H6O4,94.026602730,RC2_0046_ICR-3_p08
402.046572648,496.073170784,94.026598135,Other,random,C2H6O4,94.026602730,RC2_0046_ICR-3_p08
321.134232882,415.160831017,94.026598135,Other,random,C2H6O4,94.026602730,RC2_0046_ICR-3_p08
337.129139030,431.155737166,94.026598135,Other,random,C2H6O4,94.026602730,RC2_0046_ICR-3_p08
383.126572908,477.153172043,94.026599135,Other,random,C2H6O4,94.026602730,RC2_0046_ICR-3_p08
535.145700036,629.172299172,94.026599135,Other,random,C2H6O4,94.026602730,RC2_0046_ICR-3_p08
385.142185357,479.168784493,94.026599135,Other,random,C2H6O4,94.026602730,RC2_0046_ICR-3_p08
343.095198722,437.121797858,94.026599135,Other,random,C2H6O4,94.026602730,RC2_0046_ICR-3_p08
557.166361624,651.192960759,94.026599135,Other,random,C2H6O4,94.026602730,RC2_0046_ICR-3_p08
583.218713109,677.245313244,94.026600135,Other,random,C2H6O4,94.026602730,RC2_0046_ICR-3_p08
323.077059640,417.103659775,94.026600135,Other,random,C2H6O4,94.026602730,RC2_0046_ICR-3_p08
349.201896817,443.228496953,94.026600135,Other,random,C2H6O4,94.026602730,RC2_0046_ICR-3_p08
469.163375936,563.189976072,94.026600135,Other,random,C2H6O4,94.026602730,RC2_0046_ICR-3_p08
371.090066967,465.116668102,94.026601135,Other,random,C2H6O4,94.026602730,RC2_0046_ICR-3_p08
371.199368503,465.225969639,94.026601135,Other,random,C2H6O4,94.026602730,RC2_0046_ICR-3_p08
461.108806104,555.135407239,94.026601135,Other,random,C2H6O4,94.026602730,RC2_0046_ICR-3_p08
383.144183833,477.170785968,94.026602135,Other,random,C2H6O4,94.026602730,RC2_0046_ICR-3_p08
237.004127765,331.030729900,94.026602135,Other,random,C2H6O4,94.026602730,RC2_0046_ICR-3_p08
365.152377155,459.178979290,94.026602135,Other,random,C2H6O4,94.026602730,RC2_0046_ICR-3_p08
475.088059803,569.114661939,94.026602135,Other,random,C2H6O4,94.026602730,RC2_0046_ICR-3_p08
401.100698661,495.127300796,94.026602135,Other,random,C2H6O4,94.026602730,RC2_0046_ICR-3_p08
545.202814374,639.229416509,94.026602135,Other,random,C2H6O4,94.026602730,RC2_0046_ICR-3_p08
269.131227480,363.157831616,94.026604135,Other,random,C2H6O4,94.026602730,RC2_0046_ICR-3_p08
311.105372424,405.131978560,94.026606135,Other,random,C2H6O4,94.026602730,RC2_0046_ICR-3_p08
601.229078708,695.255684844,94.026606135,Other,random,C2H6O4,94.026602730,RC2_0046_ICR-3_p08
331.154979373,425.181585509,94.026606135,Other,random,C2H6O4,94.026602730,RC2_0046_ICR-3_p08
351.108281730,445.134887866,94.026606135,Other,random,C2H6O4,94.026602730,RC2_0046_ICR-3_p08
335.199384217,429.225990352,94.026606135,Other,random,C2H6O4,94.026602730,RC2_0046_ICR-3_p08
365.115861310,459.142468445,94.026607135,Other,random,C2H6O4,94.026602730,RC2_0046_ICR-3_p08
391.139715916,485.166323051,94.026607135,Other,random,C2H6O4,94.026602730,RC2_0046_ICR-3_p08
423.093130368,517.119737503,94.026607135,Other,random,C2H6O4,94.026602730,RC2_0046_ICR-3_p08
523.210363667,617.236970802,94.026607135,Other,random,C2H6O4,94.026602730,RC2_0046_ICR-3_p08
433.186524551,527.213131687,94.026607135,Other,random,C2H6O4,94.026602730,RC2_0046_ICR-3_p08
611.104254817,705.130862953,94.026608135,Other,random,C2H6O4,94.026602730,RC2_0046_ICR-3_p08
339.100354669,433.126963804,94.026609135,Other,random,C2H6O4,94.026602730,RC2_0046_ICR-3_p08
507.078000101,601.104609236,94.026609135,Other,random,C2H6O4,94.026602730,RC2_0046_ICR-3_p08
361.129067222,455.155676357,94.026609135,Other,random,C2H6O4,94.026602730,RC2_0046_ICR-3_p08
531.041537446,625.068146582,94.026609135,Other,random,C2H6O4,94.026602730,RC2_0046_ICR-3_p08
519.187110733,613.213719869,94.026609135,Other,random,C2H6O4,94.026602730,RC2_0046_ICR-3_p08
335.162930371,429.189541507,94.026611135,Other,random,C2H6O4,94.026602730,RC2_0046_ICR-3_p08
385.019858876,479.046470012,94.026611135,Other,random,C2H6O4,94.026602730,RC2_0046_ICR-3_p08
403.175990857,497.202602993,94.026612135,Other,random,C2H6O4,94.026602730,RC2_0046_ICR-3_p08
371.162860658,465.189472794,94.026612135,Other,random,C2H6O4,94.026602730,RC2_0046_ICR-3_p08
488.083355677,583.036768881,94.953413204,Other,random,PO43,94.953423000,RC2_0046_ICR-3_p08
510.088613330,605.042027533,94.953414204,Other,random,PO43,94.953423000,RC2_0046_ICR-3_p08
446.072805887,541.026221091,94.953415204,Other,random,PO43,94.953423000,RC2_0046_ICR-3_p08
620.162520392,715.115941596,94.953421204,Other,random,PO43,94.953423000,RC2_0046_ICR-3_p08
382.090696302,477.044118506,94.953422204,Other,random,PO43,94.953423000,RC2_0046_ICR-3_p08
580.167246053,675.120677257,94.953431204,Other,random,PO43,94.953423000,RC2_0046_ICR-3_p08
353.051312488,448.088417337,95.037104849,Other,random,C5H5N1O1,95.037114000,RC2_0046_ICR-3_p08
288.998929201,384.036035050,95.037105849,Other,random,C5H5N1O1,95.037114000,RC2_0046_ICR-3_p08
301.129241743,396.166347592,95.037105849,Other,random,C5H5N1O1,95.037114000,RC2_0046_ICR-3_p08
353.014920642,448.052028491,95.037107849,Other,random,C5H5N1O1,95.037114000,RC2_0046_ICR-3_p08
393.046244828,488.083355677,95.037110849,Other,random,C5H5N1O1,95.037114000,RC2_0046_ICR-3_p08
343.116412632,438.153524481,95.037111849,Other,random,C5H5N1O1,95.037114000,RC2_0046_ICR-3_p08
383.061812182,478.098924031,95.037111849,Other,random,C5H5N1O1,95.037114000,RC2_0046_ICR-3_p08
349.056393435,444.093507283,95.037113849,Other,random,C5H5N1O1,95.037114000,RC2_0046_ICR-3_p08
325.020032398,420.057149247,95.037116849,Other,random,C5H5N1O1,95.037114000,RC2_0046_ICR-3_p08
295.009489704,390.046606553,95.037116849,Other,random,C5H5N1O1,95.037114000,RC2_0046_ICR-3_p08
367.066841034,462.103958882,95.037117849,Other,random,C5H5N1O1,95.037114000,RC2_0046_ICR-3_p08
346.215287487,441.252408335,95.037120849,Other,random,C5H5N1O1,95.037114000,RC2_0046_ICR-3_p08
319.058846685,414.095968534,95.037121849,Other,random,C5H5N1O1,95.037114000,RC2_0046_ICR-3_p08
421.040965073,516.078087922,95.037122849,Other,random,C5H5N1O1,95.037114000,RC2_0046_ICR-3_p08
383.144183833,479.095911802,95.951727969,Other,random,SO42,95.951732000,RC2_0046_ICR-3_p08
497.275378684,593.236617612,95.961238929,Other,random,H1O4P1,95.961248000,RC2_0046_ICR-3_p08
267.160205841,363.121444770,95.961238929,Other,random,H1O4P1,95.961248000,RC2_0046_ICR-3_p08
258.134718128,354.095958057,95.961239929,Other,random,H1O4P1,95.961248000,RC2_0046_ICR-3_p08
397.223083110,493.184325038,95.961241929,Other,random,H1O4P1,95.961248000,RC2_0046_ICR-3_p08
225.076953360,321.038195289,95.961241929,Other,random,H1O4P1,95.961248000,RC2_0046_ICR-3_p08
287.092570288,383.053812216,95.961241929,Other,random,H1O4P1,95.961248000,RC2_0046_ICR-3_p08
249.113295397,345.074538326,95.961242929,Other,random,H1O4P1,95.961248000,RC2_0046_ICR-3_p08
271.155127895,367.116372823,95.961244929,Other,random,H1O4P1,95.961248000,RC2_0046_ICR-3_p08
239.092551906,335.053797834,95.961245929,Other,random,H1O4P1,95.961248000,RC2_0046_ICR-3_p08
307.118609336,403.079856265,95.961246929,Other,random,H1O4P1,95.961248000,RC2_0046_ICR-3_p08
341.124127084,437.085376012,95.961248929,Other,random,H1O4P1,95.961248000,RC2_0046_ICR-3_p08
257.175886195,353.137136124,95.961249929,Other,random,H1O4P1,95.961248000,RC2_0046_ICR-3_p08
337.129139030,433.090388959,95.961249929,Other,random,H1O4P1,95.961248000,RC2_0046_ICR-3_p08
237.113281302,333.074532230,95.961250929,Other,random,H1O4P1,95.961248000,RC2_0046_ICR-3_p08
253.108192451,349.069444379,95.961251929,Other,random,H1O4P1,95.961248000,RC2_0046_ICR-3_p08
359.243775219,455.205029148,95.961253929,Other,random,H1O4P1,95.961248000,RC2_0046_ICR-3_p08
349.165495972,445.126752900,95.961256929,Other,random,H1O4P1,95.961248000,RC2_0046_ICR-3_p08
345.074538326,441.059274155,95.984735829,Other,random,C4O3,95.984745000,RC2_0046_ICR-3_p08
505.293740670,601.278476499,95.984735829,Other,random,C4O3,95.984745000,RC2_0046_ICR-3_p08
617.260446702,713.245182531,95.984735829,Other,random,C4O3,95.984745000,RC2_0046_ICR-3_p08
339.072033789,435.056770618,95.984736829,Other,random,C4O3,95.984745000,RC2_0046_ICR-3_p08
422.145494388,518.130231217,95.984736829,Other,random,C4O3,95.984745000,RC2_0046_ICR-3_p08
473.194713835,569.179450664,95.984736829,Other,random,C4O3,95.984745000,RC2_0046_ICR-3_p08
361.041140595,457.025877424,95.984736829,Other,random,C4O3,95.984745000,RC2_0046_ICR-3_p08
340.140044258,436.124782087,95.984737829,Other,random,C4O3,95.984745000,RC2_0046_ICR-3_p08
451.246680939,547.231418768,95.984737829,Other,random,C4O3,95.984745000,RC2_0046_ICR-3_p08
367.134101748,463.118840577,95.984738829,Other,random,C4O3,95.984745000,RC2_0046_ICR-3_p08
363.266948153,459.251686982,95.984738829,Other,random,C4O3,95.984745000,RC2_0046_ICR-3_p08
399.129537022,495.114276851,95.984739829,Other,random,C4O3,95.984745000,RC2_0046_ICR-3_p08
349.201896817,445.186636646,95.984739829,Other,random,C4O3,95.984745000,RC2_0046_ICR-3_p08
393.155279365,489.140020194,95.984740829,Other,random,C4O3,95.984745000,RC2_0046_ICR-3_p08
611.161970572,707.146711401,95.984740829,Other,random,C4O3,95.984745000,RC2_0046_ICR-3_p08
333.097906131,429.082647960,95.984741829,Other,random,C4O3,95.984745000,RC2_0046_ICR-3_p08
373.142194262,469.126936091,95.984741829,Other,random,C4O3,95.984745000,RC2_0046_ICR-3_p08
589.156379921,685.141121750,95.984741829,Other,random,C4O3,95.984745000,RC2_0046_ICR-3_p08
357.095468333,453.080211161,95.984742829,Other,random,C4O3,95.984745000,RC2_0046_ICR-3_p08
529.156284444,625.141028273,95.984743829,Other,random,C4O3,95.984745000,RC2_0046_ICR-3_p08
333.220002613,429.204747442,95.984744829,Other,random,C4O3,95.984745000,RC2_0046_ICR-3_p08
385.150269323,481.135014152,95.984744829,Other,random,C4O3,95.984745000,RC2_0046_ICR-3_p08
459.296301793,555.281046622,95.984744829,Other,random,C4O3,95.984745000,RC2_0046_ICR-3_p08
457.098673115,553.083418944,95.984745829,Other,random,C4O3,95.984745000,RC2_0046_ICR-3_p08
347.040703985,443.025449814,95.984745829,Other,random,C4O3,95.984745000,RC2_0046_ICR-3_p08
355.066835938,451.051581767,95.984745829,Other,random,C4O3,95.984745000,RC2_0046_ICR-3_p08
337.069369284,433.054116113,95.984746829,Other,random,C4O3,95.984745000,RC2_0046_ICR-3_p08
350.124420904,446.109167733,95.984746829,Other,random,C4O3,95.984745000,RC2_0046_ICR-3_p08
393.204839155,489.189585984,95.984746829,Other,random,C4O3,95.984745000,RC2_0046_ICR-3_p08
395.098140124,491.082886953,95.984746829,Other,random,C4O3,95.984745000,RC2_0046_ICR-3_p08
663.302219391,759.286966220,95.984746829,Other,random,C4O3,95.984745000,RC2_0046_ICR-3_p08
445.062241174,541.046988003,95.984746829,Other,random,C4O3,95.984745000,RC2_0046_ICR-3_p08
317.102938982,413.087686811,95.984747829,Other,random,C4O3,95.984745000,RC2_0046_ICR-3_p08
371.061836087,467.046583916,95.984747829,Other,random,C4O3,95.984745000,RC2_0046_ICR-3_p08
323.077059640,419.061807469,95.984747829,Other,random,C4O3,95.984745000,RC2_0046_ICR-3_p08
389.072456685,485.057204514,95.984747829,Other,random,C4O3,95.984745000,RC2_0046_ICR-3_p08
363.111607812,459.096355641,95.984747829,Other,random,C4O3,95.984745000,RC2_0046_ICR-3_p08
339.084977734,435.069726563,95.984748829,Other,random,C4O3,95.984745000,RC2_0046_ICR-3_p08
470.101770955,566.086519784,95.984748829,Other,random,C4O3,95.984745000,RC2_0046_ICR-3_p08
324.072399418,420.057149247,95.984749829,Other,random,C4O3,95.984745000,RC2_0046_ICR-3_p08
417.082480865,513.067230694,95.984749829,Other,random,C4O3,95.984745000,RC2_0046_ICR-3_p08
501.226025925,597.210775754,95.984749829,Other,random,C4O3,95.984745000,RC2_0046_ICR-3_p08
429.082647960,525.067397789,95.984749829,Other,random,C4O3,95.984745000,RC2_0046_ICR-3_p08
457.236243531,553.220993360,95.984749829,Other,random,C4O3,95.984745000,RC2_0046_ICR-3_p08
423.093130368,519.077881197,95.984750829,Other,random,C4O3,95.984745000,RC2_0046_ICR-3_p08
487.254764192,583.239515021,95.984750829,Other,random,C4O3,95.984745000,RC2_0046_ICR-3_p08
421.144623633,517.129374462,95.984750829,Other,random,C4O3,95.984745000,RC2_0046_ICR-3_p08
339.035520944,435.020272772,95.984751829,Other,random,C4O3,95.984745000,RC2_0046_ICR-3_p08
365.087635429,461.072387258,95.984751829,Other,random,C4O3,95.984745000,RC2_0046_ICR-3_p08
431.256855737,527.241607566,95.984751829,Other,random,C4O3,95.984745000,RC2_0046_ICR-3_p08
443.170789198,539.155541027,95.984751829,Other,random,C4O3,95.984745000,RC2_0046_ICR-3_p08
461.129815015,557.114567844,95.984752829,Other,random,C4O3,95.984745000,RC2_0046_ICR-3_p08
461.202956704,557.187709533,95.984752829,Other,random,C4O3,95.984745000,RC2_0046_ICR-3_p08
383.111158973,479.095911802,95.984752829,Other,random,C4O3,95.984745000,RC2_0046_ICR-3_p08
322.129531659,418.114285488,95.984753829,Other,random,C4O3,95.984745000,RC2_0046_ICR-3_p08
415.160831017,511.145584846,95.984753829,Other,random,C4O3,95.984745000,RC2_0046_ICR-3_p08
619.167014615,715.151768444,95.984753829,Other,random,C4O3,95.984745000,RC2_0046_ICR-3_p08
333.155391887,429.140145716,95.984753829,Other,random,C4O3,95.984745000,RC2_0046_ICR-3_p08
339.194194270,435.178948099,95.984753829,Other,random,C4O3,95.984745000,RC2_0046_ICR-3_p08
363.194225461,459.178979290,95.984753829,Other,random,C4O3,95.984745000,RC2_0046_ICR-3_p08
453.176467753,549.161221582,95.984753829,Other,random,C4O3,95.984745000,RC2_0046_ICR-3_p08
457.077532205,553.062287034,95.984754829,Other,random,C4O3,95.984745000,RC2_0046_ICR-3_p08
369.095614427,465.080369256,95.984754829,Other,random,C4O3,95.984745000,RC2_0046_ICR-3_p08
459.187048256,555.171803085,95.984754829,Other,random,C4O3,95.984745000,RC2_0046_ICR-3_p08
309.134218786,405.155339461,96.021120675,Other,random,C5H4O2,96.021130000,RC2_0046_ICR-3_p08
327.157851329,423.178972004,96.021120675,Other,random,C5H4O2,96.021130000,RC2_0046_ICR-3_p08
377.100588470,473.121709145,96.021120675,Other,random,C5H4O2,96.021130000,RC2_0046_ICR-3_p08
391.066942224,487.088062899,96.021120675,Other,random,C5H4O2,96.021130000,RC2_0046_ICR-3_p08
405.103641680,501.124762355,96.021120675,Other,random,C5H4O2,96.021130000,RC2_0046_ICR-3_p08
467.096000706,563.117121381,96.021120675,Other,random,C5H4O2,96.021130000,RC2_0046_ICR-3_p08
351.175555445,447.196677120,96.021121675,Other,random,C5H4O2,96.021130000,RC2_0046_ICR-3_p08
365.160345121,461.181466796,96.021121675,Other,random,C5H4O2,96.021130000,RC2_0046_ICR-3_p08
431.192009012,527.213131687,96.021122675,Other,random,C5H4O2,96.021130000,RC2_0046_ICR-3_p08
436.088453241,532.109575916,96.021122675,Other,random,C5H4O2,96.021130000,RC2_0046_ICR-3_p08
443.264883798,539.286006473,96.021122675,Other,random,C5H4O2,96.021130000,RC2_0046_ICR-3_p08
347.090198775,443.111322450,96.021123675,Other,random,C5H4O2,96.021130000,RC2_0046_ICR-3_p08
407.184092855,503.205216529,96.021123675,Other,random,C5H4O2,96.021130000,RC2_0046_ICR-3_p08
377.087562525,473.108686200,96.021123675,Other,random,C5H4O2,96.021130000,RC2_0046_ICR-3_p08
319.118653432,415.139778106,96.021124675,Other,random,C5H4O2,96.021130000,RC2_0046_ICR-3_p08
467.119256607,563.140381282,96.021124675,Other,random,C5H4O2,96.021130000,RC2_0046_ICR-3_p08
375.056657140,471.077781815,96.021124675,Other,random,C5H4O2,96.021130000,RC2_0046_ICR-3_p08
401.014832025,497.035956699,96.021124675,Other,random,C5H4O2,96.021130000,RC2_0046_ICR-3_p08
503.067481114,599.088605788,96.021124675,Other,random,C5H4O2,96.021130000,RC2_0046_ICR-3_p08
543.200283869,639.221408543,96.021124675,Other,random,C5H4O2,96.021130000,RC2_0046_ICR-3_p08
647.271512394,743.292637069,96.021124675,Other,random,C5H4O2,96.021130000,RC2_0046_ICR-3_p08
324.036023572,420.057149247,96.021125675,Other,random,C5H4O2,96.021130000,RC2_0046_ICR-3_p08
359.004253235,455.025378910,96.021125675,Other,random,C5H4O2,96.021130000,RC2_0046_ICR-3_p08
485.158281085,581.179406760,96.021125675,Other,random,C5H4O2,96.021130000,RC2_0046_ICR-3_p08
489.031053657,585.052180331,96.021126675,Other,random,C5H4O2,96.021130000,RC2_0046_ICR-3_p08
319.131689376,415.152816051,96.021126675,Other,random,C5H4O2,96.021130000,RC2_0046_ICR-3_p08
325.165597780,421.186724455,96.021126675,Other,random,C5H4O2,96.021130000,RC2_0046_ICR-3_p08
339.139191504,435.160318178,96.021126675,Other,random,C5H4O2,96.021130000,RC2_0046_ICR-3_p08
381.191773115,477.212899790,96.021126675,Other,random,C5H4O2,96.021130000,RC2_0046_ICR-3_p08
517.171336284,613.192462959,96.021126675,Other,random,C5H4O2,96.021130000,RC2_0046_ICR-3_p08
347.107888700,443.129016375,96.021127675,Other,random,C5H4O2,96.021130000,RC2_0046_ICR-3_p08
387.157810807,483.178938481,96.021127675,Other,random,C5H4O2,96.021130000,RC2_0046_ICR-3_p08
411.178943908,507.200071583,96.021127675,Other,random,C5H4O2,96.021130000,RC2_0046_ICR-3_p08
315.100302478,411.121431152,96.021128675,Other,random,C5H4O2,96.021130000,RC2_0046_ICR-3_p08
391.189115706,487.210244381,96.021128675,Other,random,C5H4O2,96.021130000,RC2_0046_ICR-3_p08
337.129139030,433.150267705,96.021128675,Other,random,C5H4O2,96.021130000,RC2_0046_ICR-3_p08
465.067396311,561.088525986,96.021129675,Other,random,C5H4O2,96.021130000,RC2_0046_ICR-3_p08
479.277962030,575.299091704,96.021129675,Other,random,C5H4O2,96.021130000,RC2_0046_ICR-3_p08
335.134607491,431.155737166,96.021129675,Other,random,C5H4O2,96.021130000,RC2_0046_ICR-3_p08
360.085480649,456.106610323,96.021129675,Other,random,C5H4O2,96.021130000,RC2_0046_ICR-3_p08
422.145494388,518.166624062,96.021129675,Other,random,C5H4O2,96.021130000,RC2_0046_ICR-3_p08
569.078547092,665.099676767,96.021129675,Other,random,C5H4O2,96.021130000,RC2_0046_ICR-3_p08
405.076983793,501.098113468,96.021129675,Other,random,C5H4O2,96.021130000,RC2_0046_ICR-3_p08
459.187048256,555.208177931,96.021129675,Other,random,C5H4O2,96.021130000,RC2_0046_ICR-3_p08
309.055853118,405.076983793,96.021130675,Other,random,C5H4O2,96.021130000,RC2_0046_ICR-3_p08
345.074538326,441.095670000,96.021131675,Other,random,C5H4O2,96.021130000,RC2_0046_ICR-3_p08
311.053712643,407.074844318,96.021131675,Other,random,C5H4O2,96.021130000,RC2_0046_ICR-3_p08
305.139318733,401.160450407,96.021131675,Other,random,C5H4O2,96.021130000,RC2_0046_ICR-3_p08
463.015467016,559.036598690,96.021131675,Other,random,C5H4O2,96.021130000,RC2_0046_ICR-3_p08
313.157426719,409.178559394,96.021132675,Other,random,C5H4O2,96.021130000,RC2_0046_ICR-3_p08
357.110821267,453.131953942,96.021132675,Other,random,C5H4O2,96.021130000,RC2_0046_ICR-3_p08
321.097822036,417.118955711,96.021133675,Other,random,C5H4O2,96.021130000,RC2_0046_ICR-3_p08
375.165906677,471.187040352,96.021133675,Other,random,C5H4O2,96.021130000,RC2_0046_ICR-3_p08
459.251686982,555.272820656,96.021133675,Other,random,C5H4O2,96.021130000,RC2_0046_ICR-3_p08
367.116372823,463.137506498,96.021133675,Other,random,C5H4O2,96.021130000,RC2_0046_ICR-3_p08
443.111322450,539.132456124,96.021133675,Other,random,C5H4O2,96.021130000,RC2_0046_ICR-3_p08
328.067288471,424.088423146,96.021134675,Other,random,C5H4O2,96.021130000,RC2_0046_ICR-3_p08
333.110888076,429.132022751,96.021134675,Other,random,C5H4O2,96.021130000,RC2_0046_ICR-3_p08
352.030893817,448.052028491,96.021134675,Other,random,C5H4O2,96.021130000,RC2_0046_ICR-3_p08
407.061756374,503.082891048,96.021134675,Other,random,C5H4O2,96.021130000,RC2_0046_ICR-3_p08
451.051581767,547.072716442,96.021134675,Other,random,C5H4O2,96.021130000,RC2_0046_ICR-3_p08
553.229069326,649.250204001,96.021134675,Other,random,C5H4O2,96.021130000,RC2_0046_ICR-3_p08
335.004389044,431.025524718,96.021135675,Other,random,C5H4O2,96.021130000,RC2_0046_ICR-3_p08
431.119390320,527.140525995,96.021135675,Other,random,C5H4O2,96.021130000,RC2_0046_ICR-3_p08
557.057213087,653.078348762,96.021135675,Other,random,C5H4O2,96.021130000,RC2_0046_ICR-3_p08
363.230550307,459.251686982,96.021136675,Other,random,C5H4O2,96.021130000,RC2_0046_ICR-3_p08
375.157902711,471.179039386,96.021136675,Other,random,C5H4O2,96.021130000,RC2_0046_ICR-3_p08
299.126538239,395.147674914,96.021136675,Other,random,C5H4O2,96.021130000,RC2_0046_ICR-3_p08
325.056365244,421.077501918,96.021136675,Other,random,C5H4O2,96.021130000,RC2_0046_ICR-3_p08
383.126572908,479.147709582,96.021136675,Other,random,C5H4O2,96.021130000,RC2_0046_ICR-3_p08
457.062282269,553.083418944,96.021136675,Other,random,C5H4O2,96.021130000,RC2_0046_ICR-3_p08
419.025402623,515.046539298,96.021136675,Other,random,C5H4O2,96.021130000,RC2_0046_ICR-3_p08
427.030465666,523.051603340,96.021137675,Other,random,C5H4O2,96.021130000,RC2_0046_ICR-3_p08
365.082103453,461.103241127,96.021137675,Other,random,C5H4O2,96.021130000,RC2_0046_ICR-3_p08
317.152398773,413.173537447,96.021138675,Other,random,C5H4O2,96.021130000,RC2_0046_ICR-3_p08
429.067344025,525.088482700,96.021138675,Other,random,C5H4O2,96.021130000,RC2_0046_ICR-3_p08
519.114295042,615.135433717,96.021138675,Other,random,C5H4O2,96.021130000,RC2_0046_ICR-3_p08
535.231487673,631.252626347,96.021138675,Other,random,C5H4O2,96.021130000,RC2_0046_ICR-3_p08
503.177156648,599.198295323,96.021138675,Other,random,C5H4O2,96.021130000,RC2_0046_ICR-3_p08
369.110970362,465.132110037,96.021139675,Other,random,C5H4O2,96.021130000,RC2_0046_ICR-3_p08
225.040542515,321.072898142,96.032355627,Other,random,C4H4N2O1,96.032363000,RC2_0046_ICR-3_p08
255.051044209,351.083410836,96.032366627,Other,random,C4H4N2O1,96.032363000,RC2_0046_ICR-3_p08
397.150171419,493.207676939,96.057505520,Other,random,C6H8O,96.057515000,RC2_0046_ICR-3_p08
511.181879692,607.239385212,96.057505520,Other,random,C6H8O,96.057515000,RC2_0046_ICR-3_p08
331.058887781,427.116393301,96.057505520,Other,random,C6H8O,96.057515000,RC2_0046_ICR-3_p08
475.088059803,571.145566324,96.057506520,Other,random,C6H8O,96.057515000,RC2_0046_ICR-3_p08
387.071995171,483.129501691,96.057506520,Other,random,C6H8O,96.057515000,RC2_0046_ICR-3_p08
577.119887980,673.177394501,96.057506520,Other,random,C6H8O,96.057515000,RC2_0046_ICR-3_p08
317.116029927,413.173537447,96.057507520,Other,random,C6H8O,96.057515000,RC2_0046_ICR-3_p08
371.147649723,467.205157243,96.057507520,Other,random,C6H8O,96.057515000,RC2_0046_ICR-3_p08
486.060199259,582.117706779,96.057507520,Other,random,C6H8O,96.057515000,RC2_0046_ICR-3_p08
395.128944993,491.186452513,96.057507520,Other,random,C6H8O,96.057515000,RC2_0046_ICR-3_p08
443.111322450,539.168829970,96.057507520,Other,random,C6H8O,96.057515000,RC2_0046_ICR-3_p08
535.182122882,631.239630402,96.057507520,Other,random,C6H8O,96.057515000,RC2_0046_ICR-3_p08
355.116234729,451.173743249,96.057508520,Other,random,C6H8O,96.057515000,RC2_0046_ICR-3_p08
442.062804898,538.120313418,96.057508520,Other,random,C6H8O,96.057515000,RC2_0046_ICR-3_p08
361.050771554,457.108281074,96.057509520,Other,random,C6H8O,96.057515000,RC2_0046_ICR-3_p08
413.100708756,509.158218276,96.057509520,Other,random,C6H8O,96.057515000,RC2_0046_ICR-3_p08
443.228496953,539.286006473,96.057509520,Other,random,C6H8O,96.057515000,RC2_0046_ICR-3_p08
337.105749130,433.163258650,96.057509520,Other,random,C6H8O,96.057515000,RC2_0046_ICR-3_p08
417.249190158,513.306700678,96.057510520,Other,random,C6H8O,96.057515000,RC2_0046_ICR-3_p08
427.173820057,523.231330578,96.057510520,Other,random,C6H8O,96.057515000,RC2_0046_ICR-3_p08
431.025524718,527.083035239,96.057510520,Other,random,C6H8O,96.057515000,RC2_0046_ICR-3_p08
491.132440742,587.189952263,96.057511520,Other,random,C6H8O,96.057515000,RC2_0046_ICR-3_p08
621.255498755,717.313010276,96.057511520,Other,random,C6H8O,96.057515000,RC2_0046_ICR-3_p08
403.139707011,499.197219531,96.057512520,Other,random,C6H8O,96.057515000,RC2_0046_ICR-3_p08
355.103296783,451.160809304,96.057512520,Other,random,C6H8O,96.057515000,RC2_0046_ICR-3_p08
417.168303501,513.225817021,96.057513520,Other,random,C6H8O,96.057515000,RC2_0046_ICR-3_p08
371.183865569,467.241379089,96.057513520,Other,random,C6H8O,96.057515000,RC2_0046_ICR-3_p08
421.108318788,517.165832308,96.057513520,Other,random,C6H8O,96.057515000,RC2_0046_ICR-3_p08
339.035520944,435.093034464,96.057513520,Other,random,C6H8O,96.057515000,RC2_0046_ICR-3_p08
391.030549379,487.088062899,96.057513520,Other,random,C6H8O,96.057515000,RC2_0046_ICR-3_p08
413.014801121,509.072314641,96.057513520,Other,random,C6H8O,96.057515000,RC2_0046_ICR-3_p08
531.187184829,627.244698349,96.057513520,Other,random,C6H8O,96.057515000,RC2_0046_ICR-3_p08
493.148094192,589.205608712,96.057514520,Other,random,C6H8O,96.057515000,RC2_0046_ICR-3_p08
389.145163376,485.202678897,96.057515520,Other,random,C6H8O,96.057515000,RC2_0046_ICR-3_p08
511.109313000,607.166828520,96.057515520,Other,random,C6H8O,96.057515000,RC2_0046_ICR-3_p08
305.030204195,401.087719716,96.057515520,Other,random,C6H8O,96.057515000,RC2_0046_ICR-3_p08
381.076867602,477.134384123,96.057516520,Other,random,C6H8O,96.057515000,RC2_0046_ICR-3_p08
469.257292538,565.314809058,96.057516520,Other,random,C6H8O,96.057515000,RC2_0046_ICR-3_p08
535.195109827,631.252626347,96.057516520,Other,random,C6H8O,96.057515000,RC2_0046_ICR-3_p08
375.085110020,471.142626540,96.057516520,Other,random,C6H8O,96.057515000,RC2_0046_ICR-3_p08
421.186724455,517.244240975,96.057516520,Other,random,C6H8O,96.057515000,RC2_0046_ICR-3_p08
405.095503714,501.153021235,96.057517520,Other,random,C6H8O,96.057515000,RC2_0046_ICR-3_p08
333.128651001,429.186168521,96.057517520,Other,random,C6H8O,96.057515000,RC2_0046_ICR-3_p08
427.116393301,523.173911821,96.057518520,Other,random,C6H8O,96.057515000,RC2_0046_ICR-3_p08
445.062241174,541.119759694,96.057518520,Other,random,C6H8O,96.057515000,RC2_0046_ICR-3_p08
325.084766123,421.142285643,96.057519520,Other,random,C6H8O,96.057515000,RC2_0046_ICR-3_p08
343.134007558,439.191527078,96.057519520,Other,random,C6H8O,96.057515000,RC2_0046_ICR-3_p08
409.108117693,505.165637213,96.057519520,Other,random,C6H8O,96.057515000,RC2_0046_ICR-3_p08
619.167014615,715.224535135,96.057520520,Other,random,C6H8O,96.057515000,RC2_0046_ICR-3_p08
615.193003473,711.250524993,96.057521520,Other,random,C6H8O,96.057515000,RC2_0046_ICR-3_p08
325.056365244,421.113886764,96.057521520,Other,random,C6H8O,96.057515000,RC2_0046_ICR-3_p08
625.177754117,721.235275637,96.057521520,Other,random,C6H8O,96.057515000,RC2_0046_ICR-3_p08
391.061341248,487.118863768,96.057522520,Other,random,C6H8O,96.057515000,RC2_0046_ICR-3_p08
521.166413337,617.223935857,96.057522520,Other,random,C6H8O,96.057515000,RC2_0046_ICR-3_p08
393.155279365,489.212802886,96.057523520,Other,random,C6H8O,96.057515000,RC2_0046_ICR-3_p08
315.108418443,411.165941963,96.057523520,Other,random,C6H8O,96.057515000,RC2_0046_ICR-3_p08
347.071492855,443.129016375,96.057523520,Other,random,C6H8O,96.057515000,RC2_0046_ICR-3_p08
352.030893817,448.088417337,96.057523520,Other,random,C6H8O,96.057515000,RC2_0046_ICR-3_p08
515.155850834,611.213374354,96.057523520,Other,random,C6H8O,96.057515000,RC2_0046_ICR-3_p08
375.056657140,471.114181661,96.057524520,Other,random,C6H8O,96.057515000,RC2_0046_ICR-3_p08
347.040703985,443.098228505,96.057524520,Other,random,C6H8O,96.057515000,RC2_0046_ICR-3_p08
573.109874991,669.167399511,96.057524520,Other,random,C6H8O,96.057515000,RC2_0046_ICR-3_p08
573.182535683,669.240060203,96.057524520,Other,random,C6H8O,96.057515000,RC2_0046_ICR-3_p08
279.123766092,376.116639644,96.992873552,Other,random,H4N1O3P1,96.992882000,RC2_0046_ICR-3_p08
319.118653432,416.111530984,96.992877552,Other,random,H4N1O3P1,96.992882000,RC2_0046_ICR-3_p08
255.160194746,352.153077298,96.992882552,Other,random,H4N1O3P1,96.992882000,RC2_0046_ICR-3_p08
321.134232882,418.127117434,96.992884552,Other,random,H4N1O3P1,96.992882000,RC2_0046_ICR-3_p08
297.170748536,394.163636088,96.992887552,Other,random,H4N1O3P1,96.992882000,RC2_0046_ICR-3_p08
283.045890454,380.062259907,97.016369453,Other,random,C4H3O2N1,97.016379000,RC2_0046_ICR-3_p08
252.051452933,349.067822386,97.016369453,Other,random,C4H3O2N1,97.016379000,RC2_0046_ICR-3_p08
369.046234637,466.062605090,97.016370453,Other,random,C4H3O2N1,97.016379000,RC2_0046_ICR-3_p08
239.128947751,336.145318204,97.016370453,Other,random,C4H3O2N1,97.016379000,RC2_0046_ICR-3_p08
347.040703985,444.057074438,97.016370453,Other,random,C4H3O2N1,97.016379000,RC2_0046_ICR-3_p08
321.025120344,418.041491797,97.016371453,Other,random,C4H3O2N1,97.016379000,RC2_0046_ICR-3_p08
405.082477770,502.098851222,97.016373453,Other,random,C4H3O2N1,97.016379000,RC2_0046_ICR-3_p08
299.149973140,396.166347592,97.016374453,Other,random,C4H3O2N1,97.016379000,RC2_0046_ICR-3_p08
353.124102179,450.140477632,97.016375453,Other,random,C4H3O2N1,97.016379000,RC2_0046_ICR-3_p08
339.108406634,436.124782087,97.016375453,Other,random,C4H3O2N1,97.016379000,RC2_0046_ICR-3_p08
337.056308339,434.072684792,97.016376453,Other,random,C4H3O2N1,97.016379000,RC2_0046_ICR-3_p08
297.025191153,394.041568606,97.016377453,Other,random,C4H3O2N1,97.016379000,RC2_0046_ICR-3_p08
419.098056315,516.114433768,97.016377453,Other,random,C4H3O2N1,97.016379000,RC2_0046_ICR-3_p08
339.144720480,436.161098933,97.016378453,Other,random,C4H3O2N1,97.016379000,RC2_0046_ICR-3_p08
351.072037884,448.088417337,97.016379453,Other,random,C4H3O2N1,97.016379000,RC2_0046_ICR-3_p08
305.116084831,402.132464284,97.016379453,Other,random,C4H3O2N1,97.016379000,RC2_0046_ICR-3_p08
331.045749836,428.062129289,97.016379453,Other,random,C4H3O2N1,97.016379000,RC2_0046_ICR-3_p08
361.056363530,458.072744983,97.016381453,Other,random,C4H3O2N1,97.016379000,RC2_0046_ICR-3_p08
369.131865274,466.148247726,97.016382453,Other,random,C4H3O2N1,97.016379000,RC2_0046_ICR-3_p08
254.067027383,351.083410836,97.016383453,Other,random,C4H3O2N1,97.016379000,RC2_0046_ICR-3_p08
327.072039693,424.088423146,97.016383453,Other,random,C4H3O2N1,97.016379000,RC2_0046_ICR-3_p08
405.046226924,502.062612376,97.016385453,Other,random,C4H3O2N1,97.016379000,RC2_0046_ICR-3_p08
431.082848475,528.099233928,97.016385453,Other,random,C4H3O2N1,97.016379000,RC2_0046_ICR-3_p08
341.051209393,438.067594846,97.016385453,Other,random,C4H3O2N1,97.016379000,RC2_0046_ICR-3_p08
399.056783331,496.073170784,97.016387453,Other,random,C4H3O2N1,97.016379000,RC2_0046_ICR-3_p08
391.066942224,488.119696523,97.052754298,Other,random,Proline,97.052763910,RC2_0046_ICR-3_p08
305.079709985,402.132464284,97.052754298,Other,random,Proline,97.052763910,RC2_0046_ICR-3_p08
467.082842762,564.135599060,97.052756298,Other,random,Proline,97.052763910,RC2_0046_ICR-3_p08
283.009498608,380.062259907,97.052761298,Other,random,Proline,97.052763910,RC2_0046_ICR-3_p08
387.035561325,484.088323624,97.052762298,Other,random,Proline,97.052763910,RC2_0046_ICR-3_p08
325.092731089,422.145494388,97.052763298,Other,random,Proline,97.052763910,RC2_0046_ICR-3_p08
239.092551906,336.145318204,97.052766298,Other,random,Proline,97.052763910,RC2_0046_ICR-3_p08
451.051581767,548.104349065,97.052767298,Other,random,Proline,97.052763910,RC2_0046_ICR-3_p08
321.061516190,418.114285488,97.052769298,Other,random,Proline,97.052763910,RC2_0046_ICR-3_p08
391.066942224,488.119696523,97.052754298,Other,random,Proline_C5H7NO,97.052764000,RC2_0046_ICR-3_p08
305.079709985,402.132464284,97.052754298,Other,random,Proline_C5H7NO,97.052764000,RC2_0046_ICR-3_p08
467.082842762,564.135599060,97.052756298,Other,random,Proline_C5H7NO,97.052764000,RC2_0046_ICR-3_p08
283.009498608,380.062259907,97.052761298,Other,random,Proline_C5H7NO,97.052764000,RC2_0046_ICR-3_p08
387.035561325,484.088323624,97.052762298,Other,random,Proline_C5H7NO,97.052764000,RC2_0046_ICR-3_p08
325.092731089,422.145494388,97.052763298,Other,random,Proline_C5H7NO,97.052764000,RC2_0046_ICR-3_p08
239.092551906,336.145318204,97.052766298,Other,random,Proline_C5H7NO,97.052764000,RC2_0046_ICR-3_p08
451.051581767,548.104349065,97.052767298,Other,random,Proline_C5H7NO,97.052764000,RC2_0046_ICR-3_p08
321.061516190,418.114285488,97.052769298,Other,random,Proline_C5H7NO,97.052764000,RC2_0046_ICR-3_p08
337.129139030,435.106028409,97.976889378,Other,random,H3O4P1,97.976898000,RC2_0046_ICR-3_p08
269.139482445,367.116372823,97.976890378,Other,random,H3O4P1,97.976898000,RC2_0046_ICR-3_p08
361.165578067,459.142468445,97.976890378,Other,random,H3O4P1,97.976898000,RC2_0046_ICR-3_p08
457.186738741,555.163629120,97.976890378,Other,random,H3O4P1,97.976898000,RC2_0046_ICR-3_p08
225.113277206,323.090168584,97.976891378,Other,random,H3O4P1,97.976898000,RC2_0046_ICR-3_p08
247.133925794,345.110818172,97.976892378,Other,random,H3O4P1,97.976898000,RC2_0046_ICR-3_p08
250.144868021,348.121761399,97.976893378,Other,random,H3O4P1,97.976898000,RC2_0046_ICR-3_p08
275.128888038,373.105781416,97.976893378,Other,random,H3O4P1,97.976898000,RC2_0046_ICR-3_p08
314.124547617,412.101440995,97.976893378,Other,random,H3O4P1,97.976898000,RC2_0046_ICR-3_p08
273.170756344,371.147649723,97.976893378,Other,random,H3O4P1,97.976898000,RC2_0046_ICR-3_p08
307.118609336,405.095503714,97.976894378,Other,random,H3O4P1,97.976898000,RC2_0046_ICR-3_p08
443.264883798,541.241778177,97.976894378,Other,random,H3O4P1,97.976898000,RC2_0046_ICR-3_p08
263.128947942,361.105842320,97.976894378,Other,random,H3O4P1,97.976898000,RC2_0046_ICR-3_p08
265.108226546,363.085120924,97.976894378,Other,random,H3O4P1,97.976898000,RC2_0046_ICR-3_p08
287.056163442,385.033059820,97.976896378,Other,random,H3O4P1,97.976898000,RC2_0046_ICR-3_p08
409.223175205,507.200071583,97.976896378,Other,random,H3O4P1,97.976898000,RC2_0046_ICR-3_p08
253.108192451,351.085089829,97.976897378,Other,random,H3O4P1,97.976898000,RC2_0046_ICR-3_p08
258.134718128,356.111616506,97.976898378,Other,random,H3O4P1,97.976898000,RC2_0046_ICR-3_p08
319.118653432,417.095552810,97.976899378,Other,random,H3O4P1,97.976898000,RC2_0046_ICR-3_p08
351.072037884,449.048937262,97.976899378,Other,random,H3O4P1,97.976898000,RC2_0046_ICR-3_p08
327.123801474,425.100700852,97.976899378,Other,random,H3O4P1,97.976898000,RC2_0046_ICR-3_p08
243.160213650,341.137114029,97.976900378,Other,random,H3O4P1,97.976898000,RC2_0046_ICR-3_p08
245.139512254,343.116412632,97.976900378,Other,random,H3O4P1,97.976898000,RC2_0046_ICR-3_p08
355.212561320,453.189461698,97.976900378,Other,random,H3O4P1,97.976898000,RC2_0046_ICR-3_p08
235.097628852,333.074532230,97.976903378,Other,random,H3O4P1,97.976898000,RC2_0046_ICR-3_p08
305.102952887,403.079856265,97.976903378,Other,random,H3O4P1,97.976898000,RC2_0046_ICR-3_p08
249.113295397,347.090198775,97.976903378,Other,random,H3O4P1,97.976898000,RC2_0046_ICR-3_p08
356.171370253,454.148273631,97.976903378,Other,random,H3O4P1,97.976898000,RC2_0046_ICR-3_p08
357.228124770,455.205029148,97.976904378,Other,random,H3O4P1,97.976898000,RC2_0046_ICR-3_p08
287.186398890,385.163305268,97.976906378,Other,random,H3O4P1,97.976898000,RC2_0046_ICR-3_p08
291.087403341,389.064309719,97.976906378,Other,random,H3O4P1,97.976898000,RC2_0046_ICR-3_p08
235.061279006,333.038185384,97.976906378,Other,random,H3O4P1,97.976898000,RC2_0046_ICR-3_p08
281.066678850,379.043586228,97.976907378,Other,random,H3O4P1,97.976898000,RC2_0046_ICR-3_p08
497.275378684,595.252286062,97.976907378,Other,random,H3O4P1,97.976898000,RC2_0046_ICR-3_p08
463.228043114,561.228428392,98.000385279,Other,random,C4H2O3,98.000395000,RC2_0046_ICR-3_p08
437.267353240,535.267738519,98.000385279,Other,random,C4H2O3,98.000395000,RC2_0046_ICR-3_p08
321.219992518,419.220378796,98.000386279,Other,random,C4H2O3,98.000395000,RC2_0046_ICR-3_p08
421.186724455,519.187110733,98.000386279,Other,random,C4H2O3,98.000395000,RC2_0046_ICR-3_p08
481.257196634,579.257582912,98.000386279,Other,random,C4H2O3,98.000395000,RC2_0046_ICR-3_p08
315.181166135,413.181552413,98.000386279,Other,random,C4H2O3,98.000395000,RC2_0046_ICR-3_p08
326.088036867,424.088423146,98.000386279,Other,random,C4H2O3,98.000395000,RC2_0046_ICR-3_p08
369.095614427,467.096000706,98.000386279,Other,random,C4H2O3,98.000395000,RC2_0046_ICR-3_p08
419.165446029,517.165832308,98.000386279,Other,random,C4H2O3,98.000395000,RC2_0046_ICR-3_p08
379.261780302,477.262167581,98.000387278,Other,random,C4H2O3,98.000395000,RC2_0046_ICR-3_p08
429.082647960,527.083035239,98.000387278,Other,random,C4H2O3,98.000395000,RC2_0046_ICR-3_p08
311.162898180,409.163286459,98.000388278,Other,random,C4H2O3,98.000395000,RC2_0046_ICR-3_p08
323.071459664,421.071847942,98.000388278,Other,random,C4H2O3,98.000395000,RC2_0046_ICR-3_p08
511.109313000,609.109701278,98.000388278,Other,random,C4H2O3,98.000395000,RC2_0046_ICR-3_p08
519.223547579,617.223935857,98.000388278,Other,random,C4H2O3,98.000395000,RC2_0046_ICR-3_p08
327.072039693,425.072427972,98.000388278,Other,random,C4H2O3,98.000395000,RC2_0046_ICR-3_p08
351.048548984,449.048937262,98.000388278,Other,random,C4H2O3,98.000395000,RC2_0046_ICR-3_p08
305.139318733,403.139707011,98.000388278,Other,random,C4H2O3,98.000395000,RC2_0046_ICR-3_p08
476.091108548,574.091496827,98.000388278,Other,random,C4H2O3,98.000395000,RC2_0046_ICR-3_p08
367.030570187,465.030959466,98.000389278,Other,random,C4H2O3,98.000395000,RC2_0046_ICR-3_p08
391.103234070,489.103623349,98.000389278,Other,random,C4H2O3,98.000395000,RC2_0046_ICR-3_p08
399.202213714,497.202602993,98.000389278,Other,random,C4H2O3,98.000395000,RC2_0046_ICR-3_p08
443.119370416,541.119759694,98.000389278,Other,random,C4H2O3,98.000395000,RC2_0046_ICR-3_p08
571.239670924,669.240060203,98.000389278,Other,random,C4H2O3,98.000395000,RC2_0046_ICR-3_p08
575.140648376,673.141037655,98.000389278,Other,random,C4H2O3,98.000395000,RC2_0046_ICR-3_p08
313.142233784,411.142624062,98.000390278,Other,random,C4H2O3,98.000395000,RC2_0046_ICR-3_p08
391.170422785,489.170813064,98.000390278,Other,random,C4H2O3,98.000395000,RC2_0046_ICR-3_p08
337.159927900,435.160318178,98.000390278,Other,random,C4H2O3,98.000395000,RC2_0046_ICR-3_p08
415.160831017,513.161221295,98.000390278,Other,random,C4H2O3,98.000395000,RC2_0046_ICR-3_p08
361.041140595,459.041531873,98.000391278,Other,random,C4H2O3,98.000395000,RC2_0046_ICR-3_p08
374.124457095,472.124848373,98.000391278,Other,random,C4H2O3,98.000395000,RC2_0046_ICR-3_p08
371.280189160,469.280580439,98.000391278,Other,random,C4H2O3,98.000395000,RC2_0046_ICR-3_p08
379.103200975,477.103592253,98.000391278,Other,random,C4H2O3,98.000395000,RC2_0046_ICR-3_p08
347.162921467,445.163313745,98.000392278,Other,random,C4H2O3,98.000395000,RC2_0046_ICR-3_p08
397.126908518,495.127300796,98.000392278,Other,random,C4H2O3,98.000395000,RC2_0046_ICR-3_p08
635.198334609,733.198726888,98.000392278,Other,random,C4H2O3,98.000395000,RC2_0046_ICR-3_p08
433.135094769,531.135487048,98.000392278,Other,random,C4H2O3,98.000395000,RC2_0046_ICR-3_p08
309.097848940,407.098242219,98.000393278,Other,random,C4H2O3,98.000395000,RC2_0046_ICR-3_p08
371.183865569,469.184258847,98.000393278,Other,random,C4H2O3,98.000395000,RC2_0046_ICR-3_p08
431.098252410,529.098645688,98.000393278,Other,random,C4H2O3,98.000395000,RC2_0046_ICR-3_p08
447.251731886,545.252125165,98.000393278,Other,random,C4H2O3,98.000395000,RC2_0046_ICR-3_p08
329.102931078,427.103325356,98.000394278,Other,random,C4H2O3,98.000395000,RC2_0046_ICR-3_p08
361.087071400,459.087465678,98.000394278,Other,random,C4H2O3,98.000395000,RC2_0046_ICR-3_p08
395.220362605,493.220757884,98.000395278,Other,random,C4H2O3,98.000395000,RC2_0046_ICR-3_p08
475.233650186,573.234045464,98.000395278,Other,random,C4H2O3,98.000395000,RC2_0046_ICR-3_p08
389.087667620,487.088062899,98.000395278,Other,random,C4H2O3,98.000395000,RC2_0046_ICR-3_p08
365.246186757,463.246582035,98.000395278,Other,random,C4H2O3,98.000395000,RC2_0046_ICR-3_p08
433.126963804,531.127359082,98.000395278,Other,random,C4H2O3,98.000395000,RC2_0046_ICR-3_p08
461.218001641,559.218397919,98.000396278,Other,random,C4H2O3,98.000395000,RC2_0046_ICR-3_p08
459.093144654,557.093540933,98.000396278,Other,random,C4H2O3,98.000395000,RC2_0046_ICR-3_p08
373.092637472,471.093033750,98.000396278,Other,random,C4H2O3,98.000395000,RC2_0046_ICR-3_p08
341.079649272,439.080046551,98.000397278,Other,random,C4H2O3,98.000395000,RC2_0046_ICR-3_p08
377.160291217,475.160688495,98.000397278,Other,random,C4H2O3,98.000395000,RC2_0046_ICR-3_p08
401.173563352,499.173960630,98.000397278,Other,random,C4H2O3,98.000395000,RC2_0046_ICR-3_p08
485.194680931,583.195078209,98.000397278,Other,random,C4H2O3,98.000395000,RC2_0046_ICR-3_p08
541.221011265,639.221408543,98.000397278,Other,random,C4H2O3,98.000395000,RC2_0046_ICR-3_p08
399.035559421,497.035956699,98.000397278,Other,random,C4H2O3,98.000395000,RC2_0046_ICR-3_p08
309.183695576,407.184092855,98.000397278,Other,random,C4H2O3,98.000395000,RC2_0046_ICR-3_p08
323.113488485,421.113886764,98.000398278,Other,random,C4H2O3,98.000395000,RC2_0046_ICR-3_p08
339.084977734,437.085376012,98.000398278,Other,random,C4H2O3,98.000395000,RC2_0046_ICR-3_p08
587.177193317,685.177591595,98.000398278,Other,random,C4H2O3,98.000395000,RC2_0046_ICR-3_p08
371.126536812,469.126936091,98.000399278,Other,random,C4H2O3,98.000395000,RC2_0046_ICR-3_p08
431.192009012,529.192408291,98.000399278,Other,random,C4H2O3,98.000395000,RC2_0046_ICR-3_p08
325.092731089,423.093130368,98.000399278,Other,random,C4H2O3,98.000395000,RC2_0046_ICR-3_p08
429.204747442,527.205146721,98.000399278,Other,random,C4H2O3,98.000395000,RC2_0046_ICR-3_p08
381.131987369,479.132386647,98.000399278,Other,random,C4H2O3,98.000395000,RC2_0046_ICR-3_p08
419.170937006,517.171336284,98.000399278,Other,random,C4H2O3,98.000395000,RC2_0046_ICR-3_p08
517.148048383,615.148447662,98.000399278,Other,random,C4H2O3,98.000395000,RC2_0046_ICR-3_p08
351.102776754,449.103177032,98.000400278,Other,random,C4H2O3,98.000395000,RC2_0046_ICR-3_p08
415.051660480,513.052060759,98.000400278,Other,random,C4H2O3,98.000395000,RC2_0046_ICR-3_p08
427.139650202,525.140050481,98.000400278,Other,random,C4H2O3,98.000395000,RC2_0046_ICR-3_p08
311.222773926,409.223175205,98.000401278,Other,random,C4H2O3,98.000395000,RC2_0046_ICR-3_p08
397.163217364,495.163618642,98.000401278,Other,random,C4H2O3,98.000395000,RC2_0046_ICR-3_p08
323.186323176,421.186724455,98.000401278,Other,random,C4H2O3,98.000395000,RC2_0046_ICR-3_p08
363.175521541,461.175922819,98.000401278,Other,random,C4H2O3,98.000395000,RC2_0046_ICR-3_p08
515.155850834,613.156252113,98.000401278,Other,random,C4H2O3,98.000395000,RC2_0046_ICR-3_p08
377.082072549,475.082473827,98.000401278,Other,random,C4H2O3,98.000395000,RC2_0046_ICR-3_p08
391.066942224,489.067343503,98.000401278,Other,random,C4H2O3,98.000395000,RC2_0046_ICR-3_p08
423.251666695,521.252067974,98.000401278,Other,random,C4H2O3,98.000395000,RC2_0046_ICR-3_p08
304.046170370,402.046572648,98.000402278,Other,random,C4H2O3,98.000395000,RC2_0046_ICR-3_p08
333.025122440,431.025524718,98.000402278,Other,random,C4H2O3,98.000395000,RC2_0046_ICR-3_p08
355.189059420,453.189461698,98.000402278,Other,random,C4H2O3,98.000395000,RC2_0046_ICR-3_p08
427.152719147,525.153121425,98.000402278,Other,random,C4H2O3,98.000395000,RC2_0046_ICR-3_p08
465.139979003,563.140381282,98.000402278,Other,random,C4H2O3,98.000395000,RC2_0046_ICR-3_p08
507.236568428,605.236970707,98.000402278,Other,random,C4H2O3,98.000395000,RC2_0046_ICR-3_p08
453.225694544,551.226096823,98.000402278,Other,random,C4H2O3,98.000395000,RC2_0046_ICR-3_p08
689.245380340,787.245782618,98.000402278,Other,random,C4H2O3,98.000395000,RC2_0046_ICR-3_p08
373.159911187,471.160314465,98.000403278,Other,random,C4H2O3,98.000395000,RC2_0046_ICR-3_p08
467.205157243,565.205560521,98.000403278,Other,random,C4H2O3,98.000395000,RC2_0046_ICR-3_p08
477.189608888,575.190012167,98.000403278,Other,random,C4H2O3,98.000395000,RC2_0046_ICR-3_p08
605.224004762,703.224408040,98.000403278,Other,random,C4H2O3,98.000395000,RC2_0046_ICR-3_p08
347.071492855,445.071896133,98.000403278,Other,random,C4H2O3,98.000395000,RC2_0046_ICR-3_p08
427.160767113,525.161170391,98.000403278,Other,random,C4H2O3,98.000395000,RC2_0046_ICR-3_p08
365.173371066,463.173775344,98.000404278,Other,random,C4H2O3,98.000395000,RC2_0046_ICR-3_p08
371.134600778,469.135005056,98.000404278,Other,random,C4H2O3,98.000395000,RC2_0046_ICR-3_p08
375.175522636,473.175926915,98.000404278,Other,random,C4H2O3,98.000395000,RC2_0046_ICR-3_p08
329.066555232,427.103325356,98.036770124,Other,random,C5H6O2,98.036780000,RC2_0046_ICR-3_p08
445.181050670,543.217820794,98.036770124,Other,random,C5H6O2,98.036780000,RC2_0046_ICR-3_p08
569.078547092,667.115317216,98.036770124,Other,random,C5H6O2,98.036780000,RC2_0046_ICR-3_p08
527.104257149,625.141028273,98.036771124,Other,random,C5H6O2,98.036780000,RC2_0046_ICR-3_p08
365.051172584,463.087943708,98.036771124,Other,random,C5H6O2,98.036780000,RC2_0046_ICR-3_p08
375.144839766,473.181610891,98.036771124,Other,random,C5H6O2,98.036780000,RC2_0046_ICR-3_p08
397.150171419,495.186943543,98.036772124,Other,random,C5H6O2,98.036780000,RC2_0046_ICR-3_p08
367.139612725,465.176385849,98.036773124,Other,random,C5H6O2,98.036780000,RC2_0046_ICR-3_p08
431.183910046,529.220683171,98.036773124,Other,random,C5H6O2,98.036780000,RC2_0046_ICR-3_p08
483.142633635,581.179406760,98.036773124,Other,random,C5H6O2,98.036780000,RC2_0046_ICR-3_p08
350.015254367,448.052028491,98.036774124,Other,random,C5H6O2,98.036780000,RC2_0046_ICR-3_p08
399.108381112,497.145155236,98.036774124,Other,random,C5H6O2,98.036780000,RC2_0046_ICR-3_p08
635.271191300,733.307965424,98.036774124,Other,random,C5H6O2,98.036780000,RC2_0046_ICR-3_p08
391.079905169,489.116679293,98.036774124,Other,random,C5H6O2,98.036780000,RC2_0046_ICR-3_p08
459.251686982,557.288461106,98.036774124,Other,random,C5H6O2,98.036780000,RC2_0046_ICR-3_p08
463.015467016,561.052241140,98.036774124,Other,random,C5H6O2,98.036780000,RC2_0046_ICR-3_p08
383.061812182,481.098586306,98.036774124,Other,random,C5H6O2,98.036780000,RC2_0046_ICR-3_p08
541.156207540,639.192981664,98.036774124,Other,random,C5H6O2,98.036780000,RC2_0046_ICR-3_p08
533.129930587,631.166705712,98.036775124,Other,random,C5H6O2,98.036780000,RC2_0046_ICR-3_p08
327.144810384,425.181585509,98.036775124,Other,random,C5H6O2,98.036780000,RC2_0046_ICR-3_p08
339.100354669,437.137129793,98.036775124,Other,random,C5H6O2,98.036780000,RC2_0046_ICR-3_p08
357.092252346,455.129027470,98.036775124,Other,random,C5H6O2,98.036780000,RC2_0046_ICR-3_p08
399.056783331,497.093558455,98.036775124,Other,random,C5H6O2,98.036780000,RC2_0046_ICR-3_p08
327.136799418,425.173575543,98.036776124,Other,random,C5H6O2,98.036780000,RC2_0046_ICR-3_p08
509.239230933,607.276007057,98.036776124,Other,random,C5H6O2,98.036780000,RC2_0046_ICR-3_p08
509.166310242,607.203086366,98.036776124,Other,random,C5H6O2,98.036780000,RC2_0046_ICR-3_p08
355.058749972,453.095526097,98.036776124,Other,random,C5H6O2,98.036780000,RC2_0046_ICR-3_p08
403.051659385,501.088435509,98.036776124,Other,random,C5H6O2,98.036780000,RC2_0046_ICR-3_p08
373.077404537,471.114181661,98.036777124,Other,random,C5H6O2,98.036780000,RC2_0046_ICR-3_p08
511.072924154,609.109701278,98.036777124,Other,random,C5H6O2,98.036780000,RC2_0046_ICR-3_p08
367.176132570,465.212909694,98.036777124,Other,random,C5H6O2,98.036780000,RC2_0046_ICR-3_p08
290.066889670,388.103666795,98.036777124,Other,random,C5H6O2,98.036780000,RC2_0046_ICR-3_p08
469.025924519,567.062702643,98.036778124,Other,random,C5H6O2,98.036780000,RC2_0046_ICR-3_p08
405.059221868,503.096000993,98.036779124,Other,random,C5H6O2,98.036780000,RC2_0046_ICR-3_p08
361.041140595,459.077919719,98.036779124,Other,random,C5H6O2,98.036780000,RC2_0046_ICR-3_p08
389.173465256,487.210244381,98.036779124,Other,random,C5H6O2,98.036780000,RC2_0046_ICR-3_p08
443.264883798,541.301662923,98.036779124,Other,random,C5H6O2,98.036780000,RC2_0046_ICR-3_p08
445.186636646,543.223415770,98.036779124,Other,random,C5H6O2,98.036780000,RC2_0046_ICR-3_p08
411.165941963,509.202722088,98.036780124,Other,random,C5H6O2,98.036780000,RC2_0046_ICR-3_p08
311.113457390,409.150237514,98.036780124,Other,random,C5H6O2,98.036780000,RC2_0046_ICR-3_p08
511.109313000,609.146093124,98.036780124,Other,random,C5H6O2,98.036780000,RC2_0046_ICR-3_p08
500.148715495,598.185495619,98.036780124,Other,random,C5H6O2,98.036780000,RC2_0046_ICR-3_p08
331.082208682,429.118988806,98.036780124,Other,random,C5H6O2,98.036780000,RC2_0046_ICR-3_p08
589.156379921,687.193160045,98.036780124,Other,random,C5H6O2,98.036780000,RC2_0046_ICR-3_p08
318.025419069,416.062200193,98.036781124,Other,random,C5H6O2,98.036780000,RC2_0046_ICR-3_p08
361.056363530,459.093144654,98.036781124,Other,random,C5H6O2,98.036780000,RC2_0046_ICR-3_p08
479.155765548,577.192546672,98.036781124,Other,random,C5H6O2,98.036780000,RC2_0046_ICR-3_p08
377.014765834,475.051546958,98.036781124,Other,random,C5H6O2,98.036780000,RC2_0046_ICR-3_p08
423.165914059,521.202695183,98.036781124,Other,random,C5H6O2,98.036780000,RC2_0046_ICR-3_p08
527.046731393,625.083513517,98.036782124,Other,random,C5H6O2,98.036780000,RC2_0046_ICR-3_p08
326.051641022,424.088423146,98.036782124,Other,random,C5H6O2,98.036780000,RC2_0046_ICR-3_p08
385.092719567,483.129501691,98.036782124,Other,random,C5H6O2,98.036780000,RC2_0046_ICR-3_p08
353.087620334,451.124403458,98.036783124,Other,random,C5H6O2,98.036780000,RC2_0046_ICR-3_p08
392.098628848,490.135411972,98.036783124,Other,random,C5H6O2,98.036780000,RC2_0046_ICR-3_p08
345.074538326,443.111322450,98.036784124,Other,random,C5H6O2,98.036780000,RC2_0046_ICR-3_p08
419.134552160,517.171336284,98.036784124,Other,random,C5H6O2,98.036780000,RC2_0046_ICR-3_p08
453.176467753,551.213251877,98.036784124,Other,random,C5H6O2,98.036780000,RC2_0046_ICR-3_p08
325.142186880,423.178972004,98.036785124,Other,random,C5H6O2,98.036780000,RC2_0046_ICR-3_p08
449.230954490,547.267739614,98.036785124,Other,random,C5H6O2,98.036780000,RC2_0046_ICR-3_p08
309.147307731,407.184092855,98.036785124,Other,random,C5H6O2,98.036780000,RC2_0046_ICR-3_p08
409.163286459,507.200071583,98.036785124,Other,random,C5H6O2,98.036780000,RC2_0046_ICR-3_p08
643.203651650,741.240436774,98.036785124,Other,random,C5H6O2,98.036780000,RC2_0046_ICR-3_p08
317.116029927,415.152816051,98.036786124,Other,random,C5H6O2,98.036780000,RC2_0046_ICR-3_p08
345.110818172,443.147604296,98.036786124,Other,random,C5H6O2,98.036780000,RC2_0046_ICR-3_p08
391.103234070,489.140020194,98.036786124,Other,random,C5H6O2,98.036780000,RC2_0046_ICR-3_p08
394.041568606,492.078354730,98.036786124,Other,random,C5H6O2,98.036780000,RC2_0046_ICR-3_p08
487.072775964,585.109562088,98.036786124,Other,random,C5H6O2,98.036780000,RC2_0046_ICR-3_p08
441.095670000,539.132456124,98.036786124,Other,random,C5H6O2,98.036780000,RC2_0046_ICR-3_p08
323.040714794,421.077501918,98.036787124,Other,random,C5H6O2,98.036780000,RC2_0046_ICR-3_p08
385.186535169,483.223322293,98.036787124,Other,random,C5H6O2,98.036780000,RC2_0046_ICR-3_p08
335.199384217,433.236171341,98.036787124,Other,random,C5H6O2,98.036780000,RC2_0046_ICR-3_p08
365.246186757,463.282973881,98.036787124,Other,random,C5H6O2,98.036780000,RC2_0046_ICR-3_p08
411.121431152,509.158218276,98.036787124,Other,random,C5H6O2,98.036780000,RC2_0046_ICR-3_p08
607.130674673,705.167461797,98.036787124,Other,random,C5H6O2,98.036780000,RC2_0046_ICR-3_p08
515.241401471,613.278189595,98.036788124,Other,random,C5H6O2,98.036780000,RC2_0046_ICR-3_p08
319.009424895,417.046213019,98.036788124,Other,random,C5H6O2,98.036780000,RC2_0046_ICR-3_p08
541.184620419,639.221408543,98.036788124,Other,random,C5H6O2,98.036780000,RC2_0046_ICR-3_p08
551.299285512,649.336073636,98.036788124,Other,random,C5H6O2,98.036780000,RC2_0046_ICR-3_p08
359.025494145,457.062282269,98.036788124,Other,random,C5H6O2,98.036780000,RC2_0046_ICR-3_p08
393.009625983,491.046414107,98.036788124,Other,random,C5H6O2,98.036780000,RC2_0046_ICR-3_p08
425.173575543,523.210363667,98.036788124,Other,random,C5H6O2,98.036780000,RC2_0046_ICR-3_p08
250.035671484,348.072460608,98.036789124,Other,random,C5H6O2,98.036780000,RC2_0046_ICR-3_p08
294.098257569,392.135046693,98.036789124,Other,random,C5H6O2,98.036780000,RC2_0046_ICR-3_p08
359.090102871,457.163258841,98.073155970,Other,random,C6H10O1,98.073165000,RC2_0046_ICR-3_p08
497.122003334,595.195159304,98.073155970,Other,random,C6H10O1,98.073165000,RC2_0046_ICR-3_p08
401.082095740,499.155251709,98.073155970,Other,random,C6H10O1,98.073165000,RC2_0046_ICR-3_p08
409.041108977,507.114264947,98.073155970,Other,random,C6H10O1,98.073165000,RC2_0046_ICR-3_p08
499.015589302,597.088745272,98.073155970,Other,random,C6H10O1,98.073165000,RC2_0046_ICR-3_p08
505.148134287,603.221291257,98.073156970,Other,random,C6H10O1,98.073165000,RC2_0046_ICR-3_p08
473.072409354,571.145566324,98.073156970,Other,random,C6H10O1,98.073165000,RC2_0046_ICR-3_p08
385.126820422,483.199977392,98.073156970,Other,random,C6H10O1,98.073165000,RC2_0046_ICR-3_p08
417.046213019,515.119369989,98.073156970,Other,random,C6H10O1,98.073165000,RC2_0046_ICR-3_p08
434.036417946,532.109575916,98.073157970,Other,random,C6H10O1,98.073165000,RC2_0046_ICR-3_p08
371.025299242,469.098457211,98.073157970,Other,random,C6H10O1,98.073165000,RC2_0046_ICR-3_p08
377.051321679,475.124479649,98.073157970,Other,random,C6H10O1,98.073165000,RC2_0046_ICR-3_p08
370.049436381,468.122594351,98.073157970,Other,random,C6H10O1,98.073165000,RC2_0046_ICR-3_p08
373.142194262,471.215352231,98.073157970,Other,random,C6H10O1,98.073165000,RC2_0046_ICR-3_p08
415.116292206,513.189450176,98.073157970,Other,random,C6H10O1,98.073165000,RC2_0046_ICR-3_p08
339.194194270,437.267353240,98.073158970,Other,random,C6H10O1,98.073165000,RC2_0046_ICR-3_p08
393.046244828,491.119404798,98.073159970,Other,random,C6H10O1,98.073165000,RC2_0046_ICR-3_p08
441.095670000,539.168829970,98.073159970,Other,random,C6H10O1,98.073165000,RC2_0046_ICR-3_p08
501.234203890,599.307363860,98.073159970,Other,random,C6H10O1,98.073165000,RC2_0046_ICR-3_p08
417.249190158,515.322350128,98.073159970,Other,random,C6H10O1,98.073165000,RC2_0046_ICR-3_p08
435.056770618,533.129930587,98.073159970,Other,random,C6H10O1,98.073165000,RC2_0046_ICR-3_p08
585.052180331,683.125341301,98.073160970,Other,random,C6H10O1,98.073165000,RC2_0046_ICR-3_p08
419.061807469,517.134968439,98.073160970,Other,random,C6H10O1,98.073165000,RC2_0046_ICR-3_p08
339.100354669,437.173515638,98.073160970,Other,random,C6H10O1,98.073165000,RC2_0046_ICR-3_p08
363.108305826,461.181466796,98.073160970,Other,random,C6H10O1,98.073165000,RC2_0046_ICR-3_p08
343.131627568,441.204789537,98.073161970,Other,random,C6H10O1,98.073165000,RC2_0046_ICR-3_p08
383.126572908,481.199734877,98.073161970,Other,random,C6H10O1,98.073165000,RC2_0046_ICR-3_p08
531.099137202,629.172299172,98.073161970,Other,random,C6H10O1,98.073165000,RC2_0046_ICR-3_p08
290.030504825,388.103666795,98.073161970,Other,random,C6H10O1,98.073165000,RC2_0046_ICR-3_p08
347.107888700,445.181050670,98.073161970,Other,random,C6H10O1,98.073165000,RC2_0046_ICR-3_p08
311.004275853,409.077438823,98.073162970,Other,random,C6H10O1,98.073165000,RC2_0046_ICR-3_p08
343.030503997,441.103666966,98.073162970,Other,random,C6H10O1,98.073165000,RC2_0046_ICR-3_p08
347.126509621,445.199672591,98.073162970,Other,random,C6H10O1,98.073165000,RC2_0046_ICR-3_p08
350.015254367,448.088417337,98.073162970,Other,random,C6H10O1,98.073165000,RC2_0046_ICR-3_p08
361.092668376,459.165831346,98.073162970,Other,random,C6H10O1,98.073165000,RC2_0046_ICR-3_p08
413.194597358,511.267760328,98.073162970,Other,random,C6H10O1,98.073165000,RC2_0046_ICR-3_p08
505.111834441,603.184997411,98.073162970,Other,random,C6H10O1,98.073165000,RC2_0046_ICR-3_p08
513.031091847,611.104254817,98.073162970,Other,random,C6H10O1,98.073165000,RC2_0046_ICR-3_p08
415.066872416,513.140035385,98.073162970,Other,random,C6H10O1,98.073165000,RC2_0046_ICR-3_p08
479.059705955,577.132868925,98.073162970,Other,random,C6H10O1,98.073165000,RC2_0046_ICR-3_p08
303.087286437,401.160450407,98.073163970,Other,random,C6H10O1,98.073165000,RC2_0046_ICR-3_p08
323.071459664,421.144623633,98.073163970,Other,random,C6H10O1,98.073165000,RC2_0046_ICR-3_p08
335.077103735,433.150267705,98.073163970,Other,random,C6H10O1,98.073165000,RC2_0046_ICR-3_p08
349.050777458,447.123941428,98.073163970,Other,random,C6H10O1,98.073165000,RC2_0046_ICR-3_p08
413.181552413,511.254716383,98.073163970,Other,random,C6H10O1,98.073165000,RC2_0046_ICR-3_p08
403.079856265,501.153021235,98.073164970,Other,random,C6H10O1,98.073165000,RC2_0046_ICR-3_p08
349.214908762,447.288073732,98.073164970,Other,random,C6H10O1,98.073165000,RC2_0046_ICR-3_p08
399.202213714,497.275378684,98.073164970,Other,random,C6H10O1,98.073165000,RC2_0046_ICR-3_p08
455.168554303,553.241719272,98.073164970,Other,random,C6H10O1,98.073165000,RC2_0046_ICR-3_p08
489.153135139,587.226300108,98.073164970,Other,random,C6H10O1,98.073165000,RC2_0046_ICR-3_p08
335.053797834,433.126963804,98.073165970,Other,random,C6H10O1,98.073165000,RC2_0046_ICR-3_p08
443.228496953,541.301662923,98.073165970,Other,random,C6H10O1,98.073165000,RC2_0046_ICR-3_p08
373.087147495,471.160314465,98.073166970,Other,random,C6H10O1,98.073165000,RC2_0046_ICR-3_p08
393.059273773,491.132440742,98.073166970,Other,random,C6H10O1,98.073165000,RC2_0046_ICR-3_p08
349.087113304,447.160280274,98.073166970,Other,random,C6H10O1,98.073165000,RC2_0046_ICR-3_p08
373.019866781,471.093033750,98.073166970,Other,random,C6H10O1,98.073165000,RC2_0046_ICR-3_p08
389.064309719,487.137476689,98.073166970,Other,random,C6H10O1,98.073165000,RC2_0046_ICR-3_p08
429.082647960,527.155815930,98.073167970,Other,random,C6H10O1,98.073165000,RC2_0046_ICR-3_p08
511.109313000,609.182480970,98.073167970,Other,random,C6H10O1,98.073165000,RC2_0046_ICR-3_p08
353.079638368,451.152806338,98.073167970,Other,random,C6H10O1,98.073165000,RC2_0046_ICR-3_p08
365.154875144,463.228043114,98.073167970,Other,random,C6H10O1,98.073165000,RC2_0046_ICR-3_p08
491.132440742,589.205608712,98.073167970,Other,random,C6H10O1,98.073165000,RC2_0046_ICR-3_p08
511.072924154,609.146093124,98.073168970,Other,random,C6H10O1,98.073165000,RC2_0046_ICR-3_p08
371.061836087,469.135005056,98.073168970,Other,random,C6H10O1,98.073165000,RC2_0046_ICR-3_p08
385.223013014,483.296181984,98.073168970,Other,random,C6H10O1,98.073165000,RC2_0046_ICR-3_p08
333.155391887,431.228560857,98.073168970,Other,random,C6H10O1,98.073165000,RC2_0046_ICR-3_p08
411.215302754,509.288471724,98.073168970,Other,random,C6H10O1,98.073165000,RC2_0046_ICR-3_p08
309.097848940,407.171018910,98.073169970,Other,random,C6H10O1,98.073165000,RC2_0046_ICR-3_p08
511.231304482,609.304474452,98.073169970,Other,random,C6H10O1,98.073165000,RC2_0046_ICR-3_p08
355.103296783,453.176467753,98.073170970,Other,random,C6H10O1,98.073165000,RC2_0046_ICR-3_p08
429.103625871,527.176796841,98.073170970,Other,random,C6H10O1,98.073165000,RC2_0046_ICR-3_p08
535.122392135,633.195563105,98.073170970,Other,random,C6H10O1,98.073165000,RC2_0046_ICR-3_p08
361.087071400,459.160242370,98.073170970,Other,random,C6H10O1,98.073165000,RC2_0046_ICR-3_p08
323.040714794,421.113886764,98.073171970,Other,random,C6H10O1,98.073165000,RC2_0046_ICR-3_p08
333.134293977,431.207465947,98.073171970,Other,random,C6H10O1,98.073165000,RC2_0046_ICR-3_p08
276.051284125,374.124457095,98.073172970,Other,random,C6H10O1,98.073165000,RC2_0046_ICR-3_p08
351.157780520,449.230954490,98.073173970,Other,random,C6H10O1,98.073165000,RC2_0046_ICR-3_p08
385.077519632,483.150693601,98.073173970,Other,random,C6H10O1,98.073165000,RC2_0046_ICR-3_p08
431.228560857,529.301734827,98.073173970,Other,random,C6H10O1,98.073165000,RC2_0046_ICR-3_p08
487.210244381,585.283419350,98.073174970,Other,random,C6H10O1,98.073165000,RC2_0046_ICR-3_p08
339.144720480,437.217895450,98.073174970,Other,random,C6H10O1,98.073165000,RC2_0046_ICR-3_p08
293.066606945,392.098628848,99.032021902,Other,random,C4H5N1O2,99.032029000,RC2_0046_ICR-3_p08
385.056301722,484.088323624,99.032021902,Other,random,C4H5N1O2,99.032029000,RC2_0046_ICR-3_p08
349.129151126,448.161174028,99.032022902,Other,random,C4H5N1O2,99.032029000,RC2_0046_ICR-3_p08
349.056393435,448.088417337,99.032023902,Other,random,C4H5N1O2,99.032029000,RC2_0046_ICR-3_p08
335.004389044,434.036417946,99.032028902,Other,random,C4H5N1O2,99.032029000,RC2_0046_ICR-3_p08
353.137136124,452.169165026,99.032028902,Other,random,C4H5N1O2,99.032029000,RC2_0046_ICR-3_p08
389.087667620,488.119696523,99.032028902,Other,random,C4H5N1O2,99.032029000,RC2_0046_ICR-3_p08
321.025120344,420.057149247,99.032028902,Other,random,C4H5N1O2,99.032029000,RC2_0046_ICR-3_p08
349.019999589,448.052028491,99.032028902,Other,random,C4H5N1O2,99.032029000,RC2_0046_ICR-3_p08
309.183695576,408.215725478,99.032029902,Other,random,C4H5N1O2,99.032029000,RC2_0046_ICR-3_p08
413.035891031,512.067923933,99.032032902,Other,random,C4H5N1O2,99.032029000,RC2_0046_ICR-3_p08
339.121490579,438.153524481,99.032033902,Other,random,C4H5N1O2,99.032029000,RC2_0046_ICR-3_p08
341.100522184,440.132556086,99.032033902,Other,random,C4H5N1O2,99.032029000,RC2_0046_ICR-3_p08
367.030570187,466.062605090,99.032034902,Other,random,C4H5N1O2,99.032029000,RC2_0046_ICR-3_p08
261.053445747,360.085480649,99.032034902,Other,random,C4H5N1O2,99.032029000,RC2_0046_ICR-3_p08
365.087635429,464.119670332,99.032034902,Other,random,C4H5N1O2,99.032029000,RC2_0046_ICR-3_p08
237.113281302,336.145318204,99.032036902,Other,random,C4H5N1O2,99.032029000,RC2_0046_ICR-3_p08
355.116234729,454.148273631,99.032038902,Other,random,C4H5N1O2,99.032029000,RC2_0046_ICR-3_p08
429.030897180,528.078186017,99.047288837,Other,random,C8H5N1O_1,99.047284000,RC2_0046_ICR-3_p08
313.069267093,412.116557931,99.047290837,Other,random,C8H5N1O_1,99.047284000,RC2_0046_ICR-3_p08
367.139612725,466.208022473,99.068409748,Other,random,Valine,99.068413980,RC2_0046_ICR-3_p08
409.041108977,508.109518725,99.068409748,Other,random,Valine,99.068413980,RC2_0046_ICR-3_p08
465.103658158,564.172068905,99.068410748,Other,random,Valine,99.068413980,RC2_0046_ICR-3_p08
264.998979009,364.067393757,99.068414748,Other,random,Valine,99.068413980,RC2_0046_ICR-3_p08
309.147307731,408.215725478,99.068417748,Other,random,Valine,99.068413980,RC2_0046_ICR-3_p08
349.019999589,448.088417337,99.068417748,Other,random,Valine,99.068413980,RC2_0046_ICR-3_p08
427.080056455,526.148476203,99.068419748,Other,random,Valine,99.068413980,RC2_0046_ICR-3_p08
419.061807469,518.130231217,99.068423748,Other,random,Valine,99.068413980,RC2_0046_ICR-3_p08
367.139612725,466.208022473,99.068409748,Other,random,Valine_C5H9NO,99.068414000,RC2_0046_ICR-3_p08
409.041108977,508.109518725,99.068409748,Other,random,Valine_C5H9NO,99.068414000,RC2_0046_ICR-3_p08
465.103658158,564.172068905,99.068410748,Other,random,Valine_C5H9NO,99.068414000,RC2_0046_ICR-3_p08
264.998979009,364.067393757,99.068414748,Other,random,Valine_C5H9NO,99.068414000,RC2_0046_ICR-3_p08
309.147307731,408.215725478,99.068417748,Other,random,Valine_C5H9NO,99.068414000,RC2_0046_ICR-3_p08
349.019999589,448.088417337,99.068417748,Other,random,Valine_C5H9NO,99.068414000,RC2_0046_ICR-3_p08
427.080056455,526.148476203,99.068419748,Other,random,Valine_C5H9NO,99.068414000,RC2_0046_ICR-3_p08
419.061807469,518.130231217,99.068423748,Other,random,Valine_C5H9NO,99.068414000,RC2_0046_ICR-3_p08
471.129530596,571.145566324,100.016035728,Other,random,C4H4O3,100.016045000,RC2_0046_ICR-3_p08
311.113457390,411.129493118,100.016035728,Other,random,C4H4O3,100.016045000,RC2_0046_ICR-3_p08
409.163286459,509.179322187,100.016035728,Other,random,C4H4O3,100.016045000,RC2_0046_ICR-3_p08
413.118394681,513.134430409,100.016035728,Other,random,C4H4O3,100.016045000,RC2_0046_ICR-3_p08
373.069380571,473.085417299,100.016036728,Other,random,C4H4O3,100.016045000,RC2_0046_ICR-3_p08
327.072039693,427.088076421,100.016036728,Other,random,C4H4O3,100.016045000,RC2_0046_ICR-3_p08
607.130674673,707.146711401,100.016036728,Other,random,C4H4O3,100.016045000,RC2_0046_ICR-3_p08
301.056416052,401.072452780,100.016036728,Other,random,C4H4O3,100.016045000,RC2_0046_ICR-3_p08
341.087629238,441.103666966,100.016037728,Other,random,C4H4O3,100.016045000,RC2_0046_ICR-3_p08
346.056768159,446.072805887,100.016037728,Other,random,C4H4O3,100.016045000,RC2_0046_ICR-3_p08
359.025494145,459.041531873,100.016037728,Other,random,C4H4O3,100.016045000,RC2_0046_ICR-3_p08
421.077501918,521.093539646,100.016037728,Other,random,C4H4O3,100.016045000,RC2_0046_ICR-3_p08
549.234166273,649.250204001,100.016037728,Other,random,C4H4O3,100.016045000,RC2_0046_ICR-3_p08
605.260528607,705.276566335,100.016037728,Other,random,C4H4O3,100.016045000,RC2_0046_ICR-3_p08
453.046247306,553.062287034,100.016039728,Other,random,C4H4O3,100.016045000,RC2_0046_ICR-3_p08
401.254381009,501.270420737,100.016039728,Other,random,C4H4O3,100.016045000,RC2_0046_ICR-3_p08
402.046572648,502.062612376,100.016039728,Other,random,C4H4O3,100.016045000,RC2_0046_ICR-3_p08
513.270442832,613.286482560,100.016039728,Other,random,C4H4O3,100.016045000,RC2_0046_ICR-3_p08
403.066851320,503.082891048,100.016039728,Other,random,C4H4O3,100.016045000,RC2_0046_ICR-3_p08
365.160345121,465.176385849,100.016040728,Other,random,C4H4O3,100.016045000,RC2_0046_ICR-3_p08
320.041108519,420.057149247,100.016040728,Other,random,C4H4O3,100.016045000,RC2_0046_ICR-3_p08
321.170683727,421.186724455,100.016040728,Other,random,C4H4O3,100.016045000,RC2_0046_ICR-3_p08
323.162931276,423.178972004,100.016040728,Other,random,C4H4O3,100.016045000,RC2_0046_ICR-3_p08
397.163217364,497.179258092,100.016040728,Other,random,C4H4O3,100.016045000,RC2_0046_ICR-3_p08
357.128608192,457.144648920,100.016040728,Other,random,C4H4O3,100.016045000,RC2_0046_ICR-3_p08
415.030496570,515.046539298,100.016042728,Other,random,C4H4O3,100.016045000,RC2_0046_ICR-3_p08
449.303647182,549.319689910,100.016042728,Other,random,C4H4O3,100.016045000,RC2_0046_ICR-3_p08
331.082208682,431.098252410,100.016043728,Other,random,C4H4O3,100.016045000,RC2_0046_ICR-3_p08
429.168512596,529.184556324,100.016043728,Other,random,C4H4O3,100.016045000,RC2_0046_ICR-3_p08
285.126140629,385.142185357,100.016044728,Other,random,C4H4O3,100.016045000,RC2_0046_ICR-3_p08
348.085523553,448.101568281,100.016044728,Other,random,C4H4O3,100.016045000,RC2_0046_ICR-3_p08
365.064324528,465.080369256,100.016044728,Other,random,C4H4O3,100.016045000,RC2_0046_ICR-3_p08
377.137127315,477.153172043,100.016044728,Other,random,C4H4O3,100.016045000,RC2_0046_ICR-3_p08
450.067591941,550.083636669,100.016044728,Other,random,C4H4O3,100.016045000,RC2_0046_ICR-3_p08
271.110492084,371.126536812,100.016044728,Other,random,C4H4O3,100.016045000,RC2_0046_ICR-3_p08
345.170591918,445.186636646,100.016044728,Other,random,C4H4O3,100.016045000,RC2_0046_ICR-3_p08
311.162898180,411.178943908,100.016045728,Other,random,C4H4O3,100.016045000,RC2_0046_ICR-3_p08
385.095927553,485.111973281,100.016045728,Other,random,C4H4O3,100.016045000,RC2_0046_ICR-3_p08
321.219992518,421.236038246,100.016045728,Other,random,C4H4O3,100.016045000,RC2_0046_ICR-3_p08
337.214948666,437.230994394,100.016045728,Other,random,C4H4O3,100.016045000,RC2_0046_ICR-3_p08
349.214908762,449.230954490,100.016045728,Other,random,C4H4O3,100.016045000,RC2_0046_ICR-3_p08
373.077404537,473.093450265,100.016045728,Other,random,C4H4O3,100.016045000,RC2_0046_ICR-3_p08
501.124762355,601.140808083,100.016045728,Other,random,C4H4O3,100.016045000,RC2_0046_ICR-3_p08
365.209922911,465.225969639,100.016046728,Other,random,C4H4O3,100.016045000,RC2_0046_ICR-3_p08
515.132400934,615.148447662,100.016046728,Other,random,C4H4O3,100.016045000,RC2_0046_ICR-3_p08
327.108359539,427.124406267,100.016046728,Other,random,C4H4O3,100.016045000,RC2_0046_ICR-3_p08
415.087905326,515.103953054,100.016047728,Other,random,C4H4O3,100.016045000,RC2_0046_ICR-3_p08
493.184325038,593.200372766,100.016047728,Other,random,C4H4O3,100.016045000,RC2_0046_ICR-3_p08
359.061871991,459.077919719,100.016047728,Other,random,C4H4O3,100.016045000,RC2_0046_ICR-3_p08
373.142194262,473.158241990,100.016047728,Other,random,C4H4O3,100.016045000,RC2_0046_ICR-3_p08
327.100344573,427.116393301,100.016048728,Other,random,C4H4O3,100.016045000,RC2_0046_ICR-3_p08
377.282567698,477.298616426,100.016048728,Other,random,C4H4O3,100.016045000,RC2_0046_ICR-3_p08
421.272511091,521.288559819,100.016048728,Other,random,C4H4O3,100.016045000,RC2_0046_ICR-3_p08
337.105749130,437.121797858,100.016048728,Other,random,C4H4O3,100.016045000,RC2_0046_ICR-3_p08
373.092637472,473.108686200,100.016048728,Other,random,C4H4O3,100.016045000,RC2_0046_ICR-3_p08
347.126509621,447.142559349,100.016049728,Other,random,C4H4O3,100.016045000,RC2_0046_ICR-3_p08
501.189427080,601.205476808,100.016049728,Other,random,C4H4O3,100.016045000,RC2_0046_ICR-3_p08
529.148213478,629.164263206,100.016049728,Other,random,C4H4O3,100.016045000,RC2_0046_ICR-3_p08
424.088423146,524.104473874,100.016050728,Other,random,C4H4O3,100.016045000,RC2_0046_ICR-3_p08
336.072402513,436.088453241,100.016050728,Other,random,C4H4O3,100.016045000,RC2_0046_ICR-3_p08
355.095319817,455.111370545,100.016050728,Other,random,C4H4O3,100.016045000,RC2_0046_ICR-3_p08
329.115972023,429.132022751,100.016050728,Other,random,C4H4O3,100.016045000,RC2_0046_ICR-3_p08
387.129488927,487.145539655,100.016050728,Other,random,C4H4O3,100.016045000,RC2_0046_ICR-3_p08
373.214900953,473.230952681,100.016051728,Other,random,C4H4O3,100.016045000,RC2_0046_ICR-3_p08
329.124093988,429.140145716,100.016051728,Other,random,C4H4O3,100.016045000,RC2_0046_ICR-3_p08
375.102817945,475.118869673,100.016051728,Other,random,C4H4O3,100.016045000,RC2_0046_ICR-3_p08
393.118996519,493.135048247,100.016051728,Other,random,C4H4O3,100.016045000,RC2_0046_ICR-3_p08
601.192671863,701.208724591,100.016052728,Other,random,C4H4O3,100.016045000,RC2_0046_ICR-3_p08
413.217744260,513.233796988,100.016052728,Other,random,C4H4O3,100.016045000,RC2_0046_ICR-3_p08
415.233712708,515.249765436,100.016052728,Other,random,C4H4O3,100.016045000,RC2_0046_ICR-3_p08
339.194194270,439.210246998,100.016052728,Other,random,C4H4O3,100.016045000,RC2_0046_ICR-3_p08
329.106184064,429.122236792,100.016052728,Other,random,C4H4O3,100.016045000,RC2_0046_ICR-3_p08
375.066421099,475.082473827,100.016052728,Other,random,C4H4O3,100.016045000,RC2_0046_ICR-3_p08
391.116388014,491.132440742,100.016052728,Other,random,C4H4O3,100.016045000,RC2_0046_ICR-3_p08
347.107888700,447.123941428,100.016052728,Other,random,C4H4O3,100.016045000,RC2_0046_ICR-3_p08
375.085110020,475.101163748,100.016053728,Other,random,C4H4O3,100.016045000,RC2_0046_ICR-3_p08
385.150269323,485.166323051,100.016053728,Other,random,C4H4O3,100.016045000,RC2_0046_ICR-3_p08
425.072427972,525.088482700,100.016054728,Other,random,C4H4O3,100.016045000,RC2_0046_ICR-3_p08
443.220591986,543.236646714,100.016054728,Other,random,C4H4O3,100.016045000,RC2_0046_ICR-3_p08
503.168942683,603.184997411,100.016054728,Other,random,C4H4O3,100.016045000,RC2_0046_ICR-3_p08
393.168270310,493.184325038,100.016054728,Other,random,C4H4O3,100.016045000,RC2_0046_ICR-3_p08
331.176140283,431.228560857,100.052420574,Other,random,C5H8O2,100.052430000,RC2_0046_ICR-3_p08
425.100700852,525.153121425,100.052420574,Other,random,C5H8O2,100.052430000,RC2_0046_ICR-3_p08
595.166989424,695.219409997,100.052420574,Other,random,C5H8O2,100.052430000,RC2_0046_ICR-3_p08
303.087286437,403.139707011,100.052420574,Other,random,C5H8O2,100.052430000,RC2_0046_ICR-3_p08
363.102831849,463.155252423,100.052420574,Other,random,C5H8O2,100.052430000,RC2_0046_ICR-3_p08
367.095291913,467.147712487,100.052420574,Other,random,C5H8O2,100.052430000,RC2_0046_ICR-3_p08
347.235652158,447.288073732,100.052421574,Other,random,C5H8O2,100.052430000,RC2_0046_ICR-3_p08
495.223395388,595.275816962,100.052421574,Other,random,C5H8O2,100.052430000,RC2_0046_ICR-3_p08
707.256018938,807.308440511,100.052421574,Other,random,C5H8O2,100.052430000,RC2_0046_ICR-3_p08
527.119329085,627.171751658,100.052422574,Other,random,C5H8O2,100.052430000,RC2_0046_ICR-3_p08
363.230550307,463.282973881,100.052423574,Other,random,C5H8O2,100.052430000,RC2_0046_ICR-3_p08
297.074484944,397.126908518,100.052423574,Other,random,C5H8O2,100.052430000,RC2_0046_ICR-3_p08
325.129161935,425.181585509,100.052423574,Other,random,C5H8O2,100.052430000,RC2_0046_ICR-3_p08
361.165578067,461.218001641,100.052423574,Other,random,C5H8O2,100.052430000,RC2_0046_ICR-3_p08
383.025307337,483.077730911,100.052423574,Other,random,C5H8O2,100.052430000,RC2_0046_ICR-3_p08
429.082647960,529.135071534,100.052423574,Other,random,C5H8O2,100.052430000,RC2_0046_ICR-3_p08
450.039211062,550.091634635,100.052423574,Other,random,C5H8O2,100.052430000,RC2_0046_ICR-3_p08
327.144810384,427.197233958,100.052423574,Other,random,C5H8O2,100.052430000,RC2_0046_ICR-3_p08
379.225538456,479.277962030,100.052423574,Other,random,C5H8O2,100.052430000,RC2_0046_ICR-3_p08
513.103828539,613.156252113,100.052423574,Other,random,C5H8O2,100.052430000,RC2_0046_ICR-3_p08
451.233505995,551.285930569,100.052424574,Other,random,C5H8O2,100.052430000,RC2_0046_ICR-3_p08
363.048628079,463.101052653,100.052424574,Other,random,C5H8O2,100.052430000,RC2_0046_ICR-3_p08
310.129547564,410.181972137,100.052424574,Other,random,C5H8O2,100.052430000,RC2_0046_ICR-3_p08
323.113488485,423.165914059,100.052425574,Other,random,C5H8O2,100.052430000,RC2_0046_ICR-3_p08
359.025494145,459.077919719,100.052425574,Other,random,C5H8O2,100.052430000,RC2_0046_ICR-3_p08
361.033077629,461.085503203,100.052425574,Other,random,C5H8O2,100.052430000,RC2_0046_ICR-3_p08
437.158052704,537.210479278,100.052426574,Other,random,C5H8O2,100.052430000,RC2_0046_ICR-3_p08
335.113467581,435.165894155,100.052426574,Other,random,C5H8O2,100.052430000,RC2_0046_ICR-3_p08
373.092637472,473.145064046,100.052426574,Other,random,C5H8O2,100.052430000,RC2_0046_ICR-3_p08
379.139647820,479.192074394,100.052426574,Other,random,C5H8O2,100.052430000,RC2_0046_ICR-3_p08
387.056778235,487.109204809,100.052426574,Other,random,C5H8O2,100.052430000,RC2_0046_ICR-3_p08
443.092520530,543.144947103,100.052426574,Other,random,C5H8O2,100.052430000,RC2_0046_ICR-3_p08
515.176897745,615.229324319,100.052426574,Other,random,C5H8O2,100.052430000,RC2_0046_ICR-3_p08
527.286219377,627.338645950,100.052426574,Other,random,C5H8O2,100.052430000,RC2_0046_ICR-3_p08
333.183743767,433.236171341,100.052427574,Other,random,C5H8O2,100.052430000,RC2_0046_ICR-3_p08
427.152719147,527.205146721,100.052427574,Other,random,C5H8O2,100.052430000,RC2_0046_ICR-3_p08
477.212899790,577.265327363,100.052427574,Other,random,C5H8O2,100.052430000,RC2_0046_ICR-3_p08
369.118926329,469.171353902,100.052427574,Other,random,C5H8O2,100.052430000,RC2_0046_ICR-3_p08
373.129183317,473.181610891,100.052427574,Other,random,C5H8O2,100.052430000,RC2_0046_ICR-3_p08
471.041607969,571.094035542,100.052427574,Other,random,C5H8O2,100.052430000,RC2_0046_ICR-3_p08
513.140035385,613.192462959,100.052427574,Other,random,C5H8O2,100.052430000,RC2_0046_ICR-3_p08
327.014339938,427.066768512,100.052428574,Other,random,C5H8O2,100.052430000,RC2_0046_ICR-3_p08
337.069369284,437.121797858,100.052428574,Other,random,C5H8O2,100.052430000,RC2_0046_ICR-3_p08
473.158241990,573.210670563,100.052428574,Other,random,C5H8O2,100.052430000,RC2_0046_ICR-3_p08
343.076587801,443.129016375,100.052428574,Other,random,C5H8O2,100.052430000,RC2_0046_ICR-3_p08
387.121381961,487.173811535,100.052429574,Other,random,C5H8O2,100.052430000,RC2_0046_ICR-3_p08
511.137589880,611.190019453,100.052429574,Other,random,C5H8O2,100.052430000,RC2_0046_ICR-3_p08
413.014801121,513.067230694,100.052429574,Other,random,C5H8O2,100.052430000,RC2_0046_ICR-3_p08
380.062259907,480.114690480,100.052430574,Other,random,C5H8O2,100.052430000,RC2_0046_ICR-3_p08
473.238935647,573.291366221,100.052430574,Other,random,C5H8O2,100.052430000,RC2_0046_ICR-3_p08
397.150171419,497.202602993,100.052431574,Other,random,C5H8O2,100.052430000,RC2_0046_ICR-3_p08
407.256874546,507.309306120,100.052431574,Other,random,C5H8O2,100.052430000,RC2_0046_ICR-3_p08
333.074532230,433.126963804,100.052431574,Other,random,C5H8O2,100.052430000,RC2_0046_ICR-3_p08
359.199255408,459.251686982,100.052431574,Other,random,C5H8O2,100.052430000,RC2_0046_ICR-3_p08
364.030858912,464.083290486,100.052431574,Other,random,C5H8O2,100.052430000,RC2_0046_ICR-3_p08
389.014911929,489.067343503,100.052431574,Other,random,C5H8O2,100.052430000,RC2_0046_ICR-3_p08
399.102820136,499.155251709,100.052431574,Other,random,C5H8O2,100.052430000,RC2_0046_ICR-3_p08
338.101091907,438.153524481,100.052432574,Other,random,C5H8O2,100.052430000,RC2_0046_ICR-3_p08
391.097675094,491.150107667,100.052432574,Other,random,C5H8O2,100.052430000,RC2_0046_ICR-3_p08
415.152816051,515.205248625,100.052432574,Other,random,C5H8O2,100.052430000,RC2_0046_ICR-3_p08
329.066555232,429.118988806,100.052433574,Other,random,C5H8O2,100.052430000,RC2_0046_ICR-3_p08
347.053659930,447.106093504,100.052433574,Other,random,C5H8O2,100.052430000,RC2_0046_ICR-3_p08
327.063959727,427.116393301,100.052433574,Other,random,C5H8O2,100.052430000,RC2_0046_ICR-3_p08
331.103303592,431.155737166,100.052433574,Other,random,C5H8O2,100.052430000,RC2_0046_ICR-3_p08
375.072046075,475.124479649,100.052433574,Other,random,C5H8O2,100.052430000,RC2_0046_ICR-3_p08
379.079953073,479.132386647,100.052433574,Other,random,C5H8O2,100.052430000,RC2_0046_ICR-3_p08
387.157810807,487.210244381,100.052433574,Other,random,C5H8O2,100.052430000,RC2_0046_ICR-3_p08
371.144298737,471.196733310,100.052434574,Other,random,C5H8O2,100.052430000,RC2_0046_ICR-3_p08
399.129537022,499.181971596,100.052434574,Other,random,C5H8O2,100.052430000,RC2_0046_ICR-3_p08
473.181610891,573.234045464,100.052434574,Other,random,C5H8O2,100.052430000,RC2_0046_ICR-3_p08
551.104296339,651.156730913,100.052434574,Other,random,C5H8O2,100.052430000,RC2_0046_ICR-3_p08
515.140568899,615.193003473,100.052434574,Other,random,C5H8O2,100.052430000,RC2_0046_ICR-3_p08
391.152659861,491.205095434,100.052435574,Other,random,C5H8O2,100.052430000,RC2_0046_ICR-3_p08
421.163240555,521.215676128,100.052435574,Other,random,C5H8O2,100.052430000,RC2_0046_ICR-3_p08
357.061348477,457.113785051,100.052436574,Other,random,C5H8O2,100.052430000,RC2_0046_ICR-3_p08
448.124912182,548.177348756,100.052436574,Other,random,C5H8O2,100.052430000,RC2_0046_ICR-3_p08
397.041121882,497.093558455,100.052436574,Other,random,C5H8O2,100.052430000,RC2_0046_ICR-3_p08
423.129399214,523.181835788,100.052436574,Other,random,C5H8O2,100.052430000,RC2_0046_ICR-3_p08
463.087943708,563.140381282,100.052437574,Other,random,C5H8O2,100.052430000,RC2_0046_ICR-3_p08
585.088684176,685.141121750,100.052437574,Other,random,C5H8O2,100.052430000,RC2_0046_ICR-3_p08
313.238386376,413.290823950,100.052437574,Other,random,C5H8O2,100.052430000,RC2_0046_ICR-3_p08
357.110821267,457.163258841,100.052437574,Other,random,C5H8O2,100.052430000,RC2_0046_ICR-3_p08
405.118864615,505.171302189,100.052437574,Other,random,C5H8O2,100.052430000,RC2_0046_ICR-3_p08
357.118870233,457.171308807,100.052438574,Other,random,C5H8O2,100.052430000,RC2_0046_ICR-3_p08
407.111211164,507.163649737,100.052438574,Other,random,C5H8O2,100.052430000,RC2_0046_ICR-3_p08
331.058887781,431.111326354,100.052438574,Other,random,C5H8O2,100.052430000,RC2_0046_ICR-3_p08
461.218001641,561.270440214,100.052438574,Other,random,C5H8O2,100.052430000,RC2_0046_ICR-3_p08
595.203246270,695.255684844,100.052438574,Other,random,C5H8O2,100.052430000,RC2_0046_ICR-3_p08
379.095271009,479.147709582,100.052438574,Other,random,C5H8O2,100.052430000,RC2_0046_ICR-3_p08
383.061812182,483.114250756,100.052438574,Other,random,C5H8O2,100.052430000,RC2_0046_ICR-3_p08
431.220498891,531.272938465,100.052439574,Other,random,C5H8O2,100.052430000,RC2_0046_ICR-3_p08
330.061892010,430.114331584,100.052439574,Other,random,C5H8O2,100.052430000,RC2_0046_ICR-3_p08
371.134600778,471.187040352,100.052439574,Other,random,C5H8O2,100.052430000,RC2_0046_ICR-3_p08
435.020272772,535.072712346,100.052439574,Other,random,C5H8O2,100.052430000,RC2_0046_ICR-3_p08
453.030979370,553.083418944,100.052439574,Other,random,C5H8O2,100.052430000,RC2_0046_ICR-3_p08
417.249190158,517.301629732,100.052439574,Other,random,C5H8O2,100.052430000,RC2_0046_ICR-3_p08
225.040542515,325.104197041,100.063654526,Other,random,C4H8O1N2,100.063663000,RC2_0046_ICR-3_p08
504.978367007,605.042027533,100.063660526,Other,random,C4H8O1N2,100.063663000,RC2_0046_ICR-3_p08
255.160194746,355.223861272,100.063666526,Other,random,C4H8O1N2,100.063663000,RC2_0046_ICR-3_p08
249.004150860,349.067822386,100.063671526,Other,random,C4H8O1N2,100.063663000,RC2_0046_ICR-3_p08
389.087667620,490.098952127,101.011284506,Other,random,C3H3O3N1,101.011294000,RC2_0046_ICR-3_p08
337.056308339,438.067594846,101.011286506,Other,random,C3H3O3N1,101.011294000,RC2_0046_ICR-3_p08
313.084682028,414.095968534,101.011286506,Other,random,C3H3O3N1,101.011294000,RC2_0046_ICR-3_p08
421.199805399,522.211093906,101.011288506,Other,random,C3H3O3N1,101.011294000,RC2_0046_ICR-3_p08
355.095319817,456.106610323,101.011290506,Other,random,C3H3O3N1,101.011294000,RC2_0046_ICR-3_p08
361.092668376,462.103958882,101.011290506,Other,random,C3H3O3N1,101.011294000,RC2_0046_ICR-3_p08
319.240762914,420.252055420,101.011292506,Other,random,C3H3O3N1,101.011294000,RC2_0046_ICR-3_p08
331.082208682,432.093501188,101.011292506,Other,random,C3H3O3N1,101.011294000,RC2_0046_ICR-3_p08
333.025122440,434.036417946,101.011295506,Other,random,C3H3O3N1,101.011294000,RC2_0046_ICR-3_p08
463.160771399,564.172068905,101.011297506,Other,random,C3H3O3N1,101.011294000,RC2_0046_ICR-3_p08
301.121166778,402.132464284,101.011297506,Other,random,C3H3O3N1,101.011294000,RC2_0046_ICR-3_p08
297.089831879,398.101132385,101.011300506,Other,random,C3H3O3N1,101.011294000,RC2_0046_ICR-3_p08
341.030232482,442.041535988,101.011303506,Other,random,C3H3O3N1,101.011294000,RC2_0046_ICR-3_p08
365.100578375,466.148247726,101.047669352,Other,random,Threonine,101.047678500,RC2_0046_ICR-3_p08
375.072046075,476.119717427,101.047671352,Other,random,Threonine,101.047678500,RC2_0046_ICR-3_p08
321.097822036,422.145494388,101.047672352,Other,random,Threonine,101.047678500,RC2_0046_ICR-3_p08
397.041121882,498.088794233,101.047672352,Other,random,Threonine,101.047678500,RC2_0046_ICR-3_p08
509.129854397,610.177527748,101.047673352,Other,random,Threonine,101.047678500,RC2_0046_ICR-3_p08
261.053445747,362.101120098,101.047674352,Other,random,Threonine,101.047678500,RC2_0046_ICR-3_p08
355.009406182,456.057082533,101.047676352,Other,random,Threonine,101.047678500,RC2_0046_ICR-3_p08
365.160345121,466.208022473,101.047677352,Other,random,Threonine,101.047678500,RC2_0046_ICR-3_p08
288.998929201,390.046606553,101.047677352,Other,random,Threonine,101.047678500,RC2_0046_ICR-3_p08
335.077103735,436.124782087,101.047678352,Other,random,Threonine,101.047678500,RC2_0046_ICR-3_p08
395.111104069,496.158786420,101.047682352,Other,random,Threonine,101.047678500,RC2_0046_ICR-3_p08
345.025123535,446.072805887,101.047682352,Other,random,Threonine,101.047678500,RC2_0046_ICR-3_p08
347.090198775,448.137882127,101.047683352,Other,random,Threonine,101.047678500,RC2_0046_ICR-3_p08
381.131987369,482.179671720,101.047684352,Other,random,Threonine,101.047678500,RC2_0046_ICR-3_p08
347.004343139,448.052028491,101.047685352,Other,random,Threonine,101.047678500,RC2_0046_ICR-3_p08
325.105822034,426.153508386,101.047686352,Other,random,Threonine,101.047678500,RC2_0046_ICR-3_p08
365.100578375,466.148247726,101.047669352,Other,random,Threonine_C4H7NO2,101.047679000,RC2_0046_ICR-3_p08
375.072046075,476.119717427,101.047671352,Other,random,Threonine_C4H7NO2,101.047679000,RC2_0046_ICR-3_p08
321.097822036,422.145494388,101.047672352,Other,random,Threonine_C4H7NO2,101.047679000,RC2_0046_ICR-3_p08
397.041121882,498.088794233,101.047672352,Other,random,Threonine_C4H7NO2,101.047679000,RC2_0046_ICR-3_p08
509.129854397,610.177527748,101.047673352,Other,random,Threonine_C4H7NO2,101.047679000,RC2_0046_ICR-3_p08
261.053445747,362.101120098,101.047674352,Other,random,Threonine_C4H7NO2,101.047679000,RC2_0046_ICR-3_p08
355.009406182,456.057082533,101.047676352,Other,random,Threonine_C4H7NO2,101.047679000,RC2_0046_ICR-3_p08
365.160345121,466.208022473,101.047677352,Other,random,Threonine_C4H7NO2,101.047679000,RC2_0046_ICR-3_p08
288.998929201,390.046606553,101.047677352,Other,random,Threonine_C4H7NO2,101.047679000,RC2_0046_ICR-3_p08
335.077103735,436.124782087,101.047678352,Other,random,Threonine_C4H7NO2,101.047679000,RC2_0046_ICR-3_p08
395.111104069,496.158786420,101.047682352,Other,random,Threonine_C4H7NO2,101.047679000,RC2_0046_ICR-3_p08
345.025123535,446.072805887,101.047682352,Other,random,Threonine_C4H7NO2,101.047679000,RC2_0046_ICR-3_p08
347.090198775,448.137882127,101.047683352,Other,random,Threonine_C4H7NO2,101.047679000,RC2_0046_ICR-3_p08
381.131987369,482.179671720,101.047684352,Other,random,Threonine_C4H7NO2,101.047679000,RC2_0046_ICR-3_p08
347.004343139,448.052028491,101.047685352,Other,random,Threonine_C4H7NO2,101.047679000,RC2_0046_ICR-3_p08
325.105822034,426.153508386,101.047686352,Other,random,Threonine_C4H7NO2,101.047679000,RC2_0046_ICR-3_p08
465.030959466,566.115015663,101.084056197,Other,random,C5H11N1O1,101.084064000,RC2_0046_ICR-3_p08
437.121797858,538.205858055,101.084060197,Other,random,C5H11N1O1,101.084064000,RC2_0046_ICR-3_p08
335.004389044,436.088453241,101.084064197,Other,random,C5H11N1O1,101.084064000,RC2_0046_ICR-3_p08
293.043288044,394.127357242,101.084069197,Other,random,C5H11N1O1,101.084064000,RC2_0046_ICR-3_p08
405.046226924,506.130297121,101.084070197,Other,random,C5H11N1O1,101.084064000,RC2_0046_ICR-3_p08
301.048392086,402.132464284,101.084072197,Other,random,C5H11N1O1,101.084064000,RC2_0046_ICR-3_p08
331.009427991,432.093501188,101.084073197,Other,random,C5H11N1O1,101.084064000,RC2_0046_ICR-3_p08
401.191287276,503.205216529,102.013929253,Other,random,C4H6O1S1,102.013937000,RC2_0046_ICR-3_p08
379.206786535,481.220715788,102.013929253,Other,random,C4H6O1S1,102.013937000,RC2_0046_ICR-3_p08
407.129005088,509.142935341,102.013930253,Other,random,C4H6O1S1,102.013937000,RC2_0046_ICR-3_p08
379.170528689,481.184460942,102.013932253,Other,random,C4H6O1S1,102.013937000,RC2_0046_ICR-3_p08
429.285576099,531.299508352,102.013932253,Other,random,C4H6O1S1,102.013937000,RC2_0046_ICR-3_p08
429.077012984,531.090947237,102.013934253,Other,random,C4H6O1S1,102.013937000,RC2_0046_ICR-3_p08
491.222682360,593.236617612,102.013935253,Other,random,C4H6O1S1,102.013937000,RC2_0046_ICR-3_p08
471.196733310,573.210670563,102.013937253,Other,random,C4H6O1S1,102.013937000,RC2_0046_ICR-3_p08
347.107888700,449.121826953,102.013938253,Other,random,C4H6O1S1,102.013937000,RC2_0046_ICR-3_p08
395.201733684,497.215672937,102.013939253,Other,random,C4H6O1S1,102.013937000,RC2_0046_ICR-3_p08
439.227837924,541.241778177,102.013940253,Other,random,C4H6O1S1,102.013937000,RC2_0046_ICR-3_p08
371.144298737,473.158241990,102.013943253,Other,random,C4H6O1S1,102.013937000,RC2_0046_ICR-3_p08
399.102820136,501.116766389,102.013946253,Other,random,C4H6O1S1,102.013937000,RC2_0046_ICR-3_p08
359.144237642,461.175922819,102.031685178,Other,random,erythose (-H2O),102.031695000,RC2_0046_ICR-3_p08
385.077519632,487.109204809,102.031685178,Other,random,erythose (-H2O),102.031695000,RC2_0046_ICR-3_p08
425.145111663,527.176796841,102.031685178,Other,random,erythose (-H2O),102.031695000,RC2_0046_ICR-3_p08
355.168012509,457.199697686,102.031685178,Other,random,erythose (-H2O),102.031695000,RC2_0046_ICR-3_p08
343.131627568,445.163313745,102.031686178,Other,random,erythose (-H2O),102.031695000,RC2_0046_ICR-3_p08
417.009905173,519.041591351,102.031686178,Other,random,erythose (-H2O),102.031695000,RC2_0046_ICR-3_p08
339.194194270,441.225880448,102.031686178,Other,random,erythose (-H2O),102.031695000,RC2_0046_ICR-3_p08
392.062148003,494.093834180,102.031686178,Other,random,erythose (-H2O),102.031695000,RC2_0046_ICR-3_p08
583.072772728,685.104459905,102.031687178,Other,random,erythose (-H2O),102.031695000,RC2_0046_ICR-3_p08
427.233622804,529.265309981,102.031687178,Other,random,erythose (-H2O),102.031695000,RC2_0046_ICR-3_p08
351.121387675,453.153074852,102.031687178,Other,random,erythose (-H2O),102.031695000,RC2_0046_ICR-3_p08
399.157739903,501.189427080,102.031687178,Other,random,erythose (-H2O),102.031695000,RC2_0046_ICR-3_p08
383.090040063,485.121728240,102.031688178,Other,random,erythose (-H2O),102.031695000,RC2_0046_ICR-3_p08
327.087299628,429.118988806,102.031689178,Other,random,erythose (-H2O),102.031695000,RC2_0046_ICR-3_p08
369.128625287,471.160314465,102.031689178,Other,random,erythose (-H2O),102.031695000,RC2_0046_ICR-3_p08
401.072452780,503.104141958,102.031689178,Other,random,erythose (-H2O),102.031695000,RC2_0046_ICR-3_p08
455.046540820,557.078229998,102.031689178,Other,random,erythose (-H2O),102.031695000,RC2_0046_ICR-3_p08
419.220378796,521.252067974,102.031689178,Other,random,erythose (-H2O),102.031695000,RC2_0046_ICR-3_p08
327.157851329,429.189541507,102.031690178,Other,random,erythose (-H2O),102.031695000,RC2_0046_ICR-3_p08
331.009427991,433.041118168,102.031690178,Other,random,erythose (-H2O),102.031695000,RC2_0046_ICR-3_p08
371.134600778,473.166290956,102.031690178,Other,random,erythose (-H2O),102.031695000,RC2_0046_ICR-3_p08
381.110942458,483.142633635,102.031691178,Other,random,erythose (-H2O),102.031695000,RC2_0046_ICR-3_p08
369.191615020,471.223306198,102.031691178,Other,random,erythose (-H2O),102.031695000,RC2_0046_ICR-3_p08
369.082489483,471.114181661,102.031692178,Other,random,erythose (-H2O),102.031695000,RC2_0046_ICR-3_p08
337.214948666,439.246640844,102.031692178,Other,random,erythose (-H2O),102.031695000,RC2_0046_ICR-3_p08
347.113414677,449.145106854,102.031692178,Other,random,erythose (-H2O),102.031695000,RC2_0046_ICR-3_p08
357.147287113,459.178979290,102.031692178,Other,random,erythose (-H2O),102.031695000,RC2_0046_ICR-3_p08
413.100708756,515.132400934,102.031692178,Other,random,erythose (-H2O),102.031695000,RC2_0046_ICR-3_p08
429.030897180,531.062589357,102.031692178,Other,random,erythose (-H2O),102.031695000,RC2_0046_ICR-3_p08
359.053811025,461.085503203,102.031692178,Other,random,erythose (-H2O),102.031695000,RC2_0046_ICR-3_p08
421.163240555,523.194932732,102.031692178,Other,random,erythose (-H2O),102.031695000,RC2_0046_ICR-3_p08
565.062654128,667.094346305,102.031692178,Other,random,erythose (-H2O),102.031695000,RC2_0046_ICR-3_p08
393.046244828,495.077938005,102.031693178,Other,random,erythose (-H2O),102.031695000,RC2_0046_ICR-3_p08
389.064309719,491.096002897,102.031693178,Other,random,erythose (-H2O),102.031695000,RC2_0046_ICR-3_p08
611.161970572,713.193664750,102.031694178,Other,random,erythose (-H2O),102.031695000,RC2_0046_ICR-3_p08
351.108281730,453.139975908,102.031694178,Other,random,erythose (-H2O),102.031695000,RC2_0046_ICR-3_p08
491.168678589,593.200372766,102.031694178,Other,random,erythose (-H2O),102.031695000,RC2_0046_ICR-3_p08
323.126518430,425.158213608,102.031695178,Other,random,erythose (-H2O),102.031695000,RC2_0046_ICR-3_p08
517.220839074,619.252534252,102.031695178,Other,random,erythose (-H2O),102.031695000,RC2_0046_ICR-3_p08
401.087719716,503.119415893,102.031696178,Other,random,erythose (-H2O),102.031695000,RC2_0046_ICR-3_p08
329.066555232,431.098252410,102.031697178,Other,random,erythose (-H2O),102.031695000,RC2_0046_ICR-3_p08
479.147709582,581.179406760,102.031697178,Other,random,erythose (-H2O),102.031695000,RC2_0046_ICR-3_p08
311.141840270,413.173537447,102.031697178,Other,random,erythose (-H2O),102.031695000,RC2_0046_ICR-3_p08
319.168107222,421.199805399,102.031698178,Other,random,erythose (-H2O),102.031695000,RC2_0046_ICR-3_p08
327.144810384,429.176508562,102.031698178,Other,random,erythose (-H2O),102.031695000,RC2_0046_ICR-3_p08
411.056790426,513.088488604,102.031698178,Other,random,erythose (-H2O),102.031695000,RC2_0046_ICR-3_p08
311.162898180,413.194597358,102.031699178,Other,random,erythose (-H2O),102.031695000,RC2_0046_ICR-3_p08
507.041553255,609.073252433,102.031699178,Other,random,erythose (-H2O),102.031695000,RC2_0046_ICR-3_p08
357.155348079,459.187048256,102.031700178,Other,random,erythose (-H2O),102.031695000,RC2_0046_ICR-3_p08
437.137129793,539.168829970,102.031700178,Other,random,erythose (-H2O),102.031695000,RC2_0046_ICR-3_p08
487.246737226,589.278437403,102.031700178,Other,random,erythose (-H2O),102.031695000,RC2_0046_ICR-3_p08
583.203209175,685.234909352,102.031700178,Other,random,erythose (-H2O),102.031695000,RC2_0046_ICR-3_p08
305.139318733,407.171018910,102.031700178,Other,random,erythose (-H2O),102.031695000,RC2_0046_ICR-3_p08
489.189585984,591.221286162,102.031700178,Other,random,erythose (-H2O),102.031695000,RC2_0046_ICR-3_p08
535.145700036,637.177400214,102.031700178,Other,random,erythose (-H2O),102.031695000,RC2_0046_ICR-3_p08
415.051660480,517.083361658,102.031701178,Other,random,erythose (-H2O),102.031695000,RC2_0046_ICR-3_p08
467.184204332,569.215905509,102.031701178,Other,random,erythose (-H2O),102.031695000,RC2_0046_ICR-3_p08
507.078000101,609.109701278,102.031701178,Other,random,erythose (-H2O),102.031695000,RC2_0046_ICR-3_p08
377.124064370,479.155765548,102.031701178,Other,random,erythose (-H2O),102.031695000,RC2_0046_ICR-3_p08
525.140050481,627.171751658,102.031701178,Other,random,erythose (-H2O),102.031695000,RC2_0046_ICR-3_p08
271.110492084,373.142194262,102.031702177,Other,random,erythose (-H2O),102.031695000,RC2_0046_ICR-3_p08
321.025120344,423.056822522,102.031702177,Other,random,erythose (-H2O),102.031695000,RC2_0046_ICR-3_p08
497.130008301,599.161710478,102.031702177,Other,random,erythose (-H2O),102.031695000,RC2_0046_ICR-3_p08
545.093594837,647.125297015,102.031702178,Other,random,erythose (-H2O),102.031695000,RC2_0046_ICR-3_p08
407.171018910,509.202722088,102.031703177,Other,random,erythose (-H2O),102.031695000,RC2_0046_ICR-3_p08
539.213387781,641.245090959,102.031703177,Other,random,erythose (-H2O),102.031695000,RC2_0046_ICR-3_p08
349.105758225,451.137461403,102.031703177,Other,random,erythose (-H2O),102.031695000,RC2_0046_ICR-3_p08
361.129067222,463.160771399,102.031704177,Other,random,erythose (-H2O),102.031695000,RC2_0046_ICR-3_p08
379.152756765,481.184460942,102.031704177,Other,random,erythose (-H2O),102.031695000,RC2_0046_ICR-3_p08
343.045765932,445.077470109,102.031704177,Other,random,erythose (-H2O),102.031695000,RC2_0046_ICR-3_p08
377.014765834,479.046470012,102.031704177,Other,random,erythose (-H2O),102.031695000,RC2_0046_ICR-3_p08
359.071536950,461.103241127,102.031704177,Other,random,erythose (-H2O),102.031695000,RC2_0046_ICR-3_p08
381.168273215,483.199977392,102.031704177,Other,random,erythose (-H2O),102.031695000,RC2_0046_ICR-3_p08
403.152739956,505.184444133,102.031704177,Other,random,erythose (-H2O),102.031695000,RC2_0046_ICR-3_p08
529.184556324,631.252626347,102.068070023,Other,random,C5H10O2,102.068080000,RC2_0046_ICR-3_p08
529.083425753,631.151495776,102.068070023,Other,random,C5H10O2,102.068080000,RC2_0046_ICR-3_p08
323.126518430,425.194589453,102.068071023,Other,random,C5H10O2,102.068080000,RC2_0046_ICR-3_p08
347.040703985,449.108775008,102.068071023,Other,random,C5H10O2,102.068080000,RC2_0046_ICR-3_p08
319.118653432,421.186724455,102.068071023,Other,random,C5H10O2,102.068080000,RC2_0046_ICR-3_p08
325.129161935,427.197233958,102.068072023,Other,random,C5H10O2,102.068080000,RC2_0046_ICR-3_p08
369.131865274,471.199937297,102.068072023,Other,random,C5H10O2,102.068080000,RC2_0046_ICR-3_p08
374.051645404,476.119717427,102.068072023,Other,random,C5H10O2,102.068080000,RC2_0046_ICR-3_p08
405.118864615,507.186936639,102.068072023,Other,random,C5H10O2,102.068080000,RC2_0046_ICR-3_p08
379.066941129,481.135014152,102.068073023,Other,random,C5H10O2,102.068080000,RC2_0046_ICR-3_p08
509.121946430,611.190019453,102.068073023,Other,random,C5H10O2,102.068080000,RC2_0046_ICR-3_p08
513.080374638,615.148447662,102.068073023,Other,random,C5H10O2,102.068080000,RC2_0046_ICR-3_p08
421.126859709,523.194932732,102.068073023,Other,random,C5H10O2,102.068080000,RC2_0046_ICR-3_p08
363.035585134,465.103658158,102.068073023,Other,random,C5H10O2,102.068080000,RC2_0046_ICR-3_p08
337.019969494,439.088043517,102.068074023,Other,random,C5H10O2,102.068080000,RC2_0046_ICR-3_p08
375.048609175,477.116683198,102.068074023,Other,random,C5H10O2,102.068080000,RC2_0046_ICR-3_p08
351.121387675,453.189461698,102.068074023,Other,random,C5H10O2,102.068080000,RC2_0046_ICR-3_p08
567.151534266,669.219608290,102.068074023,Other,random,C5H10O2,102.068080000,RC2_0046_ICR-3_p08
319.204436068,421.272511091,102.068075023,Other,random,C5H10O2,102.068080000,RC2_0046_ICR-3_p08
405.059221868,507.127296892,102.068075023,Other,random,C5H10O2,102.068080000,RC2_0046_ICR-3_p08
427.197233958,529.265309981,102.068076023,Other,random,C5H10O2,102.068080000,RC2_0046_ICR-3_p08
441.176386658,543.244462681,102.068076023,Other,random,C5H10O2,102.068080000,RC2_0046_ICR-3_p08
331.058887781,433.126963804,102.068076023,Other,random,C5H10O2,102.068080000,RC2_0046_ICR-3_p08
319.009424895,421.077501918,102.068077023,Other,random,C5H10O2,102.068080000,RC2_0046_ICR-3_p08
415.051660480,517.119737503,102.068077023,Other,random,C5H10O2,102.068080000,RC2_0046_ICR-3_p08
371.080278008,473.148355032,102.068077023,Other,random,C5H10O2,102.068080000,RC2_0046_ICR-3_p08
490.098952127,592.167029150,102.068077023,Other,random,C5H10O2,102.068080000,RC2_0046_ICR-3_p08
421.142285643,523.210363667,102.068078023,Other,random,C5H10O2,102.068080000,RC2_0046_ICR-3_p08
467.046583916,569.114661939,102.068078023,Other,random,C5H10O2,102.068080000,RC2_0046_ICR-3_p08
377.209883006,479.277962030,102.068079023,Other,random,C5H10O2,102.068080000,RC2_0046_ICR-3_p08
475.137426594,577.205505617,102.068079023,Other,random,C5H10O2,102.068080000,RC2_0046_ICR-3_p08
633.073703622,735.141782645,102.068079023,Other,random,C5H10O2,102.068080000,RC2_0046_ICR-3_p08
363.108305826,465.176385849,102.068080023,Other,random,C5H10O2,102.068080000,RC2_0046_ICR-3_p08
451.015338921,553.083418944,102.068080023,Other,random,C5H10O2,102.068080000,RC2_0046_ICR-3_p08
373.056398626,475.124479649,102.068081023,Other,random,C5H10O2,102.068080000,RC2_0046_ICR-3_p08
470.101770955,572.169851979,102.068081023,Other,random,C5H10O2,102.068080000,RC2_0046_ICR-3_p08
593.151328974,695.219409997,102.068081023,Other,random,C5H10O2,102.068080000,RC2_0046_ICR-3_p08
405.241225096,507.309306120,102.068081023,Other,random,C5H10O2,102.068080000,RC2_0046_ICR-3_p08
561.234137368,663.302219391,102.068082023,Other,random,C5H10O2,102.068080000,RC2_0046_ICR-3_p08
417.046213019,519.114295042,102.068082023,Other,random,C5H10O2,102.068080000,RC2_0046_ICR-3_p08
595.275816962,697.343898985,102.068082023,Other,random,C5H10O2,102.068080000,RC2_0046_ICR-3_p08
361.056363530,463.124446553,102.068083023,Other,random,C5H10O2,102.068080000,RC2_0046_ICR-3_p08
389.137012411,491.205095434,102.068083023,Other,random,C5H10O2,102.068080000,RC2_0046_ICR-3_p08
505.171302189,607.239385212,102.068083023,Other,random,C5H10O2,102.068080000,RC2_0046_ICR-3_p08
465.030959466,567.099043489,102.068084023,Other,random,C5H10O2,102.068080000,RC2_0046_ICR-3_p08
365.051172584,467.119256607,102.068084023,Other,random,C5H10O2,102.068080000,RC2_0046_ICR-3_p08
367.095291913,469.163375936,102.068084023,Other,random,C5H10O2,102.068080000,RC2_0046_ICR-3_p08
515.155850834,617.223935857,102.068085023,Other,random,C5H10O2,102.068080000,RC2_0046_ICR-3_p08
413.160350503,515.228435526,102.068085023,Other,random,C5H10O2,102.068080000,RC2_0046_ICR-3_p08
415.160831017,517.228916040,102.068085023,Other,random,C5H10O2,102.068080000,RC2_0046_ICR-3_p08
583.166824329,685.234909352,102.068085023,Other,random,C5H10O2,102.068080000,RC2_0046_ICR-3_p08
411.238614655,513.306700678,102.068086023,Other,random,C5H10O2,102.068080000,RC2_0046_ICR-3_p08
355.139738629,457.207825652,102.068087023,Other,random,C5H10O2,102.068080000,RC2_0046_ICR-3_p08
379.131647854,481.199734877,102.068087023,Other,random,C5H10O2,102.068080000,RC2_0046_ICR-3_p08
383.134591874,485.202678897,102.068087023,Other,random,C5H10O2,102.068080000,RC2_0046_ICR-3_p08
353.051312488,455.119399511,102.068087023,Other,random,C5H10O2,102.068080000,RC2_0046_ICR-3_p08
385.056301722,487.124388745,102.068087023,Other,random,C5H10O2,102.068080000,RC2_0046_ICR-3_p08
665.172612457,767.240699480,102.068087023,Other,random,C5H10O2,102.068080000,RC2_0046_ICR-3_p08
423.020394676,525.088482700,102.068088023,Other,random,C5H10O2,102.068080000,RC2_0046_ICR-3_p08
465.132110037,567.200199060,102.068089023,Other,random,C5H10O2,102.068080000,RC2_0046_ICR-3_p08
409.105700703,511.173789726,102.068089023,Other,random,C5H10O2,102.068080000,RC2_0046_ICR-3_p08
459.069828753,561.137917776,102.068089023,Other,random,C5H10O2,102.068080000,RC2_0046_ICR-3_p08
357.097827323,459.202283191,102.104455869,Other,random,C6H14O1,102.104465000,RC2_0046_ICR-3_p08
357.082591387,459.187048256,102.104456869,Other,random,C6H14O1,102.104465000,RC2_0046_ICR-3_p08
527.067842303,629.172299172,102.104456869,Other,random,C6H14O1,102.104465000,RC2_0046_ICR-3_p08
459.093144654,561.197601523,102.104456869,Other,random,C6H14O1,102.104465000,RC2_0046_ICR-3_p08
323.162931276,425.267389145,102.104457869,Other,random,C6H14O1,102.104465000,RC2_0046_ICR-3_p08
435.056770618,537.161228486,102.104457869,Other,random,C6H14O1,102.104465000,RC2_0046_ICR-3_p08
329.051278297,431.155737166,102.104458869,Other,random,C6H14O1,102.104465000,RC2_0046_ICR-3_p08
387.035561325,489.140020194,102.104458869,Other,random,C6H14O1,102.104465000,RC2_0046_ICR-3_p08
401.087719716,503.192178585,102.104458869,Other,random,C6H14O1,102.104465000,RC2_0046_ICR-3_p08
405.082477770,507.186936639,102.104458869,Other,random,C6H14O1,102.104465000,RC2_0046_ICR-3_p08
431.098252410,533.202712279,102.104459869,Other,random,C6H14O1,102.104465000,RC2_0046_ICR-3_p08
539.067913398,641.172373267,102.104459869,Other,random,C6H14O1,102.104465000,RC2_0046_ICR-3_p08
345.055820405,447.160280274,102.104459869,Other,random,C6H14O1,102.104465000,RC2_0046_ICR-3_p08
395.126544003,497.231003872,102.104459869,Other,random,C6H14O1,102.104465000,RC2_0046_ICR-3_p08
367.139612725,469.244073594,102.104460869,Other,random,C6H14O1,102.104465000,RC2_0046_ICR-3_p08
315.100302478,417.204763347,102.104460869,Other,random,C6H14O1,102.104465000,RC2_0046_ICR-3_p08
325.129161935,427.233622804,102.104460869,Other,random,C6H14O1,102.104465000,RC2_0046_ICR-3_p08
429.118988806,531.223449675,102.104460869,Other,random,C6H14O1,102.104465000,RC2_0046_ICR-3_p08
451.160809304,553.265270173,102.104460869,Other,random,C6H14O1,102.104465000,RC2_0046_ICR-3_p08
301.129241743,403.233703612,102.104461869,Other,random,C6H14O1,102.104465000,RC2_0046_ICR-3_p08
319.009424895,421.113886764,102.104461869,Other,random,C6H14O1,102.104465000,RC2_0046_ICR-3_p08
395.207334661,497.311796529,102.104461869,Other,random,C6H14O1,102.104465000,RC2_0046_ICR-3_p08
395.098140124,497.202602993,102.104462869,Other,random,C6H14O1,102.104465000,RC2_0046_ICR-3_p08
343.076587801,445.181050670,102.104462869,Other,random,C6H14O1,102.104465000,RC2_0046_ICR-3_p08
409.090338768,511.194801637,102.104462869,Other,random,C6H14O1,102.104465000,RC2_0046_ICR-3_p08
415.139778106,517.244240975,102.104462869,Other,random,C6H14O1,102.104465000,RC2_0046_ICR-3_p08
308.077508269,410.181972137,102.104463869,Other,random,C6H14O1,102.104465000,RC2_0046_ICR-3_p08
305.102952887,407.207416756,102.104463869,Other,random,C6H14O1,102.104465000,RC2_0046_ICR-3_p08
311.077088544,413.181552413,102.104463869,Other,random,C6H14O1,102.104465000,RC2_0046_ICR-3_p08
379.095271009,481.199734877,102.104463869,Other,random,C6H14O1,102.104465000,RC2_0046_ICR-3_p08
415.066872416,517.171336284,102.104463869,Other,random,C6H14O1,102.104465000,RC2_0046_ICR-3_p08
371.025299242,473.129764110,102.104464869,Other,random,C6H14O1,102.104465000,RC2_0046_ICR-3_p08
395.074793223,497.179258092,102.104464869,Other,random,C6H14O1,102.104465000,RC2_0046_ICR-3_p08
379.116250920,481.220715788,102.104464869,Other,random,C6H14O1,102.104465000,RC2_0046_ICR-3_p08
357.074513421,459.178979290,102.104465869,Other,random,C6H14O1,102.104465000,RC2_0046_ICR-3_p08
329.124093988,431.228560857,102.104466869,Other,random,C6H14O1,102.104465000,RC2_0046_ICR-3_p08
373.129183317,475.233650186,102.104466869,Other,random,C6H14O1,102.104465000,RC2_0046_ICR-3_p08
327.121522483,429.225990352,102.104467869,Other,random,C6H14O1,102.104465000,RC2_0046_ICR-3_p08
383.053812216,485.158281085,102.104468869,Other,random,C6H14O1,102.104465000,RC2_0046_ICR-3_p08
457.077532205,559.182001074,102.104468869,Other,random,C6H14O1,102.104465000,RC2_0046_ICR-3_p08
327.072039693,429.176508562,102.104468869,Other,random,C6H14O1,102.104465000,RC2_0046_ICR-3_p08
411.093011273,513.197481142,102.104469869,Other,random,C6H14O1,102.104465000,RC2_0046_ICR-3_p08
381.046223732,483.150693601,102.104469869,Other,random,C6H14O1,102.104465000,RC2_0046_ICR-3_p08
347.162921467,449.267391336,102.104469869,Other,random,C6H14O1,102.104465000,RC2_0046_ICR-3_p08
421.126859709,523.231330578,102.104470869,Other,random,C6H14O1,102.104465000,RC2_0046_ICR-3_p08
415.030496570,517.134968439,102.104471869,Other,random,C6H14O1,102.104465000,RC2_0046_ICR-3_p08
441.113348925,543.217820794,102.104471869,Other,random,C6H14O1,102.104465000,RC2_0046_ICR-3_p08
431.061771565,533.166243433,102.104471869,Other,random,C6H14O1,102.104465000,RC2_0046_ICR-3_p08
477.030979561,579.135451430,102.104471869,Other,random,C6H14O1,102.104465000,RC2_0046_ICR-3_p08
351.157780520,453.262253389,102.104472869,Other,random,C6H14O1,102.104465000,RC2_0046_ICR-3_p08
355.066835938,457.171308807,102.104472869,Other,random,C6H14O1,102.104465000,RC2_0046_ICR-3_p08
461.085503203,563.189976072,102.104472869,Other,random,C6H14O1,102.104465000,RC2_0046_ICR-3_p08
413.136928602,515.241401471,102.104472869,Other,random,C6H14O1,102.104465000,RC2_0046_ICR-3_p08
473.036174507,575.140648376,102.104473869,Other,random,C6H14O1,102.104465000,RC2_0046_ICR-3_p08
343.095198722,445.199672591,102.104473869,Other,random,C6H14O1,102.104465000,RC2_0046_ICR-3_p08
409.163286459,511.267760328,102.104473869,Other,random,C6H14O1,102.104465000,RC2_0046_ICR-3_p08
441.212854503,543.317328372,102.104473869,Other,random,C6H14O1,102.104465000,RC2_0046_ICR-3_p08
595.239425116,697.343898985,102.104473869,Other,random,C6H14O1,102.104465000,RC2_0046_ICR-3_p08
393.082468674,495.186943543,102.104474869,Other,random,C6H14O1,102.104465000,RC2_0046_ICR-3_p08
333.082649196,436.088453241,103.005804045,Other,random,C6H1N1O1,103.005814000,RC2_0046_ICR-3_p08
345.155369983,448.161174028,103.005804045,Other,random,C6H1N1O1,103.005814000,RC2_0046_ICR-3_p08
333.118975042,436.124782087,103.005807045,Other,random,C6H1N1O1,103.005814000,RC2_0046_ICR-3_p08
473.129764110,576.135575156,103.005811045,Other,random,C6H1N1O1,103.005814000,RC2_0046_ICR-3_p08
379.066941129,482.072759174,103.005818045,Other,random,C6H1N1O1,103.005814000,RC2_0046_ICR-3_p08
343.103348688,446.109167733,103.005819045,Other,random,C6H1N1O1,103.005814000,RC2_0046_ICR-3_p08
365.154875144,468.164064175,103.009189031,Other,random,Cysteine,103.009185600,RC2_0046_ICR-3_p08
351.048548984,454.127128720,103.078579737,Other,random,C8H9N1O_1,103.078584000,RC2_0046_ICR-3_p08
289.056461957,392.135046693,103.078584737,Other,random,C8H9N1O_1,103.078584000,RC2_0046_ICR-3_p08
411.238614655,515.228435526,103.989820871,Other,random,C6O2,103.989830000,RC2_0046_ICR-3_p08
337.123528054,441.113348925,103.989820871,Other,random,C6O2,103.989830000,RC2_0046_ICR-3_p08
325.020032398,429.009854269,103.989821871,Other,random,C6O2,103.989830000,RC2_0046_ICR-3_p08
327.035702847,431.025524718,103.989821871,Other,random,C6O2,103.989830000,RC2_0046_ICR-3_p08
339.108406634,443.098228505,103.989821871,Other,random,C6O2,103.989830000,RC2_0046_ICR-3_p08
340.103685412,444.093507283,103.989821871,Other,random,C6O2,103.989830000,RC2_0046_ICR-3_p08
323.199425121,427.189247992,103.989822871,Other,random,C6O2,103.989830000,RC2_0046_ICR-3_p08
431.119390320,535.109213191,103.989822871,Other,random,C6O2,103.989830000,RC2_0046_ICR-3_p08
371.183865569,475.173688440,103.989822871,Other,random,C6O2,103.989830000,RC2_0046_ICR-3_p08
597.182470874,701.172293745,103.989822871,Other,random,C6O2,103.989830000,RC2_0046_ICR-3_p08
381.149691294,485.139515165,103.989823871,Other,random,C6O2,103.989830000,RC2_0046_ICR-3_p08
367.066841034,471.056664905,103.989823871,Other,random,C6O2,103.989830000,RC2_0046_ICR-3_p08
385.077519632,489.067343503,103.989823871,Other,random,C6O2,103.989830000,RC2_0046_ICR-3_p08
425.035929126,529.025752997,103.989823871,Other,random,C6O2,103.989830000,RC2_0046_ICR-3_p08
485.215784841,589.205608712,103.989823871,Other,random,C6O2,103.989830000,RC2_0046_ICR-3_p08
305.079709985,409.069534857,103.989824871,Other,random,C6O2,103.989830000,RC2_0046_ICR-3_p08
339.139191504,443.129016375,103.989824871,Other,random,C6O2,103.989830000,RC2_0046_ICR-3_p08
429.189541507,533.179366378,103.989824871,Other,random,C6O2,103.989830000,RC2_0046_ICR-3_p08
381.241124906,485.230949777,103.989824871,Other,random,C6O2,103.989830000,RC2_0046_ICR-3_p08
351.144815575,455.134640447,103.989824871,Other,random,C6O2,103.989830000,RC2_0046_ICR-3_p08
497.093558455,601.083385326,103.989826871,Other,random,C6O2,103.989830000,RC2_0046_ICR-3_p08
325.129161935,429.118988806,103.989826871,Other,random,C6O2,103.989830000,RC2_0046_ICR-3_p08
427.233622804,531.223449675,103.989826871,Other,random,C6O2,103.989830000,RC2_0046_ICR-3_p08
471.041607969,575.031434840,103.989826871,Other,random,C6O2,103.989830000,RC2_0046_ICR-3_p08
369.168415119,473.158241990,103.989826871,Other,random,C6O2,103.989830000,RC2_0046_ICR-3_p08
338.051708117,442.041535988,103.989827871,Other,random,C6O2,103.989830000,RC2_0046_ICR-3_p08
371.129039802,475.118869673,103.989829871,Other,random,C6O2,103.989830000,RC2_0046_ICR-3_p08
385.163305268,489.153135139,103.989829871,Other,random,C6O2,103.989830000,RC2_0046_ICR-3_p08
501.052197662,605.042027533,103.989829871,Other,random,C6O2,103.989830000,RC2_0046_ICR-3_p08
339.121490579,443.111322450,103.989831871,Other,random,C6O2,103.989830000,RC2_0046_ICR-3_p08
447.259765852,551.249597723,103.989831871,Other,random,C6O2,103.989830000,RC2_0046_ICR-3_p08
501.088435509,605.078268380,103.989832871,Other,random,C6O2,103.989830000,RC2_0046_ICR-3_p08
272.113893828,376.103728699,103.989834871,Other,random,C6O2,103.989830000,RC2_0046_ICR-3_p08
415.233712708,519.223547579,103.989834871,Other,random,C6O2,103.989830000,RC2_0046_ICR-3_p08
325.142186880,429.132022751,103.989835871,Other,random,C6O2,103.989830000,RC2_0046_ICR-3_p08
439.051555672,543.041391543,103.989835871,Other,random,C6O2,103.989830000,RC2_0046_ICR-3_p08
511.109313000,615.099149871,103.989836871,Other,random,C6O2,103.989830000,RC2_0046_ICR-3_p08
352.116773452,456.106610323,103.989836871,Other,random,C6O2,103.989830000,RC2_0046_ICR-3_p08
405.082477770,509.072314641,103.989836871,Other,random,C6O2,103.989830000,RC2_0046_ICR-3_p08
323.113488485,427.103325356,103.989836871,Other,random,C6O2,103.989830000,RC2_0046_ICR-3_p08
349.178634916,453.168471787,103.989836871,Other,random,C6O2,103.989830000,RC2_0046_ICR-3_p08
477.153172043,581.143008914,103.989836871,Other,random,C6O2,103.989830000,RC2_0046_ICR-3_p08
309.097848940,413.087686811,103.989837871,Other,random,C6O2,103.989830000,RC2_0046_ICR-3_p08
319.168107222,423.157945093,103.989837871,Other,random,C6O2,103.989830000,RC2_0046_ICR-3_p08
410.072702601,514.062540472,103.989837871,Other,random,C6O2,103.989830000,RC2_0046_ICR-3_p08
417.249190158,521.239028029,103.989837871,Other,random,C6O2,103.989830000,RC2_0046_ICR-3_p08
489.262142676,593.251981547,103.989838871,Other,random,C6O2,103.989830000,RC2_0046_ICR-3_p08
329.051278297,433.041118168,103.989839871,Other,random,C6O2,103.989830000,RC2_0046_ICR-3_p08
353.196874871,457.207825652,104.010950781,Other,random,C3H4O4,104.010960000,RC2_0046_ICR-3_p08
557.202876469,661.213827250,104.010950781,Other,random,C3H4O4,104.010960000,RC2_0046_ICR-3_p08
363.108305826,467.119256607,104.010950781,Other,random,C3H4O4,104.010960000,RC2_0046_ICR-3_p08
395.171020815,499.181971596,104.010950781,Other,random,C3H4O4,104.010960000,RC2_0046_ICR-3_p08
347.126509621,451.137461403,104.010951781,Other,random,C3H4O4,104.010960000,RC2_0046_ICR-3_p08
371.107917891,475.118869673,104.010951781,Other,random,C3H4O4,104.010960000,RC2_0046_ICR-3_p08
409.041108977,513.052060759,104.010951781,Other,random,C3H4O4,104.010960000,RC2_0046_ICR-3_p08
419.220378796,523.231330578,104.010951781,Other,random,C3H4O4,104.010960000,RC2_0046_ICR-3_p08
327.087299628,431.098252410,104.010952781,Other,random,C3H4O4,104.010960000,RC2_0046_ICR-3_p08
327.217607076,431.228560857,104.010953781,Other,random,C3H4O4,104.010960000,RC2_0046_ICR-3_p08
509.231268966,613.242222748,104.010953781,Other,random,C3H4O4,104.010960000,RC2_0046_ICR-3_p08
373.087147495,477.098102277,104.010954781,Other,random,C3H4O4,104.010960000,RC2_0046_ICR-3_p08
373.092637472,477.103592253,104.010954781,Other,random,C3H4O4,104.010960000,RC2_0046_ICR-3_p08
383.207419565,487.218374346,104.010954781,Other,random,C3H4O4,104.010960000,RC2_0046_ICR-3_p08
395.098140124,499.109094905,104.010954781,Other,random,C3H4O4,104.010960000,RC2_0046_ICR-3_p08
459.106166599,563.117121381,104.010954781,Other,random,C3H4O4,104.010960000,RC2_0046_ICR-3_p08
415.139778106,519.150732888,104.010954781,Other,random,C3H4O4,104.010960000,RC2_0046_ICR-3_p08
303.087286437,407.098242219,104.010955781,Other,random,C3H4O4,104.010960000,RC2_0046_ICR-3_p08
373.069380571,477.080336352,104.010955781,Other,random,C3H4O4,104.010960000,RC2_0046_ICR-3_p08
411.165941963,515.176897745,104.010955781,Other,random,C3H4O4,104.010960000,RC2_0046_ICR-3_p08
353.014920642,457.025877424,104.010956781,Other,random,C3H4O4,104.010960000,RC2_0046_ICR-3_p08
405.131978560,509.142935341,104.010956781,Other,random,C3H4O4,104.010960000,RC2_0046_ICR-3_p08
457.090642149,561.101598930,104.010956781,Other,random,C3H4O4,104.010960000,RC2_0046_ICR-3_p08
353.160351025,457.171308807,104.010957781,Other,random,C3H4O4,104.010960000,RC2_0046_ICR-3_p08
397.186577264,501.197535046,104.010957781,Other,random,C3H4O4,104.010960000,RC2_0046_ICR-3_p08
311.149873236,415.160831017,104.010957781,Other,random,C3H4O4,104.010960000,RC2_0046_ICR-3_p08
383.107904987,487.118863768,104.010958781,Other,random,C3H4O4,104.010960000,RC2_0046_ICR-3_p08
391.152659861,495.163618642,104.010958781,Other,random,C3H4O4,104.010960000,RC2_0046_ICR-3_p08
399.129537022,503.140495804,104.010958781,Other,random,C3H4O4,104.010960000,RC2_0046_ICR-3_p08
413.173537447,517.184496229,104.010958781,Other,random,C3H4O4,104.010960000,RC2_0046_ICR-3_p08
337.056308339,441.067268121,104.010959781,Other,random,C3H4O4,104.010960000,RC2_0046_ICR-3_p08
405.241225096,509.252184878,104.010959781,Other,random,C3H4O4,104.010960000,RC2_0046_ICR-3_p08
299.222743831,403.233703612,104.010959781,Other,random,C3H4O4,104.010960000,RC2_0046_ICR-3_p08
401.087719716,505.098679497,104.010959781,Other,random,C3H4O4,104.010960000,RC2_0046_ICR-3_p08
369.082489483,473.093450265,104.010960781,Other,random,C3H4O4,104.010960000,RC2_0046_ICR-3_p08
431.098252410,535.109213191,104.010960781,Other,random,C3H4O4,104.010960000,RC2_0046_ICR-3_p08
433.150267705,537.161228486,104.010960781,Other,random,C3H4O4,104.010960000,RC2_0046_ICR-3_p08
376.103728699,480.114690480,104.010961781,Other,random,C3H4O4,104.010960000,RC2_0046_ICR-3_p08
431.207465947,535.218427728,104.010961781,Other,random,C3H4O4,104.010960000,RC2_0046_ICR-3_p08
377.014765834,481.025727615,104.010961781,Other,random,C3H4O4,104.010960000,RC2_0046_ICR-3_p08
385.223013014,489.233974796,104.010961781,Other,random,C3H4O4,104.010960000,RC2_0046_ICR-3_p08
329.152296869,433.163258650,104.010961781,Other,random,C3H4O4,104.010960000,RC2_0046_ICR-3_p08
369.074455517,473.085417299,104.010961781,Other,random,C3H4O4,104.010960000,RC2_0046_ICR-3_p08
373.287654645,477.298616426,104.010961781,Other,random,C3H4O4,104.010960000,RC2_0046_ICR-3_p08
475.246620131,579.257582912,104.010962781,Other,random,C3H4O4,104.010960000,RC2_0046_ICR-3_p08
339.108406634,443.119370416,104.010963781,Other,random,C3H4O4,104.010960000,RC2_0046_ICR-3_p08
383.061812182,487.072775964,104.010963781,Other,random,C3H4O4,104.010960000,RC2_0046_ICR-3_p08
507.057036190,611.068000971,104.010964781,Other,random,C3H4O4,104.010960000,RC2_0046_ICR-3_p08
461.108806104,565.119770885,104.010964781,Other,random,C3H4O4,104.010960000,RC2_0046_ICR-3_p08
453.046247306,557.057213087,104.010965781,Other,random,C3H4O4,104.010960000,RC2_0046_ICR-3_p08
427.116393301,531.127359082,104.010965781,Other,random,C3H4O4,104.010960000,RC2_0046_ICR-3_p08
553.171669570,657.182635351,104.010965781,Other,random,C3H4O4,104.010960000,RC2_0046_ICR-3_p08
269.131227480,373.142194262,104.010966781,Other,random,C3H4O4,104.010960000,RC2_0046_ICR-3_p08
355.168012509,459.178979290,104.010966781,Other,random,C3H4O4,104.010960000,RC2_0046_ICR-3_p08
431.134733255,535.145700036,104.010966781,Other,random,C3H4O4,104.010960000,RC2_0046_ICR-3_p08
227.019762119,331.030729900,104.010967781,Other,random,C3H4O4,104.010960000,RC2_0046_ICR-3_p08
339.100354669,443.111322450,104.010967781,Other,random,C3H4O4,104.010960000,RC2_0046_ICR-3_p08
396.064995022,500.075962804,104.010967781,Other,random,C3H4O4,104.010960000,RC2_0046_ICR-3_p08
289.121132682,393.132102464,104.010969781,Other,random,C3H4O4,104.010960000,RC2_0046_ICR-3_p08
319.009424895,423.020394676,104.010969781,Other,random,C3H4O4,104.010960000,RC2_0046_ICR-3_p08
419.183962951,523.194932732,104.010969781,Other,random,C3H4O4,104.010960000,RC2_0046_ICR-3_p08
485.181700986,589.192670767,104.010969781,Other,random,C3H4O4,104.010960000,RC2_0046_ICR-3_p08
353.051312488,457.062282269,104.010969781,Other,random,C3H4O4,104.010960000,RC2_0046_ICR-3_p08
411.085032307,515.096002088,104.010969781,Other,random,C3H4O4,104.010960000,RC2_0046_ICR-3_p08
429.082647960,533.093617741,104.010969781,Other,random,C3H4O4,104.010960000,RC2_0046_ICR-3_p08
527.140525995,631.151495776,104.010969781,Other,random,C3H4O4,104.010960000,RC2_0046_ICR-3_p08
411.121431152,515.132400934,104.010969781,Other,random,C3H4O4,104.010960000,RC2_0046_ICR-3_p08
419.207352851,523.218322633,104.010969781,Other,random,C3H4O4,104.010960000,RC2_0046_ICR-3_p08
305.043327140,409.069534857,104.026207717,Other,random,C7H4O1,104.026215000,RC2_0046_ICR-3_p08
407.147582010,511.173789726,104.026207717,Other,random,C7H4O1,104.026215000,RC2_0046_ICR-3_p08
453.262253389,557.288461106,104.026207717,Other,random,C7H4O1,104.026215000,RC2_0046_ICR-3_p08
272.077519982,376.103728699,104.026208717,Other,random,C7H4O1,104.026215000,RC2_0046_ICR-3_p08
433.163258650,537.189468367,104.026209717,Other,random,C7H4O1,104.026215000,RC2_0046_ICR-3_p08
397.163217364,501.189427080,104.026209717,Other,random,C7H4O1,104.026215000,RC2_0046_ICR-3_p08
373.186690073,477.212899790,104.026209717,Other,random,C7H4O1,104.026215000,RC2_0046_ICR-3_p08
463.015467016,567.041677732,104.026210717,Other,random,C7H4O1,104.026215000,RC2_0046_ICR-3_p08
501.088435509,605.114646225,104.026210717,Other,random,C7H4O1,104.026215000,RC2_0046_ICR-3_p08
553.265270173,657.291482889,104.026212717,Other,random,C7H4O1,104.026215000,RC2_0046_ICR-3_p08
328.067288471,432.093501188,104.026212717,Other,random,C7H4O1,104.026215000,RC2_0046_ICR-3_p08
367.134101748,471.160314465,104.026212717,Other,random,C7H4O1,104.026215000,RC2_0046_ICR-3_p08
405.103641680,509.129854397,104.026212717,Other,random,C7H4O1,104.026215000,RC2_0046_ICR-3_p08
314.124547617,418.150760334,104.026212717,Other,random,C7H4O1,104.026215000,RC2_0046_ICR-3_p08
327.072039693,431.098252410,104.026212717,Other,random,C7H4O1,104.026215000,RC2_0046_ICR-3_p08
423.056822522,527.083035239,104.026212717,Other,random,C7H4O1,104.026215000,RC2_0046_ICR-3_p08
297.074484944,401.100698661,104.026213717,Other,random,C7H4O1,104.026215000,RC2_0046_ICR-3_p08
607.130674673,711.156888390,104.026213717,Other,random,C7H4O1,104.026215000,RC2_0046_ICR-3_p08
645.167342320,749.193556037,104.026213717,Other,random,C7H4O1,104.026215000,RC2_0046_ICR-3_p08
305.116084831,409.142298548,104.026213717,Other,random,C7H4O1,104.026215000,RC2_0046_ICR-3_p08
579.099126584,683.125341301,104.026214717,Other,random,C7H4O1,104.026215000,RC2_0046_ICR-3_p08
357.082591387,461.108806104,104.026214717,Other,random,C7H4O1,104.026215000,RC2_0046_ICR-3_p08
427.197233958,531.223449675,104.026215717,Other,random,C7H4O1,104.026215000,RC2_0046_ICR-3_p08
307.131730281,411.157946997,104.026216717,Other,random,C7H4O1,104.026215000,RC2_0046_ICR-3_p08
363.194225461,467.220442178,104.026216717,Other,random,C7H4O1,104.026215000,RC2_0046_ICR-3_p08
497.252258782,601.278476499,104.026217717,Other,random,C7H4O1,104.026215000,RC2_0046_ICR-3_p08
313.092737994,417.118955711,104.026217717,Other,random,C7H4O1,104.026215000,RC2_0046_ICR-3_p08
425.072427972,529.098645688,104.026217717,Other,random,C7H4O1,104.026215000,RC2_0046_ICR-3_p08
378.046540457,482.072759174,104.026218717,Other,random,C7H4O1,104.026215000,RC2_0046_ICR-3_p08
425.035929126,529.062147843,104.026218717,Other,random,C7H4O1,104.026215000,RC2_0046_ICR-3_p08
457.221020596,561.247239313,104.026218717,Other,random,C7H4O1,104.026215000,RC2_0046_ICR-3_p08
683.183401055,787.209619771,104.026218717,Other,random,C7H4O1,104.026215000,RC2_0046_ICR-3_p08
497.179258092,601.205476808,104.026218717,Other,random,C7H4O1,104.026215000,RC2_0046_ICR-3_p08
311.126596334,415.152816051,104.026219717,Other,random,C7H4O1,104.026215000,RC2_0046_ICR-3_p08
353.051312488,457.077532205,104.026219717,Other,random,C7H4O1,104.026215000,RC2_0046_ICR-3_p08
429.189541507,533.215762223,104.026220717,Other,random,C7H4O1,104.026215000,RC2_0046_ICR-3_p08
415.051660480,519.077881197,104.026220717,Other,random,C7H4O1,104.026215000,RC2_0046_ICR-3_p08
311.004275853,415.030496570,104.026220717,Other,random,C7H4O1,104.026215000,RC2_0046_ICR-3_p08
323.053835738,427.080056455,104.026220717,Other,random,C7H4O1,104.026215000,RC2_0046_ICR-3_p08
395.134553969,499.160774686,104.026220717,Other,random,C7H4O1,104.026215000,RC2_0046_ICR-3_p08
367.189130515,471.215352231,104.026221717,Other,random,C7H4O1,104.026215000,RC2_0046_ICR-3_p08
481.257196634,585.283419350,104.026222717,Other,random,C7H4O1,104.026215000,RC2_0046_ICR-3_p08
371.061836087,475.088059803,104.026223717,Other,random,C7H4O1,104.026215000,RC2_0046_ICR-3_p08
541.192755385,645.218979101,104.026223717,Other,random,C7H4O1,104.026215000,RC2_0046_ICR-3_p08
353.173473970,457.199697686,104.026223717,Other,random,C7H4O1,104.026215000,RC2_0046_ICR-3_p08
317.196852584,421.223077301,104.026224717,Other,random,C7H4O1,104.026215000,RC2_0046_ICR-3_p08
323.090168584,427.116393301,104.026224717,Other,random,C7H4O1,104.026215000,RC2_0046_ICR-3_p08
391.197170672,495.223395388,104.026224717,Other,random,C7H4O1,104.026215000,RC2_0046_ICR-3_p08
313.048325182,417.085774851,104.037449669,Other,random,C6H4N2,104.037448000,RC2_0046_ICR-3_p08
341.233307620,445.280643248,104.047335627,Other,random,C4H8O3,104.047345000,RC2_0046_ICR-3_p08
441.204789537,545.252125165,104.047335627,Other,random,C4H8O3,104.047345000,RC2_0046_ICR-3_p08
623.068494064,727.115830692,104.047336627,Other,random,C4H8O3,104.047345000,RC2_0046_ICR-3_p08
290.066889670,394.114226298,104.047336627,Other,random,C4H8O3,104.047345000,RC2_0046_ICR-3_p08
329.102931078,433.150267705,104.047336627,Other,random,C4H8O3,104.047345000,RC2_0046_ICR-3_p08
313.157426719,417.204763347,104.047336627,Other,random,C4H8O3,104.047345000,RC2_0046_ICR-3_p08
339.072033789,443.119370416,104.047336627,Other,random,C4H8O3,104.047345000,RC2_0046_ICR-3_p08
397.223083110,501.270420737,104.047337627,Other,random,C4H8O3,104.047345000,RC2_0046_ICR-3_p08
329.087757142,433.135094769,104.047337627,Other,random,C4H8O3,104.047345000,RC2_0046_ICR-3_p08
341.152334964,445.199672591,104.047337627,Other,random,C4H8O3,104.047345000,RC2_0046_ICR-3_p08
381.110942458,485.158281085,104.047338627,Other,random,C4H8O3,104.047345000,RC2_0046_ICR-3_p08
403.103167166,507.150505793,104.047338627,Other,random,C4H8O3,104.047345000,RC2_0046_ICR-3_p08
413.100708756,517.148048383,104.047339627,Other,random,C4H8O3,104.047345000,RC2_0046_ICR-3_p08
421.223077301,525.270416928,104.047339627,Other,random,C4H8O3,104.047345000,RC2_0046_ICR-3_p08
421.199805399,525.247145027,104.047339627,Other,random,C4H8O3,104.047345000,RC2_0046_ICR-3_p08
467.184204332,571.231543959,104.047339627,Other,random,C4H8O3,104.047345000,RC2_0046_ICR-3_p08
367.066841034,471.114181661,104.047340627,Other,random,C4H8O3,104.047345000,RC2_0046_ICR-3_p08
465.132110037,569.179450664,104.047340627,Other,random,C4H8O3,104.047345000,RC2_0046_ICR-3_p08
377.160291217,481.207632844,104.047341627,Other,random,C4H8O3,104.047345000,RC2_0046_ICR-3_p08
481.207632844,585.254974471,104.047341627,Other,random,C4H8O3,104.047345000,RC2_0046_ICR-3_p08
423.121403248,527.168744875,104.047341627,Other,random,C4H8O3,104.047345000,RC2_0046_ICR-3_p08
331.009427991,435.056770618,104.047342627,Other,random,C4H8O3,104.047345000,RC2_0046_ICR-3_p08
583.072772728,687.120115355,104.047342627,Other,random,C4H8O3,104.047345000,RC2_0046_ICR-3_p08
689.209246493,793.256589120,104.047342627,Other,random,C4H8O3,104.047345000,RC2_0046_ICR-3_p08
387.056778235,491.104120863,104.047342627,Other,random,C4H8O3,104.047345000,RC2_0046_ICR-3_p08
407.098242219,511.145584846,104.047342627,Other,random,C4H8O3,104.047345000,RC2_0046_ICR-3_p08
429.132022751,533.179366378,104.047343627,Other,random,C4H8O3,104.047345000,RC2_0046_ICR-3_p08
339.035520944,443.082864571,104.047343627,Other,random,C4H8O3,104.047345000,RC2_0046_ICR-3_p08
379.175978666,483.223322293,104.047343627,Other,random,C4H8O3,104.047345000,RC2_0046_ICR-3_p08
405.131978560,509.179322187,104.047343627,Other,random,C4H8O3,104.047345000,RC2_0046_ICR-3_p08
349.214908762,453.262253389,104.047344627,Other,random,C4H8O3,104.047345000,RC2_0046_ICR-3_p08
383.207419565,487.254764192,104.047344627,Other,random,C4H8O3,104.047345000,RC2_0046_ICR-3_p08
413.154812527,517.202157154,104.047344627,Other,random,C4H8O3,104.047345000,RC2_0046_ICR-3_p08
529.207768225,633.255113852,104.047345627,Other,random,C4H8O3,104.047345000,RC2_0046_ICR-3_p08
423.202264905,527.249610532,104.047345627,Other,random,C4H8O3,104.047345000,RC2_0046_ICR-3_p08
325.129161935,429.176508562,104.047346627,Other,random,C4H8O3,104.047345000,RC2_0046_ICR-3_p08
465.103658158,569.151004785,104.047346627,Other,random,C4H8O3,104.047345000,RC2_0046_ICR-3_p08
563.031743743,667.079090370,104.047346627,Other,random,C4H8O3,104.047345000,RC2_0046_ICR-3_p08
323.077059640,427.124406267,104.047346627,Other,random,C4H8O3,104.047345000,RC2_0046_ICR-3_p08
355.131632663,459.178979290,104.047346627,Other,random,C4H8O3,104.047345000,RC2_0046_ICR-3_p08
383.053812216,487.101159843,104.047347627,Other,random,C4H8O3,104.047345000,RC2_0046_ICR-3_p08
377.173368161,481.220715788,104.047347627,Other,random,C4H8O3,104.047345000,RC2_0046_ICR-3_p08
413.072388876,517.119737503,104.047348627,Other,random,C4H8O3,104.047345000,RC2_0046_ICR-3_p08
432.130094033,536.177442660,104.047348627,Other,random,C4H8O3,104.047345000,RC2_0046_ICR-3_p08
561.270440214,665.317788841,104.047348627,Other,random,C4H8O3,104.047345000,RC2_0046_ICR-3_p08
629.151378261,733.198726888,104.047348627,Other,random,C4H8O3,104.047345000,RC2_0046_ICR-3_p08
389.191055182,493.238403809,104.047348627,Other,random,C4H8O3,104.047345000,RC2_0046_ICR-3_p08
289.157489528,393.204839155,104.047349627,Other,random,C4H8O3,104.047345000,RC2_0046_ICR-3_p08
313.084682028,417.132031655,104.047349627,Other,random,C4H8O3,104.047345000,RC2_0046_ICR-3_p08
317.225161464,421.272511091,104.047349627,Other,random,C4H8O3,104.047345000,RC2_0046_ICR-3_p08
529.148213478,633.195563105,104.047349627,Other,random,C4H8O3,104.047345000,RC2_0046_ICR-3_p08
643.203651650,747.251001277,104.047349627,Other,random,C4H8O3,104.047345000,RC2_0046_ICR-3_p08
519.236543524,623.283894151,104.047350627,Other,random,C4H8O3,104.047345000,RC2_0046_ICR-3_p08
333.220002613,437.267353240,104.047350627,Other,random,C4H8O3,104.047345000,RC2_0046_ICR-3_p08
299.186352985,403.233703612,104.047350627,Other,random,C4H8O3,104.047345000,RC2_0046_ICR-3_p08
327.072039693,431.119390320,104.047350627,Other,random,C4H8O3,104.047345000,RC2_0046_ICR-3_p08
583.145808418,687.193160045,104.047351627,Other,random,C4H8O3,104.047345000,RC2_0046_ICR-3_p08
321.134232882,425.181585509,104.047352627,Other,random,C4H8O3,104.047345000,RC2_0046_ICR-3_p08
353.188889904,457.236243531,104.047353627,Other,random,C4H8O3,104.047345000,RC2_0046_ICR-3_p08
441.103666966,545.151020593,104.047353627,Other,random,C4H8O3,104.047345000,RC2_0046_ICR-3_p08
343.076587801,447.123941428,104.047353627,Other,random,C4H8O3,104.047345000,RC2_0046_ICR-3_p08
325.142186880,429.189541507,104.047354627,Other,random,C4H8O3,104.047345000,RC2_0046_ICR-3_p08
323.077059640,427.139650202,104.062590562,Other,random,C8H8,104.062600000,RC2_0046_ICR-3_p08
331.103303592,435.165894155,104.062590562,Other,random,C8H8,104.062600000,RC2_0046_ICR-3_p08
503.140495804,607.203086366,104.062590562,Other,random,C8H8,104.062600000,RC2_0046_ICR-3_p08
354.046584266,458.109174828,104.062590562,Other,random,C8H8,104.062600000,RC2_0046_ICR-3_p08
363.085120924,467.147712487,104.062591562,Other,random,C8H8,104.062600000,RC2_0046_ICR-3_p08
389.072456685,493.135048247,104.062591562,Other,random,C8H8,104.062600000,RC2_0046_ICR-3_p08
397.199659209,501.262250771,104.062591562,Other,random,C8H8,104.062600000,RC2_0046_ICR-3_p08
370.049436381,474.112029944,104.062593562,Other,random,C8H8,104.062600000,RC2_0046_ICR-3_p08
395.147674914,499.210270476,104.062595562,Other,random,C8H8,104.062600000,RC2_0046_ICR-3_p08
311.004275853,415.066872416,104.062596562,Other,random,C8H8,104.062600000,RC2_0046_ICR-3_p08
431.046616629,535.109213191,104.062596562,Other,random,C8H8,104.062600000,RC2_0046_ICR-3_p08
357.118870233,461.181466796,104.062596562,Other,random,C8H8,104.062600000,RC2_0046_ICR-3_p08
409.077438823,513.140035385,104.062596562,Other,random,C8H8,104.062600000,RC2_0046_ICR-3_p08
333.074532230,437.137129793,104.062597562,Other,random,C8H8,104.062600000,RC2_0046_ICR-3_p08
388.052124013,492.114722576,104.062598562,Other,random,C8H8,104.062600000,RC2_0046_ICR-3_p08
373.077404537,477.140004099,104.062599562,Other,random,C8H8,104.062600000,RC2_0046_ICR-3_p08
489.197603950,593.260203512,104.062599562,Other,random,C8H8,104.062600000,RC2_0046_ICR-3_p08
375.085110020,479.147709582,104.062599562,Other,random,C8H8,104.062600000,RC2_0046_ICR-3_p08
461.194548740,565.257149302,104.062600562,Other,random,C8H8,104.062600000,RC2_0046_ICR-3_p08
355.030544092,459.093144654,104.062600562,Other,random,C8H8,104.062600000,RC2_0046_ICR-3_p08
455.119399511,559.182001074,104.062601562,Other,random,C8H8,104.062600000,RC2_0046_ICR-3_p08
351.072037884,455.134640447,104.062602562,Other,random,C8H8,104.062600000,RC2_0046_ICR-3_p08
353.100656279,457.163258841,104.062602562,Other,random,C8H8,104.062600000,RC2_0046_ICR-3_p08
563.031743743,667.094346305,104.062602562,Other,random,C8H8,104.062600000,RC2_0046_ICR-3_p08
395.092647147,499.155251709,104.062604562,Other,random,C8H8,104.062600000,RC2_0046_ICR-3_p08
395.025350432,499.087955995,104.062605562,Other,random,C8H8,104.062600000,RC2_0046_ICR-3_p08
403.051659385,507.114264947,104.062605562,Other,random,C8H8,104.062600000,RC2_0046_ICR-3_p08
399.165705869,503.228312431,104.062606562,Other,random,C8H8,104.062600000,RC2_0046_ICR-3_p08
377.137127315,481.199734877,104.062607562,Other,random,C8H8,104.062600000,RC2_0046_ICR-3_p08
384.057088960,488.119696523,104.062607562,Other,random,C8H8,104.062600000,RC2_0046_ICR-3_p08
347.090198775,451.152806338,104.062607562,Other,random,C8H8,104.062600000,RC2_0046_ICR-3_p08
279.062293352,383.124900915,104.062607562,Other,random,C8H8,104.062600000,RC2_0046_ICR-3_p08
305.160566642,409.223175205,104.062608562,Other,random,C8H8,104.062600000,RC2_0046_ICR-3_p08
368.062239811,472.124848373,104.062608562,Other,random,C8H8,104.062600000,RC2_0046_ICR-3_p08
445.062241174,549.124849736,104.062608562,Other,random,C8H8,104.062600000,RC2_0046_ICR-3_p08
509.129854397,613.192462959,104.062608562,Other,random,C8H8,104.062600000,RC2_0046_ICR-3_p08
343.066959842,448.088417337,105.021457495,Other,random,C6H3N1O1,105.021464000,RC2_0046_ICR-3_p08
363.035585134,468.057042629,105.021457495,Other,random,C6H3N1O1,105.021464000,RC2_0046_ICR-3_p08
331.066992746,436.088453241,105.021460495,Other,random,C6H3N1O1,105.021464000,RC2_0046_ICR-3_p08
327.072039693,432.093501188,105.021461495,Other,random,C6H3N1O1,105.021464000,RC2_0046_ICR-3_p08
361.041140595,466.062605090,105.021464495,Other,random,C6H3N1O1,105.021464000,RC2_0046_ICR-3_p08
343.116412632,448.137882127,105.021469495,Other,random,C6H3N1O1,105.021464000,RC2_0046_ICR-3_p08
413.072388876,518.093862371,105.021473495,Other,random,C6H3N1O1,105.021464000,RC2_0046_ICR-3_p08
339.072033789,444.093507283,105.021473495,Other,random,C6H3N1O1,105.021464000,RC2_0046_ICR-3_p08
377.154835240,482.179671720,105.024836481,Other,random,C3H7N1O1S1,105.024836000,RC2_0046_ICR-3_p08
393.186170234,498.211010715,105.024840480,Other,random,C3H7N1O1S1,105.024836000,RC2_0046_ICR-3_p08
473.230952681,579.257582912,106.026630231,Other,random,C3H6O4,106.026639500,RC2_0046_ICR-3_p08
339.136681514,445.163313745,106.026632231,Other,random,C3H6O4,106.026639500,RC2_0046_ICR-3_p08
359.077025927,465.103658158,106.026632231,Other,random,C3H6O4,106.026639500,RC2_0046_ICR-3_p08
459.215483135,565.242115366,106.026632231,Other,random,C3H6O4,106.026639500,RC2_0046_ICR-3_p08
449.108775008,555.135407239,106.026632231,Other,random,C3H6O4,106.026639500,RC2_0046_ICR-3_p08
621.218999910,727.245632141,106.026632231,Other,random,C3H6O4,106.026639500,RC2_0046_ICR-3_p08
509.093593551,615.120226781,106.026633231,Other,random,C3H6O4,106.026639500,RC2_0046_ICR-3_p08
379.131647854,485.158281085,106.026633231,Other,random,C3H6O4,106.026639500,RC2_0046_ICR-3_p08
421.150163610,527.176796841,106.026633231,Other,random,C3H6O4,106.026639500,RC2_0046_ICR-3_p08
389.014911929,495.041546160,106.026634231,Other,random,C3H6O4,106.026639500,RC2_0046_ICR-3_p08
393.191721211,499.218355442,106.026634231,Other,random,C3H6O4,106.026639500,RC2_0046_ICR-3_p08
371.126536812,477.153172043,106.026635231,Other,random,C3H6O4,106.026639500,RC2_0046_ICR-3_p08
271.110492084,377.137127315,106.026635231,Other,random,C3H6O4,106.026639500,RC2_0046_ICR-3_p08
351.072037884,457.098673115,106.026635231,Other,random,C3H6O4,106.026639500,RC2_0046_ICR-3_p08
415.139778106,521.166413337,106.026635231,Other,random,C3H6O4,106.026639500,RC2_0046_ICR-3_p08
373.092637472,479.119272703,106.026635231,Other,random,C3H6O4,106.026639500,RC2_0046_ICR-3_p08
433.236171341,539.262806572,106.026635231,Other,random,C3H6O4,106.026639500,RC2_0046_ICR-3_p08
557.239250315,663.265885546,106.026635231,Other,random,C3H6O4,106.026639500,RC2_0046_ICR-3_p08
347.004343139,453.030979370,106.026636231,Other,random,C3H6O4,106.026639500,RC2_0046_ICR-3_p08
469.163375936,575.190012167,106.026636231,Other,random,C3H6O4,106.026639500,RC2_0046_ICR-3_p08
427.225704837,533.252343068,106.026638231,Other,random,C3H6O4,106.026639500,RC2_0046_ICR-3_p08
333.220002613,439.246640844,106.026638231,Other,random,C3H6O4,106.026639500,RC2_0046_ICR-3_p08
463.160771399,569.187409630,106.026638231,Other,random,C3H6O4,106.026639500,RC2_0046_ICR-3_p08
553.171669570,659.198307800,106.026638231,Other,random,C3H6O4,106.026639500,RC2_0046_ICR-3_p08
383.090040063,489.116679293,106.026639231,Other,random,C3H6O4,106.026639500,RC2_0046_ICR-3_p08
421.113886764,527.140525995,106.026639231,Other,random,C3H6O4,106.026639500,RC2_0046_ICR-3_p08
465.067396311,571.094035542,106.026639231,Other,random,C3H6O4,106.026639500,RC2_0046_ICR-3_p08
429.059373059,535.086012290,106.026639231,Other,random,C3H6O4,106.026639500,RC2_0046_ICR-3_p08
389.100660565,495.127300796,106.026640231,Other,random,C3H6O4,106.026639500,RC2_0046_ICR-3_p08
477.176568944,583.203209175,106.026640231,Other,random,C3H6O4,106.026639500,RC2_0046_ICR-3_p08
397.223083110,503.249723340,106.026640231,Other,random,C3H6O4,106.026639500,RC2_0046_ICR-3_p08
387.035561325,493.062202556,106.026641231,Other,random,C3H6O4,106.026639500,RC2_0046_ICR-3_p08
451.116494492,557.143136722,106.026642231,Other,random,C3H6O4,106.026639500,RC2_0046_ICR-3_p08
615.099149871,721.125792102,106.026642231,Other,random,C3H6O4,106.026639500,RC2_0046_ICR-3_p08
345.110818172,451.137461403,106.026643231,Other,random,C3H6O4,106.026639500,RC2_0046_ICR-3_p08
353.152336059,459.178979290,106.026643231,Other,random,C3H6O4,106.026639500,RC2_0046_ICR-3_p08
405.204660251,511.231304482,106.026644231,Other,random,C3H6O4,106.026639500,RC2_0046_ICR-3_p08
471.215352231,577.241996462,106.026644231,Other,random,C3H6O4,106.026639500,RC2_0046_ICR-3_p08
357.128608192,463.155252423,106.026644231,Other,random,C3H6O4,106.026639500,RC2_0046_ICR-3_p08
399.035559421,505.062203652,106.026644231,Other,random,C3H6O4,106.026639500,RC2_0046_ICR-3_p08
443.207521042,549.234166273,106.026645231,Other,random,C3H6O4,106.026639500,RC2_0046_ICR-3_p08
489.249171731,595.275816962,106.026645231,Other,random,C3H6O4,106.026639500,RC2_0046_ICR-3_p08
397.113849573,503.140495804,106.026646231,Other,random,C3H6O4,106.026639500,RC2_0046_ICR-3_p08
367.168067604,473.194713835,106.026646231,Other,random,C3H6O4,106.026639500,RC2_0046_ICR-3_p08
392.062148003,498.088794233,106.026646231,Other,random,C3H6O4,106.026639500,RC2_0046_ICR-3_p08
427.152719147,533.179366378,106.026647231,Other,random,C3H6O4,106.026639500,RC2_0046_ICR-3_p08
489.031053657,595.057701887,106.026648231,Other,random,C3H6O4,106.026639500,RC2_0046_ICR-3_p08
451.051581767,557.078229998,106.026648231,Other,random,C3H6O4,106.026639500,RC2_0046_ICR-3_p08
551.046969583,657.073617813,106.026648231,Other,random,C3H6O4,106.026639500,RC2_0046_ICR-3_p08
383.098106028,489.124755259,106.026649231,Other,random,C3H6O4,106.026639500,RC2_0046_ICR-3_p08
411.194189844,517.220839074,106.026649231,Other,random,C3H6O4,106.026639500,RC2_0046_ICR-3_p08
415.030496570,521.057145801,106.026649231,Other,random,C3H6O4,106.026639500,RC2_0046_ICR-3_p08
471.251820077,577.278469308,106.026649231,Other,random,C3H6O4,106.026639500,RC2_0046_ICR-3_p08
383.061812182,489.088461413,106.026649231,Other,random,C3H6O4,106.026639500,RC2_0046_ICR-3_p08
461.085503203,567.114782422,106.029279220,Other,random,C6H4O1N1,106.029289000,RC2_0046_ICR-3_p08
479.168784493,585.198065712,106.029281220,Other,random,C6H4O1N1,106.029289000,RC2_0046_ICR-3_p08
513.246811932,619.276094152,106.029282220,Other,random,C6H4O1N1,106.029289000,RC2_0046_ICR-3_p08
475.064622903,581.093905122,106.029282220,Other,random,C6H4O1N1,106.029289000,RC2_0046_ICR-3_p08
489.044083601,595.073370821,106.029287220,Other,random,C6H4O1N1,106.029289000,RC2_0046_ICR-3_p08
475.173688440,581.202977660,106.029289220,Other,random,C6H4O1N1,106.029289000,RC2_0046_ICR-3_p08
579.148297376,685.177591595,106.029294220,Other,random,C6H4O1N1,106.029289000,RC2_0046_ICR-3_p08
285.207146286,392.211252370,107.004106084,Other,random,C2H5O2N1S1,107.004101000,RC2_0046_ICR-3_p08
281.103072695,388.116682739,107.013610044,Other,random,C2H6N1O2P1,107.013617000,RC2_0046_ICR-3_p08
343.176151379,450.189769423,107.013618044,Other,random,C2H6N1O2P1,107.013617000,RC2_0046_ICR-3_p08
259.155084800,366.168702844,107.013618044,Other,random,C2H6N1O2P1,107.013617000,RC2_0046_ICR-3_p08
287.150015044,394.163636088,107.013621044,Other,random,C2H6N1O2P1,107.013617000,RC2_0046_ICR-3_p08
331.176140283,438.189762327,107.013622044,Other,random,C2H6N1O2P1,107.013617000,RC2_0046_ICR-3_p08
389.145163376,496.158786420,107.013623044,Other,random,C2H6N1O2P1,107.013617000,RC2_0046_ICR-3_p08
337.019969494,444.057074438,107.037104944,Other,random,C6H5N1O1,107.037114000,RC2_0046_ICR-3_p08
283.009498608,390.046606553,107.037107944,Other,random,C6H5N1O1,107.037114000,RC2_0046_ICR-3_p08
359.025494145,466.062605090,107.037110944,Other,random,C6H5N1O1,107.037114000,RC2_0046_ICR-3_p08
353.087620334,460.124737278,107.037116944,Other,random,C6H5N1O1,107.037114000,RC2_0046_ICR-3_p08
469.098457211,576.135575156,107.037117944,Other,random,C6H5N1O1,107.037114000,RC2_0046_ICR-3_p08
355.066835938,462.103958882,107.037122944,Other,random,C6H5N1O1,107.037114000,RC2_0046_ICR-3_p08
321.038195289,428.111685079,107.073489790,Other,random,C7H9N1,107.073499000,RC2_0046_ICR-3_p08
289.092852802,396.166347592,107.073494790,Other,random,C7H9N1,107.073499000,RC2_0046_ICR-3_p08
311.040790698,418.114285488,107.073494790,Other,random,C7H9N1,107.073499000,RC2_0046_ICR-3_p08
395.025350432,502.098851222,107.073500790,Other,random,C7H9N1,107.073499000,RC2_0046_ICR-3_p08
329.051278297,436.124782087,107.073503790,Other,random,C7H9N1,107.073499000,RC2_0046_ICR-3_p08
351.035667038,458.109174828,107.073507790,Other,random,C7H9N1,107.073499000,RC2_0046_ICR-3_p08
533.275530970,641.236768994,107.961238024,Other,random,C1H1O4P1,107.961248000,RC2_0046_ICR-3_p08
299.149973140,407.111211164,107.961238024,Other,random,C1H1O4P1,107.961248000,RC2_0046_ICR-3_p08
291.160217032,399.121456057,107.961239024,Other,random,C1H1O4P1,107.961248000,RC2_0046_ICR-3_p08
311.149873236,419.111114260,107.961241024,Other,random,C1H1O4P1,107.961248000,RC2_0046_ICR-3_p08
377.124064370,485.085307395,107.961243024,Other,random,C1H1O4P1,107.961248000,RC2_0046_ICR-3_p08
413.290823950,521.252067974,107.961244024,Other,random,C1H1O4P1,107.961248000,RC2_0046_ICR-3_p08
279.087396246,387.048641270,107.961245024,Other,random,C1H1O4P1,107.961248000,RC2_0046_ICR-3_p08
227.128981655,335.090226680,107.961245024,Other,random,C1H1O4P1,107.961248000,RC2_0046_ICR-3_p08
297.097976844,405.059221868,107.961245024,Other,random,C1H1O4P1,107.961248000,RC2_0046_ICR-3_p08
359.171080528,467.132325552,107.961245024,Other,random,C1H1O4P1,107.961248000,RC2_0046_ICR-3_p08
355.248837166,463.210085190,107.961248024,Other,random,C1H1O4P1,107.961248000,RC2_0046_ICR-3_p08
483.296181984,591.257430008,107.961248024,Other,random,C1H1O4P1,107.961248000,RC2_0046_ICR-3_p08
255.160194746,363.121444770,107.961250024,Other,random,C1H1O4P1,107.961248000,RC2_0046_ICR-3_p08
269.103117600,377.064367624,107.961250024,Other,random,C1H1O4P1,107.961248000,RC2_0046_ICR-3_p08
257.175886195,365.137137219,107.961251024,Other,random,C1H1O4P1,107.961248000,RC2_0046_ICR-3_p08
485.275366588,593.236617612,107.961251024,Other,random,C1H1O4P1,107.961248000,RC2_0046_ICR-3_p08
239.128947751,347.090198775,107.961251024,Other,random,C1H1O4P1,107.961248000,RC2_0046_ICR-3_p08
225.113277206,333.074532230,107.961255024,Other,random,C1H1O4P1,107.961248000,RC2_0046_ICR-3_p08
301.202030435,409.163286459,107.961256024,Other,random,C1H1O4P1,107.961248000,RC2_0046_ICR-3_p08
391.212704606,499.173960630,107.961256024,Other,random,C1H1O4P1,107.961248000,RC2_0046_ICR-3_p08
471.187040352,579.148297376,107.961257024,Other,random,C1H1O4P1,107.961248000,RC2_0046_ICR-3_p08
237.113281302,345.074538326,107.961257024,Other,random,C1H1O4P1,107.961248000,RC2_0046_ICR-3_p08
355.103296783,463.064553808,107.961257024,Other,random,C1H1O4P1,107.961248000,RC2_0046_ICR-3_p08
367.103365879,475.064622903,107.961257024,Other,random,C1H1O4P1,107.961248000,RC2_0046_ICR-3_p08
375.144839766,483.106096790,107.961257024,Other,random,C1H1O4P1,107.961248000,RC2_0046_ICR-3_p08
419.147624105,527.168744875,108.021120770,Other,random,C6H4O2,108.021130000,RC2_0046_ICR-3_p08
391.043667323,499.064788093,108.021120770,Other,random,C6H4O2,108.021130000,RC2_0046_ICR-3_p08
331.095193627,439.116315397,108.021121770,Other,random,C6H4O2,108.021130000,RC2_0046_ICR-3_p08
379.066941129,487.088062899,108.021121770,Other,random,C6H4O2,108.021130000,RC2_0046_ICR-3_p08
381.149691294,489.170813064,108.021121770,Other,random,C6H4O2,108.021130000,RC2_0046_ICR-3_p08
435.123825333,543.144947103,108.021121770,Other,random,C6H4O2,108.021130000,RC2_0046_ICR-3_p08
409.144710538,517.165832308,108.021121770,Other,random,C6H4O2,108.021130000,RC2_0046_ICR-3_p08
337.159927900,445.181050670,108.021122770,Other,random,C6H4O2,108.021130000,RC2_0046_ICR-3_p08
373.113891382,481.135014152,108.021122770,Other,random,C6H4O2,108.021130000,RC2_0046_ICR-3_p08
407.171018910,515.192141680,108.021122770,Other,random,C6H4O2,108.021130000,RC2_0046_ICR-3_p08
573.146357836,681.167480606,108.021122770,Other,random,C6H4O2,108.021130000,RC2_0046_ICR-3_p08
459.077919719,567.099043489,108.021123770,Other,random,C6H4O2,108.021130000,RC2_0046_ICR-3_p08
553.192703480,661.213827250,108.021123770,Other,random,C6H4O2,108.021130000,RC2_0046_ICR-3_p08
509.288471724,617.309595494,108.021123770,Other,random,C6H4O2,108.021130000,RC2_0046_ICR-3_p08
359.126588716,467.147712487,108.021123770,Other,random,C6H4O2,108.021130000,RC2_0046_ICR-3_p08
345.025123535,453.046247306,108.021123770,Other,random,C6H4O2,108.021130000,RC2_0046_ICR-3_p08
451.283161785,559.304286555,108.021124770,Other,random,C6H4O2,108.021130000,RC2_0046_ICR-3_p08
335.077103735,443.098228505,108.021124770,Other,random,C6H4O2,108.021130000,RC2_0046_ICR-3_p08
350.051620213,458.072744983,108.021124770,Other,random,C6H4O2,108.021130000,RC2_0046_ICR-3_p08
397.199659209,505.220783979,108.021124770,Other,random,C6H4O2,108.021130000,RC2_0046_ICR-3_p08
333.191728733,441.212854503,108.021125770,Other,random,C6H4O2,108.021130000,RC2_0046_ICR-3_p08
371.162860658,479.183986428,108.021125770,Other,random,C6H4O2,108.021130000,RC2_0046_ICR-3_p08
461.093536169,569.114661939,108.021125770,Other,random,C6H4O2,108.021130000,RC2_0046_ICR-3_p08
329.064250242,437.085376012,108.021125770,Other,random,C6H4O2,108.021130000,RC2_0046_ICR-3_p08
338.088041963,446.109167733,108.021125770,Other,random,C6H4O2,108.021130000,RC2_0046_ICR-3_p08
343.079748788,451.100874558,108.021125770,Other,random,C6H4O2,108.021130000,RC2_0046_ICR-3_p08
311.004275853,419.025402623,108.021126770,Other,random,C6H4O2,108.021130000,RC2_0046_ICR-3_p08
353.196874871,461.218001641,108.021126770,Other,random,C6H4O2,108.021130000,RC2_0046_ICR-3_p08
401.108727627,509.129854397,108.021126770,Other,random,C6H4O2,108.021130000,RC2_0046_ICR-3_p08
425.181585509,533.202712279,108.021126770,Other,random,C6H4O2,108.021130000,RC2_0046_ICR-3_p08
363.194225461,471.215352231,108.021126770,Other,random,C6H4O2,108.021130000,RC2_0046_ICR-3_p08
393.046244828,501.067371598,108.021126770,Other,random,C6H4O2,108.021130000,RC2_0046_ICR-3_p08
407.098242219,515.119369989,108.021127770,Other,random,C6H4O2,108.021130000,RC2_0046_ICR-3_p08
351.181154421,459.202283191,108.021128770,Other,random,C6H4O2,108.021130000,RC2_0046_ICR-3_p08
383.170807720,491.191936490,108.021128770,Other,random,C6H4O2,108.021130000,RC2_0046_ICR-3_p08
455.082903666,563.104032436,108.021128770,Other,random,C6H4O2,108.021130000,RC2_0046_ICR-3_p08
433.144729729,541.165859499,108.021129770,Other,random,C6H4O2,108.021130000,RC2_0046_ICR-3_p08
497.130008301,605.151138071,108.021129770,Other,random,C6H4O2,108.021130000,RC2_0046_ICR-3_p08
340.140044258,448.161174028,108.021129770,Other,random,C6H4O2,108.021130000,RC2_0046_ICR-3_p08
405.113300639,513.134430409,108.021129770,Other,random,C6H4O2,108.021130000,RC2_0046_ICR-3_p08
431.111326354,539.132456124,108.021129770,Other,random,C6H4O2,108.021130000,RC2_0046_ICR-3_p08
365.100578375,473.121709145,108.021130770,Other,random,C6H4O2,108.021130000,RC2_0046_ICR-3_p08
437.230994394,545.252125165,108.021130770,Other,random,C6H4O2,108.021130000,RC2_0046_ICR-3_p08
459.106166599,567.127297369,108.021130770,Other,random,C6H4O2,108.021130000,RC2_0046_ICR-3_p08
397.150171419,505.171302189,108.021130770,Other,random,C6H4O2,108.021130000,RC2_0046_ICR-3_p08
583.166824329,691.187955099,108.021130770,Other,random,C6H4O2,108.021130000,RC2_0046_ICR-3_p08
321.061516190,429.082647960,108.021131770,Other,random,C6H4O2,108.021130000,RC2_0046_ICR-3_p08
357.131919178,465.153050948,108.021131770,Other,random,C6H4O2,108.021130000,RC2_0046_ICR-3_p08
383.134591874,491.155723644,108.021131770,Other,random,C6H4O2,108.021130000,RC2_0046_ICR-3_p08
301.121166778,409.142298548,108.021131770,Other,random,C6H4O2,108.021130000,RC2_0046_ICR-3_p08
425.145111663,533.166243433,108.021131770,Other,random,C6H4O2,108.021130000,RC2_0046_ICR-3_p08
345.147339017,453.168471787,108.021132770,Other,random,C6H4O2,108.021130000,RC2_0046_ICR-3_p08
379.043586228,487.064718998,108.021132770,Other,random,C6H4O2,108.021130000,RC2_0046_ICR-3_p08
383.183962664,491.205095434,108.021132770,Other,random,C6H4O2,108.021130000,RC2_0046_ICR-3_p08
405.168317406,513.189450176,108.021132770,Other,random,C6H4O2,108.021130000,RC2_0046_ICR-3_p08
387.121381961,495.142515732,108.021133770,Other,random,C6H4O2,108.021130000,RC2_0046_ICR-3_p08
389.035922840,497.057056610,108.021133770,Other,random,C6H4O2,108.021130000,RC2_0046_ICR-3_p08
453.176467753,561.197601523,108.021133770,Other,random,C6H4O2,108.021130000,RC2_0046_ICR-3_p08
371.147649723,479.168784493,108.021134770,Other,random,C6H4O2,108.021130000,RC2_0046_ICR-3_p08
303.136812227,411.157946997,108.021134770,Other,random,C6H4O2,108.021130000,RC2_0046_ICR-3_p08
465.212909694,573.234045464,108.021135770,Other,random,C6H4O2,108.021130000,RC2_0046_ICR-3_p08
345.110818172,453.131953942,108.021135770,Other,random,C6H4O2,108.021130000,RC2_0046_ICR-3_p08
473.194713835,581.215850605,108.021136770,Other,random,C6H4O2,108.021130000,RC2_0046_ICR-3_p08
463.246582035,571.267718805,108.021136770,Other,random,C6H4O2,108.021130000,RC2_0046_ICR-3_p08
427.088076421,535.109213191,108.021136770,Other,random,C6H4O2,108.021130000,RC2_0046_ICR-3_p08
310.093147718,418.114285488,108.021137770,Other,random,C6H4O2,108.021130000,RC2_0046_ICR-3_p08
349.105758225,457.126895995,108.021137770,Other,random,C6H4O2,108.021130000,RC2_0046_ICR-3_p08
355.134114653,463.155252423,108.021137770,Other,random,C6H4O2,108.021130000,RC2_0046_ICR-3_p08
333.074532230,441.095670000,108.021137770,Other,random,C6H4O2,108.021130000,RC2_0046_ICR-3_p08
427.051574576,535.072712346,108.021137770,Other,random,C6H4O2,108.021130000,RC2_0046_ICR-3_p08
347.107888700,455.129027470,108.021138770,Other,random,C6H4O2,108.021130000,RC2_0046_ICR-3_p08
349.056393435,457.077532205,108.021138770,Other,random,C6H4O2,108.021130000,RC2_0046_ICR-3_p08
401.173563352,509.194702122,108.021138770,Other,random,C6H4O2,108.021130000,RC2_0046_ICR-3_p08
351.102776754,459.123916524,108.021139770,Other,random,C6H4O2,108.021130000,RC2_0046_ICR-3_p08
377.100588470,485.121728240,108.021139770,Other,random,C6H4O2,108.021130000,RC2_0046_ICR-3_p08
407.256874546,515.278014316,108.021139770,Other,random,C6H4O2,108.021130000,RC2_0046_ICR-3_p08
463.015467016,571.036606786,108.021139770,Other,random,C6H4O2,108.021130000,RC2_0046_ICR-3_p08
356.062150716,464.083290486,108.021139770,Other,random,C6H4O2,108.021130000,RC2_0046_ICR-3_p08
415.030496570,523.072780250,108.042283680,Other,random,C3H8O4,108.042293200,RC2_0046_ICR-3_p08
485.230949777,593.273235457,108.042285680,Other,random,C3H8O4,108.042293200,RC2_0046_ICR-3_p08
361.129067222,469.171353902,108.042286680,Other,random,C3H8O4,108.042293200,RC2_0046_ICR-3_p08
385.178471203,493.220757884,108.042286680,Other,random,C3H8O4,108.042293200,RC2_0046_ICR-3_p08
403.189017802,511.231304482,108.042286680,Other,random,C3H8O4,108.042293200,RC2_0046_ICR-3_p08
363.194225461,471.236513142,108.042287680,Other,random,C3H8O4,108.042293200,RC2_0046_ICR-3_p08
369.025093727,477.067382407,108.042288680,Other,random,C3H8O4,108.042293200,RC2_0046_ICR-3_p08
457.186738741,565.229027422,108.042288680,Other,random,C3H8O4,108.042293200,RC2_0046_ICR-3_p08
557.093540933,665.135833613,108.042292680,Other,random,C3H8O4,108.042293200,RC2_0046_ICR-3_p08
331.045749836,439.088043517,108.042293680,Other,random,C3H8O4,108.042293200,RC2_0046_ICR-3_p08
393.082468674,501.124762355,108.042293680,Other,random,C3H8O4,108.042293200,RC2_0046_ICR-3_p08
409.113701669,517.155996349,108.042294680,Other,random,C3H8O4,108.042293200,RC2_0046_ICR-3_p08
373.214900953,481.257196634,108.042295680,Other,random,C3H8O4,108.042293200,RC2_0046_ICR-3_p08
559.218397919,667.260693599,108.042295680,Other,random,C3H8O4,108.042293200,RC2_0046_ICR-3_p08
491.082886953,599.125182633,108.042295680,Other,random,C3H8O4,108.042293200,RC2_0046_ICR-3_p08
343.082106778,451.124403458,108.042296680,Other,random,C3H8O4,108.042293200,RC2_0046_ICR-3_p08
317.139288828,425.181585509,108.042296680,Other,random,C3H8O4,108.042293200,RC2_0046_ICR-3_p08
469.236171627,577.278469308,108.042297680,Other,random,C3H8O4,108.042293200,RC2_0046_ICR-3_p08
435.056770618,543.099068298,108.042297680,Other,random,C3H8O4,108.042293200,RC2_0046_ICR-3_p08
409.077438823,517.119737503,108.042298680,Other,random,C3H8O4,108.042293200,RC2_0046_ICR-3_p08
455.111370545,563.153670226,108.042299680,Other,random,C3H8O4,108.042293200,RC2_0046_ICR-3_p08
467.147712487,575.190012167,108.042299680,Other,random,C3H8O4,108.042293200,RC2_0046_ICR-3_p08
387.084999116,495.127300796,108.042301680,Other,random,C3H8O4,108.042293200,RC2_0046_ICR-3_p08
457.163258841,565.205560521,108.042301680,Other,random,C3H8O4,108.042293200,RC2_0046_ICR-3_p08
351.230545212,459.272847892,108.042302680,Other,random,C3H8O4,108.042293200,RC2_0046_ICR-3_p08
355.058749972,463.101052653,108.042302680,Other,random,C3H8O4,108.042293200,RC2_0046_ICR-3_p08
447.129500405,555.171803085,108.042302680,Other,random,C3H8O4,108.042293200,RC2_0046_ICR-3_p08
577.083616134,685.141121750,108.057505616,Other,random,C7H8O1,108.057515000,RC2_0046_ICR-3_p08
611.234798263,719.292303879,108.057505616,Other,random,C7H8O1,108.057515000,RC2_0046_ICR-3_p08
363.085120924,471.142626540,108.057505616,Other,random,C7H8O1,108.057515000,RC2_0046_ICR-3_p08
431.119390320,539.176895936,108.057505616,Other,random,C7H8O1,108.057515000,RC2_0046_ICR-3_p08
373.105781416,481.163287032,108.057505616,Other,random,C7H8O1,108.057515000,RC2_0046_ICR-3_p08
485.158281085,593.215786701,108.057505616,Other,random,C7H8O1,108.057515000,RC2_0046_ICR-3_p08
449.230954490,557.288461106,108.057506616,Other,random,C7H8O1,108.057515000,RC2_0046_ICR-3_p08
375.093185986,483.150693601,108.057507616,Other,random,C7H8O1,108.057515000,RC2_0046_ICR-3_p08
403.116282110,511.173789726,108.057507616,Other,random,C7H8O1,108.057515000,RC2_0046_ICR-3_p08
669.167399511,777.224907127,108.057507616,Other,random,C7H8O1,108.057515000,RC2_0046_ICR-3_p08
523.231330578,631.288839193,108.057508616,Other,random,C7H8O1,108.057515000,RC2_0046_ICR-3_p08
321.111003980,429.168512596,108.057508616,Other,random,C7H8O1,108.057515000,RC2_0046_ICR-3_p08
373.041077691,481.098586306,108.057508616,Other,random,C7H8O1,108.057515000,RC2_0046_ICR-3_p08
365.014899738,473.072409354,108.057509616,Other,random,C7H8O1,108.057515000,RC2_0046_ICR-3_p08
515.168918779,623.226428395,108.057509616,Other,random,C7H8O1,108.057515000,RC2_0046_ICR-3_p08
417.103659775,525.161170391,108.057510616,Other,random,C7H8O1,108.057515000,RC2_0046_ICR-3_p08
459.041531873,567.099043489,108.057511616,Other,random,C7H8O1,108.057515000,RC2_0046_ICR-3_p08
431.061771565,539.119284180,108.057512616,Other,random,C7H8O1,108.057515000,RC2_0046_ICR-3_p08
365.051172584,473.108686200,108.057513616,Other,random,C7H8O1,108.057515000,RC2_0046_ICR-3_p08
369.082489483,477.140004099,108.057514616,Other,random,C7H8O1,108.057515000,RC2_0046_ICR-3_p08
457.098673115,565.156187731,108.057514616,Other,random,C7H8O1,108.057515000,RC2_0046_ICR-3_p08
431.046616629,539.104131245,108.057514616,Other,random,C7H8O1,108.057515000,RC2_0046_ICR-3_p08
509.057227705,617.114742321,108.057514616,Other,random,C7H8O1,108.057515000,RC2_0046_ICR-3_p08
357.118870233,465.176385849,108.057515616,Other,random,C7H8O1,108.057515000,RC2_0046_ICR-3_p08
479.168784493,587.226300108,108.057515616,Other,random,C7H8O1,108.057515000,RC2_0046_ICR-3_p08
387.084999116,495.142515732,108.057516616,Other,random,C7H8O1,108.057515000,RC2_0046_ICR-3_p08
367.176132570,475.233650186,108.057517616,Other,random,C7H8O1,108.057515000,RC2_0046_ICR-3_p08
353.209782816,461.267301432,108.057518616,Other,random,C7H8O1,108.057515000,RC2_0046_ICR-3_p08
471.041607969,579.099126584,108.057518616,Other,random,C7H8O1,108.057515000,RC2_0046_ICR-3_p08
657.167904413,765.225423029,108.057518616,Other,random,C7H8O1,108.057515000,RC2_0046_ICR-3_p08
455.119399511,563.176918127,108.057518616,Other,random,C7H8O1,108.057515000,RC2_0046_ICR-3_p08
529.119881598,637.177400214,108.057518616,Other,random,C7H8O1,108.057515000,RC2_0046_ICR-3_p08
383.111158973,491.168678589,108.057519616,Other,random,C7H8O1,108.057515000,RC2_0046_ICR-3_p08
499.145566750,607.203086366,108.057519616,Other,random,C7H8O1,108.057515000,RC2_0046_ICR-3_p08
356.062150716,464.119670332,108.057519616,Other,random,C7H8O1,108.057515000,RC2_0046_ICR-3_p08
399.092986177,507.150505793,108.057519616,Other,random,C7H8O1,108.057515000,RC2_0046_ICR-3_p08
401.100698661,509.158218276,108.057519616,Other,random,C7H8O1,108.057515000,RC2_0046_ICR-3_p08
429.189541507,537.247062122,108.057520616,Other,random,C7H8O1,108.057515000,RC2_0046_ICR-3_p08
363.157831616,471.215352231,108.057520616,Other,random,C7H8O1,108.057515000,RC2_0046_ICR-3_p08
497.130008301,605.187528916,108.057520616,Other,random,C7H8O1,108.057515000,RC2_0046_ICR-3_p08
397.180938288,505.238459904,108.057521616,Other,random,C7H8O1,108.057515000,RC2_0046_ICR-3_p08
419.061807469,527.119329085,108.057521616,Other,random,C7H8O1,108.057515000,RC2_0046_ICR-3_p08
435.165894155,543.223415770,108.057521616,Other,random,C7H8O1,108.057515000,RC2_0046_ICR-3_p08
419.147624105,527.205146721,108.057522616,Other,random,C7H8O1,108.057515000,RC2_0046_ICR-3_p08
355.189059420,463.246582035,108.057522616,Other,random,C7H8O1,108.057515000,RC2_0046_ICR-3_p08
337.123528054,445.181050670,108.057522616,Other,random,C7H8O1,108.057515000,RC2_0046_ICR-3_p08
375.085110020,483.142633635,108.057523616,Other,random,C7H8O1,108.057515000,RC2_0046_ICR-3_p08
379.079953073,487.137476689,108.057523616,Other,random,C7H8O1,108.057515000,RC2_0046_ICR-3_p08
597.219042719,705.276566335,108.057523616,Other,random,C7H8O1,108.057515000,RC2_0046_ICR-3_p08
335.053797834,443.111322450,108.057524616,Other,random,C7H8O1,108.057515000,RC2_0046_ICR-3_p08
261.053445747,369.110970362,108.057524616,Other,random,C7H8O1,108.057515000,RC2_0046_ICR-3_p08
379.134110844,487.191635459,108.057524616,Other,random,C7H8O1,108.057515000,RC2_0046_ICR-3_p08
500.112280650,608.169805265,108.057524616,Other,random,C7H8O1,108.057515000,RC2_0046_ICR-3_p08
485.202678897,593.260203512,108.057524616,Other,random,C7H8O1,108.057515000,RC2_0046_ICR-3_p08
679.224882847,787.318773308,108.093890461,Other,random,C8H12,108.093900000,RC2_0046_ICR-3_p08
457.163258841,565.257149302,108.093890461,Other,random,C8H12,108.093900000,RC2_0046_ICR-3_p08
323.053835738,431.147726200,108.093890461,Other,random,C8H12,108.093900000,RC2_0046_ICR-3_p08
359.061871991,467.155762452,108.093890461,Other,random,C8H12,108.093900000,RC2_0046_ICR-3_p08
379.043586228,487.137476689,108.093890461,Other,random,C8H12,108.093900000,RC2_0046_ICR-3_p08
639.157110816,747.251001277,108.093890461,Other,random,C8H12,108.093900000,RC2_0046_ICR-3_p08
365.051172584,473.145064046,108.093891461,Other,random,C8H12,108.093900000,RC2_0046_ICR-3_p08
543.099068298,651.192960759,108.093892461,Other,random,C8H12,108.093900000,RC2_0046_ICR-3_p08
353.100656279,461.194548740,108.093892461,Other,random,C8H12,108.093900000,RC2_0046_ICR-3_p08
423.056822522,531.150714983,108.093892461,Other,random,C8H12,108.093900000,RC2_0046_ICR-3_p08
463.015467016,571.109359477,108.093892461,Other,random,C8H12,108.093900000,RC2_0046_ICR-3_p08
457.025877424,565.119770885,108.093893461,Other,random,C8H12,108.093900000,RC2_0046_ICR-3_p08
391.043667323,499.137561784,108.093894461,Other,random,C8H12,108.093900000,RC2_0046_ICR-3_p08
445.171375711,553.265270173,108.093894461,Other,random,C8H12,108.093900000,RC2_0046_ICR-3_p08
311.113457390,419.207352851,108.093895461,Other,random,C8H12,108.093900000,RC2_0046_ICR-3_p08
403.124402076,511.218297537,108.093895461,Other,random,C8H12,108.093900000,RC2_0046_ICR-3_p08
501.052197662,609.146093124,108.093895461,Other,random,C8H12,108.093900000,RC2_0046_ICR-3_p08
377.014765834,485.108661296,108.093895461,Other,random,C8H12,108.093900000,RC2_0046_ICR-3_p08
357.046081542,465.139979003,108.093897461,Other,random,C8H12,108.093900000,RC2_0046_ICR-3_p08
341.051209393,449.145106854,108.093897461,Other,random,C8H12,108.093900000,RC2_0046_ICR-3_p08
409.077438823,517.171336284,108.093897461,Other,random,C8H12,108.093900000,RC2_0046_ICR-3_p08
457.098673115,565.192570576,108.093897461,Other,random,C8H12,108.093900000,RC2_0046_ICR-3_p08
343.030503997,451.124403458,108.093899461,Other,random,C8H12,108.093900000,RC2_0046_ICR-3_p08
353.124102179,461.218001641,108.093899461,Other,random,C8H12,108.093900000,RC2_0046_ICR-3_p08
407.098242219,515.192141680,108.093899461,Other,random,C8H12,108.093900000,RC2_0046_ICR-3_p08
417.031030084,525.124930545,108.093900461,Other,random,C8H12,108.093900000,RC2_0046_ICR-3_p08
319.009424895,427.103325356,108.093900461,Other,random,C8H12,108.093900000,RC2_0046_ICR-3_p08
393.095526619,501.189427080,108.093900461,Other,random,C8H12,108.093900000,RC2_0046_ICR-3_p08
429.095567905,537.189468367,108.093900461,Other,random,C8H12,108.093900000,RC2_0046_ICR-3_p08
333.110888076,441.204789537,108.093901461,Other,random,C8H12,108.093900000,RC2_0046_ICR-3_p08
359.053811025,467.147712487,108.093901461,Other,random,C8H12,108.093900000,RC2_0046_ICR-3_p08
363.102831849,471.196733310,108.093901461,Other,random,C8H12,108.093900000,RC2_0046_ICR-3_p08
355.030544092,463.124446553,108.093902461,Other,random,C8H12,108.093900000,RC2_0046_ICR-3_p08
325.056365244,433.150267705,108.093902461,Other,random,C8H12,108.093900000,RC2_0046_ICR-3_p08
573.073577145,681.167480606,108.093903461,Other,random,C8H12,108.093900000,RC2_0046_ICR-3_p08
437.103248936,545.197153398,108.093904461,Other,random,C8H12,108.093900000,RC2_0046_ICR-3_p08
457.062282269,565.156187731,108.093905461,Other,random,C8H12,108.093900000,RC2_0046_ICR-3_p08
351.157780520,459.251686982,108.093906461,Other,random,C8H12,108.093900000,RC2_0046_ICR-3_p08
523.194932732,631.288839193,108.093906461,Other,random,C8H12,108.093900000,RC2_0046_ICR-3_p08
575.031434840,683.125341301,108.093906461,Other,random,C8H12,108.093900000,RC2_0046_ICR-3_p08
373.069380571,481.163287032,108.093906461,Other,random,C8H12,108.093900000,RC2_0046_ICR-3_p08
417.132031655,525.225938116,108.093906461,Other,random,C8H12,108.093900000,RC2_0046_ICR-3_p08
429.140145716,537.234052178,108.093906461,Other,random,C8H12,108.093900000,RC2_0046_ICR-3_p08
301.048392086,409.142298548,108.093906461,Other,random,C8H12,108.093900000,RC2_0046_ICR-3_p08
387.129488927,495.223395388,108.093906461,Other,random,C8H12,108.093900000,RC2_0046_ICR-3_p08
429.103625871,537.197533332,108.093907461,Other,random,C8H12,108.093900000,RC2_0046_ICR-3_p08
363.121444770,471.215352231,108.093907461,Other,random,C8H12,108.093900000,RC2_0046_ICR-3_p08
371.053802121,479.147709582,108.093907461,Other,random,C8H12,108.093900000,RC2_0046_ICR-3_p08
405.076983793,513.170891254,108.093907461,Other,random,C8H12,108.093900000,RC2_0046_ICR-3_p08
523.109276095,631.203185557,108.093909461,Other,random,C8H12,108.093900000,RC2_0046_ICR-3_p08
367.030570187,475.124479649,108.093909461,Other,random,C8H12,108.093900000,RC2_0046_ICR-3_p08
595.130498579,703.224408040,108.093909461,Other,random,C8H12,108.093900000,RC2_0046_ICR-3_p08
413.173537447,521.267446909,108.093909461,Other,random,C8H12,108.093900000,RC2_0046_ICR-3_p08
309.025120249,418.041491797,109.016371548,Other,random,C5H3O2N1,109.016379000,RC2_0046_ICR-3_p08
355.103296783,464.119670332,109.016373548,Other,random,C5H3O2N1,109.016379000,RC2_0046_ICR-3_p08
343.030503997,452.046879545,109.016375548,Other,random,C5H3O2N1,109.016379000,RC2_0046_ICR-3_p08
419.061807469,528.078186017,109.016378548,Other,random,C5H3O2N1,109.016379000,RC2_0046_ICR-3_p08
311.088446496,420.104825044,109.016378548,Other,random,C5H3O2N1,109.016379000,RC2_0046_ICR-3_p08
347.040703985,456.057082533,109.016378548,Other,random,C5H3O2N1,109.016379000,RC2_0046_ICR-3_p08
393.082468674,502.098851222,109.016382548,Other,random,C5H3O2N1,109.016379000,RC2_0046_ICR-3_p08
341.051209393,450.067591941,109.016382548,Other,random,C5H3O2N1,109.016379000,RC2_0046_ICR-3_p08
339.072033789,448.088417337,109.016383548,Other,random,C5H3O2N1,109.016379000,RC2_0046_ICR-3_p08
395.061821278,504.078205826,109.016384548,Other,random,C5H3O2N1,109.016379000,RC2_0046_ICR-3_p08
325.020032398,434.036417946,109.016385548,Other,random,C5H3O2N1,109.016379000,RC2_0046_ICR-3_p08
371.147649723,480.164035271,109.016385548,Other,random,C5H3O2N1,109.016379000,RC2_0046_ICR-3_p08
327.085161637,436.101548186,109.016386548,Other,random,C5H3O2N1,109.016379000,RC2_0046_ICR-3_p08
409.150237514,518.166624062,109.016386548,Other,random,C5H3O2N1,109.016379000,RC2_0046_ICR-3_p08
317.097322006,426.117072540,109.019750534,Other,random,C2H7O2N1S1,109.019751000,RC2_0046_ICR-3_p08
373.159911187,482.179671720,109.019760534,Other,random,C2H7O2N1S1,109.019751000,RC2_0046_ICR-3_p08
379.066941129,488.119696523,109.052755394,Other,random,C6H7O1N1,109.052764000,RC2_0046_ICR-3_p08
313.092737994,422.145494388,109.052756394,Other,random,C6H7O1N1,109.052764000,RC2_0046_ICR-3_p08
283.082288299,392.135046693,109.052758394,Other,random,C6H7O1N1,109.052764000,RC2_0046_ICR-3_p08
401.035849936,510.088613330,109.052763394,Other,random,C6H7O1N1,109.052764000,RC2_0046_ICR-3_p08
501.124762355,610.177527748,109.052765394,Other,random,C6H7O1N1,109.052764000,RC2_0046_ICR-3_p08
339.108406634,448.161174028,109.052767394,Other,random,C6H7O1N1,109.052764000,RC2_0046_ICR-3_p08
341.100522184,450.153291578,109.052769394,Other,random,C6H7O1N1,109.052764000,RC2_0046_ICR-3_p08
495.114276851,604.167047245,109.052770394,Other,random,C6H7O1N1,109.052764000,RC2_0046_ICR-3_p08
363.072076980,472.124848373,109.052771394,Other,random,C6H7O1N1,109.052764000,RC2_0046_ICR-3_p08
323.126518430,433.126963804,110.000445374,Other,random,C5H2O3,110.000454400,RC2_0046_ICR-3_p08
531.171927893,641.172373267,110.000445374,Other,random,C5H2O3,110.000454400,RC2_0046_ICR-3_p08
311.141840270,421.142285643,110.000445374,Other,random,C5H2O3,110.000454400,RC2_0046_ICR-3_p08
433.135094769,543.135541143,110.000446374,Other,random,C5H2O3,110.000454400,RC2_0046_ICR-3_p08
469.135005056,579.135451430,110.000446374,Other,random,C5H2O3,110.000454400,RC2_0046_ICR-3_p08
419.170937006,529.171383380,110.000446374,Other,random,C5H2O3,110.000454400,RC2_0046_ICR-3_p08
597.182470874,707.182917248,110.000446374,Other,random,C5H2O3,110.000454400,RC2_0046_ICR-3_p08
340.103685412,450.104132786,110.000447374,Other,random,C5H2O3,110.000454400,RC2_0046_ICR-3_p08
421.199805399,531.200252773,110.000447374,Other,random,C5H2O3,110.000454400,RC2_0046_ICR-3_p08
423.202264905,533.202712279,110.000447374,Other,random,C5H2O3,110.000454400,RC2_0046_ICR-3_p08
495.236523333,605.236970707,110.000447374,Other,random,C5H2O3,110.000454400,RC2_0046_ICR-3_p08
437.072269068,547.072716442,110.000447374,Other,random,C5H2O3,110.000454400,RC2_0046_ICR-3_p08
677.209172398,787.209619771,110.000447374,Other,random,C5H2O3,110.000454400,RC2_0046_ICR-3_p08
475.109113714,585.109562088,110.000448374,Other,random,C5H2O3,110.000454400,RC2_0046_ICR-3_p08
377.082072549,487.082520922,110.000448374,Other,random,C5H2O3,110.000454400,RC2_0046_ICR-3_p08
372.072309800,482.072759174,110.000449374,Other,random,C5H2O3,110.000454400,RC2_0046_ICR-3_p08
485.275366588,595.275816962,110.000450374,Other,random,C5H2O3,110.000454400,RC2_0046_ICR-3_p08
271.110492084,381.110942458,110.000450374,Other,random,C5H2O3,110.000454400,RC2_0046_ICR-3_p08
447.251731886,557.252182260,110.000450374,Other,random,C5H2O3,110.000454400,RC2_0046_ICR-3_p08
453.176467753,563.176918127,110.000450374,Other,random,C5H2O3,110.000454400,RC2_0046_ICR-3_p08
431.165408125,541.165859499,110.000451374,Other,random,C5H2O3,110.000454400,RC2_0046_ICR-3_p08
455.264931894,565.265383268,110.000451374,Other,random,C5H2O3,110.000454400,RC2_0046_ICR-3_p08
383.170807720,493.171259094,110.000451374,Other,random,C5H2O3,110.000454400,RC2_0046_ICR-3_p08
569.114661939,679.115114313,110.000452374,Other,random,C5H2O3,110.000454400,RC2_0046_ICR-3_p08
381.131987369,491.132440742,110.000453374,Other,random,C5H2O3,110.000454400,RC2_0046_ICR-3_p08
356.062150716,466.062605090,110.000454374,Other,random,C5H2O3,110.000454400,RC2_0046_ICR-3_p08
345.061361382,455.061816755,110.000455374,Other,random,C5H2O3,110.000454400,RC2_0046_ICR-3_p08
381.118949424,491.119404798,110.000455374,Other,random,C5H2O3,110.000454400,RC2_0046_ICR-3_p08
391.261795398,501.262250771,110.000455374,Other,random,C5H2O3,110.000454400,RC2_0046_ICR-3_p08
477.225844735,587.226300108,110.000455374,Other,random,C5H2O3,110.000454400,RC2_0046_ICR-3_p08
507.223480484,617.223935857,110.000455374,Other,random,C5H2O3,110.000454400,RC2_0046_ICR-3_p08
383.134591874,493.135048247,110.000456374,Other,random,C5H2O3,110.000454400,RC2_0046_ICR-3_p08
389.108638531,499.109094905,110.000456374,Other,random,C5H2O3,110.000454400,RC2_0046_ICR-3_p08
417.140069621,527.140525995,110.000456374,Other,random,C5H2O3,110.000454400,RC2_0046_ICR-3_p08
451.137461403,561.137917776,110.000456374,Other,random,C5H2O3,110.000454400,RC2_0046_ICR-3_p08
517.244240975,627.244698349,110.000457374,Other,random,C5H2O3,110.000454400,RC2_0046_ICR-3_p08
393.191721211,503.192178585,110.000457374,Other,random,C5H2O3,110.000454400,RC2_0046_ICR-3_p08
567.244854871,677.245313244,110.000458374,Other,random,C5H2O3,110.000454400,RC2_0046_ICR-3_p08
317.097322006,427.097780380,110.000458374,Other,random,C5H2O3,110.000454400,RC2_0046_ICR-3_p08
336.108709359,446.109167733,110.000458374,Other,random,C5H2O3,110.000454400,RC2_0046_ICR-3_p08
305.139318733,415.139778106,110.000459374,Other,random,C5H2O3,110.000454400,RC2_0046_ICR-3_p08
367.225385361,477.225844735,110.000459374,Other,random,C5H2O3,110.000454400,RC2_0046_ICR-3_p08
369.191615020,479.192074394,110.000459374,Other,random,C5H2O3,110.000454400,RC2_0046_ICR-3_p08
395.147674914,505.148134287,110.000459374,Other,random,C5H2O3,110.000454400,RC2_0046_ICR-3_p08
515.140568899,625.141028273,110.000459374,Other,random,C5H2O3,110.000454400,RC2_0046_ICR-3_p08
421.186724455,531.187184829,110.000460374,Other,random,C5H2O3,110.000454400,RC2_0046_ICR-3_p08
593.223947666,703.224408040,110.000460374,Other,random,C5H2O3,110.000454400,RC2_0046_ICR-3_p08
341.116034118,451.116494492,110.000460374,Other,random,C5H2O3,110.000454400,RC2_0046_ICR-3_p08
423.215300850,533.215762223,110.000461374,Other,random,C5H2O3,110.000454400,RC2_0046_ICR-3_p08
410.181972137,520.182433511,110.000461374,Other,random,C5H2O3,110.000454400,RC2_0046_ICR-3_p08
603.244721158,713.245182531,110.000461374,Other,random,C5H2O3,110.000454400,RC2_0046_ICR-3_p08
427.160767113,537.161228486,110.000461374,Other,random,C5H2O3,110.000454400,RC2_0046_ICR-3_p08
421.108318788,531.108781161,110.000462374,Other,random,C5H2O3,110.000454400,RC2_0046_ICR-3_p08
343.079748788,453.080211161,110.000462374,Other,random,C5H2O3,110.000454400,RC2_0046_ICR-3_p08
347.053659930,457.054123304,110.000463374,Other,random,C5H2O3,110.000454400,RC2_0046_ICR-3_p08
547.182171977,657.182635351,110.000463374,Other,random,C5H2O3,110.000454400,RC2_0046_ICR-3_p08
361.129067222,471.129530596,110.000463374,Other,random,C5H2O3,110.000454400,RC2_0046_ICR-3_p08
351.102776754,461.103241127,110.000464374,Other,random,C5H2O3,110.000454400,RC2_0046_ICR-3_p08
367.152707669,477.153172043,110.000464374,Other,random,C5H2O3,110.000454400,RC2_0046_ICR-3_p08
371.090066967,481.090531341,110.000464374,Other,random,C5H2O3,110.000454400,RC2_0046_ICR-3_p08
391.103234070,501.103698444,110.000464374,Other,random,C5H2O3,110.000454400,RC2_0046_ICR-3_p08
392.062148003,502.062612376,110.000464374,Other,random,C5H2O3,110.000454400,RC2_0046_ICR-3_p08
427.066768512,537.102199737,110.035431225,Other,random,cytosine (-H),110.035436800,RC2_0046_ICR-3_p08
693.276971237,803.312410463,110.035439225,Other,random,cytosine (-H),110.035436800,RC2_0046_ICR-3_p08
427.066768512,537.102199737,110.035431225,Other,random,cytosine_(_H)_C4H4N3O,110.035437000,RC2_0046_ICR-3_p08
693.276971237,803.312410463,110.035439225,Other,random,cytosine_(_H)_C4H4N3O,110.035437000,RC2_0046_ICR-3_p08
317.196852584,427.233622804,110.036770220,Other,random,C6H6O2,110.036780000,RC2_0046_ICR-3_p08
431.220498891,541.257269111,110.036770220,Other,random,C6H6O2,110.036780000,RC2_0046_ICR-3_p08
413.181552413,523.218322633,110.036770220,Other,random,C6H6O2,110.036780000,RC2_0046_ICR-3_p08
521.252067974,631.288839193,110.036771220,Other,random,C6H6O2,110.036780000,RC2_0046_ICR-3_p08
336.036034667,446.072805887,110.036771220,Other,random,C6H6O2,110.036780000,RC2_0046_ICR-3_p08
633.146192314,743.182963534,110.036771220,Other,random,C6H6O2,110.036780000,RC2_0046_ICR-3_p08
641.172373267,751.209144487,110.036771220,Other,random,C6H6O2,110.036780000,RC2_0046_ICR-3_p08
375.165906677,485.202678897,110.036772220,Other,random,C6H6O2,110.036780000,RC2_0046_ICR-3_p08
521.166413337,631.203185557,110.036772220,Other,random,C6H6O2,110.036780000,RC2_0046_ICR-3_p08
391.061341248,501.098113468,110.036772220,Other,random,C6H6O2,110.036780000,RC2_0046_ICR-3_p08
409.041108977,519.077881197,110.036772220,Other,random,C6H6O2,110.036780000,RC2_0046_ICR-3_p08
459.114232565,569.151004785,110.036772220,Other,random,C6H6O2,110.036780000,RC2_0046_ICR-3_p08
341.116034118,451.152806338,110.036772220,Other,random,C6H6O2,110.036780000,RC2_0046_ICR-3_p08
369.095614427,479.132386647,110.036772220,Other,random,C6H6O2,110.036780000,RC2_0046_ICR-3_p08
319.139735342,429.176508562,110.036773220,Other,random,C6H6O2,110.036780000,RC2_0046_ICR-3_p08
399.129537022,509.166310242,110.036773220,Other,random,C6H6O2,110.036780000,RC2_0046_ICR-3_p08
443.228496953,553.265270173,110.036773220,Other,random,C6H6O2,110.036780000,RC2_0046_ICR-3_p08
341.087629238,451.124403458,110.036774220,Other,random,C6H6O2,110.036780000,RC2_0046_ICR-3_p08
381.118949424,491.155723644,110.036774220,Other,random,C6H6O2,110.036780000,RC2_0046_ICR-3_p08
467.132325552,577.169099772,110.036774220,Other,random,C6H6O2,110.036780000,RC2_0046_ICR-3_p08
333.061454286,443.098228505,110.036774220,Other,random,C6H6O2,110.036780000,RC2_0046_ICR-3_p08
343.009473086,453.046247306,110.036774220,Other,random,C6H6O2,110.036780000,RC2_0046_ICR-3_p08
591.171950371,701.208724591,110.036774220,Other,random,C6H6O2,110.036780000,RC2_0046_ICR-3_p08
311.186302081,421.223077301,110.036775220,Other,random,C6H6O2,110.036780000,RC2_0046_ICR-3_p08
429.168512596,539.205288816,110.036776220,Other,random,C6H6O2,110.036780000,RC2_0046_ICR-3_p08
347.162921467,457.199697686,110.036776220,Other,random,C6H6O2,110.036780000,RC2_0046_ICR-3_p08
308.077508269,418.114285488,110.036777220,Other,random,C6H6O2,110.036780000,RC2_0046_ICR-3_p08
327.063959727,437.100736947,110.036777220,Other,random,C6H6O2,110.036780000,RC2_0046_ICR-3_p08
460.117413309,570.154190529,110.036777220,Other,random,C6H6O2,110.036780000,RC2_0046_ICR-3_p08
421.040965073,531.077743293,110.036778220,Other,random,C6H6O2,110.036780000,RC2_0046_ICR-3_p08
465.067396311,575.104174531,110.036778220,Other,random,C6H6O2,110.036780000,RC2_0046_ICR-3_p08
349.214908762,459.251686982,110.036778220,Other,random,C6H6O2,110.036780000,RC2_0046_ICR-3_p08
375.157902711,485.194680931,110.036778220,Other,random,C6H6O2,110.036780000,RC2_0046_ICR-3_p08
297.147313635,407.184092855,110.036779220,Other,random,C6H6O2,110.036780000,RC2_0046_ICR-3_p08
323.113488485,433.150267705,110.036779220,Other,random,C6H6O2,110.036780000,RC2_0046_ICR-3_p08
421.090579863,531.127359082,110.036779220,Other,random,C6H6O2,110.036780000,RC2_0046_ICR-3_p08
431.098252410,541.135031629,110.036779220,Other,random,C6H6O2,110.036780000,RC2_0046_ICR-3_p08
317.043276236,427.080056455,110.036780220,Other,random,C6H6O2,110.036780000,RC2_0046_ICR-3_p08
471.142626540,581.179406760,110.036780220,Other,random,C6H6O2,110.036780000,RC2_0046_ICR-3_p08
477.153172043,587.189952263,110.036780220,Other,random,C6H6O2,110.036780000,RC2_0046_ICR-3_p08
301.121166778,411.157946997,110.036780220,Other,random,C6H6O2,110.036780000,RC2_0046_ICR-3_p08
387.056778235,497.093558455,110.036780220,Other,random,C6H6O2,110.036780000,RC2_0046_ICR-3_p08
405.059221868,515.096002088,110.036780220,Other,random,C6H6O2,110.036780000,RC2_0046_ICR-3_p08
617.151244166,727.188024385,110.036780220,Other,random,C6H6O2,110.036780000,RC2_0046_ICR-3_p08
479.277962030,589.314743249,110.036781220,Other,random,C6H6O2,110.036780000,RC2_0046_ICR-3_p08
389.051174775,499.087955995,110.036781220,Other,random,C6H6O2,110.036780000,RC2_0046_ICR-3_p08
321.170683727,431.207465947,110.036782220,Other,random,C6H6O2,110.036780000,RC2_0046_ICR-3_p08
367.225385361,477.262167581,110.036782220,Other,random,C6H6O2,110.036780000,RC2_0046_ICR-3_p08
377.160291217,487.197073436,110.036782220,Other,random,C6H6O2,110.036780000,RC2_0046_ICR-3_p08
331.058887781,441.095670000,110.036782220,Other,random,C6H6O2,110.036780000,RC2_0046_ICR-3_p08
497.202602993,607.239385212,110.036782220,Other,random,C6H6O2,110.036780000,RC2_0046_ICR-3_p08
361.113903286,471.150686506,110.036783220,Other,random,C6H6O2,110.036780000,RC2_0046_ICR-3_p08
337.214948666,447.251731886,110.036783220,Other,random,C6H6O2,110.036780000,RC2_0046_ICR-3_p08
369.082489483,479.119272703,110.036783220,Other,random,C6H6O2,110.036780000,RC2_0046_ICR-3_p08
369.147203209,479.183986428,110.036783220,Other,random,C6H6O2,110.036780000,RC2_0046_ICR-3_p08
425.035929126,535.072712346,110.036783220,Other,random,C6H6O2,110.036780000,RC2_0046_ICR-3_p08
517.134968439,627.171751658,110.036783220,Other,random,C6H6O2,110.036780000,RC2_0046_ICR-3_p08
361.105842320,471.142626540,110.036784220,Other,random,C6H6O2,110.036780000,RC2_0046_ICR-3_p08
467.155762452,577.192546672,110.036784220,Other,random,C6H6O2,110.036780000,RC2_0046_ICR-3_p08
327.100344573,437.137129793,110.036785220,Other,random,C6H6O2,110.036780000,RC2_0046_ICR-3_p08
369.155289174,479.192074394,110.036785220,Other,random,C6H6O2,110.036780000,RC2_0046_ICR-3_p08
511.254716383,621.291501603,110.036785220,Other,random,C6H6O2,110.036780000,RC2_0046_ICR-3_p08
359.098219837,469.135005056,110.036785220,Other,random,C6H6O2,110.036780000,RC2_0046_ICR-3_p08
425.072427972,535.109213191,110.036785220,Other,random,C6H6O2,110.036780000,RC2_0046_ICR-3_p08
323.077059640,433.113845860,110.036786220,Other,random,C6H6O2,110.036780000,RC2_0046_ICR-3_p08
359.126588716,469.163375936,110.036787220,Other,random,C6H6O2,110.036780000,RC2_0046_ICR-3_p08
345.097853227,455.134640447,110.036787220,Other,random,C6H6O2,110.036780000,RC2_0046_ICR-3_p08
349.165495972,459.202283191,110.036787220,Other,random,C6H6O2,110.036780000,RC2_0046_ICR-3_p08
429.067344025,539.104131245,110.036787220,Other,random,C6H6O2,110.036780000,RC2_0046_ICR-3_p08
347.071492855,457.108281074,110.036788220,Other,random,C6H6O2,110.036780000,RC2_0046_ICR-3_p08
455.119399511,565.156187731,110.036788220,Other,random,C6H6O2,110.036780000,RC2_0046_ICR-3_p08
299.032745637,409.069534857,110.036789220,Other,random,C6H6O2,110.036780000,RC2_0046_ICR-3_p08
363.048628079,473.085417299,110.036789220,Other,random,C6H6O2,110.036780000,RC2_0046_ICR-3_p08
381.076867602,491.113656822,110.036789220,Other,random,C6H6O2,110.036780000,RC2_0046_ICR-3_p08
405.241225096,515.278014316,110.036789220,Other,random,C6H6O2,110.036780000,RC2_0046_ICR-3_p08
379.139647820,489.212802886,110.073155065,Other,random,C7H10O1,110.073165000,RC2_0046_ICR-3_p08
319.103353497,429.176508562,110.073155065,Other,random,C7H10O1,110.073165000,RC2_0046_ICR-3_p08
321.147343826,431.220498891,110.073155065,Other,random,C7H10O1,110.073165000,RC2_0046_ICR-3_p08
333.191728733,443.264883798,110.073155065,Other,random,C7H10O1,110.073165000,RC2_0046_ICR-3_p08
355.189059420,465.262214485,110.073155065,Other,random,C7H10O1,110.073165000,RC2_0046_ICR-3_p08
357.147287113,467.220442178,110.073155065,Other,random,C7H10O1,110.073165000,RC2_0046_ICR-3_p08
493.098727401,603.171882467,110.073155065,Other,random,C7H10O1,110.073165000,RC2_0046_ICR-3_p08
378.046540457,488.119696523,110.073156065,Other,random,C7H10O1,110.073165000,RC2_0046_ICR-3_p08
347.071492855,457.144648920,110.073156065,Other,random,C7H10O1,110.073165000,RC2_0046_ICR-3_p08
341.079649272,451.152806338,110.073157065,Other,random,C7H10O1,110.073165000,RC2_0046_ICR-3_p08
373.105781416,483.178938481,110.073157065,Other,random,C7H10O1,110.073165000,RC2_0046_ICR-3_p08
375.072046075,485.145205141,110.073159065,Other,random,C7H10O1,110.073165000,RC2_0046_ICR-3_p08
383.165244744,493.238403809,110.073159065,Other,random,C7H10O1,110.073165000,RC2_0046_ICR-3_p08
387.121381961,497.194542027,110.073160065,Other,random,C7H10O1,110.073165000,RC2_0046_ICR-3_p08
387.071995171,497.145155236,110.073160065,Other,random,C7H10O1,110.073165000,RC2_0046_ICR-3_p08
355.152809573,465.225969639,110.073160065,Other,random,C7H10O1,110.073165000,RC2_0046_ICR-3_p08
365.014899738,475.088059803,110.073160065,Other,random,C7H10O1,110.073165000,RC2_0046_ICR-3_p08
647.198377705,757.271537770,110.073160065,Other,random,C7H10O1,110.073165000,RC2_0046_ICR-3_p08
341.154772954,451.227934019,110.073161065,Other,random,C7H10O1,110.073165000,RC2_0046_ICR-3_p08
351.121387675,461.194548740,110.073161065,Other,random,C7H10O1,110.073165000,RC2_0046_ICR-3_p08
595.057701887,705.130862953,110.073161065,Other,random,C7H10O1,110.073165000,RC2_0046_ICR-3_p08
398.080832471,508.153994536,110.073162065,Other,random,C7H10O1,110.073165000,RC2_0046_ICR-3_p08
339.066440812,449.139602878,110.073162065,Other,random,C7H10O1,110.073165000,RC2_0046_ICR-3_p08
395.098140124,505.171302189,110.073162065,Other,random,C7H10O1,110.073165000,RC2_0046_ICR-3_p08
521.215676128,631.288839193,110.073163065,Other,random,C7H10O1,110.073165000,RC2_0046_ICR-3_p08
531.171927893,641.245090959,110.073163065,Other,random,C7H10O1,110.073165000,RC2_0046_ICR-3_p08
325.092731089,435.165894155,110.073163065,Other,random,C7H10O1,110.073165000,RC2_0046_ICR-3_p08
367.066841034,477.140004099,110.073163065,Other,random,C7H10O1,110.073165000,RC2_0046_ICR-3_p08
379.188979611,489.262142676,110.073163065,Other,random,C7H10O1,110.073165000,RC2_0046_ICR-3_p08
397.126908518,507.200071583,110.073163065,Other,random,C7H10O1,110.073165000,RC2_0046_ICR-3_p08
463.137506498,573.210670563,110.073164065,Other,random,C7H10O1,110.073165000,RC2_0046_ICR-3_p08
353.064341433,463.137506498,110.073165065,Other,random,C7H10O1,110.073165000,RC2_0046_ICR-3_p08
471.041607969,581.114773034,110.073165065,Other,random,C7H10O1,110.073165000,RC2_0046_ICR-3_p08
541.192755385,651.265920450,110.073165065,Other,random,C7H10O1,110.073165000,RC2_0046_ICR-3_p08
386.080783376,496.153949441,110.073166065,Other,random,C7H10O1,110.073165000,RC2_0046_ICR-3_p08
409.235952151,519.309118216,110.073166065,Other,random,C7H10O1,110.073165000,RC2_0046_ICR-3_p08
341.173514874,451.246680939,110.073166065,Other,random,C7H10O1,110.073165000,RC2_0046_ICR-3_p08
457.025877424,567.099043489,110.073166065,Other,random,C7H10O1,110.073165000,RC2_0046_ICR-3_p08
521.093539646,631.166705712,110.073166065,Other,random,C7H10O1,110.073165000,RC2_0046_ICR-3_p08
383.111158973,493.184325038,110.073166065,Other,random,C7H10O1,110.073165000,RC2_0046_ICR-3_p08
467.192161298,577.265327363,110.073166065,Other,random,C7H10O1,110.073165000,RC2_0046_ICR-3_p08
445.062241174,555.135407239,110.073166065,Other,random,C7H10O1,110.073165000,RC2_0046_ICR-3_p08
315.108418443,425.181585509,110.073167065,Other,random,C7H10O1,110.073165000,RC2_0046_ICR-3_p08
361.056363530,471.129530596,110.073167065,Other,random,C7H10O1,110.073165000,RC2_0046_ICR-3_p08
379.097644998,489.170813064,110.073168065,Other,random,C7H10O1,110.073165000,RC2_0046_ICR-3_p08
433.171294616,543.244462681,110.073168065,Other,random,C7H10O1,110.073165000,RC2_0046_ICR-3_p08
403.116282110,513.189450176,110.073168065,Other,random,C7H10O1,110.073165000,RC2_0046_ICR-3_p08
421.040965073,531.114133139,110.073168065,Other,random,C7H10O1,110.073165000,RC2_0046_ICR-3_p08
335.113467581,445.186636646,110.073169065,Other,random,C7H10O1,110.073165000,RC2_0046_ICR-3_p08
379.030454283,489.103623349,110.073169065,Other,random,C7H10O1,110.073165000,RC2_0046_ICR-3_p08
327.063959727,437.137129793,110.073170065,Other,random,C7H10O1,110.073165000,RC2_0046_ICR-3_p08
461.194548740,571.267718805,110.073170065,Other,random,C7H10O1,110.073165000,RC2_0046_ICR-3_p08
369.095614427,479.168784493,110.073170065,Other,random,C7H10O1,110.073165000,RC2_0046_ICR-3_p08
327.100344573,437.173515638,110.073171065,Other,random,C7H10O1,110.073165000,RC2_0046_ICR-3_p08
375.085110020,485.158281085,110.073171065,Other,random,C7H10O1,110.073165000,RC2_0046_ICR-3_p08
392.098628848,502.171799913,110.073171065,Other,random,C7H10O1,110.073165000,RC2_0046_ICR-3_p08
393.046244828,503.119415893,110.073171065,Other,random,C7H10O1,110.073165000,RC2_0046_ICR-3_p08
357.082591387,467.155762452,110.073171065,Other,random,C7H10O1,110.073165000,RC2_0046_ICR-3_p08
355.139738629,465.212909694,110.073171065,Other,random,C7H10O1,110.073165000,RC2_0046_ICR-3_p08
455.119399511,565.192570576,110.073171065,Other,random,C7H10O1,110.073165000,RC2_0046_ICR-3_p08
615.193003473,725.266175538,110.073172065,Other,random,C7H10O1,110.073165000,RC2_0046_ICR-3_p08
375.056657140,485.129829206,110.073172065,Other,random,C7H10O1,110.073165000,RC2_0046_ICR-3_p08
389.035922840,499.109094905,110.073172065,Other,random,C7H10O1,110.073165000,RC2_0046_ICR-3_p08
459.215483135,569.288655201,110.073172065,Other,random,C7H10O1,110.073165000,RC2_0046_ICR-3_p08
297.110920789,407.184092855,110.073172065,Other,random,C7H10O1,110.073165000,RC2_0046_ICR-3_p08
563.067864590,673.141037655,110.073173065,Other,random,C7H10O1,110.073165000,RC2_0046_ICR-3_p08
340.067304567,450.140477632,110.073173065,Other,random,C7H10O1,110.073165000,RC2_0046_ICR-3_p08
373.041077691,483.114250756,110.073173065,Other,random,C7H10O1,110.073165000,RC2_0046_ICR-3_p08
501.197535046,611.270708111,110.073173065,Other,random,C7H10O1,110.073165000,RC2_0046_ICR-3_p08
457.054123304,567.127297369,110.073174065,Other,random,C7H10O1,110.073165000,RC2_0046_ICR-3_p08
311.077088544,421.272511091,110.195422547,Other,random,C13H16O2P_2S_1,110.195432000,RC2_0046_ICR-3_p08
337.056308339,447.251731886,110.195423547,Other,random,C13H16O2P_2S_1,110.195432000,RC2_0046_ICR-3_p08
495.041546160,605.236970707,110.195424547,Other,random,C13H16O2P_2S_1,110.195432000,RC2_0046_ICR-3_p08
355.030544092,465.225969639,110.195425547,Other,random,C13H16O2P_2S_1,110.195432000,RC2_0046_ICR-3_p08
333.046238350,443.241664897,110.195426547,Other,random,C13H16O2P_2S_1,110.195432000,RC2_0046_ICR-3_p08
493.062202556,603.257631103,110.195428547,Other,random,C13H16O2P_2S_1,110.195432000,RC2_0046_ICR-3_p08
359.040742081,469.236171627,110.195429547,Other,random,C13H16O2P_2S_1,110.195432000,RC2_0046_ICR-3_p08
465.103658158,575.299091704,110.195433547,Other,random,C13H16O2P_2S_1,110.195432000,RC2_0046_ICR-3_p08
339.035520944,449.230954490,110.195433547,Other,random,C13H16O2P_2S_1,110.195432000,RC2_0046_ICR-3_p08
395.025350432,505.220783979,110.195433547,Other,random,C13H16O2P_2S_1,110.195432000,RC2_0046_ICR-3_p08
429.009854269,539.205288816,110.195434547,Other,random,C13H16O2P_2S_1,110.195432000,RC2_0046_ICR-3_p08
409.041108977,519.236543524,110.195434547,Other,random,C13H16O2P_2S_1,110.195432000,RC2_0046_ICR-3_p08
421.077501918,531.272938465,110.195436547,Other,random,C13H16O2P_2S_1,110.195432000,RC2_0046_ICR-3_p08
413.035891031,523.231330578,110.195439547,Other,random,C13H16O2P_2S_1,110.195432000,RC2_0046_ICR-3_p08
395.134553969,505.329995516,110.195441547,Other,random,C13H16O2P_2S_1,110.195432000,RC2_0046_ICR-3_p08
415.030496570,525.225938116,110.195441547,Other,random,C13H16O2P_2S_1,110.195432000,RC2_0046_ICR-3_p08
439.100838463,550.120282514,111.019444051,Other,random,uracil (-H),111.019452400,RC2_0046_ICR-3_p08
451.137461403,562.156910454,111.019449051,Other,random,uracil (-H),111.019452400,RC2_0046_ICR-3_p08
439.100838463,550.120282514,111.019444051,Other,random,uracil_(_H)_C4H3N2O2,111.019453000,RC2_0046_ICR-3_p08
451.137461403,562.156910454,111.019449051,Other,random,uracil_(_H)_C4H3N2O2,111.019453000,RC2_0046_ICR-3_p08
457.113785051,569.042680244,111.928895193,Other,random,S2O32,111.928889000,RC2_0046_ICR-3_p08
319.139735342,431.147726200,112.007990858,Other,random,C6H5Cl1,112.008000000,RC2_0046_ICR-3_p08
385.223013014,497.231003872,112.007990858,Other,random,C6H5Cl1,112.008000000,RC2_0046_ICR-3_p08
287.040813507,399.048804365,112.007990858,Other,random,C6H5Cl1,112.008000000,RC2_0046_ICR-3_p08
341.051209393,453.059200251,112.007990858,Other,random,C6H5Cl1,112.008000000,RC2_0046_ICR-3_p08
373.186690073,485.194680931,112.007990858,Other,random,C6H5Cl1,112.008000000,RC2_0046_ICR-3_p08
416.091241070,528.099233928,112.007992858,Other,random,C6H5Cl1,112.008000000,RC2_0046_ICR-3_p08
361.041140595,473.049133453,112.007992858,Other,random,C6H5Cl1,112.008000000,RC2_0046_ICR-3_p08
329.051278297,441.059274155,112.007995858,Other,random,C6H5Cl1,112.008000000,RC2_0046_ICR-3_p08
353.160351025,465.168346883,112.007995858,Other,random,C6H5Cl1,112.008000000,RC2_0046_ICR-3_p08
345.082645291,457.090642149,112.007996858,Other,random,C6H5Cl1,112.008000000,RC2_0046_ICR-3_p08
429.140145716,541.148142574,112.007996858,Other,random,C6H5Cl1,112.008000000,RC2_0046_ICR-3_p08
369.155289174,481.163287032,112.007997858,Other,random,C6H5Cl1,112.008000000,RC2_0046_ICR-3_p08
403.124402076,515.132400934,112.007998858,Other,random,C6H5Cl1,112.008000000,RC2_0046_ICR-3_p08
383.207419565,495.215423422,112.008003858,Other,random,C6H5Cl1,112.008000000,RC2_0046_ICR-3_p08
469.135005056,581.143008914,112.008003858,Other,random,C6H5Cl1,112.008000000,RC2_0046_ICR-3_p08
343.212510225,455.220515082,112.008004858,Other,random,C6H5Cl1,112.008000000,RC2_0046_ICR-3_p08
325.092731089,437.100736947,112.008005858,Other,random,C6H5Cl1,112.008000000,RC2_0046_ICR-3_p08
385.186535169,497.194542027,112.008006858,Other,random,C6H5Cl1,112.008000000,RC2_0046_ICR-3_p08
327.072039693,439.080046551,112.008006858,Other,random,C6H5Cl1,112.008000000,RC2_0046_ICR-3_p08
389.072456685,501.080463543,112.008006858,Other,random,C6H5Cl1,112.008000000,RC2_0046_ICR-3_p08
353.124102179,465.132110037,112.008007858,Other,random,C6H5Cl1,112.008000000,RC2_0046_ICR-3_p08
373.041077691,485.049086548,112.008008858,Other,random,C6H5Cl1,112.008000000,RC2_0046_ICR-3_p08
387.056778235,499.064788093,112.008009858,Other,random,C6H5Cl1,112.008000000,RC2_0046_ICR-3_p08
334.056770064,446.072805887,112.016035824,Other,random,C5H4O3,112.016045000,RC2_0046_ICR-3_p08
401.072452780,513.088488604,112.016035824,Other,random,C5H4O3,112.016045000,RC2_0046_ICR-3_p08
361.087071400,473.103107224,112.016035824,Other,random,C5H4O3,112.016045000,RC2_0046_ICR-3_p08
391.030549379,503.046585202,112.016035824,Other,random,C5H4O3,112.016045000,RC2_0046_ICR-3_p08
319.131689376,431.147726200,112.016036824,Other,random,C5H4O3,112.016045000,RC2_0046_ICR-3_p08
333.170599823,445.186636646,112.016036824,Other,random,C5H4O3,112.016045000,RC2_0046_ICR-3_p08
343.030503997,455.046540820,112.016036824,Other,random,C5H4O3,112.016045000,RC2_0046_ICR-3_p08
409.041108977,521.057145801,112.016036824,Other,random,C5H4O3,112.016045000,RC2_0046_ICR-3_p08
483.259780139,595.275816962,112.016036824,Other,random,C5H4O3,112.016045000,RC2_0046_ICR-3_p08
319.103353497,431.119390320,112.016036824,Other,random,C5H4O3,112.016045000,RC2_0046_ICR-3_p08
351.230545212,463.246582035,112.016036824,Other,random,C5H4O3,112.016045000,RC2_0046_ICR-3_p08
443.119370416,555.135407239,112.016036824,Other,random,C5H4O3,112.016045000,RC2_0046_ICR-3_p08
415.139778106,527.155815930,112.016037824,Other,random,C5H4O3,112.016045000,RC2_0046_ICR-3_p08
309.097848940,421.113886764,112.016037824,Other,random,C5H4O3,112.016045000,RC2_0046_ICR-3_p08
353.087620334,465.103658158,112.016037824,Other,random,C5H4O3,112.016045000,RC2_0046_ICR-3_p08
357.046081542,469.062119366,112.016037824,Other,random,C5H4O3,112.016045000,RC2_0046_ICR-3_p08
359.126588716,471.142626540,112.016037824,Other,random,C5H4O3,112.016045000,RC2_0046_ICR-3_p08
363.102831849,475.118869673,112.016037824,Other,random,C5H4O3,112.016045000,RC2_0046_ICR-3_p08
423.020394676,535.036432500,112.016037824,Other,random,C5H4O3,112.016045000,RC2_0046_ICR-3_p08
473.238935647,585.254974471,112.016038824,Other,random,C5H4O3,112.016045000,RC2_0046_ICR-3_p08
353.014920642,465.030959466,112.016038824,Other,random,C5H4O3,112.016045000,RC2_0046_ICR-3_p08
355.204403355,467.220442178,112.016038824,Other,random,C5H4O3,112.016045000,RC2_0046_ICR-3_p08
385.077519632,497.093558455,112.016038824,Other,random,C5H4O3,112.016045000,RC2_0046_ICR-3_p08
471.179039386,583.195078209,112.016038824,Other,random,C5H4O3,112.016045000,RC2_0046_ICR-3_p08
481.257196634,593.273235457,112.016038824,Other,random,C5H4O3,112.016045000,RC2_0046_ICR-3_p08
355.030544092,467.046583916,112.016039824,Other,random,C5H4O3,112.016045000,RC2_0046_ICR-3_p08
311.149873236,423.165914059,112.016040824,Other,random,C5H4O3,112.016045000,RC2_0046_ICR-3_p08
427.189247992,539.205288816,112.016040824,Other,random,C5H4O3,112.016045000,RC2_0046_ICR-3_p08
438.067594846,550.083636669,112.016041824,Other,random,C5H4O3,112.016045000,RC2_0046_ICR-3_p08
489.067343503,601.083385326,112.016041824,Other,random,C5H4O3,112.016045000,RC2_0046_ICR-3_p08
311.077088544,423.093130368,112.016041824,Other,random,C5H4O3,112.016045000,RC2_0046_ICR-3_p08
353.116068213,465.132110037,112.016041824,Other,random,C5H4O3,112.016045000,RC2_0046_ICR-3_p08
393.118996519,505.135038343,112.016041824,Other,random,C5H4O3,112.016045000,RC2_0046_ICR-3_p08
363.085120924,475.101163748,112.016042824,Other,random,C5H4O3,112.016045000,RC2_0046_ICR-3_p08
521.179520282,633.195563105,112.016042824,Other,random,C5H4O3,112.016045000,RC2_0046_ICR-3_p08
325.092731089,437.108773913,112.016042824,Other,random,C5H4O3,112.016045000,RC2_0046_ICR-3_p08
429.118988806,541.135031629,112.016042824,Other,random,C5H4O3,112.016045000,RC2_0046_ICR-3_p08
539.213387781,651.229430605,112.016042824,Other,random,C5H4O3,112.016045000,RC2_0046_ICR-3_p08
397.019855972,509.035899795,112.016043824,Other,random,C5H4O3,112.016045000,RC2_0046_ICR-3_p08
461.218001641,573.234045464,112.016043824,Other,random,C5H4O3,112.016045000,RC2_0046_ICR-3_p08
421.113886764,533.129930587,112.016043824,Other,random,C5H4O3,112.016045000,RC2_0046_ICR-3_p08
345.191780828,457.207825652,112.016044824,Other,random,C5H4O3,112.016045000,RC2_0046_ICR-3_p08
361.056363530,473.072409354,112.016045824,Other,random,C5H4O3,112.016045000,RC2_0046_ICR-3_p08
437.230994394,549.247040218,112.016045824,Other,random,C5H4O3,112.016045000,RC2_0046_ICR-3_p08
369.168415119,481.184460942,112.016045824,Other,random,C5H4O3,112.016045000,RC2_0046_ICR-3_p08
375.102817945,487.118863768,112.016045824,Other,random,C5H4O3,112.016045000,RC2_0046_ICR-3_p08
591.171950371,703.187996194,112.016045824,Other,random,C5H4O3,112.016045000,RC2_0046_ICR-3_p08
343.248885070,455.264931894,112.016046824,Other,random,C5H4O3,112.016045000,RC2_0046_ICR-3_p08
376.030929008,488.046975831,112.016046824,Other,random,C5H4O3,112.016045000,RC2_0046_ICR-3_p08
411.035556517,523.051603340,112.016046824,Other,random,C5H4O3,112.016045000,RC2_0046_ICR-3_p08
399.129537022,511.145584846,112.016047824,Other,random,C5H4O3,112.016045000,RC2_0046_ICR-3_p08
373.214900953,485.230949777,112.016048824,Other,random,C5H4O3,112.016045000,RC2_0046_ICR-3_p08
397.142169453,509.158218276,112.016048824,Other,random,C5H4O3,112.016045000,RC2_0046_ICR-3_p08
465.153050948,577.169099772,112.016048824,Other,random,C5H4O3,112.016045000,RC2_0046_ICR-3_p08
317.102938982,429.118988806,112.016049824,Other,random,C5H4O3,112.016045000,RC2_0046_ICR-3_p08
341.100522184,453.116572007,112.016049824,Other,random,C5H4O3,112.016045000,RC2_0046_ICR-3_p08
375.085110020,487.101159843,112.016049824,Other,random,C5H4O3,112.016045000,RC2_0046_ICR-3_p08
399.157739903,511.173789726,112.016049824,Other,random,C5H4O3,112.016045000,RC2_0046_ICR-3_p08
663.302219391,775.318269215,112.016049824,Other,random,C5H4O3,112.016045000,RC2_0046_ICR-3_p08
379.079953073,491.096002897,112.016049824,Other,random,C5H4O3,112.016045000,RC2_0046_ICR-3_p08
343.103348688,455.119399511,112.016050823,Other,random,C5H4O3,112.016045000,RC2_0046_ICR-3_p08
347.207435278,459.223486101,112.016050823,Other,random,C5H4O3,112.016045000,RC2_0046_ICR-3_p08
343.045765932,455.061816755,112.016050823,Other,random,C5H4O3,112.016045000,RC2_0046_ICR-3_p08
453.131953942,565.148005765,112.016051823,Other,random,C5H4O3,112.016045000,RC2_0046_ICR-3_p08
347.186231368,459.202283191,112.016051823,Other,random,C5H4O3,112.016045000,RC2_0046_ICR-3_p08
501.234203890,613.250255714,112.016051823,Other,random,C5H4O3,112.016045000,RC2_0046_ICR-3_p08
459.114232565,571.130284388,112.016051823,Other,random,C5H4O3,112.016045000,RC2_0046_ICR-3_p08
343.118588623,455.134640447,112.016051823,Other,random,C5H4O3,112.016045000,RC2_0046_ICR-3_p08
365.196847966,477.212899790,112.016051823,Other,random,C5H4O3,112.016045000,RC2_0046_ICR-3_p08
381.168273215,493.184325038,112.016051823,Other,random,C5H4O3,112.016045000,RC2_0046_ICR-3_p08
415.175957953,527.192009776,112.016051823,Other,random,C5H4O3,112.016045000,RC2_0046_ICR-3_p08
481.199734877,593.215786701,112.016051823,Other,random,C5H4O3,112.016045000,RC2_0046_ICR-3_p08
319.095273531,431.111326354,112.016052823,Other,random,C5H4O3,112.016045000,RC2_0046_ICR-3_p08
323.071459664,435.087512487,112.016052823,Other,random,C5H4O3,112.016045000,RC2_0046_ICR-3_p08
379.043586228,491.059639051,112.016052823,Other,random,C5H4O3,112.016045000,RC2_0046_ICR-3_p08
489.124755259,601.140808083,112.016052823,Other,random,C5H4O3,112.016045000,RC2_0046_ICR-3_p08
407.098242219,519.114295042,112.016052823,Other,random,C5H4O3,112.016045000,RC2_0046_ICR-3_p08
332.090535404,444.106588228,112.016052823,Other,random,C5H4O3,112.016045000,RC2_0046_ICR-3_p08
306.098231665,418.114285488,112.016053823,Other,random,C5H4O3,112.016045000,RC2_0046_ICR-3_p08
324.072399418,436.088453241,112.016053823,Other,random,C5H4O3,112.016045000,RC2_0046_ICR-3_p08
388.059908980,500.075962804,112.016053823,Other,random,C5H4O3,112.016045000,RC2_0046_ICR-3_p08
589.192670767,701.208724591,112.016053823,Other,random,C5H4O3,112.016045000,RC2_0046_ICR-3_p08
280.082574024,392.098628848,112.016054823,Other,random,C5H4O3,112.016045000,RC2_0046_ICR-3_p08
367.079856978,479.095911802,112.016054823,Other,random,C5H4O3,112.016045000,RC2_0046_ICR-3_p08
427.088076421,539.104131245,112.016054823,Other,random,C5H4O3,112.016045000,RC2_0046_ICR-3_p08
237.040534610,349.067822386,112.027287776,Other,random,C4H4N2O2,112.027278000,RC2_0046_ICR-3_p08
343.095198722,455.147662391,112.052463669,Other,random,C6H8O2,112.052473000,RC2_0046_ICR-3_p08
349.050777458,461.103241127,112.052463669,Other,random,C6H8O2,112.052473000,RC2_0046_ICR-3_p08
375.121347866,487.173811535,112.052463669,Other,random,C6H8O2,112.052473000,RC2_0046_ICR-3_p08
379.066941129,491.119404798,112.052463669,Other,random,C6H8O2,112.052473000,RC2_0046_ICR-3_p08
452.083134391,564.135599060,112.052464669,Other,random,C6H8O2,112.052473000,RC2_0046_ICR-3_p08
336.108709359,448.161174028,112.052464669,Other,random,C6H8O2,112.052473000,RC2_0046_ICR-3_p08
355.058749972,467.111214641,112.052464669,Other,random,C6H8O2,112.052473000,RC2_0046_ICR-3_p08
383.061812182,495.114276851,112.052464669,Other,random,C6H8O2,112.052473000,RC2_0046_ICR-3_p08
413.136928602,525.189393271,112.052464669,Other,random,C6H8O2,112.052473000,RC2_0046_ICR-3_p08
425.137002698,537.189468367,112.052465669,Other,random,C6H8O2,112.052473000,RC2_0046_ICR-3_p08
669.240060203,781.292525872,112.052465669,Other,random,C6H8O2,112.052473000,RC2_0046_ICR-3_p08
309.055853118,421.108318788,112.052465669,Other,random,C6H8O2,112.052473000,RC2_0046_ICR-3_p08
355.103296783,467.155762452,112.052465669,Other,random,C6H8O2,112.052473000,RC2_0046_ICR-3_p08
417.155302556,529.207768225,112.052465669,Other,random,C6H8O2,112.052473000,RC2_0046_ICR-3_p08
337.056308339,449.108775008,112.052466669,Other,random,C6H8O2,112.052473000,RC2_0046_ICR-3_p08
359.098219837,471.150686506,112.052466669,Other,random,C6H8O2,112.052473000,RC2_0046_ICR-3_p08
297.089831879,409.142298548,112.052466669,Other,random,C6H8O2,112.052473000,RC2_0046_ICR-3_p08
425.181585509,537.234052178,112.052466669,Other,random,C6H8O2,112.052473000,RC2_0046_ICR-3_p08
557.223844380,669.276311049,112.052466669,Other,random,C6H8O2,112.052473000,RC2_0046_ICR-3_p08
621.255498755,733.307965424,112.052466669,Other,random,C6H8O2,112.052473000,RC2_0046_ICR-3_p08
473.230952681,585.283419350,112.052466669,Other,random,C6H8O2,112.052473000,RC2_0046_ICR-3_p08
375.165906677,487.218374346,112.052467669,Other,random,C6H8O2,112.052473000,RC2_0046_ICR-3_p08
453.067303216,565.119770885,112.052467669,Other,random,C6H8O2,112.052473000,RC2_0046_ICR-3_p08
445.171375711,557.223844380,112.052468669,Other,random,C6H8O2,112.052473000,RC2_0046_ICR-3_p08
549.234166273,661.286634942,112.052468669,Other,random,C6H8O2,112.052473000,RC2_0046_ICR-3_p08
347.126509621,459.178979290,112.052469669,Other,random,C6H8O2,112.052473000,RC2_0046_ICR-3_p08
371.107917891,483.160387560,112.052469669,Other,random,C6H8O2,112.052473000,RC2_0046_ICR-3_p08
445.041071264,557.093540933,112.052469669,Other,random,C6H8O2,112.052473000,RC2_0046_ICR-3_p08
525.124930545,637.177400214,112.052469669,Other,random,C6H8O2,112.052473000,RC2_0046_ICR-3_p08
345.134268072,457.186738741,112.052470669,Other,random,C6H8O2,112.052473000,RC2_0046_ICR-3_p08
377.124064370,489.176535039,112.052470669,Other,random,C6H8O2,112.052473000,RC2_0046_ICR-3_p08
435.178948099,547.231418768,112.052470669,Other,random,C6H8O2,112.052473000,RC2_0046_ICR-3_p08
469.126936091,581.179406760,112.052470669,Other,random,C6H8O2,112.052473000,RC2_0046_ICR-3_p08
371.077031022,483.129501691,112.052470669,Other,random,C6H8O2,112.052473000,RC2_0046_ICR-3_p08
373.032836726,485.085307395,112.052470669,Other,random,C6H8O2,112.052473000,RC2_0046_ICR-3_p08
353.079638368,465.132110037,112.052471669,Other,random,C6H8O2,112.052473000,RC2_0046_ICR-3_p08
391.061341248,503.113812917,112.052471669,Other,random,C6H8O2,112.052473000,RC2_0046_ICR-3_p08
471.041607969,583.094079638,112.052471669,Other,random,C6H8O2,112.052473000,RC2_0046_ICR-3_p08
239.067418012,351.119889681,112.052471669,Other,random,C6H8O2,112.052473000,RC2_0046_ICR-3_p08
365.137137219,477.189608888,112.052471669,Other,random,C6H8O2,112.052473000,RC2_0046_ICR-3_p08
397.041121882,509.093593551,112.052471669,Other,random,C6H8O2,112.052473000,RC2_0046_ICR-3_p08
405.118864615,517.171336284,112.052471669,Other,random,C6H8O2,112.052473000,RC2_0046_ICR-3_p08
425.194589453,537.247062122,112.052472669,Other,random,C6H8O2,112.052473000,RC2_0046_ICR-3_p08
497.130008301,609.182480970,112.052472669,Other,random,C6H8O2,112.052473000,RC2_0046_ICR-3_p08
280.082574024,392.135046693,112.052472669,Other,random,C6H8O2,112.052473000,RC2_0046_ICR-3_p08
361.087071400,473.139544069,112.052472669,Other,random,C6H8O2,112.052473000,RC2_0046_ICR-3_p08
413.108696722,525.161170391,112.052473669,Other,random,C6H8O2,112.052473000,RC2_0046_ICR-3_p08
365.173371066,477.225844735,112.052473669,Other,random,C6H8O2,112.052473000,RC2_0046_ICR-3_p08
391.066942224,503.119415893,112.052473669,Other,random,C6H8O2,112.052473000,RC2_0046_ICR-3_p08
399.178830813,511.231304482,112.052473669,Other,random,C6H8O2,112.052473000,RC2_0046_ICR-3_p08
619.093968925,731.146442594,112.052473669,Other,random,C6H8O2,112.052473000,RC2_0046_ICR-3_p08
469.163375936,581.215850605,112.052474669,Other,random,C6H8O2,112.052473000,RC2_0046_ICR-3_p08
471.187040352,583.239515021,112.052474669,Other,random,C6H8O2,112.052473000,RC2_0046_ICR-3_p08
363.035585134,475.088059803,112.052474669,Other,random,C6H8O2,112.052473000,RC2_0046_ICR-3_p08
351.102776754,463.155252423,112.052475669,Other,random,C6H8O2,112.052473000,RC2_0046_ICR-3_p08
383.090040063,495.142515732,112.052475669,Other,random,C6H8O2,112.052473000,RC2_0046_ICR-3_p08
353.014920642,465.067396311,112.052475669,Other,random,C6H8O2,112.052473000,RC2_0046_ICR-3_p08
583.203209175,695.255684844,112.052475669,Other,random,C6H8O2,112.052473000,RC2_0046_ICR-3_p08
433.041118168,545.093594837,112.052476669,Other,random,C6H8O2,112.052473000,RC2_0046_ICR-3_p08
491.119404798,603.171882467,112.052477669,Other,random,C6H8O2,112.052473000,RC2_0046_ICR-3_p08
331.045749836,443.098228505,112.052478669,Other,random,C6H8O2,112.052473000,RC2_0046_ICR-3_p08
429.118988806,541.171467475,112.052478669,Other,random,C6H8O2,112.052473000,RC2_0046_ICR-3_p08
453.095526097,565.148005765,112.052479669,Other,random,C6H8O2,112.052473000,RC2_0046_ICR-3_p08
319.058846685,431.111326354,112.052479669,Other,random,C6H8O2,112.052473000,RC2_0046_ICR-3_p08
433.098540925,545.151020593,112.052479669,Other,random,C6H8O2,112.052473000,RC2_0046_ICR-3_p08
483.178938481,595.231419150,112.052480669,Other,random,C6H8O2,112.052473000,RC2_0046_ICR-3_p08
405.046226924,517.098707592,112.052480669,Other,random,C6H8O2,112.052473000,RC2_0046_ICR-3_p08
411.121431152,523.173911821,112.052480669,Other,random,C6H8O2,112.052473000,RC2_0046_ICR-3_p08
493.135048247,605.187528916,112.052480669,Other,random,C6H8O2,112.052473000,RC2_0046_ICR-3_p08
481.127056186,593.179537855,112.052481669,Other,random,C6H8O2,112.052473000,RC2_0046_ICR-3_p08
595.094229732,707.146711401,112.052481669,Other,random,C6H8O2,112.052473000,RC2_0046_ICR-3_p08
605.260528607,717.313010276,112.052481669,Other,random,C6H8O2,112.052473000,RC2_0046_ICR-3_p08
317.116029927,429.168512596,112.052482669,Other,random,C6H8O2,112.052473000,RC2_0046_ICR-3_p08
365.014899738,477.067382407,112.052482669,Other,random,C6H8O2,112.052473000,RC2_0046_ICR-3_p08
489.052126567,601.104609236,112.052482669,Other,random,C6H8O2,112.052473000,RC2_0046_ICR-3_p08
387.129488927,499.181971596,112.052482669,Other,random,C6H8O2,112.052473000,RC2_0046_ICR-3_p08
389.209768102,501.262250771,112.052482669,Other,random,C6H8O2,112.052473000,RC2_0046_ICR-3_p08
339.121490579,451.246680939,112.125190361,Other,random,C8H16,112.125200000,RC2_0046_ICR-3_p08
491.132440742,603.257631103,112.125190361,Other,random,C8H16,112.125200000,RC2_0046_ICR-3_p08
517.075494691,629.200685051,112.125190361,Other,random,C8H16,112.125200000,RC2_0046_ICR-3_p08
509.166310242,621.291501603,112.125191361,Other,random,C8H16,112.125200000,RC2_0046_ICR-3_p08
359.025494145,471.150686506,112.125192361,Other,random,C8H16,112.125200000,RC2_0046_ICR-3_p08
645.110275562,757.235467923,112.125192361,Other,random,C8H16,112.125200000,RC2_0046_ICR-3_p08
393.132102464,505.257294824,112.125192361,Other,random,C8H16,112.125200000,RC2_0046_ICR-3_p08
390.046606553,502.171799913,112.125193361,Other,random,C8H16,112.125200000,RC2_0046_ICR-3_p08
331.103303592,443.228496953,112.125193361,Other,random,C8H16,112.125200000,RC2_0046_ICR-3_p08
351.157780520,463.282973881,112.125193361,Other,random,C8H16,112.125200000,RC2_0046_ICR-3_p08
387.056778235,499.181971596,112.125193361,Other,random,C8H16,112.125200000,RC2_0046_ICR-3_p08
351.121387675,463.246582035,112.125194361,Other,random,C8H16,112.125200000,RC2_0046_ICR-3_p08
453.131953942,565.257149302,112.125195361,Other,random,C8H16,112.125200000,RC2_0046_ICR-3_p08
367.030570187,479.155765548,112.125195361,Other,random,C8H16,112.125200000,RC2_0046_ICR-3_p08
437.194494549,549.319689910,112.125195361,Other,random,C8H16,112.125200000,RC2_0046_ICR-3_p08
359.071536950,471.196733310,112.125196361,Other,random,C8H16,112.125200000,RC2_0046_ICR-3_p08
297.097976844,409.223175205,112.125198360,Other,random,C8H16,112.125200000,RC2_0046_ICR-3_p08
345.046108446,457.171308807,112.125200360,Other,random,C8H16,112.125200000,RC2_0046_ICR-3_p08
601.119982171,713.245182531,112.125200360,Other,random,C8H16,112.125200000,RC2_0046_ICR-3_p08
655.115499120,767.240699480,112.125200360,Other,random,C8H16,112.125200000,RC2_0046_ICR-3_p08
299.032745637,411.157946997,112.125201360,Other,random,C8H16,112.125200000,RC2_0046_ICR-3_p08
375.048609175,487.173811535,112.125202360,Other,random,C8H16,112.125200000,RC2_0046_ICR-3_p08
309.147307731,421.272511091,112.125203360,Other,random,C8H16,112.125200000,RC2_0046_ICR-3_p08
357.118870233,469.244073594,112.125203360,Other,random,C8H16,112.125200000,RC2_0046_ICR-3_p08
401.014832025,513.140035385,112.125203360,Other,random,C8H16,112.125200000,RC2_0046_ICR-3_p08
503.010230356,615.135433717,112.125203360,Other,random,C8H16,112.125200000,RC2_0046_ICR-3_p08
315.108418443,427.233622804,112.125204360,Other,random,C8H16,112.125200000,RC2_0046_ICR-3_p08
625.105198425,737.230402785,112.125204360,Other,random,C8H16,112.125200000,RC2_0046_ICR-3_p08
371.111062878,483.236268238,112.125205360,Other,random,C8H16,112.125200000,RC2_0046_ICR-3_p08
337.105749130,449.230954490,112.125205360,Other,random,C8H16,112.125200000,RC2_0046_ICR-3_p08
319.103353497,431.228560857,112.125207360,Other,random,C8H16,112.125200000,RC2_0046_ICR-3_p08
453.030979370,565.156187731,112.125208360,Other,random,C8H16,112.125200000,RC2_0046_ICR-3_p08
439.088043517,551.213251877,112.125208360,Other,random,C8H16,112.125200000,RC2_0046_ICR-3_p08
529.119881598,641.245090959,112.125209360,Other,random,C8H16,112.125200000,RC2_0046_ICR-3_p08
299.090093394,411.215302754,112.125209360,Other,random,C8H16,112.125200000,RC2_0046_ICR-3_p08
415.124401172,527.249610532,112.125209360,Other,random,C8H16,112.125200000,RC2_0046_ICR-3_p08
304.140246971,417.076967889,112.936720918,Other,random,H1S2O3,112.936714000,RC2_0046_ICR-3_p08
336.108709359,449.085265108,112.976555749,Other,random,C1H4N_1O5P1,112.976564000,RC2_0046_ICR-3_p08
240.087779684,353.064341433,112.976561749,Other,random,C1H4N_1O5P1,112.976564000,RC2_0046_ICR-3_p08
444.130208128,557.106777877,112.976569749,Other,random,C1H4N_1O5P1,112.976564000,RC2_0046_ICR-3_p08
287.056163442,400.103832889,113.047669447,Other,random,C5H7N1O2,113.047679000,RC2_0046_ICR-3_p08
337.092807185,450.140477632,113.047670447,Other,random,C5H7N1O2,113.047679000,RC2_0046_ICR-3_p08
353.160351025,466.208022473,113.047671447,Other,random,C5H7N1O2,113.047679000,RC2_0046_ICR-3_p08
339.121490579,452.169165026,113.047674447,Other,random,C5H7N1O2,113.047679000,RC2_0046_ICR-3_p08
389.051174775,502.098851222,113.047676447,Other,random,C5H7N1O2,113.047679000,RC2_0046_ICR-3_p08
439.051555672,552.099233119,113.047677447,Other,random,C5H7N1O2,113.047679000,RC2_0046_ICR-3_p08
411.056790426,524.104473874,113.047683447,Other,random,C5H7N1O2,113.047679000,RC2_0046_ICR-3_p08
333.025122440,446.072805887,113.047683447,Other,random,C5H7N1O2,113.047679000,RC2_0046_ICR-3_p08
353.014920642,466.062605090,113.047684447,Other,random,C5H7N1O2,113.047679000,RC2_0046_ICR-3_p08
433.077380014,546.125065462,113.047685447,Other,random,C5H7N1O2,113.047679000,RC2_0046_ICR-3_p08
369.095614427,482.179671720,113.084057293,Other,random,Isoleucine_C6H11NO,113.084064000,RC2_0046_ICR-3_p08
431.061771565,544.145829858,113.084058293,Other,random,Isoleucine_C6H11NO,113.084064000,RC2_0046_ICR-3_p08
283.082288299,396.166347592,113.084059293,Other,random,Isoleucine_C6H11NO,113.084064000,RC2_0046_ICR-3_p08
463.051510863,576.135575156,113.084064293,Other,random,Isoleucine_C6H11NO,113.084064000,RC2_0046_ICR-3_p08
323.040714794,436.124782087,113.084067293,Other,random,Isoleucine_C6H11NO,113.084064000,RC2_0046_ICR-3_p08
335.077103735,448.161174028,113.084070293,Other,random,Isoleucine_C6H11NO,113.084064000,RC2_0046_ICR-3_p08
355.116234729,468.200306021,113.084071293,Other,random,Isoleucine_C6H11NO,113.084064000,RC2_0046_ICR-3_p08
369.095614427,482.179671720,113.084057293,Other,random,Isoleucine,113.084064100,RC2_0046_ICR-3_p08
431.061771565,544.145829858,113.084058293,Other,random,Isoleucine,113.084064100,RC2_0046_ICR-3_p08
283.082288299,396.166347592,113.084059293,Other,random,Isoleucine,113.084064100,RC2_0046_ICR-3_p08
463.051510863,576.135575156,113.084064293,Other,random,Isoleucine,113.084064100,RC2_0046_ICR-3_p08
323.040714794,436.124782087,113.084067293,Other,random,Isoleucine,113.084064100,RC2_0046_ICR-3_p08
335.077103735,448.161174028,113.084070293,Other,random,Isoleucine,113.084064100,RC2_0046_ICR-3_p08
355.116234729,468.200306021,113.084071293,Other,random,Isoleucine,113.084064100,RC2_0046_ICR-3_p08
349.092643281,463.087943708,113.995300427,Other,random,C4H2O4,113.995310000,RC2_0046_ICR-3_p08
395.134553969,509.129854397,113.995300427,Other,random,C4H2O4,113.995310000,RC2_0046_ICR-3_p08
429.285576099,543.280876527,113.995300427,Other,random,C4H2O4,113.995310000,RC2_0046_ICR-3_p08
457.236243531,571.231543959,113.995300427,Other,random,C4H2O4,113.995310000,RC2_0046_ICR-3_p08
559.145736227,673.141037655,113.995301427,Other,random,C4H2O4,113.995310000,RC2_0046_ICR-3_p08
359.061871991,473.057173418,113.995301427,Other,random,C4H2O4,113.995310000,RC2_0046_ICR-3_p08
397.186577264,511.181879692,113.995302427,Other,random,C4H2O4,113.995310000,RC2_0046_ICR-3_p08
485.312061433,599.307363860,113.995302427,Other,random,C4H2O4,113.995310000,RC2_0046_ICR-3_p08
355.131632663,469.126936091,113.995303427,Other,random,C4H2O4,113.995310000,RC2_0046_ICR-3_p08
461.072387258,575.067690686,113.995303427,Other,random,C4H2O4,113.995310000,RC2_0046_ICR-3_p08
401.100698661,515.096002088,113.995303427,Other,random,C4H2O4,113.995310000,RC2_0046_ICR-3_p08
303.014600746,417.009905173,113.995304427,Other,random,C4H2O4,113.995310000,RC2_0046_ICR-3_p08
425.145111663,539.140416091,113.995304427,Other,random,C4H2O4,113.995310000,RC2_0046_ICR-3_p08
673.250478191,787.245782618,113.995304427,Other,random,C4H2O4,113.995310000,RC2_0046_ICR-3_p08
347.090198775,461.085503203,113.995304427,Other,random,C4H2O4,113.995310000,RC2_0046_ICR-3_p08
421.199805399,535.195109827,113.995304427,Other,random,C4H2O4,113.995310000,RC2_0046_ICR-3_p08
363.072076980,477.067382407,113.995305427,Other,random,C4H2O4,113.995310000,RC2_0046_ICR-3_p08
359.144237642,473.139544069,113.995306427,Other,random,C4H2O4,113.995310000,RC2_0046_ICR-3_p08
427.225704837,541.221011265,113.995306427,Other,random,C4H2O4,113.995310000,RC2_0046_ICR-3_p08
395.184015759,509.179322187,113.995306427,Other,random,C4H2O4,113.995310000,RC2_0046_ICR-3_p08
419.170937006,533.166243433,113.995306427,Other,random,C4H2O4,113.995310000,RC2_0046_ICR-3_p08
335.113467581,449.108775008,113.995307427,Other,random,C4H2O4,113.995310000,RC2_0046_ICR-3_p08
327.108359539,441.103666966,113.995307427,Other,random,C4H2O4,113.995310000,RC2_0046_ICR-3_p08
329.152296869,443.147604296,113.995307427,Other,random,C4H2O4,113.995310000,RC2_0046_ICR-3_p08
409.142298548,523.137606975,113.995308427,Other,random,C4H2O4,113.995310000,RC2_0046_ICR-3_p08
393.046244828,507.041553255,113.995308427,Other,random,C4H2O4,113.995310000,RC2_0046_ICR-3_p08
403.152739956,517.148048383,113.995308427,Other,random,C4H2O4,113.995310000,RC2_0046_ICR-3_p08
433.041118168,547.036426596,113.995308427,Other,random,C4H2O4,113.995310000,RC2_0046_ICR-3_p08
549.270577118,663.265885546,113.995308427,Other,random,C4H2O4,113.995310000,RC2_0046_ICR-3_p08
320.041108519,434.036417946,113.995309427,Other,random,C4H2O4,113.995310000,RC2_0046_ICR-3_p08
297.147313635,411.142624062,113.995310427,Other,random,C4H2O4,113.995310000,RC2_0046_ICR-3_p08
335.235644063,449.230954490,113.995310427,Other,random,C4H2O4,113.995310000,RC2_0046_ICR-3_p08
377.173368161,491.168678589,113.995310427,Other,random,C4H2O4,113.995310000,RC2_0046_ICR-3_p08
425.181585509,539.176895936,113.995310427,Other,random,C4H2O4,113.995310000,RC2_0046_ICR-3_p08
365.246186757,479.241497184,113.995310427,Other,random,C4H2O4,113.995310000,RC2_0046_ICR-3_p08
371.098111933,485.093422360,113.995310427,Other,random,C4H2O4,113.995310000,RC2_0046_ICR-3_p08
401.051228870,515.046539298,113.995310427,Other,random,C4H2O4,113.995310000,RC2_0046_ICR-3_p08
357.118870233,471.114181661,113.995311427,Other,random,C4H2O4,113.995310000,RC2_0046_ICR-3_p08
325.092731089,439.088043517,113.995312427,Other,random,C4H2O4,113.995310000,RC2_0046_ICR-3_p08
371.199368503,485.194680931,113.995312427,Other,random,C4H2O4,113.995310000,RC2_0046_ICR-3_p08
443.098228505,557.093540933,113.995312427,Other,random,C4H2O4,113.995310000,RC2_0046_ICR-3_p08
469.135005056,583.130317484,113.995312427,Other,random,C4H2O4,113.995310000,RC2_0046_ICR-3_p08
519.200250678,633.195563105,113.995312427,Other,random,C4H2O4,113.995310000,RC2_0046_ICR-3_p08
288.051259221,402.046572648,113.995313427,Other,random,C4H2O4,113.995310000,RC2_0046_ICR-3_p08
317.102938982,431.098252410,113.995313427,Other,random,C4H2O4,113.995310000,RC2_0046_ICR-3_p08
350.087977059,464.083290486,113.995313427,Other,random,C4H2O4,113.995310000,RC2_0046_ICR-3_p08
373.113891382,487.109204809,113.995313427,Other,random,C4H2O4,113.995310000,RC2_0046_ICR-3_p08
377.137127315,491.132440742,113.995313427,Other,random,C4H2O4,113.995310000,RC2_0046_ICR-3_p08
417.241310192,531.236623619,113.995313427,Other,random,C4H2O4,113.995310000,RC2_0046_ICR-3_p08
381.131987369,495.127300796,113.995313427,Other,random,C4H2O4,113.995310000,RC2_0046_ICR-3_p08
431.134733255,545.130046682,113.995313427,Other,random,C4H2O4,113.995310000,RC2_0046_ICR-3_p08
353.188889904,467.184204332,113.995314427,Other,random,C4H2O4,113.995310000,RC2_0046_ICR-3_p08
359.090102871,473.085417299,113.995314427,Other,random,C4H2O4,113.995310000,RC2_0046_ICR-3_p08
327.063959727,441.059274155,113.995314427,Other,random,C4H2O4,113.995310000,RC2_0046_ICR-3_p08
495.077938005,609.073252433,113.995314427,Other,random,C4H2O4,113.995310000,RC2_0046_ICR-3_p08
423.165914059,537.161228486,113.995314427,Other,random,C4H2O4,113.995310000,RC2_0046_ICR-3_p08
278.103313420,392.098628848,113.995315427,Other,random,C4H2O4,113.995310000,RC2_0046_ICR-3_p08
311.162898180,425.158213608,113.995315427,Other,random,C4H2O4,113.995310000,RC2_0046_ICR-3_p08
343.212510225,457.207825652,113.995315427,Other,random,C4H2O4,113.995310000,RC2_0046_ICR-3_p08
407.220360701,521.215676128,113.995315427,Other,random,C4H2O4,113.995310000,RC2_0046_ICR-3_p08
285.126140629,399.121456057,113.995315427,Other,random,C4H2O4,113.995310000,RC2_0046_ICR-3_p08
309.061506094,423.056822522,113.995316427,Other,random,C4H2O4,113.995310000,RC2_0046_ICR-3_p08
357.061348477,471.056664905,113.995316427,Other,random,C4H2O4,113.995310000,RC2_0046_ICR-3_p08
315.087331533,429.082647960,113.995316427,Other,random,C4H2O4,113.995310000,RC2_0046_ICR-3_p08
357.134214168,471.129530596,113.995316427,Other,random,C4H2O4,113.995310000,RC2_0046_ICR-3_p08
389.014911929,503.010230356,113.995318427,Other,random,C4H2O4,113.995310000,RC2_0046_ICR-3_p08
313.108006929,427.103325356,113.995318427,Other,random,C4H2O4,113.995310000,RC2_0046_ICR-3_p08
356.062150716,470.057469143,113.995318427,Other,random,C4H2O4,113.995310000,RC2_0046_ICR-3_p08
405.241225096,519.236543524,113.995318427,Other,random,C4H2O4,113.995310000,RC2_0046_ICR-3_p08
643.240148496,757.235467923,113.995319427,Other,random,C4H2O4,113.995310000,RC2_0046_ICR-3_p08
301.111209820,415.134151130,114.022941310,Other,random,C4H3F1N2O1,114.022941200,RC2_0046_ICR-3_p08
357.061348477,471.093033750,114.031685273,Other,random,C5H6O3,114.031695000,RC2_0046_ICR-3_p08
401.173563352,515.205248625,114.031685273,Other,random,C5H6O3,114.031695000,RC2_0046_ICR-3_p08
407.256874546,521.288559819,114.031685273,Other,random,C5H6O3,114.031695000,RC2_0046_ICR-3_p08
325.178561725,439.210246998,114.031685273,Other,random,C5H6O3,114.031695000,RC2_0046_ICR-3_p08
389.072456685,503.104141958,114.031685273,Other,random,C5H6O3,114.031695000,RC2_0046_ICR-3_p08
343.058954876,457.090642149,114.031687273,Other,random,C5H6O3,114.031695000,RC2_0046_ICR-3_p08
369.264494711,483.296181984,114.031687273,Other,random,C5H6O3,114.031695000,RC2_0046_ICR-3_p08
375.108332921,489.140020194,114.031687273,Other,random,C5H6O3,114.031695000,RC2_0046_ICR-3_p08
404.134936789,518.166624062,114.031687273,Other,random,C5H6O3,114.031695000,RC2_0046_ICR-3_p08
369.155289174,483.186977447,114.031688273,Other,random,C5H6O3,114.031695000,RC2_0046_ICR-3_p08
499.160774686,613.192462959,114.031688273,Other,random,C5H6O3,114.031695000,RC2_0046_ICR-3_p08
359.144237642,473.175926915,114.031689273,Other,random,C5H6O3,114.031695000,RC2_0046_ICR-3_p08
361.214930858,475.246620131,114.031689273,Other,random,C5H6O3,114.031695000,RC2_0046_ICR-3_p08
369.228090865,483.259780139,114.031689273,Other,random,C5H6O3,114.031695000,RC2_0046_ICR-3_p08
304.082595215,418.114285488,114.031690273,Other,random,C5H6O3,114.031695000,RC2_0046_ICR-3_p08
319.095273531,433.126963804,114.031690273,Other,random,C5H6O3,114.031695000,RC2_0046_ICR-3_p08
389.246267948,503.277958221,114.031690273,Other,random,C5H6O3,114.031695000,RC2_0046_ICR-3_p08
507.041553255,621.073243528,114.031690273,Other,random,C5H6O3,114.031695000,RC2_0046_ICR-3_p08
411.121431152,525.153121425,114.031690273,Other,random,C5H6O3,114.031695000,RC2_0046_ICR-3_p08
311.162898180,425.194589453,114.031691273,Other,random,C5H6O3,114.031695000,RC2_0046_ICR-3_p08
345.170591918,459.202283191,114.031691273,Other,random,C5H6O3,114.031695000,RC2_0046_ICR-3_p08
389.064309719,503.096000993,114.031691273,Other,random,C5H6O3,114.031695000,RC2_0046_ICR-3_p08
401.160450407,515.192141680,114.031691273,Other,random,C5H6O3,114.031695000,RC2_0046_ICR-3_p08
459.178979290,573.210670563,114.031691273,Other,random,C5H6O3,114.031695000,RC2_0046_ICR-3_p08
484.153804346,598.185495619,114.031691273,Other,random,C5H6O3,114.031695000,RC2_0046_ICR-3_p08
419.134552160,533.166243433,114.031691273,Other,random,C5H6O3,114.031695000,RC2_0046_ICR-3_p08
497.275378684,611.307069957,114.031691273,Other,random,C5H6O3,114.031695000,RC2_0046_ICR-3_p08
357.155348079,471.187040352,114.031692273,Other,random,C5H6O3,114.031695000,RC2_0046_ICR-3_p08
411.056790426,525.088482700,114.031692273,Other,random,C5H6O3,114.031695000,RC2_0046_ICR-3_p08
351.157780520,465.189472794,114.031692273,Other,random,C5H6O3,114.031695000,RC2_0046_ICR-3_p08
271.110492084,385.142185357,114.031693273,Other,random,C5H6O3,114.031695000,RC2_0046_ICR-3_p08
319.009424895,433.041118168,114.031693273,Other,random,C5H6O3,114.031695000,RC2_0046_ICR-3_p08
343.076587801,457.108281074,114.031693273,Other,random,C5H6O3,114.031695000,RC2_0046_ICR-3_p08
350.087977059,464.119670332,114.031693273,Other,random,C5H6O3,114.031695000,RC2_0046_ICR-3_p08
421.308746937,535.340441210,114.031694273,Other,random,C5H6O3,114.031695000,RC2_0046_ICR-3_p08
327.014339938,441.046034211,114.031694273,Other,random,C5H6O3,114.031695000,RC2_0046_ICR-3_p08
653.209005207,767.240699480,114.031694273,Other,random,C5H6O3,114.031695000,RC2_0046_ICR-3_p08
467.147712487,581.179406760,114.031694273,Other,random,C5H6O3,114.031695000,RC2_0046_ICR-3_p08
317.225161464,431.256855737,114.031694273,Other,random,C5H6O3,114.031695000,RC2_0046_ICR-3_p08
334.129479755,448.161174028,114.031694273,Other,random,C5H6O3,114.031695000,RC2_0046_ICR-3_p08
341.051209393,455.082903666,114.031694273,Other,random,C5H6O3,114.031695000,RC2_0046_ICR-3_p08
309.134218786,423.165914059,114.031695273,Other,random,C5H6O3,114.031695000,RC2_0046_ICR-3_p08
307.194577014,421.226272287,114.031695273,Other,random,C5H6O3,114.031695000,RC2_0046_ICR-3_p08
371.080278008,485.111973281,114.031695273,Other,random,C5H6O3,114.031695000,RC2_0046_ICR-3_p08
373.105781416,487.137476689,114.031695273,Other,random,C5H6O3,114.031695000,RC2_0046_ICR-3_p08
375.144839766,489.176535039,114.031695273,Other,random,C5H6O3,114.031695000,RC2_0046_ICR-3_p08
431.134733255,545.166428528,114.031695273,Other,random,C5H6O3,114.031695000,RC2_0046_ICR-3_p08
317.116029927,431.147726200,114.031696273,Other,random,C5H6O3,114.031695000,RC2_0046_ICR-3_p08
361.056363530,475.088059803,114.031696273,Other,random,C5H6O3,114.031695000,RC2_0046_ICR-3_p08
320.113946210,434.145643483,114.031697273,Other,random,C5H6O3,114.031695000,RC2_0046_ICR-3_p08
343.095198722,457.126895995,114.031697273,Other,random,C5H6O3,114.031695000,RC2_0046_ICR-3_p08
351.108281730,465.139979003,114.031697273,Other,random,C5H6O3,114.031695000,RC2_0046_ICR-3_p08
359.199255408,473.230952681,114.031697273,Other,random,C5H6O3,114.031695000,RC2_0046_ICR-3_p08
375.165906677,489.197603950,114.031697273,Other,random,C5H6O3,114.031695000,RC2_0046_ICR-3_p08
403.170459881,517.202157154,114.031697273,Other,random,C5H6O3,114.031695000,RC2_0046_ICR-3_p08
363.108305826,477.140004099,114.031698273,Other,random,C5H6O3,114.031695000,RC2_0046_ICR-3_p08
373.041077691,487.072775964,114.031698273,Other,random,C5H6O3,114.031695000,RC2_0046_ICR-3_p08
379.175978666,493.207676939,114.031698273,Other,random,C5H6O3,114.031695000,RC2_0046_ICR-3_p08
599.250519101,713.282218374,114.031699273,Other,random,C5H6O3,114.031695000,RC2_0046_ICR-3_p08
362.088018154,476.119717427,114.031699273,Other,random,C5H6O3,114.031695000,RC2_0046_ICR-3_p08
501.052197662,615.083896935,114.031699273,Other,random,C5H6O3,114.031695000,RC2_0046_ICR-3_p08
421.236038246,535.267738519,114.031700273,Other,random,C5H6O3,114.031695000,RC2_0046_ICR-3_p08
617.114742321,731.146442594,114.031700273,Other,random,C5H6O3,114.031695000,RC2_0046_ICR-3_p08
357.046081542,471.077781815,114.031700273,Other,random,C5H6O3,114.031695000,RC2_0046_ICR-3_p08
395.171020815,509.202722088,114.031701273,Other,random,C5H6O3,114.031695000,RC2_0046_ICR-3_p08
457.186738741,571.218440014,114.031701273,Other,random,C5H6O3,114.031695000,RC2_0046_ICR-3_p08
347.199374312,461.231076585,114.031702273,Other,random,C5H6O3,114.031695000,RC2_0046_ICR-3_p08
309.025120249,423.056822522,114.031702273,Other,random,C5H6O3,114.031695000,RC2_0046_ICR-3_p08
367.139612725,481.171314998,114.031702273,Other,random,C5H6O3,114.031695000,RC2_0046_ICR-3_p08
403.051659385,517.083361658,114.031702273,Other,random,C5H6O3,114.031695000,RC2_0046_ICR-3_p08
437.217895450,551.249597723,114.031702273,Other,random,C5H6O3,114.031695000,RC2_0046_ICR-3_p08
361.050771554,475.082473827,114.031702273,Other,random,C5H6O3,114.031695000,RC2_0046_ICR-3_p08
385.150269323,499.181971596,114.031702273,Other,random,C5H6O3,114.031695000,RC2_0046_ICR-3_p08
469.163375936,583.195078209,114.031702273,Other,random,C5H6O3,114.031695000,RC2_0046_ICR-3_p08
401.100698661,515.132400934,114.031702273,Other,random,C5H6O3,114.031695000,RC2_0046_ICR-3_p08
421.186724455,535.218427728,114.031703273,Other,random,C5H6O3,114.031695000,RC2_0046_ICR-3_p08
443.082864571,557.114567844,114.031703273,Other,random,C5H6O3,114.031695000,RC2_0046_ICR-3_p08
297.110920789,411.142624062,114.031703273,Other,random,C5H6O3,114.031695000,RC2_0046_ICR-3_p08
429.046235115,543.077938388,114.031703273,Other,random,C5H6O3,114.031695000,RC2_0046_ICR-3_p08
387.071995171,501.103698444,114.031703273,Other,random,C5H6O3,114.031695000,RC2_0046_ICR-3_p08
357.097827323,471.129530596,114.031703273,Other,random,C5H6O3,114.031695000,RC2_0046_ICR-3_p08
425.072427972,539.104131245,114.031703273,Other,random,C5H6O3,114.031695000,RC2_0046_ICR-3_p08
429.030897180,543.062600453,114.031703273,Other,random,C5H6O3,114.031695000,RC2_0046_ICR-3_p08
295.155105086,409.223175205,114.068070119,Other,random,C6H10O2,114.068080000,RC2_0046_ICR-3_p08
343.131627568,457.199697686,114.068070119,Other,random,C6H10O2,114.068080000,RC2_0046_ICR-3_p08
431.025524718,545.093594837,114.068070119,Other,random,C6H10O2,114.068080000,RC2_0046_ICR-3_p08
375.048609175,489.116679293,114.068070119,Other,random,C6H10O2,114.068080000,RC2_0046_ICR-3_p08
412.174122687,526.242192805,114.068070119,Other,random,C6H10O2,114.068080000,RC2_0046_ICR-3_p08
413.173537447,527.241607566,114.068070119,Other,random,C6H10O2,114.068080000,RC2_0046_ICR-3_p08
333.220002613,447.288073732,114.068071119,Other,random,C6H10O2,114.068080000,RC2_0046_ICR-3_p08
359.098219837,473.166290956,114.068071119,Other,random,C6H10O2,114.068080000,RC2_0046_ICR-3_p08
399.102820136,513.170891254,114.068071119,Other,random,C6H10O2,114.068080000,RC2_0046_ICR-3_p08
321.097822036,435.165894155,114.068072119,Other,random,C6H10O2,114.068080000,RC2_0046_ICR-3_p08
331.103303592,445.171375711,114.068072119,Other,random,C6H10O2,114.068080000,RC2_0046_ICR-3_p08
361.165578067,475.233650186,114.068072119,Other,random,C6H10O2,114.068080000,RC2_0046_ICR-3_p08
409.069534857,523.137606975,114.068072119,Other,random,C6H10O2,114.068080000,RC2_0046_ICR-3_p08
430.077757739,544.145829858,114.068072119,Other,random,C6H10O2,114.068080000,RC2_0046_ICR-3_p08
338.101091907,452.169165026,114.068073119,Other,random,C6H10O2,114.068080000,RC2_0046_ICR-3_p08
377.064367624,491.132440742,114.068073119,Other,random,C6H10O2,114.068080000,RC2_0046_ICR-3_p08
475.173688440,589.241761559,114.068073119,Other,random,C6H10O2,114.068080000,RC2_0046_ICR-3_p08
445.108135979,559.176209098,114.068073119,Other,random,C6H10O2,114.068080000,RC2_0046_ICR-3_p08
319.204436068,433.272509187,114.068073119,Other,random,C6H10O2,114.068080000,RC2_0046_ICR-3_p08
353.079638368,467.147712487,114.068074119,Other,random,C6H10O2,114.068080000,RC2_0046_ICR-3_p08
379.116250920,493.184325038,114.068074119,Other,random,C6H10O2,114.068080000,RC2_0046_ICR-3_p08
385.223013014,499.291087133,114.068074119,Other,random,C6H10O2,114.068080000,RC2_0046_ICR-3_p08
293.139342637,407.207416756,114.068074119,Other,random,C6H10O2,114.068080000,RC2_0046_ICR-3_p08
373.186690073,487.254764192,114.068074119,Other,random,C6H10O2,114.068080000,RC2_0046_ICR-3_p08
515.067632208,629.135706327,114.068074119,Other,random,C6H10O2,114.068080000,RC2_0046_ICR-3_p08
585.052180331,699.120254450,114.068074119,Other,random,C6H10O2,114.068080000,RC2_0046_ICR-3_p08
307.131730281,421.199805399,114.068075119,Other,random,C6H10O2,114.068080000,RC2_0046_ICR-3_p08
336.072402513,450.140477632,114.068075119,Other,random,C6H10O2,114.068080000,RC2_0046_ICR-3_p08
456.086114410,570.154190529,114.068076119,Other,random,C6H10O2,114.068080000,RC2_0046_ICR-3_p08
439.210246998,553.278323117,114.068076119,Other,random,C6H10O2,114.068080000,RC2_0046_ICR-3_p08
399.157739903,513.225817021,114.068077119,Other,random,C6H10O2,114.068080000,RC2_0046_ICR-3_p08
451.116494492,565.184571610,114.068077119,Other,random,C6H10O2,114.068080000,RC2_0046_ICR-3_p08
301.165635589,415.233712708,114.068077119,Other,random,C6H10O2,114.068080000,RC2_0046_ICR-3_p08
479.147709582,593.215786701,114.068077119,Other,random,C6H10O2,114.068080000,RC2_0046_ICR-3_p08
371.134600778,485.202678897,114.068078119,Other,random,C6H10O2,114.068080000,RC2_0046_ICR-3_p08
381.204807060,495.272885178,114.068078119,Other,random,C6H10O2,114.068080000,RC2_0046_ICR-3_p08
399.071957267,513.140035385,114.068078119,Other,random,C6H10O2,114.068080000,RC2_0046_ICR-3_p08
403.051659385,517.119737503,114.068078119,Other,random,C6H10O2,114.068080000,RC2_0046_ICR-3_p08
427.097780380,541.165859499,114.068079119,Other,random,C6H10O2,114.068080000,RC2_0046_ICR-3_p08
403.139707011,517.207786130,114.068079119,Other,random,C6H10O2,114.068080000,RC2_0046_ICR-3_p08
325.178561725,439.246640844,114.068079119,Other,random,C6H10O2,114.068080000,RC2_0046_ICR-3_p08
337.178601821,451.246680939,114.068079119,Other,random,C6H10O2,114.068080000,RC2_0046_ICR-3_p08
435.056770618,549.124849736,114.068079119,Other,random,C6H10O2,114.068080000,RC2_0046_ICR-3_p08
512.112342745,626.180421864,114.068079119,Other,random,C6H10O2,114.068080000,RC2_0046_ICR-3_p08
455.111370545,569.179450664,114.068080119,Other,random,C6H10O2,114.068080000,RC2_0046_ICR-3_p08
299.222743831,413.290823950,114.068080119,Other,random,C6H10O2,114.068080000,RC2_0046_ICR-3_p08
647.198377705,761.266457823,114.068080119,Other,random,C6H10O2,114.068080000,RC2_0046_ICR-3_p08
535.182122882,649.250204001,114.068081119,Other,random,C6H10O2,114.068080000,RC2_0046_ICR-3_p08
431.134733255,545.202814374,114.068081119,Other,random,C6H10O2,114.068080000,RC2_0046_ICR-3_p08
381.074433613,495.142515732,114.068082119,Other,random,C6H10O2,114.068080000,RC2_0046_ICR-3_p08
419.129002184,533.197084303,114.068082119,Other,random,C6H10O2,114.068080000,RC2_0046_ICR-3_p08
318.025419069,432.093501188,114.068082119,Other,random,C6H10O2,114.068080000,RC2_0046_ICR-3_p08
563.031743743,677.099825861,114.068082119,Other,random,C6H10O2,114.068080000,RC2_0046_ICR-3_p08
367.131651759,481.199734877,114.068083119,Other,random,C6H10O2,114.068080000,RC2_0046_ICR-3_p08
377.051321679,491.119404798,114.068083119,Other,random,C6H10O2,114.068080000,RC2_0046_ICR-3_p08
418.041491797,532.109575916,114.068084119,Other,random,C6H10O2,114.068080000,RC2_0046_ICR-3_p08
315.014563841,429.082647960,114.068084119,Other,random,C6H10O2,114.068080000,RC2_0046_ICR-3_p08
429.009854269,543.077938388,114.068084119,Other,random,C6H10O2,114.068080000,RC2_0046_ICR-3_p08
385.142185357,499.210270476,114.068085119,Other,random,C6H10O2,114.068080000,RC2_0046_ICR-3_p08
457.090642149,571.158727268,114.068085119,Other,random,C6H10O2,114.068080000,RC2_0046_ICR-3_p08
351.121387675,465.189472794,114.068085119,Other,random,C6H10O2,114.068080000,RC2_0046_ICR-3_p08
409.150237514,523.218322633,114.068085119,Other,random,C6H10O2,114.068080000,RC2_0046_ICR-3_p08
427.080056455,541.148142574,114.068086119,Other,random,C6H10O2,114.068080000,RC2_0046_ICR-3_p08
361.033077629,475.101163748,114.068086119,Other,random,C6H10O2,114.068080000,RC2_0046_ICR-3_p08
385.150269323,499.218355442,114.068086119,Other,random,C6H10O2,114.068080000,RC2_0046_ICR-3_p08
317.097322006,431.165408125,114.068086119,Other,random,C6H10O2,114.068080000,RC2_0046_ICR-3_p08
397.163217364,511.231304482,114.068087119,Other,random,C6H10O2,114.068080000,RC2_0046_ICR-3_p08
625.250301809,739.318388928,114.068087119,Other,random,C6H10O2,114.068080000,RC2_0046_ICR-3_p08
429.118988806,543.187076925,114.068088119,Other,random,C6H10O2,114.068080000,RC2_0046_ICR-3_p08
367.116372823,481.184460942,114.068088119,Other,random,C6H10O2,114.068080000,RC2_0046_ICR-3_p08
411.085032307,525.153121425,114.068089119,Other,random,C6H10O2,114.068080000,RC2_0046_ICR-3_p08
371.162860658,485.230949777,114.068089119,Other,random,C6H10O2,114.068080000,RC2_0046_ICR-3_p08
435.251600791,549.319689910,114.068089119,Other,random,C6H10O2,114.068080000,RC2_0046_ICR-3_p08
315.100302478,430.127237529,115.026935051,Other,random,Aspartic Acid,115.026943100,RC2_0046_ICR-3_p08
321.061516190,436.088453241,115.026937051,Other,random,Aspartic Acid,115.026943100,RC2_0046_ICR-3_p08
273.025186962,388.052124013,115.026937051,Other,random,Aspartic Acid,115.026943100,RC2_0046_ICR-3_p08
351.035667038,466.062605090,115.026938051,Other,random,Aspartic Acid,115.026943100,RC2_0046_ICR-3_p08
283.131711090,398.158651141,115.026940051,Other,random,Aspartic Acid,115.026943100,RC2_0046_ICR-3_p08
305.030204195,420.057149247,115.026945051,Other,random,Aspartic Acid,115.026943100,RC2_0046_ICR-3_p08
381.046223732,496.073170784,115.026947051,Other,random,Aspartic Acid,115.026943100,RC2_0046_ICR-3_p08
329.066555232,444.093507283,115.026952051,Other,random,Aspartic Acid,115.026943100,RC2_0046_ICR-3_p08
315.100302478,430.127237529,115.026935051,Other,random,Aspartic_Acid_C4H5NO3,115.026944000,RC2_0046_ICR-3_p08
321.061516190,436.088453241,115.026937051,Other,random,Aspartic_Acid_C4H5NO3,115.026944000,RC2_0046_ICR-3_p08
273.025186962,388.052124013,115.026937051,Other,random,Aspartic_Acid_C4H5NO3,115.026944000,RC2_0046_ICR-3_p08
351.035667038,466.062605090,115.026938051,Other,random,Aspartic_Acid_C4H5NO3,115.026944000,RC2_0046_ICR-3_p08
283.131711090,398.158651141,115.026940051,Other,random,Aspartic_Acid_C4H5NO3,115.026944000,RC2_0046_ICR-3_p08
305.030204195,420.057149247,115.026945051,Other,random,Aspartic_Acid_C4H5NO3,115.026944000,RC2_0046_ICR-3_p08
381.046223732,496.073170784,115.026947051,Other,random,Aspartic_Acid_C4H5NO3,115.026944000,RC2_0046_ICR-3_p08
329.066555232,444.093507283,115.026952051,Other,random,Aspartic_Acid_C4H5NO3,115.026944000,RC2_0046_ICR-3_p08
291.108461252,406.150651239,115.042189986,Other,random,C8H5N1,115.042199000,RC2_0046_ICR-3_p08
303.072087502,418.114285488,115.042197986,Other,random,C8H5N1,115.042199000,RC2_0046_ICR-3_p08
333.118975042,448.161174028,115.042198986,Other,random,C8H5N1,115.042199000,RC2_0046_ICR-3_p08
403.051659385,518.093862371,115.042202986,Other,random,C8H5N1,115.042199000,RC2_0046_ICR-3_p08
429.103625871,544.145829858,115.042203986,Other,random,C8H5N1,115.042199000,RC2_0046_ICR-3_p08
447.077694624,562.119901611,115.042206986,Other,random,C8H5N1,115.042199000,RC2_0046_ICR-3_p08
399.020332486,514.062540472,115.042207986,Other,random,C8H5N1,115.042199000,RC2_0046_ICR-3_p08
303.050960591,418.114285488,115.063324897,Other,random,C5H9N1O2,115.063329000,RC2_0046_ICR-3_p08
287.069136387,402.132464284,115.063327897,Other,random,C5H9N1O2,115.063329000,RC2_0046_ICR-3_p08
321.025120344,436.088453241,115.063332897,Other,random,C5H9N1O2,115.063329000,RC2_0046_ICR-3_p08
363.035585134,478.098924031,115.063338897,Other,random,C5H9N1O2,115.063329000,RC2_0046_ICR-3_p08
437.035894222,552.099233119,115.063338897,Other,random,C5H9N1O2,115.063329000,RC2_0046_ICR-3_p08
371.162860658,487.173811535,116.010950877,Other,random,C4H4O4,116.010960000,RC2_0046_ICR-3_p08
645.255506946,761.266457823,116.010950877,Other,random,C4H4O4,116.010960000,RC2_0046_ICR-3_p08
313.238386376,429.249337253,116.010950877,Other,random,C4H4O4,116.010960000,RC2_0046_ICR-3_p08
365.087635429,481.098586306,116.010950877,Other,random,C4H4O4,116.010960000,RC2_0046_ICR-3_p08
321.097822036,437.108773913,116.010951877,Other,random,C4H4O4,116.010960000,RC2_0046_ICR-3_p08
333.128651001,449.139602878,116.010951877,Other,random,C4H4O4,116.010960000,RC2_0046_ICR-3_p08
333.220002613,449.230954490,116.010951877,Other,random,C4H4O4,116.010960000,RC2_0046_ICR-3_p08
345.110818172,461.121770049,116.010951877,Other,random,C4H4O4,116.010960000,RC2_0046_ICR-3_p08
347.107888700,463.118840577,116.010951877,Other,random,C4H4O4,116.010960000,RC2_0046_ICR-3_p08
434.072684792,550.083636669,116.010951877,Other,random,C4H4O4,116.010960000,RC2_0046_ICR-3_p08
454.143238652,570.154190529,116.010951877,Other,random,C4H4O4,116.010960000,RC2_0046_ICR-3_p08
457.041052359,573.052004236,116.010951877,Other,random,C4H4O4,116.010960000,RC2_0046_ICR-3_p08
446.072805887,562.083757764,116.010951877,Other,random,C4H4O4,116.010960000,RC2_0046_ICR-3_p08
413.014801121,529.025752997,116.010951877,Other,random,C4H4O4,116.010960000,RC2_0046_ICR-3_p08
363.157831616,479.168784493,116.010952877,Other,random,C4H4O4,116.010960000,RC2_0046_ICR-3_p08
345.097853227,461.108806104,116.010952877,Other,random,C4H4O4,116.010960000,RC2_0046_ICR-3_p08
459.056737809,575.067690686,116.010952877,Other,random,C4H4O4,116.010960000,RC2_0046_ICR-3_p08
433.150267705,549.161221582,116.010953877,Other,random,C4H4O4,116.010960000,RC2_0046_ICR-3_p08
305.188850522,421.199805399,116.010954877,Other,random,C4H4O4,116.010960000,RC2_0046_ICR-3_p08
357.147287113,473.158241990,116.010954877,Other,random,C4H4O4,116.010960000,RC2_0046_ICR-3_p08
374.124457095,490.135411972,116.010954877,Other,random,C4H4O4,116.010960000,RC2_0046_ICR-3_p08
499.124478840,615.135433717,116.010954877,Other,random,C4H4O4,116.010960000,RC2_0046_ICR-3_p08
431.134733255,547.145688132,116.010954877,Other,random,C4H4O4,116.010960000,RC2_0046_ICR-3_p08
385.178471203,501.189427080,116.010955877,Other,random,C4H4O4,116.010960000,RC2_0046_ICR-3_p08
391.189115706,507.200071583,116.010955877,Other,random,C4H4O4,116.010960000,RC2_0046_ICR-3_p08
339.144720480,455.155676357,116.010955877,Other,random,C4H4O4,116.010960000,RC2_0046_ICR-3_p08
411.194189844,527.205146721,116.010956877,Other,random,C4H4O4,116.010960000,RC2_0046_ICR-3_p08
482.174538742,598.185495619,116.010956877,Other,random,C4H4O4,116.010960000,RC2_0046_ICR-3_p08
353.209782816,469.220739693,116.010956877,Other,random,C4H4O4,116.010960000,RC2_0046_ICR-3_p08
377.173368161,493.184325038,116.010956877,Other,random,C4H4O4,116.010960000,RC2_0046_ICR-3_p08
461.194548740,577.205505617,116.010956877,Other,random,C4H4O4,116.010960000,RC2_0046_ICR-3_p08
269.131227480,385.142185357,116.010957877,Other,random,C4H4O4,116.010960000,RC2_0046_ICR-3_p08
377.014765834,493.025723711,116.010957877,Other,random,C4H4O4,116.010960000,RC2_0046_ICR-3_p08
455.264931894,571.275889771,116.010957877,Other,random,C4H4O4,116.010960000,RC2_0046_ICR-3_p08
509.231268966,625.242226843,116.010957877,Other,random,C4H4O4,116.010960000,RC2_0046_ICR-3_p08
465.262214485,581.273173362,116.010958877,Other,random,C4H4O4,116.010960000,RC2_0046_ICR-3_p08
413.087686811,529.098645688,116.010958877,Other,random,C4H4O4,116.010960000,RC2_0046_ICR-3_p08
343.066959842,459.077919719,116.010959877,Other,random,C4H4O4,116.010960000,RC2_0046_ICR-3_p08
349.019999589,465.030959466,116.010959877,Other,random,C4H4O4,116.010960000,RC2_0046_ICR-3_p08
315.014563841,431.025524718,116.010960877,Other,random,C4H4O4,116.010960000,RC2_0046_ICR-3_p08
403.225581647,519.236543524,116.010961877,Other,random,C4H4O4,116.010960000,RC2_0046_ICR-3_p08
441.067268121,557.078229998,116.010961877,Other,random,C4H4O4,116.010960000,RC2_0046_ICR-3_p08
329.051278297,445.062241174,116.010962877,Other,random,C4H4O4,116.010960000,RC2_0046_ICR-3_p08
395.207334661,511.218297537,116.010962877,Other,random,C4H4O4,116.010960000,RC2_0046_ICR-3_p08
407.256874546,523.267838423,116.010963877,Other,random,C4H4O4,116.010960000,RC2_0046_ICR-3_p08
431.098252410,547.109216287,116.010963877,Other,random,C4H4O4,116.010960000,RC2_0046_ICR-3_p08
365.051172584,481.062136461,116.010963877,Other,random,C4H4O4,116.010960000,RC2_0046_ICR-3_p08
307.045857645,423.056822522,116.010964877,Other,random,C4H4O4,116.010960000,RC2_0046_ICR-3_p08
397.069409762,513.080374638,116.010964877,Other,random,C4H4O4,116.010960000,RC2_0046_ICR-3_p08
300.998940296,417.009905173,116.010964877,Other,random,C4H4O4,116.010960000,RC2_0046_ICR-3_p08
345.074538326,461.085503203,116.010964877,Other,random,C4H4O4,116.010960000,RC2_0046_ICR-3_p08
379.175978666,495.186943543,116.010964877,Other,random,C4H4O4,116.010960000,RC2_0046_ICR-3_p08
445.186636646,561.197601523,116.010964877,Other,random,C4H4O4,116.010960000,RC2_0046_ICR-3_p08
320.077487364,436.088453241,116.010965877,Other,random,C4H4O4,116.010960000,RC2_0046_ICR-3_p08
335.126495526,451.137461403,116.010965877,Other,random,C4H4O4,116.010960000,RC2_0046_ICR-3_p08
371.040630177,487.051596054,116.010965877,Other,random,C4H4O4,116.010960000,RC2_0046_ICR-3_p08
355.285394011,471.296360888,116.010966877,Other,random,C4H4O4,116.010960000,RC2_0046_ICR-3_p08
399.092986177,515.103953054,116.010966877,Other,random,C4H4O4,116.010960000,RC2_0046_ICR-3_p08
363.108305826,479.119272703,116.010966877,Other,random,C4H4O4,116.010960000,RC2_0046_ICR-3_p08
377.137127315,493.148094192,116.010966877,Other,random,C4H4O4,116.010960000,RC2_0046_ICR-3_p08
591.171950371,707.182917248,116.010966877,Other,random,C4H4O4,116.010960000,RC2_0046_ICR-3_p08
373.214900953,489.225868830,116.010967877,Other,random,C4H4O4,116.010960000,RC2_0046_ICR-3_p08
377.160291217,493.171259094,116.010967877,Other,random,C4H4O4,116.010960000,RC2_0046_ICR-3_p08
487.233753281,603.244721158,116.010967877,Other,random,C4H4O4,116.010960000,RC2_0046_ICR-3_p08
343.095198722,459.106166599,116.010967877,Other,random,C4H4O4,116.010960000,RC2_0046_ICR-3_p08
491.228417335,607.239385212,116.010967877,Other,random,C4H4O4,116.010960000,RC2_0046_ICR-3_p08
299.222743831,415.233712708,116.010968877,Other,random,C4H4O4,116.010960000,RC2_0046_ICR-3_p08
409.041108977,525.052077854,116.010968877,Other,random,C4H4O4,116.010960000,RC2_0046_ICR-3_p08
366.168702844,482.179671720,116.010968877,Other,random,C4H4O4,116.010960000,RC2_0046_ICR-3_p08
499.218355442,615.229324319,116.010968877,Other,random,C4H4O4,116.010960000,RC2_0046_ICR-3_p08
369.046234637,485.057204514,116.010969877,Other,random,C4H4O4,116.010960000,RC2_0046_ICR-3_p08
365.160345121,481.171314998,116.010969877,Other,random,C4H4O4,116.010960000,RC2_0046_ICR-3_p08
407.220360701,523.231330578,116.010969877,Other,random,C4H4O4,116.010960000,RC2_0046_ICR-3_p08
437.267353240,553.278323117,116.010969877,Other,random,C4H4O4,116.010960000,RC2_0046_ICR-3_p08
531.299508352,647.321701181,116.022192829,Other,random,C3H4N2O3,116.022193000,RC2_0046_ICR-3_p08
371.035140200,487.064718998,116.029578798,Other,random,C5H8O1S1,116.029587000,RC2_0046_ICR-3_p08
343.076587801,459.106166599,116.029578798,Other,random,C5H8O1S1,116.029587000,RC2_0046_ICR-3_p08
399.102820136,515.132400934,116.029580798,Other,random,C5H8O1S1,116.029587000,RC2_0046_ICR-3_p08
375.066421099,491.096002897,116.029581798,Other,random,C5H8O1S1,116.029587000,RC2_0046_ICR-3_p08
461.175922819,577.205505617,116.029582798,Other,random,C5H8O1S1,116.029587000,RC2_0046_ICR-3_p08
365.154875144,481.184460942,116.029585798,Other,random,C5H8O1S1,116.029587000,RC2_0046_ICR-3_p08
477.170785968,593.200372766,116.029586798,Other,random,C5H8O1S1,116.029587000,RC2_0046_ICR-3_p08
349.050777458,465.080369256,116.029591798,Other,random,C5H8O1S1,116.029587000,RC2_0046_ICR-3_p08
349.092643281,465.139979003,116.047335723,Other,random,C5H8O3,116.047345000,RC2_0046_ICR-3_p08
361.092668376,477.140004099,116.047335723,Other,random,C5H8O3,116.047345000,RC2_0046_ICR-3_p08
379.066941129,495.114276851,116.047335723,Other,random,C5H8O3,116.047345000,RC2_0046_ICR-3_p08
401.160450407,517.207786130,116.047335723,Other,random,C5H8O3,116.047345000,RC2_0046_ICR-3_p08
429.168512596,545.215848318,116.047335723,Other,random,C5H8O3,116.047345000,RC2_0046_ICR-3_p08
515.119369989,631.166705712,116.047335723,Other,random,C5H8O3,116.047345000,RC2_0046_ICR-3_p08
371.144298737,487.191635459,116.047336723,Other,random,C5H8O3,116.047345000,RC2_0046_ICR-3_p08
481.199734877,597.247071600,116.047336723,Other,random,C5H8O3,116.047345000,RC2_0046_ICR-3_p08
507.179091672,623.226428395,116.047336723,Other,random,C5H8O3,116.047345000,RC2_0046_ICR-3_p08
357.061348477,473.108686200,116.047337723,Other,random,C5H8O3,116.047345000,RC2_0046_ICR-3_p08
369.082489483,485.129829206,116.047339723,Other,random,C5H8O3,116.047345000,RC2_0046_ICR-3_p08
319.240762914,435.288102636,116.047339723,Other,random,C5H8O3,116.047345000,RC2_0046_ICR-3_p08
363.121444770,479.168784493,116.047339723,Other,random,C5H8O3,116.047345000,RC2_0046_ICR-3_p08
355.168012509,471.215352231,116.047339723,Other,random,C5H8O3,116.047345000,RC2_0046_ICR-3_p08
313.084682028,429.132022751,116.047340723,Other,random,C5H8O3,116.047345000,RC2_0046_ICR-3_p08
557.130053778,673.177394501,116.047340723,Other,random,C5H8O3,116.047345000,RC2_0046_ICR-3_p08
335.113467581,451.160809304,116.047341723,Other,random,C5H8O3,116.047345000,RC2_0046_ICR-3_p08
367.095291913,483.142633635,116.047341723,Other,random,C5H8O3,116.047345000,RC2_0046_ICR-3_p08
329.115972023,445.163313745,116.047341723,Other,random,C5H8O3,116.047345000,RC2_0046_ICR-3_p08
421.113886764,537.161228486,116.047341723,Other,random,C5H8O3,116.047345000,RC2_0046_ICR-3_p08
443.191963108,559.239304830,116.047341723,Other,random,C5H8O3,116.047345000,RC2_0046_ICR-3_p08
327.014339938,443.061682660,116.047342723,Other,random,C5H8O3,116.047345000,RC2_0046_ICR-3_p08
308.041080423,424.088423146,116.047342723,Other,random,C5H8O3,116.047345000,RC2_0046_ICR-3_p08
315.063982632,431.111326354,116.047343723,Other,random,C5H8O3,116.047345000,RC2_0046_ICR-3_p08
423.157945093,539.205288816,116.047343723,Other,random,C5H8O3,116.047345000,RC2_0046_ICR-3_p08
433.236171341,549.283515063,116.047343723,Other,random,C5H8O3,116.047345000,RC2_0046_ICR-3_p08
501.262250771,617.309595494,116.047344723,Other,random,C5H8O3,116.047345000,RC2_0046_ICR-3_p08
276.051284125,392.098628848,116.047344723,Other,random,C5H8O3,116.047345000,RC2_0046_ICR-3_p08
318.098298760,434.145643483,116.047344723,Other,random,C5H8O3,116.047345000,RC2_0046_ICR-3_p08
320.041108519,436.088453241,116.047344723,Other,random,C5H8O3,116.047345000,RC2_0046_ICR-3_p08
365.173371066,481.220715788,116.047344723,Other,random,C5H8O3,116.047345000,RC2_0046_ICR-3_p08
319.009424895,435.056770618,116.047345723,Other,random,C5H8O3,116.047345000,RC2_0046_ICR-3_p08
355.066835938,471.114181661,116.047345723,Other,random,C5H8O3,116.047345000,RC2_0046_ICR-3_p08
671.125586204,787.172931927,116.047345723,Other,random,C5H8O3,116.047345000,RC2_0046_ICR-3_p08
351.144815575,467.192161298,116.047345723,Other,random,C5H8O3,116.047345000,RC2_0046_ICR-3_p08
355.045688028,471.093033750,116.047345723,Other,random,C5H8O3,116.047345000,RC2_0046_ICR-3_p08
393.204839155,509.252184878,116.047345723,Other,random,C5H8O3,116.047345000,RC2_0046_ICR-3_p08
482.138149897,598.185495619,116.047345723,Other,random,C5H8O3,116.047345000,RC2_0046_ICR-3_p08
311.105372424,427.152719147,116.047346723,Other,random,C5H8O3,116.047345000,RC2_0046_ICR-3_p08
379.225538456,495.272885178,116.047346723,Other,random,C5H8O3,116.047345000,RC2_0046_ICR-3_p08
332.090535404,448.137882127,116.047346723,Other,random,C5H8O3,116.047345000,RC2_0046_ICR-3_p08
383.107904987,499.155251709,116.047346723,Other,random,C5H8O3,116.047345000,RC2_0046_ICR-3_p08
413.014801121,529.062147843,116.047346723,Other,random,C5H8O3,116.047345000,RC2_0046_ICR-3_p08
347.071492855,463.118840577,116.047347723,Other,random,C5H8O3,116.047345000,RC2_0046_ICR-3_p08
379.079953073,495.127300796,116.047347723,Other,random,C5H8O3,116.047345000,RC2_0046_ICR-3_p08
396.064995022,512.112342745,116.047347723,Other,random,C5H8O3,116.047345000,RC2_0046_ICR-3_p08
317.225161464,433.272509187,116.047347723,Other,random,C5H8O3,116.047345000,RC2_0046_ICR-3_p08
427.160767113,543.208114835,116.047347723,Other,random,C5H8O3,116.047345000,RC2_0046_ICR-3_p08
393.046244828,509.093593551,116.047348723,Other,random,C5H8O3,116.047345000,RC2_0046_ICR-3_p08
401.100698661,517.148048383,116.047349723,Other,random,C5H8O3,116.047345000,RC2_0046_ICR-3_p08
350.015254367,466.062605090,116.047350723,Other,random,C5H8O3,116.047345000,RC2_0046_ICR-3_p08
479.192074394,595.239425116,116.047350723,Other,random,C5H8O3,116.047345000,RC2_0046_ICR-3_p08
305.152454677,421.199805399,116.047350723,Other,random,C5H8O3,116.047345000,RC2_0046_ICR-3_p08
373.077404537,489.124755259,116.047350723,Other,random,C5H8O3,116.047345000,RC2_0046_ICR-3_p08
407.147582010,523.194932732,116.047350723,Other,random,C5H8O3,116.047345000,RC2_0046_ICR-3_p08
488.119696523,604.167047245,116.047350723,Other,random,C5H8O3,116.047345000,RC2_0046_ICR-3_p08
343.131627568,459.178979290,116.047351723,Other,random,C5H8O3,116.047345000,RC2_0046_ICR-3_p08
373.129183317,489.176535039,116.047351723,Other,random,C5H8O3,116.047345000,RC2_0046_ICR-3_p08
359.053811025,475.101163748,116.047352723,Other,random,C5H8O3,116.047345000,RC2_0046_ICR-3_p08
499.181971596,615.229324319,116.047352723,Other,random,C5H8O3,116.047345000,RC2_0046_ICR-3_p08
533.288719914,649.336073636,116.047353723,Other,random,C5H8O3,116.047345000,RC2_0046_ICR-3_p08
357.264554615,473.311908338,116.047353723,Other,random,C5H8O3,116.047345000,RC2_0046_ICR-3_p08
373.105781416,489.153135139,116.047353723,Other,random,C5H8O3,116.047345000,RC2_0046_ICR-3_p08
469.207620748,585.254974471,116.047353723,Other,random,C5H8O3,116.047345000,RC2_0046_ICR-3_p08
467.192161298,583.239515021,116.047353723,Other,random,C5H8O3,116.047345000,RC2_0046_ICR-3_p08
441.249208349,557.296563072,116.047354723,Other,random,C5H8O3,116.047345000,RC2_0046_ICR-3_p08
621.255498755,737.302853478,116.047354723,Other,random,C5H8O3,116.047345000,RC2_0046_ICR-3_p08
409.186496360,525.233851083,116.047354723,Other,random,C5H8O3,116.047345000,RC2_0046_ICR-3_p08
267.051077304,383.124900915,116.073823610,Other,random,C8H8O_1N2,116.073833000,RC2_0046_ICR-3_p08
357.037938577,473.111767187,116.073828610,Other,random,C8H8O_1N2,116.073833000,RC2_0046_ICR-3_p08
357.074513421,473.148355032,116.073841610,Other,random,C8H8O_1N2,116.073833000,RC2_0046_ICR-3_p08
355.082262873,472.124848373,117.042585501,Other,random,C4H7O3N1,117.042594000,RC2_0046_ICR-3_p08
447.093013559,564.135599060,117.042585501,Other,random,C4H7O3N1,117.042594000,RC2_0046_ICR-3_p08
347.040703985,464.083290486,117.042586501,Other,random,C4H7O3N1,117.042594000,RC2_0046_ICR-3_p08
449.035882318,566.078469818,117.042587501,Other,random,C4H7O3N1,117.042594000,RC2_0046_ICR-3_p08
276.998980105,394.041568606,117.042588501,Other,random,C4H7O3N1,117.042594000,RC2_0046_ICR-3_p08
275.092456193,392.135046693,117.042590501,Other,random,C4H7O3N1,117.042594000,RC2_0046_ICR-3_p08
363.121444770,480.164035271,117.042590501,Other,random,C4H7O3N1,117.042594000,RC2_0046_ICR-3_p08
345.061361382,462.103958882,117.042597501,Other,random,C4H7O3N1,117.042594000,RC2_0046_ICR-3_p08
331.009427991,448.052028491,117.042600501,Other,random,C4H7O3N1,117.042594000,RC2_0046_ICR-3_p08
294.061942723,411.105876218,117.043933495,Other,random,C5H3N5O_1,117.043930000,RC2_0046_ICR-3_p08
389.072456685,506.130297121,117.057840436,Other,random,C8H7N1,117.057849000,RC2_0046_ICR-3_p08
487.109204809,604.167047245,117.057842436,Other,random,C8H7N1,117.057849000,RC2_0046_ICR-3_p08
359.061871991,476.119717427,117.057845436,Other,random,C8H7N1,117.057849000,RC2_0046_ICR-3_p08
344.090315501,461.148161937,117.057846436,Other,random,C8H7N1,117.057849000,RC2_0046_ICR-3_p08
345.046108446,462.103958882,117.057850436,Other,random,C8H7N1,117.057849000,RC2_0046_ICR-3_p08
311.004275853,428.062129289,117.057853436,Other,random,C8H7N1,117.057849000,RC2_0046_ICR-3_p08
303.087286437,421.077501918,117.990215481,Other,random,C3H2O5,117.990225000,RC2_0046_ICR-3_p08
555.150822174,673.141037655,117.990215481,Other,random,C3H2O5,117.990225000,RC2_0046_ICR-3_p08
367.139612725,485.129829206,117.990216481,Other,random,C3H2O5,117.990225000,RC2_0046_ICR-3_p08
313.165520685,431.155737166,117.990216481,Other,random,C3H2O5,117.990225000,RC2_0046_ICR-3_p08
333.025122440,451.015338921,117.990216481,Other,random,C3H2O5,117.990225000,RC2_0046_ICR-3_p08
371.199368503,489.189585984,117.990217481,Other,random,C3H2O5,117.990225000,RC2_0046_ICR-3_p08
343.118588623,461.108806104,117.990217481,Other,random,C3H2O5,117.990225000,RC2_0046_ICR-3_p08
497.130008301,615.120226781,117.990218481,Other,random,C3H2O5,117.990225000,RC2_0046_ICR-3_p08
371.113403868,489.103623349,117.990219481,Other,random,C3H2O5,117.990225000,RC2_0046_ICR-3_p08
409.142298548,527.132518029,117.990219481,Other,random,C3H2O5,117.990225000,RC2_0046_ICR-3_p08
417.046213019,535.036432500,117.990219481,Other,random,C3H2O5,117.990225000,RC2_0046_ICR-3_p08
359.162951562,477.153172043,117.990220481,Other,random,C3H2O5,117.990225000,RC2_0046_ICR-3_p08
435.288102636,553.278323117,117.990220481,Other,random,C3H2O5,117.990225000,RC2_0046_ICR-3_p08
321.097822036,439.088043517,117.990221481,Other,random,C3H2O5,117.990225000,RC2_0046_ICR-3_p08
357.092252346,475.082473827,117.990221481,Other,random,C3H2O5,117.990225000,RC2_0046_ICR-3_p08
373.105781416,491.096002897,117.990221481,Other,random,C3H2O5,117.990225000,RC2_0046_ICR-3_p08
373.129183317,491.119404798,117.990221481,Other,random,C3H2O5,117.990225000,RC2_0046_ICR-3_p08
377.051321679,495.041546160,117.990224481,Other,random,C3H2O5,117.990225000,RC2_0046_ICR-3_p08
490.171960817,608.162185298,117.990224481,Other,random,C3H2O5,117.990225000,RC2_0046_ICR-3_p08
529.135071534,647.125297015,117.990225481,Other,random,C3H2O5,117.990225000,RC2_0046_ICR-3_p08
501.189427080,619.179653561,117.990226481,Other,random,C3H2O5,117.990225000,RC2_0046_ICR-3_p08
385.150269323,503.140495804,117.990226481,Other,random,C3H2O5,117.990225000,RC2_0046_ICR-3_p08
309.097848940,427.088076421,117.990227481,Other,random,C3H2O5,117.990225000,RC2_0046_ICR-3_p08
429.118988806,547.109216287,117.990227481,Other,random,C3H2O5,117.990225000,RC2_0046_ICR-3_p08
373.113891382,491.104120863,117.990229481,Other,random,C3H2O5,117.990225000,RC2_0046_ICR-3_p08
399.202213714,517.192443195,117.990229481,Other,random,C3H2O5,117.990225000,RC2_0046_ICR-3_p08
355.168012509,473.158241990,117.990229481,Other,random,C3H2O5,117.990225000,RC2_0046_ICR-3_p08
315.050887687,433.041118168,117.990230481,Other,random,C3H2O5,117.990225000,RC2_0046_ICR-3_p08
319.240762914,437.230994394,117.990231481,Other,random,C3H2O5,117.990225000,RC2_0046_ICR-3_p08
346.093059005,464.083290486,117.990231481,Other,random,C3H2O5,117.990225000,RC2_0046_ICR-3_p08
417.082480865,535.072712346,117.990231481,Other,random,C3H2O5,117.990225000,RC2_0046_ICR-3_p08
397.142169453,515.132400934,117.990231481,Other,random,C3H2O5,117.990225000,RC2_0046_ICR-3_p08
337.056308339,455.046540820,117.990232481,Other,random,C3H2O5,117.990225000,RC2_0046_ICR-3_p08
357.097827323,475.088059803,117.990232481,Other,random,C3H2O5,117.990225000,RC2_0046_ICR-3_p08
344.077510555,462.067744036,117.990233481,Other,random,C3H2O5,117.990225000,RC2_0046_ICR-3_p08
359.090102871,477.080336352,117.990233481,Other,random,C3H2O5,117.990225000,RC2_0046_ICR-3_p08
487.246737226,605.236970707,117.990233481,Other,random,C3H2O5,117.990225000,RC2_0046_ICR-3_p08
395.199216695,513.189450176,117.990233481,Other,random,C3H2O5,117.990225000,RC2_0046_ICR-3_p08
443.134565351,561.124799832,117.990234481,Other,random,C3H2O5,117.990225000,RC2_0046_ICR-3_p08
345.110818172,463.101052653,117.990234481,Other,random,C3H2O5,117.990225000,RC2_0046_ICR-3_p08
303.087286437,421.113886764,118.026600327,Other,random,C4H6O4,118.026610000,RC2_0046_ICR-3_p08
393.155279365,511.181879692,118.026600327,Other,random,C4H6O4,118.026610000,RC2_0046_ICR-3_p08
395.199216695,513.225817021,118.026600327,Other,random,C4H6O4,118.026610000,RC2_0046_ICR-3_p08
427.189247992,545.215848318,118.026600327,Other,random,C4H6O4,118.026610000,RC2_0046_ICR-3_p08
451.160809304,569.187409630,118.026600327,Other,random,C4H6O4,118.026610000,RC2_0046_ICR-3_p08
369.183644054,487.210244381,118.026600327,Other,random,C4H6O4,118.026610000,RC2_0046_ICR-3_p08
451.124403458,569.151004785,118.026601327,Other,random,C4H6O4,118.026610000,RC2_0046_ICR-3_p08
313.201958531,431.228560857,118.026602327,Other,random,C4H6O4,118.026610000,RC2_0046_ICR-3_p08
309.183695576,427.210297903,118.026602327,Other,random,C4H6O4,118.026610000,RC2_0046_ICR-3_p08
379.030454283,497.057056610,118.026602327,Other,random,C4H6O4,118.026610000,RC2_0046_ICR-3_p08
341.087629238,459.114232565,118.026603326,Other,random,C4H6O4,118.026610000,RC2_0046_ICR-3_p08
289.157489528,407.184092855,118.026603326,Other,random,C4H6O4,118.026610000,RC2_0046_ICR-3_p08
361.092668376,479.119272703,118.026604326,Other,random,C4H6O4,118.026610000,RC2_0046_ICR-3_p08
465.212909694,583.239515021,118.026605326,Other,random,C4H6O4,118.026610000,RC2_0046_ICR-3_p08
357.110821267,475.137426594,118.026605326,Other,random,C4H6O4,118.026610000,RC2_0046_ICR-3_p08
317.139288828,435.165894155,118.026605326,Other,random,C4H6O4,118.026610000,RC2_0046_ICR-3_p08
365.173371066,483.199977392,118.026606326,Other,random,C4H6O4,118.026610000,RC2_0046_ICR-3_p08
389.173465256,507.200071583,118.026606326,Other,random,C4H6O4,118.026610000,RC2_0046_ICR-3_p08
323.077059640,441.103666966,118.026607326,Other,random,C4H6O4,118.026610000,RC2_0046_ICR-3_p08
369.147203209,487.173811535,118.026608326,Other,random,C4H6O4,118.026610000,RC2_0046_ICR-3_p08
335.235644063,453.262253389,118.026609326,Other,random,C4H6O4,118.026610000,RC2_0046_ICR-3_p08
355.131632663,473.158241990,118.026609326,Other,random,C4H6O4,118.026610000,RC2_0046_ICR-3_p08
411.157946997,529.184556324,118.026609326,Other,random,C4H6O4,118.026610000,RC2_0046_ICR-3_p08
485.194680931,603.221291257,118.026610326,Other,random,C4H6O4,118.026610000,RC2_0046_ICR-3_p08
346.093059005,464.119670332,118.026611326,Other,random,C4H6O4,118.026610000,RC2_0046_ICR-3_p08
349.129151126,467.155762452,118.026611326,Other,random,C4H6O4,118.026610000,RC2_0046_ICR-3_p08
341.160435930,459.187048256,118.026612326,Other,random,C4H6O4,118.026610000,RC2_0046_ICR-3_p08
371.090066967,489.116679293,118.026612326,Other,random,C4H6O4,118.026610000,RC2_0046_ICR-3_p08
386.051592500,504.078205826,118.026613326,Other,random,C4H6O4,118.026610000,RC2_0046_ICR-3_p08
405.241225096,523.267838423,118.026613326,Other,random,C4H6O4,118.026610000,RC2_0046_ICR-3_p08
349.092643281,467.119256607,118.026613326,Other,random,C4H6O4,118.026610000,RC2_0046_ICR-3_p08
367.168067604,485.194680931,118.026613326,Other,random,C4H6O4,118.026610000,RC2_0046_ICR-3_p08
369.118926329,487.145539655,118.026613326,Other,random,C4H6O4,118.026610000,RC2_0046_ICR-3_p08
454.143238652,572.169851979,118.026613326,Other,random,C4H6O4,118.026610000,RC2_0046_ICR-3_p08
355.066835938,473.093450265,118.026614326,Other,random,C4H6O4,118.026610000,RC2_0046_ICR-3_p08
427.124406267,545.151020593,118.026614326,Other,random,C4H6O4,118.026610000,RC2_0046_ICR-3_p08
597.125154117,715.151768444,118.026614326,Other,random,C4H6O4,118.026610000,RC2_0046_ICR-3_p08
463.160771399,581.187386726,118.026615326,Other,random,C4H6O4,118.026610000,RC2_0046_ICR-3_p08
475.246620131,593.273235457,118.026615326,Other,random,C4H6O4,118.026610000,RC2_0046_ICR-3_p08
405.168317406,523.194932732,118.026615326,Other,random,C4H6O4,118.026610000,RC2_0046_ICR-3_p08
365.087635429,483.114250756,118.026615326,Other,random,C4H6O4,118.026610000,RC2_0046_ICR-3_p08
371.113403868,489.140020194,118.026616326,Other,random,C4H6O4,118.026610000,RC2_0046_ICR-3_p08
443.207521042,561.234137368,118.026616326,Other,random,C4H6O4,118.026610000,RC2_0046_ICR-3_p08
347.004343139,465.030959466,118.026616326,Other,random,C4H6O4,118.026610000,RC2_0046_ICR-3_p08
377.051321679,495.077938005,118.026616326,Other,random,C4H6O4,118.026610000,RC2_0046_ICR-3_p08
471.251820077,589.278437403,118.026617326,Other,random,C4H6O4,118.026610000,RC2_0046_ICR-3_p08
357.092252346,475.118869673,118.026617326,Other,random,C4H6O4,118.026610000,RC2_0046_ICR-3_p08
381.118949424,499.145566750,118.026617326,Other,random,C4H6O4,118.026610000,RC2_0046_ICR-3_p08
379.066941129,497.093558455,118.026617326,Other,random,C4H6O4,118.026610000,RC2_0046_ICR-3_p08
547.109216287,665.135833613,118.026617326,Other,random,C4H6O4,118.026610000,RC2_0046_ICR-3_p08
305.030204195,423.056822522,118.026618326,Other,random,C4H6O4,118.026610000,RC2_0046_ICR-3_p08
381.110942458,499.137561784,118.026619326,Other,random,C4H6O4,118.026610000,RC2_0046_ICR-3_p08
321.072898142,439.100838463,118.027940321,Other,random,C5H2N4,118.027946000,RC2_0046_ICR-3_p08
335.088623686,453.116572007,118.027948321,Other,random,C5H2N4,118.027946000,RC2_0046_ICR-3_p08
305.124146797,423.152100118,118.027953321,Other,random,C5H2N4,118.027946000,RC2_0046_ICR-3_p08
331.121968513,449.149923834,118.027955321,Other,random,C5H2N4,118.027946000,RC2_0046_ICR-3_p08
311.053712643,429.095567905,118.041855262,Other,random,C8H6O1,118.041865000,RC2_0046_ICR-3_p08
411.056790426,529.098645688,118.041855262,Other,random,C8H6O1,118.041865000,RC2_0046_ICR-3_p08
319.095273531,437.137129793,118.041856262,Other,random,C8H6O1,118.041865000,RC2_0046_ICR-3_p08
311.040790698,429.082647960,118.041857262,Other,random,C8H6O1,118.041865000,RC2_0046_ICR-3_p08
397.186577264,515.228435526,118.041858262,Other,random,C8H6O1,118.041865000,RC2_0046_ICR-3_p08
323.162931276,441.204789537,118.041858262,Other,random,C8H6O1,118.041865000,RC2_0046_ICR-3_p08
335.004389044,453.046247306,118.041858262,Other,random,C8H6O1,118.041865000,RC2_0046_ICR-3_p08
335.134607491,453.176467753,118.041860262,Other,random,C8H6O1,118.041865000,RC2_0046_ICR-3_p08
305.116084831,423.157945093,118.041860262,Other,random,C8H6O1,118.041865000,RC2_0046_ICR-3_p08
409.163286459,527.205146721,118.041860262,Other,random,C8H6O1,118.041865000,RC2_0046_ICR-3_p08
361.113903286,479.155765548,118.041862262,Other,random,C8H6O1,118.041865000,RC2_0046_ICR-3_p08
375.093185986,493.135048247,118.041862262,Other,random,C8H6O1,118.041865000,RC2_0046_ICR-3_p08
383.111158973,501.153021235,118.041862262,Other,random,C8H6O1,118.041865000,RC2_0046_ICR-3_p08
369.095614427,487.137476689,118.041862262,Other,random,C8H6O1,118.041865000,RC2_0046_ICR-3_p08
325.056365244,443.098228505,118.041863262,Other,random,C8H6O1,118.041865000,RC2_0046_ICR-3_p08
341.137114029,459.178979290,118.041865262,Other,random,C8H6O1,118.041865000,RC2_0046_ICR-3_p08
355.030544092,473.072409354,118.041865262,Other,random,C8H6O1,118.041865000,RC2_0046_ICR-3_p08
403.225581647,521.267446909,118.041865262,Other,random,C8H6O1,118.041865000,RC2_0046_ICR-3_p08
531.208337739,649.250204001,118.041866262,Other,random,C8H6O1,118.041865000,RC2_0046_ICR-3_p08
326.051641022,444.093507283,118.041866262,Other,random,C8H6O1,118.041865000,RC2_0046_ICR-3_p08
365.087635429,483.129501691,118.041866262,Other,random,C8H6O1,118.041865000,RC2_0046_ICR-3_p08
361.105842320,479.147709582,118.041867262,Other,random,C8H6O1,118.041865000,RC2_0046_ICR-3_p08
389.108638531,507.150505793,118.041867262,Other,random,C8H6O1,118.041865000,RC2_0046_ICR-3_p08
443.241664897,561.283533159,118.041868262,Other,random,C8H6O1,118.041865000,RC2_0046_ICR-3_p08
421.144623633,539.186492895,118.041869262,Other,random,C8H6O1,118.041865000,RC2_0046_ICR-3_p08
487.072775964,605.114646225,118.041870262,Other,random,C8H6O1,118.041865000,RC2_0046_ICR-3_p08
340.067304567,458.109174828,118.041870262,Other,random,C8H6O1,118.041865000,RC2_0046_ICR-3_p08
367.079856978,485.121728240,118.041871262,Other,random,C8H6O1,118.041865000,RC2_0046_ICR-3_p08
529.083425753,647.125297015,118.041871262,Other,random,C8H6O1,118.041865000,RC2_0046_ICR-3_p08
355.139738629,473.181610891,118.041872262,Other,random,C8H6O1,118.041865000,RC2_0046_ICR-3_p08
429.067344025,547.109216287,118.041872262,Other,random,C8H6O1,118.041865000,RC2_0046_ICR-3_p08
391.124480980,509.202722088,118.078241107,Other,random,C9H10,118.078250000,RC2_0046_ICR-3_p08
565.047100194,683.125341301,118.078241107,Other,random,C9H10,118.078250000,RC2_0046_ICR-3_p08
319.095273531,437.173515638,118.078242107,Other,random,C9H10,118.078250000,RC2_0046_ICR-3_p08
413.035891031,531.114133139,118.078242107,Other,random,C9H10,118.078250000,RC2_0046_ICR-3_p08
367.152707669,485.230949777,118.078242107,Other,random,C9H10,118.078250000,RC2_0046_ICR-3_p08
395.092647147,513.170891254,118.078244107,Other,random,C9H10,118.078250000,RC2_0046_ICR-3_p08
335.090226680,453.168471787,118.078245107,Other,random,C9H10,118.078250000,RC2_0046_ICR-3_p08
379.152756765,497.231003872,118.078247107,Other,random,C9H10,118.078250000,RC2_0046_ICR-3_p08
477.153172043,595.231419150,118.078247107,Other,random,C9H10,118.078250000,RC2_0046_ICR-3_p08
397.041121882,515.119369989,118.078248107,Other,random,C9H10,118.078250000,RC2_0046_ICR-3_p08
399.129537022,517.207786130,118.078249107,Other,random,C9H10,118.078250000,RC2_0046_ICR-3_p08
337.142265975,455.220515082,118.078249107,Other,random,C9H10,118.078250000,RC2_0046_ICR-3_p08
421.090579863,539.168829970,118.078250107,Other,random,C9H10,118.078250000,RC2_0046_ICR-3_p08
437.085376012,555.163629120,118.078253107,Other,random,C9H10,118.078250000,RC2_0046_ICR-3_p08
381.046223732,499.124478840,118.078255107,Other,random,C9H10,118.078250000,RC2_0046_ICR-3_p08
443.241664897,561.319920004,118.078255107,Other,random,C9H10,118.078250000,RC2_0046_ICR-3_p08
453.189461698,571.267718805,118.078257107,Other,random,C9H10,118.078250000,RC2_0046_ICR-3_p08
391.197170672,509.275429779,118.078259107,Other,random,C9H10,118.078250000,RC2_0046_ICR-3_p08
341.087629238,460.124737278,119.037108040,Other,random,C7H5N1O1,119.037114000,RC2_0046_ICR-3_p08
337.019969494,456.057082533,119.037113040,Other,random,C7H5N1O1,119.037114000,RC2_0046_ICR-3_p08
355.139738629,474.176851669,119.037113040,Other,random,C7H5N1O1,119.037114000,RC2_0046_ICR-3_p08
301.020034207,420.057149247,119.037115040,Other,random,C7H5N1O1,119.037114000,RC2_0046_ICR-3_p08
371.061836087,490.098952127,119.037116040,Other,random,C7H5N1O1,119.037114000,RC2_0046_ICR-3_p08
369.046234637,488.083355677,119.037121040,Other,random,C7H5N1O1,119.037114000,RC2_0046_ICR-3_p08
397.077311728,516.114433768,119.037122040,Other,random,C7H5N1O1,119.037114000,RC2_0046_ICR-3_p08
291.144849098,410.181972137,119.037123040,Other,random,C7H5N1O1,119.037114000,RC2_0046_ICR-3_p08
445.181050670,564.229399662,119.048348992,Other,random,C6H5N3,119.048347000,RC2_0046_ICR-3_p08
241.035461664,360.083818656,119.048356992,Other,random,C6H5N3,119.048347000,RC2_0046_ICR-3_p08
305.152454677,425.173575543,120.021120866,Other,random,C7H4O2,120.021130000,RC2_0046_ICR-3_p08
377.209883006,497.231003872,120.021120866,Other,random,C7H4O2,120.021130000,RC2_0046_ICR-3_p08
403.051659385,523.072780250,120.021120866,Other,random,C7H4O2,120.021130000,RC2_0046_ICR-3_p08
427.210297903,547.231418768,120.021120866,Other,random,C7H4O2,120.021130000,RC2_0046_ICR-3_p08
511.145584846,631.166705712,120.021120866,Other,random,C7H4O2,120.021130000,RC2_0046_ICR-3_p08
337.123528054,457.144648920,120.021120866,Other,random,C7H4O2,120.021130000,RC2_0046_ICR-3_p08
359.126588716,479.147709582,120.021120866,Other,random,C7H4O2,120.021130000,RC2_0046_ICR-3_p08
395.171020815,515.192141680,120.021120866,Other,random,C7H4O2,120.021130000,RC2_0046_ICR-3_p08
281.152441486,401.173563352,120.021121866,Other,random,C7H4O2,120.021130000,RC2_0046_ICR-3_p08
313.069267093,433.090388959,120.021121866,Other,random,C7H4O2,120.021130000,RC2_0046_ICR-3_p08
355.189059420,475.210181285,120.021121866,Other,random,C7H4O2,120.021130000,RC2_0046_ICR-3_p08
411.093011273,531.114133139,120.021121866,Other,random,C7H4O2,120.021130000,RC2_0046_ICR-3_p08
361.178612012,481.199734877,120.021122866,Other,random,C7H4O2,120.021130000,RC2_0046_ICR-3_p08
371.134600778,491.155723644,120.021122866,Other,random,C7H4O2,120.021130000,RC2_0046_ICR-3_p08
365.014899738,485.036023604,120.021123866,Other,random,C7H4O2,120.021130000,RC2_0046_ICR-3_p08
373.041077691,493.062202556,120.021124866,Other,random,C7H4O2,120.021130000,RC2_0046_ICR-3_p08
489.189585984,609.210710850,120.021124866,Other,random,C7H4O2,120.021130000,RC2_0046_ICR-3_p08
333.025122440,453.046247306,120.021124866,Other,random,C7H4O2,120.021130000,RC2_0046_ICR-3_p08
381.241124906,501.262250771,120.021125866,Other,random,C7H4O2,120.021130000,RC2_0046_ICR-3_p08
489.052126567,609.073252433,120.021125866,Other,random,C7H4O2,120.021130000,RC2_0046_ICR-3_p08
325.142186880,445.163313745,120.021126866,Other,random,C7H4O2,120.021130000,RC2_0046_ICR-3_p08
379.139647820,499.160774686,120.021126866,Other,random,C7H4O2,120.021130000,RC2_0046_ICR-3_p08
391.197170672,511.218297537,120.021126866,Other,random,C7H4O2,120.021130000,RC2_0046_ICR-3_p08
579.099126584,699.120254450,120.021127866,Other,random,C7H4O2,120.021130000,RC2_0046_ICR-3_p08
328.067288471,448.088417337,120.021128866,Other,random,C7H4O2,120.021130000,RC2_0046_ICR-3_p08
345.191780828,465.212909694,120.021128866,Other,random,C7H4O2,120.021130000,RC2_0046_ICR-3_p08
311.126596334,431.147726200,120.021129866,Other,random,C7H4O2,120.021130000,RC2_0046_ICR-3_p08
391.152659861,511.173789726,120.021129866,Other,random,C7H4O2,120.021130000,RC2_0046_ICR-3_p08
326.088036867,446.109167733,120.021130866,Other,random,C7H4O2,120.021130000,RC2_0046_ICR-3_p08
335.199384217,455.220515082,120.021130866,Other,random,C7H4O2,120.021130000,RC2_0046_ICR-3_p08
415.233712708,535.254843573,120.021130866,Other,random,C7H4O2,120.021130000,RC2_0046_ICR-3_p08
419.025402623,539.046534489,120.021131866,Other,random,C7H4O2,120.021130000,RC2_0046_ICR-3_p08
303.136812227,423.157945093,120.021132866,Other,random,C7H4O2,120.021130000,RC2_0046_ICR-3_p08
441.103666966,561.124799832,120.021132866,Other,random,C7H4O2,120.021130000,RC2_0046_ICR-3_p08
291.136814132,411.157946997,120.021132866,Other,random,C7H4O2,120.021130000,RC2_0046_ICR-3_p08
338.088041963,458.109174828,120.021132866,Other,random,C7H4O2,120.021130000,RC2_0046_ICR-3_p08
369.082489483,489.103623349,120.021133866,Other,random,C7H4O2,120.021130000,RC2_0046_ICR-3_p08
357.118870233,477.140004099,120.021133866,Other,random,C7H4O2,120.021130000,RC2_0046_ICR-3_p08
389.072456685,509.093593551,120.021136866,Other,random,C7H4O2,120.021130000,RC2_0046_ICR-3_p08
410.072702601,530.093839467,120.021136866,Other,random,C7H4O2,120.021130000,RC2_0046_ICR-3_p08
298.093147623,418.114285488,120.021137866,Other,random,C7H4O2,120.021130000,RC2_0046_ICR-3_p08
331.131668472,451.152806338,120.021137866,Other,random,C7H4O2,120.021130000,RC2_0046_ICR-3_p08
385.180736194,505.201874059,120.021137866,Other,random,C7H4O2,120.021130000,RC2_0046_ICR-3_p08
473.202809801,593.223947666,120.021137866,Other,random,C7H4O2,120.021130000,RC2_0046_ICR-3_p08
385.163305268,505.184444133,120.021138866,Other,random,C7H4O2,120.021130000,RC2_0046_ICR-3_p08
397.126908518,517.148048383,120.021139866,Other,random,C7H4O2,120.021130000,RC2_0046_ICR-3_p08
415.210347807,535.231487673,120.021139866,Other,random,C7H4O2,120.021130000,RC2_0046_ICR-3_p08
309.097848940,429.118988806,120.021139866,Other,random,C7H4O2,120.021130000,RC2_0046_ICR-3_p08
389.051174775,509.072314641,120.021139866,Other,random,C7H4O2,120.021130000,RC2_0046_ICR-3_p08
427.088076421,547.109216287,120.021139866,Other,random,C7H4O2,120.021130000,RC2_0046_ICR-3_p08
229.035456568,349.067822386,120.032365818,Other,random,C6H4N2O1,120.032363000,RC2_0046_ICR-3_p08
299.032745637,419.065111455,120.032365818,Other,random,C6H4N2O1,120.032363000,RC2_0046_ICR-3_p08
231.087516863,351.119889681,120.032372818,Other,random,C6H4N2O1,120.032363000,RC2_0046_ICR-3_p08
451.152806338,571.195130113,120.042323776,Other,random,C4H8O4,120.042333700,RC2_0046_ICR-3_p08
379.139647820,499.181971596,120.042323776,Other,random,C4H8O4,120.042333700,RC2_0046_ICR-3_p08
419.061807469,539.104131245,120.042323776,Other,random,C4H8O4,120.042333700,RC2_0046_ICR-3_p08
485.145205141,605.187528916,120.042323776,Other,random,C4H8O4,120.042333700,RC2_0046_ICR-3_p08
441.059274155,561.101598930,120.042324776,Other,random,C4H8O4,120.042333700,RC2_0046_ICR-3_p08
407.134472065,527.176796841,120.042324776,Other,random,C4H8O4,120.042333700,RC2_0046_ICR-3_p08
435.056770618,555.099096393,120.042325776,Other,random,C4H8O4,120.042333700,RC2_0046_ICR-3_p08
397.142169453,517.184496229,120.042326776,Other,random,C4H8O4,120.042333700,RC2_0046_ICR-3_p08
411.085032307,531.127359082,120.042326776,Other,random,C4H8O4,120.042333700,RC2_0046_ICR-3_p08
417.009905173,537.052231949,120.042326776,Other,random,C4H8O4,120.042333700,RC2_0046_ICR-3_p08
485.121728240,605.164055016,120.042326776,Other,random,C4H8O4,120.042333700,RC2_0046_ICR-3_p08
341.051209393,461.093536169,120.042326776,Other,random,C4H8O4,120.042333700,RC2_0046_ICR-3_p08
339.144720480,459.187048256,120.042327776,Other,random,C4H8O4,120.042333700,RC2_0046_ICR-3_p08
373.056398626,493.098727401,120.042328776,Other,random,C4H8O4,120.042333700,RC2_0046_ICR-3_p08
687.266111736,807.308440511,120.042328776,Other,random,C4H8O4,120.042333700,RC2_0046_ICR-3_p08
431.170922102,551.213251877,120.042329776,Other,random,C4H8O4,120.042333700,RC2_0046_ICR-3_p08
383.061812182,503.104141958,120.042329776,Other,random,C4H8O4,120.042333700,RC2_0046_ICR-3_p08
427.080056455,547.122388231,120.042331776,Other,random,C4H8O4,120.042333700,RC2_0046_ICR-3_p08
489.262142676,609.304474452,120.042331776,Other,random,C4H8O4,120.042333700,RC2_0046_ICR-3_p08
403.175990857,523.218322633,120.042331776,Other,random,C4H8O4,120.042333700,RC2_0046_ICR-3_p08
381.074433613,501.116766389,120.042332776,Other,random,C4H8O4,120.042333700,RC2_0046_ICR-3_p08
397.069409762,517.111742537,120.042332776,Other,random,C4H8O4,120.042333700,RC2_0046_ICR-3_p08
395.171020815,515.213353590,120.042332776,Other,random,C4H8O4,120.042333700,RC2_0046_ICR-3_p08
365.160345121,485.202678897,120.042333776,Other,random,C4H8O4,120.042333700,RC2_0046_ICR-3_p08
443.220591986,563.262925762,120.042333776,Other,random,C4H8O4,120.042333700,RC2_0046_ICR-3_p08
421.186724455,541.229059231,120.042334776,Other,random,C4H8O4,120.042333700,RC2_0046_ICR-3_p08
431.220498891,551.262833667,120.042334776,Other,random,C4H8O4,120.042333700,RC2_0046_ICR-3_p08
511.210291571,631.252626347,120.042334776,Other,random,C4H8O4,120.042333700,RC2_0046_ICR-3_p08
421.142285643,541.184620419,120.042334776,Other,random,C4H8O4,120.042333700,RC2_0046_ICR-3_p08
373.019866781,493.062202556,120.042335776,Other,random,C4H8O4,120.042333700,RC2_0046_ICR-3_p08
437.035894222,557.078229998,120.042335776,Other,random,C4H8O4,120.042333700,RC2_0046_ICR-3_p08
593.151328974,713.193664750,120.042335776,Other,random,C4H8O4,120.042333700,RC2_0046_ICR-3_p08
473.181610891,593.223947666,120.042336776,Other,random,C4H8O4,120.042333700,RC2_0046_ICR-3_p08
515.241401471,635.283739247,120.042337776,Other,random,C4H8O4,120.042333700,RC2_0046_ICR-3_p08
399.071957267,519.114295042,120.042337776,Other,random,C4H8O4,120.042333700,RC2_0046_ICR-3_p08
565.192570576,685.234909352,120.042338776,Other,random,C4H8O4,120.042333700,RC2_0046_ICR-3_p08
423.157945093,543.200283869,120.042338776,Other,random,C4H8O4,120.042333700,RC2_0046_ICR-3_p08
357.183505959,477.225844735,120.042338776,Other,random,C4H8O4,120.042333700,RC2_0046_ICR-3_p08
397.186577264,517.228916040,120.042338776,Other,random,C4H8O4,120.042333700,RC2_0046_ICR-3_p08
343.082106778,463.124446553,120.042339776,Other,random,C4H8O4,120.042333700,RC2_0046_ICR-3_p08
549.197720427,669.240060203,120.042339776,Other,random,C4H8O4,120.042333700,RC2_0046_ICR-3_p08
345.055820405,465.098161181,120.042340776,Other,random,C4H8O4,120.042333700,RC2_0046_ICR-3_p08
347.053659930,467.096000706,120.042340776,Other,random,C4H8O4,120.042333700,RC2_0046_ICR-3_p08
311.004275853,431.046616629,120.042340776,Other,random,C4H8O4,120.042333700,RC2_0046_ICR-3_p08
415.066872416,535.109213191,120.042340776,Other,random,C4H8O4,120.042333700,RC2_0046_ICR-3_p08
365.123981275,485.166323051,120.042341776,Other,random,C4H8O4,120.042333700,RC2_0046_ICR-3_p08
429.067344025,549.124849736,120.057505711,Other,random,C8H8O1,120.057515000,RC2_0046_ICR-3_p08
323.077059640,443.134565351,120.057505711,Other,random,C8H8O1,120.057515000,RC2_0046_ICR-3_p08
331.103303592,451.160809304,120.057505711,Other,random,C8H8O1,120.057515000,RC2_0046_ICR-3_p08
423.160315083,543.217820794,120.057505711,Other,random,C8H8O1,120.057515000,RC2_0046_ICR-3_p08
461.085503203,581.143008914,120.057505711,Other,random,C8H8O1,120.057515000,RC2_0046_ICR-3_p08
314.088137771,434.145643483,120.057505711,Other,random,C8H8O1,120.057515000,RC2_0046_ICR-3_p08
411.165941963,531.223449675,120.057507711,Other,random,C8H8O1,120.057515000,RC2_0046_ICR-3_p08
353.124102179,473.181610891,120.057508711,Other,random,C8H8O1,120.057515000,RC2_0046_ICR-3_p08
386.044299530,506.101808242,120.057508711,Other,random,C8H8O1,120.057515000,RC2_0046_ICR-3_p08
337.105749130,457.163258841,120.057509711,Other,random,C8H8O1,120.057515000,RC2_0046_ICR-3_p08
357.046081542,477.103592253,120.057510711,Other,random,C8H8O1,120.057515000,RC2_0046_ICR-3_p08
569.042680244,689.100190955,120.057510711,Other,random,C8H8O1,120.057515000,RC2_0046_ICR-3_p08
399.056783331,519.114295042,120.057511711,Other,random,C8H8O1,120.057515000,RC2_0046_ICR-3_p08
465.067396311,585.124908023,120.057511711,Other,random,C8H8O1,120.057515000,RC2_0046_ICR-3_p08
341.100522184,461.158034895,120.057512711,Other,random,C8H8O1,120.057515000,RC2_0046_ICR-3_p08
363.085120924,483.142633635,120.057512711,Other,random,C8H8O1,120.057515000,RC2_0046_ICR-3_p08
369.155289174,489.212802886,120.057513711,Other,random,C8H8O1,120.057515000,RC2_0046_ICR-3_p08
379.152756765,499.210270476,120.057513711,Other,random,C8H8O1,120.057515000,RC2_0046_ICR-3_p08
323.040714794,443.098228505,120.057513711,Other,random,C8H8O1,120.057515000,RC2_0046_ICR-3_p08
347.090198775,467.147712487,120.057513711,Other,random,C8H8O1,120.057515000,RC2_0046_ICR-3_p08
381.082418579,501.139932290,120.057513711,Other,random,C8H8O1,120.057515000,RC2_0046_ICR-3_p08
401.072452780,521.129966492,120.057513711,Other,random,C8H8O1,120.057515000,RC2_0046_ICR-3_p08
407.184092855,527.241607566,120.057514711,Other,random,C8H8O1,120.057515000,RC2_0046_ICR-3_p08
431.155737166,551.213251877,120.057514711,Other,random,C8H8O1,120.057515000,RC2_0046_ICR-3_p08
355.030544092,475.088059803,120.057515711,Other,random,C8H8O1,120.057515000,RC2_0046_ICR-3_p08
443.082864571,563.140381282,120.057516711,Other,random,C8H8O1,120.057515000,RC2_0046_ICR-3_p08
307.131730281,427.189247992,120.057517711,Other,random,C8H8O1,120.057515000,RC2_0046_ICR-3_p08
379.134110844,499.191629555,120.057518711,Other,random,C8H8O1,120.057515000,RC2_0046_ICR-3_p08
385.077519632,505.135038343,120.057518711,Other,random,C8H8O1,120.057515000,RC2_0046_ICR-3_p08
501.153021235,621.210539946,120.057518711,Other,random,C8H8O1,120.057515000,RC2_0046_ICR-3_p08
581.114773034,701.172293745,120.057520711,Other,random,C8H8O1,120.057515000,RC2_0046_ICR-3_p08
375.157902711,495.215423422,120.057520711,Other,random,C8H8O1,120.057515000,RC2_0046_ICR-3_p08
347.162921467,467.220442178,120.057520711,Other,random,C8H8O1,120.057515000,RC2_0046_ICR-3_p08
369.095614427,489.153135139,120.057520711,Other,random,C8H8O1,120.057515000,RC2_0046_ICR-3_p08
349.142139071,469.199660782,120.057521711,Other,random,C8H8O1,120.057515000,RC2_0046_ICR-3_p08
637.214016059,757.271537770,120.057521711,Other,random,C8H8O1,120.057515000,RC2_0046_ICR-3_p08
587.125395537,707.182917248,120.057521711,Other,random,C8H8O1,120.057515000,RC2_0046_ICR-3_p08
581.151200879,701.208724591,120.057523711,Other,random,C8H8O1,120.057515000,RC2_0046_ICR-3_p08
289.165650494,409.223175205,120.057524711,Other,random,C8H8O1,120.057515000,RC2_0046_ICR-3_p08
429.225990352,549.283515063,120.057524711,Other,random,C8H8O1,120.057515000,RC2_0046_ICR-3_p08
289.084773837,409.142298548,120.057524711,Other,random,C8H8O1,120.057515000,RC2_0046_ICR-3_p08
493.098727401,613.156252113,120.057524711,Other,random,C8H8O1,120.057515000,RC2_0046_ICR-3_p08
383.098106028,504.114478672,121.016372644,Other,random,C6H3N1O2,121.016379000,RC2_0046_ICR-3_p08
329.087757142,450.104132786,121.016375644,Other,random,C6H3N1O2,121.016379000,RC2_0046_ICR-3_p08
327.072039693,448.088417337,121.016377644,Other,random,C6H3N1O2,121.016379000,RC2_0046_ICR-3_p08
397.113849573,518.130231217,121.016381644,Other,random,C6H3N1O2,121.016379000,RC2_0046_ICR-3_p08
273.025186962,394.041568606,121.016381644,Other,random,C6H3N1O2,121.016379000,RC2_0046_ICR-3_p08
329.124093988,450.140477632,121.016383644,Other,random,C6H3N1O2,121.016379000,RC2_0046_ICR-3_p08
335.090226680,456.106610323,121.016383644,Other,random,C6H3N1O2,121.016379000,RC2_0046_ICR-3_p08
431.082848475,552.099233119,121.016384644,Other,random,C6H3N1O2,121.016379000,RC2_0046_ICR-3_p08
381.046223732,502.062612376,121.016388644,Other,random,C6H3N1O2,121.016379000,RC2_0046_ICR-3_p08
401.072452780,522.161599116,121.089146335,Other,random,C8H11N1,121.089149000,RC2_0046_ICR-3_p08
441.030752276,562.119901611,121.089149335,Other,random,C8H11N1,121.089149000,RC2_0046_ICR-3_p08
369.128625287,491.096002897,121.967377610,Other,random,C2H2O4S1,121.967382000,RC2_0046_ICR-3_p08
373.159911187,495.127300796,121.967389610,Other,random,C2H2O4S1,121.967382000,RC2_0046_ICR-3_p08
317.043276236,439.080046551,122.036770315,Other,random,C7H6O2,122.036780000,RC2_0046_ICR-3_p08
379.116250920,501.153021235,122.036770315,Other,random,C7H6O2,122.036780000,RC2_0046_ICR-3_p08
411.165941963,533.202712279,122.036770315,Other,random,C7H6O2,122.036780000,RC2_0046_ICR-3_p08
455.147662391,577.184432706,122.036770315,Other,random,C7H6O2,122.036780000,RC2_0046_ICR-3_p08
353.100656279,475.137426594,122.036770315,Other,random,C7H6O2,122.036780000,RC2_0046_ICR-3_p08
435.056770618,557.093540933,122.036770315,Other,random,C7H6O2,122.036780000,RC2_0046_ICR-3_p08
333.183743767,455.220515082,122.036771315,Other,random,C7H6O2,122.036780000,RC2_0046_ICR-3_p08
401.014832025,523.051603340,122.036771315,Other,random,C7H6O2,122.036780000,RC2_0046_ICR-3_p08
423.056822522,545.093594837,122.036772315,Other,random,C7H6O2,122.036780000,RC2_0046_ICR-3_p08
336.072402513,458.109174828,122.036772315,Other,random,C7H6O2,122.036780000,RC2_0046_ICR-3_p08
339.072033789,461.108806104,122.036772315,Other,random,C7H6O2,122.036780000,RC2_0046_ICR-3_p08
356.062150716,478.098924031,122.036773315,Other,random,C7H6O2,122.036780000,RC2_0046_ICR-3_p08
367.030570187,489.067343503,122.036773315,Other,random,C7H6O2,122.036780000,RC2_0046_ICR-3_p08
427.088076421,549.124849736,122.036773315,Other,random,C7H6O2,122.036780000,RC2_0046_ICR-3_p08
333.110888076,455.147662391,122.036774315,Other,random,C7H6O2,122.036780000,RC2_0046_ICR-3_p08
353.196874871,475.233650186,122.036775315,Other,random,C7H6O2,122.036780000,RC2_0046_ICR-3_p08
287.186398890,409.223175205,122.036776315,Other,random,C7H6O2,122.036780000,RC2_0046_ICR-3_p08
326.051641022,448.088417337,122.036776315,Other,random,C7H6O2,122.036780000,RC2_0046_ICR-3_p08
389.137012411,511.173789726,122.036777315,Other,random,C7H6O2,122.036780000,RC2_0046_ICR-3_p08
301.121166778,423.157945093,122.036778315,Other,random,C7H6O2,122.036780000,RC2_0046_ICR-3_p08
379.175978666,501.212756981,122.036778315,Other,random,C7H6O2,122.036780000,RC2_0046_ICR-3_p08
457.098673115,579.135451430,122.036778315,Other,random,C7H6O2,122.036780000,RC2_0046_ICR-3_p08
461.093536169,583.130317484,122.036781315,Other,random,C7H6O2,122.036780000,RC2_0046_ICR-3_p08
307.131730281,429.168512596,122.036782315,Other,random,C7H6O2,122.036780000,RC2_0046_ICR-3_p08
324.036023572,446.072805887,122.036782315,Other,random,C7H6O2,122.036780000,RC2_0046_ICR-3_p08
351.108281730,473.145064046,122.036782315,Other,random,C7H6O2,122.036780000,RC2_0046_ICR-3_p08
367.066841034,489.103623349,122.036782315,Other,random,C7H6O2,122.036780000,RC2_0046_ICR-3_p08
395.134553969,517.171336284,122.036782315,Other,random,C7H6O2,122.036780000,RC2_0046_ICR-3_p08
359.162951562,481.199734877,122.036783315,Other,random,C7H6O2,122.036780000,RC2_0046_ICR-3_p08
278.067049574,400.103832889,122.036783315,Other,random,C7H6O2,122.036780000,RC2_0046_ICR-3_p08
389.014911929,511.051695244,122.036783315,Other,random,C7H6O2,122.036780000,RC2_0046_ICR-3_p08
583.094079638,705.130862953,122.036783315,Other,random,C7H6O2,122.036780000,RC2_0046_ICR-3_p08
355.189059420,477.225844735,122.036785315,Other,random,C7H6O2,122.036780000,RC2_0046_ICR-3_p08
425.035929126,547.072716442,122.036787315,Other,random,C7H6O2,122.036780000,RC2_0046_ICR-3_p08
301.020034207,423.056822522,122.036788315,Other,random,C7H6O2,122.036780000,RC2_0046_ICR-3_p08
319.045834741,441.082623056,122.036788315,Other,random,C7H6O2,122.036780000,RC2_0046_ICR-3_p08
296.113972018,418.150760334,122.036788315,Other,random,C7H6O2,122.036780000,RC2_0046_ICR-3_p08
425.072427972,547.109216287,122.036788315,Other,random,C7H6O2,122.036780000,RC2_0046_ICR-3_p08
377.124064370,499.197219531,122.073155161,Other,random,C8H10O1,122.073165000,RC2_0046_ICR-3_p08
343.058954876,465.132110037,122.073155161,Other,random,C8H10O1,122.073165000,RC2_0046_ICR-3_p08
347.098198741,469.171353902,122.073155161,Other,random,C8H10O1,122.073165000,RC2_0046_ICR-3_p08
405.103641680,527.176796841,122.073155161,Other,random,C8H10O1,122.073165000,RC2_0046_ICR-3_p08
393.155279365,515.228435526,122.073156161,Other,random,C8H10O1,122.073165000,RC2_0046_ICR-3_p08
307.009491799,429.082647960,122.073156161,Other,random,C8H10O1,122.073165000,RC2_0046_ICR-3_p08
313.092737994,435.165894155,122.073156161,Other,random,C8H10O1,122.073165000,RC2_0046_ICR-3_p08
391.152659861,513.225817021,122.073157161,Other,random,C8H10O1,122.073165000,RC2_0046_ICR-3_p08
377.051321679,499.124478840,122.073157161,Other,random,C8H10O1,122.073165000,RC2_0046_ICR-3_p08
479.082786858,601.155944018,122.073157161,Other,random,C8H10O1,122.073165000,RC2_0046_ICR-3_p08
399.129537022,521.202695183,122.073158161,Other,random,C8H10O1,122.073165000,RC2_0046_ICR-3_p08
603.158002526,725.231160686,122.073158161,Other,random,C8H10O1,122.073165000,RC2_0046_ICR-3_p08
475.072935867,597.146095028,122.073159161,Other,random,C8H10O1,122.073165000,RC2_0046_ICR-3_p08
363.085120924,485.158281085,122.073160161,Other,random,C8H10O1,122.073165000,RC2_0046_ICR-3_p08
541.229059231,663.302219391,122.073160161,Other,random,C8H10O1,122.073165000,RC2_0046_ICR-3_p08
287.150015044,409.223175205,122.073160161,Other,random,C8H10O1,122.073165000,RC2_0046_ICR-3_p08
351.048548984,473.121709145,122.073160161,Other,random,C8H10O1,122.073165000,RC2_0046_ICR-3_p08
309.183695576,431.256855737,122.073160161,Other,random,C8H10O1,122.073165000,RC2_0046_ICR-3_p08
471.142626540,593.215786701,122.073160161,Other,random,C8H10O1,122.073165000,RC2_0046_ICR-3_p08
374.080788280,496.153949441,122.073161161,Other,random,C8H10O1,122.073165000,RC2_0046_ICR-3_p08
486.096644104,608.169805265,122.073161161,Other,random,C8H10O1,122.073165000,RC2_0046_ICR-3_p08
333.046238350,455.119399511,122.073161161,Other,random,C8H10O1,122.073165000,RC2_0046_ICR-3_p08
296.041124327,418.114285488,122.073161161,Other,random,C8H10O1,122.073165000,RC2_0046_ICR-3_p08
299.113563294,421.186724455,122.073161161,Other,random,C8H10O1,122.073165000,RC2_0046_ICR-3_p08
355.139738629,477.212899790,122.073161161,Other,random,C8H10O1,122.073165000,RC2_0046_ICR-3_p08
367.152707669,489.225868830,122.073161161,Other,random,C8H10O1,122.073165000,RC2_0046_ICR-3_p08
287.069136387,409.142298548,122.073162161,Other,random,C8H10O1,122.073165000,RC2_0046_ICR-3_p08
305.116084831,427.189247992,122.073163161,Other,random,C8H10O1,122.073165000,RC2_0046_ICR-3_p08
365.014899738,487.088062899,122.073163161,Other,random,C8H10O1,122.073165000,RC2_0046_ICR-3_p08
471.187040352,593.260203512,122.073163161,Other,random,C8H10O1,122.073165000,RC2_0046_ICR-3_p08
331.103303592,453.176467753,122.073164161,Other,random,C8H10O1,122.073165000,RC2_0046_ICR-3_p08
395.147674914,517.220839074,122.073164161,Other,random,C8H10O1,122.073165000,RC2_0046_ICR-3_p08
310.033112973,432.106277134,122.073164161,Other,random,C8H10O1,122.073165000,RC2_0046_ICR-3_p08
417.067251930,539.140416091,122.073164161,Other,random,C8H10O1,122.073165000,RC2_0046_ICR-3_p08
445.054132208,567.127297369,122.073165161,Other,random,C8H10O1,122.073165000,RC2_0046_ICR-3_p08
357.110821267,479.183986428,122.073165161,Other,random,C8H10O1,122.073165000,RC2_0046_ICR-3_p08
649.213901155,771.287066315,122.073165161,Other,random,C8H10O1,122.073165000,RC2_0046_ICR-3_p08
352.103685508,474.176851669,122.073166161,Other,random,C8H10O1,122.073165000,RC2_0046_ICR-3_p08
579.099126584,701.172293745,122.073167161,Other,random,C8H10O1,122.073165000,RC2_0046_ICR-3_p08
611.234798263,733.307965424,122.073167161,Other,random,C8H10O1,122.073165000,RC2_0046_ICR-3_p08
353.051312488,475.124479649,122.073167161,Other,random,C8H10O1,122.073165000,RC2_0046_ICR-3_p08
355.066835938,477.140004099,122.073168161,Other,random,C8H10O1,122.073165000,RC2_0046_ICR-3_p08
405.131978560,527.205146721,122.073168161,Other,random,C8H10O1,122.073165000,RC2_0046_ICR-3_p08
367.103365879,489.176535039,122.073169161,Other,random,C8H10O1,122.073165000,RC2_0046_ICR-3_p08
457.062282269,579.135451430,122.073169161,Other,random,C8H10O1,122.073165000,RC2_0046_ICR-3_p08
325.178561725,447.251731886,122.073170161,Other,random,C8H10O1,122.073165000,RC2_0046_ICR-3_p08
401.072452780,523.145622941,122.073170161,Other,random,C8H10O1,122.073165000,RC2_0046_ICR-3_p08
481.184460942,603.257631103,122.073170161,Other,random,C8H10O1,122.073165000,RC2_0046_ICR-3_p08
369.046234637,491.119404798,122.073170161,Other,random,C8H10O1,122.073165000,RC2_0046_ICR-3_p08
665.172612457,787.245782618,122.073170161,Other,random,C8H10O1,122.073165000,RC2_0046_ICR-3_p08
293.066606945,415.139778106,122.073171161,Other,random,C8H10O1,122.073165000,RC2_0046_ICR-3_p08
469.184258847,591.257430008,122.073171161,Other,random,C8H10O1,122.073165000,RC2_0046_ICR-3_p08
423.165914059,545.239085220,122.073171161,Other,random,C8H10O1,122.073165000,RC2_0046_ICR-3_p08
351.157780520,473.230952681,122.073172161,Other,random,C8H10O1,122.073165000,RC2_0046_ICR-3_p08
368.062239811,490.135411972,122.073172161,Other,random,C8H10O1,122.073165000,RC2_0046_ICR-3_p08
289.084773837,411.157946997,122.073173161,Other,random,C8H10O1,122.073165000,RC2_0046_ICR-3_p08
397.041121882,519.114295042,122.073173161,Other,random,C8H10O1,122.073165000,RC2_0046_ICR-3_p08
401.145149472,523.218322633,122.073173161,Other,random,C8H10O1,122.073165000,RC2_0046_ICR-3_p08
345.074538326,467.147712487,122.073174161,Other,random,C8H10O1,122.073165000,RC2_0046_ICR-3_p08
357.082591387,479.155765548,122.073174161,Other,random,C8H10O1,122.073165000,RC2_0046_ICR-3_p08
335.077103735,458.072744983,122.995641248,Other,random,C5H1N1O3,122.995644000,RC2_0046_ICR-3_p08
343.066959842,466.062605090,122.995645248,Other,random,C5H1N1O3,122.995644000,RC2_0046_ICR-3_p08
443.119370416,566.115015663,122.995645248,Other,random,C5H1N1O3,122.995644000,RC2_0046_ICR-3_p08
259.046023262,382.041669510,122.995646248,Other,random,C5H1N1O3,122.995644000,RC2_0046_ICR-3_p08
379.103200975,502.098851222,122.995650248,Other,random,C5H1N1O3,122.995644000,RC2_0046_ICR-3_p08
309.097848940,432.093501188,122.995652248,Other,random,C5H1N1O3,122.995644000,RC2_0046_ICR-3_p08
345.191780828,468.200306021,123.008525193,Other,random,C2H6N1O3P1,123.008532000,RC2_0046_ICR-3_p08
255.232918437,378.241445630,123.008527193,Other,random,C2H6N1O3P1,123.008532000,RC2_0046_ICR-3_p08
538.242004902,661.250538095,123.008533193,Other,random,C2H6N1O3P1,123.008532000,RC2_0046_ICR-3_p08
237.076947456,360.085480649,123.008533193,Other,random,C2H6N1O3P1,123.008532000,RC2_0046_ICR-3_p08
319.139735342,442.148269535,123.008534193,Other,random,C2H6N1O3P1,123.008532000,RC2_0046_ICR-3_p08
437.085376012,560.141220004,123.055843992,Other,random,C6H7N2O1,123.055838000,RC2_0046_ICR-3_p08
295.009489704,418.114285488,123.104795785,Other,random,C8H13N1,123.104799000,RC2_0046_ICR-3_p08
365.014899738,488.119696523,123.104796785,Other,random,C8H13N1,123.104799000,RC2_0046_ICR-3_p08
353.014920642,476.119717427,123.104796785,Other,random,C8H13N1,123.104799000,RC2_0046_ICR-3_p08
441.067268121,564.172068905,123.104800785,Other,random,C8H13N1,123.104799000,RC2_0046_ICR-3_p08
395.061821278,518.166624062,123.104802785,Other,random,C8H13N1,123.104799000,RC2_0046_ICR-3_p08
393.009625983,516.114433768,123.104807785,Other,random,C8H13N1,123.104799000,RC2_0046_ICR-3_p08
325.056365244,448.161174028,123.104808785,Other,random,C8H13N1,123.104799000,RC2_0046_ICR-3_p08
311.149873236,435.106028409,123.956155173,Other,random,H1C1O5P1,123.956163000,RC2_0046_ICR-3_p08
331.118651527,455.074806700,123.956155173,Other,random,H1C1O5P1,123.956163000,RC2_0046_ICR-3_p08
269.103117600,393.059273773,123.956156173,Other,random,H1C1O5P1,123.956163000,RC2_0046_ICR-3_p08
271.227858586,395.184015759,123.956157173,Other,random,H1C1O5P1,123.956163000,RC2_0046_ICR-3_p08
371.207460469,495.163618642,123.956158173,Other,random,H1C1O5P1,123.956163000,RC2_0046_ICR-3_p08
243.160213650,367.116372823,123.956159173,Other,random,H1C1O5P1,123.956163000,RC2_0046_ICR-3_p08
231.123898709,355.080058882,123.956160173,Other,random,H1C1O5P1,123.956163000,RC2_0046_ICR-3_p08
357.264554615,481.220715788,123.956161173,Other,random,H1C1O5P1,123.956163000,RC2_0046_ICR-3_p08
431.207465947,555.163629120,123.956163173,Other,random,H1C1O5P1,123.956163000,RC2_0046_ICR-3_p08
493.122505300,617.078669474,123.956164173,Other,random,H1C1O5P1,123.956163000,RC2_0046_ICR-3_p08
379.103200975,503.059365148,123.956164173,Other,random,H1C1O5P1,123.956163000,RC2_0046_ICR-3_p08
307.118609336,431.074774509,123.956165173,Other,random,H1C1O5P1,123.956163000,RC2_0046_ICR-3_p08
341.233307620,465.189472794,123.956165173,Other,random,H1C1O5P1,123.956163000,RC2_0046_ICR-3_p08
225.113277206,349.069444379,123.956167173,Other,random,H1C1O5P1,123.956163000,RC2_0046_ICR-3_p08
327.181293230,451.137461403,123.956168173,Other,random,H1C1O5P1,123.956163000,RC2_0046_ICR-3_p08
309.134218786,433.090388959,123.956170173,Other,random,H1C1O5P1,123.956163000,RC2_0046_ICR-3_p08
501.139932290,625.105198425,123.965266134,Other,random,C2H4O2S2,123.965274000,RC2_0046_ICR-3_p08
413.136928602,537.102199737,123.965271134,Other,random,C2H4O2S2,123.965274000,RC2_0046_ICR-3_p08
233.081975403,357.074513421,123.992538019,Other,random,C2H5O4P1,123.992548000,RC2_0046_ICR-3_p08
323.186323176,447.178862195,123.992539019,Other,random,C2H5O4P1,123.992548000,RC2_0046_ICR-3_p08
257.139447350,381.131987369,123.992540019,Other,random,C2H5O4P1,123.992548000,RC2_0046_ICR-3_p08
309.097848940,433.090388959,123.992540019,Other,random,C2H5O4P1,123.992548000,RC2_0046_ICR-3_p08
341.124127084,465.116668102,123.992541019,Other,random,C2H5O4P1,123.992548000,RC2_0046_ICR-3_p08
231.087516863,355.080058882,123.992542019,Other,random,C2H5O4P1,123.992548000,RC2_0046_ICR-3_p08
255.051044209,379.043586228,123.992542019,Other,random,C2H5O4P1,123.992548000,RC2_0046_ICR-3_p08
295.045910549,419.038452568,123.992542019,Other,random,C2H5O4P1,123.992548000,RC2_0046_ICR-3_p08
281.066678850,405.059221868,123.992543019,Other,random,C2H5O4P1,123.992548000,RC2_0046_ICR-3_p08
237.040534610,361.033077629,123.992543019,Other,random,C2H5O4P1,123.992548000,RC2_0046_ICR-3_p08
391.212704606,515.205248625,123.992544019,Other,random,C2H5O4P1,123.992548000,RC2_0046_ICR-3_p08
469.244073594,593.236617612,123.992544019,Other,random,C2H5O4P1,123.992548000,RC2_0046_ICR-3_p08
287.186398890,411.178943908,123.992545019,Other,random,C2H5O4P1,123.992548000,RC2_0046_ICR-3_p08
367.176132570,491.168678589,123.992546019,Other,random,C2H5O4P1,123.992548000,RC2_0046_ICR-3_p08
233.154740094,357.147287113,123.992547019,Other,random,C2H5O4P1,123.992548000,RC2_0046_ICR-3_p08
271.155127895,395.147674914,123.992547019,Other,random,C2H5O4P1,123.992548000,RC2_0046_ICR-3_p08
258.134718128,382.127266147,123.992548019,Other,random,C2H5O4P1,123.992548000,RC2_0046_ICR-3_p08
335.149919426,459.142468445,123.992549019,Other,random,C2H5O4P1,123.992548000,RC2_0046_ICR-3_p08
252.087772779,376.080321798,123.992549019,Other,random,C2H5O4P1,123.992548000,RC2_0046_ICR-3_p08
359.113546772,483.106096790,123.992550019,Other,random,C2H5O4P1,123.992548000,RC2_0046_ICR-3_p08
249.149643243,373.142194262,123.992551019,Other,random,C2H5O4P1,123.992548000,RC2_0046_ICR-3_p08
323.077059640,447.069611659,123.992552019,Other,random,C2H5O4P1,123.992548000,RC2_0046_ICR-3_p08
293.175749483,417.168303501,123.992554019,Other,random,C2H5O4P1,123.992548000,RC2_0046_ICR-3_p08
273.134353499,397.126908518,123.992555019,Other,random,C2H5O4P1,123.992548000,RC2_0046_ICR-3_p08
279.160184937,403.152739956,123.992555019,Other,random,C2H5O4P1,123.992548000,RC2_0046_ICR-3_p08
307.082219491,431.074774509,123.992555019,Other,random,C2H5O4P1,123.992548000,RC2_0046_ICR-3_p08
315.181166135,439.173721153,123.992555019,Other,random,C2H5O4P1,123.992548000,RC2_0046_ICR-3_p08
283.082288299,407.074844318,123.992556019,Other,random,C2H5O4P1,123.992548000,RC2_0046_ICR-3_p08
299.222743831,423.215300850,123.992557019,Other,random,C2H5O4P1,123.992548000,RC2_0046_ICR-3_p08
479.205129339,603.221291257,124.016161919,Other,random,C6H4O3,124.016171900,RC2_0046_ICR-3_p08
469.163375936,593.179537855,124.016161919,Other,random,C6H4O3,124.016171900,RC2_0046_ICR-3_p08
403.103167166,527.119329085,124.016161919,Other,random,C6H4O3,124.016171900,RC2_0046_ICR-3_p08
411.020269581,535.036432500,124.016162919,Other,random,C6H4O3,124.016171900,RC2_0046_ICR-3_p08
438.067594846,562.083757764,124.016162919,Other,random,C6H4O3,124.016171900,RC2_0046_ICR-3_p08
527.176796841,651.192960759,124.016163919,Other,random,C6H4O3,124.016171900,RC2_0046_ICR-3_p08
415.116292206,539.132456124,124.016163919,Other,random,C6H4O3,124.016171900,RC2_0046_ICR-3_p08
371.098111933,495.114276851,124.016164919,Other,random,C6H4O3,124.016171900,RC2_0046_ICR-3_p08
417.155302556,541.171467475,124.016164919,Other,random,C6H4O3,124.016171900,RC2_0046_ICR-3_p08
395.147674914,519.163840832,124.016165919,Other,random,C6H4O3,124.016171900,RC2_0046_ICR-3_p08
407.171018910,531.187184829,124.016165919,Other,random,C6H4O3,124.016171900,RC2_0046_ICR-3_p08
445.280643248,569.296809166,124.016165919,Other,random,C6H4O3,124.016171900,RC2_0046_ICR-3_p08
399.194197748,523.210363667,124.016165919,Other,random,C6H4O3,124.016171900,RC2_0046_ICR-3_p08
411.178943908,535.195109827,124.016165919,Other,random,C6H4O3,124.016171900,RC2_0046_ICR-3_p08
691.297826633,815.313993552,124.016166919,Other,random,C6H4O3,124.016171900,RC2_0046_ICR-3_p08
425.230873299,549.247040218,124.016166919,Other,random,C6H4O3,124.016171900,RC2_0046_ICR-3_p08
431.025524718,555.041691637,124.016166919,Other,random,C6H4O3,124.016171900,RC2_0046_ICR-3_p08
469.025924519,593.042091438,124.016166919,Other,random,C6H4O3,124.016171900,RC2_0046_ICR-3_p08
379.097644998,503.113812917,124.016167919,Other,random,C6H4O3,124.016171900,RC2_0046_ICR-3_p08
447.142559349,571.158727268,124.016167919,Other,random,C6H4O3,124.016171900,RC2_0046_ICR-3_p08
347.235652158,471.251820077,124.016167919,Other,random,C6H4O3,124.016171900,RC2_0046_ICR-3_p08
389.123867467,513.140035385,124.016167919,Other,random,C6H4O3,124.016171900,RC2_0046_ICR-3_p08
405.082477770,529.098645688,124.016167919,Other,random,C6H4O3,124.016171900,RC2_0046_ICR-3_p08
427.173820057,551.189987976,124.016167919,Other,random,C6H4O3,124.016171900,RC2_0046_ICR-3_p08
431.192009012,555.208177931,124.016168919,Other,random,C6H4O3,124.016171900,RC2_0046_ICR-3_p08
401.051228870,525.067397789,124.016168919,Other,random,C6H4O3,124.016171900,RC2_0046_ICR-3_p08
381.241124906,505.257294824,124.016169919,Other,random,C6H4O3,124.016171900,RC2_0046_ICR-3_p08
503.213376495,627.229546413,124.016169919,Other,random,C6H4O3,124.016171900,RC2_0046_ICR-3_p08
365.051172584,489.067343503,124.016170919,Other,random,C6H4O3,124.016171900,RC2_0046_ICR-3_p08
381.168273215,505.184444133,124.016170919,Other,random,C6H4O3,124.016171900,RC2_0046_ICR-3_p08
497.093558455,621.109730374,124.016171919,Other,random,C6H4O3,124.016171900,RC2_0046_ICR-3_p08
399.157739903,523.173911821,124.016171919,Other,random,C6H4O3,124.016171900,RC2_0046_ICR-3_p08
423.202264905,547.218436823,124.016171919,Other,random,C6H4O3,124.016171900,RC2_0046_ICR-3_p08
318.074860859,442.091033778,124.016172919,Other,random,C6H4O3,124.016171900,RC2_0046_ICR-3_p08
433.126963804,557.143136722,124.016172919,Other,random,C6H4O3,124.016171900,RC2_0046_ICR-3_p08
441.212854503,565.229027422,124.016172919,Other,random,C6H4O3,124.016171900,RC2_0046_ICR-3_p08
471.259644044,595.275816962,124.016172919,Other,random,C6H4O3,124.016171900,RC2_0046_ICR-3_p08
549.161221582,673.177394501,124.016172919,Other,random,C6H4O3,124.016171900,RC2_0046_ICR-3_p08
441.249208349,565.265383268,124.016174918,Other,random,C6H4O3,124.016171900,RC2_0046_ICR-3_p08
517.228916040,641.245090959,124.016174918,Other,random,C6H4O3,124.016171900,RC2_0046_ICR-3_p08
349.019999589,473.036174507,124.016174919,Other,random,C6H4O3,124.016171900,RC2_0046_ICR-3_p08
329.152296869,453.168471787,124.016174919,Other,random,C6H4O3,124.016171900,RC2_0046_ICR-3_p08
417.046213019,541.062388938,124.016175918,Other,random,C6H4O3,124.016171900,RC2_0046_ICR-3_p08
417.249190158,541.265366077,124.016175918,Other,random,C6H4O3,124.016171900,RC2_0046_ICR-3_p08
515.249765436,639.265941354,124.016175918,Other,random,C6H4O3,124.016171900,RC2_0046_ICR-3_p08
402.046572648,526.062749567,124.016176918,Other,random,C6H4O3,124.016171900,RC2_0046_ICR-3_p08
463.173775344,587.189952263,124.016176918,Other,random,C6H4O3,124.016171900,RC2_0046_ICR-3_p08
331.095193627,455.111370545,124.016176918,Other,random,C6H4O3,124.016171900,RC2_0046_ICR-3_p08
377.100588470,501.116766389,124.016177918,Other,random,C6H4O3,124.016171900,RC2_0046_ICR-3_p08
379.261780302,503.277958221,124.016177918,Other,random,C6H4O3,124.016171900,RC2_0046_ICR-3_p08
577.192546672,701.208724591,124.016177918,Other,random,C6H4O3,124.016171900,RC2_0046_ICR-3_p08
443.082864571,567.099043489,124.016178918,Other,random,C6H4O3,124.016171900,RC2_0046_ICR-3_p08
477.212899790,601.229078708,124.016178918,Other,random,C6H4O3,124.016171900,RC2_0046_ICR-3_p08
375.048609175,499.064788093,124.016178918,Other,random,C6H4O3,124.016171900,RC2_0046_ICR-3_p08
409.077438823,533.093617741,124.016178918,Other,random,C6H4O3,124.016171900,RC2_0046_ICR-3_p08
513.161221295,637.177400214,124.016178918,Other,random,C6H4O3,124.016171900,RC2_0046_ICR-3_p08
395.134553969,519.150732888,124.016178918,Other,random,C6H4O3,124.016171900,RC2_0046_ICR-3_p08
473.166290956,597.182470874,124.016179918,Other,random,C6H4O3,124.016171900,RC2_0046_ICR-3_p08
389.014911929,513.031091847,124.016179918,Other,random,C6H4O3,124.016171900,RC2_0046_ICR-3_p08
437.267353240,561.283533159,124.016179918,Other,random,C6H4O3,124.016171900,RC2_0046_ICR-3_p08
395.220362605,519.236543524,124.016180918,Other,random,C6H4O3,124.016171900,RC2_0046_ICR-3_p08
411.165941963,535.182122882,124.016180918,Other,random,C6H4O3,124.016171900,RC2_0046_ICR-3_p08
455.168554303,579.208399121,124.039844818,Other,random,C6H6N1O2,124.039854000,RC2_0046_ICR-3_p08
485.049086548,609.088931366,124.039844818,Other,random,C6H6N1O2,124.039854000,RC2_0046_ICR-3_p08
517.148048383,641.187900201,124.039851818,Other,random,C6H6N1O2,124.039854000,RC2_0046_ICR-3_p08
291.051042496,415.090899314,124.039856818,Other,random,C6H6N1O2,124.039854000,RC2_0046_ICR-3_p08
447.033191813,571.073052631,124.039860818,Other,random,C6H6N1O2,124.039854000,RC2_0046_ICR-3_p08
295.082307395,420.104825044,125.022517650,Other,random,C4H3N3O2,125.022527000,RC2_0046_ICR-3_p08
465.116668102,590.151762699,125.035094596,Other,random,thymine (-H),125.035102500,RC2_0046_ICR-3_p08
479.095911802,604.131008398,125.035096596,Other,random,thymine (-H),125.035102500,RC2_0046_ICR-3_p08
419.074776414,544.109880010,125.035103596,Other,random,thymine (-H),125.035102500,RC2_0046_ICR-3_p08
421.054026018,546.089131614,125.035105596,Other,random,thymine (-H),125.035102500,RC2_0046_ICR-3_p08
465.116668102,590.151762699,125.035094596,Other,random,thymine_(_H)_C5H5N2O2,125.035103000,RC2_0046_ICR-3_p08
479.095911802,604.131008398,125.035096596,Other,random,thymine_(_H)_C5H5N2O2,125.035103000,RC2_0046_ICR-3_p08
419.074776414,544.109880010,125.035103596,Other,random,thymine_(_H)_C5H5N2O2,125.035103000,RC2_0046_ICR-3_p08
421.054026018,546.089131614,125.035105596,Other,random,thymine_(_H)_C5H5N2O2,125.035103000,RC2_0046_ICR-3_p08
437.121797858,562.156910454,125.035112596,Other,random,thymine_(_H)_C5H5N2O2,125.035103000,RC2_0046_ICR-3_p08
417.249190158,543.272880561,126.023690403,Other,random,C7H7Cl1,126.023700000,RC2_0046_ICR-3_p08
345.228127674,471.251820077,126.023692403,Other,random,C7H7Cl1,126.023700000,RC2_0046_ICR-3_p08
489.124755259,615.148447662,126.023692403,Other,random,C7H7Cl1,126.023700000,RC2_0046_ICR-3_p08
355.066835938,481.090531341,126.023695403,Other,random,C7H7Cl1,126.023700000,RC2_0046_ICR-3_p08
385.077519632,511.101215034,126.023695403,Other,random,C7H7Cl1,126.023700000,RC2_0046_ICR-3_p08
485.166323051,611.190019453,126.023696403,Other,random,C7H7Cl1,126.023700000,RC2_0046_ICR-3_p08
422.080651663,548.104349065,126.023697403,Other,random,C7H7Cl1,126.023700000,RC2_0046_ICR-3_p08
367.103365879,493.127064281,126.023698403,Other,random,C7H7Cl1,126.023700000,RC2_0046_ICR-3_p08
397.223083110,523.246784512,126.023701402,Other,random,C7H7Cl1,126.023700000,RC2_0046_ICR-3_p08
339.108406634,465.132110037,126.023703402,Other,random,C7H7Cl1,126.023700000,RC2_0046_ICR-3_p08
331.176140283,457.207825652,126.031685369,Other,random,C6H6O3,126.031695000,RC2_0046_ICR-3_p08
363.144849671,489.176535039,126.031685369,Other,random,C6H6O3,126.031695000,RC2_0046_ICR-3_p08
311.077088544,437.108773913,126.031685369,Other,random,C6H6O3,126.031695000,RC2_0046_ICR-3_p08
329.079685177,455.111370545,126.031685369,Other,random,C6H6O3,126.031695000,RC2_0046_ICR-3_p08
373.178584107,499.210270476,126.031686369,Other,random,C6H6O3,126.031695000,RC2_0046_ICR-3_p08
417.249190158,543.280876527,126.031686369,Other,random,C6H6O3,126.031695000,RC2_0046_ICR-3_p08
369.095614427,495.127300796,126.031686369,Other,random,C6H6O3,126.031695000,RC2_0046_ICR-3_p08
303.050960591,429.082647960,126.031687369,Other,random,C6H6O3,126.031695000,RC2_0046_ICR-3_p08
315.063982632,441.095670000,126.031687369,Other,random,C6H6O3,126.031695000,RC2_0046_ICR-3_p08
379.152756765,505.184444133,126.031687369,Other,random,C6H6O3,126.031695000,RC2_0046_ICR-3_p08
315.181166135,441.212854503,126.031688369,Other,random,C6H6O3,126.031695000,RC2_0046_ICR-3_p08
431.025524718,557.057213087,126.031688369,Other,random,C6H6O3,126.031695000,RC2_0046_ICR-3_p08
537.270531023,663.302219391,126.031688369,Other,random,C6H6O3,126.031695000,RC2_0046_ICR-3_p08
559.203220983,685.234909352,126.031688369,Other,random,C6H6O3,126.031695000,RC2_0046_ICR-3_p08
407.098242219,533.129930587,126.031688369,Other,random,C6H6O3,126.031695000,RC2_0046_ICR-3_p08
415.139778106,541.171467475,126.031689369,Other,random,C6H6O3,126.031695000,RC2_0046_ICR-3_p08
457.207825652,583.239515021,126.031689369,Other,random,C6H6O3,126.031695000,RC2_0046_ICR-3_p08
571.218440014,697.250129383,126.031689369,Other,random,C6H6O3,126.031695000,RC2_0046_ICR-3_p08
439.116315397,565.148005765,126.031690369,Other,random,C6H6O3,126.031695000,RC2_0046_ICR-3_p08
339.084977734,465.116668102,126.031690369,Other,random,C6H6O3,126.031695000,RC2_0046_ICR-3_p08
363.048628079,489.080318448,126.031690369,Other,random,C6H6O3,126.031695000,RC2_0046_ICR-3_p08
363.121444770,489.153135139,126.031690369,Other,random,C6H6O3,126.031695000,RC2_0046_ICR-3_p08
373.077404537,499.109094905,126.031690369,Other,random,C6H6O3,126.031695000,RC2_0046_ICR-3_p08
329.115972023,455.147662391,126.031690369,Other,random,C6H6O3,126.031695000,RC2_0046_ICR-3_p08
332.041054614,458.072744983,126.031690369,Other,random,C6H6O3,126.031695000,RC2_0046_ICR-3_p08
333.061454286,459.093144654,126.031690369,Other,random,C6H6O3,126.031695000,RC2_0046_ICR-3_p08
303.108454348,429.140145716,126.031691369,Other,random,C6H6O3,126.031695000,RC2_0046_ICR-3_p08
322.106190758,448.137882127,126.031691369,Other,random,C6H6O3,126.031695000,RC2_0046_ICR-3_p08
335.199384217,461.231076585,126.031692369,Other,random,C6H6O3,126.031695000,RC2_0046_ICR-3_p08
359.126588716,485.158281085,126.031692369,Other,random,C6H6O3,126.031695000,RC2_0046_ICR-3_p08
375.066421099,501.098113468,126.031692369,Other,random,C6H6O3,126.031695000,RC2_0046_ICR-3_p08
389.064309719,515.096002088,126.031692369,Other,random,C6H6O3,126.031695000,RC2_0046_ICR-3_p08
407.171018910,533.202712279,126.031693369,Other,random,C6H6O3,126.031695000,RC2_0046_ICR-3_p08
395.207334661,521.239028029,126.031693369,Other,random,C6H6O3,126.031695000,RC2_0046_ICR-3_p08
270.134653224,396.166347592,126.031694369,Other,random,C6H6O3,126.031695000,RC2_0046_ICR-3_p08
317.097322006,443.129016375,126.031694369,Other,random,C6H6O3,126.031695000,RC2_0046_ICR-3_p08
359.199255408,485.230949777,126.031694369,Other,random,C6H6O3,126.031695000,RC2_0046_ICR-3_p08
475.109113714,601.140808083,126.031694369,Other,random,C6H6O3,126.031695000,RC2_0046_ICR-3_p08
485.239013743,611.270708111,126.031694369,Other,random,C6H6O3,126.031695000,RC2_0046_ICR-3_p08
290.030504825,416.062200193,126.031695369,Other,random,C6H6O3,126.031695000,RC2_0046_ICR-3_p08
343.248885070,469.280580439,126.031695369,Other,random,C6H6O3,126.031695000,RC2_0046_ICR-3_p08
553.083418944,679.115114313,126.031695369,Other,random,C6H6O3,126.031695000,RC2_0046_ICR-3_p08
349.050777458,475.082473827,126.031696369,Other,random,C6H6O3,126.031695000,RC2_0046_ICR-3_p08
433.041118168,559.072814537,126.031696369,Other,random,C6H6O3,126.031695000,RC2_0046_ICR-3_p08
495.041546160,621.073243528,126.031697369,Other,random,C6H6O3,126.031695000,RC2_0046_ICR-3_p08
320.041108519,446.072805887,126.031697369,Other,random,C6H6O3,126.031695000,RC2_0046_ICR-3_p08
385.199607114,511.231304482,126.031697369,Other,random,C6H6O3,126.031695000,RC2_0046_ICR-3_p08
567.099043489,693.130741858,126.031698369,Other,random,C6H6O3,126.031695000,RC2_0046_ICR-3_p08
305.087691952,431.119390320,126.031698369,Other,random,C6H6O3,126.031695000,RC2_0046_ICR-3_p08
361.056363530,487.088062899,126.031699369,Other,random,C6H6O3,126.031695000,RC2_0046_ICR-3_p08
399.056783331,525.088482700,126.031699369,Other,random,C6H6O3,126.031695000,RC2_0046_ICR-3_p08
287.141838079,413.173537447,126.031699369,Other,random,C6H6O3,126.031695000,RC2_0046_ICR-3_p08
391.097675094,517.129374462,126.031699369,Other,random,C6H6O3,126.031695000,RC2_0046_ICR-3_p08
449.267391336,575.299091704,126.031700369,Other,random,C6H6O3,126.031695000,RC2_0046_ICR-3_p08
303.136812227,429.168512596,126.031700369,Other,random,C6H6O3,126.031695000,RC2_0046_ICR-3_p08
345.147339017,471.179039386,126.031700369,Other,random,C6H6O3,126.031695000,RC2_0046_ICR-3_p08
463.015467016,589.047167384,126.031700369,Other,random,C6H6O3,126.031695000,RC2_0046_ICR-3_p08
421.236038246,547.267739614,126.031701369,Other,random,C6H6O3,126.031695000,RC2_0046_ICR-3_p08
489.161302104,615.193003473,126.031701369,Other,random,C6H6O3,126.031695000,RC2_0046_ICR-3_p08
331.095193627,457.126895995,126.031702369,Other,random,C6H6O3,126.031695000,RC2_0046_ICR-3_p08
303.087286437,429.118988806,126.031702369,Other,random,C6H6O3,126.031695000,RC2_0046_ICR-3_p08
539.104131245,665.135833613,126.031702369,Other,random,C6H6O3,126.031695000,RC2_0046_ICR-3_p08
335.077103735,461.108806104,126.031702369,Other,random,C6H6O3,126.031695000,RC2_0046_ICR-3_p08
389.087667620,515.119369989,126.031702369,Other,random,C6H6O3,126.031695000,RC2_0046_ICR-3_p08
413.123838658,539.155541027,126.031702369,Other,random,C6H6O3,126.031695000,RC2_0046_ICR-3_p08
425.254227200,551.285930569,126.031703369,Other,random,C6H6O3,126.031695000,RC2_0046_ICR-3_p08
369.046234637,495.077938005,126.031703369,Other,random,C6H6O3,126.031695000,RC2_0046_ICR-3_p08
385.223013014,511.254716383,126.031703369,Other,random,C6H6O3,126.031695000,RC2_0046_ICR-3_p08
561.124799832,687.156503201,126.031703369,Other,random,C6H6O3,126.031695000,RC2_0046_ICR-3_p08
485.275366588,611.307069957,126.031703369,Other,random,C6H6O3,126.031695000,RC2_0046_ICR-3_p08
429.155526651,555.187231019,126.031704369,Other,random,C6H6O3,126.031695000,RC2_0046_ICR-3_p08
535.182122882,661.213827250,126.031704369,Other,random,C6H6O3,126.031695000,RC2_0046_ICR-3_p08
393.204839155,519.236543524,126.031704369,Other,random,C6H6O3,126.031695000,RC2_0046_ICR-3_p08
447.087396583,573.125134926,126.037738343,Other,random,C6H8N1S1,126.037746000,RC2_0046_ICR-3_p08
519.181239758,645.218979101,126.037739343,Other,random,C6H8N1S1,126.037746000,RC2_0046_ICR-3_p08
225.076953360,351.119889681,126.042936321,Other,random,C5H6N2O2,126.042928000,RC2_0046_ICR-3_p08
252.015095088,378.094401254,126.079306167,Other,random,C6H10N2O1,126.079313000,RC2_0046_ICR-3_p08
311.162898180,437.267353240,126.104455060,Other,random,C8H14O1,126.104465000,RC2_0046_ICR-3_p08
423.020394676,549.124849736,126.104455060,Other,random,C8H14O1,126.104465000,RC2_0046_ICR-3_p08
369.074455517,495.178910577,126.104455060,Other,random,C8H14O1,126.104465000,RC2_0046_ICR-3_p08
385.163305268,511.267760328,126.104455060,Other,random,C8H14O1,126.104465000,RC2_0046_ICR-3_p08
417.103659775,543.208114835,126.104455060,Other,random,C8H14O1,126.104465000,RC2_0046_ICR-3_p08
431.147726200,557.252182260,126.104456060,Other,random,C8H14O1,126.104465000,RC2_0046_ICR-3_p08
443.228496953,569.332953013,126.104456060,Other,random,C8H14O1,126.104465000,RC2_0046_ICR-3_p08
379.225538456,505.329995516,126.104457060,Other,random,C8H14O1,126.104465000,RC2_0046_ICR-3_p08
351.121387675,477.225844735,126.104457060,Other,random,C8H14O1,126.104465000,RC2_0046_ICR-3_p08
388.096531825,514.200988885,126.104457060,Other,random,C8H14O1,126.104465000,RC2_0046_ICR-3_p08
339.035520944,465.139979003,126.104458060,Other,random,C8H14O1,126.104465000,RC2_0046_ICR-3_p08
363.072076980,489.176535039,126.104458060,Other,random,C8H14O1,126.104465000,RC2_0046_ICR-3_p08
389.014911929,515.119369989,126.104458060,Other,random,C8H14O1,126.104465000,RC2_0046_ICR-3_p08
359.098219837,485.202678897,126.104459060,Other,random,C8H14O1,126.104465000,RC2_0046_ICR-3_p08
341.043253427,467.147712487,126.104459060,Other,random,C8H14O1,126.104465000,RC2_0046_ICR-3_p08
391.197170672,517.301629732,126.104459060,Other,random,C8H14O1,126.104465000,RC2_0046_ICR-3_p08
429.067344025,555.171803085,126.104459060,Other,random,C8H14O1,126.104465000,RC2_0046_ICR-3_p08
477.153172043,603.257631103,126.104459060,Other,random,C8H14O1,126.104465000,RC2_0046_ICR-3_p08
500.075962804,626.180421864,126.104459060,Other,random,C8H14O1,126.104465000,RC2_0046_ICR-3_p08
447.186907161,573.291366221,126.104459060,Other,random,C8H14O1,126.104465000,RC2_0046_ICR-3_p08
347.077150831,473.181610891,126.104460060,Other,random,C8H14O1,126.104465000,RC2_0046_ICR-3_p08
323.162931276,449.267391336,126.104460060,Other,random,C8H14O1,126.104465000,RC2_0046_ICR-3_p08
417.118955711,543.223415770,126.104460060,Other,random,C8H14O1,126.104465000,RC2_0046_ICR-3_p08
401.145149472,527.249610532,126.104461060,Other,random,C8H14O1,126.104465000,RC2_0046_ICR-3_p08
343.095198722,469.199660782,126.104462060,Other,random,C8H14O1,126.104465000,RC2_0046_ICR-3_p08
289.129249648,415.233712708,126.104463060,Other,random,C8H14O1,126.104465000,RC2_0046_ICR-3_p08
337.056308339,463.160771399,126.104463060,Other,random,C8H14O1,126.104465000,RC2_0046_ICR-3_p08
303.144874193,429.249337253,126.104463060,Other,random,C8H14O1,126.104465000,RC2_0046_ICR-3_p08
350.015254367,476.119717427,126.104463060,Other,random,C8H14O1,126.104465000,RC2_0046_ICR-3_p08
359.040742081,485.145205141,126.104463060,Other,random,C8H14O1,126.104465000,RC2_0046_ICR-3_p08
469.171353902,595.275816962,126.104463060,Other,random,C8H14O1,126.104465000,RC2_0046_ICR-3_p08
365.137137219,491.241601279,126.104464060,Other,random,C8H14O1,126.104465000,RC2_0046_ICR-3_p08
373.113891382,499.218355442,126.104464060,Other,random,C8H14O1,126.104465000,RC2_0046_ICR-3_p08
363.085120924,489.189585984,126.104465060,Other,random,C8H14O1,126.104465000,RC2_0046_ICR-3_p08
599.161710478,725.266175538,126.104465060,Other,random,C8H14O1,126.104465000,RC2_0046_ICR-3_p08
309.055853118,435.160318178,126.104465060,Other,random,C8H14O1,126.104465000,RC2_0046_ICR-3_p08
519.127410987,645.231878047,126.104467060,Other,random,C8H14O1,126.104465000,RC2_0046_ICR-3_p08
319.058846685,445.163313745,126.104467060,Other,random,C8H14O1,126.104465000,RC2_0046_ICR-3_p08
371.126536812,497.231003872,126.104467060,Other,random,C8H14O1,126.104465000,RC2_0046_ICR-3_p08
641.136231420,767.240699480,126.104468060,Other,random,C8H14O1,126.104465000,RC2_0046_ICR-3_p08
367.079856978,493.184325038,126.104468060,Other,random,C8H14O1,126.104465000,RC2_0046_ICR-3_p08
369.118926329,495.223395388,126.104469060,Other,random,C8H14O1,126.104465000,RC2_0046_ICR-3_p08
355.030544092,481.135014152,126.104470060,Other,random,C8H14O1,126.104465000,RC2_0046_ICR-3_p08
359.053811025,485.158281085,126.104470060,Other,random,C8H14O1,126.104465000,RC2_0046_ICR-3_p08
369.168415119,495.272885178,126.104470060,Other,random,C8H14O1,126.104465000,RC2_0046_ICR-3_p08
407.098242219,533.202712279,126.104470060,Other,random,C8H14O1,126.104465000,RC2_0046_ICR-3_p08
513.116938483,639.221408543,126.104470060,Other,random,C8H14O1,126.104465000,RC2_0046_ICR-3_p08
361.113903286,487.218374346,126.104471060,Other,random,C8H14O1,126.104465000,RC2_0046_ICR-3_p08
453.030979370,579.135451430,126.104472060,Other,random,C8H14O1,126.104465000,RC2_0046_ICR-3_p08
347.207435278,473.311908338,126.104473060,Other,random,C8H14O1,126.104465000,RC2_0046_ICR-3_p08
353.100656279,479.205129339,126.104473060,Other,random,C8H14O1,126.104465000,RC2_0046_ICR-3_p08
397.113849573,523.218322633,126.104473060,Other,random,C8H14O1,126.104465000,RC2_0046_ICR-3_p08
438.067594846,564.172068905,126.104474060,Other,random,C8H14O1,126.104465000,RC2_0046_ICR-3_p08
387.035561325,513.140035385,126.104474060,Other,random,C8H14O1,126.104465000,RC2_0046_ICR-3_p08
389.087667620,515.192141680,126.104474060,Other,random,C8H14O1,126.104465000,RC2_0046_ICR-3_p08
395.134553969,521.239028029,126.104474060,Other,random,C8H14O1,126.104465000,RC2_0046_ICR-3_p08
369.046234637,496.073170784,127.026936147,Other,random,C5H5O3N1,127.026944000,RC2_0046_ICR-3_p08
317.066569137,444.093507283,127.026938147,Other,random,C5H5O3N1,127.026944000,RC2_0046_ICR-3_p08
321.074629134,448.101568281,127.026939147,Other,random,C5H5O3N1,127.026944000,RC2_0046_ICR-3_p08
291.123821187,418.150760334,127.026939147,Other,random,C5H5O3N1,127.026944000,RC2_0046_ICR-3_p08
303.014600746,430.041541892,127.026941147,Other,random,C5H5O3N1,127.026944000,RC2_0046_ICR-3_p08
321.134232882,448.161174028,127.026941147,Other,random,C5H5O3N1,127.026944000,RC2_0046_ICR-3_p08
512.093793824,639.120735970,127.026942147,Other,random,C5H5O3N1,127.026944000,RC2_0046_ICR-3_p08
309.061506094,436.088453241,127.026947147,Other,random,C5H5O3N1,127.026944000,RC2_0046_ICR-3_p08
379.030454283,506.057403430,127.026949147,Other,random,C5H5O3N1,127.026944000,RC2_0046_ICR-3_p08
341.137114029,468.164064175,127.026950147,Other,random,C5H5O3N1,127.026944000,RC2_0046_ICR-3_p08
347.149900522,474.176851669,127.026951147,Other,random,C5H5O3N1,127.026944000,RC2_0046_ICR-3_p08
337.019969494,464.083290486,127.063320992,Other,random,C6H9O2N1,127.063329000,RC2_0046_ICR-3_p08
329.043287331,456.106610323,127.063322992,Other,random,C6H9O2N1,127.063329000,RC2_0046_ICR-3_p08
349.056393435,476.119717427,127.063323992,Other,random,C6H9O2N1,127.063329000,RC2_0046_ICR-3_p08
437.072269068,564.135599060,127.063329992,Other,random,C6H9O2N1,127.063329000,RC2_0046_ICR-3_p08
369.131865274,496.195196266,127.063330992,Other,random,C6H9O2N1,127.063329000,RC2_0046_ICR-3_p08
361.056363530,488.119696523,127.063332992,Other,random,C6H9O2N1,127.063329000,RC2_0046_ICR-3_p08
309.025120249,436.088453241,127.063332992,Other,random,C6H9O2N1,127.063329000,RC2_0046_ICR-3_p08
319.045834741,446.109167733,127.063332992,Other,random,C6H9O2N1,127.063329000,RC2_0046_ICR-3_p08
449.072241163,576.135575156,127.063333992,Other,random,C6H9O2N1,127.063329000,RC2_0046_ICR-3_p08
363.072076980,490.135411972,127.063334992,Other,random,C6H9O2N1,127.063329000,RC2_0046_ICR-3_p08
265.147916378,392.211252370,127.063335992,Other,random,C6H9O2N1,127.063329000,RC2_0046_ICR-3_p08
525.067397789,653.078348762,128.010950973,Other,random,C5H4O4,128.010960000,RC2_0046_ICR-3_p08
417.140069621,545.151020593,128.010950973,Other,random,C5H4O4,128.010960000,RC2_0046_ICR-3_p08
353.152336059,481.163287032,128.010950973,Other,random,C5H4O4,128.010960000,RC2_0046_ICR-3_p08
315.108418443,443.119370416,128.010951972,Other,random,C5H4O4,128.010960000,RC2_0046_ICR-3_p08
351.230545212,479.241497184,128.010951972,Other,random,C5H4O4,128.010960000,RC2_0046_ICR-3_p08
397.142169453,525.153121425,128.010951972,Other,random,C5H4O4,128.010960000,RC2_0046_ICR-3_p08
443.220591986,571.231543959,128.010951972,Other,random,C5H4O4,128.010960000,RC2_0046_ICR-3_p08
513.225817021,641.236768994,128.010951972,Other,random,C5H4O4,128.010960000,RC2_0046_ICR-3_p08
385.150269323,513.161221295,128.010951972,Other,random,C5H4O4,128.010960000,RC2_0046_ICR-3_p08
321.097822036,449.108775008,128.010952972,Other,random,C5H4O4,128.010960000,RC2_0046_ICR-3_p08
361.129067222,489.140020194,128.010952972,Other,random,C5H4O4,128.010960000,RC2_0046_ICR-3_p08
371.144298737,499.155251709,128.010952972,Other,random,C5H4O4,128.010960000,RC2_0046_ICR-3_p08
433.113845860,561.124799832,128.010953972,Other,random,C5H4O4,128.010960000,RC2_0046_ICR-3_p08
411.165941963,539.176895936,128.010953972,Other,random,C5H4O4,128.010960000,RC2_0046_ICR-3_p08
355.103296783,483.114250756,128.010953972,Other,random,C5H4O4,128.010960000,RC2_0046_ICR-3_p08
365.173371066,493.184325038,128.010953972,Other,random,C5H4O4,128.010960000,RC2_0046_ICR-3_p08
433.126963804,561.137917776,128.010953972,Other,random,C5H4O4,128.010960000,RC2_0046_ICR-3_p08
453.249176445,581.260130417,128.010953972,Other,random,C5H4O4,128.010960000,RC2_0046_ICR-3_p08
311.077088544,439.088043517,128.010954972,Other,random,C5H4O4,128.010960000,RC2_0046_ICR-3_p08
361.092668376,489.103623349,128.010954972,Other,random,C5H4O4,128.010960000,RC2_0046_ICR-3_p08
467.184204332,595.195159304,128.010954972,Other,random,C5H4O4,128.010960000,RC2_0046_ICR-3_p08
355.139738629,483.150693601,128.010954972,Other,random,C5H4O4,128.010960000,RC2_0046_ICR-3_p08
375.093185986,503.104141958,128.010955972,Other,random,C5H4O4,128.010960000,RC2_0046_ICR-3_p08
397.041121882,525.052077854,128.010955972,Other,random,C5H4O4,128.010960000,RC2_0046_ICR-3_p08
401.035849936,529.046805908,128.010955972,Other,random,C5H4O4,128.010960000,RC2_0046_ICR-3_p08
407.061756374,535.072712346,128.010955972,Other,random,C5H4O4,128.010960000,RC2_0046_ICR-3_p08
455.061816755,583.072772728,128.010955972,Other,random,C5H4O4,128.010960000,RC2_0046_ICR-3_p08
329.079685177,457.090642149,128.010956972,Other,random,C5H4O4,128.010960000,RC2_0046_ICR-3_p08
313.071666083,441.082623056,128.010956972,Other,random,C5H4O4,128.010960000,RC2_0046_ICR-3_p08
361.165578067,489.176535039,128.010956972,Other,random,C5H4O4,128.010960000,RC2_0046_ICR-3_p08
365.137137219,493.148094192,128.010956972,Other,random,C5H4O4,128.010960000,RC2_0046_ICR-3_p08
352.153077298,480.164035271,128.010957972,Other,random,C5H4O4,128.010960000,RC2_0046_ICR-3_p08
379.175978666,507.186936639,128.010957972,Other,random,C5H4O4,128.010960000,RC2_0046_ICR-3_p08
357.118870233,485.129829206,128.010958972,Other,random,C5H4O4,128.010960000,RC2_0046_ICR-3_p08
395.061821278,523.072780250,128.010958972,Other,random,C5H4O4,128.010960000,RC2_0046_ICR-3_p08
477.176568944,605.187528916,128.010959972,Other,random,C5H4O4,128.010960000,RC2_0046_ICR-3_p08
364.067393757,492.078354730,128.010960972,Other,random,C5H4O4,128.010960000,RC2_0046_ICR-3_p08
336.108709359,464.119670332,128.010960972,Other,random,C5H4O4,128.010960000,RC2_0046_ICR-3_p08
321.219992518,449.230954490,128.010961972,Other,random,C5H4O4,128.010960000,RC2_0046_ICR-3_p08
329.152296869,457.163258841,128.010961972,Other,random,C5H4O4,128.010960000,RC2_0046_ICR-3_p08
347.053659930,475.064622903,128.010962972,Other,random,C5H4O4,128.010960000,RC2_0046_ICR-3_p08
421.113886764,549.124849736,128.010962972,Other,random,C5H4O4,128.010960000,RC2_0046_ICR-3_p08
339.194194270,467.205157243,128.010962972,Other,random,C5H4O4,128.010960000,RC2_0046_ICR-3_p08
353.160351025,481.171314998,128.010963972,Other,random,C5H4O4,128.010960000,RC2_0046_ICR-3_p08
271.110492084,399.121456057,128.010963972,Other,random,C5H4O4,128.010960000,RC2_0046_ICR-3_p08
347.090198775,475.101163748,128.010964972,Other,random,C5H4O4,128.010960000,RC2_0046_ICR-3_p08
320.113946210,448.124912182,128.010965972,Other,random,C5H4O4,128.010960000,RC2_0046_ICR-3_p08
303.087286437,431.098252410,128.010965972,Other,random,C5H4O4,128.010960000,RC2_0046_ICR-3_p08
353.087620334,481.098586306,128.010965972,Other,random,C5H4O4,128.010960000,RC2_0046_ICR-3_p08
371.134600778,499.145566750,128.010965972,Other,random,C5H4O4,128.010960000,RC2_0046_ICR-3_p08
373.087147495,501.098113468,128.010965972,Other,random,C5H4O4,128.010960000,RC2_0046_ICR-3_p08
403.103167166,531.114133139,128.010965972,Other,random,C5H4O4,128.010960000,RC2_0046_ICR-3_p08
545.166428528,673.177394501,128.010965972,Other,random,C5H4O4,128.010960000,RC2_0046_ICR-3_p08
374.051645404,502.062612376,128.010966972,Other,random,C5H4O4,128.010960000,RC2_0046_ICR-3_p08
651.265920450,779.276887422,128.010966972,Other,random,C5H4O4,128.010960000,RC2_0046_ICR-3_p08
423.020394676,551.031361649,128.010966972,Other,random,C5H4O4,128.010960000,RC2_0046_ICR-3_p08
347.235652158,475.246620131,128.010967972,Other,random,C5H4O4,128.010960000,RC2_0046_ICR-3_p08
395.220362605,523.231330578,128.010967972,Other,random,C5H4O4,128.010960000,RC2_0046_ICR-3_p08
435.129413309,563.140381282,128.010967972,Other,random,C5H4O4,128.010960000,RC2_0046_ICR-3_p08
555.114373329,683.125341301,128.010967972,Other,random,C5H4O4,128.010960000,RC2_0046_ICR-3_p08
319.240762914,447.251731886,128.010968972,Other,random,C5H4O4,128.010960000,RC2_0046_ICR-3_p08
385.077519632,513.088488604,128.010968972,Other,random,C5H4O4,128.010960000,RC2_0046_ICR-3_p08
436.161098933,564.172068905,128.010969972,Other,random,C5H4O4,128.010960000,RC2_0046_ICR-3_p08
373.019866781,501.030836753,128.010969972,Other,random,C5H4O4,128.010960000,RC2_0046_ICR-3_p08
393.118996519,521.129966492,128.010969972,Other,random,C5H4O4,128.010960000,RC2_0046_ICR-3_p08
415.097611285,543.144947103,128.047335818,Other,random,C6H8O3,128.047345000,RC2_0046_ICR-3_p08
417.009905173,545.057240991,128.047335818,Other,random,C6H8O3,128.047345000,RC2_0046_ICR-3_p08
429.176508562,557.223844380,128.047335818,Other,random,C6H8O3,128.047345000,RC2_0046_ICR-3_p08
631.239630402,759.286966220,128.047335818,Other,random,C6H8O3,128.047345000,RC2_0046_ICR-3_p08
325.121134969,453.168471787,128.047336818,Other,random,C6H8O3,128.047345000,RC2_0046_ICR-3_p08
453.249176445,581.296513263,128.047336818,Other,random,C6H8O3,128.047345000,RC2_0046_ICR-3_p08
599.198295323,727.245632141,128.047336818,Other,random,C6H8O3,128.047345000,RC2_0046_ICR-3_p08
609.109701278,737.157038096,128.047336818,Other,random,C6H8O3,128.047345000,RC2_0046_ICR-3_p08
343.103348688,471.150686506,128.047337818,Other,random,C6H8O3,128.047345000,RC2_0046_ICR-3_p08
344.077510555,472.124848373,128.047337818,Other,random,C6H8O3,128.047345000,RC2_0046_ICR-3_p08
443.098228505,571.145566324,128.047337818,Other,random,C6H8O3,128.047345000,RC2_0046_ICR-3_p08
278.103313420,406.150651239,128.047337818,Other,random,C6H8O3,128.047345000,RC2_0046_ICR-3_p08
441.103666966,569.151004785,128.047337818,Other,random,C6H8O3,128.047345000,RC2_0046_ICR-3_p08
523.145622941,651.192960759,128.047337818,Other,random,C6H8O3,128.047345000,RC2_0046_ICR-3_p08
423.165914059,551.213251877,128.047337818,Other,random,C6H8O3,128.047345000,RC2_0046_ICR-3_p08
369.147203209,497.194542027,128.047338818,Other,random,C6H8O3,128.047345000,RC2_0046_ICR-3_p08
375.144839766,503.192178585,128.047338818,Other,random,C6H8O3,128.047345000,RC2_0046_ICR-3_p08
315.063982632,443.111322450,128.047339818,Other,random,C6H8O3,128.047345000,RC2_0046_ICR-3_p08
434.036417946,562.083757764,128.047339818,Other,random,C6H8O3,128.047345000,RC2_0046_ICR-3_p08
315.050887687,443.098228505,128.047340818,Other,random,C6H8O3,128.047345000,RC2_0046_ICR-3_p08
327.087299628,455.134640447,128.047340818,Other,random,C6H8O3,128.047345000,RC2_0046_ICR-3_p08
357.046081542,485.093422360,128.047340818,Other,random,C6H8O3,128.047345000,RC2_0046_ICR-3_p08
411.056790426,539.104131245,128.047340818,Other,random,C6H8O3,128.047345000,RC2_0046_ICR-3_p08
411.157946997,539.205288816,128.047341818,Other,random,C6H8O3,128.047345000,RC2_0046_ICR-3_p08
587.177193317,715.224535135,128.047341818,Other,random,C6H8O3,128.047345000,RC2_0046_ICR-3_p08
341.116034118,469.163375936,128.047341818,Other,random,C6H8O3,128.047345000,RC2_0046_ICR-3_p08
345.046108446,473.093450265,128.047341818,Other,random,C6H8O3,128.047345000,RC2_0046_ICR-3_p08
383.183962664,511.231304482,128.047341818,Other,random,C6H8O3,128.047345000,RC2_0046_ICR-3_p08
335.077103735,463.124446553,128.047342818,Other,random,C6H8O3,128.047345000,RC2_0046_ICR-3_p08
345.134268072,473.181610891,128.047342818,Other,random,C6H8O3,128.047345000,RC2_0046_ICR-3_p08
374.124457095,502.171799913,128.047342818,Other,random,C6H8O3,128.047345000,RC2_0046_ICR-3_p08
359.004253235,487.051596054,128.047342818,Other,random,C6H8O3,128.047345000,RC2_0046_ICR-3_p08
398.101132385,526.148476203,128.047343818,Other,random,C6H8O3,128.047345000,RC2_0046_ICR-3_p08
323.077059640,451.124403458,128.047343818,Other,random,C6H8O3,128.047345000,RC2_0046_ICR-3_p08
379.079953073,507.127296892,128.047343818,Other,random,C6H8O3,128.047345000,RC2_0046_ICR-3_p08
355.248837166,483.296181984,128.047344818,Other,random,C6H8O3,128.047345000,RC2_0046_ICR-3_p08
463.210085190,591.257430008,128.047344818,Other,random,C6H8O3,128.047345000,RC2_0046_ICR-3_p08
313.048325182,441.095670000,128.047344818,Other,random,C6H8O3,128.047345000,RC2_0046_ICR-3_p08
413.087686811,541.135031629,128.047344818,Other,random,C6H8O3,128.047345000,RC2_0046_ICR-3_p08
385.178471203,513.225817021,128.047345818,Other,random,C6H8O3,128.047345000,RC2_0046_ICR-3_p08
331.176140283,459.223486101,128.047345818,Other,random,C6H8O3,128.047345000,RC2_0046_ICR-3_p08
376.103728699,504.151074517,128.047345818,Other,random,C6H8O3,128.047345000,RC2_0046_ICR-3_p08
427.189247992,555.236593810,128.047345818,Other,random,C6H8O3,128.047345000,RC2_0046_ICR-3_p08
301.121166778,429.168512596,128.047345818,Other,random,C6H8O3,128.047345000,RC2_0046_ICR-3_p08
357.064627463,485.111973281,128.047345818,Other,random,C6H8O3,128.047345000,RC2_0046_ICR-3_p08
403.030397475,531.077743293,128.047345818,Other,random,C6H8O3,128.047345000,RC2_0046_ICR-3_p08
435.093034464,563.140381282,128.047346818,Other,random,C6H8O3,128.047345000,RC2_0046_ICR-3_p08
381.241124906,509.288471724,128.047346818,Other,random,C6H8O3,128.047345000,RC2_0046_ICR-3_p08
302.066984766,430.114331584,128.047346818,Other,random,C6H8O3,128.047345000,RC2_0046_ICR-3_p08
355.058749972,483.106096790,128.047346818,Other,random,C6H8O3,128.047345000,RC2_0046_ICR-3_p08
339.084977734,467.132325552,128.047347818,Other,random,C6H8O3,128.047345000,RC2_0046_ICR-3_p08
421.077501918,549.124849736,128.047347818,Other,random,C6H8O3,128.047345000,RC2_0046_ICR-3_p08
575.140648376,703.187996194,128.047347818,Other,random,C6H8O3,128.047345000,RC2_0046_ICR-3_p08
317.139288828,445.186636646,128.047347818,Other,random,C6H8O3,128.047345000,RC2_0046_ICR-3_p08
545.130046682,673.177394501,128.047347818,Other,random,C6H8O3,128.047345000,RC2_0046_ICR-3_p08
359.053811025,487.101159843,128.047348818,Other,random,C6H8O3,128.047345000,RC2_0046_ICR-3_p08
371.149870713,499.197219531,128.047348818,Other,random,C6H8O3,128.047345000,RC2_0046_ICR-3_p08
394.041568606,522.088917424,128.047348818,Other,random,C6H8O3,128.047345000,RC2_0046_ICR-3_p08
417.149804580,545.197153398,128.047348818,Other,random,C6H8O3,128.047345000,RC2_0046_ICR-3_p08
311.162898180,439.210246998,128.047348818,Other,random,C6H8O3,128.047345000,RC2_0046_ICR-3_p08
351.157780520,479.205129339,128.047348818,Other,random,C6H8O3,128.047345000,RC2_0046_ICR-3_p08
322.093127814,450.140477632,128.047349818,Other,random,C6H8O3,128.047345000,RC2_0046_ICR-3_p08
337.056308339,465.103658158,128.047349818,Other,random,C6H8O3,128.047345000,RC2_0046_ICR-3_p08
340.116714357,468.164064175,128.047349818,Other,random,C6H8O3,128.047345000,RC2_0046_ICR-3_p08
373.214900953,501.262250771,128.047349818,Other,random,C6H8O3,128.047345000,RC2_0046_ICR-3_p08
429.155526651,557.202876469,128.047349818,Other,random,C6H8O3,128.047345000,RC2_0046_ICR-3_p08
573.161373772,701.208724591,128.047350818,Other,random,C6H8O3,128.047345000,RC2_0046_ICR-3_p08
361.092668376,489.140020194,128.047351818,Other,random,C6H8O3,128.047345000,RC2_0046_ICR-3_p08
401.087719716,529.135071534,128.047351818,Other,random,C6H8O3,128.047345000,RC2_0046_ICR-3_p08
333.061454286,461.108806104,128.047351818,Other,random,C6H8O3,128.047345000,RC2_0046_ICR-3_p08
391.066942224,519.114295042,128.047352818,Other,random,C6H8O3,128.047345000,RC2_0046_ICR-3_p08
401.254381009,529.301734827,128.047353818,Other,random,C6H8O3,128.047345000,RC2_0046_ICR-3_p08
503.104141958,631.151495776,128.047353818,Other,random,C6H8O3,128.047345000,RC2_0046_ICR-3_p08
539.031736552,667.079090370,128.047353818,Other,random,C6H8O3,128.047345000,RC2_0046_ICR-3_p08
329.043287331,457.090642149,128.047354818,Other,random,C6H8O3,128.047345000,RC2_0046_ICR-3_p08
369.191615020,497.238969838,128.047354818,Other,random,C6H8O3,128.047345000,RC2_0046_ICR-3_p08
599.140669567,727.188024385,128.047354818,Other,random,C6H8O3,128.047345000,RC2_0046_ICR-3_p08
345.134268072,474.176851669,129.042583596,Other,random,Glutamic Acid,129.042593200,RC2_0046_ICR-3_p08
417.082480865,546.125065462,129.042584596,Other,random,Glutamic Acid,129.042593200,RC2_0046_ICR-3_p08
297.074484944,426.117072540,129.042587596,Other,random,Glutamic Acid,129.042593200,RC2_0046_ICR-3_p08
297.110920789,426.153508386,129.042587596,Other,random,Glutamic Acid,129.042593200,RC2_0046_ICR-3_p08
361.056363530,490.098952127,129.042588596,Other,random,Glutamic Acid,129.042593200,RC2_0046_ICR-3_p08
264.998979009,394.041568606,129.042589596,Other,random,Glutamic Acid,129.042593200,RC2_0046_ICR-3_p08
301.071736987,430.114331584,129.042594596,Other,random,Glutamic Acid,129.042593200,RC2_0046_ICR-3_p08
307.045857645,436.088453241,129.042595596,Other,random,Glutamic Acid,129.042593200,RC2_0046_ICR-3_p08
369.168415119,498.211010715,129.042595596,Other,random,Glutamic Acid,129.042593200,RC2_0046_ICR-3_p08
317.066569137,446.109167733,129.042598596,Other,random,Glutamic Acid,129.042593200,RC2_0046_ICR-3_p08
367.030570187,496.073170784,129.042600596,Other,random,Glutamic Acid,129.042593200,RC2_0046_ICR-3_p08
300.998940296,430.041541892,129.042601596,Other,random,Glutamic Acid,129.042593200,RC2_0046_ICR-3_p08
393.118996519,522.161599116,129.042602596,Other,random,Glutamic Acid,129.042593200,RC2_0046_ICR-3_p08
417.082480865,546.125065462,129.042584596,Other,random,Glutamic_Acid_C5H7NO3,129.042594000,RC2_0046_ICR-3_p08
297.074484944,426.117072540,129.042587596,Other,random,Glutamic_Acid_C5H7NO3,129.042594000,RC2_0046_ICR-3_p08
297.110920789,426.153508386,129.042587596,Other,random,Glutamic_Acid_C5H7NO3,129.042594000,RC2_0046_ICR-3_p08
361.056363530,490.098952127,129.042588596,Other,random,Glutamic_Acid_C5H7NO3,129.042594000,RC2_0046_ICR-3_p08
264.998979009,394.041568606,129.042589596,Other,random,Glutamic_Acid_C5H7NO3,129.042594000,RC2_0046_ICR-3_p08
301.071736987,430.114331584,129.042594596,Other,random,Glutamic_Acid_C5H7NO3,129.042594000,RC2_0046_ICR-3_p08
307.045857645,436.088453241,129.042595596,Other,random,Glutamic_Acid_C5H7NO3,129.042594000,RC2_0046_ICR-3_p08
369.168415119,498.211010715,129.042595596,Other,random,Glutamic_Acid_C5H7NO3,129.042594000,RC2_0046_ICR-3_p08
317.066569137,446.109167733,129.042598596,Other,random,Glutamic_Acid_C5H7NO3,129.042594000,RC2_0046_ICR-3_p08
367.030570187,496.073170784,129.042600596,Other,random,Glutamic_Acid_C5H7NO3,129.042594000,RC2_0046_ICR-3_p08
300.998940296,430.041541892,129.042601596,Other,random,Glutamic_Acid_C5H7NO3,129.042594000,RC2_0046_ICR-3_p08
393.118996519,522.161599116,129.042602596,Other,random,Glutamic_Acid_C5H7NO3,129.042594000,RC2_0046_ICR-3_p08
319.009424895,448.052028491,129.042603596,Other,random,Glutamic_Acid_C5H7NO3,129.042594000,RC2_0046_ICR-3_p08
377.051321679,506.130297121,129.078975442,Other,random,C6H11N1O2,129.078979000,RC2_0046_ICR-3_p08
397.163217364,526.242192805,129.078975442,Other,random,C6H11N1O2,129.078979000,RC2_0046_ICR-3_p08
373.019866781,502.098851222,129.078984442,Other,random,C6H11N1O2,129.078979000,RC2_0046_ICR-3_p08
475.088059803,604.167047245,129.078987442,Other,random,C6H11N1O2,129.078979000,RC2_0046_ICR-3_p08
331.045749836,460.124737278,129.078987442,Other,random,C6H11N1O2,129.078979000,RC2_0046_ICR-3_p08
351.108281730,481.025727615,129.917445885,Other,random,C2H_6O7,129.917455000,RC2_0046_ICR-3_p08
441.249208349,571.166655234,129.917446885,Other,random,C2H_6O7,129.917455000,RC2_0046_ICR-3_p08
583.276217865,713.193664750,129.917446885,Other,random,C2H_6O7,129.917455000,RC2_0046_ICR-3_p08
485.181700986,615.099149871,129.917448885,Other,random,C2H_6O7,129.917455000,RC2_0046_ICR-3_p08
305.139318733,435.056770618,129.917451885,Other,random,C2H_6O7,129.917455000,RC2_0046_ICR-3_p08
389.160429312,519.077881197,129.917451885,Other,random,C2H_6O7,129.917455000,RC2_0046_ICR-3_p08
365.152377155,495.069829040,129.917451885,Other,random,C2H_6O7,129.917455000,RC2_0046_ICR-3_p08
373.186690073,503.104141958,129.917451885,Other,random,C2H_6O7,129.917455000,RC2_0046_ICR-3_p08
355.131632663,485.049086548,129.917453885,Other,random,C2H_6O7,129.917455000,RC2_0046_ICR-3_p08
375.266987248,505.184444133,129.917456885,Other,random,C2H_6O7,129.917455000,RC2_0046_ICR-3_p08
435.288102636,565.205560521,129.917457885,Other,random,C2H_6O7,129.917455000,RC2_0046_ICR-3_p08
411.157946997,541.075405882,129.917458885,Other,random,C2H_6O7,129.917455000,RC2_0046_ICR-3_p08
377.196806062,507.114264947,129.917458885,Other,random,C2H_6O7,129.917455000,RC2_0046_ICR-3_p08
395.171020815,525.088482700,129.917461885,Other,random,C2H_6O7,129.917455000,RC2_0046_ICR-3_p08
507.259938329,637.177400214,129.917461885,Other,random,C2H_6O7,129.917455000,RC2_0046_ICR-3_p08
619.276094152,749.193556037,129.917461885,Other,random,C2H_6O7,129.917455000,RC2_0046_ICR-3_p08
345.183700863,475.101163748,129.917462885,Other,random,C2H_6O7,129.917455000,RC2_0046_ICR-3_p08
415.139778106,545.057240991,129.917462885,Other,random,C2H_6O7,129.917455000,RC2_0046_ICR-3_p08
427.160767113,557.078229998,129.917462885,Other,random,C2H_6O7,129.917455000,RC2_0046_ICR-3_p08
335.149919426,465.132110037,129.982190610,Other,random,C5H3Cl1O2,129.982200000,RC2_0046_ICR-3_p08
341.160435930,471.142626540,129.982190610,Other,random,C5H3Cl1O2,129.982200000,RC2_0046_ICR-3_p08
393.191721211,523.173911821,129.982190610,Other,random,C5H3Cl1O2,129.982200000,RC2_0046_ICR-3_p08
339.181183326,469.163375936,129.982192610,Other,random,C5H3Cl1O2,129.982200000,RC2_0046_ICR-3_p08
447.186907161,577.169099772,129.982192610,Other,random,C5H3Cl1O2,129.982200000,RC2_0046_ICR-3_p08
365.087635429,495.069829040,129.982193610,Other,random,C5H3Cl1O2,129.982200000,RC2_0046_ICR-3_p08
293.175749483,423.157945093,129.982195610,Other,random,C5H3Cl1O2,129.982200000,RC2_0046_ICR-3_p08
309.097848940,439.080046551,129.982197610,Other,random,C5H3Cl1O2,129.982200000,RC2_0046_ICR-3_p08
331.103303592,461.085503203,129.982199610,Other,random,C5H3Cl1O2,129.982200000,RC2_0046_ICR-3_p08
451.160809304,581.143008914,129.982199610,Other,random,C5H3Cl1O2,129.982200000,RC2_0046_ICR-3_p08
411.165941963,541.148142574,129.982200610,Other,random,C5H3Cl1O2,129.982200000,RC2_0046_ICR-3_p08
367.176132570,497.158335180,129.982202610,Other,random,C5H3Cl1O2,129.982200000,RC2_0046_ICR-3_p08
329.233280525,459.215483135,129.982202610,Other,random,C5H3Cl1O2,129.982200000,RC2_0046_ICR-3_p08
343.212510225,473.194713835,129.982203610,Other,random,C5H3Cl1O2,129.982200000,RC2_0046_ICR-3_p08
389.072456685,519.054662295,129.982205610,Other,random,C5H3Cl1O2,129.982200000,RC2_0046_ICR-3_p08
417.103659775,547.085865386,129.982205610,Other,random,C5H3Cl1O2,129.982200000,RC2_0046_ICR-3_p08
501.270420737,631.252626347,129.982205610,Other,random,C5H3Cl1O2,129.982200000,RC2_0046_ICR-3_p08
313.238386376,443.220591986,129.982205610,Other,random,C5H3Cl1O2,129.982200000,RC2_0046_ICR-3_p08
487.254764192,617.236970802,129.982206610,Other,random,C5H3Cl1O2,129.982200000,RC2_0046_ICR-3_p08
431.119390320,561.101598930,129.982208610,Other,random,C5H3Cl1O2,129.982200000,RC2_0046_ICR-3_p08
325.129161935,455.111370545,129.982208610,Other,random,C5H3Cl1O2,129.982200000,RC2_0046_ICR-3_p08
401.145149472,531.127359082,129.982209610,Other,random,C5H3Cl1O2,129.982200000,RC2_0046_ICR-3_p08
495.041546160,625.068146582,130.026600422,Other,random,C5H6O4,130.026610000,RC2_0046_ICR-3_p08
451.152806338,581.179406760,130.026600422,Other,random,C5H6O4,130.026610000,RC2_0046_ICR-3_p08
501.226025925,631.252626347,130.026600422,Other,random,C5H6O4,130.026610000,RC2_0046_ICR-3_p08
365.209922911,495.236523333,130.026600422,Other,random,C5H6O4,130.026610000,RC2_0046_ICR-3_p08
382.049429477,512.076030899,130.026601422,Other,random,C5H6O4,130.026610000,RC2_0046_ICR-3_p08
333.128651001,463.155252423,130.026601422,Other,random,C5H6O4,130.026610000,RC2_0046_ICR-3_p08
419.256913641,549.283515063,130.026601422,Other,random,C5H6O4,130.026610000,RC2_0046_ICR-3_p08
359.040742081,489.067343503,130.026601422,Other,random,C5H6O4,130.026610000,RC2_0046_ICR-3_p08
385.165540258,515.192141680,130.026601422,Other,random,C5H6O4,130.026610000,RC2_0046_ICR-3_p08
393.191721211,523.218322633,130.026601422,Other,random,C5H6O4,130.026610000,RC2_0046_ICR-3_p08
457.199697686,587.226300108,130.026602422,Other,random,C5H6O4,130.026610000,RC2_0046_ICR-3_p08
353.152336059,483.178938481,130.026602422,Other,random,C5H6O4,130.026610000,RC2_0046_ICR-3_p08
325.084766123,455.111370545,130.026604422,Other,random,C5H6O4,130.026610000,RC2_0046_ICR-3_p08
341.160435930,471.187040352,130.026604422,Other,random,C5H6O4,130.026610000,RC2_0046_ICR-3_p08
373.113891382,503.140495804,130.026604422,Other,random,C5H6O4,130.026610000,RC2_0046_ICR-3_p08
651.265920450,781.292525872,130.026605422,Other,random,C5H6O4,130.026610000,RC2_0046_ICR-3_p08
369.082489483,499.109094905,130.026605422,Other,random,C5H6O4,130.026610000,RC2_0046_ICR-3_p08
453.168471787,583.195078209,130.026606422,Other,random,C5H6O4,130.026610000,RC2_0046_ICR-3_p08
369.074455517,499.101061939,130.026606422,Other,random,C5H6O4,130.026610000,RC2_0046_ICR-3_p08
345.110818172,475.137426594,130.026608422,Other,random,C5H6O4,130.026610000,RC2_0046_ICR-3_p08
347.071492855,477.098102277,130.026609422,Other,random,C5H6O4,130.026610000,RC2_0046_ICR-3_p08
318.025419069,448.052028491,130.026609422,Other,random,C5H6O4,130.026610000,RC2_0046_ICR-3_p08
427.197233958,557.223844380,130.026610422,Other,random,C5H6O4,130.026610000,RC2_0046_ICR-3_p08
369.025093727,499.051704149,130.026610422,Other,random,C5H6O4,130.026610000,RC2_0046_ICR-3_p08
357.092252346,487.118863768,130.026611422,Other,random,C5H6O4,130.026610000,RC2_0046_ICR-3_p08
425.173575543,555.200186965,130.026611422,Other,random,C5H6O4,130.026610000,RC2_0046_ICR-3_p08
499.109094905,629.135706327,130.026611422,Other,random,C5H6O4,130.026610000,RC2_0046_ICR-3_p08
533.239274124,663.265885546,130.026611422,Other,random,C5H6O4,130.026610000,RC2_0046_ICR-3_p08
391.225456552,521.252067974,130.026611422,Other,random,C5H6O4,130.026610000,RC2_0046_ICR-3_p08
435.178948099,565.205560521,130.026612422,Other,random,C5H6O4,130.026610000,RC2_0046_ICR-3_p08
318.098298760,448.124912182,130.026613422,Other,random,C5H6O4,130.026610000,RC2_0046_ICR-3_p08
357.082591387,487.109204809,130.026613422,Other,random,C5H6O4,130.026610000,RC2_0046_ICR-3_p08
359.199255408,489.225868830,130.026613422,Other,random,C5H6O4,130.026610000,RC2_0046_ICR-3_p08
337.019969494,467.046583916,130.026614422,Other,random,C5H6O4,130.026610000,RC2_0046_ICR-3_p08
343.131627568,473.158241990,130.026614422,Other,random,C5H6O4,130.026610000,RC2_0046_ICR-3_p08
349.129151126,479.155765548,130.026614422,Other,random,C5H6O4,130.026610000,RC2_0046_ICR-3_p08
341.014992547,471.041607969,130.026615422,Other,random,C5H6O4,130.026610000,RC2_0046_ICR-3_p08
331.058887781,461.085503203,130.026615422,Other,random,C5H6O4,130.026610000,RC2_0046_ICR-3_p08
395.134553969,525.161170391,130.026616422,Other,random,C5H6O4,130.026610000,RC2_0046_ICR-3_p08
431.147726200,561.174342622,130.026616422,Other,random,C5H6O4,130.026610000,RC2_0046_ICR-3_p08
355.009406182,485.036023604,130.026617422,Other,random,C5H6O4,130.026610000,RC2_0046_ICR-3_p08
374.124457095,504.151074517,130.026617422,Other,random,C5H6O4,130.026610000,RC2_0046_ICR-3_p08
363.035585134,493.062202556,130.026617422,Other,random,C5H6O4,130.026610000,RC2_0046_ICR-3_p08
441.103666966,571.130284388,130.026617422,Other,random,C5H6O4,130.026610000,RC2_0046_ICR-3_p08
415.233712708,545.260331130,130.026618422,Other,random,C5H6O4,130.026610000,RC2_0046_ICR-3_p08
333.110888076,463.137506498,130.026618422,Other,random,C5H6O4,130.026610000,RC2_0046_ICR-3_p08
439.088043517,569.114661939,130.026618422,Other,random,C5H6O4,130.026610000,RC2_0046_ICR-3_p08
343.168094413,473.194713835,130.026619422,Other,random,C5H6O4,130.026610000,RC2_0046_ICR-3_p08
445.041071264,575.067690686,130.026619422,Other,random,C5H6O4,130.026610000,RC2_0046_ICR-3_p08
415.124401172,545.151020593,130.026619422,Other,random,C5H6O4,130.026610000,RC2_0046_ICR-3_p08
317.097322006,447.123941428,130.026619422,Other,random,C5H6O4,130.026610000,RC2_0046_ICR-3_p08
429.140145716,559.182001074,130.041855357,Other,random,C9H6O1,130.041865000,RC2_0046_ICR-3_p08
369.168415119,499.210270476,130.041855357,Other,random,C9H6O1,130.041865000,RC2_0046_ICR-3_p08
391.197170672,521.239028029,130.041857357,Other,random,C9H6O1,130.041865000,RC2_0046_ICR-3_p08
379.030454283,509.072314641,130.041860357,Other,random,C9H6O1,130.041865000,RC2_0046_ICR-3_p08
331.176140283,461.218001641,130.041861357,Other,random,C9H6O1,130.041865000,RC2_0046_ICR-3_p08
491.168678589,621.210539946,130.041861357,Other,random,C9H6O1,130.041865000,RC2_0046_ICR-3_p08
371.061836087,501.103698444,130.041862357,Other,random,C9H6O1,130.041865000,RC2_0046_ICR-3_p08
399.056783331,529.098645688,130.041862357,Other,random,C9H6O1,130.041865000,RC2_0046_ICR-3_p08
413.181552413,543.223415770,130.041863357,Other,random,C9H6O1,130.041865000,RC2_0046_ICR-3_p08
431.155737166,561.197601523,130.041864357,Other,random,C9H6O1,130.041865000,RC2_0046_ICR-3_p08
321.074629134,451.116494492,130.041865357,Other,random,C9H6O1,130.041865000,RC2_0046_ICR-3_p08
352.030893817,482.072759174,130.041865357,Other,random,C9H6O1,130.041865000,RC2_0046_ICR-3_p08
329.051278297,459.093144654,130.041866357,Other,random,C9H6O1,130.041865000,RC2_0046_ICR-3_p08
270.061965532,400.103832889,130.041867357,Other,random,C9H6O1,130.041865000,RC2_0046_ICR-3_p08
345.191780828,475.233650186,130.041869357,Other,random,C9H6O1,130.041865000,RC2_0046_ICR-3_p08
355.152809573,485.194680931,130.041871357,Other,random,C9H6O1,130.041865000,RC2_0046_ICR-3_p08
527.249610532,657.291482889,130.041872357,Other,random,C9H6O1,130.041865000,RC2_0046_ICR-3_p08
357.149763102,487.191635459,130.041872357,Other,random,C9H6O1,130.041865000,RC2_0046_ICR-3_p08
573.182535683,703.224408040,130.041872357,Other,random,C9H6O1,130.041865000,RC2_0046_ICR-3_p08
385.150269323,515.192141680,130.041872357,Other,random,C9H6O1,130.041865000,RC2_0046_ICR-3_p08
447.142559349,577.184432706,130.041873357,Other,random,C9H6O1,130.041865000,RC2_0046_ICR-3_p08
367.189130515,497.231003872,130.041873357,Other,random,C9H6O1,130.041865000,RC2_0046_ICR-3_p08
619.130570769,749.193556037,130.062985268,Other,random,C6H10O3,130.062995000,RC2_0046_ICR-3_p08
405.046226924,535.109213191,130.062986268,Other,random,C6H10O3,130.062995000,RC2_0046_ICR-3_p08
649.213901155,779.276887422,130.062986268,Other,random,C6H10O3,130.062995000,RC2_0046_ICR-3_p08
383.107904987,513.170891254,130.062986268,Other,random,C6H10O3,130.062995000,RC2_0046_ICR-3_p08
407.098242219,537.161228486,130.062986268,Other,random,C6H10O3,130.062995000,RC2_0046_ICR-3_p08
321.097822036,451.160809304,130.062987268,Other,random,C6H10O3,130.062995000,RC2_0046_ICR-3_p08
327.050797783,457.113785051,130.062987268,Other,random,C6H10O3,130.062995000,RC2_0046_ICR-3_p08
493.163441127,623.226428395,130.062987268,Other,random,C6H10O3,130.062995000,RC2_0046_ICR-3_p08
359.113546772,489.176535039,130.062988268,Other,random,C6H10O3,130.062995000,RC2_0046_ICR-3_p08
367.030570187,497.093558455,130.062988268,Other,random,C6H10O3,130.062995000,RC2_0046_ICR-3_p08
441.103666966,571.166655234,130.062988268,Other,random,C6H10O3,130.062995000,RC2_0046_ICR-3_p08
361.178612012,491.241601279,130.062989268,Other,random,C6H10O3,130.062995000,RC2_0046_ICR-3_p08
383.170807720,513.233796988,130.062989268,Other,random,C6H10O3,130.062995000,RC2_0046_ICR-3_p08
367.139612725,497.202602993,130.062990268,Other,random,C6H10O3,130.062995000,RC2_0046_ICR-3_p08
409.142298548,539.205288816,130.062990268,Other,random,C6H10O3,130.062995000,RC2_0046_ICR-3_p08
279.160184937,409.223175205,130.062990268,Other,random,C6H10O3,130.062995000,RC2_0046_ICR-3_p08
335.149919426,465.212909694,130.062990268,Other,random,C6H10O3,130.062995000,RC2_0046_ICR-3_p08
391.030549379,521.093539646,130.062990268,Other,random,C6H10O3,130.062995000,RC2_0046_ICR-3_p08
320.077487364,450.140477632,130.062990268,Other,random,C6H10O3,130.062995000,RC2_0046_ICR-3_p08
349.142139071,479.205129339,130.062990268,Other,random,C6H10O3,130.062995000,RC2_0046_ICR-3_p08
357.110821267,487.173811535,130.062990268,Other,random,C6H10O3,130.062995000,RC2_0046_ICR-3_p08
369.110970362,499.173960630,130.062990268,Other,random,C6H10O3,130.062995000,RC2_0046_ICR-3_p08
433.222976397,563.285967664,130.062991268,Other,random,C6H10O3,130.062995000,RC2_0046_ICR-3_p08
291.136814132,421.199805399,130.062991268,Other,random,C6H10O3,130.062995000,RC2_0046_ICR-3_p08
401.064367815,531.127359082,130.062991268,Other,random,C6H10O3,130.062995000,RC2_0046_ICR-3_p08
311.004275853,441.067268121,130.062992268,Other,random,C6H10O3,130.062995000,RC2_0046_ICR-3_p08
333.061454286,463.124446553,130.062992268,Other,random,C6H10O3,130.062995000,RC2_0046_ICR-3_p08
375.072046075,505.135038343,130.062992268,Other,random,C6H10O3,130.062995000,RC2_0046_ICR-3_p08
355.066835938,485.129829206,130.062993268,Other,random,C6H10O3,130.062995000,RC2_0046_ICR-3_p08
387.093003082,517.155996349,130.062993268,Other,random,C6H10O3,130.062995000,RC2_0046_ICR-3_p08
427.051574576,557.114567844,130.062993268,Other,random,C6H10O3,130.062995000,RC2_0046_ICR-3_p08
359.077025927,489.140020194,130.062994268,Other,random,C6H10O3,130.062995000,RC2_0046_ICR-3_p08
521.129966492,651.192960759,130.062994268,Other,random,C6H10O3,130.062995000,RC2_0046_ICR-3_p08
353.079638368,483.142633635,130.062995268,Other,random,C6H10O3,130.062995000,RC2_0046_ICR-3_p08
401.087719716,531.150714983,130.062995268,Other,random,C6H10O3,130.062995000,RC2_0046_ICR-3_p08
373.129183317,503.192178585,130.062995268,Other,random,C6H10O3,130.062995000,RC2_0046_ICR-3_p08
299.019651692,429.082647960,130.062996268,Other,random,C6H10O3,130.062995000,RC2_0046_ICR-3_p08
301.071736987,431.134733255,130.062996268,Other,random,C6H10O3,130.062995000,RC2_0046_ICR-3_p08
369.228090865,499.291087133,130.062996268,Other,random,C6H10O3,130.062995000,RC2_0046_ICR-3_p08
313.048325182,443.111322450,130.062997268,Other,random,C6H10O3,130.062995000,RC2_0046_ICR-3_p08
359.126588716,489.189585984,130.062997268,Other,random,C6H10O3,130.062995000,RC2_0046_ICR-3_p08
341.173514874,471.236513142,130.062998268,Other,random,C6H10O3,130.062995000,RC2_0046_ICR-3_p08
318.025419069,448.088417337,130.062998268,Other,random,C6H10O3,130.062995000,RC2_0046_ICR-3_p08
489.262142676,619.325141944,130.062999268,Other,random,C6H10O3,130.062995000,RC2_0046_ICR-3_p08
393.204839155,523.267838423,130.062999268,Other,random,C6H10O3,130.062995000,RC2_0046_ICR-3_p08
401.160450407,531.223449675,130.062999268,Other,random,C6H10O3,130.062995000,RC2_0046_ICR-3_p08
347.149900522,477.212899790,130.062999268,Other,random,C6H10O3,130.062995000,RC2_0046_ICR-3_p08
321.183680672,451.246680939,130.063000268,Other,random,C6H10O3,130.062995000,RC2_0046_ICR-3_p08
435.056770618,565.119770885,130.063000268,Other,random,C6H10O3,130.062995000,RC2_0046_ICR-3_p08
479.147709582,609.210710850,130.063001268,Other,random,C6H10O3,130.062995000,RC2_0046_ICR-3_p08
431.025524718,561.088525986,130.063001268,Other,random,C6H10O3,130.062995000,RC2_0046_ICR-3_p08
471.041607969,601.104609236,130.063001268,Other,random,C6H10O3,130.062995000,RC2_0046_ICR-3_p08
433.077380014,563.140381282,130.063001268,Other,random,C6H10O3,130.062995000,RC2_0046_ICR-3_p08
387.144784862,517.207786130,130.063001268,Other,random,C6H10O3,130.062995000,RC2_0046_ICR-3_p08
485.166323051,615.229324319,130.063001268,Other,random,C6H10O3,130.062995000,RC2_0046_ICR-3_p08
541.046988003,671.109990271,130.063002268,Other,random,C6H10O3,130.062995000,RC2_0046_ICR-3_p08
399.108381112,529.171383380,130.063002268,Other,random,C6H10O3,130.062995000,RC2_0046_ICR-3_p08
415.134151130,545.197153398,130.063002268,Other,random,C6H10O3,130.062995000,RC2_0046_ICR-3_p08
402.046572648,532.109575916,130.063003268,Other,random,C6H10O3,130.062995000,RC2_0046_ICR-3_p08
299.126538239,429.189541507,130.063003268,Other,random,C6H10O3,130.062995000,RC2_0046_ICR-3_p08
417.046213019,547.109216287,130.063003268,Other,random,C6H10O3,130.062995000,RC2_0046_ICR-3_p08
369.128625287,499.191629555,130.063004268,Other,random,C6H10O3,130.062995000,RC2_0046_ICR-3_p08
411.056790426,541.135031629,130.078241203,Other,random,C10H10,130.078250000,RC2_0046_ICR-3_p08
266.088104389,396.166347592,130.078243203,Other,random,C10H10,130.078250000,RC2_0046_ICR-3_p08
369.046234637,499.124478840,130.078244203,Other,random,C10H10,130.078250000,RC2_0046_ICR-3_p08
545.223786285,675.302033488,130.078247203,Other,random,C10H10,130.078250000,RC2_0046_ICR-3_p08
429.140145716,559.218397919,130.078252203,Other,random,C10H10,130.078250000,RC2_0046_ICR-3_p08
415.160831017,545.239085220,130.078254203,Other,random,C10H10,130.078250000,RC2_0046_ICR-3_p08
441.189464602,571.267718805,130.078254203,Other,random,C10H10,130.078250000,RC2_0046_ICR-3_p08
329.137226933,459.215483135,130.078256203,Other,random,C10H10,130.078250000,RC2_0046_ICR-3_p08
407.111211164,537.189468367,130.078257203,Other,random,C10H10,130.078250000,RC2_0046_ICR-3_p08
571.094035542,701.172293745,130.078258203,Other,random,C10H10,130.078250000,RC2_0046_ICR-3_p08
261.134445403,391.212704606,130.078259203,Other,random,C10H10,130.078250000,RC2_0046_ICR-3_p08
531.127359082,661.250538095,130.123179012,Other,random,C7H16N1O1,130.123189000,RC2_0046_ICR-3_p08
513.153287329,643.276467341,130.123180012,Other,random,C7H16N1O1,130.123189000,RC2_0046_ICR-3_p08
411.105876218,541.229059231,130.123183012,Other,random,C7H16N1O1,130.123189000,RC2_0046_ICR-3_p08
453.095526097,583.218713109,130.123187012,Other,random,C7H16N1O1,130.123189000,RC2_0046_ICR-3_p08
591.148564470,721.271756482,130.123192012,Other,random,C7H16N1O1,130.123189000,RC2_0046_ICR-3_p08
439.100838463,569.224031475,130.123193012,Other,random,C7H16N1O1,130.123189000,RC2_0046_ICR-3_p08
357.082591387,488.119696523,131.037105135,Other,random,C8H5O1N1,131.037114000,RC2_0046_ICR-3_p08
375.093185986,506.130297121,131.037111135,Other,random,C8H5O1N1,131.037114000,RC2_0046_ICR-3_p08
299.077216448,430.114331584,131.037115135,Other,random,C8H5O1N1,131.037114000,RC2_0046_ICR-3_p08
391.124480980,522.161599116,131.037118135,Other,random,C8H5O1N1,131.037114000,RC2_0046_ICR-3_p08
401.072452780,532.109575916,131.037123135,Other,random,C8H5O1N1,131.037114000,RC2_0046_ICR-3_p08
341.066614328,472.124848373,131.058234046,Other,random,C5H9N1O3,131.058244000,RC2_0046_ICR-3_p08
419.025402623,550.083636669,131.058234046,Other,random,C5H9N1O3,131.058244000,RC2_0046_ICR-3_p08
317.102938982,448.161174028,131.058235046,Other,random,C5H9N1O3,131.058244000,RC2_0046_ICR-3_p08
387.071995171,518.130231217,131.058236046,Other,random,C5H9N1O3,131.058244000,RC2_0046_ICR-3_p08
501.234203890,632.292440936,131.058237046,Other,random,C5H9N1O3,131.058244000,RC2_0046_ICR-3_p08
315.014563841,446.072805887,131.058242046,Other,random,C5H9N1O3,131.058244000,RC2_0046_ICR-3_p08
435.056770618,566.115015663,131.058245046,Other,random,C5H9N1O3,131.058244000,RC2_0046_ICR-3_p08
305.030204195,436.088453241,131.058249046,Other,random,C5H9N1O3,131.058244000,RC2_0046_ICR-3_p08
363.035585134,494.093834180,131.058249046,Other,random,C5H9N1O3,131.058244000,RC2_0046_ICR-3_p08
375.072046075,506.130297121,131.058251046,Other,random,C5H9N1O3,131.058244000,RC2_0046_ICR-3_p08
346.093059005,478.098924031,132.005865026,Other,random,C4H4O5,132.005875000,RC2_0046_ICR-3_p08
345.110818172,477.116683198,132.005865026,Other,random,C4H4O5,132.005875000,RC2_0046_ICR-3_p08
347.149900522,479.155765548,132.005865026,Other,random,C4H4O5,132.005875000,RC2_0046_ICR-3_p08
337.129139030,469.135005056,132.005866026,Other,random,C4H4O5,132.005875000,RC2_0046_ICR-3_p08
385.159965282,517.165832308,132.005867026,Other,random,C4H4O5,132.005875000,RC2_0046_ICR-3_p08
327.063959727,459.069828753,132.005869026,Other,random,C4H4O5,132.005875000,RC2_0046_ICR-3_p08
395.025350432,527.031219458,132.005869026,Other,random,C4H4O5,132.005875000,RC2_0046_ICR-3_p08
359.144237642,491.150107667,132.005870026,Other,random,C4H4O5,132.005875000,RC2_0046_ICR-3_p08
357.082591387,489.088461413,132.005870026,Other,random,C4H4O5,132.005875000,RC2_0046_ICR-3_p08
401.014832025,533.020702051,132.005870026,Other,random,C4H4O5,132.005875000,RC2_0046_ICR-3_p08
477.067382407,609.073252433,132.005870026,Other,random,C4H4O5,132.005875000,RC2_0046_ICR-3_p08
409.069534857,541.075405882,132.005871026,Other,random,C4H4O5,132.005875000,RC2_0046_ICR-3_p08
389.087667620,521.093539646,132.005872026,Other,random,C4H4O5,132.005875000,RC2_0046_ICR-3_p08
347.272090004,479.277962030,132.005872026,Other,random,C4H4O5,132.005875000,RC2_0046_ICR-3_p08
299.019651692,431.025524718,132.005873026,Other,random,C4H4O5,132.005875000,RC2_0046_ICR-3_p08
327.108359539,459.114232565,132.005873026,Other,random,C4H4O5,132.005875000,RC2_0046_ICR-3_p08
391.225456552,523.231330578,132.005874026,Other,random,C4H4O5,132.005875000,RC2_0046_ICR-3_p08
329.102931078,461.108806104,132.005875026,Other,random,C4H4O5,132.005875000,RC2_0046_ICR-3_p08
325.084766123,457.090642149,132.005876026,Other,random,C4H4O5,132.005875000,RC2_0046_ICR-3_p08
347.126509621,479.132386647,132.005877026,Other,random,C4H4O5,132.005875000,RC2_0046_ICR-3_p08
407.171018910,539.176895936,132.005877026,Other,random,C4H4O5,132.005875000,RC2_0046_ICR-3_p08
429.082647960,561.088525986,132.005878026,Other,random,C4H4O5,132.005875000,RC2_0046_ICR-3_p08
351.144815575,483.150693601,132.005878026,Other,random,C4H4O5,132.005875000,RC2_0046_ICR-3_p08
327.217607076,459.223486101,132.005879026,Other,random,C4H4O5,132.005875000,RC2_0046_ICR-3_p08
409.041108977,541.046988003,132.005879026,Other,random,C4H4O5,132.005875000,RC2_0046_ICR-3_p08
327.072039693,459.077919719,132.005880026,Other,random,C4H4O5,132.005875000,RC2_0046_ICR-3_p08
341.043253427,473.049133453,132.005880026,Other,random,C4H4O5,132.005875000,RC2_0046_ICR-3_p08
441.204789537,573.210670563,132.005881026,Other,random,C4H4O5,132.005875000,RC2_0046_ICR-3_p08
361.019841685,493.025723711,132.005882026,Other,random,C4H4O5,132.005875000,RC2_0046_ICR-3_p08
373.214900953,505.220783979,132.005883026,Other,random,C4H4O5,132.005875000,RC2_0046_ICR-3_p08
455.228278049,587.234161075,132.005883026,Other,random,C4H4O5,132.005875000,RC2_0046_ICR-3_p08
519.223547579,651.229430605,132.005883026,Other,random,C4H4O5,132.005875000,RC2_0046_ICR-3_p08
409.223175205,541.229059231,132.005884026,Other,random,C4H4O5,132.005875000,RC2_0046_ICR-3_p08
365.051172584,497.057056610,132.005884026,Other,random,C4H4O5,132.005875000,RC2_0046_ICR-3_p08
393.009625983,525.030747944,132.021121961,Other,random,C8H4O2,132.021130000,RC2_0046_ICR-3_p08
411.020269581,543.041391543,132.021121961,Other,random,C8H4O2,132.021130000,RC2_0046_ICR-3_p08
339.139191504,471.160314465,132.021122961,Other,random,C8H4O2,132.021130000,RC2_0046_ICR-3_p08
393.168270310,525.189393271,132.021122961,Other,random,C8H4O2,132.021130000,RC2_0046_ICR-3_p08
339.108406634,471.129530596,132.021123961,Other,random,C8H4O2,132.021130000,RC2_0046_ICR-3_p08
639.265941354,771.287066315,132.021124961,Other,random,C8H4O2,132.021130000,RC2_0046_ICR-3_p08
373.041077691,505.062203652,132.021125961,Other,random,C8H4O2,132.021130000,RC2_0046_ICR-3_p08
321.025120344,453.046247306,132.021126961,Other,random,C8H4O2,132.021130000,RC2_0046_ICR-3_p08
327.157851329,459.178979290,132.021127961,Other,random,C8H4O2,132.021130000,RC2_0046_ICR-3_p08
341.137114029,473.158241990,132.021127961,Other,random,C8H4O2,132.021130000,RC2_0046_ICR-3_p08
321.147343826,453.168471787,132.021127961,Other,random,C8H4O2,132.021130000,RC2_0046_ICR-3_p08
343.103348688,475.124479649,132.021130961,Other,random,C8H4O2,132.021130000,RC2_0046_ICR-3_p08
291.136814132,423.157945093,132.021130961,Other,random,C8H4O2,132.021130000,RC2_0046_ICR-3_p08
355.170504498,487.191635459,132.021130961,Other,random,C8H4O2,132.021130000,RC2_0046_ICR-3_p08
395.184015759,527.205146721,132.021130961,Other,random,C8H4O2,132.021130000,RC2_0046_ICR-3_p08
531.281086430,663.302219391,132.021132961,Other,random,C8H4O2,132.021130000,RC2_0046_ICR-3_p08
367.030570187,499.051704149,132.021133961,Other,random,C8H4O2,132.021130000,RC2_0046_ICR-3_p08
377.014765834,509.035899795,132.021133961,Other,random,C8H4O2,132.021130000,RC2_0046_ICR-3_p08
411.165941963,543.187076925,132.021134961,Other,random,C8H4O2,132.021130000,RC2_0046_ICR-3_p08
339.121490579,471.142626540,132.021135961,Other,random,C8H4O2,132.021130000,RC2_0046_ICR-3_p08
325.178561725,457.199697686,132.021135961,Other,random,C8H4O2,132.021130000,RC2_0046_ICR-3_p08
369.046234637,501.067371598,132.021136961,Other,random,C8H4O2,132.021130000,RC2_0046_ICR-3_p08
326.088036867,458.109174828,132.021137961,Other,random,C8H4O2,132.021130000,RC2_0046_ICR-3_p08
499.145566750,631.166705712,132.021138961,Other,random,C8H4O2,132.021130000,RC2_0046_ICR-3_p08
350.051620213,482.072759174,132.021138961,Other,random,C8H4O2,132.021130000,RC2_0046_ICR-3_p08
311.077088544,443.098228505,132.021139961,Other,random,C8H4O2,132.021130000,RC2_0046_ICR-3_p08
343.212510225,475.233650186,132.021139961,Other,random,C8H4O2,132.021130000,RC2_0046_ICR-3_p08
367.189130515,499.210270476,132.021139961,Other,random,C8H4O2,132.021130000,RC2_0046_ICR-3_p08
403.233703612,535.254843573,132.021139961,Other,random,C8H4O2,132.021130000,RC2_0046_ICR-3_p08
325.020032398,457.062282269,132.042249872,Other,random,D-Ribose (-H2O) (ribosylation),132.042258900,RC2_0046_ICR-3_p08
431.147726200,563.189976072,132.042249872,Other,random,D-Ribose (-H2O) (ribosylation),132.042258900,RC2_0046_ICR-3_p08
373.142194262,505.184444133,132.042249872,Other,random,D-Ribose (-H2O) (ribosylation),132.042258900,RC2_0046_ICR-3_p08
329.066555232,461.108806104,132.042250872,Other,random,D-Ribose (-H2O) (ribosylation),132.042258900,RC2_0046_ICR-3_p08
478.135276877,610.177527748,132.042250872,Other,random,D-Ribose (-H2O) (ribosylation),132.042258900,RC2_0046_ICR-3_p08
329.152296869,461.194548740,132.042251872,Other,random,D-Ribose (-H2O) (ribosylation),132.042258900,RC2_0046_ICR-3_p08
347.053659930,479.095911802,132.042251872,Other,random,D-Ribose (-H2O) (ribosylation),132.042258900,RC2_0046_ICR-3_p08
361.105842320,493.148094192,132.042251872,Other,random,D-Ribose (-H2O) (ribosylation),132.042258900,RC2_0046_ICR-3_p08
471.179039386,603.221291257,132.042251872,Other,random,D-Ribose (-H2O) (ribosylation),132.042258900,RC2_0046_ICR-3_p08
367.066841034,499.109094905,132.042253872,Other,random,D-Ribose (-H2O) (ribosylation),132.042258900,RC2_0046_ICR-3_p08
553.098866878,685.141121750,132.042254872,Other,random,D-Ribose (-H2O) (ribosylation),132.042258900,RC2_0046_ICR-3_p08
453.212719599,585.254974471,132.042254872,Other,random,D-Ribose (-H2O) (ribosylation),132.042258900,RC2_0046_ICR-3_p08
357.155348079,489.197603950,132.042255872,Other,random,D-Ribose (-H2O) (ribosylation),132.042258900,RC2_0046_ICR-3_p08
301.092838898,433.135094769,132.042255872,Other,random,D-Ribose (-H2O) (ribosylation),132.042258900,RC2_0046_ICR-3_p08
545.275588065,677.317843937,132.042255872,Other,random,D-Ribose (-H2O) (ribosylation),132.042258900,RC2_0046_ICR-3_p08
399.020332486,531.062589357,132.042256872,Other,random,D-Ribose (-H2O) (ribosylation),132.042258900,RC2_0046_ICR-3_p08
313.238386376,445.280643248,132.042256872,Other,random,D-Ribose (-H2O) (ribosylation),132.042258900,RC2_0046_ICR-3_p08
315.100302478,447.142559349,132.042256872,Other,random,D-Ribose (-H2O) (ribosylation),132.042258900,RC2_0046_ICR-3_p08
473.194713835,605.236970707,132.042256872,Other,random,D-Ribose (-H2O) (ribosylation),132.042258900,RC2_0046_ICR-3_p08
283.110559179,415.152816051,132.042256872,Other,random,D-Ribose (-H2O) (ribosylation),132.042258900,RC2_0046_ICR-3_p08
365.160345121,497.202602993,132.042257872,Other,random,D-Ribose (-H2O) (ribosylation),132.042258900,RC2_0046_ICR-3_p08
329.051278297,461.093536169,132.042257872,Other,random,D-Ribose (-H2O) (ribosylation),132.042258900,RC2_0046_ICR-3_p08
533.275530970,665.317788841,132.042257872,Other,random,D-Ribose (-H2O) (ribosylation),132.042258900,RC2_0046_ICR-3_p08
425.181585509,557.223844380,132.042258872,Other,random,D-Ribose (-H2O) (ribosylation),132.042258900,RC2_0046_ICR-3_p08
453.067303216,585.109562088,132.042258872,Other,random,D-Ribose (-H2O) (ribosylation),132.042258900,RC2_0046_ICR-3_p08
537.234052178,669.276311049,132.042258872,Other,random,D-Ribose (-H2O) (ribosylation),132.042258900,RC2_0046_ICR-3_p08
345.025123535,477.067382407,132.042258872,Other,random,D-Ribose (-H2O) (ribosylation),132.042258900,RC2_0046_ICR-3_p08
539.241951660,671.284210532,132.042258872,Other,random,D-Ribose (-H2O) (ribosylation),132.042258900,RC2_0046_ICR-3_p08
629.260960796,761.303219667,132.042258872,Other,random,D-Ribose (-H2O) (ribosylation),132.042258900,RC2_0046_ICR-3_p08
429.186168521,561.228428392,132.042259872,Other,random,D-Ribose (-H2O) (ribosylation),132.042258900,RC2_0046_ICR-3_p08
497.122003334,629.164263206,132.042259872,Other,random,D-Ribose (-H2O) (ribosylation),132.042258900,RC2_0046_ICR-3_p08
321.219992518,453.262253389,132.042260872,Other,random,D-Ribose (-H2O) (ribosylation),132.042258900,RC2_0046_ICR-3_p08
376.103728699,508.145989570,132.042260872,Other,random,D-Ribose (-H2O) (ribosylation),132.042258900,RC2_0046_ICR-3_p08
339.035520944,471.077781815,132.042260872,Other,random,D-Ribose (-H2O) (ribosylation),132.042258900,RC2_0046_ICR-3_p08
371.040630177,503.082891048,132.042260872,Other,random,D-Ribose (-H2O) (ribosylation),132.042258900,RC2_0046_ICR-3_p08
431.061771565,563.104032436,132.042260872,Other,random,D-Ribose (-H2O) (ribosylation),132.042258900,RC2_0046_ICR-3_p08
401.160450407,533.202712279,132.042261872,Other,random,D-Ribose (-H2O) (ribosylation),132.042258900,RC2_0046_ICR-3_p08
411.238614655,543.280876527,132.042261872,Other,random,D-Ribose (-H2O) (ribosylation),132.042258900,RC2_0046_ICR-3_p08
569.166461719,701.208724591,132.042262872,Other,random,D-Ribose (-H2O) (ribosylation),132.042258900,RC2_0046_ICR-3_p08
371.207460469,503.249723340,132.042262872,Other,random,D-Ribose (-H2O) (ribosylation),132.042258900,RC2_0046_ICR-3_p08
423.165914059,555.208177931,132.042263872,Other,random,D-Ribose (-H2O) (ribosylation),132.042258900,RC2_0046_ICR-3_p08
381.046223732,513.088488604,132.042264872,Other,random,D-Ribose (-H2O) (ribosylation),132.042258900,RC2_0046_ICR-3_p08
417.118955711,549.161221582,132.042265872,Other,random,D-Ribose (-H2O) (ribosylation),132.042258900,RC2_0046_ICR-3_p08
333.089844165,465.132110037,132.042265872,Other,random,D-Ribose (-H2O) (ribosylation),132.042258900,RC2_0046_ICR-3_p08
389.160429312,521.202695183,132.042265872,Other,random,D-Ribose (-H2O) (ribosylation),132.042258900,RC2_0046_ICR-3_p08
535.218427728,667.260693599,132.042265872,Other,random,D-Ribose (-H2O) (ribosylation),132.042258900,RC2_0046_ICR-3_p08
627.244698349,759.286966220,132.042267871,Other,random,D-Ribose (-H2O) (ribosylation),132.042258900,RC2_0046_ICR-3_p08
575.140648376,707.182917248,132.042268871,Other,random,D-Ribose (-H2O) (ribosylation),132.042258900,RC2_0046_ICR-3_p08
409.069534857,541.111803728,132.042268871,Other,random,D-Ribose (-H2O) (ribosylation),132.042258900,RC2_0046_ICR-3_p08
329.066555232,461.108806104,132.042250872,Other,random,pentose_C5H8O4,132.042260000,RC2_0046_ICR-3_p08
478.135276877,610.177527748,132.042250872,Other,random,pentose_C5H8O4,132.042260000,RC2_0046_ICR-3_p08
329.152296869,461.194548740,132.042251872,Other,random,pentose_C5H8O4,132.042260000,RC2_0046_ICR-3_p08
347.053659930,479.095911802,132.042251872,Other,random,pentose_C5H8O4,132.042260000,RC2_0046_ICR-3_p08
361.105842320,493.148094192,132.042251872,Other,random,pentose_C5H8O4,132.042260000,RC2_0046_ICR-3_p08
471.179039386,603.221291257,132.042251872,Other,random,pentose_C5H8O4,132.042260000,RC2_0046_ICR-3_p08
367.066841034,499.109094905,132.042253872,Other,random,pentose_C5H8O4,132.042260000,RC2_0046_ICR-3_p08
553.098866878,685.141121750,132.042254872,Other,random,pentose_C5H8O4,132.042260000,RC2_0046_ICR-3_p08
453.212719599,585.254974471,132.042254872,Other,random,pentose_C5H8O4,132.042260000,RC2_0046_ICR-3_p08
357.155348079,489.197603950,132.042255872,Other,random,pentose_C5H8O4,132.042260000,RC2_0046_ICR-3_p08
301.092838898,433.135094769,132.042255872,Other,random,pentose_C5H8O4,132.042260000,RC2_0046_ICR-3_p08
545.275588065,677.317843937,132.042255872,Other,random,pentose_C5H8O4,132.042260000,RC2_0046_ICR-3_p08
399.020332486,531.062589357,132.042256872,Other,random,pentose_C5H8O4,132.042260000,RC2_0046_ICR-3_p08
313.238386376,445.280643248,132.042256872,Other,random,pentose_C5H8O4,132.042260000,RC2_0046_ICR-3_p08
315.100302478,447.142559349,132.042256872,Other,random,pentose_C5H8O4,132.042260000,RC2_0046_ICR-3_p08
473.194713835,605.236970707,132.042256872,Other,random,pentose_C5H8O4,132.042260000,RC2_0046_ICR-3_p08
283.110559179,415.152816051,132.042256872,Other,random,pentose_C5H8O4,132.042260000,RC2_0046_ICR-3_p08
365.160345121,497.202602993,132.042257872,Other,random,pentose_C5H8O4,132.042260000,RC2_0046_ICR-3_p08
329.051278297,461.093536169,132.042257872,Other,random,pentose_C5H8O4,132.042260000,RC2_0046_ICR-3_p08
533.275530970,665.317788841,132.042257872,Other,random,pentose_C5H8O4,132.042260000,RC2_0046_ICR-3_p08
425.181585509,557.223844380,132.042258872,Other,random,pentose_C5H8O4,132.042260000,RC2_0046_ICR-3_p08
453.067303216,585.109562088,132.042258872,Other,random,pentose_C5H8O4,132.042260000,RC2_0046_ICR-3_p08
537.234052178,669.276311049,132.042258872,Other,random,pentose_C5H8O4,132.042260000,RC2_0046_ICR-3_p08
345.025123535,477.067382407,132.042258872,Other,random,pentose_C5H8O4,132.042260000,RC2_0046_ICR-3_p08
539.241951660,671.284210532,132.042258872,Other,random,pentose_C5H8O4,132.042260000,RC2_0046_ICR-3_p08
629.260960796,761.303219667,132.042258872,Other,random,pentose_C5H8O4,132.042260000,RC2_0046_ICR-3_p08
429.186168521,561.228428392,132.042259872,Other,random,pentose_C5H8O4,132.042260000,RC2_0046_ICR-3_p08
497.122003334,629.164263206,132.042259872,Other,random,pentose_C5H8O4,132.042260000,RC2_0046_ICR-3_p08
321.219992518,453.262253389,132.042260872,Other,random,pentose_C5H8O4,132.042260000,RC2_0046_ICR-3_p08
376.103728699,508.145989570,132.042260872,Other,random,pentose_C5H8O4,132.042260000,RC2_0046_ICR-3_p08
339.035520944,471.077781815,132.042260872,Other,random,pentose_C5H8O4,132.042260000,RC2_0046_ICR-3_p08
371.040630177,503.082891048,132.042260872,Other,random,pentose_C5H8O4,132.042260000,RC2_0046_ICR-3_p08
431.061771565,563.104032436,132.042260872,Other,random,pentose_C5H8O4,132.042260000,RC2_0046_ICR-3_p08
401.160450407,533.202712279,132.042261872,Other,random,pentose_C5H8O4,132.042260000,RC2_0046_ICR-3_p08
411.238614655,543.280876527,132.042261872,Other,random,pentose_C5H8O4,132.042260000,RC2_0046_ICR-3_p08
569.166461719,701.208724591,132.042262872,Other,random,pentose_C5H8O4,132.042260000,RC2_0046_ICR-3_p08
371.207460469,503.249723340,132.042262872,Other,random,pentose_C5H8O4,132.042260000,RC2_0046_ICR-3_p08
423.165914059,555.208177931,132.042263872,Other,random,pentose_C5H8O4,132.042260000,RC2_0046_ICR-3_p08
381.046223732,513.088488604,132.042264872,Other,random,pentose_C5H8O4,132.042260000,RC2_0046_ICR-3_p08
417.118955711,549.161221582,132.042265872,Other,random,pentose_C5H8O4,132.042260000,RC2_0046_ICR-3_p08
333.089844165,465.132110037,132.042265872,Other,random,pentose_C5H8O4,132.042260000,RC2_0046_ICR-3_p08
389.160429312,521.202695183,132.042265872,Other,random,pentose_C5H8O4,132.042260000,RC2_0046_ICR-3_p08
535.218427728,667.260693599,132.042265872,Other,random,pentose_C5H8O4,132.042260000,RC2_0046_ICR-3_p08
627.244698349,759.286966220,132.042267871,Other,random,pentose_C5H8O4,132.042260000,RC2_0046_ICR-3_p08
575.140648376,707.182917248,132.042268871,Other,random,pentose_C5H8O4,132.042260000,RC2_0046_ICR-3_p08
409.069534857,541.111803728,132.042268871,Other,random,pentose_C5H8O4,132.042260000,RC2_0046_ICR-3_p08
386.051592500,518.093862371,132.042269871,Other,random,pentose_C5H8O4,132.042260000,RC2_0046_ICR-3_p08
345.147339017,477.189608888,132.042269871,Other,random,pentose_C5H8O4,132.042260000,RC2_0046_ICR-3_p08
361.142055167,493.184325038,132.042269871,Other,random,pentose_C5H8O4,132.042260000,RC2_0046_ICR-3_p08
367.095291913,499.137561784,132.042269871,Other,random,pentose_C5H8O4,132.042260000,RC2_0046_ICR-3_p08
449.194453645,581.251961452,132.057507807,Other,random,C9H8O1,132.057515000,RC2_0046_ICR-3_p08
395.061821278,527.119329085,132.057507807,Other,random,C9H8O1,132.057515000,RC2_0046_ICR-3_p08
389.072456685,521.129966492,132.057509807,Other,random,C9H8O1,132.057515000,RC2_0046_ICR-3_p08
325.142186880,457.199697686,132.057510807,Other,random,C9H8O1,132.057515000,RC2_0046_ICR-3_p08
347.090198775,479.147709582,132.057510807,Other,random,C9H8O1,132.057515000,RC2_0046_ICR-3_p08
289.084773837,421.142285643,132.057511807,Other,random,C9H8O1,132.057515000,RC2_0046_ICR-3_p08
335.162930371,467.220442178,132.057511807,Other,random,C9H8O1,132.057515000,RC2_0046_ICR-3_p08
339.035520944,471.093033750,132.057512807,Other,random,C9H8O1,132.057515000,RC2_0046_ICR-3_p08
545.260331130,677.317843937,132.057512807,Other,random,C9H8O1,132.057515000,RC2_0046_ICR-3_p08
401.108727627,533.166243433,132.057515807,Other,random,C9H8O1,132.057515000,RC2_0046_ICR-3_p08
299.077216448,431.134733255,132.057516807,Other,random,C9H8O1,132.057515000,RC2_0046_ICR-3_p08
385.150269323,517.207786130,132.057516807,Other,random,C9H8O1,132.057515000,RC2_0046_ICR-3_p08
387.056778235,519.114295042,132.057516807,Other,random,C9H8O1,132.057515000,RC2_0046_ICR-3_p08
333.155391887,465.212909694,132.057517807,Other,random,C9H8O1,132.057515000,RC2_0046_ICR-3_p08
355.030544092,487.088062899,132.057518807,Other,random,C9H8O1,132.057515000,RC2_0046_ICR-3_p08
343.066959842,475.124479649,132.057519807,Other,random,C9H8O1,132.057515000,RC2_0046_ICR-3_p08
423.215300850,555.272820656,132.057519807,Other,random,C9H8O1,132.057515000,RC2_0046_ICR-3_p08
329.064250242,461.121770049,132.057519807,Other,random,C9H8O1,132.057515000,RC2_0046_ICR-3_p08
365.087635429,497.145155236,132.057519807,Other,random,C9H8O1,132.057515000,RC2_0046_ICR-3_p08
355.134114653,487.191635459,132.057520807,Other,random,C9H8O1,132.057515000,RC2_0046_ICR-3_p08
439.088043517,571.145566324,132.057522807,Other,random,C9H8O1,132.057515000,RC2_0046_ICR-3_p08
391.116388014,523.173911821,132.057523807,Other,random,C9H8O1,132.057515000,RC2_0046_ICR-3_p08
397.041121882,529.098645688,132.057523807,Other,random,C9H8O1,132.057515000,RC2_0046_ICR-3_p08
433.163258650,565.257149302,132.093890653,Other,random,C10H12,132.093900000,RC2_0046_ICR-3_p08
311.053712643,443.147604296,132.093891653,Other,random,C10H12,132.093900000,RC2_0046_ICR-3_p08
405.103641680,537.197533332,132.093891653,Other,random,C10H12,132.093900000,RC2_0046_ICR-3_p08
357.183505959,489.277397612,132.093891653,Other,random,C10H12,132.093900000,RC2_0046_ICR-3_p08
353.051312488,485.145205141,132.093892653,Other,random,C10H12,132.093900000,RC2_0046_ICR-3_p08
475.072935867,607.166828520,132.093892653,Other,random,C10H12,132.093900000,RC2_0046_ICR-3_p08
345.046108446,477.140004099,132.093895652,Other,random,C10H12,132.093900000,RC2_0046_ICR-3_p08
421.040965073,553.134860726,132.093895652,Other,random,C10H12,132.093900000,RC2_0046_ICR-3_p08
323.071459664,455.165356316,132.093896652,Other,random,C10H12,132.093900000,RC2_0046_ICR-3_p08
489.197603950,621.291501603,132.093897652,Other,random,C10H12,132.093900000,RC2_0046_ICR-3_p08
367.116372823,499.210270476,132.093897652,Other,random,C10H12,132.093900000,RC2_0046_ICR-3_p08
373.077404537,505.171302189,132.093897652,Other,random,C10H12,132.093900000,RC2_0046_ICR-3_p08
655.151884965,787.245782618,132.093897652,Other,random,C10H12,132.093900000,RC2_0046_ICR-3_p08
313.092737994,445.186636646,132.093898652,Other,random,C10H12,132.093900000,RC2_0046_ICR-3_p08
573.218982528,705.312883181,132.093900652,Other,random,C10H12,132.093900000,RC2_0046_ICR-3_p08
429.030897180,561.124799832,132.093902652,Other,random,C10H12,132.093900000,RC2_0046_ICR-3_p08
299.113563294,431.207465947,132.093902652,Other,random,C10H12,132.093900000,RC2_0046_ICR-3_p08
337.142265975,469.236171627,132.093905652,Other,random,C10H12,132.093900000,RC2_0046_ICR-3_p08
329.124093988,461.218001641,132.093907652,Other,random,C10H12,132.093900000,RC2_0046_ICR-3_p08
361.041140595,493.135048247,132.093907652,Other,random,C10H12,132.093900000,RC2_0046_ICR-3_p08
367.030570187,499.124478840,132.093908652,Other,random,C10H12,132.093900000,RC2_0046_ICR-3_p08
310.033112973,442.127021625,132.093908652,Other,random,C10H12,132.093900000,RC2_0046_ICR-3_p08
371.061836087,504.078205826,133.016369739,Other,random,C7H3N1O2,133.016379000,RC2_0046_ICR-3_p08
313.056432148,446.072805887,133.016373739,Other,random,C7H3N1O2,133.016379000,RC2_0046_ICR-3_p08
393.132102464,526.148476203,133.016373739,Other,random,C7H3N1O2,133.016379000,RC2_0046_ICR-3_p08
327.108359539,460.124737278,133.016377739,Other,random,C7H3N1O2,133.016379000,RC2_0046_ICR-3_p08
369.046234637,502.062612376,133.016377739,Other,random,C7H3N1O2,133.016379000,RC2_0046_ICR-3_p08
325.056365244,458.072744983,133.016379739,Other,random,C7H3N1O2,133.016379000,RC2_0046_ICR-3_p08
301.020034207,434.036417946,133.016383739,Other,random,C7H3N1O2,133.016379000,RC2_0046_ICR-3_p08
417.067251930,550.083636669,133.016384739,Other,random,C7H3N1O2,133.016379000,RC2_0046_ICR-3_p08
307.093705442,440.132556086,133.038850644,Other,random,C5H3N5,133.038845000,RC2_0046_ICR-3_p08
412.137693841,545.187773438,133.050079596,Other,random,C5H9O4,133.050085000,RC2_0046_ICR-3_p08
464.168953123,597.219042719,133.050089596,Other,random,C5H9O4,133.050085000,RC2_0046_ICR-3_p08
424.137616937,557.187709533,133.050092596,Other,random,C5H9O4,133.050085000,RC2_0046_ICR-3_p08
267.051077304,400.103832889,133.052755585,Other,random,C8H7N1O1,133.052764000,RC2_0046_ICR-3_p08
315.108418443,448.161174028,133.052755585,Other,random,C8H7N1O1,133.052764000,RC2_0046_ICR-3_p08
343.066959842,476.119717427,133.052757585,Other,random,C8H7N1O1,133.052764000,RC2_0046_ICR-3_p08
349.019999589,482.072759174,133.052759585,Other,random,C8H7N1O1,133.052764000,RC2_0046_ICR-3_p08
277.144604487,411.142624062,133.998019575,Other,random,H7O6P1,133.998028000,RC2_0046_ICR-3_p08
259.061249198,393.059273773,133.998024575,Other,random,H7O6P1,133.998028000,RC2_0046_ICR-3_p08
267.066336240,401.064367815,133.998031575,Other,random,H7O6P1,133.998028000,RC2_0046_ICR-3_p08
333.134293977,467.132325552,133.998031575,Other,random,H7O6P1,133.998028000,RC2_0046_ICR-3_p08
337.201905722,471.199937297,133.998031575,Other,random,H7O6P1,133.998028000,RC2_0046_ICR-3_p08
353.173473970,487.210244381,134.036770411,Other,random,C8H6O2,134.036780000,RC2_0046_ICR-3_p08
354.046584266,488.083355677,134.036771411,Other,random,C8H6O2,134.036780000,RC2_0046_ICR-3_p08
429.140145716,563.176918127,134.036772411,Other,random,C8H6O2,134.036780000,RC2_0046_ICR-3_p08
337.142265975,471.179039386,134.036773411,Other,random,C8H6O2,134.036780000,RC2_0046_ICR-3_p08
384.057088960,518.093862371,134.036773411,Other,random,C8H6O2,134.036780000,RC2_0046_ICR-3_p08
405.103641680,539.140416091,134.036774411,Other,random,C8H6O2,134.036780000,RC2_0046_ICR-3_p08
311.162898180,445.199672591,134.036774411,Other,random,C8H6O2,134.036780000,RC2_0046_ICR-3_p08
314.088137771,448.124912182,134.036774411,Other,random,C8H6O2,134.036780000,RC2_0046_ICR-3_p08
324.072399418,458.109174828,134.036775411,Other,random,C8H6O2,134.036780000,RC2_0046_ICR-3_p08
385.077519632,519.114295042,134.036775411,Other,random,C8H6O2,134.036780000,RC2_0046_ICR-3_p08
317.116029927,451.152806338,134.036776411,Other,random,C8H6O2,134.036780000,RC2_0046_ICR-3_p08
355.152809573,489.189585984,134.036776411,Other,random,C8H6O2,134.036780000,RC2_0046_ICR-3_p08
379.030454283,513.067230694,134.036776411,Other,random,C8H6O2,134.036780000,RC2_0046_ICR-3_p08
347.126509621,481.163287032,134.036777411,Other,random,C8H6O2,134.036780000,RC2_0046_ICR-3_p08
443.183858142,577.220635553,134.036777411,Other,random,C8H6O2,134.036780000,RC2_0046_ICR-3_p08
653.209005207,787.245782618,134.036777411,Other,random,C8H6O2,134.036780000,RC2_0046_ICR-3_p08
343.134007558,477.170785968,134.036778411,Other,random,C8H6O2,134.036780000,RC2_0046_ICR-3_p08
363.194225461,497.231003872,134.036778411,Other,random,C8H6O2,134.036780000,RC2_0046_ICR-3_p08
567.171945180,701.208724591,134.036779411,Other,random,C8H6O2,134.036780000,RC2_0046_ICR-3_p08
325.056365244,459.093144654,134.036779411,Other,random,C8H6O2,134.036780000,RC2_0046_ICR-3_p08
379.134110844,513.170891254,134.036780411,Other,random,C8H6O2,134.036780000,RC2_0046_ICR-3_p08
317.079713081,451.116494492,134.036781411,Other,random,C8H6O2,134.036780000,RC2_0046_ICR-3_p08
421.236038246,555.272820656,134.036782411,Other,random,C8H6O2,134.036780000,RC2_0046_ICR-3_p08
319.131689376,453.168471787,134.036782411,Other,random,C8H6O2,134.036780000,RC2_0046_ICR-3_p08
579.208399121,713.245182531,134.036783411,Other,random,C8H6O2,134.036780000,RC2_0046_ICR-3_p08
365.051172584,499.087955995,134.036783411,Other,random,C8H6O2,134.036780000,RC2_0046_ICR-3_p08
379.097644998,513.134430409,134.036785411,Other,random,C8H6O2,134.036780000,RC2_0046_ICR-3_p08
567.135508334,701.172293745,134.036785411,Other,random,C8H6O2,134.036780000,RC2_0046_ICR-3_p08
337.123528054,471.160314465,134.036786411,Other,random,C8H6O2,134.036780000,RC2_0046_ICR-3_p08
355.066835938,489.103623349,134.036787411,Other,random,C8H6O2,134.036780000,RC2_0046_ICR-3_p08
333.118975042,467.155762452,134.036787411,Other,random,C8H6O2,134.036780000,RC2_0046_ICR-3_p08
335.199384217,469.236171627,134.036787411,Other,random,C8H6O2,134.036780000,RC2_0046_ICR-3_p08
421.199805399,555.236593810,134.036788411,Other,random,C8H6O2,134.036780000,RC2_0046_ICR-3_p08
379.043586228,513.080374638,134.036788411,Other,random,C8H6O2,134.036780000,RC2_0046_ICR-3_p08
287.105496233,421.142285643,134.036789411,Other,random,C8H6O2,134.036780000,RC2_0046_ICR-3_p08
407.098242219,541.135031629,134.036789411,Other,random,C8H6O2,134.036780000,RC2_0046_ICR-3_p08
359.080395912,493.127064281,134.046668369,Other,random,adenine_(_H)_C5H4N5,134.046670000,RC2_0046_ICR-3_p08
359.080395912,493.127064281,134.046668369,Other,random,adenine (-H),134.046670200,RC2_0046_ICR-3_p08
347.113414677,481.171314998,134.057900321,Other,random,C5H10O4,134.057910000,RC2_0046_ICR-3_p08
617.151244166,751.209144487,134.057900321,Other,random,C5H10O4,134.057910000,RC2_0046_ICR-3_p08
411.157946997,545.215848318,134.057901321,Other,random,C5H10O4,134.057910000,RC2_0046_ICR-3_p08
557.130053778,691.187955099,134.057901321,Other,random,C5H10O4,134.057910000,RC2_0046_ICR-3_p08
421.142285643,555.200186965,134.057901321,Other,random,C5H10O4,134.057910000,RC2_0046_ICR-3_p08
335.077103735,469.135005056,134.057901321,Other,random,C5H10O4,134.057910000,RC2_0046_ICR-3_p08
337.129139030,471.187040352,134.057901321,Other,random,C5H10O4,134.057910000,RC2_0046_ICR-3_p08
443.147604296,577.205505617,134.057901321,Other,random,C5H10O4,134.057910000,RC2_0046_ICR-3_p08
567.078289577,701.136190898,134.057901321,Other,random,C5H10O4,134.057910000,RC2_0046_ICR-3_p08
409.069534857,543.127438178,134.057903321,Other,random,C5H10O4,134.057910000,RC2_0046_ICR-3_p08
587.104711624,721.162614945,134.057903321,Other,random,C5H10O4,134.057910000,RC2_0046_ICR-3_p08
341.051209393,475.109113714,134.057904321,Other,random,C5H10O4,134.057910000,RC2_0046_ICR-3_p08
405.046226924,539.104131245,134.057904321,Other,random,C5H10O4,134.057910000,RC2_0046_ICR-3_p08
459.142468445,593.200372766,134.057904321,Other,random,C5H10O4,134.057910000,RC2_0046_ICR-3_p08
421.077501918,555.135407239,134.057905321,Other,random,C5H10O4,134.057910000,RC2_0046_ICR-3_p08
281.152441486,415.210347807,134.057906321,Other,random,C5H10O4,134.057910000,RC2_0046_ICR-3_p08
369.046234637,503.104141958,134.057907321,Other,random,C5H10O4,134.057910000,RC2_0046_ICR-3_p08
371.126536812,505.184444133,134.057907321,Other,random,C5H10O4,134.057910000,RC2_0046_ICR-3_p08
645.218979101,779.276887422,134.057908321,Other,random,C5H10O4,134.057910000,RC2_0046_ICR-3_p08
331.045749836,465.103658158,134.057908321,Other,random,C5H10O4,134.057910000,RC2_0046_ICR-3_p08
335.199384217,469.257292538,134.057908321,Other,random,C5H10O4,134.057910000,RC2_0046_ICR-3_p08
353.152336059,487.210244381,134.057908321,Other,random,C5H10O4,134.057910000,RC2_0046_ICR-3_p08
343.009473086,477.067382407,134.057909321,Other,random,C5H10O4,134.057910000,RC2_0046_ICR-3_p08
445.199672591,579.257582912,134.057910321,Other,random,C5H10O4,134.057910000,RC2_0046_ICR-3_p08
399.121456057,533.179366378,134.057910321,Other,random,C5H10O4,134.057910000,RC2_0046_ICR-3_p08
341.043253427,475.101163748,134.057910321,Other,random,C5H10O4,134.057910000,RC2_0046_ICR-3_p08
348.121761399,482.179671720,134.057910321,Other,random,C5H10O4,134.057910000,RC2_0046_ICR-3_p08
377.196806062,511.254716383,134.057910321,Other,random,C5H10O4,134.057910000,RC2_0046_ICR-3_p08
387.144784862,521.202695183,134.057910321,Other,random,C5H10O4,134.057910000,RC2_0046_ICR-3_p08
387.194157653,521.252067974,134.057910321,Other,random,C5H10O4,134.057910000,RC2_0046_ICR-3_p08
337.178601821,471.236513142,134.057911321,Other,random,C5H10O4,134.057910000,RC2_0046_ICR-3_p08
345.061361382,479.119272703,134.057911321,Other,random,C5H10O4,134.057910000,RC2_0046_ICR-3_p08
361.178612012,495.236523333,134.057911321,Other,random,C5H10O4,134.057910000,RC2_0046_ICR-3_p08
345.097853227,479.155765548,134.057912321,Other,random,C5H10O4,134.057910000,RC2_0046_ICR-3_p08
361.056363530,495.114276851,134.057913321,Other,random,C5H10O4,134.057910000,RC2_0046_ICR-3_p08
469.163375936,603.221291257,134.057915321,Other,random,C5H10O4,134.057910000,RC2_0046_ICR-3_p08
413.014801121,547.072716442,134.057915321,Other,random,C5H10O4,134.057910000,RC2_0046_ICR-3_p08
447.165863250,581.223779571,134.057916321,Other,random,C5H10O4,134.057910000,RC2_0046_ICR-3_p08
373.069380571,507.127296892,134.057916321,Other,random,C5H10O4,134.057910000,RC2_0046_ICR-3_p08
421.113886764,555.171803085,134.057916321,Other,random,C5H10O4,134.057910000,RC2_0046_ICR-3_p08
481.090531341,615.148447662,134.057916321,Other,random,C5H10O4,134.057910000,RC2_0046_ICR-3_p08
431.207465947,565.265383268,134.057917321,Other,random,C5H10O4,134.057910000,RC2_0046_ICR-3_p08
355.030544092,489.088461413,134.057917321,Other,random,C5H10O4,134.057910000,RC2_0046_ICR-3_p08
419.207352851,553.265270173,134.057917321,Other,random,C5H10O4,134.057910000,RC2_0046_ICR-3_p08
311.113457390,445.171375711,134.057918321,Other,random,C5H10O4,134.057910000,RC2_0046_ICR-3_p08
290.030504825,424.088423146,134.057918321,Other,random,C5H10O4,134.057910000,RC2_0046_ICR-3_p08
353.087620334,487.145539655,134.057919321,Other,random,C5H10O4,134.057910000,RC2_0046_ICR-3_p08
355.066835938,489.124755259,134.057919321,Other,random,C5H10O4,134.057910000,RC2_0046_ICR-3_p08
641.115378509,775.173297830,134.057919321,Other,random,C5H10O4,134.057910000,RC2_0046_ICR-3_p08
479.059705955,613.120295265,134.060589310,Other,random,C8H8N1O1,134.060589000,RC2_0046_ICR-3_p08
471.199937297,605.260528607,134.060591310,Other,random,C8H8N1O1,134.060589000,RC2_0046_ICR-3_p08
527.226039632,661.286634942,134.060595310,Other,random,C8H8N1O1,134.060589000,RC2_0046_ICR-3_p08
295.082307395,430.114331584,135.032024189,Other,random,C7H5N1O2,135.032029000,RC2_0046_ICR-3_p08
361.041140595,496.073170784,135.032030189,Other,random,C7H5N1O2,135.032029000,RC2_0046_ICR-3_p08
403.051659385,538.083689573,135.032030189,Other,random,C7H5N1O2,135.032029000,RC2_0046_ICR-3_p08
323.040714794,458.072744983,135.032030189,Other,random,C7H5N1O2,135.032029000,RC2_0046_ICR-3_p08
383.134591874,518.166624062,135.032032189,Other,random,C7H5N1O2,135.032029000,RC2_0046_ICR-3_p08
301.056416052,436.088453241,135.032037189,Other,random,C7H5N1O2,135.032029000,RC2_0046_ICR-3_p08
403.170459881,538.205858055,135.035398175,Other,random,C4H9N1O2S1,135.035401000,RC2_0046_ICR-3_p08
468.122594351,603.158002526,135.035408174,Other,random,C4H9N1O2S1,135.035401000,RC2_0046_ICR-3_p08
355.030544092,490.098952127,135.068408034,Other,random,C8H9N1O1,135.068414000,RC2_0046_ICR-3_p08
475.109113714,610.177527748,135.068414034,Other,random,C8H9N1O1,135.068414000,RC2_0046_ICR-3_p08
265.035417855,400.103832889,135.068415034,Other,random,C8H9N1O1,135.068414000,RC2_0046_ICR-3_p08
321.038195289,456.106610323,135.068415034,Other,random,C8H9N1O1,135.068414000,RC2_0046_ICR-3_p08
347.004343139,482.072759174,135.068416034,Other,random,C8H9N1O1,135.068414000,RC2_0046_ICR-3_p08
301.020034207,436.088453241,135.068419034,Other,random,C8H9N1O1,135.068414000,RC2_0046_ICR-3_p08
383.061812182,518.130231217,135.068419034,Other,random,C8H9N1O1,135.068414000,RC2_0046_ICR-3_p08
343.030503997,478.098924031,135.068420034,Other,random,C8H9N1O1,135.068414000,RC2_0046_ICR-3_p08
315.035711752,450.104132786,135.068421034,Other,random,C8H9N1O1,135.068414000,RC2_0046_ICR-3_p08
295.045910549,430.114331584,135.068421034,Other,random,C8H9N1O1,135.068414000,RC2_0046_ICR-3_p08
418.150760334,554.115156567,135.964396234,Other,random,C2O7,135.964405000,RC2_0046_ICR-3_p08
293.175749483,429.140145716,135.964396234,Other,random,C2O7,135.964405000,RC2_0046_ICR-3_p08
329.115972023,465.080369256,135.964397234,Other,random,C2O7,135.964405000,RC2_0046_ICR-3_p08
421.186724455,557.151123689,135.964399234,Other,random,C2O7,135.964405000,RC2_0046_ICR-3_p08
313.157426719,449.121826953,135.964400234,Other,random,C2O7,135.964405000,RC2_0046_ICR-3_p08
569.166461719,705.130862953,135.964401234,Other,random,C2O7,135.964405000,RC2_0046_ICR-3_p08
427.152719147,563.117121381,135.964402234,Other,random,C2O7,135.964405000,RC2_0046_ICR-3_p08
395.126544003,531.090947237,135.964403234,Other,random,C2O7,135.964405000,RC2_0046_ICR-3_p08
421.150163610,557.114567844,135.964404234,Other,random,C2O7,135.964405000,RC2_0046_ICR-3_p08
329.066555232,465.030959466,135.964404234,Other,random,C2O7,135.964405000,RC2_0046_ICR-3_p08
353.160351025,489.124755259,135.964404234,Other,random,C2O7,135.964405000,RC2_0046_ICR-3_p08
333.170599823,469.135005056,135.964405234,Other,random,C2O7,135.964405000,RC2_0046_ICR-3_p08
317.066569137,453.030979370,135.964410234,Other,random,C2O7,135.964405000,RC2_0046_ICR-3_p08
389.087667620,525.052077854,135.964410234,Other,random,C2O7,135.964405000,RC2_0046_ICR-3_p08
373.129183317,509.093593551,135.964410234,Other,random,C2O7,135.964405000,RC2_0046_ICR-3_p08
463.160771399,599.125182633,135.964411234,Other,random,C2O7,135.964405000,RC2_0046_ICR-3_p08
381.118949424,517.083361658,135.964412234,Other,random,C2O7,135.964405000,RC2_0046_ICR-3_p08
318.098298760,454.062711994,135.964413234,Other,random,C2O7,135.964405000,RC2_0046_ICR-3_p08
317.124150892,453.153074852,136.028923960,Other,random,C4H9O3P1,136.028933000,RC2_0046_ICR-3_p08
297.025191153,433.054116113,136.028924960,Other,random,C4H9O3P1,136.028933000,RC2_0046_ICR-3_p08
443.119370416,579.148297376,136.028926960,Other,random,C4H9O3P1,136.028933000,RC2_0046_ICR-3_p08
275.150012948,411.178943908,136.028930960,Other,random,C4H9O3P1,136.028933000,RC2_0046_ICR-3_p08
259.155084800,395.184015759,136.028930960,Other,random,C4H9O3P1,136.028933000,RC2_0046_ICR-3_p08
273.134353499,409.163286459,136.028932960,Other,random,C4H9O3P1,136.028933000,RC2_0046_ICR-3_p08
277.144604487,413.173537447,136.028932960,Other,random,C4H9O3P1,136.028933000,RC2_0046_ICR-3_p08
313.165520685,449.194453645,136.028932960,Other,random,C4H9O3P1,136.028933000,RC2_0046_ICR-3_p08
329.233280525,465.262214485,136.028933960,Other,random,C4H9O3P1,136.028933000,RC2_0046_ICR-3_p08
264.108940785,400.137875745,136.028934960,Other,random,C4H9O3P1,136.028933000,RC2_0046_ICR-3_p08
345.191780828,481.220715788,136.028934960,Other,random,C4H9O3P1,136.028933000,RC2_0046_ICR-3_p08
305.102952887,441.131889847,136.028936960,Other,random,C4H9O3P1,136.028933000,RC2_0046_ICR-3_p08
275.113686102,411.142624062,136.028937960,Other,random,C4H9O3P1,136.028933000,RC2_0046_ICR-3_p08
289.165650494,425.194589453,136.028938960,Other,random,C4H9O3P1,136.028933000,RC2_0046_ICR-3_p08
264.051337029,400.080275989,136.028938960,Other,random,C4H9O3P1,136.028933000,RC2_0046_ICR-3_p08
355.139738629,491.168678589,136.028939960,Other,random,C4H9O3P1,136.028933000,RC2_0046_ICR-3_p08
235.024861161,371.053802121,136.028940960,Other,random,C4H9O3P1,136.028933000,RC2_0046_ICR-3_p08
335.077103735,471.106045695,136.028941960,Other,random,C4H9O3P1,136.028933000,RC2_0046_ICR-3_p08
293.139342637,429.176508562,136.037165925,Other,random,C4H8O5,136.037175000,RC2_0046_ICR-3_p08
343.082106778,479.119272703,136.037165925,Other,random,C4H8O5,136.037175000,RC2_0046_ICR-3_p08
363.100395859,499.137561784,136.037165925,Other,random,C4H8O5,136.037175000,RC2_0046_ICR-3_p08
389.014911929,525.052077854,136.037165925,Other,random,C4H8O5,136.037175000,RC2_0046_ICR-3_p08
351.072037884,487.109204809,136.037166925,Other,random,C4H8O5,136.037175000,RC2_0046_ICR-3_p08
377.051321679,513.088488604,136.037166925,Other,random,C4H8O5,136.037175000,RC2_0046_ICR-3_p08
541.208145319,677.245313244,136.037167925,Other,random,C4H8O5,136.037175000,RC2_0046_ICR-3_p08
325.056365244,461.093536169,136.037170925,Other,random,C4H8O5,136.037175000,RC2_0046_ICR-3_p08
327.014339938,463.051510863,136.037170925,Other,random,C4H8O5,136.037175000,RC2_0046_ICR-3_p08
349.129151126,485.166323051,136.037171925,Other,random,C4H8O5,136.037175000,RC2_0046_ICR-3_p08
415.152816051,551.189987976,136.037171925,Other,random,C4H8O5,136.037175000,RC2_0046_ICR-3_p08
323.077059640,459.114232565,136.037172925,Other,random,C4H8O5,136.037175000,RC2_0046_ICR-3_p08
387.194157653,523.231330578,136.037172925,Other,random,C4H8O5,136.037175000,RC2_0046_ICR-3_p08
509.194702122,645.231878047,136.037175925,Other,random,C4H8O5,136.037175000,RC2_0046_ICR-3_p08
543.077938388,679.115114313,136.037175925,Other,random,C4H8O5,136.037175000,RC2_0046_ICR-3_p08
329.152296869,465.189472794,136.037175925,Other,random,C4H8O5,136.037175000,RC2_0046_ICR-3_p08
343.118588623,479.155765548,136.037176925,Other,random,C4H8O5,136.037175000,RC2_0046_ICR-3_p08
379.030454283,515.067632208,136.037177925,Other,random,C4H8O5,136.037175000,RC2_0046_ICR-3_p08
431.025524718,567.062702643,136.037177925,Other,random,C4H8O5,136.037175000,RC2_0046_ICR-3_p08
317.139288828,453.176467753,136.037178925,Other,random,C4H8O5,136.037175000,RC2_0046_ICR-3_p08
344.077510555,480.114690480,136.037179925,Other,random,C4H8O5,136.037175000,RC2_0046_ICR-3_p08
393.009625983,529.046805908,136.037179925,Other,random,C4H8O5,136.037175000,RC2_0046_ICR-3_p08
393.046244828,529.083425753,136.037180925,Other,random,C4H8O5,136.037175000,RC2_0046_ICR-3_p08
331.154979373,467.192161298,136.037181925,Other,random,C4H8O5,136.037175000,RC2_0046_ICR-3_p08
349.165495972,485.202678897,136.037182925,Other,random,C4H8O5,136.037175000,RC2_0046_ICR-3_p08
375.194119557,511.231304482,136.037184925,Other,random,C4H8O5,136.037175000,RC2_0046_ICR-3_p08
415.160831017,551.213251877,136.052420860,Other,random,C8H8O2,136.052430000,RC2_0046_ICR-3_p08
371.147649723,507.200071583,136.052421860,Other,random,C8H8O2,136.052430000,RC2_0046_ICR-3_p08
335.162930371,471.215352231,136.052421860,Other,random,C8H8O2,136.052430000,RC2_0046_ICR-3_p08
379.188979611,515.241401471,136.052421860,Other,random,C8H8O2,136.052430000,RC2_0046_ICR-3_p08
421.236038246,557.288461106,136.052422860,Other,random,C8H8O2,136.052430000,RC2_0046_ICR-3_p08
353.014920642,489.067343503,136.052422860,Other,random,C8H8O2,136.052430000,RC2_0046_ICR-3_p08
361.113903286,497.166327146,136.052423860,Other,random,C8H8O2,136.052430000,RC2_0046_ICR-3_p08
351.121387675,487.173811535,136.052423860,Other,random,C8H8O2,136.052430000,RC2_0046_ICR-3_p08
329.079685177,465.132110037,136.052424860,Other,random,C8H8O2,136.052430000,RC2_0046_ICR-3_p08
429.140145716,565.192570576,136.052424860,Other,random,C8H8O2,136.052430000,RC2_0046_ICR-3_p08
295.082307395,431.134733255,136.052425860,Other,random,C8H8O2,136.052430000,RC2_0046_ICR-3_p08
465.030959466,601.083385326,136.052425860,Other,random,C8H8O2,136.052430000,RC2_0046_ICR-3_p08
411.056790426,547.109216287,136.052425860,Other,random,C8H8O2,136.052430000,RC2_0046_ICR-3_p08
339.194194270,475.246620131,136.052425860,Other,random,C8H8O2,136.052430000,RC2_0046_ICR-3_p08
385.150269323,521.202695183,136.052425860,Other,random,C8H8O2,136.052430000,RC2_0046_ICR-3_p08
465.153050948,601.205476808,136.052425860,Other,random,C8H8O2,136.052430000,RC2_0046_ICR-3_p08
475.218282251,611.270708111,136.052425860,Other,random,C8H8O2,136.052430000,RC2_0046_ICR-3_p08
431.046616629,567.099043489,136.052426860,Other,random,C8H8O2,136.052430000,RC2_0046_ICR-3_p08
308.041080423,444.093507283,136.052426860,Other,random,C8H8O2,136.052430000,RC2_0046_ICR-3_p08
355.103296783,491.155723644,136.052426860,Other,random,C8H8O2,136.052430000,RC2_0046_ICR-3_p08
335.077103735,471.129530596,136.052426860,Other,random,C8H8O2,136.052430000,RC2_0046_ICR-3_p08
429.067344025,565.119770885,136.052426860,Other,random,C8H8O2,136.052430000,RC2_0046_ICR-3_p08
333.183743767,469.236171627,136.052427860,Other,random,C8H8O2,136.052430000,RC2_0046_ICR-3_p08
615.156716627,751.209144487,136.052427860,Other,random,C8H8O2,136.052430000,RC2_0046_ICR-3_p08
381.113404448,517.165832308,136.052427860,Other,random,C8H8O2,136.052430000,RC2_0046_ICR-3_p08
339.066440812,475.118869673,136.052428860,Other,random,C8H8O2,136.052430000,RC2_0046_ICR-3_p08
347.126509621,483.178938481,136.052428860,Other,random,C8H8O2,136.052430000,RC2_0046_ICR-3_p08
371.061836087,507.114264947,136.052428860,Other,random,C8H8O2,136.052430000,RC2_0046_ICR-3_p08
601.104609236,737.157038096,136.052428860,Other,random,C8H8O2,136.052430000,RC2_0046_ICR-3_p08
379.066941129,515.119369989,136.052428860,Other,random,C8H8O2,136.052430000,RC2_0046_ICR-3_p08
495.114276851,631.166705712,136.052428860,Other,random,C8H8O2,136.052430000,RC2_0046_ICR-3_p08
395.171020815,531.223449675,136.052428860,Other,random,C8H8O2,136.052430000,RC2_0046_ICR-3_p08
399.056783331,535.109213191,136.052429860,Other,random,C8H8O2,136.052430000,RC2_0046_ICR-3_p08
463.051510863,599.103940723,136.052429860,Other,random,C8H8O2,136.052430000,RC2_0046_ICR-3_p08
323.040714794,459.093144654,136.052429860,Other,random,C8H8O2,136.052430000,RC2_0046_ICR-3_p08
417.249190158,553.301621018,136.052430860,Other,random,C8H8O2,136.052430000,RC2_0046_ICR-3_p08
335.134607491,471.187040352,136.052432860,Other,random,C8H8O2,136.052430000,RC2_0046_ICR-3_p08
353.124102179,489.176535039,136.052432860,Other,random,C8H8O2,136.052430000,RC2_0046_ICR-3_p08
403.066851320,539.119284180,136.052432860,Other,random,C8H8O2,136.052430000,RC2_0046_ICR-3_p08
291.136814132,427.189247992,136.052433860,Other,random,C8H8O2,136.052430000,RC2_0046_ICR-3_p08
363.048628079,499.101061939,136.052433860,Other,random,C8H8O2,136.052430000,RC2_0046_ICR-3_p08
445.207696557,581.260130417,136.052433860,Other,random,C8H8O2,136.052430000,RC2_0046_ICR-3_p08
347.090198775,483.142633635,136.052434860,Other,random,C8H8O2,136.052430000,RC2_0046_ICR-3_p08
335.199384217,471.251820077,136.052435860,Other,random,C8H8O2,136.052430000,RC2_0046_ICR-3_p08
347.053659930,483.106096790,136.052436860,Other,random,C8H8O2,136.052430000,RC2_0046_ICR-3_p08
373.105781416,509.158218276,136.052436860,Other,random,C8H8O2,136.052430000,RC2_0046_ICR-3_p08
411.215302754,547.267739614,136.052436860,Other,random,C8H8O2,136.052430000,RC2_0046_ICR-3_p08
429.095567905,565.148005765,136.052437860,Other,random,C8H8O2,136.052430000,RC2_0046_ICR-3_p08
363.157831616,499.210270476,136.052438860,Other,random,C8H8O2,136.052430000,RC2_0046_ICR-3_p08
337.019969494,473.072409354,136.052439860,Other,random,C8H8O2,136.052430000,RC2_0046_ICR-3_p08
459.178979290,595.231419150,136.052439860,Other,random,C8H8O2,136.052430000,RC2_0046_ICR-3_p08
391.197170672,527.249610532,136.052439860,Other,random,C8H8O2,136.052430000,RC2_0046_ICR-3_p08
343.066959842,479.155765548,136.088805706,Other,random,C9H12O1,136.088815000,RC2_0046_ICR-3_p08
401.108727627,537.197533332,136.088805706,Other,random,C9H12O1,136.088815000,RC2_0046_ICR-3_p08
537.052231949,673.141037655,136.088805706,Other,random,C9H12O1,136.088815000,RC2_0046_ICR-3_p08
319.045834741,455.134640447,136.088805706,Other,random,C9H12O1,136.088815000,RC2_0046_ICR-3_p08
357.118870233,493.207676939,136.088806706,Other,random,C9H12O1,136.088815000,RC2_0046_ICR-3_p08
427.051574576,563.140381282,136.088806706,Other,random,C9H12O1,136.088815000,RC2_0046_ICR-3_p08
431.038490663,567.127297369,136.088806706,Other,random,C9H12O1,136.088815000,RC2_0046_ICR-3_p08
359.090102871,495.178910577,136.088807706,Other,random,C9H12O1,136.088815000,RC2_0046_ICR-3_p08
511.036489309,647.125297015,136.088807706,Other,random,C9H12O1,136.088815000,RC2_0046_ICR-3_p08
287.069136387,423.157945093,136.088808706,Other,random,C9H12O1,136.088815000,RC2_0046_ICR-3_p08
397.041121882,533.129930587,136.088808706,Other,random,C9H12O1,136.088815000,RC2_0046_ICR-3_p08
465.116668102,601.205476808,136.088808706,Other,random,C9H12O1,136.088815000,RC2_0046_ICR-3_p08
375.165906677,511.254716383,136.088809706,Other,random,C9H12O1,136.088815000,RC2_0046_ICR-3_p08
338.088041963,474.176851669,136.088809706,Other,random,C9H12O1,136.088815000,RC2_0046_ICR-3_p08
323.090168584,459.178979290,136.088810706,Other,random,C9H12O1,136.088815000,RC2_0046_ICR-3_p08
349.142139071,485.230949777,136.088810706,Other,random,C9H12O1,136.088815000,RC2_0046_ICR-3_p08
481.075485404,617.164297110,136.088811706,Other,random,C9H12O1,136.088815000,RC2_0046_ICR-3_p08
485.121728240,621.210539946,136.088811706,Other,random,C9H12O1,136.088815000,RC2_0046_ICR-3_p08
349.056393435,485.145205141,136.088811706,Other,random,C9H12O1,136.088815000,RC2_0046_ICR-3_p08
389.064309719,525.153121425,136.088811706,Other,random,C9H12O1,136.088815000,RC2_0046_ICR-3_p08
335.090226680,471.179039386,136.088812706,Other,random,C9H12O1,136.088815000,RC2_0046_ICR-3_p08
369.082489483,505.171302189,136.088812706,Other,random,C9H12O1,136.088815000,RC2_0046_ICR-3_p08
367.103365879,503.192178585,136.088812706,Other,random,C9H12O1,136.088815000,RC2_0046_ICR-3_p08
439.088043517,575.176857223,136.088813706,Other,random,C9H12O1,136.088815000,RC2_0046_ICR-3_p08
336.036034667,472.124848373,136.088813706,Other,random,C9H12O1,136.088815000,RC2_0046_ICR-3_p08
313.069267093,449.158081799,136.088814706,Other,random,C9H12O1,136.088815000,RC2_0046_ICR-3_p08
379.043586228,515.132400934,136.088814706,Other,random,C9H12O1,136.088815000,RC2_0046_ICR-3_p08
319.058846685,455.147662391,136.088815706,Other,random,C9H12O1,136.088815000,RC2_0046_ICR-3_p08
329.124093988,465.212909694,136.088815706,Other,random,C9H12O1,136.088815000,RC2_0046_ICR-3_p08
407.129005088,543.217820794,136.088815706,Other,random,C9H12O1,136.088815000,RC2_0046_ICR-3_p08
445.207696557,581.296513263,136.088816706,Other,random,C9H12O1,136.088815000,RC2_0046_ICR-3_p08
429.225990352,565.314809058,136.088818706,Other,random,C9H12O1,136.088815000,RC2_0046_ICR-3_p08
377.082072549,513.170891254,136.088818706,Other,random,C9H12O1,136.088815000,RC2_0046_ICR-3_p08
366.082980207,502.171799913,136.088819706,Other,random,C9H12O1,136.088815000,RC2_0046_ICR-3_p08
353.160351025,489.249171731,136.088820706,Other,random,C9H12O1,136.088815000,RC2_0046_ICR-3_p08
273.134353499,409.223175205,136.088821706,Other,random,C9H12O1,136.088815000,RC2_0046_ICR-3_p08
295.045910549,431.134733255,136.088822706,Other,random,C9H12O1,136.088815000,RC2_0046_ICR-3_p08
329.043287331,465.132110037,136.088822706,Other,random,C9H12O1,136.088815000,RC2_0046_ICR-3_p08
561.161306677,697.250129383,136.088822706,Other,random,C9H12O1,136.088815000,RC2_0046_ICR-3_p08
485.202678897,621.291501603,136.088822706,Other,random,C9H12O1,136.088815000,RC2_0046_ICR-3_p08
315.063982632,451.152806338,136.088823706,Other,random,C9H12O1,136.088815000,RC2_0046_ICR-3_p08
417.031030084,553.119853789,136.088823706,Other,random,C9H12O1,136.088815000,RC2_0046_ICR-3_p08
331.058887781,467.147712487,136.088824706,Other,random,C9H12O1,136.088815000,RC2_0046_ICR-3_p08
371.098111933,507.186936639,136.088824706,Other,random,C9H12O1,136.088815000,RC2_0046_ICR-3_p08
333.038185384,469.163375936,136.125190552,Other,random,C10H16,136.125200000,RC2_0046_ICR-3_p08
349.105758225,485.230949777,136.125191552,Other,random,C10H16,136.125200000,RC2_0046_ICR-3_p08
459.114232565,595.239425116,136.125192552,Other,random,C10H16,136.125200000,RC2_0046_ICR-3_p08
565.047100194,701.172293745,136.125193552,Other,random,C10H16,136.125200000,RC2_0046_ICR-3_p08
509.106683495,645.231878047,136.125194552,Other,random,C10H16,136.125200000,RC2_0046_ICR-3_p08
297.147313635,433.272509187,136.125195552,Other,random,C10H16,136.125200000,RC2_0046_ICR-3_p08
317.043276236,453.168471787,136.125195552,Other,random,C10H16,136.125200000,RC2_0046_ICR-3_p08
319.139735342,455.264931894,136.125196552,Other,random,C10H16,136.125200000,RC2_0046_ICR-3_p08
345.074538326,481.199734877,136.125196552,Other,random,C10H16,136.125200000,RC2_0046_ICR-3_p08
419.147624105,555.272820656,136.125196552,Other,random,C10H16,136.125200000,RC2_0046_ICR-3_p08
415.124401172,551.249597723,136.125196552,Other,random,C10H16,136.125200000,RC2_0046_ICR-3_p08
309.055853118,445.181050670,136.125197552,Other,random,C10H16,136.125200000,RC2_0046_ICR-3_p08
343.134007558,479.259206109,136.125198552,Other,random,C10H16,136.125200000,RC2_0046_ICR-3_p08
429.059373059,565.184571610,136.125198552,Other,random,C10H16,136.125200000,RC2_0046_ICR-3_p08
379.066941129,515.192141680,136.125200552,Other,random,C10H16,136.125200000,RC2_0046_ICR-3_p08
417.140069621,553.265270173,136.125200552,Other,random,C10H16,136.125200000,RC2_0046_ICR-3_p08
427.160767113,563.285967664,136.125200552,Other,random,C10H16,136.125200000,RC2_0046_ICR-3_p08
283.131711090,419.256913641,136.125202552,Other,random,C10H16,136.125200000,RC2_0046_ICR-3_p08
463.015467016,599.140669567,136.125202552,Other,random,C10H16,136.125200000,RC2_0046_ICR-3_p08
501.052197662,637.177400214,136.125202552,Other,random,C10H16,136.125200000,RC2_0046_ICR-3_p08
337.105749130,473.230952681,136.125203552,Other,random,C10H16,136.125200000,RC2_0046_ICR-3_p08
339.084977734,475.210181285,136.125203552,Other,random,C10H16,136.125200000,RC2_0046_ICR-3_p08
471.114181661,607.239385212,136.125203552,Other,random,C10H16,136.125200000,RC2_0046_ICR-3_p08
349.019999589,485.145205141,136.125205552,Other,random,C10H16,136.125200000,RC2_0046_ICR-3_p08
435.142513254,571.267718805,136.125205552,Other,random,C10H16,136.125200000,RC2_0046_ICR-3_p08
531.135487048,667.260693599,136.125206552,Other,random,C10H16,136.125200000,RC2_0046_ICR-3_p08
371.025299242,507.150505793,136.125206552,Other,random,C10H16,136.125200000,RC2_0046_ICR-3_p08
545.187773438,681.312979989,136.125206552,Other,random,C10H16,136.125200000,RC2_0046_ICR-3_p08
345.046108446,481.171314998,136.125206552,Other,random,C10H16,136.125200000,RC2_0046_ICR-3_p08
445.126752900,581.251961452,136.125208552,Other,random,C10H16,136.125200000,RC2_0046_ICR-3_p08
239.056148060,376.080321798,137.024173738,Other,random,C3H8N1O3P1,137.024182000,RC2_0046_ICR-3_p08
257.139447350,394.163636088,137.024188738,Other,random,C3H8N1O3P1,137.024182000,RC2_0046_ICR-3_p08
317.102938982,454.127128720,137.024189738,Other,random,C3H8N1O3P1,137.024182000,RC2_0046_ICR-3_p08
311.040790698,448.064981436,137.024190738,Other,random,C3H8N1O3P1,137.024182000,RC2_0046_ICR-3_p08
263.056162251,400.103832889,137.047670638,Other,random,C7H7N1O2,137.047679000,RC2_0046_ICR-3_p08
429.067344025,566.115015663,137.047671638,Other,random,C7H7N1O2,137.047679000,RC2_0046_ICR-3_p08
381.118949424,518.166624062,137.047674638,Other,random,C7H7N1O2,137.047679000,RC2_0046_ICR-3_p08
319.038439772,456.086114410,137.047674638,Other,random,C7H7N1O2,137.047679000,RC2_0046_ICR-3_p08
359.025494145,496.073170784,137.047676638,Other,random,C7H7N1O2,137.047679000,RC2_0046_ICR-3_p08
323.077059640,460.124737278,137.047677638,Other,random,C7H7N1O2,137.047679000,RC2_0046_ICR-3_p08
365.051172584,502.098851222,137.047678638,Other,random,C7H7N1O2,137.047679000,RC2_0046_ICR-3_p08
371.061836087,508.109518725,137.047682638,Other,random,C7H7N1O2,137.047679000,RC2_0046_ICR-3_p08
339.072033789,476.119717427,137.047683638,Other,random,C7H7N1O2,137.047679000,RC2_0046_ICR-3_p08
309.025120249,446.072805887,137.047685638,Other,random,C7H7N1O2,137.047679000,RC2_0046_ICR-3_p08
261.053445747,398.101132385,137.047686638,Other,random,C7H7N1O2,137.047679000,RC2_0046_ICR-3_p08
281.103072695,418.150760334,137.047687638,Other,random,C7H7N1O2,137.047679000,RC2_0046_ICR-3_p08
351.035667038,488.083355677,137.047688638,Other,random,C7H7N1O2,137.047679000,RC2_0046_ICR-3_p08
357.082591387,495.114276851,138.031685464,Other,random,C7H6O3,138.031695000,RC2_0046_ICR-3_p08
365.014899738,503.046585202,138.031685464,Other,random,C7H6O3,138.031695000,RC2_0046_ICR-3_p08
311.077088544,449.108775008,138.031686464,Other,random,C7H6O3,138.031695000,RC2_0046_ICR-3_p08
429.168512596,567.200199060,138.031686464,Other,random,C7H6O3,138.031695000,RC2_0046_ICR-3_p08
359.061871991,497.093558455,138.031686464,Other,random,C7H6O3,138.031695000,RC2_0046_ICR-3_p08
443.111322450,581.143008914,138.031686464,Other,random,C7H6O3,138.031695000,RC2_0046_ICR-3_p08
403.225581647,541.257269111,138.031687464,Other,random,C7H6O3,138.031695000,RC2_0046_ICR-3_p08
447.251731886,585.283419350,138.031687464,Other,random,C7H6O3,138.031695000,RC2_0046_ICR-3_p08
320.077487364,458.109174828,138.031687464,Other,random,C7H6O3,138.031695000,RC2_0046_ICR-3_p08
423.165914059,561.197601523,138.031687464,Other,random,C7H6O3,138.031695000,RC2_0046_ICR-3_p08
401.108727627,539.140416091,138.031688464,Other,random,C7H6O3,138.031695000,RC2_0046_ICR-3_p08
379.139647820,517.171336284,138.031688464,Other,random,C7H6O3,138.031695000,RC2_0046_ICR-3_p08
367.139612725,505.171302189,138.031689464,Other,random,C7H6O3,138.031695000,RC2_0046_ICR-3_p08
395.134553969,533.166243433,138.031689464,Other,random,C7H6O3,138.031695000,RC2_0046_ICR-3_p08
335.149919426,473.181610891,138.031691464,Other,random,C7H6O3,138.031695000,RC2_0046_ICR-3_p08
395.147674914,533.179366378,138.031691464,Other,random,C7H6O3,138.031695000,RC2_0046_ICR-3_p08
399.129537022,537.161228486,138.031691464,Other,random,C7H6O3,138.031695000,RC2_0046_ICR-3_p08
452.091261357,590.122952821,138.031691464,Other,random,C7H6O3,138.031695000,RC2_0046_ICR-3_p08
395.171020815,533.202712279,138.031691464,Other,random,C7H6O3,138.031695000,RC2_0046_ICR-3_p08
292.082640120,430.114331584,138.031691464,Other,random,C7H6O3,138.031695000,RC2_0046_ICR-3_p08
392.062148003,530.093839467,138.031691464,Other,random,C7H6O3,138.031695000,RC2_0046_ICR-3_p08
373.113891382,511.145584846,138.031693464,Other,random,C7H6O3,138.031695000,RC2_0046_ICR-3_p08
451.210068095,589.241761559,138.031693464,Other,random,C7H6O3,138.031695000,RC2_0046_ICR-3_p08
327.035702847,465.067396311,138.031693464,Other,random,C7H6O3,138.031695000,RC2_0046_ICR-3_p08
321.219992518,459.251686982,138.031694464,Other,random,C7H6O3,138.031695000,RC2_0046_ICR-3_p08
357.110821267,495.142515732,138.031694464,Other,random,C7H6O3,138.031695000,RC2_0046_ICR-3_p08
427.088076421,565.119770885,138.031694464,Other,random,C7H6O3,138.031695000,RC2_0046_ICR-3_p08
535.145700036,673.177394501,138.031694464,Other,random,C7H6O3,138.031695000,RC2_0046_ICR-3_p08
375.194119557,513.225817021,138.031697464,Other,random,C7H6O3,138.031695000,RC2_0046_ICR-3_p08
319.045834741,457.077532205,138.031697464,Other,random,C7H6O3,138.031695000,RC2_0046_ICR-3_p08
355.189059420,493.220757884,138.031698464,Other,random,C7H6O3,138.031695000,RC2_0046_ICR-3_p08
291.136814132,429.168512596,138.031698464,Other,random,C7H6O3,138.031695000,RC2_0046_ICR-3_p08
312.108778168,450.140477632,138.031699464,Other,random,C7H6O3,138.031695000,RC2_0046_ICR-3_p08
357.131919178,495.163618642,138.031699464,Other,random,C7H6O3,138.031695000,RC2_0046_ICR-3_p08
262.072133425,400.103832889,138.031699464,Other,random,C7H6O3,138.031695000,RC2_0046_ICR-3_p08
413.181552413,551.213251877,138.031699464,Other,random,C7H6O3,138.031695000,RC2_0046_ICR-3_p08
429.067344025,567.099043489,138.031699464,Other,random,C7H6O3,138.031695000,RC2_0046_ICR-3_p08
363.230550307,501.262250771,138.031700464,Other,random,C7H6O3,138.031695000,RC2_0046_ICR-3_p08
557.187709533,695.219409997,138.031700464,Other,random,C7H6O3,138.031695000,RC2_0046_ICR-3_p08
651.192960759,789.224662223,138.031701464,Other,random,C7H6O3,138.031695000,RC2_0046_ICR-3_p08
375.144839766,513.176541230,138.031701464,Other,random,C7H6O3,138.031695000,RC2_0046_ICR-3_p08
317.102938982,455.134640447,138.031701464,Other,random,C7H6O3,138.031695000,RC2_0046_ICR-3_p08
331.103303592,469.135005056,138.031701464,Other,random,C7H6O3,138.031695000,RC2_0046_ICR-3_p08
445.041071264,583.072772728,138.031701464,Other,random,C7H6O3,138.031695000,RC2_0046_ICR-3_p08
463.173775344,601.205476808,138.031701464,Other,random,C7H6O3,138.031695000,RC2_0046_ICR-3_p08
441.225880448,579.257582912,138.031702464,Other,random,C7H6O3,138.031695000,RC2_0046_ICR-3_p08
375.108332921,513.140035385,138.031702464,Other,random,C7H6O3,138.031695000,RC2_0046_ICR-3_p08
401.014832025,539.046534489,138.031702464,Other,random,C7H6O3,138.031695000,RC2_0046_ICR-3_p08
423.056822522,561.088525986,138.031703464,Other,random,C7H6O3,138.031695000,RC2_0046_ICR-3_p08
509.093593551,647.125297015,138.031703464,Other,random,C7H6O3,138.031695000,RC2_0046_ICR-3_p08
359.004253235,497.035956699,138.031703464,Other,random,C7H6O3,138.031695000,RC2_0046_ICR-3_p08
391.066942224,529.098645688,138.031703464,Other,random,C7H6O3,138.031695000,RC2_0046_ICR-3_p08
387.056778235,525.088482700,138.031704464,Other,random,C7H6O3,138.031695000,RC2_0046_ICR-3_p08
299.090093394,437.121797858,138.031704464,Other,random,C7H6O3,138.031695000,RC2_0046_ICR-3_p08
359.061871991,497.166327146,138.104455155,Other,random,C9H14O1,138.104465000,RC2_0046_ICR-3_p08
375.035579230,513.140035385,138.104456155,Other,random,C9H14O1,138.104465000,RC2_0046_ICR-3_p08
299.126538239,437.230994394,138.104456155,Other,random,C9H14O1,138.104465000,RC2_0046_ICR-3_p08
341.043253427,479.147709582,138.104456155,Other,random,C9H14O1,138.104465000,RC2_0046_ICR-3_p08
539.213387781,677.317843937,138.104456155,Other,random,C9H14O1,138.104465000,RC2_0046_ICR-3_p08
335.126495526,473.230952681,138.104457155,Other,random,C9H14O1,138.104465000,RC2_0046_ICR-3_p08
369.095614427,507.200071583,138.104457155,Other,random,C9H14O1,138.104465000,RC2_0046_ICR-3_p08
388.096531825,526.200988980,138.104457155,Other,random,C9H14O1,138.104465000,RC2_0046_ICR-3_p08
417.059170964,555.163629120,138.104458155,Other,random,C9H14O1,138.104465000,RC2_0046_ICR-3_p08
493.098727401,631.203185557,138.104458155,Other,random,C9H14O1,138.104465000,RC2_0046_ICR-3_p08
433.163258650,571.267718805,138.104460155,Other,random,C9H14O1,138.104465000,RC2_0046_ICR-3_p08
357.095468333,495.199928488,138.104460155,Other,random,C9H14O1,138.104465000,RC2_0046_ICR-3_p08
563.140381282,701.244841437,138.104460155,Other,random,C9H14O1,138.104465000,RC2_0046_ICR-3_p08
321.097822036,459.202283191,138.104461155,Other,random,C9H14O1,138.104465000,RC2_0046_ICR-3_p08
367.066841034,505.171302189,138.104461155,Other,random,C9H14O1,138.104465000,RC2_0046_ICR-3_p08
379.043586228,517.148048383,138.104462155,Other,random,C9H14O1,138.104465000,RC2_0046_ICR-3_p08
401.064367815,539.168829970,138.104462155,Other,random,C9H14O1,138.104465000,RC2_0046_ICR-3_p08
297.074484944,435.178948099,138.104463155,Other,random,C9H14O1,138.104465000,RC2_0046_ICR-3_p08
323.071459664,461.175922819,138.104463155,Other,random,C9H14O1,138.104465000,RC2_0046_ICR-3_p08
333.110888076,471.215352231,138.104464155,Other,random,C9H14O1,138.104465000,RC2_0046_ICR-3_p08
587.198767225,725.303232381,138.104465155,Other,random,C9H14O1,138.104465000,RC2_0046_ICR-3_p08
353.137136124,491.241601279,138.104465155,Other,random,C9H14O1,138.104465000,RC2_0046_ICR-3_p08
479.205129339,617.309595494,138.104466155,Other,random,C9H14O1,138.104465000,RC2_0046_ICR-3_p08
331.095193627,469.199660782,138.104467155,Other,random,C9H14O1,138.104465000,RC2_0046_ICR-3_p08
321.191834637,459.296301793,138.104467155,Other,random,C9H14O1,138.104465000,RC2_0046_ICR-3_p08
367.030570187,505.135038343,138.104468155,Other,random,C9H14O1,138.104465000,RC2_0046_ICR-3_p08
417.009905173,555.114373329,138.104468155,Other,random,C9H14O1,138.104465000,RC2_0046_ICR-3_p08
375.121347866,513.225817021,138.104469155,Other,random,C9H14O1,138.104465000,RC2_0046_ICR-3_p08
393.046244828,531.150714983,138.104470155,Other,random,C9H14O1,138.104465000,RC2_0046_ICR-3_p08
329.115972023,467.220442178,138.104470155,Other,random,C9H14O1,138.104465000,RC2_0046_ICR-3_p08
375.066421099,513.170891254,138.104470155,Other,random,C9H14O1,138.104465000,RC2_0046_ICR-3_p08
423.093130368,561.197601523,138.104471155,Other,random,C9H14O1,138.104465000,RC2_0046_ICR-3_p08
281.152441486,419.256913641,138.104472155,Other,random,C9H14O1,138.104465000,RC2_0046_ICR-3_p08
319.103353497,457.207825652,138.104472155,Other,random,C9H14O1,138.104465000,RC2_0046_ICR-3_p08
513.088488604,651.192960759,138.104472155,Other,random,C9H14O1,138.104465000,RC2_0046_ICR-3_p08
405.103641680,543.208114835,138.104473155,Other,random,C9H14O1,138.104465000,RC2_0046_ICR-3_p08
449.121826953,587.226300108,138.104473155,Other,random,C9H14O1,138.104465000,RC2_0046_ICR-3_p08
289.084773837,427.189247992,138.104474155,Other,random,C9H14O1,138.104465000,RC2_0046_ICR-3_p08
371.061836087,509.166310242,138.104474155,Other,random,C9H14O1,138.104465000,RC2_0046_ICR-3_p08
333.220002613,473.230952681,140.010950068,Other,random,C6H4O4,140.010960000,RC2_0046_ICR-3_p08
349.056393435,489.067343503,140.010950068,Other,random,C6H4O4,140.010960000,RC2_0046_ICR-3_p08
459.114232565,599.125182633,140.010950068,Other,random,C6H4O4,140.010960000,RC2_0046_ICR-3_p08
349.178634916,489.189585984,140.010951068,Other,random,C6H4O4,140.010960000,RC2_0046_ICR-3_p08
427.189247992,567.200199060,140.010951068,Other,random,C6H4O4,140.010960000,RC2_0046_ICR-3_p08
489.124755259,629.135706327,140.010951068,Other,random,C6H4O4,140.010960000,RC2_0046_ICR-3_p08
327.144810384,467.155762452,140.010952068,Other,random,C6H4O4,140.010960000,RC2_0046_ICR-3_p08
341.152334964,481.163287032,140.010952068,Other,random,C6H4O4,140.010960000,RC2_0046_ICR-3_p08
345.155369983,485.166323051,140.010953068,Other,random,C6H4O4,140.010960000,RC2_0046_ICR-3_p08
357.168304024,497.179258092,140.010954068,Other,random,C6H4O4,140.010960000,RC2_0046_ICR-3_p08
389.160429312,529.171383380,140.010954068,Other,random,C6H4O4,140.010960000,RC2_0046_ICR-3_p08
475.124479649,615.135433717,140.010954068,Other,random,C6H4O4,140.010960000,RC2_0046_ICR-3_p08
333.061454286,473.072409354,140.010955068,Other,random,C6H4O4,140.010960000,RC2_0046_ICR-3_p08
377.209883006,517.220839074,140.010956068,Other,random,C6H4O4,140.010960000,RC2_0046_ICR-3_p08
397.186577264,537.197533332,140.010956068,Other,random,C6H4O4,140.010960000,RC2_0046_ICR-3_p08
335.077103735,475.088059803,140.010956068,Other,random,C6H4O4,140.010960000,RC2_0046_ICR-3_p08
341.087629238,481.098586306,140.010957068,Other,random,C6H4O4,140.010960000,RC2_0046_ICR-3_p08
365.160345121,505.171302189,140.010957068,Other,random,C6H4O4,140.010960000,RC2_0046_ICR-3_p08
323.113488485,463.124446553,140.010958068,Other,random,C6H4O4,140.010960000,RC2_0046_ICR-3_p08
331.131668472,471.142626540,140.010958068,Other,random,C6H4O4,140.010960000,RC2_0046_ICR-3_p08
353.137136124,493.148094192,140.010958068,Other,random,C6H4O4,140.010960000,RC2_0046_ICR-3_p08
317.097322006,457.108281074,140.010959068,Other,random,C6H4O4,140.010960000,RC2_0046_ICR-3_p08
359.090102871,499.101061939,140.010959068,Other,random,C6H4O4,140.010960000,RC2_0046_ICR-3_p08
621.255498755,761.266457823,140.010959068,Other,random,C6H4O4,140.010960000,RC2_0046_ICR-3_p08
349.214908762,489.225868830,140.010960068,Other,random,C6H4O4,140.010960000,RC2_0046_ICR-3_p08
375.035579230,515.046539298,140.010960068,Other,random,C6H4O4,140.010960000,RC2_0046_ICR-3_p08
407.061756374,547.072716442,140.010960068,Other,random,C6H4O4,140.010960000,RC2_0046_ICR-3_p08
317.051321201,457.062282269,140.010961068,Other,random,C6H4O4,140.010960000,RC2_0046_ICR-3_p08
347.090198775,487.101159843,140.010961068,Other,random,C6H4O4,140.010960000,RC2_0046_ICR-3_p08
475.072935867,615.083896935,140.010961068,Other,random,C6H4O4,140.010960000,RC2_0046_ICR-3_p08
359.040742081,499.051704149,140.010962068,Other,random,C6H4O4,140.010960000,RC2_0046_ICR-3_p08
435.165894155,575.176857223,140.010963068,Other,random,C6H4O4,140.010960000,RC2_0046_ICR-3_p08
317.066569137,457.077532205,140.010963068,Other,random,C6H4O4,140.010960000,RC2_0046_ICR-3_p08
385.077519632,525.088482700,140.010963068,Other,random,C6H4O4,140.010960000,RC2_0046_ICR-3_p08
326.051641022,466.062605090,140.010964068,Other,random,C6H4O4,140.010960000,RC2_0046_ICR-3_p08
329.115972023,469.126936091,140.010964068,Other,random,C6H4O4,140.010960000,RC2_0046_ICR-3_p08
393.155279365,533.166243433,140.010964068,Other,random,C6H4O4,140.010960000,RC2_0046_ICR-3_p08
361.142055167,501.153021235,140.010966068,Other,random,C6H4O4,140.010960000,RC2_0046_ICR-3_p08
311.141840270,451.152806338,140.010966068,Other,random,C6H4O4,140.010960000,RC2_0046_ICR-3_p08
337.069369284,477.080336352,140.010967068,Other,random,C6H4O4,140.010960000,RC2_0046_ICR-3_p08
347.126509621,487.137476689,140.010967068,Other,random,C6H4O4,140.010960000,RC2_0046_ICR-3_p08
357.082591387,497.093558455,140.010967068,Other,random,C6H4O4,140.010960000,RC2_0046_ICR-3_p08
427.088076421,567.099043489,140.010967068,Other,random,C6H4O4,140.010960000,RC2_0046_ICR-3_p08
443.220591986,583.231560054,140.010968068,Other,random,C6H4O4,140.010960000,RC2_0046_ICR-3_p08
551.176987031,691.187955099,140.010968068,Other,random,C6H4O4,140.010960000,RC2_0046_ICR-3_p08
383.061812182,523.072780250,140.010968068,Other,random,C6H4O4,140.010960000,RC2_0046_ICR-3_p08
389.072456685,529.083425753,140.010969068,Other,random,C6H4O4,140.010960000,RC2_0046_ICR-3_p08
397.223083110,537.234052178,140.010969068,Other,random,C6H4O4,140.010960000,RC2_0046_ICR-3_p08
387.056778235,527.104257149,140.047478913,Other,random,C7H8O3,140.047488200,RC2_0046_ICR-3_p08
401.108727627,541.156207540,140.047479913,Other,random,C7H8O3,140.047488200,RC2_0046_ICR-3_p08
465.103658158,605.151138071,140.047479913,Other,random,C7H8O3,140.047488200,RC2_0046_ICR-3_p08
427.152719147,567.200199060,140.047479913,Other,random,C7H8O3,140.047488200,RC2_0046_ICR-3_p08
453.176467753,593.223947666,140.047479913,Other,random,C7H8O3,140.047488200,RC2_0046_ICR-3_p08
391.103234070,531.150714983,140.047480913,Other,random,C7H8O3,140.047488200,RC2_0046_ICR-3_p08
401.035849936,541.083330849,140.047480913,Other,random,C7H8O3,140.047488200,RC2_0046_ICR-3_p08
419.207352851,559.254833765,140.047480913,Other,random,C7H8O3,140.047488200,RC2_0046_ICR-3_p08
391.225456552,531.272938465,140.047481913,Other,random,C7H8O3,140.047488200,RC2_0046_ICR-3_p08
509.202722088,649.250204001,140.047481913,Other,random,C7H8O3,140.047488200,RC2_0046_ICR-3_p08
409.150237514,549.197720427,140.047482913,Other,random,C7H8O3,140.047488200,RC2_0046_ICR-3_p08
449.230954490,589.278437403,140.047482913,Other,random,C7H8O3,140.047488200,RC2_0046_ICR-3_p08
421.126859709,561.174342622,140.047482913,Other,random,C7H8O3,140.047488200,RC2_0046_ICR-3_p08
419.183962951,559.231446864,140.047483913,Other,random,C7H8O3,140.047488200,RC2_0046_ICR-3_p08
453.212719599,593.260203512,140.047483913,Other,random,C7H8O3,140.047488200,RC2_0046_ICR-3_p08
413.014801121,553.062287034,140.047485913,Other,random,C7H8O3,140.047488200,RC2_0046_ICR-3_p08
423.202264905,563.249751818,140.047486913,Other,random,C7H8O3,140.047488200,RC2_0046_ICR-3_p08
357.074513421,497.122003334,140.047489913,Other,random,C7H8O3,140.047488200,RC2_0046_ICR-3_p08
483.178938481,623.226428395,140.047489913,Other,random,C7H8O3,140.047488200,RC2_0046_ICR-3_p08
425.173575543,565.221065456,140.047489913,Other,random,C7H8O3,140.047488200,RC2_0046_ICR-3_p08
485.036023604,625.083513517,140.047489913,Other,random,C7H8O3,140.047488200,RC2_0046_ICR-3_p08
563.176918127,703.224408040,140.047489913,Other,random,C7H8O3,140.047488200,RC2_0046_ICR-3_p08
463.137506498,603.184997411,140.047490913,Other,random,C7H8O3,140.047488200,RC2_0046_ICR-3_p08
435.251600791,575.299091704,140.047490913,Other,random,C7H8O3,140.047488200,RC2_0046_ICR-3_p08
369.074455517,509.121946430,140.047490913,Other,random,C7H8O3,140.047488200,RC2_0046_ICR-3_p08
379.043586228,519.091077141,140.047490913,Other,random,C7H8O3,140.047488200,RC2_0046_ICR-3_p08
393.168270310,533.215762223,140.047491913,Other,random,C7H8O3,140.047488200,RC2_0046_ICR-3_p08
437.085376012,577.132868925,140.047492913,Other,random,C7H8O3,140.047488200,RC2_0046_ICR-3_p08
379.152756765,519.200250678,140.047493913,Other,random,C7H8O3,140.047488200,RC2_0046_ICR-3_p08
411.129493118,551.176987031,140.047493913,Other,random,C7H8O3,140.047488200,RC2_0046_ICR-3_p08
561.124799832,701.172293745,140.047493913,Other,random,C7H8O3,140.047488200,RC2_0046_ICR-3_p08
377.160291217,517.207786130,140.047494913,Other,random,C7H8O3,140.047488200,RC2_0046_ICR-3_p08
421.236038246,561.283533159,140.047494913,Other,random,C7H8O3,140.047488200,RC2_0046_ICR-3_p08
373.077404537,513.124900450,140.047495913,Other,random,C7H8O3,140.047488200,RC2_0046_ICR-3_p08
457.090642149,597.138138062,140.047495913,Other,random,C7H8O3,140.047488200,RC2_0046_ICR-3_p08
455.147662391,595.195159304,140.047496913,Other,random,C7H8O3,140.047488200,RC2_0046_ICR-3_p08
489.031053657,629.078550570,140.047496913,Other,random,C7H8O3,140.047488200,RC2_0046_ICR-3_p08
399.035559421,539.083056334,140.047496913,Other,random,C7H8O3,140.047488200,RC2_0046_ICR-3_p08
597.255355565,737.302853478,140.047497913,Other,random,C7H8O3,140.047488200,RC2_0046_ICR-3_p08
363.121444770,503.168942683,140.047497913,Other,random,C7H8O3,140.047488200,RC2_0046_ICR-3_p08
465.189472794,605.236970707,140.047497913,Other,random,C7H8O3,140.047488200,RC2_0046_ICR-3_p08
357.183505959,497.231003872,140.047497913,Other,random,C7H8O3,140.047488200,RC2_0046_ICR-3_p08
505.075342596,645.182876254,140.107533658,Other,random,C8H14N1O1,140.107539000,RC2_0046_ICR-3_p08
563.153670226,703.261204884,140.107534658,Other,random,C8H14N1O1,140.107539000,RC2_0046_ICR-3_p08
543.127438178,683.234976836,140.107538658,Other,random,C8H14N1O1,140.107539000,RC2_0046_ICR-3_p08
396.106375847,536.213921505,140.107545658,Other,random,C8H14N1O1,140.107539000,RC2_0046_ICR-3_p08
253.144546296,394.163636088,141.019089791,Other,random,C2H8O4N1P1,141.019097000,RC2_0046_ICR-3_p08
259.118784953,400.137875745,141.019090791,Other,random,C2H8O4N1P1,141.019097000,RC2_0046_ICR-3_p08
289.108144737,430.127237529,141.019092791,Other,random,C2H8O4N1P1,141.019097000,RC2_0046_ICR-3_p08
309.025120249,450.140477632,141.115357383,Other,random,C8H15N1O1,141.115364000,RC2_0046_ICR-3_p08
399.129537022,540.244901405,141.115364383,Other,random,C8H15N1O1,141.115364000,RC2_0046_ICR-3_p08
335.040815889,476.156185272,141.115369383,Other,random,C8H15N1O1,141.115364000,RC2_0046_ICR-3_p08
385.126820422,526.242192805,141.115372383,Other,random,C8H15N1O1,141.115364000,RC2_0046_ICR-3_p08
343.118588623,485.085307395,141.966718772,Other,random,C1H3O6P1,141.966728000,RC2_0046_ICR-3_p08
269.175903291,411.142624062,141.966720772,Other,random,C1H3O6P1,141.966728000,RC2_0046_ICR-3_p08
299.222743831,441.189464602,141.966720772,Other,random,C1H3O6P1,141.966728000,RC2_0046_ICR-3_p08
329.175903768,471.142626540,141.966722772,Other,random,C1H3O6P1,141.966728000,RC2_0046_ICR-3_p08
309.097848940,451.064572712,141.966723772,Other,random,C1H3O6P1,141.966728000,RC2_0046_ICR-3_p08
323.186323176,465.153050948,141.966727772,Other,random,C1H3O6P1,141.966728000,RC2_0046_ICR-3_p08
325.165597780,467.132325552,141.966727772,Other,random,C1H3O6P1,141.966728000,RC2_0046_ICR-3_p08
331.154979373,473.121709145,141.966729772,Other,random,C1H3O6P1,141.966728000,RC2_0046_ICR-3_p08
321.097822036,463.064553808,141.966731772,Other,random,C1H3O6P1,141.966728000,RC2_0046_ICR-3_p08
247.133925794,389.100660565,141.966734772,Other,random,C1H3O6P1,141.966728000,RC2_0046_ICR-3_p08
497.108492392,639.084326125,141.975833733,Other,random,C2H6O3S2,141.975839000,RC2_0046_ICR-3_p08
497.215672937,639.257528390,142.041855453,Other,random,C10H6O1,142.041865000,RC2_0046_ICR-3_p08
343.103348688,485.145205141,142.041856453,Other,random,C10H6O1,142.041865000,RC2_0046_ICR-3_p08
355.103296783,497.145155236,142.041858453,Other,random,C10H6O1,142.041865000,RC2_0046_ICR-3_p08
543.062600453,685.104459905,142.041859453,Other,random,C10H6O1,142.041865000,RC2_0046_ICR-3_p08
511.036489309,653.078348762,142.041859453,Other,random,C10H6O1,142.041865000,RC2_0046_ICR-3_p08
353.100656279,495.142515732,142.041859453,Other,random,C10H6O1,142.041865000,RC2_0046_ICR-3_p08
383.147532819,525.189393271,142.041860453,Other,random,C10H6O1,142.041865000,RC2_0046_ICR-3_p08
283.131711090,425.173575543,142.041864453,Other,random,C10H6O1,142.041865000,RC2_0046_ICR-3_p08
357.149763102,499.191629555,142.041866453,Other,random,C10H6O1,142.041865000,RC2_0046_ICR-3_p08
387.056778235,529.098645688,142.041867453,Other,random,C10H6O1,142.041865000,RC2_0046_ICR-3_p08
339.157866425,481.199734877,142.041868453,Other,random,C10H6O1,142.041865000,RC2_0046_ICR-3_p08
343.116412632,485.158281085,142.041868453,Other,random,C10H6O1,142.041865000,RC2_0046_ICR-3_p08
309.074625039,451.116494492,142.041869453,Other,random,C10H6O1,142.041865000,RC2_0046_ICR-3_p08
559.166854138,701.208724591,142.041870453,Other,random,C10H6O1,142.041865000,RC2_0046_ICR-3_p08
357.155348079,499.197219531,142.041871453,Other,random,C10H6O1,142.041865000,RC2_0046_ICR-3_p08
341.087629238,483.129501691,142.041872453,Other,random,C10H6O1,142.041865000,RC2_0046_ICR-3_p08
357.046081542,499.087955995,142.041874453,Other,random,C10H6O1,142.041865000,RC2_0046_ICR-3_p08
309.183695576,451.246680939,142.062985363,Other,random,C7H10O3,142.062995000,RC2_0046_ICR-3_p08
585.198065712,727.261052076,142.062986363,Other,random,C7H10O3,142.062995000,RC2_0046_ICR-3_p08
445.163313745,587.226300108,142.062986363,Other,random,C7H10O3,142.062995000,RC2_0046_ICR-3_p08
497.194542027,639.257528390,142.062986363,Other,random,C7H10O3,142.062995000,RC2_0046_ICR-3_p08
323.004408948,465.067396311,142.062987363,Other,random,C7H10O3,142.062995000,RC2_0046_ICR-3_p08
331.103303592,473.166290956,142.062987363,Other,random,C7H10O3,142.062995000,RC2_0046_ICR-3_p08
559.145736227,701.208724591,142.062988363,Other,random,C7H10O3,142.062995000,RC2_0046_ICR-3_p08
391.066942224,533.129930587,142.062988363,Other,random,C7H10O3,142.062995000,RC2_0046_ICR-3_p08
317.160496738,459.223486101,142.062989363,Other,random,C7H10O3,142.062995000,RC2_0046_ICR-3_p08
477.030979561,619.093968925,142.062989363,Other,random,C7H10O3,142.062995000,RC2_0046_ICR-3_p08
347.134614587,489.197603950,142.062989363,Other,random,C7H10O3,142.062995000,RC2_0046_ICR-3_p08
405.046226924,547.109216287,142.062989363,Other,random,C7H10O3,142.062995000,RC2_0046_ICR-3_p08
333.191728733,475.254720096,142.062991363,Other,random,C7H10O3,142.062995000,RC2_0046_ICR-3_p08
352.116773452,494.179764816,142.062991363,Other,random,C7H10O3,142.062995000,RC2_0046_ICR-3_p08
355.168012509,497.231003872,142.062991363,Other,random,C7H10O3,142.062995000,RC2_0046_ICR-3_p08
419.061807469,561.124799832,142.062992363,Other,random,C7H10O3,142.062995000,RC2_0046_ICR-3_p08
422.109076542,564.172068905,142.062992363,Other,random,C7H10O3,142.062995000,RC2_0046_ICR-3_p08
313.035352237,455.098344600,142.062992363,Other,random,C7H10O3,142.062995000,RC2_0046_ICR-3_p08
435.142513254,577.205505617,142.062992363,Other,random,C7H10O3,142.062995000,RC2_0046_ICR-3_p08
497.145155236,639.208147599,142.062992363,Other,random,C7H10O3,142.062995000,RC2_0046_ICR-3_p08
335.004389044,477.067382407,142.062993363,Other,random,C7H10O3,142.062995000,RC2_0046_ICR-3_p08
345.110818172,487.173811535,142.062993363,Other,random,C7H10O3,142.062995000,RC2_0046_ICR-3_p08
459.215483135,601.278476499,142.062993363,Other,random,C7H10O3,142.062995000,RC2_0046_ICR-3_p08
327.108359539,469.171353902,142.062994363,Other,random,C7H10O3,142.062995000,RC2_0046_ICR-3_p08
349.087113304,491.150107667,142.062994363,Other,random,C7H10O3,142.062995000,RC2_0046_ICR-3_p08
441.059274155,583.122268518,142.062994363,Other,random,C7H10O3,142.062995000,RC2_0046_ICR-3_p08
317.139288828,459.202283191,142.062994363,Other,random,C7H10O3,142.062995000,RC2_0046_ICR-3_p08
359.199255408,501.262250771,142.062995363,Other,random,C7H10O3,142.062995000,RC2_0046_ICR-3_p08
391.139715916,533.202712279,142.062996363,Other,random,C7H10O3,142.062995000,RC2_0046_ICR-3_p08
290.030504825,432.093501188,142.062996363,Other,random,C7H10O3,142.062995000,RC2_0046_ICR-3_p08
349.069444379,491.132440742,142.062996363,Other,random,C7H10O3,142.062995000,RC2_0046_ICR-3_p08
363.108305826,505.171302189,142.062996363,Other,random,C7H10O3,142.062995000,RC2_0046_ICR-3_p08
469.244073594,611.307069957,142.062996363,Other,random,C7H10O3,142.062995000,RC2_0046_ICR-3_p08
383.207419565,525.270416928,142.062997363,Other,random,C7H10O3,142.062995000,RC2_0046_ICR-3_p08
304.046170370,446.109167733,142.062997363,Other,random,C7H10O3,142.062995000,RC2_0046_ICR-3_p08
346.020358314,488.083355677,142.062997363,Other,random,C7H10O3,142.062995000,RC2_0046_ICR-3_p08
485.181700986,627.244698349,142.062997363,Other,random,C7H10O3,142.062995000,RC2_0046_ICR-3_p08
539.249981626,681.312979989,142.062998363,Other,random,C7H10O3,142.062995000,RC2_0046_ICR-3_p08
291.173172978,433.236171341,142.062998363,Other,random,C7H10O3,142.062995000,RC2_0046_ICR-3_p08
399.020332486,541.083330849,142.062998363,Other,random,C7H10O3,142.062995000,RC2_0046_ICR-3_p08
467.147712487,609.210710850,142.062998363,Other,random,C7H10O3,142.062995000,RC2_0046_ICR-3_p08
563.067864590,705.130862953,142.062998363,Other,random,C7H10O3,142.062995000,RC2_0046_ICR-3_p08
325.129161935,467.192161298,142.062999363,Other,random,C7H10O3,142.062995000,RC2_0046_ICR-3_p08
363.121444770,505.184444133,142.062999363,Other,random,C7H10O3,142.062995000,RC2_0046_ICR-3_p08
399.048804365,541.111803728,142.062999363,Other,random,C7H10O3,142.062995000,RC2_0046_ICR-3_p08
357.092252346,499.155251709,142.062999363,Other,random,C7H10O3,142.062995000,RC2_0046_ICR-3_p08
465.176385849,607.239385212,142.062999363,Other,random,C7H10O3,142.062995000,RC2_0046_ICR-3_p08
347.004343139,489.067343503,142.063000363,Other,random,C7H10O3,142.062995000,RC2_0046_ICR-3_p08
535.254843573,677.317843937,142.063000363,Other,random,C7H10O3,142.062995000,RC2_0046_ICR-3_p08
276.051284125,418.114285488,142.063001363,Other,random,C7H10O3,142.062995000,RC2_0046_ICR-3_p08
361.041140595,503.104141958,142.063001363,Other,random,C7H10O3,142.062995000,RC2_0046_ICR-3_p08
339.194194270,481.257196634,142.063002363,Other,random,C7H10O3,142.062995000,RC2_0046_ICR-3_p08
463.101052653,605.164055016,142.063002363,Other,random,C7H10O3,142.062995000,RC2_0046_ICR-3_p08
427.124406267,569.187409630,142.063003363,Other,random,C7H10O3,142.062995000,RC2_0046_ICR-3_p08
375.108332921,517.171336284,142.063003363,Other,random,C7H10O3,142.062995000,RC2_0046_ICR-3_p08
292.082640120,434.145643483,142.063003363,Other,random,C7H10O3,142.062995000,RC2_0046_ICR-3_p08
345.155369983,487.218374346,142.063004363,Other,random,C7H10O3,142.062995000,RC2_0046_ICR-3_p08
371.077031022,513.140035385,142.063004363,Other,random,C7H10O3,142.062995000,RC2_0046_ICR-3_p08
351.085089829,493.148094192,142.063004363,Other,random,C7H10O3,142.062995000,RC2_0046_ICR-3_p08
439.173721153,581.251961452,142.078240299,Other,random,C11H10,142.078250000,RC2_0046_ICR-3_p08
333.046238350,475.124479649,142.078241299,Other,random,C11H10,142.078250000,RC2_0046_ICR-3_p08
311.053712643,453.131953942,142.078241299,Other,random,C11H10,142.078250000,RC2_0046_ICR-3_p08
339.121490579,481.199734877,142.078244298,Other,random,C11H10,142.078250000,RC2_0046_ICR-3_p08
489.088461413,631.166705712,142.078244298,Other,random,C11H10,142.078250000,RC2_0046_ICR-3_p08
343.066959842,485.145205141,142.078245298,Other,random,C11H10,142.078250000,RC2_0046_ICR-3_p08
399.056783331,541.135031629,142.078248298,Other,random,C11H10,142.078250000,RC2_0046_ICR-3_p08
373.113891382,515.192141680,142.078250298,Other,random,C11H10,142.078250000,RC2_0046_ICR-3_p08
299.126538239,441.204789537,142.078251298,Other,random,C11H10,142.078250000,RC2_0046_ICR-3_p08
471.199937297,613.278189595,142.078252298,Other,random,C11H10,142.078250000,RC2_0046_ICR-3_p08
329.051278297,471.129530596,142.078252298,Other,random,C11H10,142.078250000,RC2_0046_ICR-3_p08
353.100656279,495.178910577,142.078254298,Other,random,C11H10,142.078250000,RC2_0046_ICR-3_p08
325.142186880,467.220442178,142.078255298,Other,random,C11H10,142.078250000,RC2_0046_ICR-3_p08
531.099137202,673.177394501,142.078257298,Other,random,C11H10,142.078250000,RC2_0046_ICR-3_p08
389.072456685,531.150714983,142.078258298,Other,random,C11H10,142.078250000,RC2_0046_ICR-3_p08
333.155391887,475.233650186,142.078258298,Other,random,C11H10,142.078250000,RC2_0046_ICR-3_p08
291.087403341,434.145643483,143.058240141,Other,random,C6H9N1O3,143.058244000,RC2_0046_ICR-3_p08
461.108806104,604.167047245,143.058241141,Other,random,C6H9N1O3,143.058244000,RC2_0046_ICR-3_p08
305.043327140,448.101568281,143.058241141,Other,random,C6H9N1O3,143.058244000,RC2_0046_ICR-3_p08
325.105822034,468.164064175,143.058242141,Other,random,C6H9N1O3,143.058244000,RC2_0046_ICR-3_p08
347.040703985,490.098952127,143.058248141,Other,random,C6H9N1O3,143.058244000,RC2_0046_ICR-3_p08
353.014920642,496.073170784,143.058250141,Other,random,C6H9N1O3,143.058244000,RC2_0046_ICR-3_p08
355.030544092,498.088794233,143.058250141,Other,random,C6H9N1O3,143.058244000,RC2_0046_ICR-3_p08
381.046223732,524.104473874,143.058250141,Other,random,C6H9N1O3,143.058244000,RC2_0046_ICR-3_p08
359.113546772,502.171799913,143.058253141,Other,random,C6H9N1O3,143.058244000,RC2_0046_ICR-3_p08
307.045857645,450.140477632,143.094619987,Other,random,C7H13N1O2,143.094629000,RC2_0046_ICR-3_p08
423.020394676,566.115015663,143.094620987,Other,random,C7H13N1O2,143.094629000,RC2_0046_ICR-3_p08
421.040965073,564.135599060,143.094633987,Other,random,C7H13N1O2,143.094629000,RC2_0046_ICR-3_p08
361.019841685,504.114478672,143.094636987,Other,random,C7H13N1O2,143.094629000,RC2_0046_ICR-3_p08
317.139288828,461.111763091,143.972474263,Other,random,C3H1N2O3P1,143.972481000,RC2_0046_ICR-3_p08
567.294243661,711.266723924,143.972480263,Other,random,C3H1N2O3P1,143.972481000,RC2_0046_ICR-3_p08
497.179258092,641.151739355,143.972481263,Other,random,C3H1N2O3P1,143.972481000,RC2_0046_ICR-3_p08
303.123699283,447.096185546,143.972486263,Other,random,C3H1N2O3P1,143.972481000,RC2_0046_ICR-3_p08
353.160351025,497.202602993,144.042251967,Other,random,C6H8O4,144.042260000,RC2_0046_ICR-3_p08
587.140698472,731.182950439,144.042251967,Other,random,C6H8O4,144.042260000,RC2_0046_ICR-3_p08
285.040394993,429.082647960,144.042252967,Other,random,C6H8O4,144.042260000,RC2_0046_ICR-3_p08
357.074513421,501.116766389,144.042252967,Other,random,C6H8O4,144.042260000,RC2_0046_ICR-3_p08
393.155279365,537.197533332,144.042253967,Other,random,C6H8O4,144.042260000,RC2_0046_ICR-3_p08
343.212510225,487.254764192,144.042253967,Other,random,C6H8O4,144.042260000,RC2_0046_ICR-3_p08
369.046234637,513.088488604,144.042253967,Other,random,C6H8O4,144.042260000,RC2_0046_ICR-3_p08
423.157945093,567.200199060,144.042253967,Other,random,C6H8O4,144.042260000,RC2_0046_ICR-3_p08
347.077150831,491.119404798,144.042253967,Other,random,C6H8O4,144.042260000,RC2_0046_ICR-3_p08
373.178584107,517.220839074,144.042254967,Other,random,C6H8O4,144.042260000,RC2_0046_ICR-3_p08
473.194713835,617.236970802,144.042256967,Other,random,C6H8O4,144.042260000,RC2_0046_ICR-3_p08
339.144720480,483.186977447,144.042256967,Other,random,C6H8O4,144.042260000,RC2_0046_ICR-3_p08
454.143238652,598.185495619,144.042256967,Other,random,C6H8O4,144.042260000,RC2_0046_ICR-3_p08
315.050887687,459.093144654,144.042256967,Other,random,C6H8O4,144.042260000,RC2_0046_ICR-3_p08
339.136681514,483.178938481,144.042256967,Other,random,C6H8O4,144.042260000,RC2_0046_ICR-3_p08
355.168012509,499.210270476,144.042257967,Other,random,C6H8O4,144.042260000,RC2_0046_ICR-3_p08
395.090198157,539.132456124,144.042257967,Other,random,C6H8O4,144.042260000,RC2_0046_ICR-3_p08
355.066835938,499.109094905,144.042258967,Other,random,C6H8O4,144.042260000,RC2_0046_ICR-3_p08
381.046223732,525.088482700,144.042258967,Other,random,C6H8O4,144.042260000,RC2_0046_ICR-3_p08
461.072387258,605.114646225,144.042258967,Other,random,C6H8O4,144.042260000,RC2_0046_ICR-3_p08
559.145736227,703.187996194,144.042259967,Other,random,C6H8O4,144.042260000,RC2_0046_ICR-3_p08
304.009768524,448.052028491,144.042259967,Other,random,C6H8O4,144.042260000,RC2_0046_ICR-3_p08
333.025122440,477.067382407,144.042259967,Other,random,C6H8O4,144.042260000,RC2_0046_ICR-3_p08
351.194263366,495.236523333,144.042259967,Other,random,C6H8O4,144.042260000,RC2_0046_ICR-3_p08
465.262214485,609.304474452,144.042259967,Other,random,C6H8O4,144.042260000,RC2_0046_ICR-3_p08
329.139349923,473.181610891,144.042260967,Other,random,C6H8O4,144.042260000,RC2_0046_ICR-3_p08
345.061361382,489.103623349,144.042261967,Other,random,C6H8O4,144.042260000,RC2_0046_ICR-3_p08
365.209922911,509.252184878,144.042261967,Other,random,C6H8O4,144.042260000,RC2_0046_ICR-3_p08
348.072460608,492.114722576,144.042261967,Other,random,C6H8O4,144.042260000,RC2_0046_ICR-3_p08
389.087667620,533.129930587,144.042262967,Other,random,C6H8O4,144.042260000,RC2_0046_ICR-3_p08
477.030979561,621.073243528,144.042263967,Other,random,C6H8O4,144.042260000,RC2_0046_ICR-3_p08
379.131647854,523.173911821,144.042263967,Other,random,C6H8O4,144.042260000,RC2_0046_ICR-3_p08
359.162951562,503.205216529,144.042264967,Other,random,C6H8O4,144.042260000,RC2_0046_ICR-3_p08
311.004275853,455.046540820,144.042264967,Other,random,C6H8O4,144.042260000,RC2_0046_ICR-3_p08
361.033077629,505.075342596,144.042264967,Other,random,C6H8O4,144.042260000,RC2_0046_ICR-3_p08
418.041491797,562.083757764,144.042265967,Other,random,C6H8O4,144.042260000,RC2_0046_ICR-3_p08
369.128625287,513.170891254,144.042265967,Other,random,C6H8O4,144.042260000,RC2_0046_ICR-3_p08
547.145688132,691.187955099,144.042266967,Other,random,C6H8O4,144.042260000,RC2_0046_ICR-3_p08
345.134268072,489.176535039,144.042266967,Other,random,C6H8O4,144.042260000,RC2_0046_ICR-3_p08
353.116068213,497.158335180,144.042266967,Other,random,C6H8O4,144.042260000,RC2_0046_ICR-3_p08
367.139612725,511.181879692,144.042266967,Other,random,C6H8O4,144.042260000,RC2_0046_ICR-3_p08
373.105781416,517.148048383,144.042266967,Other,random,C6H8O4,144.042260000,RC2_0046_ICR-3_p08
427.233622804,571.275889771,144.042266967,Other,random,C6H8O4,144.042260000,RC2_0046_ICR-3_p08
355.045688028,499.087955995,144.042267967,Other,random,C6H8O4,144.042260000,RC2_0046_ICR-3_p08
399.020332486,543.062600453,144.042267967,Other,random,C6H8O4,144.042260000,RC2_0046_ICR-3_p08
435.106028409,579.148297376,144.042268967,Other,random,C6H8O4,144.042260000,RC2_0046_ICR-3_p08
421.077501918,565.119770885,144.042268967,Other,random,C6H8O4,144.042260000,RC2_0046_ICR-3_p08
341.173514874,485.215784841,144.042269967,Other,random,C6H8O4,144.042260000,RC2_0046_ICR-3_p08
355.103296783,499.145566750,144.042269967,Other,random,C6H8O4,144.042260000,RC2_0046_ICR-3_p08
359.061871991,503.104141958,144.042269967,Other,random,C6H8O4,144.042260000,RC2_0046_ICR-3_p08
329.115972023,473.158241990,144.042269967,Other,random,C6H8O4,144.042260000,RC2_0046_ICR-3_p08
457.025877424,601.083385326,144.057507902,Other,random,C10H8O1,144.057515000,RC2_0046_ICR-3_p08
357.131919178,501.189427080,144.057507902,Other,random,C10H8O1,144.057515000,RC2_0046_ICR-3_p08
333.155391887,477.212899790,144.057507902,Other,random,C10H8O1,144.057515000,RC2_0046_ICR-3_p08
331.176140283,475.233650186,144.057509902,Other,random,C10H8O1,144.057515000,RC2_0046_ICR-3_p08
423.069787467,567.127297369,144.057509902,Other,random,C10H8O1,144.057515000,RC2_0046_ICR-3_p08
489.197603950,633.255113852,144.057509902,Other,random,C10H8O1,144.057515000,RC2_0046_ICR-3_p08
327.048534793,471.106045695,144.057510902,Other,random,C10H8O1,144.057515000,RC2_0046_ICR-3_p08
497.179258092,641.236768994,144.057510902,Other,random,C10H8O1,144.057515000,RC2_0046_ICR-3_p08
299.090093394,443.147604296,144.057510902,Other,random,C10H8O1,144.057515000,RC2_0046_ICR-3_p08
323.162931276,467.220442178,144.057510902,Other,random,C10H8O1,144.057515000,RC2_0046_ICR-3_p08
589.141213985,733.198726888,144.057512902,Other,random,C10H8O1,144.057515000,RC2_0046_ICR-3_p08
529.119881598,673.177394501,144.057512902,Other,random,C10H8O1,144.057515000,RC2_0046_ICR-3_p08
355.134114653,499.191629555,144.057514902,Other,random,C10H8O1,144.057515000,RC2_0046_ICR-3_p08
543.062600453,687.120115355,144.057514902,Other,random,C10H8O1,144.057515000,RC2_0046_ICR-3_p08
345.046108446,489.103623349,144.057514902,Other,random,C10H8O1,144.057515000,RC2_0046_ICR-3_p08
327.121522483,471.179039386,144.057516902,Other,random,C10H8O1,144.057515000,RC2_0046_ICR-3_p08
329.124093988,473.181610891,144.057516902,Other,random,C10H8O1,144.057515000,RC2_0046_ICR-3_p08
383.061812182,527.119329085,144.057516902,Other,random,C10H8O1,144.057515000,RC2_0046_ICR-3_p08
411.215302754,555.272820656,144.057517902,Other,random,C10H8O1,144.057515000,RC2_0046_ICR-3_p08
627.229546413,771.287066315,144.057519902,Other,random,C10H8O1,144.057515000,RC2_0046_ICR-3_p08
287.077210353,431.134733255,144.057522902,Other,random,C10H8O1,144.057515000,RC2_0046_ICR-3_p08
351.121387675,495.178910577,144.057522902,Other,random,C10H8O1,144.057515000,RC2_0046_ICR-3_p08
369.113367352,513.170891254,144.057523902,Other,random,C10H8O1,144.057515000,RC2_0046_ICR-3_p08
307.058969589,451.116494492,144.057524902,Other,random,C10H8O1,144.057515000,RC2_0046_ICR-3_p08
375.202306523,519.259831425,144.057524902,Other,random,C10H8O1,144.057515000,RC2_0046_ICR-3_p08
347.098198741,491.155723644,144.057524902,Other,random,C10H8O1,144.057515000,RC2_0046_ICR-3_p08
357.055879500,501.116766389,144.060886888,Other,random,C7H12O1S1,144.060887000,RC2_0046_ICR-3_p08
343.076587801,487.137476689,144.060888888,Other,random,C7H12O1S1,144.060887000,RC2_0046_ICR-3_p08
393.186170234,537.247062122,144.060891888,Other,random,C7H12O1S1,144.060887000,RC2_0046_ICR-3_p08
365.118427299,509.179322187,144.060894888,Other,random,C7H12O1S1,144.060887000,RC2_0046_ICR-3_p08
401.145149472,545.223786285,144.078636813,Other,random,C7H12O3,144.078645000,RC2_0046_ICR-3_p08
353.014920642,497.093558455,144.078637813,Other,random,C7H12O3,144.078645000,RC2_0046_ICR-3_p08
355.131632663,499.210270476,144.078637813,Other,random,C7H12O3,144.078645000,RC2_0046_ICR-3_p08
359.004253235,503.082891048,144.078637813,Other,random,C7H12O3,144.078645000,RC2_0046_ICR-3_p08
397.041121882,541.119759694,144.078637813,Other,random,C7H12O3,144.078645000,RC2_0046_ICR-3_p08
471.150686506,615.229324319,144.078637813,Other,random,C7H12O3,144.078645000,RC2_0046_ICR-3_p08
631.239630402,775.318269215,144.078638813,Other,random,C7H12O3,144.078645000,RC2_0046_ICR-3_p08
323.126518430,467.205157243,144.078638813,Other,random,C7H12O3,144.078645000,RC2_0046_ICR-3_p08
466.098888936,610.177527748,144.078638813,Other,random,C7H12O3,144.078645000,RC2_0046_ICR-3_p08
367.131651759,511.210291571,144.078639813,Other,random,C7H12O3,144.078645000,RC2_0046_ICR-3_p08
333.074532230,477.153172043,144.078639813,Other,random,C7H12O3,144.078645000,RC2_0046_ICR-3_p08
285.170697440,429.249337253,144.078639813,Other,random,C7H12O3,144.078645000,RC2_0046_ICR-3_p08
325.056365244,469.135005056,144.078639813,Other,random,C7H12O3,144.078645000,RC2_0046_ICR-3_p08
463.124446553,607.203086366,144.078639813,Other,random,C7H12O3,144.078645000,RC2_0046_ICR-3_p08
355.095319817,499.173960630,144.078640813,Other,random,C7H12O3,144.078645000,RC2_0046_ICR-3_p08
617.187817011,761.266457823,144.078640813,Other,random,C7H12O3,144.078645000,RC2_0046_ICR-3_p08
375.157902711,519.236543524,144.078640813,Other,random,C7H12O3,144.078645000,RC2_0046_ICR-3_p08
379.095271009,523.173911821,144.078640813,Other,random,C7H12O3,144.078645000,RC2_0046_ICR-3_p08
455.046540820,599.125182633,144.078641813,Other,random,C7H12O3,144.078645000,RC2_0046_ICR-3_p08
343.168094413,487.246737226,144.078642813,Other,random,C7H12O3,144.078645000,RC2_0046_ICR-3_p08
527.140525995,671.219168807,144.078642813,Other,random,C7H12O3,144.078645000,RC2_0046_ICR-3_p08
487.088062899,631.166705712,144.078642813,Other,random,C7H12O3,144.078645000,RC2_0046_ICR-3_p08
473.230952681,617.309595494,144.078642813,Other,random,C7H12O3,144.078645000,RC2_0046_ICR-3_p08
359.171080528,503.249723340,144.078642813,Other,random,C7H12O3,144.078645000,RC2_0046_ICR-3_p08
381.191773115,525.270416928,144.078643813,Other,random,C7H12O3,144.078645000,RC2_0046_ICR-3_p08
332.077541460,476.156185272,144.078643813,Other,random,C7H12O3,144.078645000,RC2_0046_ICR-3_p08
346.056768159,490.135411972,144.078643813,Other,random,C7H12O3,144.078645000,RC2_0046_ICR-3_p08
491.205095434,635.283739247,144.078643813,Other,random,C7H12O3,144.078645000,RC2_0046_ICR-3_p08
373.142194262,517.220839074,144.078644813,Other,random,C7H12O3,144.078645000,RC2_0046_ICR-3_p08
413.173537447,557.252182260,144.078644813,Other,random,C7H12O3,144.078645000,RC2_0046_ICR-3_p08
418.114285488,562.192930301,144.078644813,Other,random,C7H12O3,144.078645000,RC2_0046_ICR-3_p08
377.051321679,521.129966492,144.078644813,Other,random,C7H12O3,144.078645000,RC2_0046_ICR-3_p08
391.261795398,535.340441210,144.078645813,Other,random,C7H12O3,144.078645000,RC2_0046_ICR-3_p08
371.199368503,515.278014316,144.078645813,Other,random,C7H12O3,144.078645000,RC2_0046_ICR-3_p08
417.118955711,561.197601523,144.078645813,Other,random,C7H12O3,144.078645000,RC2_0046_ICR-3_p08
411.157946997,555.236593810,144.078646813,Other,random,C7H12O3,144.078645000,RC2_0046_ICR-3_p08
327.072039693,471.150686506,144.078646813,Other,random,C7H12O3,144.078645000,RC2_0046_ICR-3_p08
431.147726200,575.226373013,144.078646813,Other,random,C7H12O3,144.078645000,RC2_0046_ICR-3_p08
345.046108446,489.124755259,144.078646813,Other,random,C7H12O3,144.078645000,RC2_0046_ICR-3_p08
341.116034118,485.194680931,144.078646813,Other,random,C7H12O3,144.078645000,RC2_0046_ICR-3_p08
359.025494145,503.104141958,144.078647813,Other,random,C7H12O3,144.078645000,RC2_0046_ICR-3_p08
429.132022751,573.210670563,144.078647813,Other,random,C7H12O3,144.078645000,RC2_0046_ICR-3_p08
304.009768524,448.088417337,144.078648813,Other,random,C7H12O3,144.078645000,RC2_0046_ICR-3_p08
383.040680272,527.119329085,144.078648813,Other,random,C7H12O3,144.078645000,RC2_0046_ICR-3_p08
423.020394676,567.099043489,144.078648813,Other,random,C7H12O3,144.078645000,RC2_0046_ICR-3_p08
431.025524718,575.104174531,144.078649813,Other,random,C7H12O3,144.078645000,RC2_0046_ICR-3_p08
349.069444379,493.148094192,144.078649813,Other,random,C7H12O3,144.078645000,RC2_0046_ICR-3_p08
442.062804898,586.141455710,144.078650813,Other,random,C7H12O3,144.078645000,RC2_0046_ICR-3_p08
459.178979290,603.257631103,144.078651813,Other,random,C7H12O3,144.078645000,RC2_0046_ICR-3_p08
371.025299242,515.103953054,144.078653813,Other,random,C7H12O3,144.078645000,RC2_0046_ICR-3_p08
349.056393435,493.135048247,144.078654813,Other,random,C7H12O3,144.078645000,RC2_0046_ICR-3_p08
329.139349923,474.176851669,145.037501745,Other,random,C5H7N1O4,145.037509000,RC2_0046_ICR-3_p08
343.009473086,488.046975831,145.037502745,Other,random,C5H7N1O4,145.037509000,RC2_0046_ICR-3_p08
357.061348477,502.098851222,145.037502745,Other,random,C5H7N1O4,145.037509000,RC2_0046_ICR-3_p08
351.035667038,496.073170784,145.037503745,Other,random,C5H7N1O4,145.037509000,RC2_0046_ICR-3_p08
421.040965073,566.078469818,145.037504745,Other,random,C5H7N1O4,145.037509000,RC2_0046_ICR-3_p08
383.040680272,528.078186017,145.037505745,Other,random,C5H7N1O4,145.037509000,RC2_0046_ICR-3_p08
313.071666083,458.109174828,145.037508745,Other,random,C5H7N1O4,145.037509000,RC2_0046_ICR-3_p08
331.082208682,476.119717427,145.037508745,Other,random,C5H7N1O4,145.037509000,RC2_0046_ICR-3_p08
313.020148302,458.057659047,145.037510745,Other,random,C5H7N1O4,145.037509000,RC2_0046_ICR-3_p08
421.077501918,566.115015663,145.037513745,Other,random,C5H7N1O4,145.037509000,RC2_0046_ICR-3_p08
419.134552160,564.172068905,145.037516745,Other,random,C5H7N1O4,145.037509000,RC2_0046_ICR-3_p08
415.160831017,561.197601523,146.036770506,Other,random,C9H6O2,146.036780000,RC2_0046_ICR-3_p08
419.220378796,565.257149302,146.036770506,Other,random,C9H6O2,146.036780000,RC2_0046_ICR-3_p08
493.220757884,639.257528390,146.036770506,Other,random,C9H6O2,146.036780000,RC2_0046_ICR-3_p08
349.142139071,495.178910577,146.036771506,Other,random,C9H6O2,146.036780000,RC2_0046_ICR-3_p08
443.241664897,589.278437403,146.036772506,Other,random,C9H6O2,146.036780000,RC2_0046_ICR-3_p08
297.170748536,443.207521042,146.036772506,Other,random,C9H6O2,146.036780000,RC2_0046_ICR-3_p08
363.121444770,509.158218276,146.036773506,Other,random,C9H6O2,146.036780000,RC2_0046_ICR-3_p08
299.126538239,445.163313745,146.036775506,Other,random,C9H6O2,146.036780000,RC2_0046_ICR-3_p08
311.004275853,457.041052359,146.036776506,Other,random,C9H6O2,146.036780000,RC2_0046_ICR-3_p08
417.249190158,563.285967664,146.036777506,Other,random,C9H6O2,146.036780000,RC2_0046_ICR-3_p08
345.046108446,491.082886953,146.036778506,Other,random,C9H6O2,146.036780000,RC2_0046_ICR-3_p08
439.246640844,585.283419350,146.036778506,Other,random,C9H6O2,146.036780000,RC2_0046_ICR-3_p08
527.104257149,673.141037655,146.036780506,Other,random,C9H6O2,146.036780000,RC2_0046_ICR-3_p08
375.093185986,521.129966492,146.036780506,Other,random,C9H6O2,146.036780000,RC2_0046_ICR-3_p08
371.207460469,517.244240975,146.036780506,Other,random,C9H6O2,146.036780000,RC2_0046_ICR-3_p08
417.067251930,563.104032436,146.036780506,Other,random,C9H6O2,146.036780000,RC2_0046_ICR-3_p08
329.051278297,475.088059803,146.036781506,Other,random,C9H6O2,146.036780000,RC2_0046_ICR-3_p08
475.254720096,621.291501603,146.036781506,Other,random,C9H6O2,146.036780000,RC2_0046_ICR-3_p08
285.097950749,431.134733255,146.036782506,Other,random,C9H6O2,146.036780000,RC2_0046_ICR-3_p08
283.118744145,429.155526651,146.036782506,Other,random,C9H6O2,146.036780000,RC2_0046_ICR-3_p08
353.014920642,499.051704149,146.036783506,Other,random,C9H6O2,146.036780000,RC2_0046_ICR-3_p08
305.079709985,451.116494492,146.036784506,Other,random,C9H6O2,146.036780000,RC2_0046_ICR-3_p08
377.137127315,523.173911821,146.036784506,Other,random,C9H6O2,146.036780000,RC2_0046_ICR-3_p08
541.083330849,687.120115355,146.036784506,Other,random,C9H6O2,146.036780000,RC2_0046_ICR-3_p08
355.116234729,501.153021235,146.036786506,Other,random,C9H6O2,146.036780000,RC2_0046_ICR-3_p08
369.095614427,515.132400934,146.036786506,Other,random,C9H6O2,146.036780000,RC2_0046_ICR-3_p08
349.178634916,495.215423422,146.036788506,Other,random,C9H6O2,146.036780000,RC2_0046_ICR-3_p08
375.165906677,521.202695183,146.036788506,Other,random,C9H6O2,146.036780000,RC2_0046_ICR-3_p08
389.035922840,535.072712346,146.036789506,Other,random,C9H6O2,146.036780000,RC2_0046_ICR-3_p08
367.134101748,513.170891254,146.036789506,Other,random,C9H6O2,146.036780000,RC2_0046_ICR-3_p08
417.082480865,563.140381282,146.057900417,Other,random,C6H10O4,146.057910000,RC2_0046_ICR-3_p08
352.030893817,498.088794233,146.057900417,Other,random,C6H10O4,146.057910000,RC2_0046_ICR-3_p08
345.183700863,491.241601279,146.057900417,Other,random,C6H10O4,146.057910000,RC2_0046_ICR-3_p08
344.077510555,490.135411972,146.057901417,Other,random,C6H10O4,146.057910000,RC2_0046_ICR-3_p08
361.056363530,507.114264947,146.057901417,Other,random,C6H10O4,146.057910000,RC2_0046_ICR-3_p08
371.061836087,517.119737503,146.057901417,Other,random,C6H10O4,146.057910000,RC2_0046_ICR-3_p08
339.035520944,485.093422360,146.057901417,Other,random,C6H10O4,146.057910000,RC2_0046_ICR-3_p08
345.074538326,491.132440742,146.057902417,Other,random,C6H10O4,146.057910000,RC2_0046_ICR-3_p08
361.165578067,507.223480484,146.057902417,Other,random,C6H10O4,146.057910000,RC2_0046_ICR-3_p08
411.165941963,557.223844380,146.057902417,Other,random,C6H10O4,146.057910000,RC2_0046_ICR-3_p08
555.150822174,701.208724591,146.057902417,Other,random,C6H10O4,146.057910000,RC2_0046_ICR-3_p08
661.250538095,807.308440511,146.057902417,Other,random,C6H10O4,146.057910000,RC2_0046_ICR-3_p08
443.183858142,589.241761559,146.057903417,Other,random,C6H10O4,146.057910000,RC2_0046_ICR-3_p08
318.061766915,464.119670332,146.057903417,Other,random,C6H10O4,146.057910000,RC2_0046_ICR-3_p08
325.121134969,471.179039386,146.057904417,Other,random,C6H10O4,146.057910000,RC2_0046_ICR-3_p08
357.082591387,503.140495804,146.057904417,Other,random,C6H10O4,146.057910000,RC2_0046_ICR-3_p08
399.139248981,545.197153398,146.057904417,Other,random,C6H10O4,146.057910000,RC2_0046_ICR-3_p08
455.082903666,601.140808083,146.057904417,Other,random,C6H10O4,146.057910000,RC2_0046_ICR-3_p08
375.230654402,521.288559819,146.057905417,Other,random,C6H10O4,146.057910000,RC2_0046_ICR-3_p08
341.043253427,487.101159843,146.057906417,Other,random,C6H10O4,146.057910000,RC2_0046_ICR-3_p08
433.090388959,579.148297376,146.057908417,Other,random,C6H10O4,146.057910000,RC2_0046_ICR-3_p08
545.130046682,691.187955099,146.057908417,Other,random,C6H10O4,146.057910000,RC2_0046_ICR-3_p08
459.056737809,605.114646225,146.057908417,Other,random,C6H10O4,146.057910000,RC2_0046_ICR-3_p08
413.173537447,559.231446864,146.057909417,Other,random,C6H10O4,146.057910000,RC2_0046_ICR-3_p08
341.152334964,487.210244381,146.057909417,Other,random,C6H10O4,146.057910000,RC2_0046_ICR-3_p08
465.132110037,611.190019453,146.057909417,Other,random,C6H10O4,146.057910000,RC2_0046_ICR-3_p08
385.165540258,531.223449675,146.057909417,Other,random,C6H10O4,146.057910000,RC2_0046_ICR-3_p08
335.077103735,481.135014152,146.057910417,Other,random,C6H10O4,146.057910000,RC2_0046_ICR-3_p08
341.087629238,487.145539655,146.057910417,Other,random,C6H10O4,146.057910000,RC2_0046_ICR-3_p08
371.207460469,517.265371885,146.057911417,Other,random,C6H10O4,146.057910000,RC2_0046_ICR-3_p08
525.052077854,671.109990271,146.057912417,Other,random,C6H10O4,146.057910000,RC2_0046_ICR-3_p08
405.155339461,551.213251877,146.057912417,Other,random,C6H10O4,146.057910000,RC2_0046_ICR-3_p08
343.082106778,489.140020194,146.057913417,Other,random,C6H10O4,146.057910000,RC2_0046_ICR-3_p08
421.142285643,567.200199060,146.057913417,Other,random,C6H10O4,146.057910000,RC2_0046_ICR-3_p08
327.136799418,473.194713835,146.057914417,Other,random,C6H10O4,146.057910000,RC2_0046_ICR-3_p08
371.107917891,517.165832308,146.057914417,Other,random,C6H10O4,146.057910000,RC2_0046_ICR-3_p08
365.152377155,511.210291571,146.057914417,Other,random,C6H10O4,146.057910000,RC2_0046_ICR-3_p08
313.238386376,459.296301793,146.057915417,Other,random,C6H10O4,146.057910000,RC2_0046_ICR-3_p08
315.136633324,461.194548740,146.057915417,Other,random,C6H10O4,146.057910000,RC2_0046_ICR-3_p08
371.149870713,517.207786130,146.057915417,Other,random,C6H10O4,146.057910000,RC2_0046_ICR-3_p08
585.234520558,731.292435974,146.057915417,Other,random,C6H10O4,146.057910000,RC2_0046_ICR-3_p08
350.015254367,496.073170784,146.057916417,Other,random,C6H10O4,146.057910000,RC2_0046_ICR-3_p08
339.108406634,485.166323051,146.057916417,Other,random,C6H10O4,146.057910000,RC2_0046_ICR-3_p08
413.217744260,559.275661676,146.057917417,Other,random,C6H10O4,146.057910000,RC2_0046_ICR-3_p08
499.173960630,645.231878047,146.057917417,Other,random,C6H10O4,146.057910000,RC2_0046_ICR-3_p08
643.240148496,789.298065912,146.057917417,Other,random,C6H10O4,146.057910000,RC2_0046_ICR-3_p08
331.118651527,477.176568944,146.057917417,Other,random,C6H10O4,146.057910000,RC2_0046_ICR-3_p08
353.030038578,499.087955995,146.057917417,Other,random,C6H10O4,146.057910000,RC2_0046_ICR-3_p08
339.157866425,485.215784841,146.057918417,Other,random,C6H10O4,146.057910000,RC2_0046_ICR-3_p08
367.030570187,513.088488604,146.057918417,Other,random,C6H10O4,146.057910000,RC2_0046_ICR-3_p08
461.181466796,607.239385212,146.057918417,Other,random,C6H10O4,146.057910000,RC2_0046_ICR-3_p08
315.050887687,461.108806104,146.057918417,Other,random,C6H10O4,146.057910000,RC2_0046_ICR-3_p08
431.119390320,577.192546672,146.073156352,Other,random,C10H10O1,146.073165000,RC2_0046_ICR-3_p08
323.071459664,469.144618016,146.073158352,Other,random,C10H10O1,146.073165000,RC2_0046_ICR-3_p08
411.215302754,557.288461106,146.073158352,Other,random,C10H10O1,146.073165000,RC2_0046_ICR-3_p08
381.131987369,527.205146721,146.073159352,Other,random,C10H10O1,146.073165000,RC2_0046_ICR-3_p08
263.150014853,409.223175205,146.073160352,Other,random,C10H10O1,146.073165000,RC2_0046_ICR-3_p08
325.142186880,471.215352231,146.073165352,Other,random,C10H10O1,146.073165000,RC2_0046_ICR-3_p08
481.098586306,627.171751658,146.073165352,Other,random,C10H10O1,146.073165000,RC2_0046_ICR-3_p08
325.056365244,471.129530596,146.073165352,Other,random,C10H10O1,146.073165000,RC2_0046_ICR-3_p08
359.061871991,505.135038343,146.073166352,Other,random,C10H10O1,146.073165000,RC2_0046_ICR-3_p08
353.051312488,499.124478840,146.073166352,Other,random,C10H10O1,146.073165000,RC2_0046_ICR-3_p08
305.043327140,451.116494492,146.073167352,Other,random,C10H10O1,146.073165000,RC2_0046_ICR-3_p08
297.134352690,443.207521042,146.073168352,Other,random,C10H10O1,146.073165000,RC2_0046_ICR-3_p08
379.079953073,525.153121425,146.073168352,Other,random,C10H10O1,146.073165000,RC2_0046_ICR-3_p08
339.072033789,485.145205141,146.073171352,Other,random,C10H10O1,146.073165000,RC2_0046_ICR-3_p08
439.210246998,585.283419350,146.073172352,Other,random,C10H10O1,146.073165000,RC2_0046_ICR-3_p08
541.083330849,687.156503201,146.073172352,Other,random,C10H10O1,146.073165000,RC2_0046_ICR-3_p08
343.116412632,489.189585984,146.073173352,Other,random,C10H10O1,146.073165000,RC2_0046_ICR-3_p08
319.139735342,465.212909694,146.073174352,Other,random,C10H10O1,146.073165000,RC2_0046_ICR-3_p08
327.048534793,473.121709145,146.073174352,Other,random,C10H10O1,146.073165000,RC2_0046_ICR-3_p08
309.055853118,455.129027470,146.073174352,Other,random,C10H10O1,146.073165000,RC2_0046_ICR-3_p08
347.098198741,494.093834180,146.995635439,Other,random,C7H1N1O3,146.995644000,RC2_0046_ICR-3_p08
253.108192451,400.103832889,146.995640439,Other,random,C7H1N1O3,146.995644000,RC2_0046_ICR-3_p08
383.061812182,530.057462621,146.995650439,Other,random,C7H1N1O3,146.995644000,RC2_0046_ICR-3_p08
283.045890454,430.041541892,146.995651439,Other,random,C7H1N1O3,146.995644000,RC2_0046_ICR-3_p08
445.171375711,592.167029150,146.995653439,Other,random,C7H1N1O3,146.995644000,RC2_0046_ICR-3_p08
287.113623198,434.145643483,147.032020284,Other,random,C8H5N1O2,147.032029000,RC2_0046_ICR-3_p08
303.108454348,450.140477632,147.032023284,Other,random,C8H5N1O2,147.032029000,RC2_0046_ICR-3_p08
371.134600778,518.166624062,147.032023284,Other,random,C8H5N1O2,147.032029000,RC2_0046_ICR-3_p08
371.061836087,518.093862371,147.032026284,Other,random,C8H5N1O2,147.032029000,RC2_0046_ICR-3_p08
383.061812182,530.093839467,147.032027284,Other,random,C8H5N1O2,147.032029000,RC2_0046_ICR-3_p08
315.035711752,462.067744036,147.032032284,Other,random,C8H5N1O2,147.032029000,RC2_0046_ICR-3_p08
417.103659775,564.172068905,147.068409130,Other,random,Phenylalanine,147.068414000,RC2_0046_ICR-3_p08
375.093185986,522.161599116,147.068413130,Other,random,Phenylalanine,147.068414000,RC2_0046_ICR-3_p08
282.025506782,430.041541892,148.016035110,Other,random,C8H4O3,148.016045000,RC2_0046_ICR-3_p08
294.025500878,442.041535988,148.016035110,Other,random,C8H4O3,148.016045000,RC2_0046_ICR-3_p08
393.118996519,541.135031629,148.016035110,Other,random,C8H4O3,148.016045000,RC2_0046_ICR-3_p08
351.035667038,499.051704149,148.016037110,Other,random,C8H4O3,148.016045000,RC2_0046_ICR-3_p08
429.176508562,577.192546672,148.016038110,Other,random,C8H4O3,148.016045000,RC2_0046_ICR-3_p08
459.187048256,607.203086366,148.016038110,Other,random,C8H4O3,148.016045000,RC2_0046_ICR-3_p08
333.118975042,481.135014152,148.016039110,Other,random,C8H4O3,148.016045000,RC2_0046_ICR-3_p08
415.233712708,563.249751818,148.016039110,Other,random,C8H4O3,148.016045000,RC2_0046_ICR-3_p08
341.154772954,489.170813064,148.016040110,Other,random,C8H4O3,148.016045000,RC2_0046_ICR-3_p08
393.132102464,541.148142574,148.016040110,Other,random,C8H4O3,148.016045000,RC2_0046_ICR-3_p08
331.131668472,479.147709582,148.016041110,Other,random,C8H4O3,148.016045000,RC2_0046_ICR-3_p08
355.030544092,503.046585202,148.016041110,Other,random,C8H4O3,148.016045000,RC2_0046_ICR-3_p08
395.025350432,543.041391543,148.016041110,Other,random,C8H4O3,148.016045000,RC2_0046_ICR-3_p08
369.118926329,517.134968439,148.016042110,Other,random,C8H4O3,148.016045000,RC2_0046_ICR-3_p08
309.170696631,457.186738741,148.016042110,Other,random,C8H4O3,148.016045000,RC2_0046_ICR-3_p08
323.113488485,471.129530596,148.016042110,Other,random,C8H4O3,148.016045000,RC2_0046_ICR-3_p08
313.201958531,461.218001641,148.016043110,Other,random,C8H4O3,148.016045000,RC2_0046_ICR-3_p08
327.217607076,475.233650186,148.016043110,Other,random,C8H4O3,148.016045000,RC2_0046_ICR-3_p08
305.030204195,453.046247306,148.016043110,Other,random,C8H4O3,148.016045000,RC2_0046_ICR-3_p08
325.056365244,473.072409354,148.016044110,Other,random,C8H4O3,148.016045000,RC2_0046_ICR-3_p08
371.061836087,519.077881197,148.016045110,Other,random,C8H4O3,148.016045000,RC2_0046_ICR-3_p08
359.098219837,507.114264947,148.016045110,Other,random,C8H4O3,148.016045000,RC2_0046_ICR-3_p08
433.126963804,581.143008914,148.016045110,Other,random,C8H4O3,148.016045000,RC2_0046_ICR-3_p08
323.004408948,471.020455058,148.016046110,Other,random,C8H4O3,148.016045000,RC2_0046_ICR-3_p08
369.155289174,517.171336284,148.016047110,Other,random,C8H4O3,148.016045000,RC2_0046_ICR-3_p08
407.147582010,555.163629120,148.016047110,Other,random,C8H4O3,148.016045000,RC2_0046_ICR-3_p08
303.100446382,451.116494492,148.016048110,Other,random,C8H4O3,148.016045000,RC2_0046_ICR-3_p08
347.199374312,495.215423422,148.016049110,Other,random,C8H4O3,148.016045000,RC2_0046_ICR-3_p08
413.181552413,561.197601523,148.016049110,Other,random,C8H4O3,148.016045000,RC2_0046_ICR-3_p08
339.194194270,487.210244381,148.016050110,Other,random,C8H4O3,148.016045000,RC2_0046_ICR-3_p08
365.064324528,513.080374638,148.016050110,Other,random,C8H4O3,148.016045000,RC2_0046_ICR-3_p08
391.103234070,539.119284180,148.016050110,Other,random,C8H4O3,148.016045000,RC2_0046_ICR-3_p08
447.259765852,595.275816962,148.016051110,Other,random,C8H4O3,148.016045000,RC2_0046_ICR-3_p08
340.067304567,488.083355677,148.016051110,Other,random,C8H4O3,148.016045000,RC2_0046_ICR-3_p08
423.251666695,571.267718805,148.016052110,Other,random,C8H4O3,148.016045000,RC2_0046_ICR-3_p08
509.275429779,657.291482889,148.016053110,Other,random,C8H4O3,148.016045000,RC2_0046_ICR-3_p08
439.210246998,587.226300108,148.016053110,Other,random,C8H4O3,148.016045000,RC2_0046_ICR-3_p08
337.019969494,485.036023604,148.016054110,Other,random,C8H4O3,148.016045000,RC2_0046_ICR-3_p08
365.123981275,513.140035385,148.016054110,Other,random,C8H4O3,148.016045000,RC2_0046_ICR-3_p08
503.213376495,651.229430605,148.016054110,Other,random,C8H4O3,148.016045000,RC2_0046_ICR-3_p08
421.142285643,569.179450664,148.037165021,Other,random,C5O5H8,148.037175000,RC2_0046_ICR-3_p08
349.056393435,497.093558455,148.037165021,Other,random,C5O5H8,148.037175000,RC2_0046_ICR-3_p08
407.098242219,555.135407239,148.037165021,Other,random,C5O5H8,148.037175000,RC2_0046_ICR-3_p08
477.030979561,625.068146582,148.037167021,Other,random,C5O5H8,148.037175000,RC2_0046_ICR-3_p08
283.110559179,431.147726200,148.037167021,Other,random,C5O5H8,148.037175000,RC2_0046_ICR-3_p08
309.061506094,457.098673115,148.037167021,Other,random,C5O5H8,148.037175000,RC2_0046_ICR-3_p08
373.214900953,521.252067974,148.037167021,Other,random,C5O5H8,148.037175000,RC2_0046_ICR-3_p08
415.103213261,563.140381282,148.037168021,Other,random,C5O5H8,148.037175000,RC2_0046_ICR-3_p08
341.160435930,489.197603950,148.037168021,Other,random,C5O5H8,148.037175000,RC2_0046_ICR-3_p08
339.072033789,487.109204809,148.037171020,Other,random,C5O5H8,148.037175000,RC2_0046_ICR-3_p08
397.113849573,545.151020593,148.037171020,Other,random,C5O5H8,148.037175000,RC2_0046_ICR-3_p08
385.165540258,533.202712279,148.037172020,Other,random,C5O5H8,148.037175000,RC2_0046_ICR-3_p08
461.267301432,609.304474452,148.037173020,Other,random,C5O5H8,148.037175000,RC2_0046_ICR-3_p08
555.150822174,703.187996194,148.037174020,Other,random,C5O5H8,148.037175000,RC2_0046_ICR-3_p08
350.051620213,498.088794233,148.037174020,Other,random,C5O5H8,148.037175000,RC2_0046_ICR-3_p08
311.149873236,459.187048256,148.037175020,Other,random,C5O5H8,148.037175000,RC2_0046_ICR-3_p08
341.124127084,489.161302104,148.037175020,Other,random,C5O5H8,148.037175000,RC2_0046_ICR-3_p08
371.199368503,519.236543524,148.037175020,Other,random,C5O5H8,148.037175000,RC2_0046_ICR-3_p08
349.129151126,497.166327146,148.037176020,Other,random,C5O5H8,148.037175000,RC2_0046_ICR-3_p08
555.187231019,703.224408040,148.037177020,Other,random,C5O5H8,148.037175000,RC2_0046_ICR-3_p08
313.048325182,461.085503203,148.037178020,Other,random,C5O5H8,148.037175000,RC2_0046_ICR-3_p08
355.009406182,503.046585202,148.037179020,Other,random,C5O5H8,148.037175000,RC2_0046_ICR-3_p08
307.082219491,455.119399511,148.037180020,Other,random,C5O5H8,148.037175000,RC2_0046_ICR-3_p08
327.087299628,475.124479649,148.037180020,Other,random,C5O5H8,148.037175000,RC2_0046_ICR-3_p08
391.139715916,539.176895936,148.037180020,Other,random,C5O5H8,148.037175000,RC2_0046_ICR-3_p08
385.142185357,533.179366378,148.037181020,Other,random,C5O5H8,148.037175000,RC2_0046_ICR-3_p08
559.145736227,707.182917248,148.037181020,Other,random,C5O5H8,148.037175000,RC2_0046_ICR-3_p08
367.168067604,515.205248625,148.037181020,Other,random,C5O5H8,148.037175000,RC2_0046_ICR-3_p08
471.215352231,619.252534252,148.037182020,Other,random,C5O5H8,148.037175000,RC2_0046_ICR-3_p08
391.103234070,539.140416091,148.037182020,Other,random,C5O5H8,148.037175000,RC2_0046_ICR-3_p08
321.097822036,469.135005056,148.037183020,Other,random,C5O5H8,148.037175000,RC2_0046_ICR-3_p08
337.178601821,485.215784841,148.037183020,Other,random,C5O5H8,148.037175000,RC2_0046_ICR-3_p08
311.186302081,459.223486101,148.037184020,Other,random,C5O5H8,148.037175000,RC2_0046_ICR-3_p08
353.160351025,501.197535046,148.037184020,Other,random,C5O5H8,148.037175000,RC2_0046_ICR-3_p08
375.230654402,523.267838423,148.037184020,Other,random,C5O5H8,148.037175000,RC2_0046_ICR-3_p08
337.129139030,485.166323051,148.037184020,Other,random,C5O5H8,148.037175000,RC2_0046_ICR-3_p08
307.082219491,455.134640447,148.052420956,Other,random,C9H8O2,148.052430000,RC2_0046_ICR-3_p08
323.162931276,471.215352231,148.052420956,Other,random,C9H8O2,148.052430000,RC2_0046_ICR-3_p08
381.046223732,529.098645688,148.052421956,Other,random,C9H8O2,148.052430000,RC2_0046_ICR-3_p08
307.168092126,455.220515082,148.052422956,Other,random,C9H8O2,148.052430000,RC2_0046_ICR-3_p08
527.249610532,675.302033488,148.052422956,Other,random,C9H8O2,148.052430000,RC2_0046_ICR-3_p08
339.066440812,487.118863768,148.052422956,Other,random,C9H8O2,148.052430000,RC2_0046_ICR-3_p08
369.168415119,517.220839074,148.052423956,Other,random,C9H8O2,148.052430000,RC2_0046_ICR-3_p08
491.155723644,639.208147599,148.052423956,Other,random,C9H8O2,148.052430000,RC2_0046_ICR-3_p08
282.061907628,430.114331584,148.052423956,Other,random,C9H8O2,148.052430000,RC2_0046_ICR-3_p08
437.230994394,585.283419350,148.052424956,Other,random,C9H8O2,148.052430000,RC2_0046_ICR-3_p08
353.064341433,501.116766389,148.052424956,Other,random,C9H8O2,148.052430000,RC2_0046_ICR-3_p08
319.139735342,467.192161298,148.052425956,Other,random,C9H8O2,148.052430000,RC2_0046_ICR-3_p08
309.055853118,457.108281074,148.052427956,Other,random,C9H8O2,148.052430000,RC2_0046_ICR-3_p08
557.260455225,705.312883181,148.052427956,Other,random,C9H8O2,148.052430000,RC2_0046_ICR-3_p08
328.067288471,476.119717427,148.052428956,Other,random,C9H8O2,148.052430000,RC2_0046_ICR-3_p08
393.204839155,541.257269111,148.052429956,Other,random,C9H8O2,148.052430000,RC2_0046_ICR-3_p08
613.177659022,761.230090978,148.052431956,Other,random,C9H8O2,148.052430000,RC2_0046_ICR-3_p08
409.041108977,557.093540933,148.052431956,Other,random,C9H8O2,148.052430000,RC2_0046_ICR-3_p08
357.118870233,505.171302189,148.052431956,Other,random,C9H8O2,148.052430000,RC2_0046_ICR-3_p08
399.056783331,547.109216287,148.052432956,Other,random,C9H8O2,148.052430000,RC2_0046_ICR-3_p08
329.064250242,477.116683198,148.052432956,Other,random,C9H8O2,148.052430000,RC2_0046_ICR-3_p08
491.205095434,639.257528390,148.052432956,Other,random,C9H8O2,148.052430000,RC2_0046_ICR-3_p08
369.095614427,517.148048383,148.052433956,Other,random,C9H8O2,148.052430000,RC2_0046_ICR-3_p08
381.118949424,529.171383380,148.052433956,Other,random,C9H8O2,148.052430000,RC2_0046_ICR-3_p08
387.056778235,535.109213191,148.052434956,Other,random,C9H8O2,148.052430000,RC2_0046_ICR-3_p08
485.202678897,633.255113852,148.052434956,Other,random,C9H8O2,148.052430000,RC2_0046_ICR-3_p08
423.093130368,571.145566324,148.052435956,Other,random,C9H8O2,148.052430000,RC2_0046_ICR-3_p08
383.025307337,531.077743293,148.052435956,Other,random,C9H8O2,148.052430000,RC2_0046_ICR-3_p08
375.093185986,523.145622941,148.052436956,Other,random,C9H8O2,148.052430000,RC2_0046_ICR-3_p08
286.093204527,434.145643483,148.052438956,Other,random,C9H8O2,148.052430000,RC2_0046_ICR-3_p08
319.095273531,467.147712487,148.052438956,Other,random,C9H8O2,148.052430000,RC2_0046_ICR-3_p08
553.156285635,701.208724591,148.052438956,Other,random,C9H8O2,148.052430000,RC2_0046_ICR-3_p08
553.119853789,701.172293745,148.052439956,Other,random,C9H8O2,148.052430000,RC2_0046_ICR-3_p08
327.072039693,475.124479649,148.052439956,Other,random,C9H8O2,148.052430000,RC2_0046_ICR-3_p08
355.139738629,503.192178585,148.052439956,Other,random,C9H8O2,148.052430000,RC2_0046_ICR-3_p08
357.025128631,505.098679497,148.073550866,Other,random,C6H12O4,148.073560000,RC2_0046_ICR-3_p08
323.113488485,471.187040352,148.073551866,Other,random,C6H12O4,148.073560000,RC2_0046_ICR-3_p08
341.116034118,489.189585984,148.073551866,Other,random,C6H12O4,148.073560000,RC2_0046_ICR-3_p08
503.155878739,651.229430605,148.073551866,Other,random,C6H12O4,148.073560000,RC2_0046_ICR-3_p08
309.025120249,457.098673115,148.073552866,Other,random,C6H12O4,148.073560000,RC2_0046_ICR-3_p08
459.165831346,607.239385212,148.073553866,Other,random,C6H12O4,148.073560000,RC2_0046_ICR-3_p08
355.204403355,503.277958221,148.073554866,Other,random,C6H12O4,148.073560000,RC2_0046_ICR-3_p08
473.036174507,621.109730374,148.073555866,Other,random,C6H12O4,148.073560000,RC2_0046_ICR-3_p08
345.074538326,493.148094192,148.073555866,Other,random,C6H12O4,148.073560000,RC2_0046_ICR-3_p08
331.082208682,479.155765548,148.073556866,Other,random,C6H12O4,148.073560000,RC2_0046_ICR-3_p08
429.118988806,577.192546672,148.073557866,Other,random,C6H12O4,148.073560000,RC2_0046_ICR-3_p08
417.046213019,565.119770885,148.073557866,Other,random,C6H12O4,148.073560000,RC2_0046_ICR-3_p08
315.050887687,463.124446553,148.073558866,Other,random,C6H12O4,148.073560000,RC2_0046_ICR-3_p08
349.019999589,497.093558455,148.073558866,Other,random,C6H12O4,148.073560000,RC2_0046_ICR-3_p08
377.160291217,525.233851083,148.073559866,Other,random,C6H12O4,148.073560000,RC2_0046_ICR-3_p08
325.092731089,473.166290956,148.073559866,Other,random,C6H12O4,148.073560000,RC2_0046_ICR-3_p08
333.061454286,481.135014152,148.073559866,Other,random,C6H12O4,148.073560000,RC2_0046_ICR-3_p08
389.087667620,537.161228486,148.073560866,Other,random,C6H12O4,148.073560000,RC2_0046_ICR-3_p08
395.134553969,543.208114835,148.073560866,Other,random,C6H12O4,148.073560000,RC2_0046_ICR-3_p08
407.098242219,555.171803085,148.073560866,Other,random,C6H12O4,148.073560000,RC2_0046_ICR-3_p08
447.165863250,595.239425116,148.073561866,Other,random,C6H12O4,148.073560000,RC2_0046_ICR-3_p08
467.155762452,615.229324319,148.073561866,Other,random,C6H12O4,148.073560000,RC2_0046_ICR-3_p08
383.004180427,531.077743293,148.073562866,Other,random,C6H12O4,148.073560000,RC2_0046_ICR-3_p08
339.136681514,487.210244381,148.073562866,Other,random,C6H12O4,148.073560000,RC2_0046_ICR-3_p08
445.199672591,593.273235457,148.073562866,Other,random,C6H12O4,148.073560000,RC2_0046_ICR-3_p08
445.186636646,593.260203512,148.073566866,Other,random,C6H12O4,148.073560000,RC2_0046_ICR-3_p08
373.056398626,521.129966492,148.073567866,Other,random,C6H12O4,148.073560000,RC2_0046_ICR-3_p08
462.103958882,610.177527748,148.073568866,Other,random,C6H12O4,148.073560000,RC2_0046_ICR-3_p08
481.062136461,629.135706327,148.073569866,Other,random,C6H12O4,148.073560000,RC2_0046_ICR-3_p08
583.239515021,731.328320822,148.088805801,Other,random,C10H12O1,148.088815000,RC2_0046_ICR-3_p08
329.124093988,477.212899790,148.088805801,Other,random,C10H12O1,148.088815000,RC2_0046_ICR-3_p08
319.103353497,467.192161298,148.088807801,Other,random,C10H12O1,148.088815000,RC2_0046_ICR-3_p08
389.100660565,537.189468367,148.088807801,Other,random,C10H12O1,148.088815000,RC2_0046_ICR-3_p08
379.103200975,527.192009776,148.088808801,Other,random,C10H12O1,148.088815000,RC2_0046_ICR-3_p08
341.051209393,489.140020194,148.088810801,Other,random,C10H12O1,148.088815000,RC2_0046_ICR-3_p08
377.137127315,525.225938116,148.088810801,Other,random,C10H12O1,148.088815000,RC2_0046_ICR-3_p08
351.035667038,499.124478840,148.088811801,Other,random,C10H12O1,148.088815000,RC2_0046_ICR-3_p08
329.087757142,477.176568944,148.088811801,Other,random,C10H12O1,148.088815000,RC2_0046_ICR-3_p08
326.088036867,474.176851669,148.088814801,Other,random,C10H12O1,148.088815000,RC2_0046_ICR-3_p08
335.126495526,483.215310327,148.088814801,Other,random,C10H12O1,148.088815000,RC2_0046_ICR-3_p08
323.040714794,471.129530596,148.088815801,Other,random,C10H12O1,148.088815000,RC2_0046_ICR-3_p08
391.097675094,539.186492895,148.088817801,Other,random,C10H12O1,148.088815000,RC2_0046_ICR-3_p08
469.025924519,617.114742321,148.088817801,Other,random,C10H12O1,148.088815000,RC2_0046_ICR-3_p08
361.113903286,509.202722088,148.088818801,Other,random,C10H12O1,148.088815000,RC2_0046_ICR-3_p08
381.118949424,529.207768225,148.088818801,Other,random,C10H12O1,148.088815000,RC2_0046_ICR-3_p08
429.176508562,577.265327363,148.088818801,Other,random,C10H12O1,148.088815000,RC2_0046_ICR-3_p08
503.104141958,651.192960759,148.088818801,Other,random,C10H12O1,148.088815000,RC2_0046_ICR-3_p08
388.052124013,536.140944815,148.088820801,Other,random,C10H12O1,148.088815000,RC2_0046_ICR-3_p08
331.058887781,479.147709582,148.088821801,Other,random,C10H12O1,148.088815000,RC2_0046_ICR-3_p08
367.139612725,515.228435526,148.088822801,Other,random,C10H12O1,148.088815000,RC2_0046_ICR-3_p08
411.142624062,559.231446864,148.088822801,Other,random,C10H12O1,148.088815000,RC2_0046_ICR-3_p08
324.036023572,472.124848373,148.088824801,Other,random,C10H12O1,148.088815000,RC2_0046_ICR-3_p08
282.025506782,430.114331584,148.088824801,Other,random,C10H12O1,148.088815000,RC2_0046_ICR-3_p08
327.072039693,476.119717427,149.047677734,Other,random,C8H7N1O2,149.047679000,RC2_0046_ICR-3_p08
487.145539655,636.193219389,149.047679734,Other,random,C8H7N1O2,149.047679000,RC2_0046_ICR-3_p08
309.025120249,458.109174828,149.084054580,Other,random,C9H11N1O1,149.084064000,RC2_0046_ICR-3_p08
301.056416052,450.140477632,149.084061580,Other,random,C9H11N1O1,149.084064000,RC2_0046_ICR-3_p08
251.019771310,400.103832889,149.084061580,Other,random,C9H11N1O1,149.084064000,RC2_0046_ICR-3_p08
427.173820057,577.205505617,150.031685560,Other,random,C8H6O3,150.031695000,RC2_0046_ICR-3_p08
319.131689376,469.163375936,150.031686560,Other,random,C8H6O3,150.031695000,RC2_0046_ICR-3_p08
305.102952887,455.134640447,150.031687560,Other,random,C8H6O3,150.031695000,RC2_0046_ICR-3_p08
300.072444226,450.104132786,150.031688560,Other,random,C8H6O3,150.031695000,RC2_0046_ICR-3_p08
529.083425753,679.115114313,150.031688560,Other,random,C8H6O3,150.031695000,RC2_0046_ICR-3_p08
429.030897180,579.062585739,150.031688560,Other,random,C8H6O3,150.031695000,RC2_0046_ICR-3_p08
329.152296869,479.183986428,150.031689560,Other,random,C8H6O3,150.031695000,RC2_0046_ICR-3_p08
363.144849671,513.176541230,150.031691560,Other,random,C8H6O3,150.031695000,RC2_0046_ICR-3_p08
463.160771399,613.192462959,150.031691560,Other,random,C8H6O3,150.031695000,RC2_0046_ICR-3_p08
481.135014152,631.166705712,150.031691560,Other,random,C8H6O3,150.031695000,RC2_0046_ICR-3_p08
547.218436823,697.250129383,150.031692560,Other,random,C8H6O3,150.031695000,RC2_0046_ICR-3_p08
393.046244828,543.077938388,150.031693560,Other,random,C8H6O3,150.031695000,RC2_0046_ICR-3_p08
379.030454283,529.062147843,150.031693560,Other,random,C8H6O3,150.031695000,RC2_0046_ICR-3_p08
385.077519632,535.109213191,150.031693560,Other,random,C8H6O3,150.031695000,RC2_0046_ICR-3_p08
403.103167166,553.134860726,150.031693560,Other,random,C8H6O3,150.031695000,RC2_0046_ICR-3_p08
323.040714794,473.072409354,150.031694560,Other,random,C8H6O3,150.031695000,RC2_0046_ICR-3_p08
325.056365244,475.088059803,150.031694560,Other,random,C8H6O3,150.031695000,RC2_0046_ICR-3_p08
393.191721211,543.223415770,150.031694560,Other,random,C8H6O3,150.031695000,RC2_0046_ICR-3_p08
321.147343826,471.179039386,150.031695560,Other,random,C8H6O3,150.031695000,RC2_0046_ICR-3_p08
499.036628213,649.068324772,150.031696560,Other,random,C8H6O3,150.031695000,RC2_0046_ICR-3_p08
301.084797932,451.116494492,150.031696560,Other,random,C8H6O3,150.031695000,RC2_0046_ICR-3_p08
345.110818172,495.142515732,150.031697560,Other,random,C8H6O3,150.031695000,RC2_0046_ICR-3_p08
343.030503997,493.062202556,150.031698560,Other,random,C8H6O3,150.031695000,RC2_0046_ICR-3_p08
427.210297903,577.241996462,150.031698560,Other,random,C8H6O3,150.031695000,RC2_0046_ICR-3_p08
423.178972004,573.210670563,150.031698560,Other,random,C8H6O3,150.031695000,RC2_0046_ICR-3_p08
311.186302081,461.218001641,150.031699560,Other,random,C8H6O3,150.031695000,RC2_0046_ICR-3_p08
343.103348688,493.135048247,150.031699560,Other,random,C8H6O3,150.031695000,RC2_0046_ICR-3_p08
449.072241163,599.103940723,150.031699560,Other,random,C8H6O3,150.031695000,RC2_0046_ICR-3_p08
339.084977734,489.116679293,150.031701560,Other,random,C8H6O3,150.031695000,RC2_0046_ICR-3_p08
373.041077691,523.072780250,150.031702560,Other,random,C8H6O3,150.031695000,RC2_0046_ICR-3_p08
425.267389145,575.299091704,150.031702560,Other,random,C8H6O3,150.031695000,RC2_0046_ICR-3_p08
397.223083110,547.254785669,150.031702560,Other,random,C8H6O3,150.031695000,RC2_0046_ICR-3_p08
371.061836087,521.093539646,150.031703560,Other,random,C8H6O3,150.031695000,RC2_0046_ICR-3_p08
379.188979611,529.220683171,150.031703560,Other,random,C8H6O3,150.031695000,RC2_0046_ICR-3_p08
332.041054614,482.072759174,150.031704560,Other,random,C8H6O3,150.031695000,RC2_0046_ICR-3_p08
349.019999589,499.051704149,150.031704560,Other,random,C8H6O3,150.031695000,RC2_0046_ICR-3_p08
351.035667038,501.067371598,150.031704560,Other,random,C8H6O3,150.031695000,RC2_0046_ICR-3_p08
427.233622804,577.265327363,150.031704560,Other,random,C8H6O3,150.031695000,RC2_0046_ICR-3_p08
553.192703480,703.224408040,150.031704560,Other,random,C8H6O3,150.031695000,RC2_0046_ICR-3_p08
379.066941129,529.098645688,150.031704560,Other,random,C8H6O3,150.031695000,RC2_0046_ICR-3_p08
363.075362966,513.116938483,150.041575518,Other,random,guanine (-H),150.041584800,RC2_0046_ICR-3_p08
431.101431396,581.143008914,150.041577518,Other,random,guanine (-H),150.041584800,RC2_0046_ICR-3_p08
367.078155986,517.119737503,150.041581518,Other,random,guanine (-H),150.041584800,RC2_0046_ICR-3_p08
391.070220210,541.111803728,150.041583518,Other,random,guanine (-H),150.041584800,RC2_0046_ICR-3_p08
363.075362966,513.116938483,150.041575518,Other,random,guanine_(_H)_C5H4N5O,150.041585000,RC2_0046_ICR-3_p08
431.101431396,581.143008914,150.041577518,Other,random,guanine_(_H)_C5H4N5O,150.041585000,RC2_0046_ICR-3_p08
367.078155986,517.119737503,150.041581518,Other,random,guanine_(_H)_C5H4N5O,150.041585000,RC2_0046_ICR-3_p08
391.070220210,541.111803728,150.041583518,Other,random,guanine_(_H)_C5H4N5O,150.041585000,RC2_0046_ICR-3_p08
335.004389044,485.057204514,150.052815470,Other,random,C5H10O5,150.052825000,RC2_0046_ICR-3_p08
371.162860658,521.215676128,150.052815470,Other,random,C5H10O5,150.052825000,RC2_0046_ICR-3_p08
307.045857645,457.098673115,150.052815470,Other,random,C5H10O5,150.052825000,RC2_0046_ICR-3_p08
416.062200193,566.115015663,150.052815470,Other,random,C5H10O5,150.052825000,RC2_0046_ICR-3_p08
391.066942224,541.119759694,150.052817470,Other,random,C5H10O5,150.052825000,RC2_0046_ICR-3_p08
453.168471787,603.221291257,150.052819470,Other,random,C5H10O5,150.052825000,RC2_0046_ICR-3_p08
349.129151126,499.181971596,150.052820470,Other,random,C5H10O5,150.052825000,RC2_0046_ICR-3_p08
437.137129793,587.189952263,150.052822470,Other,random,C5H10O5,150.052825000,RC2_0046_ICR-3_p08
345.183700863,495.236523333,150.052822470,Other,random,C5H10O5,150.052825000,RC2_0046_ICR-3_p08
363.072076980,513.124900450,150.052823470,Other,random,C5H10O5,150.052825000,RC2_0046_ICR-3_p08
317.102938982,467.155762452,150.052823470,Other,random,C5H10O5,150.052825000,RC2_0046_ICR-3_p08
393.046244828,543.099068298,150.052823470,Other,random,C5H10O5,150.052825000,RC2_0046_ICR-3_p08
313.084682028,463.137506498,150.052824470,Other,random,C5H10O5,150.052825000,RC2_0046_ICR-3_p08
371.149870713,521.202695183,150.052824470,Other,random,C5H10O5,150.052825000,RC2_0046_ICR-3_p08
323.149985331,473.202809801,150.052824470,Other,random,C5H10O5,150.052825000,RC2_0046_ICR-3_p08
407.171018910,557.223844380,150.052825470,Other,random,C5H10O5,150.052825000,RC2_0046_ICR-3_p08
327.100344573,477.153172043,150.052827470,Other,random,C5H10O5,150.052825000,RC2_0046_ICR-3_p08
305.066572041,455.119399511,150.052827470,Other,random,C5H10O5,150.052825000,RC2_0046_ICR-3_p08
359.077025927,509.129854397,150.052828470,Other,random,C5H10O5,150.052825000,RC2_0046_ICR-3_p08
374.051645404,524.104473874,150.052828470,Other,random,C5H10O5,150.052825000,RC2_0046_ICR-3_p08
407.163061944,557.215890414,150.052828470,Other,random,C5H10O5,150.052825000,RC2_0046_ICR-3_p08
357.110821267,507.163649737,150.052828470,Other,random,C5H10O5,150.052825000,RC2_0046_ICR-3_p08
309.134218786,459.187048256,150.052829470,Other,random,C5H10O5,150.052825000,RC2_0046_ICR-3_p08
455.061816755,605.114646225,150.052829470,Other,random,C5H10O5,150.052825000,RC2_0046_ICR-3_p08
361.214930858,511.267760328,150.052829470,Other,random,C5H10O5,150.052825000,RC2_0046_ICR-3_p08
353.051312488,503.104141958,150.052829470,Other,random,C5H10O5,150.052825000,RC2_0046_ICR-3_p08
367.139612725,517.192443195,150.052830470,Other,random,C5H10O5,150.052825000,RC2_0046_ICR-3_p08
465.067396311,615.120226781,150.052830470,Other,random,C5H10O5,150.052825000,RC2_0046_ICR-3_p08
417.046213019,567.099043489,150.052830470,Other,random,C5H10O5,150.052825000,RC2_0046_ICR-3_p08
315.014563841,465.067396311,150.052832470,Other,random,C5H10O5,150.052825000,RC2_0046_ICR-3_p08
321.183680672,471.236513142,150.052832470,Other,random,C5H10O5,150.052825000,RC2_0046_ICR-3_p08
359.090102871,509.142935341,150.052832470,Other,random,C5H10O5,150.052825000,RC2_0046_ICR-3_p08
329.152296869,479.205129339,150.052832470,Other,random,C5H10O5,150.052825000,RC2_0046_ICR-3_p08
413.051198966,563.104032436,150.052833470,Other,random,C5H10O5,150.052825000,RC2_0046_ICR-3_p08
329.102931078,479.155765548,150.052834470,Other,random,C5H10O5,150.052825000,RC2_0046_ICR-3_p08
299.095771370,449.149923834,150.054152464,Other,random,C6H6O1N4,150.054161000,RC2_0046_ICR-3_p08
547.145688132,697.199842596,150.054154464,Other,random,C6H6O1N4,150.054161000,RC2_0046_ICR-3_p08
335.134607491,485.202678897,150.068071405,Other,random,C9H10O2,150.068080000,RC2_0046_ICR-3_p08
323.090168584,473.158241990,150.068073405,Other,random,C9H10O2,150.068080000,RC2_0046_ICR-3_p08
297.074484944,447.142559349,150.068074405,Other,random,C9H10O2,150.068080000,RC2_0046_ICR-3_p08
355.080058882,505.148134287,150.068075405,Other,random,C9H10O2,150.068080000,RC2_0046_ICR-3_p08
353.124102179,503.192178585,150.068076405,Other,random,C9H10O2,150.068080000,RC2_0046_ICR-3_p08
365.064324528,515.132400934,150.068076405,Other,random,C9H10O2,150.068080000,RC2_0046_ICR-3_p08
326.051641022,476.119717427,150.068076405,Other,random,C9H10O2,150.068080000,RC2_0046_ICR-3_p08
457.171308807,607.239385212,150.068076405,Other,random,C9H10O2,150.068080000,RC2_0046_ICR-3_p08
567.187746113,717.255823518,150.068077405,Other,random,C9H10O2,150.068080000,RC2_0046_ICR-3_p08
593.114886129,743.182963534,150.068077405,Other,random,C9H10O2,150.068080000,RC2_0046_ICR-3_p08
371.199368503,521.267446909,150.068078405,Other,random,C9H10O2,150.068080000,RC2_0046_ICR-3_p08
465.080369256,615.148447662,150.068078405,Other,random,C9H10O2,150.068080000,RC2_0046_ICR-3_p08
337.056308339,487.124388745,150.068080405,Other,random,C9H10O2,150.068080000,RC2_0046_ICR-3_p08
353.137136124,503.205216529,150.068080405,Other,random,C9H10O2,150.068080000,RC2_0046_ICR-3_p08
383.129003897,533.197084303,150.068080405,Other,random,C9H10O2,150.068080000,RC2_0046_ICR-3_p08
397.199659209,547.267739614,150.068080405,Other,random,C9H10O2,150.068080000,RC2_0046_ICR-3_p08
431.111326354,581.179406760,150.068080405,Other,random,C9H10O2,150.068080000,RC2_0046_ICR-3_p08
393.118996519,543.187076925,150.068080405,Other,random,C9H10O2,150.068080000,RC2_0046_ICR-3_p08
339.144720480,489.212802886,150.068082405,Other,random,C9H10O2,150.068080000,RC2_0046_ICR-3_p08
347.162921467,497.231003872,150.068082405,Other,random,C9H10O2,150.068080000,RC2_0046_ICR-3_p08
323.071459664,473.139544069,150.068084405,Other,random,C9H10O2,150.068080000,RC2_0046_ICR-3_p08
345.147339017,495.215423422,150.068084405,Other,random,C9H10O2,150.068080000,RC2_0046_ICR-3_p08
551.140640185,701.208724591,150.068084405,Other,random,C9H10O2,150.068080000,RC2_0046_ICR-3_p08
349.056393435,499.124478840,150.068085405,Other,random,C9H10O2,150.068080000,RC2_0046_ICR-3_p08
387.121381961,537.189468367,150.068086405,Other,random,C9H10O2,150.068080000,RC2_0046_ICR-3_p08
327.121522483,477.189608888,150.068086405,Other,random,C9H10O2,150.068080000,RC2_0046_ICR-3_p08
341.173514874,491.241601279,150.068086405,Other,random,C9H10O2,150.068080000,RC2_0046_ICR-3_p08
343.066959842,493.135048247,150.068088405,Other,random,C9H10O2,150.068080000,RC2_0046_ICR-3_p08
319.058846685,469.126936091,150.068089405,Other,random,C9H10O2,150.068080000,RC2_0046_ICR-3_p08
407.184092855,557.252182260,150.068089405,Other,random,C9H10O2,150.068080000,RC2_0046_ICR-3_p08
327.144810384,477.212899790,150.068089405,Other,random,C9H10O2,150.068080000,RC2_0046_ICR-3_p08
391.066942224,541.135031629,150.068089405,Other,random,C9H10O2,150.068080000,RC2_0046_ICR-3_p08
637.177400214,787.245782618,150.068382404,Other,random,C5H13N1O2P1,150.068392000,RC2_0046_ICR-3_p08
417.009905173,567.078289577,150.068384404,Other,random,C5H13N1O2P1,150.068392000,RC2_0046_ICR-3_p08
369.131865274,519.200250678,150.068385404,Other,random,C5H13N1O2P1,150.068392000,RC2_0046_ICR-3_p08
447.114085470,597.182470874,150.068385404,Other,random,C5H13N1O2P1,150.068392000,RC2_0046_ICR-3_p08
501.197535046,651.265920450,150.068385404,Other,random,C5H13N1O2P1,150.068392000,RC2_0046_ICR-3_p08
486.096644104,636.165030508,150.068386404,Other,random,C5H13N1O2P1,150.068392000,RC2_0046_ICR-3_p08
395.220362605,545.288751009,150.068388404,Other,random,C5H13N1O2P1,150.068392000,RC2_0046_ICR-3_p08
555.208177931,705.276566335,150.068388404,Other,random,C5H13N1O2P1,150.068392000,RC2_0046_ICR-3_p08
545.151020593,695.219409997,150.068389404,Other,random,C5H13N1O2P1,150.068392000,RC2_0046_ICR-3_p08
447.020355868,597.088745272,150.068389404,Other,random,C5H13N1O2P1,150.068392000,RC2_0046_ICR-3_p08
465.176385849,615.244775253,150.068389404,Other,random,C5H13N1O2P1,150.068392000,RC2_0046_ICR-3_p08
441.067268121,591.135660525,150.068392404,Other,random,C5H13N1O2P1,150.068392000,RC2_0046_ICR-3_p08
457.062282269,607.130674673,150.068392404,Other,random,C5H13N1O2P1,150.068392000,RC2_0046_ICR-3_p08
439.160662209,589.229056613,150.068394404,Other,random,C5H13N1O2P1,150.068392000,RC2_0046_ICR-3_p08
421.040965073,571.109359477,150.068394404,Other,random,C5H13N1O2P1,150.068392000,RC2_0046_ICR-3_p08
433.090388959,583.158784363,150.068395404,Other,random,C5H13N1O2P1,150.068392000,RC2_0046_ICR-3_p08
525.124930545,675.193325949,150.068395404,Other,random,C5H13N1O2P1,150.068392000,RC2_0046_ICR-3_p08
425.121614763,575.190012167,150.068397404,Other,random,C5H13N1O2P1,150.068392000,RC2_0046_ICR-3_p08
615.229324319,765.297722722,150.068398404,Other,random,C5H13N1O2P1,150.068392000,RC2_0046_ICR-3_p08
451.051581767,601.119982171,150.068400404,Other,random,C5H13N1O2P1,150.068392000,RC2_0046_ICR-3_p08
425.145111663,575.213512067,150.068400404,Other,random,C5H13N1O2P1,150.068392000,RC2_0046_ICR-3_p08
447.077694624,597.146095028,150.068400404,Other,random,C5H13N1O2P1,150.068392000,RC2_0046_ICR-3_p08
435.142513254,585.210914658,150.068401404,Other,random,C5H13N1O2P1,150.068392000,RC2_0046_ICR-3_p08
461.144972950,611.213374354,150.068401404,Other,random,C5H13N1O2P1,150.068392000,RC2_0046_ICR-3_p08
467.082842762,617.151244166,150.068401404,Other,random,C5H13N1O2P1,150.068392000,RC2_0046_ICR-3_p08
573.146357836,723.250813087,150.104455251,Other,random,C10H14O1,150.104465000,RC2_0046_ICR-3_p08
333.046238350,483.150693601,150.104455251,Other,random,C10H14O1,150.104465000,RC2_0046_ICR-3_p08
241.108249355,391.212704606,150.104455251,Other,random,C10H14O1,150.104465000,RC2_0046_ICR-3_p08
283.131711090,433.236171341,150.104460251,Other,random,C10H14O1,150.104465000,RC2_0046_ICR-3_p08
415.210347807,565.314809058,150.104461251,Other,random,C10H14O1,150.104465000,RC2_0046_ICR-3_p08
471.187040352,621.291501603,150.104461251,Other,random,C10H14O1,150.104465000,RC2_0046_ICR-3_p08
268.046297083,418.150760334,150.104463251,Other,random,C10H14O1,150.104465000,RC2_0046_ICR-3_p08
403.030397475,553.134860726,150.104463251,Other,random,C10H14O1,150.104465000,RC2_0046_ICR-3_p08
517.148048383,667.252511634,150.104463251,Other,random,C10H14O1,150.104465000,RC2_0046_ICR-3_p08
363.072076980,513.176541230,150.104464251,Other,random,C10H14O1,150.104465000,RC2_0046_ICR-3_p08
443.111322450,593.215786701,150.104464251,Other,random,C10H14O1,150.104465000,RC2_0046_ICR-3_p08
279.051061400,429.155526651,150.104465251,Other,random,C10H14O1,150.104465000,RC2_0046_ICR-3_p08
355.066835938,505.171302189,150.104466251,Other,random,C10H14O1,150.104465000,RC2_0046_ICR-3_p08
367.116372823,517.220839074,150.104466251,Other,random,C10H14O1,150.104465000,RC2_0046_ICR-3_p08
323.071459664,473.175926915,150.104467251,Other,random,C10H14O1,150.104465000,RC2_0046_ICR-3_p08
387.084999116,537.189468367,150.104469251,Other,random,C10H14O1,150.104465000,RC2_0046_ICR-3_p08
469.090340246,619.194809497,150.104469251,Other,random,C10H14O1,150.104465000,RC2_0046_ICR-3_p08
637.141313367,787.245782618,150.104469251,Other,random,C10H14O1,150.104465000,RC2_0046_ICR-3_p08
351.157780520,501.262250771,150.104470251,Other,random,C10H14O1,150.104465000,RC2_0046_ICR-3_p08
427.088076421,577.192546672,150.104470251,Other,random,C10H14O1,150.104465000,RC2_0046_ICR-3_p08
365.014899738,515.119369989,150.104470251,Other,random,C10H14O1,150.104465000,RC2_0046_ICR-3_p08
375.035579230,525.140050481,150.104471251,Other,random,C10H14O1,150.104465000,RC2_0046_ICR-3_p08
435.178948099,585.283419350,150.104471251,Other,random,C10H14O1,150.104465000,RC2_0046_ICR-3_p08
337.142265975,487.246737226,150.104471251,Other,random,C10H14O1,150.104465000,RC2_0046_ICR-3_p08
351.048548984,501.153021235,150.104472251,Other,random,C10H14O1,150.104465000,RC2_0046_ICR-3_p08
349.050777458,499.155251709,150.104474251,Other,random,C10H14O1,150.104465000,RC2_0046_ICR-3_p08
465.030959466,615.135433717,150.104474251,Other,random,C10H14O1,150.104465000,RC2_0046_ICR-3_p08
289.165650494,440.169092931,151.003442437,Other,random,C3H6N1O4P1,151.003447000,RC2_0046_ICR-3_p08
317.196852584,468.200306021,151.003453437,Other,random,C3H6N1O4P1,151.003447000,RC2_0046_ICR-3_p08
303.035776656,454.062711994,151.026935338,Other,random,C7H5N1O3,151.026944000,RC2_0046_ICR-3_p08
279.087396246,430.114331584,151.026935338,Other,random,C7H5N1O3,151.026944000,RC2_0046_ICR-3_p08
297.097976844,448.124912182,151.026935338,Other,random,C7H5N1O3,151.026944000,RC2_0046_ICR-3_p08
295.009489704,446.036432041,151.026942338,Other,random,C7H5N1O3,151.026944000,RC2_0046_ICR-3_p08
351.035667038,502.062612376,151.026945338,Other,random,C7H5N1O3,151.026944000,RC2_0046_ICR-3_p08
311.040790698,462.067744036,151.026953338,Other,random,C7H5N1O3,151.026944000,RC2_0046_ICR-3_p08
408.065123117,559.139686253,151.074563136,Other,random,C7H9N3O1,151.074562000,RC2_0046_ICR-3_p08
307.155015182,459.142468445,151.987453263,Other,random,C3H5O5P1,151.987463000,RC2_0046_ICR-3_p08
295.155105086,447.142559349,151.987454263,Other,random,C3H5O5P1,151.987463000,RC2_0046_ICR-3_p08
233.081975403,385.069431666,151.987456263,Other,random,C3H5O5P1,151.987463000,RC2_0046_ICR-3_p08
242.139899979,394.127357242,151.987457263,Other,random,C3H5O5P1,151.987463000,RC2_0046_ICR-3_p08
265.144574392,417.132031655,151.987457263,Other,random,C3H5O5P1,151.987463000,RC2_0046_ICR-3_p08
273.170756344,425.158213608,151.987457263,Other,random,C3H5O5P1,151.987463000,RC2_0046_ICR-3_p08
281.139504541,433.126963804,151.987459263,Other,random,C3H5O5P1,151.987463000,RC2_0046_ICR-3_p08
243.160213650,395.147674914,151.987461263,Other,random,C3H5O5P1,151.987463000,RC2_0046_ICR-3_p08
296.077520173,448.064981436,151.987461263,Other,random,C3H5O5P1,151.987463000,RC2_0046_ICR-3_p08
269.103117600,421.090579863,151.987462263,Other,random,C3H5O5P1,151.987463000,RC2_0046_ICR-3_p08
301.071736987,453.059200251,151.987463263,Other,random,C3H5O5P1,151.987463000,RC2_0046_ICR-3_p08
311.077088544,463.064553808,151.987465263,Other,random,C3H5O5P1,151.987463000,RC2_0046_ICR-3_p08
293.102986791,445.090453054,151.987466263,Other,random,C3H5O5P1,151.987463000,RC2_0046_ICR-3_p08
385.223013014,537.210479278,151.987466263,Other,random,C3H5O5P1,151.987463000,RC2_0046_ICR-3_p08
343.176151379,495.163618642,151.987467263,Other,random,C3H5O5P1,151.987463000,RC2_0046_ICR-3_p08
315.160242223,467.147712487,151.987470263,Other,random,C3H5O5P1,151.987463000,RC2_0046_ICR-3_p08
371.207460469,523.194932732,151.987472263,Other,random,C3H5O5P1,151.987463000,RC2_0046_ICR-3_p08
361.096031362,513.103828539,152.007797177,Other,random,C3H8O1N2S2,152.007807000,RC2_0046_ICR-3_p08
405.085737756,557.093540933,152.007803177,Other,random,C3H8O1N2S2,152.007807000,RC2_0046_ICR-3_p08
393.215980108,545.223786285,152.007806177,Other,random,C3H8O1N2S2,152.007807000,RC2_0046_ICR-3_p08
457.081123189,609.088931366,152.007808177,Other,random,C3H8O1N2S2,152.007807000,RC2_0046_ICR-3_p08
339.121490579,491.132440742,152.010950164,Other,random,C7H4O4,152.010960000,RC2_0046_ICR-3_p08
333.191728733,485.202678897,152.010950164,Other,random,C7H4O4,152.010960000,RC2_0046_ICR-3_p08
451.246680939,603.257631103,152.010950164,Other,random,C7H4O4,152.010960000,RC2_0046_ICR-3_p08
319.139735342,471.150686506,152.010951164,Other,random,C7H4O4,152.010960000,RC2_0046_ICR-3_p08
313.201958531,465.212909694,152.010951164,Other,random,C7H4O4,152.010960000,RC2_0046_ICR-3_p08
353.160351025,505.171302189,152.010951164,Other,random,C7H4O4,152.010960000,RC2_0046_ICR-3_p08
347.134614587,499.145566750,152.010952164,Other,random,C7H4O4,152.010960000,RC2_0046_ICR-3_p08
351.194263366,503.205216529,152.010953164,Other,random,C7H4O4,152.010960000,RC2_0046_ICR-3_p08
359.040742081,511.051695244,152.010953164,Other,random,C7H4O4,152.010960000,RC2_0046_ICR-3_p08
336.072402513,488.083355677,152.010953164,Other,random,C7H4O4,152.010960000,RC2_0046_ICR-3_p08
375.230654402,527.241607566,152.010953164,Other,random,C7H4O4,152.010960000,RC2_0046_ICR-3_p08
431.228560857,583.239515021,152.010954164,Other,random,C7H4O4,152.010960000,RC2_0046_ICR-3_p08
363.035585134,515.046539298,152.010954164,Other,random,C7H4O4,152.010960000,RC2_0046_ICR-3_p08
381.204807060,533.215762223,152.010955164,Other,random,C7H4O4,152.010960000,RC2_0046_ICR-3_p08
327.144810384,479.155765548,152.010955164,Other,random,C7H4O4,152.010960000,RC2_0046_ICR-3_p08
363.121444770,515.132400934,152.010956164,Other,random,C7H4O4,152.010960000,RC2_0046_ICR-3_p08
494.174640837,646.185597001,152.010956164,Other,random,C7H4O4,152.010960000,RC2_0046_ICR-3_p08
345.155369983,497.166327146,152.010957164,Other,random,C7H4O4,152.010960000,RC2_0046_ICR-3_p08
365.154875144,517.165832308,152.010957164,Other,random,C7H4O4,152.010960000,RC2_0046_ICR-3_p08
405.241225096,557.252182260,152.010957164,Other,random,C7H4O4,152.010960000,RC2_0046_ICR-3_p08
309.097848940,461.108806104,152.010957164,Other,random,C7H4O4,152.010960000,RC2_0046_ICR-3_p08
410.181972137,562.192930301,152.010958164,Other,random,C7H4O4,152.010960000,RC2_0046_ICR-3_p08
335.077103735,487.088062899,152.010959164,Other,random,C7H4O4,152.010960000,RC2_0046_ICR-3_p08
607.276007057,759.286966220,152.010959164,Other,random,C7H4O4,152.010960000,RC2_0046_ICR-3_p08
385.150269323,537.161228486,152.010959164,Other,random,C7H4O4,152.010960000,RC2_0046_ICR-3_p08
305.066572041,457.077532205,152.010960164,Other,random,C7H4O4,152.010960000,RC2_0046_ICR-3_p08
321.219992518,473.230952681,152.010960164,Other,random,C7H4O4,152.010960000,RC2_0046_ICR-3_p08
425.181585509,577.192546672,152.010961164,Other,random,C7H4O4,152.010960000,RC2_0046_ICR-3_p08
357.155348079,509.166310242,152.010962164,Other,random,C7H4O4,152.010960000,RC2_0046_ICR-3_p08
409.223175205,561.234137368,152.010962164,Other,random,C7H4O4,152.010960000,RC2_0046_ICR-3_p08
377.196806062,529.207768225,152.010962164,Other,random,C7H4O4,152.010960000,RC2_0046_ICR-3_p08
361.165578067,513.176541230,152.010963164,Other,random,C7H4O4,152.010960000,RC2_0046_ICR-3_p08
413.194597358,565.205560521,152.010963164,Other,random,C7H4O4,152.010960000,RC2_0046_ICR-3_p08
313.056432148,465.067396311,152.010964164,Other,random,C7H4O4,152.010960000,RC2_0046_ICR-3_p08
331.131668472,483.142633635,152.010965163,Other,random,C7H4O4,152.010960000,RC2_0046_ICR-3_p08
453.067303216,605.078268380,152.010965163,Other,random,C7H4O4,152.010960000,RC2_0046_ICR-3_p08
357.061348477,509.072314641,152.010966163,Other,random,C7H4O4,152.010960000,RC2_0046_ICR-3_p08
401.072452780,553.083418944,152.010966163,Other,random,C7H4O4,152.010960000,RC2_0046_ICR-3_p08
333.046238350,485.057204514,152.010966163,Other,random,C7H4O4,152.010960000,RC2_0046_ICR-3_p08
439.283213689,591.294179852,152.010966163,Other,random,C7H4O4,152.010960000,RC2_0046_ICR-3_p08
279.123766092,431.134733255,152.010967163,Other,random,C7H4O4,152.010960000,RC2_0046_ICR-3_p08
421.223077301,573.234045464,152.010968163,Other,random,C7H4O4,152.010960000,RC2_0046_ICR-3_p08
361.129067222,513.140035385,152.010968163,Other,random,C7H4O4,152.010960000,RC2_0046_ICR-3_p08
355.103296783,507.114264947,152.010968163,Other,random,C7H4O4,152.010960000,RC2_0046_ICR-3_p08
298.056797777,450.104132786,152.047335009,Other,random,C8H8O3,152.047345000,RC2_0046_ICR-3_p08
349.050777458,501.098113468,152.047336009,Other,random,C8H8O3,152.047345000,RC2_0046_ICR-3_p08
279.087396246,431.134733255,152.047337009,Other,random,C8H8O3,152.047345000,RC2_0046_ICR-3_p08
429.168512596,581.215850605,152.047338009,Other,random,C8H8O3,152.047345000,RC2_0046_ICR-3_p08
473.036174507,625.083513517,152.047339009,Other,random,C8H8O3,152.047345000,RC2_0046_ICR-3_p08
515.213353590,667.260693599,152.047340009,Other,random,C8H8O3,152.047345000,RC2_0046_ICR-3_p08
311.053712643,463.101052653,152.047340009,Other,random,C8H8O3,152.047345000,RC2_0046_ICR-3_p08
359.162951562,511.210291571,152.047340009,Other,random,C8H8O3,152.047345000,RC2_0046_ICR-3_p08
373.105781416,525.153121425,152.047340009,Other,random,C8H8O3,152.047345000,RC2_0046_ICR-3_p08
375.093185986,527.140525995,152.047340009,Other,random,C8H8O3,152.047345000,RC2_0046_ICR-3_p08
417.140069621,569.187409630,152.047340009,Other,random,C8H8O3,152.047345000,RC2_0046_ICR-3_p08
419.220378796,571.267718805,152.047340009,Other,random,C8H8O3,152.047345000,RC2_0046_ICR-3_p08
627.229546413,779.276887422,152.047341009,Other,random,C8H8O3,152.047345000,RC2_0046_ICR-3_p08
297.074484944,449.121826953,152.047342009,Other,random,C8H8O3,152.047345000,RC2_0046_ICR-3_p08
479.241497184,631.288839193,152.047342009,Other,random,C8H8O3,152.047345000,RC2_0046_ICR-3_p08
349.214908762,501.262250771,152.047342009,Other,random,C8H8O3,152.047345000,RC2_0046_ICR-3_p08
453.067303216,605.114646225,152.047343009,Other,random,C8H8O3,152.047345000,RC2_0046_ICR-3_p08
403.233703612,555.281046622,152.047343009,Other,random,C8H8O3,152.047345000,RC2_0046_ICR-3_p08
315.108418443,467.155762452,152.047344009,Other,random,C8H8O3,152.047345000,RC2_0046_ICR-3_p08
445.235969437,597.283313446,152.047344009,Other,random,C8H8O3,152.047345000,RC2_0046_ICR-3_p08
323.040714794,475.088059803,152.047345009,Other,random,C8H8O3,152.047345000,RC2_0046_ICR-3_p08
417.103659775,569.151004785,152.047345009,Other,random,C8H8O3,152.047345000,RC2_0046_ICR-3_p08
417.241310192,569.288655201,152.047345009,Other,random,C8H8O3,152.047345000,RC2_0046_ICR-3_p08
513.088488604,665.135833613,152.047345009,Other,random,C8H8O3,152.047345000,RC2_0046_ICR-3_p08
317.116029927,469.163375936,152.047346009,Other,random,C8H8O3,152.047345000,RC2_0046_ICR-3_p08
513.270442832,665.317788841,152.047346009,Other,random,C8H8O3,152.047345000,RC2_0046_ICR-3_p08
465.067396311,617.114742321,152.047346009,Other,random,C8H8O3,152.047345000,RC2_0046_ICR-3_p08
403.116282110,555.163629120,152.047347009,Other,random,C8H8O3,152.047345000,RC2_0046_ICR-3_p08
333.118975042,485.166323051,152.047348009,Other,random,C8H8O3,152.047345000,RC2_0046_ICR-3_p08
361.041140595,513.088488604,152.047348009,Other,random,C8H8O3,152.047345000,RC2_0046_ICR-3_p08
347.162921467,499.210270476,152.047349009,Other,random,C8H8O3,152.047345000,RC2_0046_ICR-3_p08
441.212854503,593.260203512,152.047349009,Other,random,C8H8O3,152.047345000,RC2_0046_ICR-3_p08
319.131689376,471.179039386,152.047350009,Other,random,C8H8O3,152.047345000,RC2_0046_ICR-3_p08
325.020032398,477.067382407,152.047350009,Other,random,C8H8O3,152.047345000,RC2_0046_ICR-3_p08
325.105822034,477.153172043,152.047350009,Other,random,C8H8O3,152.047345000,RC2_0046_ICR-3_p08
393.046244828,545.093594837,152.047350009,Other,random,C8H8O3,152.047345000,RC2_0046_ICR-3_p08
411.142624062,563.189976072,152.047352009,Other,random,C8H8O3,152.047345000,RC2_0046_ICR-3_p08
423.056822522,575.104174531,152.047352009,Other,random,C8H8O3,152.047345000,RC2_0046_ICR-3_p08
431.147726200,583.195078209,152.047352009,Other,random,C8H8O3,152.047345000,RC2_0046_ICR-3_p08
435.178948099,587.226300108,152.047352009,Other,random,C8H8O3,152.047345000,RC2_0046_ICR-3_p08
277.108173642,429.155526651,152.047353009,Other,random,C8H8O3,152.047345000,RC2_0046_ICR-3_p08
319.095273531,471.142626540,152.047353009,Other,random,C8H8O3,152.047345000,RC2_0046_ICR-3_p08
335.199384217,487.246737226,152.047353009,Other,random,C8H8O3,152.047345000,RC2_0046_ICR-3_p08
387.056778235,539.104131245,152.047353009,Other,random,C8H8O3,152.047345000,RC2_0046_ICR-3_p08
411.238614655,563.285967664,152.047353009,Other,random,C8H8O3,152.047345000,RC2_0046_ICR-3_p08
407.184092855,559.231446864,152.047354009,Other,random,C8H8O3,152.047345000,RC2_0046_ICR-3_p08
303.087286437,455.134640447,152.047354009,Other,random,C8H8O3,152.047345000,RC2_0046_ICR-3_p08
373.178584107,525.225938116,152.047354009,Other,random,C8H8O3,152.047345000,RC2_0046_ICR-3_p08
319.009424895,471.129530596,152.120105701,Other,random,C10H16O1,152.120115000,RC2_0046_ICR-3_p08
469.184258847,621.304365548,152.120106701,Other,random,C10H16O1,152.120115000,RC2_0046_ICR-3_p08
371.053802121,523.173911821,152.120109701,Other,random,C10H16O1,152.120115000,RC2_0046_ICR-3_p08
339.121490579,491.241601279,152.120110700,Other,random,C10H16O1,152.120115000,RC2_0046_ICR-3_p08
277.035415950,429.155526651,152.120110700,Other,random,C10H16O1,152.120115000,RC2_0046_ICR-3_p08
327.157851329,479.277962030,152.120110700,Other,random,C10H16O1,152.120115000,RC2_0046_ICR-3_p08
343.116412632,495.236523333,152.120110700,Other,random,C10H16O1,152.120115000,RC2_0046_ICR-3_p08
515.132400934,667.252511634,152.120110700,Other,random,C10H16O1,152.120115000,RC2_0046_ICR-3_p08
411.020269581,563.140381282,152.120111700,Other,random,C10H16O1,152.120115000,RC2_0046_ICR-3_p08
349.142139071,501.262250771,152.120111700,Other,random,C10H16O1,152.120115000,RC2_0046_ICR-3_p08
551.104296339,703.224408040,152.120111700,Other,random,C10H16O1,152.120115000,RC2_0046_ICR-3_p08
563.140381282,715.260492982,152.120111700,Other,random,C10H16O1,152.120115000,RC2_0046_ICR-3_p08
545.223786285,697.343898985,152.120112700,Other,random,C10H16O1,152.120115000,RC2_0046_ICR-3_p08
349.092643281,501.212756981,152.120113700,Other,random,C10H16O1,152.120115000,RC2_0046_ICR-3_p08
331.095193627,483.215310327,152.120116700,Other,random,C10H16O1,152.120115000,RC2_0046_ICR-3_p08
441.095670000,593.215786701,152.120116700,Other,random,C10H16O1,152.120115000,RC2_0046_ICR-3_p08
339.084977734,491.205095434,152.120117700,Other,random,C10H16O1,152.120115000,RC2_0046_ICR-3_p08
353.014920642,505.135038343,152.120117700,Other,random,C10H16O1,152.120115000,RC2_0046_ICR-3_p08
291.087403341,443.207521042,152.120117700,Other,random,C10H16O1,152.120115000,RC2_0046_ICR-3_p08
387.056778235,539.176895936,152.120117700,Other,random,C10H16O1,152.120115000,RC2_0046_ICR-3_p08
425.072427972,577.192546672,152.120118700,Other,random,C10H16O1,152.120115000,RC2_0046_ICR-3_p08
341.173514874,493.293634575,152.120119700,Other,random,C10H16O1,152.120115000,RC2_0046_ICR-3_p08
423.178972004,575.299091704,152.120119700,Other,random,C10H16O1,152.120115000,RC2_0046_ICR-3_p08
337.105749130,489.225868830,152.120119700,Other,random,C10H16O1,152.120115000,RC2_0046_ICR-3_p08
389.014911929,541.135031629,152.120119700,Other,random,C10H16O1,152.120115000,RC2_0046_ICR-3_p08
361.050771554,513.170891254,152.120119700,Other,random,C10H16O1,152.120115000,RC2_0046_ICR-3_p08
401.145149472,553.265270173,152.120120700,Other,random,C10H16O1,152.120115000,RC2_0046_ICR-3_p08
465.189472794,617.309595494,152.120122700,Other,random,C10H16O1,152.120115000,RC2_0046_ICR-3_p08
375.202306523,527.322431223,152.120124700,Other,random,C10H16O1,152.120115000,RC2_0046_ICR-3_p08
431.119390320,583.239515021,152.120124700,Other,random,C10H16O1,152.120115000,RC2_0046_ICR-3_p08
515.140568899,667.260693599,152.120124700,Other,random,C10H16O1,152.120115000,RC2_0046_ICR-3_p08
451.170461263,605.164055016,153.993593753,Other,random,C3H6O5S1,153.993597000,RC2_0046_ICR-3_p08
295.118722240,449.121826953,154.003104713,Other,random,C3H7O5P1,154.003113000,RC2_0046_ICR-3_p08
237.113281302,391.116388014,154.003106713,Other,random,C3H7O5P1,154.003113000,RC2_0046_ICR-3_p08
293.102986791,447.106093504,154.003106713,Other,random,C3H7O5P1,154.003113000,RC2_0046_ICR-3_p08
343.176151379,497.179258092,154.003106713,Other,random,C3H7O5P1,154.003113000,RC2_0046_ICR-3_p08
317.102938982,471.106045695,154.003106713,Other,random,C3H7O5P1,154.003113000,RC2_0046_ICR-3_p08
321.061516190,475.064622903,154.003106713,Other,random,C3H7O5P1,154.003113000,RC2_0046_ICR-3_p08
297.134352690,451.137461403,154.003108713,Other,random,C3H7O5P1,154.003113000,RC2_0046_ICR-3_p08
299.186352985,453.189461698,154.003108713,Other,random,C3H7O5P1,154.003113000,RC2_0046_ICR-3_p08
327.217607076,481.220715788,154.003108713,Other,random,C3H7O5P1,154.003113000,RC2_0046_ICR-3_p08
287.056163442,441.059274155,154.003110713,Other,random,C3H7O5P1,154.003113000,RC2_0046_ICR-3_p08
275.092456193,429.095567905,154.003111713,Other,random,C3H7O5P1,154.003113000,RC2_0046_ICR-3_p08
293.175749483,447.178862195,154.003112713,Other,random,C3H7O5P1,154.003113000,RC2_0046_ICR-3_p08
290.103474515,444.106588228,154.003113713,Other,random,C3H7O5P1,154.003113000,RC2_0046_ICR-3_p08
319.082301586,473.085417299,154.003115713,Other,random,C3H7O5P1,154.003113000,RC2_0046_ICR-3_p08
312.145129014,466.148247726,154.003118713,Other,random,C3H7O5P1,154.003113000,RC2_0046_ICR-3_p08
347.149900522,501.153021235,154.003120713,Other,random,C3H7O5P1,154.003113000,RC2_0046_ICR-3_p08
277.144604487,431.147726200,154.003121713,Other,random,C3H7O5P1,154.003113000,RC2_0046_ICR-3_p08
447.114085470,601.155944018,154.041858548,Other,random,C11H6O1,154.041865000,RC2_0046_ICR-3_p08
299.090093394,453.131953942,154.041860548,Other,random,C11H6O1,154.041865000,RC2_0046_ICR-3_p08
375.165906677,529.207768225,154.041861548,Other,random,C11H6O1,154.041865000,RC2_0046_ICR-3_p08
303.144874193,457.186738741,154.041864548,Other,random,C11H6O1,154.041865000,RC2_0046_ICR-3_p08
341.014992547,495.056857095,154.041864548,Other,random,C11H6O1,154.041865000,RC2_0046_ICR-3_p08
289.165650494,443.207521042,154.041870548,Other,random,C11H6O1,154.041865000,RC2_0046_ICR-3_p08
311.090239489,465.132110037,154.041870548,Other,random,C11H6O1,154.041865000,RC2_0046_ICR-3_p08
357.131919178,511.173789726,154.041870548,Other,random,C11H6O1,154.041865000,RC2_0046_ICR-3_p08
531.062589357,685.104459905,154.041870548,Other,random,C11H6O1,154.041865000,RC2_0046_ICR-3_p08
399.092986177,553.134860726,154.041874548,Other,random,C11H6O1,154.041865000,RC2_0046_ICR-3_p08
365.137137219,519.272892370,154.135755150,Other,random,C10H18O1,154.135765000,RC2_0046_ICR-3_p08
401.137065506,555.272820656,154.135755150,Other,random,C10H18O1,154.135765000,RC2_0046_ICR-3_p08
331.095193627,485.230949777,154.135756150,Other,random,C10H18O1,154.135765000,RC2_0046_ICR-3_p08
361.041140595,515.176897745,154.135757150,Other,random,C10H18O1,154.135765000,RC2_0046_ICR-3_p08
237.076947456,391.212704606,154.135757150,Other,random,C10H18O1,154.135765000,RC2_0046_ICR-3_p08
573.109874991,727.245632141,154.135757150,Other,random,C10H18O1,154.135765000,RC2_0046_ICR-3_p08
441.103666966,595.239425116,154.135758150,Other,random,C10H18O1,154.135765000,RC2_0046_ICR-3_p08
397.150171419,551.285930569,154.135759150,Other,random,C10H18O1,154.135765000,RC2_0046_ICR-3_p08
297.110920789,451.246680939,154.135760150,Other,random,C10H18O1,154.135765000,RC2_0046_ICR-3_p08
311.053712643,465.189472794,154.135760150,Other,random,C10H18O1,154.135765000,RC2_0046_ICR-3_p08
313.084682028,467.220442178,154.135760150,Other,random,C10H18O1,154.135765000,RC2_0046_ICR-3_p08
457.171308807,611.307069957,154.135761150,Other,random,C10H18O1,154.135765000,RC2_0046_ICR-3_p08
317.043276236,471.179039386,154.135763150,Other,random,C10H18O1,154.135765000,RC2_0046_ICR-3_p08
364.030858912,518.166624062,154.135765150,Other,random,C10H18O1,154.135765000,RC2_0046_ICR-3_p08
373.069380571,527.205146721,154.135766150,Other,random,C10H18O1,154.135765000,RC2_0046_ICR-3_p08
341.087629238,495.223395388,154.135766150,Other,random,C10H18O1,154.135765000,RC2_0046_ICR-3_p08
355.030544092,509.166310242,154.135766150,Other,random,C10H18O1,154.135765000,RC2_0046_ICR-3_p08
347.053659930,501.189427080,154.135767150,Other,random,C10H18O1,154.135765000,RC2_0046_ICR-3_p08
361.092668376,515.228435526,154.135767150,Other,random,C10H18O1,154.135765000,RC2_0046_ICR-3_p08
653.172672361,807.308440511,154.135768150,Other,random,C10H18O1,154.135765000,RC2_0046_ICR-3_p08
339.157866425,493.293634575,154.135768150,Other,random,C10H18O1,154.135765000,RC2_0046_ICR-3_p08
385.033059820,539.168829970,154.135770150,Other,random,C10H18O1,154.135765000,RC2_0046_ICR-3_p08
422.080651663,576.216421813,154.135770150,Other,random,C10H18O1,154.135765000,RC2_0046_ICR-3_p08
341.137114029,495.272885178,154.135771150,Other,random,C10H18O1,154.135765000,RC2_0046_ICR-3_p08
379.066941129,533.202712279,154.135771150,Other,random,C10H18O1,154.135765000,RC2_0046_ICR-3_p08
349.069444379,503.205216529,154.135772150,Other,random,C10H18O1,154.135765000,RC2_0046_ICR-3_p08
531.099137202,685.234909352,154.135772150,Other,random,C10H18O1,154.135765000,RC2_0046_ICR-3_p08
382.041669510,536.177442660,154.135773150,Other,random,C10H18O1,154.135765000,RC2_0046_ICR-3_p08
305.079709985,459.215483135,154.135773150,Other,random,C10H18O1,154.135765000,RC2_0046_ICR-3_p08
323.053835738,477.189608888,154.135773150,Other,random,C10H18O1,154.135765000,RC2_0046_ICR-3_p08
405.046226924,559.182001074,154.135774150,Other,random,C10H18O1,154.135765000,RC2_0046_ICR-3_p08
407.092654243,561.228428392,154.135774150,Other,random,C10H18O1,154.135765000,RC2_0046_ICR-3_p08
577.192546672,731.328320822,154.135774150,Other,random,C10H18O1,154.135765000,RC2_0046_ICR-3_p08
341.079649272,495.215423422,154.135774150,Other,random,C10H18O1,154.135765000,RC2_0046_ICR-3_p08
455.082903666,610.177527748,155.094624082,Other,random,C8H13O2N1,155.094629000,RC2_0046_ICR-3_p08
351.035667038,506.130297121,155.094630082,Other,random,C8H13O2N1,155.094629000,RC2_0046_ICR-3_p08
409.077438823,564.172068905,155.094630082,Other,random,C8H13O2N1,155.094629000,RC2_0046_ICR-3_p08
385.150269323,540.244901405,155.094632082,Other,random,C8H13O2N1,155.094629000,RC2_0046_ICR-3_p08
481.098586306,636.193219389,155.094633082,Other,random,C8H13O2N1,155.094629000,RC2_0046_ICR-3_p08
301.048392086,457.090642149,156.042250063,Other,random,C7H8O4,156.042260000,RC2_0046_ICR-3_p08
421.223077301,577.265327363,156.042250063,Other,random,C7H8O4,156.042260000,RC2_0046_ICR-3_p08
411.157946997,567.200199060,156.042252063,Other,random,C7H8O4,156.042260000,RC2_0046_ICR-3_p08
411.056790426,567.099043489,156.042253063,Other,random,C7H8O4,156.042260000,RC2_0046_ICR-3_p08
439.197172054,595.239425116,156.042253063,Other,random,C7H8O4,156.042260000,RC2_0046_ICR-3_p08
305.175747578,461.218001641,156.042254063,Other,random,C7H8O4,156.042260000,RC2_0046_ICR-3_p08
313.084682028,469.126936091,156.042254063,Other,random,C7H8O4,156.042260000,RC2_0046_ICR-3_p08
346.020358314,502.062612376,156.042254063,Other,random,C7H8O4,156.042260000,RC2_0046_ICR-3_p08
415.124401172,571.166655234,156.042254063,Other,random,C7H8O4,156.042260000,RC2_0046_ICR-3_p08
433.199507496,589.241761559,156.042254063,Other,random,C7H8O4,156.042260000,RC2_0046_ICR-3_p08
381.204807060,537.247062122,156.042255063,Other,random,C7H8O4,156.042260000,RC2_0046_ICR-3_p08
535.145700036,691.187955099,156.042255063,Other,random,C7H8O4,156.042260000,RC2_0046_ICR-3_p08
335.113467581,491.155723644,156.042256063,Other,random,C7H8O4,156.042260000,RC2_0046_ICR-3_p08
473.093450265,629.135706327,156.042256063,Other,random,C7H8O4,156.042260000,RC2_0046_ICR-3_p08
383.126572908,539.168829970,156.042257063,Other,random,C7H8O4,156.042260000,RC2_0046_ICR-3_p08
301.056416052,457.098673115,156.042257063,Other,random,C7H8O4,156.042260000,RC2_0046_ICR-3_p08
367.103365879,523.145622941,156.042257063,Other,random,C7H8O4,156.042260000,RC2_0046_ICR-3_p08
379.030454283,535.072712346,156.042258063,Other,random,C7H8O4,156.042260000,RC2_0046_ICR-3_p08
443.061682660,599.103940723,156.042258063,Other,random,C7H8O4,156.042260000,RC2_0046_ICR-3_p08
311.162898180,467.205157243,156.042259063,Other,random,C7H8O4,156.042260000,RC2_0046_ICR-3_p08
455.046540820,611.088799883,156.042259063,Other,random,C7H8O4,156.042260000,RC2_0046_ICR-3_p08
367.131651759,523.173911821,156.042260063,Other,random,C7H8O4,156.042260000,RC2_0046_ICR-3_p08
429.082647960,585.124908023,156.042260063,Other,random,C7H8O4,156.042260000,RC2_0046_ICR-3_p08
363.144849671,519.187110733,156.042261063,Other,random,C7H8O4,156.042260000,RC2_0046_ICR-3_p08
321.025120344,477.067382407,156.042262063,Other,random,C7H8O4,156.042260000,RC2_0046_ICR-3_p08
351.121387675,507.163649737,156.042262063,Other,random,C7H8O4,156.042260000,RC2_0046_ICR-3_p08
405.155339461,561.197601523,156.042262063,Other,random,C7H8O4,156.042260000,RC2_0046_ICR-3_p08
387.102684041,543.144947103,156.042263063,Other,random,C7H8O4,156.042260000,RC2_0046_ICR-3_p08
395.207334661,551.249597723,156.042263063,Other,random,C7H8O4,156.042260000,RC2_0046_ICR-3_p08
623.234623360,779.276887422,156.042264063,Other,random,C7H8O4,156.042260000,RC2_0046_ICR-3_p08
411.085032307,567.127297369,156.042265063,Other,random,C7H8O4,156.042260000,RC2_0046_ICR-3_p08
581.114773034,737.157038096,156.042265063,Other,random,C7H8O4,156.042260000,RC2_0046_ICR-3_p08
347.077150831,503.119415893,156.042265063,Other,random,C7H8O4,156.042260000,RC2_0046_ICR-3_p08
587.140698472,743.182963534,156.042265063,Other,random,C7H8O4,156.042260000,RC2_0046_ICR-3_p08
321.147343826,477.189608888,156.042265063,Other,random,C7H8O4,156.042260000,RC2_0046_ICR-3_p08
421.163240555,577.205505617,156.042265063,Other,random,C7H8O4,156.042260000,RC2_0046_ICR-3_p08
323.126518430,479.168784493,156.042266063,Other,random,C7H8O4,156.042260000,RC2_0046_ICR-3_p08
399.129537022,555.171803085,156.042266063,Other,random,C7H8O4,156.042260000,RC2_0046_ICR-3_p08
433.236171341,589.278437403,156.042266063,Other,random,C7H8O4,156.042260000,RC2_0046_ICR-3_p08
387.275062310,543.317328372,156.042266063,Other,random,C7H8O4,156.042260000,RC2_0046_ICR-3_p08
313.092737994,469.135005056,156.042267063,Other,random,C7H8O4,156.042260000,RC2_0046_ICR-3_p08
315.108418443,471.150686506,156.042268063,Other,random,C7H8O4,156.042260000,RC2_0046_ICR-3_p08
575.104174531,731.146442594,156.042268063,Other,random,C7H8O4,156.042260000,RC2_0046_ICR-3_p08
361.129067222,517.171336284,156.042269063,Other,random,C7H8O4,156.042260000,RC2_0046_ICR-3_p08
347.040703985,504.078205826,157.037501841,Other,random,C6H7N1O4,157.037509000,RC2_0046_ICR-3_p08
288.998929201,446.036432041,157.037502841,Other,random,C6H7N1O4,157.037509000,RC2_0046_ICR-3_p08
333.097906131,490.135411972,157.037505841,Other,random,C6H7N1O4,157.037509000,RC2_0046_ICR-3_p08
369.110970362,526.148476203,157.037505841,Other,random,C6H7N1O4,157.037509000,RC2_0046_ICR-3_p08
225.004161669,382.041669510,157.037507841,Other,random,C6H7N1O4,157.037509000,RC2_0046_ICR-3_p08
291.087403341,448.124912182,157.037508841,Other,random,C6H7N1O4,157.037509000,RC2_0046_ICR-3_p08
315.087331533,472.124848373,157.037516841,Other,random,C6H7N1O4,157.037509000,RC2_0046_ICR-3_p08
323.126518430,480.164035271,157.037516841,Other,random,C6H7N1O4,157.037509000,RC2_0046_ICR-3_p08
317.079713081,474.117230922,157.037517841,Other,random,C6H7N1O4,157.037509000,RC2_0046_ICR-3_p08
419.098056315,576.135575156,157.037518841,Other,random,C6H7N1O4,157.037509000,RC2_0046_ICR-3_p08
301.056416052,458.109174828,157.052758776,Other,random,C10H7N1O1,157.052764000,RC2_0046_ICR-3_p08
373.041077691,530.093839467,157.052761776,Other,random,C10H7N1O1,157.052764000,RC2_0046_ICR-3_p08
315.072085597,472.124848373,157.052762776,Other,random,C10H7N1O1,157.052764000,RC2_0046_ICR-3_p08
333.082649196,490.135411972,157.052762776,Other,random,C10H7N1O1,157.052764000,RC2_0046_ICR-3_p08
311.004275853,468.057042629,157.052766776,Other,random,C10H7N1O1,157.052764000,RC2_0046_ICR-3_p08
277.071757796,434.145643483,157.073885686,Other,random,C7H11O3N1,157.073894000,RC2_0046_ICR-3_p08
293.030243100,450.104132786,157.073889686,Other,random,C7H11O3N1,157.073894000,RC2_0046_ICR-3_p08
389.051174775,546.125065462,157.073890686,Other,random,C7H11O3N1,157.073894000,RC2_0046_ICR-3_p08
275.056198346,432.130094033,157.073895686,Other,random,C7H11O3N1,157.073894000,RC2_0046_ICR-3_p08
261.076864647,418.150760334,157.073895686,Other,random,C7H11O3N1,157.073894000,RC2_0046_ICR-3_p08
341.137114029,498.211010715,157.073896686,Other,random,C7H11O3N1,157.073894000,RC2_0046_ICR-3_p08
367.030570187,524.104473874,157.073903686,Other,random,C7H11O3N1,157.073894000,RC2_0046_ICR-3_p08
349.056393435,506.130297121,157.073903686,Other,random,C7H11O3N1,157.073894000,RC2_0046_ICR-3_p08
355.080058882,512.190329414,157.110270532,Other,random,C8H15N1O2,157.110279000,RC2_0046_ICR-3_p08
323.004408948,480.114690480,157.110281532,Other,random,C8H15N1O2,157.110279000,RC2_0046_ICR-3_p08
317.066569137,474.176851669,157.110282532,Other,random,C8H15N1O2,157.110279000,RC2_0046_ICR-3_p08
315.014563841,472.124848373,157.110284532,Other,random,C8H15N1O2,157.110279000,RC2_0046_ICR-3_p08
345.183700863,503.205216529,158.021515667,Other,random,C6H6O5,158.021525000,RC2_0046_ICR-3_p08
441.103666966,599.125182633,158.021515667,Other,random,C6H6O5,158.021525000,RC2_0046_ICR-3_p08
405.118864615,563.140381282,158.021516667,Other,random,C6H6O5,158.021525000,RC2_0046_ICR-3_p08
355.030544092,513.052060759,158.021516667,Other,random,C6H6O5,158.021525000,RC2_0046_ICR-3_p08
369.191615020,527.213131687,158.021516667,Other,random,C6H6O5,158.021525000,RC2_0046_ICR-3_p08
361.056363530,519.077881197,158.021517666,Other,random,C6H6O5,158.021525000,RC2_0046_ICR-3_p08
359.098219837,517.119737503,158.021517666,Other,random,C6H6O5,158.021525000,RC2_0046_ICR-3_p08
363.230550307,521.252067974,158.021517666,Other,random,C6H6O5,158.021525000,RC2_0046_ICR-3_p08
371.040630177,529.062147843,158.021517666,Other,random,C6H6O5,158.021525000,RC2_0046_ICR-3_p08
383.061812182,541.083330849,158.021518666,Other,random,C6H6O5,158.021525000,RC2_0046_ICR-3_p08
303.087286437,461.108806104,158.021519666,Other,random,C6H6O5,158.021525000,RC2_0046_ICR-3_p08
313.165520685,471.187040352,158.021519666,Other,random,C6H6O5,158.021525000,RC2_0046_ICR-3_p08
325.092731089,483.114250756,158.021519666,Other,random,C6H6O5,158.021525000,RC2_0046_ICR-3_p08
369.228090865,527.249610532,158.021519666,Other,random,C6H6O5,158.021525000,RC2_0046_ICR-3_p08
315.050887687,473.072409354,158.021521666,Other,random,C6H6O5,158.021525000,RC2_0046_ICR-3_p08
353.116068213,511.137589880,158.021521666,Other,random,C6H6O5,158.021525000,RC2_0046_ICR-3_p08
353.209782816,511.231304482,158.021521666,Other,random,C6H6O5,158.021525000,RC2_0046_ICR-3_p08
347.162921467,505.184444133,158.021522666,Other,random,C6H6O5,158.021525000,RC2_0046_ICR-3_p08
364.067393757,522.088917424,158.021523666,Other,random,C6H6O5,158.021525000,RC2_0046_ICR-3_p08
379.225538456,537.247062122,158.021523666,Other,random,C6H6O5,158.021525000,RC2_0046_ICR-3_p08
619.203383460,777.224907127,158.021523666,Other,random,C6H6O5,158.021525000,RC2_0046_ICR-3_p08
290.030504825,448.052028491,158.021523666,Other,random,C6H6O5,158.021525000,RC2_0046_ICR-3_p08
313.108006929,471.129530596,158.021523666,Other,random,C6H6O5,158.021525000,RC2_0046_ICR-3_p08
308.041080423,466.062605090,158.021524666,Other,random,C6H6O5,158.021525000,RC2_0046_ICR-3_p08
339.072033789,497.093558455,158.021524666,Other,random,C6H6O5,158.021525000,RC2_0046_ICR-3_p08
471.114181661,629.135706327,158.021524666,Other,random,C6H6O5,158.021525000,RC2_0046_ICR-3_p08
323.113488485,481.135014152,158.021525666,Other,random,C6H6O5,158.021525000,RC2_0046_ICR-3_p08
343.076587801,501.098113468,158.021525666,Other,random,C6H6O5,158.021525000,RC2_0046_ICR-3_p08
593.187617820,751.209144487,158.021526666,Other,random,C6H6O5,158.021525000,RC2_0046_ICR-3_p08
323.077059640,481.098586306,158.021526666,Other,random,C6H6O5,158.021525000,RC2_0046_ICR-3_p08
290.066889670,448.088417337,158.021527666,Other,random,C6H6O5,158.021525000,RC2_0046_ICR-3_p08
341.116034118,499.137561784,158.021527666,Other,random,C6H6O5,158.021525000,RC2_0046_ICR-3_p08
535.109213191,693.130741858,158.021528666,Other,random,C6H6O5,158.021525000,RC2_0046_ICR-3_p08
353.160351025,511.181879692,158.021528666,Other,random,C6H6O5,158.021525000,RC2_0046_ICR-3_p08
347.077150831,505.098679497,158.021528666,Other,random,C6H6O5,158.021525000,RC2_0046_ICR-3_p08
407.098242219,565.119770885,158.021528666,Other,random,C6H6O5,158.021525000,RC2_0046_ICR-3_p08
437.217895450,595.239425116,158.021529666,Other,random,C6H6O5,158.021525000,RC2_0046_ICR-3_p08
345.061361382,503.082891048,158.021529666,Other,random,C6H6O5,158.021525000,RC2_0046_ICR-3_p08
417.009905173,575.031434840,158.021529666,Other,random,C6H6O5,158.021525000,RC2_0046_ICR-3_p08
323.162931276,481.184460942,158.021529666,Other,random,C6H6O5,158.021525000,RC2_0046_ICR-3_p08
372.072309800,530.093839467,158.021529666,Other,random,C6H6O5,158.021525000,RC2_0046_ICR-3_p08
271.110492084,429.132022751,158.021530666,Other,random,C6H6O5,158.021525000,RC2_0046_ICR-3_p08
393.191721211,551.213251877,158.021530666,Other,random,C6H6O5,158.021525000,RC2_0046_ICR-3_p08
325.129161935,483.150693601,158.021531666,Other,random,C6H6O5,158.021525000,RC2_0046_ICR-3_p08
373.129183317,531.150714983,158.021531666,Other,random,C6H6O5,158.021525000,RC2_0046_ICR-3_p08
453.249176445,611.270708111,158.021531666,Other,random,C6H6O5,158.021525000,RC2_0046_ICR-3_p08
387.129488927,545.151020593,158.021531666,Other,random,C6H6O5,158.021525000,RC2_0046_ICR-3_p08
361.165578067,519.187110733,158.021532666,Other,random,C6H6O5,158.021525000,RC2_0046_ICR-3_p08
321.134232882,479.155765548,158.021532666,Other,random,C6H6O5,158.021525000,RC2_0046_ICR-3_p08
385.019858876,543.041391543,158.021532666,Other,random,C6H6O5,158.021525000,RC2_0046_ICR-3_p08
365.064324528,523.085859195,158.021534666,Other,random,C6H6O5,158.021525000,RC2_0046_ICR-3_p08
341.043253427,499.064788093,158.021534666,Other,random,C6H6O5,158.021525000,RC2_0046_ICR-3_p08
365.152377155,523.173911821,158.021534666,Other,random,C6H6O5,158.021525000,RC2_0046_ICR-3_p08
345.082645291,503.119415893,158.036770602,Other,random,C10H6O2,158.036780000,RC2_0046_ICR-3_p08
325.092731089,483.129501691,158.036770602,Other,random,C10H6O2,158.036780000,RC2_0046_ICR-3_p08
327.048534793,485.085307395,158.036772602,Other,random,C10H6O2,158.036780000,RC2_0046_ICR-3_p08
353.014920642,511.051695244,158.036774602,Other,random,C10H6O2,158.036780000,RC2_0046_ICR-3_p08
365.137137219,523.173911821,158.036774602,Other,random,C10H6O2,158.036780000,RC2_0046_ICR-3_p08
461.158034895,619.194809497,158.036774602,Other,random,C10H6O2,158.036780000,RC2_0046_ICR-3_p08
242.067057288,400.103832889,158.036775602,Other,random,C10H6O2,158.036780000,RC2_0046_ICR-3_p08
355.134114653,513.170891254,158.036776602,Other,random,C10H6O2,158.036780000,RC2_0046_ICR-3_p08
357.082591387,515.119369989,158.036778602,Other,random,C10H6O2,158.036780000,RC2_0046_ICR-3_p08
313.069267093,471.106045695,158.036778602,Other,random,C10H6O2,158.036780000,RC2_0046_ICR-3_p08
311.126596334,469.163375936,158.036779602,Other,random,C10H6O2,158.036780000,RC2_0046_ICR-3_p08
345.046108446,503.082891048,158.036782602,Other,random,C10H6O2,158.036780000,RC2_0046_ICR-3_p08
371.134600778,529.171383380,158.036782602,Other,random,C10H6O2,158.036780000,RC2_0046_ICR-3_p08
341.160435930,499.197219531,158.036783602,Other,random,C10H6O2,158.036780000,RC2_0046_ICR-3_p08
329.051278297,487.088062899,158.036784602,Other,random,C10H6O2,158.036780000,RC2_0046_ICR-3_p08
543.171937989,701.208724591,158.036786602,Other,random,C10H6O2,158.036780000,RC2_0046_ICR-3_p08
455.155676357,613.192462959,158.036786602,Other,random,C10H6O2,158.036780000,RC2_0046_ICR-3_p08
417.140069621,575.176857223,158.036787602,Other,random,C10H6O2,158.036780000,RC2_0046_ICR-3_p08
407.220360701,565.257149302,158.036788602,Other,random,C10H6O2,158.036780000,RC2_0046_ICR-3_p08
401.181608317,559.218397919,158.036789602,Other,random,C10H6O2,158.036780000,RC2_0046_ICR-3_p08
315.123710378,473.181610891,158.057900512,Other,random,C7H10O4,158.057910000,RC2_0046_ICR-3_p08
409.142298548,567.200199060,158.057900512,Other,random,C7H10O4,158.057910000,RC2_0046_ICR-3_p08
417.118955711,575.176857223,158.057901512,Other,random,C7H10O4,158.057910000,RC2_0046_ICR-3_p08
457.077532205,615.135433717,158.057901512,Other,random,C7H10O4,158.057910000,RC2_0046_ICR-3_p08
382.041669510,540.099572022,158.057902512,Other,random,C7H10O4,158.057910000,RC2_0046_ICR-3_p08
623.234623360,781.292525872,158.057902512,Other,random,C7H10O4,158.057910000,RC2_0046_ICR-3_p08
405.082477770,563.140381282,158.057903512,Other,random,C7H10O4,158.057910000,RC2_0046_ICR-3_p08
437.173515638,595.231419150,158.057903512,Other,random,C7H10O4,158.057910000,RC2_0046_ICR-3_p08
451.152806338,609.210710850,158.057904512,Other,random,C7H10O4,158.057910000,RC2_0046_ICR-3_p08
307.009491799,465.067396311,158.057904512,Other,random,C7H10O4,158.057910000,RC2_0046_ICR-3_p08
327.087299628,485.145205141,158.057905512,Other,random,C7H10O4,158.057910000,RC2_0046_ICR-3_p08
347.272090004,505.329995516,158.057905512,Other,random,C7H10O4,158.057910000,RC2_0046_ICR-3_p08
423.157945093,581.215850605,158.057905512,Other,random,C7H10O4,158.057910000,RC2_0046_ICR-3_p08
255.232918437,413.290823950,158.057905512,Other,random,C7H10O4,158.057910000,RC2_0046_ICR-3_p08
351.144815575,509.202722088,158.057906512,Other,random,C7H10O4,158.057910000,RC2_0046_ICR-3_p08
441.046034211,599.103940723,158.057906512,Other,random,C7H10O4,158.057910000,RC2_0046_ICR-3_p08
359.126588716,517.184496229,158.057907512,Other,random,C7H10O4,158.057910000,RC2_0046_ICR-3_p08
391.066942224,549.124849736,158.057907512,Other,random,C7H10O4,158.057910000,RC2_0046_ICR-3_p08
381.046223732,539.104131245,158.057907512,Other,random,C7H10O4,158.057910000,RC2_0046_ICR-3_p08
455.098344600,613.156252113,158.057907512,Other,random,C7H10O4,158.057910000,RC2_0046_ICR-3_p08
459.251686982,617.309595494,158.057908512,Other,random,C7H10O4,158.057910000,RC2_0046_ICR-3_p08
288.051259221,446.109167733,158.057908512,Other,random,C7H10O4,158.057910000,RC2_0046_ICR-3_p08
333.074532230,491.132440742,158.057908512,Other,random,C7H10O4,158.057910000,RC2_0046_ICR-3_p08
317.066569137,475.124479649,158.057910512,Other,random,C7H10O4,158.057910000,RC2_0046_ICR-3_p08
343.212510225,501.270420737,158.057910512,Other,random,C7H10O4,158.057910000,RC2_0046_ICR-3_p08
345.134268072,503.192178585,158.057910512,Other,random,C7H10O4,158.057910000,RC2_0046_ICR-3_p08
375.108332921,533.166243433,158.057910512,Other,random,C7H10O4,158.057910000,RC2_0046_ICR-3_p08
579.099126584,737.157038096,158.057911512,Other,random,C7H10O4,158.057910000,RC2_0046_ICR-3_p08
329.233280525,487.291192037,158.057911512,Other,random,C7H10O4,158.057910000,RC2_0046_ICR-3_p08
335.040815889,493.098727401,158.057911512,Other,random,C7H10O4,158.057910000,RC2_0046_ICR-3_p08
367.030570187,525.088482700,158.057912512,Other,random,C7H10O4,158.057910000,RC2_0046_ICR-3_p08
447.020355868,605.078268380,158.057912512,Other,random,C7H10O4,158.057910000,RC2_0046_ICR-3_p08
473.194713835,631.252626347,158.057912512,Other,random,C7H10O4,158.057910000,RC2_0046_ICR-3_p08
290.030504825,448.088417337,158.057912512,Other,random,C7H10O4,158.057910000,RC2_0046_ICR-3_p08
335.199384217,493.257296729,158.057912512,Other,random,C7H10O4,158.057910000,RC2_0046_ICR-3_p08
341.079649272,499.137561784,158.057912512,Other,random,C7H10O4,158.057910000,RC2_0046_ICR-3_p08
493.135048247,651.192960759,158.057912512,Other,random,C7H10O4,158.057910000,RC2_0046_ICR-3_p08
309.097848940,467.155762452,158.057913512,Other,random,C7H10O4,158.057910000,RC2_0046_ICR-3_p08
451.015338921,609.073252433,158.057913512,Other,random,C7H10O4,158.057910000,RC2_0046_ICR-3_p08
441.067268121,599.125182633,158.057914512,Other,random,C7H10O4,158.057910000,RC2_0046_ICR-3_p08
365.209922911,523.267838423,158.057915512,Other,random,C7H10O4,158.057910000,RC2_0046_ICR-3_p08
331.009427991,489.067343503,158.057915512,Other,random,C7H10O4,158.057910000,RC2_0046_ICR-3_p08
319.118653432,477.176568944,158.057915512,Other,random,C7H10O4,158.057910000,RC2_0046_ICR-3_p08
311.077088544,469.135005056,158.057916512,Other,random,C7H10O4,158.057910000,RC2_0046_ICR-3_p08
411.129493118,569.187409630,158.057916512,Other,random,C7H10O4,158.057910000,RC2_0046_ICR-3_p08
331.131668472,489.189585984,158.057917512,Other,random,C7H10O4,158.057910000,RC2_0046_ICR-3_p08
387.139235886,545.197153398,158.057917512,Other,random,C7H10O4,158.057910000,RC2_0046_ICR-3_p08
303.160082129,461.218001641,158.057919512,Other,random,C7H10O4,158.057910000,RC2_0046_ICR-3_p08
341.160435930,499.218355442,158.057919512,Other,random,C7H10O4,158.057910000,RC2_0046_ICR-3_p08
319.131689376,477.189608888,158.057919512,Other,random,C7H10O4,158.057910000,RC2_0046_ICR-3_p08
359.144237642,517.202157154,158.057919512,Other,random,C7H10O4,158.057910000,RC2_0046_ICR-3_p08
343.076587801,501.160981201,158.084393400,Other,random,C10H10N2,158.084398000,RC2_0046_ICR-3_p08
586.177850556,745.126496290,158.948645734,Other,random,H3N1O5P2,158.948650000,RC2_0046_ICR-3_p08
323.126518430,482.179671720,159.053153290,Other,random,C6H9N1O4,159.053159000,RC2_0046_ICR-3_p08
401.014832025,560.067991315,159.053159290,Other,random,C6H9N1O4,159.053159000,RC2_0046_ICR-3_p08
327.072039693,487.109204809,160.037165116,Other,random,C6H8O5,160.037175000,RC2_0046_ICR-3_p08
311.149873236,471.187040352,160.037167116,Other,random,C6H8O5,160.037175000,RC2_0046_ICR-3_p08
375.072046075,535.109213191,160.037167116,Other,random,C6H8O5,160.037175000,RC2_0046_ICR-3_p08
276.051284125,436.088453241,160.037169116,Other,random,C6H8O5,160.037175000,RC2_0046_ICR-3_p08
441.168307692,601.205476808,160.037169116,Other,random,C6H8O5,160.037175000,RC2_0046_ICR-3_p08
325.020032398,485.057204514,160.037172116,Other,random,C6H8O5,160.037175000,RC2_0046_ICR-3_p08
339.181183326,499.218355442,160.037172116,Other,random,C6H8O5,160.037175000,RC2_0046_ICR-3_p08
373.142194262,533.179366378,160.037172116,Other,random,C6H8O5,160.037175000,RC2_0046_ICR-3_p08
409.150237514,569.187409630,160.037172116,Other,random,C6H8O5,160.037175000,RC2_0046_ICR-3_p08
315.050887687,475.088059803,160.037172116,Other,random,C6H8O5,160.037175000,RC2_0046_ICR-3_p08
373.159911187,533.197084303,160.037173116,Other,random,C6H8O5,160.037175000,RC2_0046_ICR-3_p08
285.126140629,445.163313745,160.037173116,Other,random,C6H8O5,160.037175000,RC2_0046_ICR-3_p08
335.077103735,495.114276851,160.037173116,Other,random,C6H8O5,160.037175000,RC2_0046_ICR-3_p08
527.119329085,687.156503201,160.037174116,Other,random,C6H8O5,160.037175000,RC2_0046_ICR-3_p08
393.046244828,553.083418944,160.037174116,Other,random,C6H8O5,160.037175000,RC2_0046_ICR-3_p08
471.129530596,631.166705712,160.037175116,Other,random,C6H8O5,160.037175000,RC2_0046_ICR-3_p08
361.056363530,521.093539646,160.037176116,Other,random,C6H8O5,160.037175000,RC2_0046_ICR-3_p08
445.077470109,605.114646225,160.037176116,Other,random,C6H8O5,160.037175000,RC2_0046_ICR-3_p08
353.051312488,513.088488604,160.037176116,Other,random,C6H8O5,160.037175000,RC2_0046_ICR-3_p08
589.156379921,749.193556037,160.037176116,Other,random,C6H8O5,160.037175000,RC2_0046_ICR-3_p08
349.105758225,509.142935341,160.037177116,Other,random,C6H8O5,160.037175000,RC2_0046_ICR-3_p08
373.178584107,533.215762223,160.037178116,Other,random,C6H8O5,160.037175000,RC2_0046_ICR-3_p08
365.014899738,525.052077854,160.037178116,Other,random,C6H8O5,160.037175000,RC2_0046_ICR-3_p08
377.209883006,537.247062122,160.037179116,Other,random,C6H8O5,160.037175000,RC2_0046_ICR-3_p08
406.077836547,566.115015663,160.037179116,Other,random,C6H8O5,160.037175000,RC2_0046_ICR-3_p08
327.108359539,487.145539655,160.037180116,Other,random,C6H8O5,160.037175000,RC2_0046_ICR-3_p08
315.063982632,475.101163748,160.037181116,Other,random,C6H8O5,160.037175000,RC2_0046_ICR-3_p08
332.077541460,492.114722576,160.037181116,Other,random,C6H8O5,160.037175000,RC2_0046_ICR-3_p08
403.066851320,563.104032436,160.037181116,Other,random,C6H8O5,160.037175000,RC2_0046_ICR-3_p08
343.066959842,503.104141958,160.037182116,Other,random,C6H8O5,160.037175000,RC2_0046_ICR-3_p08
389.087667620,549.124849736,160.037182116,Other,random,C6H8O5,160.037175000,RC2_0046_ICR-3_p08
379.131647854,539.168829970,160.037182116,Other,random,C6H8O5,160.037175000,RC2_0046_ICR-3_p08
411.157946997,571.195130113,160.037183116,Other,random,C6H8O5,160.037175000,RC2_0046_ICR-3_p08
329.051278297,489.088461413,160.037183116,Other,random,C6H8O5,160.037175000,RC2_0046_ICR-3_p08
419.111114260,579.148297376,160.037183116,Other,random,C6H8O5,160.037175000,RC2_0046_ICR-3_p08
349.142139071,509.179322187,160.037183116,Other,random,C6H8O5,160.037175000,RC2_0046_ICR-3_p08
419.025402623,579.062585739,160.037183116,Other,random,C6H8O5,160.037175000,RC2_0046_ICR-3_p08
367.139612725,527.176796841,160.037184116,Other,random,C6H8O5,160.037175000,RC2_0046_ICR-3_p08
379.188979611,539.226163727,160.037184116,Other,random,C6H8O5,160.037175000,RC2_0046_ICR-3_p08
541.098742783,701.172293745,160.073550962,Other,random,C7H12O4,160.073560000,RC2_0046_ICR-3_p08
561.052241140,721.125792102,160.073550962,Other,random,C7H12O4,160.073560000,RC2_0046_ICR-3_p08
307.118609336,467.192161298,160.073551962,Other,random,C7H12O4,160.073560000,RC2_0046_ICR-3_p08
357.147287113,517.220839074,160.073551962,Other,random,C7H12O4,160.073560000,RC2_0046_ICR-3_p08
369.025093727,529.098645688,160.073551962,Other,random,C7H12O4,160.073560000,RC2_0046_ICR-3_p08
333.183743767,493.257296729,160.073552962,Other,random,C7H12O4,160.073560000,RC2_0046_ICR-3_p08
331.058887781,491.132440742,160.073552962,Other,random,C7H12O4,160.073560000,RC2_0046_ICR-3_p08
359.040742081,519.114295042,160.073552962,Other,random,C7H12O4,160.073560000,RC2_0046_ICR-3_p08
409.041108977,569.114661939,160.073552962,Other,random,C7H12O4,160.073560000,RC2_0046_ICR-3_p08
313.092737994,473.166290956,160.073552962,Other,random,C7H12O4,160.073560000,RC2_0046_ICR-3_p08
341.051209393,501.124762355,160.073552962,Other,random,C7H12O4,160.073560000,RC2_0046_ICR-3_p08
389.087667620,549.161221582,160.073553962,Other,random,C7H12O4,160.073560000,RC2_0046_ICR-3_p08
315.181166135,475.254720096,160.073553962,Other,random,C7H12O4,160.073560000,RC2_0046_ICR-3_p08
459.178979290,619.252534252,160.073554962,Other,random,C7H12O4,160.073560000,RC2_0046_ICR-3_p08
437.173515638,597.247071600,160.073555962,Other,random,C7H12O4,160.073560000,RC2_0046_ICR-3_p08
352.116773452,512.190329414,160.073555962,Other,random,C7H12O4,160.073560000,RC2_0046_ICR-3_p08
491.119404798,651.192960759,160.073555962,Other,random,C7H12O4,160.073560000,RC2_0046_ICR-3_p08
345.025123535,505.098679497,160.073555962,Other,random,C7H12O4,160.073560000,RC2_0046_ICR-3_p08
415.152816051,575.226373013,160.073556962,Other,random,C7H12O4,160.073560000,RC2_0046_ICR-3_p08
371.053802121,531.127359082,160.073556962,Other,random,C7H12O4,160.073560000,RC2_0046_ICR-3_p08
299.222743831,459.296301793,160.073557962,Other,random,C7H12O4,160.073560000,RC2_0046_ICR-3_p08
475.210181285,635.283739247,160.073557962,Other,random,C7H12O4,160.073560000,RC2_0046_ICR-3_p08
427.116393301,587.189952263,160.073558962,Other,random,C7H12O4,160.073560000,RC2_0046_ICR-3_p08
379.095271009,539.168829970,160.073558962,Other,random,C7H12O4,160.073560000,RC2_0046_ICR-3_p08
313.084682028,473.158241990,160.073559962,Other,random,C7H12O4,160.073560000,RC2_0046_ICR-3_p08
431.147726200,591.221286162,160.073559962,Other,random,C7H12O4,160.073560000,RC2_0046_ICR-3_p08
365.152377155,525.225938116,160.073560962,Other,random,C7H12O4,160.073560000,RC2_0046_ICR-3_p08
347.040703985,507.114264947,160.073560962,Other,random,C7H12O4,160.073560000,RC2_0046_ICR-3_p08
347.126509621,507.200071583,160.073561962,Other,random,C7H12O4,160.073560000,RC2_0046_ICR-3_p08
351.181154421,511.254716383,160.073561962,Other,random,C7H12O4,160.073560000,RC2_0046_ICR-3_p08
535.182122882,695.255684844,160.073561962,Other,random,C7H12O4,160.073560000,RC2_0046_ICR-3_p08
333.074532230,493.148094192,160.073561962,Other,random,C7H12O4,160.073560000,RC2_0046_ICR-3_p08
349.214908762,509.288471724,160.073562962,Other,random,C7H12O4,160.073560000,RC2_0046_ICR-3_p08
344.077510555,504.151074517,160.073563962,Other,random,C7H12O4,160.073560000,RC2_0046_ICR-3_p08
359.113546772,519.187110733,160.073563962,Other,random,C7H12O4,160.073560000,RC2_0046_ICR-3_p08
327.144810384,487.218374346,160.073563962,Other,random,C7H12O4,160.073560000,RC2_0046_ICR-3_p08
349.105758225,509.179322187,160.073563962,Other,random,C7H12O4,160.073560000,RC2_0046_ICR-3_p08
451.233505995,611.307069957,160.073563962,Other,random,C7H12O4,160.073560000,RC2_0046_ICR-3_p08
421.142285643,581.215850605,160.073564962,Other,random,C7H12O4,160.073560000,RC2_0046_ICR-3_p08
339.108406634,499.181971596,160.073564962,Other,random,C7H12O4,160.073560000,RC2_0046_ICR-3_p08
343.058954876,503.132519838,160.073564962,Other,random,C7H12O4,160.073560000,RC2_0046_ICR-3_p08
409.077438823,569.151004785,160.073565962,Other,random,C7H12O4,160.073560000,RC2_0046_ICR-3_p08
513.103828539,673.177394501,160.073565962,Other,random,C7H12O4,160.073560000,RC2_0046_ICR-3_p08
373.142194262,533.215762223,160.073567962,Other,random,C7H12O4,160.073560000,RC2_0046_ICR-3_p08
301.144433679,461.218001641,160.073567962,Other,random,C7H12O4,160.073560000,RC2_0046_ICR-3_p08
353.014920642,513.088488604,160.073567962,Other,random,C7H12O4,160.073560000,RC2_0046_ICR-3_p08
353.196874871,513.270442832,160.073567962,Other,random,C7H12O4,160.073560000,RC2_0046_ICR-3_p08
357.155348079,517.228916040,160.073567962,Other,random,C7H12O4,160.073560000,RC2_0046_ICR-3_p08
365.196847966,525.270416928,160.073568962,Other,random,C7H12O4,160.073560000,RC2_0046_ICR-3_p08
371.199368503,531.272938465,160.073569962,Other,random,C7H12O4,160.073560000,RC2_0046_ICR-3_p08
347.107888700,507.216491513,160.108602813,Other,random,N3O2C6H14,160.108602000,RC2_0046_ICR-3_p08
327.085161637,487.246737226,160.161575588,Other,random,C13H20O_1,160.161585000,RC2_0046_ICR-3_p08
471.041607969,631.203185557,160.161577588,Other,random,C13H20O_1,160.161585000,RC2_0046_ICR-3_p08
317.051321201,477.212899790,160.161578588,Other,random,C13H20O_1,160.161585000,RC2_0046_ICR-3_p08
311.090239489,471.251820077,160.161580588,Other,random,C13H20O_1,160.161585000,RC2_0046_ICR-3_p08
301.056416052,461.218001641,160.161585588,Other,random,C13H20O_1,160.161585000,RC2_0046_ICR-3_p08
611.125479727,771.287066315,160.161586588,Other,random,C13H20O_1,160.161585000,RC2_0046_ICR-3_p08
433.090388959,593.251981547,160.161592588,Other,random,C13H20O_1,160.161585000,RC2_0046_ICR-3_p08
299.090093394,459.251686982,160.161593588,Other,random,C13H20O_1,160.161585000,RC2_0046_ICR-3_p08
385.180736194,546.097416579,160.916680385,Other,random,H1O7P2N_1,160.916682000,RC2_0046_ICR-3_p08
410.181972137,571.122459422,160.940487284,Other,random,diphosphate,160.940489800,RC2_0046_ICR-3_p08
410.181972137,571.122459422,160.940487284,Other,random,diphosphate_H3O6P2,160.940491000,RC2_0046_ICR-3_p08
300.998940296,462.067744036,161.068803740,Other,random,C6H11N1O4,161.068809000,RC2_0046_ICR-3_p08
347.040703985,508.109518725,161.068814740,Other,random,C6H11N1O4,161.068809000,RC2_0046_ICR-3_p08
443.098228505,604.167047245,161.068818740,Other,random,C6H11N1O4,161.068809000,RC2_0046_ICR-3_p08
355.152809573,517.184496229,162.031686655,Other,random,C9H6O3,162.031695000,RC2_0046_ICR-3_p08
457.062282269,619.093968925,162.031686655,Other,random,C9H6O3,162.031695000,RC2_0046_ICR-3_p08
335.113467581,497.145155236,162.031687655,Other,random,C9H6O3,162.031695000,RC2_0046_ICR-3_p08
421.090579863,583.122268518,162.031688655,Other,random,C9H6O3,162.031695000,RC2_0046_ICR-3_p08
445.207696557,607.239385212,162.031688655,Other,random,C9H6O3,162.031695000,RC2_0046_ICR-3_p08
343.103348688,505.135038343,162.031689655,Other,random,C9H6O3,162.031695000,RC2_0046_ICR-3_p08
313.201958531,475.233650186,162.031691655,Other,random,C9H6O3,162.031695000,RC2_0046_ICR-3_p08
503.104141958,665.135833613,162.031691655,Other,random,C9H6O3,162.031695000,RC2_0046_ICR-3_p08
337.069369284,499.101061939,162.031692655,Other,random,C9H6O3,162.031695000,RC2_0046_ICR-3_p08
397.041121882,559.072814537,162.031692655,Other,random,C9H6O3,162.031695000,RC2_0046_ICR-3_p08
365.087635429,527.119329085,162.031693655,Other,random,C9H6O3,162.031695000,RC2_0046_ICR-3_p08
337.142265975,499.173960630,162.031694655,Other,random,C9H6O3,162.031695000,RC2_0046_ICR-3_p08
349.019999589,511.051695244,162.031695655,Other,random,C9H6O3,162.031695000,RC2_0046_ICR-3_p08
238.072137234,400.103832889,162.031695655,Other,random,C9H6O3,162.031695000,RC2_0046_ICR-3_p08
347.134614587,509.166310242,162.031695655,Other,random,C9H6O3,162.031695000,RC2_0046_ICR-3_p08
603.266026067,765.297722722,162.031696655,Other,random,C9H6O3,162.031695000,RC2_0046_ICR-3_p08
385.077519632,547.109216287,162.031696655,Other,random,C9H6O3,162.031695000,RC2_0046_ICR-3_p08
325.056365244,487.088062899,162.031697655,Other,random,C9H6O3,162.031695000,RC2_0046_ICR-3_p08
345.191780828,507.223480484,162.031699655,Other,random,C9H6O3,162.031695000,RC2_0046_ICR-3_p08
333.046238350,495.077938005,162.031699655,Other,random,C9H6O3,162.031695000,RC2_0046_ICR-3_p08
343.030503997,505.062203652,162.031699655,Other,random,C9H6O3,162.031695000,RC2_0046_ICR-3_p08
310.093147718,472.124848373,162.031700655,Other,random,C9H6O3,162.031695000,RC2_0046_ICR-3_p08
469.135005056,631.166705712,162.031700655,Other,random,C9H6O3,162.031695000,RC2_0046_ICR-3_p08
337.159927900,499.191629555,162.031701655,Other,random,C9H6O3,162.031695000,RC2_0046_ICR-3_p08
341.173514874,503.205216529,162.031701655,Other,random,C9H6O3,162.031695000,RC2_0046_ICR-3_p08
535.218427728,697.250129383,162.031701655,Other,random,C9H6O3,162.031695000,RC2_0046_ICR-3_p08
377.137127315,539.168829970,162.031702655,Other,random,C9H6O3,162.031695000,RC2_0046_ICR-3_p08
357.082591387,519.114295042,162.031703655,Other,random,C9H6O3,162.031695000,RC2_0046_ICR-3_p08
311.053712643,473.085417299,162.031704655,Other,random,C9H6O3,162.031695000,RC2_0046_ICR-3_p08
317.097322006,479.132386647,162.035064641,Other,random,C6H10O3S1,162.035067000,RC2_0046_ICR-3_p08
371.144298737,533.179366378,162.035067641,Other,random,C6H10O3S1,162.035067000,RC2_0046_ICR-3_p08
339.144720480,501.197535046,162.052814566,Other,random,C6H10O5,162.052823600,RC2_0046_ICR-3_p08
373.056398626,535.109213191,162.052814566,Other,random,C6H10O5,162.052823600,RC2_0046_ICR-3_p08
365.123981275,527.176796841,162.052815566,Other,random,C6H10O5,162.052823600,RC2_0046_ICR-3_p08
333.025122440,495.077938005,162.052815566,Other,random,C6H10O5,162.052823600,RC2_0046_ICR-3_p08
421.077501918,583.130317484,162.052815566,Other,random,C6H10O5,162.052823600,RC2_0046_ICR-3_p08
343.131627568,505.184444133,162.052816566,Other,random,C6H10O5,162.052823600,RC2_0046_ICR-3_p08
405.046226924,567.099043489,162.052816566,Other,random,C6H10O5,162.052823600,RC2_0046_ICR-3_p08
355.030544092,517.083361658,162.052817566,Other,random,C6H10O5,162.052823600,RC2_0046_ICR-3_p08
309.183695576,471.236513142,162.052817566,Other,random,C6H10O5,162.052823600,RC2_0046_ICR-3_p08
361.157546101,523.210363667,162.052817566,Other,random,C6H10O5,162.052823600,RC2_0046_ICR-3_p08
461.231076585,623.283894151,162.052817566,Other,random,C6H10O5,162.052823600,RC2_0046_ICR-3_p08
315.014563841,477.067382407,162.052818566,Other,random,C6H10O5,162.052823600,RC2_0046_ICR-3_p08
443.025449814,605.078268380,162.052818566,Other,random,C6H10O5,162.052823600,RC2_0046_ICR-3_p08
379.066941129,541.119759694,162.052818566,Other,random,C6H10O5,162.052823600,RC2_0046_ICR-3_p08
417.204763347,579.257582912,162.052819566,Other,random,C6H10O5,162.052823600,RC2_0046_ICR-3_p08
347.235652158,509.288471724,162.052819566,Other,random,C6H10O5,162.052823600,RC2_0046_ICR-3_p08
349.201896817,511.254716383,162.052819566,Other,random,C6H10O5,162.052823600,RC2_0046_ICR-3_p08
403.152739956,565.205560521,162.052820566,Other,random,C6H10O5,162.052823600,RC2_0046_ICR-3_p08
309.134218786,471.187040352,162.052821566,Other,random,C6H10O5,162.052823600,RC2_0046_ICR-3_p08
347.149900522,509.202722088,162.052821566,Other,random,C6H10O5,162.052823600,RC2_0046_ICR-3_p08
351.035667038,513.088488604,162.052821566,Other,random,C6H10O5,162.052823600,RC2_0046_ICR-3_p08
333.061454286,495.114276851,162.052822566,Other,random,C6H10O5,162.052823600,RC2_0046_ICR-3_p08
389.160429312,551.213251877,162.052822566,Other,random,C6H10O5,162.052823600,RC2_0046_ICR-3_p08
395.171020815,557.223844380,162.052823566,Other,random,C6H10O5,162.052823600,RC2_0046_ICR-3_p08
383.025307337,545.078131903,162.052824566,Other,random,C6H10O5,162.052823600,RC2_0046_ICR-3_p08
327.050797783,489.103623349,162.052825566,Other,random,C6H10O5,162.052823600,RC2_0046_ICR-3_p08
317.102938982,479.155765548,162.052826566,Other,random,C6H10O5,162.052823600,RC2_0046_ICR-3_p08
355.168012509,517.220839074,162.052826566,Other,random,C6H10O5,162.052823600,RC2_0046_ICR-3_p08
303.160082129,465.212909694,162.052827566,Other,random,C6H10O5,162.052823600,RC2_0046_ICR-3_p08
371.126536812,533.179366378,162.052829566,Other,random,C6H10O5,162.052823600,RC2_0046_ICR-3_p08
364.067393757,526.120224323,162.052830566,Other,random,C6H10O5,162.052823600,RC2_0046_ICR-3_p08
330.061892010,492.114722576,162.052830566,Other,random,C6H10O5,162.052823600,RC2_0046_ICR-3_p08
507.223480484,669.276311049,162.052830566,Other,random,C6H10O5,162.052823600,RC2_0046_ICR-3_p08
567.187746113,729.240576678,162.052830566,Other,random,C6H10O5,162.052823600,RC2_0046_ICR-3_p08
409.142298548,571.195130113,162.052831566,Other,random,C6H10O5,162.052823600,RC2_0046_ICR-3_p08
377.124064370,539.176895936,162.052831566,Other,random,C6H10O5,162.052823600,RC2_0046_ICR-3_p08
345.110818172,507.163649737,162.052831566,Other,random,C6H10O5,162.052823600,RC2_0046_ICR-3_p08
337.129139030,499.181971596,162.052832566,Other,random,C6H10O5,162.052823600,RC2_0046_ICR-3_p08
311.113457390,473.166290956,162.052833565,Other,random,C6H10O5,162.052823600,RC2_0046_ICR-3_p08
439.152643243,601.205476808,162.052833565,Other,random,C6H10O5,162.052823600,RC2_0046_ICR-3_p08
371.207460469,533.275530970,162.068070501,Other,random,C10H10O2,162.068080000,RC2_0046_ICR-3_p08
305.087691952,467.155762452,162.068070501,Other,random,C10H10O2,162.068080000,RC2_0046_ICR-3_p08
387.056778235,549.124849736,162.068071501,Other,random,C10H10O2,162.068080000,RC2_0046_ICR-3_p08
431.183910046,593.251981547,162.068071501,Other,random,C10H10O2,162.068080000,RC2_0046_ICR-3_p08
459.142468445,621.210539946,162.068071501,Other,random,C10H10O2,162.068080000,RC2_0046_ICR-3_p08
312.108778168,474.176851669,162.068073501,Other,random,C10H10O2,162.068080000,RC2_0046_ICR-3_p08
381.204807060,543.272880561,162.068073501,Other,random,C10H10O2,162.068080000,RC2_0046_ICR-3_p08
471.187040352,633.255113852,162.068073501,Other,random,C10H10O2,162.068080000,RC2_0046_ICR-3_p08
529.119881598,691.187955099,162.068073501,Other,random,C10H10O2,162.068080000,RC2_0046_ICR-3_p08
335.162930371,497.231003872,162.068073501,Other,random,C10H10O2,162.068080000,RC2_0046_ICR-3_p08
405.059221868,567.127297369,162.068075501,Other,random,C10H10O2,162.068080000,RC2_0046_ICR-3_p08
367.030570187,529.098645688,162.068075501,Other,random,C10H10O2,162.068080000,RC2_0046_ICR-3_p08
343.066959842,505.135038343,162.068078501,Other,random,C10H10O2,162.068080000,RC2_0046_ICR-3_p08
515.249765436,677.317843937,162.068078501,Other,random,C10H10O2,162.068080000,RC2_0046_ICR-3_p08
307.168092126,469.236171627,162.068079501,Other,random,C10H10O2,162.068080000,RC2_0046_ICR-3_p08
381.076867602,543.144947103,162.068079501,Other,random,C10H10O2,162.068080000,RC2_0046_ICR-3_p08
337.129139030,499.197219531,162.068080501,Other,random,C10H10O2,162.068080000,RC2_0046_ICR-3_p08
356.062150716,518.130231217,162.068080501,Other,random,C10H10O2,162.068080000,RC2_0046_ICR-3_p08
545.114835747,707.182917248,162.068081501,Other,random,C10H10O2,162.068080000,RC2_0046_ICR-3_p08
511.109313000,673.177394501,162.068081501,Other,random,C10H10O2,162.068080000,RC2_0046_ICR-3_p08
523.036377405,685.104459905,162.068082501,Other,random,C10H10O2,162.068080000,RC2_0046_ICR-3_p08
293.043288044,455.111370545,162.068082501,Other,random,C10H10O2,162.068080000,RC2_0046_ICR-3_p08
353.160351025,515.228435526,162.068084501,Other,random,C10H10O2,162.068080000,RC2_0046_ICR-3_p08
393.132102464,555.200186965,162.068084501,Other,random,C10H10O2,162.068080000,RC2_0046_ICR-3_p08
423.056822522,585.124908023,162.068085501,Other,random,C10H10O2,162.068080000,RC2_0046_ICR-3_p08
425.158213608,587.226300108,162.068086501,Other,random,C10H10O2,162.068080000,RC2_0046_ICR-3_p08
495.223395388,657.291482889,162.068087501,Other,random,C10H10O2,162.068080000,RC2_0046_ICR-3_p08
377.064367624,539.132456124,162.068088501,Other,random,C10H10O2,162.068080000,RC2_0046_ICR-3_p08
389.145163376,551.213251877,162.068088501,Other,random,C10H10O2,162.068080000,RC2_0046_ICR-3_p08
663.156974008,826.196808386,163.039834379,Other,random,C5H10O3N1P1,163.039832000,RC2_0046_ICR-3_p08
275.113686102,438.153524481,163.039838379,Other,random,C5H10O3N1P1,163.039832000,RC2_0046_ICR-3_p08
231.087516863,394.127357242,163.039840379,Other,random,C5H10O3N1P1,163.039832000,RC2_0046_ICR-3_p08
259.061249198,422.121891488,163.060642290,Other,random,C6H11O5,163.060650000,RC2_0046_ICR-3_p08
287.040813507,450.104132786,163.063319279,Other,random,Tyrosine,163.063328600,RC2_0046_ICR-3_p08
293.043288044,456.106610323,163.063322279,Other,random,Tyrosine,163.063328600,RC2_0046_ICR-3_p08
325.020032398,488.083355677,163.063323279,Other,random,Tyrosine,163.063328600,RC2_0046_ICR-3_p08
355.103296783,518.166624062,163.063327279,Other,random,Tyrosine,163.063328600,RC2_0046_ICR-3_p08
271.082314204,434.145643483,163.063329279,Other,random,Tyrosine,163.063328600,RC2_0046_ICR-3_p08
339.035520944,502.098851222,163.063330279,Other,random,Tyrosine,163.063328600,RC2_0046_ICR-3_p08
325.056365244,488.119696523,163.063331279,Other,random,Tyrosine,163.063328600,RC2_0046_ICR-3_p08
361.041140595,524.104473874,163.063333279,Other,random,Tyrosine,163.063328600,RC2_0046_ICR-3_p08
319.009424895,482.072759174,163.063334279,Other,random,Tyrosine,163.063328600,RC2_0046_ICR-3_p08
343.066959842,506.130297121,163.063337279,Other,random,Tyrosine,163.063328600,RC2_0046_ICR-3_p08
287.040813507,450.104132786,163.063319279,Other,random,Tyrosine_C9H9NO2,163.063329000,RC2_0046_ICR-3_p08
293.043288044,456.106610323,163.063322279,Other,random,Tyrosine_C9H9NO2,163.063329000,RC2_0046_ICR-3_p08
325.020032398,488.083355677,163.063323279,Other,random,Tyrosine_C9H9NO2,163.063329000,RC2_0046_ICR-3_p08
355.103296783,518.166624062,163.063327279,Other,random,Tyrosine_C9H9NO2,163.063329000,RC2_0046_ICR-3_p08
271.082314204,434.145643483,163.063329279,Other,random,Tyrosine_C9H9NO2,163.063329000,RC2_0046_ICR-3_p08
339.035520944,502.098851222,163.063330279,Other,random,Tyrosine_C9H9NO2,163.063329000,RC2_0046_ICR-3_p08
325.056365244,488.119696523,163.063331279,Other,random,Tyrosine_C9H9NO2,163.063329000,RC2_0046_ICR-3_p08
361.041140595,524.104473874,163.063333279,Other,random,Tyrosine_C9H9NO2,163.063329000,RC2_0046_ICR-3_p08
319.009424895,482.072759174,163.063334279,Other,random,Tyrosine_C9H9NO2,163.063329000,RC2_0046_ICR-3_p08
343.066959842,506.130297121,163.063337279,Other,random,Tyrosine_C9H9NO2,163.063329000,RC2_0046_ICR-3_p08
237.004127765,400.103832889,163.099705125,Other,random,C10H13N1O1,163.099714000,RC2_0046_ICR-3_p08
327.035702847,490.135411972,163.099709125,Other,random,C10H13N1O1,163.099714000,RC2_0046_ICR-3_p08
319.038439772,482.138149897,163.099710125,Other,random,C10H13N1O1,163.099714000,RC2_0046_ICR-3_p08
255.051044209,418.150760334,163.099716125,Other,random,C10H13N1O1,163.099714000,RC2_0046_ICR-3_p08
507.223480484,671.267677602,164.044197118,Other,random,C5H12N2S2,164.044192000,RC2_0046_ICR-3_p08
347.113414677,511.181879692,164.068465015,Other,random,C6H12O5,164.068475000,RC2_0046_ICR-3_p08
391.066942224,555.135407239,164.068465015,Other,random,C6H12O5,164.068475000,RC2_0046_ICR-3_p08
337.019969494,501.088435509,164.068466015,Other,random,C6H12O5,164.068475000,RC2_0046_ICR-3_p08
307.082219491,471.150686506,164.068467015,Other,random,C6H12O5,164.068475000,RC2_0046_ICR-3_p08
379.139647820,543.208114835,164.068467015,Other,random,C6H12O5,164.068475000,RC2_0046_ICR-3_p08
387.144784862,551.213251877,164.068467015,Other,random,C6H12O5,164.068475000,RC2_0046_ICR-3_p08
401.087719716,565.156187731,164.068468015,Other,random,C6H12O5,164.068475000,RC2_0046_ICR-3_p08
345.025123535,509.093593551,164.068470015,Other,random,C6H12O5,164.068475000,RC2_0046_ICR-3_p08
355.082262873,519.150732888,164.068470015,Other,random,C6H12O5,164.068475000,RC2_0046_ICR-3_p08
407.207416756,571.275889771,164.068473015,Other,random,C6H12O5,164.068475000,RC2_0046_ICR-3_p08
399.035559421,563.104032436,164.068473015,Other,random,C6H12O5,164.068475000,RC2_0046_ICR-3_p08
343.168094413,507.236568428,164.068474015,Other,random,C6H12O5,164.068475000,RC2_0046_ICR-3_p08
541.062388938,705.130862953,164.068474015,Other,random,C6H12O5,164.068475000,RC2_0046_ICR-3_p08
355.009406182,519.077881197,164.068475015,Other,random,C6H12O5,164.068475000,RC2_0046_ICR-3_p08
427.225704837,591.294179852,164.068475015,Other,random,C6H12O5,164.068475000,RC2_0046_ICR-3_p08
301.144433679,465.212909694,164.068476015,Other,random,C6H12O5,164.068475000,RC2_0046_ICR-3_p08
303.087286437,467.155762452,164.068476015,Other,random,C6H12O5,164.068475000,RC2_0046_ICR-3_p08
417.155302556,581.223779571,164.068477015,Other,random,C6H12O5,164.068475000,RC2_0046_ICR-3_p08
373.178584107,537.247062122,164.068478015,Other,random,C6H12O5,164.068475000,RC2_0046_ICR-3_p08
344.077510555,508.145989570,164.068479015,Other,random,C6H12O5,164.068475000,RC2_0046_ICR-3_p08
323.077059640,487.145539655,164.068480015,Other,random,C6H12O5,164.068475000,RC2_0046_ICR-3_p08
327.063959727,491.132440742,164.068481015,Other,random,C6H12O5,164.068475000,RC2_0046_ICR-3_p08
357.134214168,521.202695183,164.068481015,Other,random,C6H12O5,164.068475000,RC2_0046_ICR-3_p08
315.100302478,479.168784493,164.068482015,Other,random,C6H12O5,164.068475000,RC2_0046_ICR-3_p08
407.163061944,571.231543959,164.068482015,Other,random,C6H12O5,164.068475000,RC2_0046_ICR-3_p08
293.139342637,457.207825652,164.068483015,Other,random,C6H12O5,164.068475000,RC2_0046_ICR-3_p08
345.183700863,509.252184878,164.068484015,Other,random,C6H12O5,164.068475000,RC2_0046_ICR-3_p08
379.175978666,543.244462681,164.068484015,Other,random,C6H12O5,164.068475000,RC2_0046_ICR-3_p08
305.043327140,469.113139149,164.069812009,Other,random,C7H8O1N4,164.069811000,RC2_0046_ICR-3_p08
311.162898180,475.246620131,164.083721950,Other,random,C10H12O2,164.083730000,RC2_0046_ICR-3_p08
523.072780250,687.156503201,164.083722950,Other,random,C10H12O2,164.083730000,RC2_0046_ICR-3_p08
227.128981655,391.212704606,164.083722950,Other,random,C10H12O2,164.083730000,RC2_0046_ICR-3_p08
413.100708756,577.184432706,164.083723950,Other,random,C10H12O2,164.083730000,RC2_0046_ICR-3_p08
391.079905169,555.163629120,164.083723950,Other,random,C10H12O2,164.083730000,RC2_0046_ICR-3_p08
339.121490579,503.205216529,164.083725950,Other,random,C10H12O2,164.083730000,RC2_0046_ICR-3_p08
323.126518430,487.210244381,164.083725950,Other,random,C10H12O2,164.083730000,RC2_0046_ICR-3_p08
417.103659775,581.187386726,164.083726950,Other,random,C10H12O2,164.083730000,RC2_0046_ICR-3_p08
315.063982632,479.147709582,164.083726950,Other,random,C10H12O2,164.083730000,RC2_0046_ICR-3_p08
307.168092126,471.251820077,164.083727950,Other,random,C10H12O2,164.083730000,RC2_0046_ICR-3_p08
337.019969494,501.103698444,164.083728950,Other,random,C10H12O2,164.083730000,RC2_0046_ICR-3_p08
309.110981885,473.194713835,164.083731950,Other,random,C10H12O2,164.083730000,RC2_0046_ICR-3_p08
254.067027383,418.150760334,164.083732950,Other,random,C10H12O2,164.083730000,RC2_0046_ICR-3_p08
335.090226680,499.173960630,164.083733950,Other,random,C10H12O2,164.083730000,RC2_0046_ICR-3_p08
355.152809573,519.236543524,164.083733950,Other,random,C10H12O2,164.083730000,RC2_0046_ICR-3_p08
401.072452780,565.156187731,164.083734950,Other,random,C10H12O2,164.083730000,RC2_0046_ICR-3_p08
537.124989640,701.208724591,164.083734950,Other,random,C10H12O2,164.083730000,RC2_0046_ICR-3_p08
385.163305268,549.247040218,164.083734950,Other,random,C10H12O2,164.083730000,RC2_0046_ICR-3_p08
449.194453645,613.278189595,164.083735950,Other,random,C10H12O2,164.083730000,RC2_0046_ICR-3_p08
511.218297537,675.302033488,164.083735950,Other,random,C10H12O2,164.083730000,RC2_0046_ICR-3_p08
523.036377405,687.120115355,164.083737950,Other,random,C10H12O2,164.083730000,RC2_0046_ICR-3_p08
363.072076980,527.155815930,164.083738950,Other,random,C10H12O2,164.083730000,RC2_0046_ICR-3_p08
567.062702643,731.146442594,164.083739950,Other,random,C10H12O2,164.083730000,RC2_0046_ICR-3_p08
309.025120249,473.181610891,164.156490642,Other,random,C12H20,164.156500000,RC2_0046_ICR-3_p08
537.052231949,701.208724591,164.156492642,Other,random,C12H20,164.156500000,RC2_0046_ICR-3_p08
301.056416052,465.212909694,164.156493642,Other,random,C12H20,164.156500000,RC2_0046_ICR-3_p08
539.067913398,703.224408040,164.156494642,Other,random,C12H20,164.156500000,RC2_0046_ICR-3_p08
573.146357836,737.302853478,164.156495642,Other,random,C12H20,164.156500000,RC2_0046_ICR-3_p08
293.030243100,457.186738741,164.156495642,Other,random,C12H20,164.156500000,RC2_0046_ICR-3_p08
353.064341433,517.220839074,164.156497642,Other,random,C12H20,164.156500000,RC2_0046_ICR-3_p08
337.105749130,501.262250771,164.156501642,Other,random,C12H20,164.156500000,RC2_0046_ICR-3_p08
325.020032398,489.176535039,164.156502642,Other,random,C12H20,164.156500000,RC2_0046_ICR-3_p08
227.056198964,391.212704606,164.156505642,Other,random,C12H20,164.156500000,RC2_0046_ICR-3_p08
407.111211164,571.267718805,164.156507642,Other,random,C12H20,164.156500000,RC2_0046_ICR-3_p08
329.064250242,493.220757884,164.156507642,Other,random,C12H20,164.156500000,RC2_0046_ICR-3_p08
229.071875414,394.127357242,165.055481828,Other,random,C5H12N1O3P1,165.055482000,RC2_0046_ICR-3_p08
331.103303592,496.158786420,165.055482828,Other,random,C5H12N1O3P1,165.055482000,RC2_0046_ICR-3_p08
283.009498608,448.064981436,165.055482828,Other,random,C5H12N1O3P1,165.055482000,RC2_0046_ICR-3_p08
249.040480706,414.095968534,165.055487828,Other,random,C5H12N1O3P1,165.055482000,RC2_0046_ICR-3_p08
235.024861161,400.103832889,165.078971728,Other,random,C9H11N1O2,165.078979000,RC2_0046_ICR-3_p08
315.035711752,480.114690480,165.078978728,Other,random,C9H11N1O2,165.078979000,RC2_0046_ICR-3_p08
359.025494145,524.104473874,165.078979728,Other,random,C9H11N1O2,165.078979000,RC2_0046_ICR-3_p08
323.040714794,488.119696523,165.078981728,Other,random,C9H11N1O2,165.078979000,RC2_0046_ICR-3_p08
428.062129289,594.118596871,166.056467582,Other,random,C8H10N2S1,166.056470000,RC2_0046_ICR-3_p08
413.194597358,579.257582912,166.062985554,Other,random,C9H10O3,166.062995000,RC2_0046_ICR-3_p08
415.124401172,581.187386726,166.062985554,Other,random,C9H10O3,166.062995000,RC2_0046_ICR-3_p08
599.234737168,765.297722722,166.062985554,Other,random,C9H10O3,166.062995000,RC2_0046_ICR-3_p08
375.072046075,541.135031629,166.062985554,Other,random,C9H10O3,166.062995000,RC2_0046_ICR-3_p08
377.154835240,543.217820794,166.062985554,Other,random,C9H10O3,166.062995000,RC2_0046_ICR-3_p08
359.162951562,525.225938116,166.062986554,Other,random,C9H10O3,166.062995000,RC2_0046_ICR-3_p08
252.087772779,418.150760334,166.062987554,Other,random,C9H10O3,166.062995000,RC2_0046_ICR-3_p08
399.056783331,565.119770885,166.062987554,Other,random,C9H10O3,166.062995000,RC2_0046_ICR-3_p08
359.025494145,525.088482700,166.062988554,Other,random,C9H10O3,166.062995000,RC2_0046_ICR-3_p08
453.030979370,619.093968925,166.062989554,Other,random,C9H10O3,166.062995000,RC2_0046_ICR-3_p08
349.129151126,515.192141680,166.062990554,Other,random,C9H10O3,166.062995000,RC2_0046_ICR-3_p08
319.131689376,485.194680931,166.062991554,Other,random,C9H10O3,166.062995000,RC2_0046_ICR-3_p08
343.058954876,509.121946430,166.062991554,Other,random,C9H10O3,166.062995000,RC2_0046_ICR-3_p08
391.030549379,557.093540933,166.062991554,Other,random,C9H10O3,166.062995000,RC2_0046_ICR-3_p08
308.113859114,474.176851669,166.062992554,Other,random,C9H10O3,166.062995000,RC2_0046_ICR-3_p08
325.092731089,491.155723644,166.062992554,Other,random,C9H10O3,166.062995000,RC2_0046_ICR-3_p08
381.046223732,547.109216287,166.062992554,Other,random,C9H10O3,166.062995000,RC2_0046_ICR-3_p08
340.067304567,506.130297121,166.062992554,Other,random,C9H10O3,166.062995000,RC2_0046_ICR-3_p08
367.116372823,533.179366378,166.062993554,Other,random,C9H10O3,166.062995000,RC2_0046_ICR-3_p08
305.087691952,471.150686506,166.062994554,Other,random,C9H10O3,166.062995000,RC2_0046_ICR-3_p08
363.072076980,529.135071534,166.062994554,Other,random,C9H10O3,166.062995000,RC2_0046_ICR-3_p08
505.171302189,671.234296743,166.062994554,Other,random,C9H10O3,166.062995000,RC2_0046_ICR-3_p08
264.051337029,430.114331584,166.062994554,Other,random,C9H10O3,166.062995000,RC2_0046_ICR-3_p08
355.030544092,521.093539646,166.062995554,Other,random,C9H10O3,166.062995000,RC2_0046_ICR-3_p08
360.085480649,526.148476203,166.062995554,Other,random,C9H10O3,166.062995000,RC2_0046_ICR-3_p08
361.178612012,527.241607566,166.062995554,Other,random,C9H10O3,166.062995000,RC2_0046_ICR-3_p08
333.118975042,499.181971596,166.062996554,Other,random,C9H10O3,166.062995000,RC2_0046_ICR-3_p08
377.209883006,543.272880561,166.062997554,Other,random,C9H10O3,166.062995000,RC2_0046_ICR-3_p08
329.051278297,495.114276851,166.062998554,Other,random,C9H10O3,166.062995000,RC2_0046_ICR-3_p08
441.176386658,607.239385212,166.062998554,Other,random,C9H10O3,166.062995000,RC2_0046_ICR-3_p08
469.220739693,635.283739247,166.062999554,Other,random,C9H10O3,166.062995000,RC2_0046_ICR-3_p08
307.118609336,473.181610891,166.063001554,Other,random,C9H10O3,166.062995000,RC2_0046_ICR-3_p08
411.121431152,577.184432706,166.063001554,Other,random,C9H10O3,166.062995000,RC2_0046_ICR-3_p08
571.094035542,737.157038096,166.063002554,Other,random,C9H10O3,166.062995000,RC2_0046_ICR-3_p08
403.051659385,569.114661939,166.063002554,Other,random,C9H10O3,166.062995000,RC2_0046_ICR-3_p08
347.107888700,513.170891254,166.063002554,Other,random,C9H10O3,166.062995000,RC2_0046_ICR-3_p08
339.072033789,505.135038343,166.063004554,Other,random,C9H10O3,166.062995000,RC2_0046_ICR-3_p08
393.118996519,559.182001074,166.063004554,Other,random,C9H10O3,166.062995000,RC2_0046_ICR-3_p08
282.061907628,448.124912182,166.063004554,Other,random,C9H10O3,166.062995000,RC2_0046_ICR-3_p08
373.113891382,539.176895936,166.063004554,Other,random,C9H10O3,166.062995000,RC2_0046_ICR-3_p08
391.225456552,557.288461106,166.063004554,Other,random,C9H10O3,166.062995000,RC2_0046_ICR-3_p08
495.150528698,661.213827250,166.063298553,Other,random,C5H13N1O3P1,166.063307000,RC2_0046_ICR-3_p08
419.183962951,585.247262504,166.063299553,Other,random,C5H13N1O3P1,166.063307000,RC2_0046_ICR-3_p08
383.111158973,549.174458526,166.063299553,Other,random,C5H13N1O3P1,166.063307000,RC2_0046_ICR-3_p08
401.209749198,567.273050751,166.063301553,Other,random,C5H13N1O3P1,166.063307000,RC2_0046_ICR-3_p08
379.116250920,545.179553472,166.063302553,Other,random,C5H13N1O3P1,166.063307000,RC2_0046_ICR-3_p08
417.204763347,583.268065899,166.063302553,Other,random,C5H13N1O3P1,166.063307000,RC2_0046_ICR-3_p08
443.046397725,609.109701278,166.063303553,Other,random,C5H13N1O3P1,166.063307000,RC2_0046_ICR-3_p08
409.090338768,575.153643321,166.063304553,Other,random,C5H13N1O3P1,166.063307000,RC2_0046_ICR-3_p08
431.155737166,597.219042719,166.063305553,Other,random,C5H13N1O3P1,166.063307000,RC2_0046_ICR-3_p08
437.035894222,603.099199775,166.063305553,Other,random,C5H13N1O3P1,166.063307000,RC2_0046_ICR-3_p08
375.144839766,541.208145319,166.063305553,Other,random,C5H13N1O3P1,166.063307000,RC2_0046_ICR-3_p08
387.035561325,553.098866878,166.063305553,Other,random,C5H13N1O3P1,166.063307000,RC2_0046_ICR-3_p08
425.230873299,591.294179852,166.063306553,Other,random,C5H13N1O3P1,166.063307000,RC2_0046_ICR-3_p08
421.113886764,587.177193317,166.063306553,Other,random,C5H13N1O3P1,166.063307000,RC2_0046_ICR-3_p08
445.199672591,611.262979144,166.063306553,Other,random,C5H13N1O3P1,166.063307000,RC2_0046_ICR-3_p08
425.108641818,591.171950371,166.063308553,Other,random,C5H13N1O3P1,166.063307000,RC2_0046_ICR-3_p08
485.093422360,651.156730913,166.063308553,Other,random,C5H13N1O3P1,166.063307000,RC2_0046_ICR-3_p08
413.108696722,579.172005275,166.063308553,Other,random,C5H13N1O3P1,166.063307000,RC2_0046_ICR-3_p08
377.087562525,543.150872078,166.063309553,Other,random,C5H13N1O3P1,166.063307000,RC2_0046_ICR-3_p08
481.098586306,647.161896859,166.063310553,Other,random,C5H13N1O3P1,166.063307000,RC2_0046_ICR-3_p08
407.025354528,573.088666081,166.063311553,Other,random,C5H13N1O3P1,166.063307000,RC2_0046_ICR-3_p08
427.051574576,593.114886129,166.063311553,Other,random,C5H13N1O3P1,166.063307000,RC2_0046_ICR-3_p08
457.207825652,623.271138205,166.063312553,Other,random,C5H13N1O3P1,166.063307000,RC2_0046_ICR-3_p08
549.161221582,715.224535135,166.063313553,Other,random,C5H13N1O3P1,166.063307000,RC2_0046_ICR-3_p08
457.171308807,623.234623360,166.063314553,Other,random,C5H13N1O3P1,166.063307000,RC2_0046_ICR-3_p08
319.045834741,485.145205141,166.099370400,Other,random,C10H14O2,166.099380000,RC2_0046_ICR-3_p08
349.019999589,515.119369989,166.099370400,Other,random,C10H14O2,166.099380000,RC2_0046_ICR-3_p08
337.092807185,503.192178585,166.099371400,Other,random,C10H14O2,166.099380000,RC2_0046_ICR-3_p08
421.090579863,587.189952263,166.099372400,Other,random,C10H14O2,166.099380000,RC2_0046_ICR-3_p08
317.051321201,483.150693601,166.099372400,Other,random,C10H14O2,166.099380000,RC2_0046_ICR-3_p08
325.020032398,491.119404798,166.099372400,Other,random,C10H14O2,166.099380000,RC2_0046_ICR-3_p08
411.142624062,577.241996462,166.099372400,Other,random,C10H14O2,166.099380000,RC2_0046_ICR-3_p08
343.103348688,509.202722088,166.099373400,Other,random,C10H14O2,166.099380000,RC2_0046_ICR-3_p08
415.043635514,581.143008914,166.099373400,Other,random,C10H14O2,166.099380000,RC2_0046_ICR-3_p08
445.207696557,611.307069957,166.099373400,Other,random,C10H14O2,166.099380000,RC2_0046_ICR-3_p08
353.014920642,519.114295042,166.099374400,Other,random,C10H14O2,166.099380000,RC2_0046_ICR-3_p08
323.199425121,489.298800521,166.099375400,Other,random,C10H14O2,166.099380000,RC2_0046_ICR-3_p08
333.038185384,499.137561784,166.099376400,Other,random,C10H14O2,166.099380000,RC2_0046_ICR-3_p08
415.124401172,581.223779571,166.099378400,Other,random,C10H14O2,166.099380000,RC2_0046_ICR-3_p08
349.178634916,515.278014316,166.099379400,Other,random,C10H14O2,166.099380000,RC2_0046_ICR-3_p08
299.090093394,465.189472794,166.099379400,Other,random,C10H14O2,166.099380000,RC2_0046_ICR-3_p08
333.118975042,499.218355442,166.099380400,Other,random,C10H14O2,166.099380000,RC2_0046_ICR-3_p08
442.062804898,608.162185298,166.099380400,Other,random,C10H14O2,166.099380000,RC2_0046_ICR-3_p08
351.102776754,517.202157154,166.099380400,Other,random,C10H14O2,166.099380000,RC2_0046_ICR-3_p08
289.121132682,455.220515082,166.099382400,Other,random,C10H14O2,166.099380000,RC2_0046_ICR-3_p08
333.110888076,499.210270476,166.099382400,Other,random,C10H14O2,166.099380000,RC2_0046_ICR-3_p08
313.048325182,479.147709582,166.099384400,Other,random,C10H14O2,166.099380000,RC2_0046_ICR-3_p08
361.041140595,527.140525995,166.099385400,Other,random,C10H14O2,166.099380000,RC2_0046_ICR-3_p08
411.165941963,577.265327363,166.099385400,Other,random,C10H14O2,166.099380000,RC2_0046_ICR-3_p08
324.036023572,490.135411972,166.099388400,Other,random,C10H14O2,166.099380000,RC2_0046_ICR-3_p08
443.111322450,609.210710850,166.099388400,Other,random,C10H14O2,166.099380000,RC2_0046_ICR-3_p08
367.116372823,533.215762223,166.099389400,Other,random,C10H14O2,166.099380000,RC2_0046_ICR-3_p08
281.030286004,448.124912182,167.094626178,Other,random,C9H13N1O2,167.094629000,RC2_0046_ICR-3_p08
307.082219491,474.176851669,167.094632178,Other,random,C9H13N1O2,167.094629000,RC2_0046_ICR-3_p08
283.009498608,450.104132786,167.094634178,Other,random,C9H13N1O2,167.094629000,RC2_0046_ICR-3_p08
568.240312648,737.266891630,169.026578983,Other,random,C4H10O5P1,169.026588000,RC2_0046_ICR-3_p08
532.145713763,701.172293745,169.026579983,Other,random,C4H10O5P1,169.026588000,RC2_0046_ICR-3_p08
372.085223745,541.111803728,169.026579983,Other,random,C4H10O5P1,169.026588000,RC2_0046_ICR-3_p08
422.109076542,591.135660525,169.026583983,Other,random,C4H10O5P1,169.026588000,RC2_0046_ICR-3_p08
536.177442660,705.204031642,169.026588983,Other,random,C4H10O5P1,169.026588000,RC2_0046_ICR-3_p08
410.194859083,579.221452065,169.026592983,Other,random,C4H10O5P1,169.026588000,RC2_0046_ICR-3_p08
310.033112973,479.059705955,169.026592983,Other,random,C4H10O5P1,169.026588000,RC2_0046_ICR-3_p08
452.083134391,621.109730374,169.026595983,Other,random,C4H10O5P1,169.026588000,RC2_0046_ICR-3_p08
287.059517428,456.086114410,169.026596983,Other,random,C4H10O5P1,169.026588000,RC2_0046_ICR-3_p08
255.160194746,425.158213608,169.998018862,Other,random,C3H7O6P1,169.998028000,RC2_0046_ICR-3_p08
313.201958531,483.199977392,169.998018862,Other,random,C3H7O6P1,169.998028000,RC2_0046_ICR-3_p08
325.165597780,495.163618642,169.998020862,Other,random,C3H7O6P1,169.998028000,RC2_0046_ICR-3_p08
289.108144737,459.106166599,169.998021862,Other,random,C3H7O6P1,169.998028000,RC2_0046_ICR-3_p08
271.227858586,441.225880448,169.998021862,Other,random,C3H7O6P1,169.998028000,RC2_0046_ICR-3_p08
267.123774996,437.121797858,169.998022862,Other,random,C3H7O6P1,169.998028000,RC2_0046_ICR-3_p08
297.097976844,467.096000706,169.998023862,Other,random,C3H7O6P1,169.998028000,RC2_0046_ICR-3_p08
493.122505300,663.120530162,169.998024862,Other,random,C3H7O6P1,169.998028000,RC2_0046_ICR-3_p08
319.118653432,489.116679293,169.998025862,Other,random,C3H7O6P1,169.998028000,RC2_0046_ICR-3_p08
293.175749483,463.173775344,169.998025862,Other,random,C3H7O6P1,169.998028000,RC2_0046_ICR-3_p08
334.020361218,506.130297121,172.109935903,Other,random,C9H16O3,172.109945000,RC2_0046_ICR-3_p08
345.038112480,517.148048383,172.109935903,Other,random,C9H16O3,172.109945000,RC2_0046_ICR-3_p08
339.100354669,511.210291571,172.109936903,Other,random,C9H16O3,172.109945000,RC2_0046_ICR-3_p08
565.047100194,737.157038096,172.109937903,Other,random,C9H16O3,172.109945000,RC2_0046_ICR-3_p08
311.105372424,483.215310327,172.109937903,Other,random,C9H16O3,172.109945000,RC2_0046_ICR-3_p08
343.066959842,515.176897745,172.109937903,Other,random,C9H16O3,172.109945000,RC2_0046_ICR-3_p08
369.025093727,541.135031629,172.109937903,Other,random,C9H16O3,172.109945000,RC2_0046_ICR-3_p08
433.054116113,605.164055016,172.109938903,Other,random,C9H16O3,172.109945000,RC2_0046_ICR-3_p08
577.083616134,749.193556037,172.109939903,Other,random,C9H16O3,172.109945000,RC2_0046_ICR-3_p08
313.092737994,485.202678897,172.109940903,Other,random,C9H16O3,172.109945000,RC2_0046_ICR-3_p08
357.097827323,529.207768225,172.109940903,Other,random,C9H16O3,172.109945000,RC2_0046_ICR-3_p08
315.100302478,487.210244381,172.109941903,Other,random,C9H16O3,172.109945000,RC2_0046_ICR-3_p08
357.025128631,529.135071534,172.109942903,Other,random,C9H16O3,172.109945000,RC2_0046_ICR-3_p08
393.046244828,565.156187731,172.109942903,Other,random,C9H16O3,172.109945000,RC2_0046_ICR-3_p08
373.041077691,545.151020593,172.109942903,Other,random,C9H16O3,172.109945000,RC2_0046_ICR-3_p08
351.121387675,523.231330578,172.109942903,Other,random,C9H16O3,172.109945000,RC2_0046_ICR-3_p08
289.121132682,461.231076585,172.109943903,Other,random,C9H16O3,172.109945000,RC2_0046_ICR-3_p08
645.182876254,817.292820157,172.109943903,Other,random,C9H16O3,172.109945000,RC2_0046_ICR-3_p08
375.144839766,547.254785669,172.109945903,Other,random,C9H16O3,172.109945000,RC2_0046_ICR-3_p08
305.102952887,477.212899790,172.109946903,Other,random,C9H16O3,172.109945000,RC2_0046_ICR-3_p08
409.077438823,581.187386726,172.109947903,Other,random,C9H16O3,172.109945000,RC2_0046_ICR-3_p08
333.038185384,505.148134287,172.109948903,Other,random,C9H16O3,172.109945000,RC2_0046_ICR-3_p08
304.009768524,476.119717427,172.109948903,Other,random,C9H16O3,172.109945000,RC2_0046_ICR-3_p08
379.139647820,551.249597723,172.109949903,Other,random,C9H16O3,172.109945000,RC2_0046_ICR-3_p08
303.123699283,475.233650186,172.109950903,Other,random,C9H16O3,172.109945000,RC2_0046_ICR-3_p08
347.004343139,519.114295042,172.109951903,Other,random,C9H16O3,172.109945000,RC2_0046_ICR-3_p08
379.175978666,551.285930569,172.109951903,Other,random,C9H16O3,172.109945000,RC2_0046_ICR-3_p08
399.020332486,571.130284388,172.109951903,Other,random,C9H16O3,172.109945000,RC2_0046_ICR-3_p08
361.165578067,533.275530970,172.109952903,Other,random,C9H16O3,172.109945000,RC2_0046_ICR-3_p08
321.147343826,493.257296729,172.109952903,Other,random,C9H16O3,172.109945000,RC2_0046_ICR-3_p08
337.069369284,509.179322187,172.109952903,Other,random,C9H16O3,172.109945000,RC2_0046_ICR-3_p08
321.183680672,493.293634575,172.109953903,Other,random,C9H16O3,172.109945000,RC2_0046_ICR-3_p08
323.162931276,495.272885178,172.109953903,Other,random,C9H16O3,172.109945000,RC2_0046_ICR-3_p08
443.119370416,615.229324319,172.109953903,Other,random,C9H16O3,172.109945000,RC2_0046_ICR-3_p08
329.152296869,501.262250771,172.109953903,Other,random,C9H16O3,172.109945000,RC2_0046_ICR-3_p08
336.036034667,508.145989570,172.109954903,Other,random,C9H16O3,172.109945000,RC2_0046_ICR-3_p08
325.105822034,498.211010715,173.105188681,Other,random,C8H15N1O3,173.105194000,RC2_0046_ICR-3_p08
335.090226680,508.195420361,173.105193681,Other,random,C8H15N1O3,173.105194000,RC2_0046_ICR-3_p08
299.019651692,472.124848373,173.105196681,Other,random,C8H15N1O3,173.105194000,RC2_0046_ICR-3_p08
307.009491799,480.114690480,173.105198681,Other,random,C8H15N1O3,173.105194000,RC2_0046_ICR-3_p08
373.019866781,546.125065462,173.105198681,Other,random,C8H15N1O3,173.105194000,RC2_0046_ICR-3_p08
371.040630177,544.145829858,173.105199681,Other,random,C8H15N1O3,173.105194000,RC2_0046_ICR-3_p08
333.025122440,507.041553255,174.016430815,Other,random,C6H6O6,174.016440000,RC2_0046_ICR-3_p08
497.093558455,671.109990271,174.016431815,Other,random,C6H6O6,174.016440000,RC2_0046_ICR-3_p08
357.074513421,531.090947237,174.016433815,Other,random,C6H6O6,174.016440000,RC2_0046_ICR-3_p08
505.098679497,679.115114313,174.016434815,Other,random,C6H6O6,174.016440000,RC2_0046_ICR-3_p08
295.009489704,469.025924519,174.016434815,Other,random,C6H6O6,174.016440000,RC2_0046_ICR-3_p08
365.123981275,539.140416091,174.016434815,Other,random,C6H6O6,174.016440000,RC2_0046_ICR-3_p08
397.113849573,571.130284388,174.016434815,Other,random,C6H6O6,174.016440000,RC2_0046_ICR-3_p08
317.139288828,491.155723644,174.016434815,Other,random,C6H6O6,174.016440000,RC2_0046_ICR-3_p08
315.181166135,489.197603950,174.016437815,Other,random,C6H6O6,174.016440000,RC2_0046_ICR-3_p08
461.267301432,635.283739247,174.016437815,Other,random,C6H6O6,174.016440000,RC2_0046_ICR-3_p08
335.126495526,509.142935341,174.016439815,Other,random,C6H6O6,174.016440000,RC2_0046_ICR-3_p08
317.225161464,491.241601279,174.016439815,Other,random,C6H6O6,174.016440000,RC2_0046_ICR-3_p08
311.141840270,485.158281085,174.016440815,Other,random,C6H6O6,174.016440000,RC2_0046_ICR-3_p08
341.124127084,515.140568899,174.016441815,Other,random,C6H6O6,174.016440000,RC2_0046_ICR-3_p08
345.097853227,519.114295042,174.016441815,Other,random,C6H6O6,174.016440000,RC2_0046_ICR-3_p08
347.040703985,521.057145801,174.016441815,Other,random,C6H6O6,174.016440000,RC2_0046_ICR-3_p08
329.233280525,503.249723340,174.016442815,Other,random,C6H6O6,174.016440000,RC2_0046_ICR-3_p08
351.072037884,525.088482700,174.016444815,Other,random,C6H6O6,174.016440000,RC2_0046_ICR-3_p08
391.189115706,565.205560521,174.016444815,Other,random,C6H6O6,174.016440000,RC2_0046_ICR-3_p08
399.035559421,573.052004236,174.016444815,Other,random,C6H6O6,174.016440000,RC2_0046_ICR-3_p08
353.160351025,527.176796841,174.016445815,Other,random,C6H6O6,174.016440000,RC2_0046_ICR-3_p08
337.129139030,511.145584846,174.016445815,Other,random,C6H6O6,174.016440000,RC2_0046_ICR-3_p08
377.196806062,551.213251877,174.016445815,Other,random,C6H6O6,174.016440000,RC2_0046_ICR-3_p08
457.186738741,631.203185557,174.016446815,Other,random,C6H6O6,174.016440000,RC2_0046_ICR-3_p08
519.114295042,693.130741858,174.016446815,Other,random,C6H6O6,174.016440000,RC2_0046_ICR-3_p08
305.139318733,479.155765548,174.016446815,Other,random,C6H6O6,174.016440000,RC2_0046_ICR-3_p08
401.173563352,575.190012167,174.016448815,Other,random,C6H6O6,174.016440000,RC2_0046_ICR-3_p08
359.004253235,533.020702051,174.016448815,Other,random,C6H6O6,174.016440000,RC2_0046_ICR-3_p08
311.149873236,485.166323051,174.016449815,Other,random,C6H6O6,174.016440000,RC2_0046_ICR-3_p08
353.116068213,527.132518029,174.016449815,Other,random,C6H6O6,174.016440000,RC2_0046_ICR-3_p08
351.035667038,525.088482700,174.052815661,Other,random,C7H10O5,174.052825000,RC2_0046_ICR-3_p08
347.077150831,521.129966492,174.052815661,Other,random,C7H10O5,174.052825000,RC2_0046_ICR-3_p08
387.144784862,561.197601523,174.052816661,Other,random,C7H10O5,174.052825000,RC2_0046_ICR-3_p08
373.056398626,547.109216287,174.052817661,Other,random,C7H10O5,174.052825000,RC2_0046_ICR-3_p08
303.160082129,477.212899790,174.052817661,Other,random,C7H10O5,174.052825000,RC2_0046_ICR-3_p08
313.157426719,487.210244381,174.052817661,Other,random,C7H10O5,174.052825000,RC2_0046_ICR-3_p08
321.025120344,495.077938005,174.052817661,Other,random,C7H10O5,174.052825000,RC2_0046_ICR-3_p08
403.116282110,577.169099772,174.052817661,Other,random,C7H10O5,174.052825000,RC2_0046_ICR-3_p08
293.139342637,467.192161298,174.052818661,Other,random,C7H10O5,174.052825000,RC2_0046_ICR-3_p08
433.150267705,607.203086366,174.052818661,Other,random,C7H10O5,174.052825000,RC2_0046_ICR-3_p08
429.155526651,603.208347312,174.052820661,Other,random,C7H10O5,174.052825000,RC2_0046_ICR-3_p08
319.095273531,493.148094192,174.052820661,Other,random,C7H10O5,174.052825000,RC2_0046_ICR-3_p08
271.110492084,445.163313745,174.052821661,Other,random,C7H10O5,174.052825000,RC2_0046_ICR-3_p08
457.098673115,631.151495776,174.052822661,Other,random,C7H10O5,174.052825000,RC2_0046_ICR-3_p08
315.123710378,489.176535039,174.052824661,Other,random,C7H10O5,174.052825000,RC2_0046_ICR-3_p08
333.183743767,507.236568428,174.052824661,Other,random,C7H10O5,174.052825000,RC2_0046_ICR-3_p08
583.218713109,757.271537770,174.052824661,Other,random,C7H10O5,174.052825000,RC2_0046_ICR-3_p08
325.121134969,499.173960630,174.052825661,Other,random,C7H10O5,174.052825000,RC2_0046_ICR-3_p08
369.155289174,543.208114835,174.052825661,Other,random,C7H10O5,174.052825000,RC2_0046_ICR-3_p08
335.126495526,509.179322187,174.052826661,Other,random,C7H10O5,174.052825000,RC2_0046_ICR-3_p08
349.165495972,523.218322633,174.052826661,Other,random,C7H10O5,174.052825000,RC2_0046_ICR-3_p08
335.235644063,509.288471724,174.052827661,Other,random,C7H10O5,174.052825000,RC2_0046_ICR-3_p08
329.139349923,503.192178585,174.052828661,Other,random,C7H10O5,174.052825000,RC2_0046_ICR-3_p08
391.066942224,565.119770885,174.052828661,Other,random,C7H10O5,174.052825000,RC2_0046_ICR-3_p08
331.082208682,505.135038343,174.052829661,Other,random,C7H10O5,174.052825000,RC2_0046_ICR-3_p08
364.030858912,538.083689573,174.052830661,Other,random,C7H10O5,174.052825000,RC2_0046_ICR-3_p08
459.202283191,633.255113852,174.052830661,Other,random,C7H10O5,174.052825000,RC2_0046_ICR-3_p08
423.157945093,597.210775754,174.052830661,Other,random,C7H10O5,174.052825000,RC2_0046_ICR-3_p08
527.192009776,701.244841437,174.052831661,Other,random,C7H10O5,174.052825000,RC2_0046_ICR-3_p08
315.100302478,489.153135139,174.052832661,Other,random,C7H10O5,174.052825000,RC2_0046_ICR-3_p08
371.025299242,545.078131903,174.052832661,Other,random,C7H10O5,174.052825000,RC2_0046_ICR-3_p08
323.199425121,497.252258782,174.052833661,Other,random,C7H10O5,174.052825000,RC2_0046_ICR-3_p08
369.264494711,543.317328372,174.052833661,Other,random,C7H10O5,174.052825000,RC2_0046_ICR-3_p08
369.046234637,543.099068298,174.052833661,Other,random,C7H10O5,174.052825000,RC2_0046_ICR-3_p08
531.260049520,705.312883181,174.052833661,Other,random,C7H10O5,174.052825000,RC2_0046_ICR-3_p08
313.048325182,487.101159843,174.052834661,Other,random,C7H10O5,174.052825000,RC2_0046_ICR-3_p08
329.079685177,503.132519838,174.052834661,Other,random,C7H10O5,174.052825000,RC2_0046_ICR-3_p08
373.178584107,547.231418768,174.052834661,Other,random,C7H10O5,174.052825000,RC2_0046_ICR-3_p08
302.066984766,476.156185272,174.089200507,Other,random,C8H14O4,174.089210000,RC2_0046_ICR-3_p08
445.090453054,619.179653561,174.089200507,Other,random,C8H14O4,174.089210000,RC2_0046_ICR-3_p08
303.123699283,477.212899790,174.089200507,Other,random,C8H14O4,174.089210000,RC2_0046_ICR-3_p08
367.168067604,541.257269111,174.089201507,Other,random,C8H14O4,174.089210000,RC2_0046_ICR-3_p08
325.056365244,499.145566750,174.089201507,Other,random,C8H14O4,174.089210000,RC2_0046_ICR-3_p08
343.045765932,517.134968439,174.089202507,Other,random,C8H14O4,174.089210000,RC2_0046_ICR-3_p08
317.152398773,491.241601279,174.089202507,Other,random,C8H14O4,174.089210000,RC2_0046_ICR-3_p08
363.144849671,537.234052178,174.089202507,Other,random,C8H14O4,174.089210000,RC2_0046_ICR-3_p08
349.178634916,523.267838423,174.089203507,Other,random,C8H14O4,174.089210000,RC2_0046_ICR-3_p08
315.087331533,489.176535039,174.089203507,Other,random,C8H14O4,174.089210000,RC2_0046_ICR-3_p08
335.004389044,509.093593551,174.089204507,Other,random,C8H14O4,174.089210000,RC2_0046_ICR-3_p08
321.183680672,495.272885178,174.089204507,Other,random,C8H14O4,174.089210000,RC2_0046_ICR-3_p08
345.147339017,519.236543524,174.089204507,Other,random,C8H14O4,174.089210000,RC2_0046_ICR-3_p08
389.051174775,563.140381282,174.089206507,Other,random,C8H14O4,174.089210000,RC2_0046_ICR-3_p08
392.025809157,566.115015663,174.089206507,Other,random,C8H14O4,174.089210000,RC2_0046_ICR-3_p08
335.077103735,509.166310242,174.089206507,Other,random,C8H14O4,174.089210000,RC2_0046_ICR-3_p08
297.089831879,471.179039386,174.089207507,Other,random,C8H14O4,174.089210000,RC2_0046_ICR-3_p08
409.041108977,583.130317484,174.089208507,Other,random,C8H14O4,174.089210000,RC2_0046_ICR-3_p08
343.131627568,517.220839074,174.089211507,Other,random,C8H14O4,174.089210000,RC2_0046_ICR-3_p08
333.183743767,507.272956274,174.089212507,Other,random,C8H14O4,174.089210000,RC2_0046_ICR-3_p08
319.045834741,493.135048247,174.089213507,Other,random,C8H14O4,174.089210000,RC2_0046_ICR-3_p08
353.051312488,527.140525995,174.089213507,Other,random,C8H14O4,174.089210000,RC2_0046_ICR-3_p08
457.062282269,631.151495776,174.089213507,Other,random,C8H14O4,174.089210000,RC2_0046_ICR-3_p08
386.999311479,561.088525986,174.089214507,Other,random,C8H14O4,174.089210000,RC2_0046_ICR-3_p08
371.149870713,545.239085220,174.089214507,Other,random,C8H14O4,174.089210000,RC2_0046_ICR-3_p08
399.121456057,573.210670563,174.089214507,Other,random,C8H14O4,174.089210000,RC2_0046_ICR-3_p08
341.116034118,515.205248625,174.089214507,Other,random,C8H14O4,174.089210000,RC2_0046_ICR-3_p08
301.144433679,475.233650186,174.089216507,Other,random,C8H14O4,174.089210000,RC2_0046_ICR-3_p08
315.072085597,489.161302104,174.089216507,Other,random,C8H14O4,174.089210000,RC2_0046_ICR-3_p08
329.051278297,503.140495804,174.089217507,Other,random,C8H14O4,174.089210000,RC2_0046_ICR-3_p08
366.155683899,540.244901405,174.089217507,Other,random,C8H14O4,174.089210000,RC2_0046_ICR-3_p08
359.077025927,533.166243433,174.089217507,Other,random,C8H14O4,174.089210000,RC2_0046_ICR-3_p08
447.215148041,621.304365548,174.089217507,Other,random,C8H14O4,174.089210000,RC2_0046_ICR-3_p08
353.188889904,527.278108411,174.089218507,Other,random,C8H14O4,174.089210000,RC2_0046_ICR-3_p08
334.056770064,508.145989570,174.089219507,Other,random,C8H14O4,174.089210000,RC2_0046_ICR-3_p08
350.015254367,524.104473874,174.089219507,Other,random,C8H14O4,174.089210000,RC2_0046_ICR-3_p08
301.129241743,476.156185272,175.026943529,Other,random,C9H5N1O3,175.026944000,RC2_0046_ICR-3_p08
373.077404537,548.104349065,175.026944529,Other,random,C9H5N1O3,175.026944000,RC2_0046_ICR-3_p08
371.098111933,546.125065462,175.026953529,Other,random,C9H5N1O3,175.026944000,RC2_0046_ICR-3_p08
327.181293230,502.265753514,175.084460285,Other,random,C7H13N1O4,175.084459000,RC2_0046_ICR-3_p08
343.045765932,518.130231217,175.084465285,Other,random,C7H13N1O4,175.084459000,RC2_0046_ICR-3_p08
391.030549379,566.115015663,175.084466285,Other,random,C7H13N1O4,175.084459000,RC2_0046_ICR-3_p08
377.014765834,552.099233119,175.084467285,Other,random,C7H13N1O4,175.084459000,RC2_0046_ICR-3_p08
387.157810807,563.117121381,175.959310574,Other,random,C4O8,175.959320000,RC2_0046_ICR-3_p08
475.233650186,651.192960759,175.959310574,Other,random,C4O8,175.959320000,RC2_0046_ICR-3_p08
371.113403868,547.072716442,175.959312574,Other,random,C4O8,175.959320000,RC2_0046_ICR-3_p08
355.131632663,531.090947237,175.959314574,Other,random,C4O8,175.959320000,RC2_0046_ICR-3_p08
375.072046075,551.031361649,175.959315574,Other,random,C4O8,175.959320000,RC2_0046_ICR-3_p08
337.201905722,513.161221295,175.959315574,Other,random,C4O8,175.959320000,RC2_0046_ICR-3_p08
343.168094413,519.127410987,175.959316574,Other,random,C4O8,175.959320000,RC2_0046_ICR-3_p08
293.066606945,469.025924519,175.959317574,Other,random,C4O8,175.959320000,RC2_0046_ICR-3_p08
311.113457390,487.072775964,175.959318574,Other,random,C4O8,175.959320000,RC2_0046_ICR-3_p08
457.236243531,633.195563105,175.959319574,Other,random,C4O8,175.959320000,RC2_0046_ICR-3_p08
311.141840270,487.101159843,175.959319574,Other,random,C4O8,175.959320000,RC2_0046_ICR-3_p08
333.220002613,509.179322187,175.959319574,Other,random,C4O8,175.959320000,RC2_0046_ICR-3_p08
395.207334661,571.166655234,175.959320574,Other,random,C4O8,175.959320000,RC2_0046_ICR-3_p08
301.084797932,477.044118506,175.959320574,Other,random,C4O8,175.959320000,RC2_0046_ICR-3_p08
339.136681514,515.096002088,175.959320574,Other,random,C4O8,175.959320000,RC2_0046_ICR-3_p08
333.097906131,509.057227705,175.959321574,Other,random,C4O8,175.959320000,RC2_0046_ICR-3_p08
353.124102179,529.083425753,175.959323574,Other,random,C4O8,175.959320000,RC2_0046_ICR-3_p08
353.188889904,529.148213478,175.959323574,Other,random,C4O8,175.959320000,RC2_0046_ICR-3_p08
321.170683727,497.130008301,175.959324574,Other,random,C4O8,175.959320000,RC2_0046_ICR-3_p08
409.150237514,585.109562088,175.959324574,Other,random,C4O8,175.959320000,RC2_0046_ICR-3_p08
321.134232882,497.093558455,175.959325574,Other,random,C4O8,175.959320000,RC2_0046_ICR-3_p08
391.139715916,567.099043489,175.959327574,Other,random,C4O8,175.959320000,RC2_0046_ICR-3_p08
325.121134969,501.080463543,175.959328574,Other,random,C4O8,175.959320000,RC2_0046_ICR-3_p08
371.126536812,547.085865386,175.959328574,Other,random,C4O8,175.959320000,RC2_0046_ICR-3_p08
329.139349923,505.098679497,175.959329574,Other,random,C4O8,175.959320000,RC2_0046_ICR-3_p08
349.019999589,525.052077854,176.032078265,Other,random,Glucuronic Acid (-H2O),176.032088100,RC2_0046_ICR-3_p08
323.113488485,499.145566750,176.032078265,Other,random,Glucuronic Acid (-H2O),176.032088100,RC2_0046_ICR-3_p08
357.147287113,533.179366378,176.032079265,Other,random,Glucuronic Acid (-H2O),176.032088100,RC2_0046_ICR-3_p08
385.092719567,561.124799832,176.032080265,Other,random,Glucuronic Acid (-H2O),176.032088100,RC2_0046_ICR-3_p08
311.113457390,487.145539655,176.032082265,Other,random,Glucuronic Acid (-H2O),176.032088100,RC2_0046_ICR-3_p08
337.129139030,513.161221295,176.032082265,Other,random,Glucuronic Acid (-H2O),176.032088100,RC2_0046_ICR-3_p08
327.181293230,503.213376495,176.032083265,Other,random,Glucuronic Acid (-H2O),176.032088100,RC2_0046_ICR-3_p08
313.165520685,489.197603950,176.032083265,Other,random,Glucuronic Acid (-H2O),176.032088100,RC2_0046_ICR-3_p08
307.118609336,483.150693601,176.032084265,Other,random,Glucuronic Acid (-H2O),176.032088100,RC2_0046_ICR-3_p08
309.025120249,485.057204514,176.032084265,Other,random,Glucuronic Acid (-H2O),176.032088100,RC2_0046_ICR-3_p08
375.157902711,551.189987976,176.032085265,Other,random,Glucuronic Acid (-H2O),176.032088100,RC2_0046_ICR-3_p08
269.131227480,445.163313745,176.032086265,Other,random,Glucuronic Acid (-H2O),176.032088100,RC2_0046_ICR-3_p08
413.209675294,589.241761559,176.032086265,Other,random,Glucuronic Acid (-H2O),176.032088100,RC2_0046_ICR-3_p08
371.040630177,547.072716442,176.032086265,Other,random,Glucuronic Acid (-H2O),176.032088100,RC2_0046_ICR-3_p08
319.204436068,495.236523333,176.032087265,Other,random,Glucuronic Acid (-H2O),176.032088100,RC2_0046_ICR-3_p08
365.014899738,541.046988003,176.032088265,Other,random,Glucuronic Acid (-H2O),176.032088100,RC2_0046_ICR-3_p08
309.183695576,485.215784841,176.032089265,Other,random,Glucuronic Acid (-H2O),176.032088100,RC2_0046_ICR-3_p08
349.056393435,525.088482700,176.032089265,Other,random,Glucuronic Acid (-H2O),176.032088100,RC2_0046_ICR-3_p08
337.019969494,513.052060759,176.032091265,Other,random,Glucuronic Acid (-H2O),176.032088100,RC2_0046_ICR-3_p08
347.186231368,523.218322633,176.032091265,Other,random,Glucuronic Acid (-H2O),176.032088100,RC2_0046_ICR-3_p08
432.130094033,608.162185298,176.032091265,Other,random,Glucuronic Acid (-H2O),176.032088100,RC2_0046_ICR-3_p08
337.092807185,513.124900450,176.032093265,Other,random,Glucuronic Acid (-H2O),176.032088100,RC2_0046_ICR-3_p08
341.066614328,517.098707592,176.032093265,Other,random,Glucuronic Acid (-H2O),176.032088100,RC2_0046_ICR-3_p08
327.050797783,503.082891048,176.032093265,Other,random,Glucuronic Acid (-H2O),176.032088100,RC2_0046_ICR-3_p08
341.079649272,517.111742537,176.032093265,Other,random,Glucuronic Acid (-H2O),176.032088100,RC2_0046_ICR-3_p08
321.134232882,497.166327146,176.032094265,Other,random,Glucuronic Acid (-H2O),176.032088100,RC2_0046_ICR-3_p08
369.118926329,545.151020593,176.032094265,Other,random,Glucuronic Acid (-H2O),176.032088100,RC2_0046_ICR-3_p08
304.082595215,480.114690480,176.032095265,Other,random,Glucuronic Acid (-H2O),176.032088100,RC2_0046_ICR-3_p08
389.173465256,565.205560521,176.032095265,Other,random,Glucuronic Acid (-H2O),176.032088100,RC2_0046_ICR-3_p08
431.134733255,607.166828520,176.032095265,Other,random,Glucuronic Acid (-H2O),176.032088100,RC2_0046_ICR-3_p08
401.160450407,577.192546672,176.032096265,Other,random,Glucuronic Acid (-H2O),176.032088100,RC2_0046_ICR-3_p08
455.119399511,631.151495776,176.032096265,Other,random,Glucuronic Acid (-H2O),176.032088100,RC2_0046_ICR-3_p08
377.051321679,553.083418944,176.032097265,Other,random,Glucuronic Acid (-H2O),176.032088100,RC2_0046_ICR-3_p08
535.218427728,711.250524993,176.032097265,Other,random,Glucuronic Acid (-H2O),176.032088100,RC2_0046_ICR-3_p08
385.092719567,561.124799832,176.032080265,Other,random,C6H8O6,176.032090000,RC2_0046_ICR-3_p08
311.113457390,487.145539655,176.032082265,Other,random,C6H8O6,176.032090000,RC2_0046_ICR-3_p08
337.129139030,513.161221295,176.032082265,Other,random,C6H8O6,176.032090000,RC2_0046_ICR-3_p08
327.181293230,503.213376495,176.032083265,Other,random,C6H8O6,176.032090000,RC2_0046_ICR-3_p08
313.165520685,489.197603950,176.032083265,Other,random,C6H8O6,176.032090000,RC2_0046_ICR-3_p08
307.118609336,483.150693601,176.032084265,Other,random,C6H8O6,176.032090000,RC2_0046_ICR-3_p08
309.025120249,485.057204514,176.032084265,Other,random,C6H8O6,176.032090000,RC2_0046_ICR-3_p08
375.157902711,551.189987976,176.032085265,Other,random,C6H8O6,176.032090000,RC2_0046_ICR-3_p08
269.131227480,445.163313745,176.032086265,Other,random,C6H8O6,176.032090000,RC2_0046_ICR-3_p08
413.209675294,589.241761559,176.032086265,Other,random,C6H8O6,176.032090000,RC2_0046_ICR-3_p08
371.040630177,547.072716442,176.032086265,Other,random,C6H8O6,176.032090000,RC2_0046_ICR-3_p08
319.204436068,495.236523333,176.032087265,Other,random,C6H8O6,176.032090000,RC2_0046_ICR-3_p08
365.014899738,541.046988003,176.032088265,Other,random,C6H8O6,176.032090000,RC2_0046_ICR-3_p08
309.183695576,485.215784841,176.032089265,Other,random,C6H8O6,176.032090000,RC2_0046_ICR-3_p08
349.056393435,525.088482700,176.032089265,Other,random,C6H8O6,176.032090000,RC2_0046_ICR-3_p08
337.019969494,513.052060759,176.032091265,Other,random,C6H8O6,176.032090000,RC2_0046_ICR-3_p08
347.186231368,523.218322633,176.032091265,Other,random,C6H8O6,176.032090000,RC2_0046_ICR-3_p08
432.130094033,608.162185298,176.032091265,Other,random,C6H8O6,176.032090000,RC2_0046_ICR-3_p08
337.092807185,513.124900450,176.032093265,Other,random,C6H8O6,176.032090000,RC2_0046_ICR-3_p08
341.066614328,517.098707592,176.032093265,Other,random,C6H8O6,176.032090000,RC2_0046_ICR-3_p08
327.050797783,503.082891048,176.032093265,Other,random,C6H8O6,176.032090000,RC2_0046_ICR-3_p08
341.079649272,517.111742537,176.032093265,Other,random,C6H8O6,176.032090000,RC2_0046_ICR-3_p08
321.134232882,497.166327146,176.032094265,Other,random,C6H8O6,176.032090000,RC2_0046_ICR-3_p08
369.118926329,545.151020593,176.032094265,Other,random,C6H8O6,176.032090000,RC2_0046_ICR-3_p08
304.082595215,480.114690480,176.032095265,Other,random,C6H8O6,176.032090000,RC2_0046_ICR-3_p08
389.173465256,565.205560521,176.032095265,Other,random,C6H8O6,176.032090000,RC2_0046_ICR-3_p08
431.134733255,607.166828520,176.032095265,Other,random,C6H8O6,176.032090000,RC2_0046_ICR-3_p08
401.160450407,577.192546672,176.032096265,Other,random,C6H8O6,176.032090000,RC2_0046_ICR-3_p08
455.119399511,631.151495776,176.032096265,Other,random,C6H8O6,176.032090000,RC2_0046_ICR-3_p08
377.051321679,553.083418944,176.032097265,Other,random,C6H8O6,176.032090000,RC2_0046_ICR-3_p08
535.218427728,711.250524993,176.032097265,Other,random,C6H8O6,176.032090000,RC2_0046_ICR-3_p08
407.207416756,583.239515021,176.032098265,Other,random,C6H8O6,176.032090000,RC2_0046_ICR-3_p08
343.066959842,519.114295042,176.047335200,Other,random,C10H8O3,176.047345000,RC2_0046_ICR-3_p08
333.118975042,509.166310242,176.047335200,Other,random,C10H8O3,176.047345000,RC2_0046_ICR-3_p08
363.085120924,539.132456124,176.047335200,Other,random,C10H8O3,176.047345000,RC2_0046_ICR-3_p08
381.241124906,557.288461106,176.047336200,Other,random,C10H8O3,176.047345000,RC2_0046_ICR-3_p08
289.084773837,465.132110037,176.047336200,Other,random,C10H8O3,176.047345000,RC2_0046_ICR-3_p08
339.072033789,515.119369989,176.047336200,Other,random,C10H8O3,176.047345000,RC2_0046_ICR-3_p08
341.087629238,517.134968439,176.047339200,Other,random,C10H8O3,176.047345000,RC2_0046_ICR-3_p08
323.162931276,499.210270476,176.047339200,Other,random,C10H8O3,176.047345000,RC2_0046_ICR-3_p08
325.020032398,501.067371598,176.047339200,Other,random,C10H8O3,176.047345000,RC2_0046_ICR-3_p08
357.082591387,533.129930587,176.047339200,Other,random,C10H8O3,176.047345000,RC2_0046_ICR-3_p08
331.176140283,507.223480484,176.047340200,Other,random,C10H8O3,176.047345000,RC2_0046_ICR-3_p08
507.078000101,683.125341301,176.047341200,Other,random,C10H8O3,176.047345000,RC2_0046_ICR-3_p08
359.061871991,535.109213191,176.047341200,Other,random,C10H8O3,176.047345000,RC2_0046_ICR-3_p08
351.194263366,527.241607566,176.047344200,Other,random,C10H8O3,176.047345000,RC2_0046_ICR-3_p08
389.100660565,565.148005765,176.047345200,Other,random,C10H8O3,176.047345000,RC2_0046_ICR-3_p08
375.165906677,551.213251877,176.047345200,Other,random,C10H8O3,176.047345000,RC2_0046_ICR-3_p08
365.209922911,541.257269111,176.047346200,Other,random,C10H8O3,176.047345000,RC2_0046_ICR-3_p08
305.079709985,481.127056186,176.047346200,Other,random,C10H8O3,176.047345000,RC2_0046_ICR-3_p08
311.162898180,487.210244381,176.047346200,Other,random,C10H8O3,176.047345000,RC2_0046_ICR-3_p08
555.099096393,731.146442594,176.047346200,Other,random,C10H8O3,176.047345000,RC2_0046_ICR-3_p08
359.171080528,535.218427728,176.047347200,Other,random,C10H8O3,176.047345000,RC2_0046_ICR-3_p08
301.020034207,477.067382407,176.047348200,Other,random,C10H8O3,176.047345000,RC2_0046_ICR-3_p08
393.132102464,569.179450664,176.047348200,Other,random,C10H8O3,176.047345000,RC2_0046_ICR-3_p08
451.124403458,627.171751658,176.047348200,Other,random,C10H8O3,176.047345000,RC2_0046_ICR-3_p08
431.155737166,607.203086366,176.047349200,Other,random,C10H8O3,176.047345000,RC2_0046_ICR-3_p08
341.160435930,517.207786130,176.047350200,Other,random,C10H8O3,176.047345000,RC2_0046_ICR-3_p08
317.079713081,493.127064281,176.047351200,Other,random,C10H8O3,176.047345000,RC2_0046_ICR-3_p08
313.142233784,489.189585984,176.047352200,Other,random,C10H8O3,176.047345000,RC2_0046_ICR-3_p08
495.186943543,671.234296743,176.047353200,Other,random,C10H8O3,176.047345000,RC2_0046_ICR-3_p08
301.108103833,477.176568944,176.068465111,Other,random,C7H12O5,176.068475000,RC2_0046_ICR-3_p08
361.129067222,537.197533332,176.068466111,Other,random,C7H12O5,176.068475000,RC2_0046_ICR-3_p08
487.233753281,663.302219391,176.068466111,Other,random,C7H12O5,176.068475000,RC2_0046_ICR-3_p08
301.144433679,477.212899790,176.068466111,Other,random,C7H12O5,176.068475000,RC2_0046_ICR-3_p08
379.066941129,555.135407239,176.068466111,Other,random,C7H12O5,176.068475000,RC2_0046_ICR-3_p08
288.998929201,465.067396311,176.068467111,Other,random,C7H12O5,176.068475000,RC2_0046_ICR-3_p08
333.220002613,509.288471724,176.068469111,Other,random,C7H12O5,176.068475000,RC2_0046_ICR-3_p08
415.152816051,591.221286162,176.068470111,Other,random,C7H12O5,176.068475000,RC2_0046_ICR-3_p08
333.025122440,509.093593551,176.068471111,Other,random,C7H12O5,176.068475000,RC2_0046_ICR-3_p08
359.040742081,535.109213191,176.068471111,Other,random,C7H12O5,176.068475000,RC2_0046_ICR-3_p08
387.035561325,563.104032436,176.068471111,Other,random,C7H12O5,176.068475000,RC2_0046_ICR-3_p08
417.204763347,593.273235457,176.068472111,Other,random,C7H12O5,176.068475000,RC2_0046_ICR-3_p08
347.077150831,523.145622941,176.068472111,Other,random,C7H12O5,176.068475000,RC2_0046_ICR-3_p08
329.115972023,505.184444133,176.068472111,Other,random,C7H12O5,176.068475000,RC2_0046_ICR-3_p08
317.225161464,493.293634575,176.068473111,Other,random,C7H12O5,176.068475000,RC2_0046_ICR-3_p08
307.082219491,483.150693601,176.068474111,Other,random,C7H12O5,176.068475000,RC2_0046_ICR-3_p08
309.097848940,485.166323051,176.068474111,Other,random,C7H12O5,176.068475000,RC2_0046_ICR-3_p08
361.165578067,537.234052178,176.068474111,Other,random,C7H12O5,176.068475000,RC2_0046_ICR-3_p08
425.137002698,601.205476808,176.068474111,Other,random,C7H12O5,176.068475000,RC2_0046_ICR-3_p08
357.147287113,533.215762223,176.068475111,Other,random,C7H12O5,176.068475000,RC2_0046_ICR-3_p08
341.030232482,517.098707592,176.068475111,Other,random,C7H12O5,176.068475000,RC2_0046_ICR-3_p08
399.108381112,575.176857223,176.068476111,Other,random,C7H12O5,176.068475000,RC2_0046_ICR-3_p08
357.128608192,533.197084303,176.068476111,Other,random,C7H12O5,176.068475000,RC2_0046_ICR-3_p08
309.147307731,485.215784841,176.068477111,Other,random,C7H12O5,176.068475000,RC2_0046_ICR-3_p08
409.186496360,585.254974471,176.068478111,Other,random,C7H12O5,176.068475000,RC2_0046_ICR-3_p08
429.155526651,605.224004762,176.068478111,Other,random,C7H12O5,176.068475000,RC2_0046_ICR-3_p08
303.087286437,479.155765548,176.068479111,Other,random,C7H12O5,176.068475000,RC2_0046_ICR-3_p08
317.066569137,493.135048247,176.068479111,Other,random,C7H12O5,176.068475000,RC2_0046_ICR-3_p08
289.157489528,465.225969639,176.068480111,Other,random,C7H12O5,176.068475000,RC2_0046_ICR-3_p08
341.160435930,517.228916040,176.068480111,Other,random,C7H12O5,176.068475000,RC2_0046_ICR-3_p08
387.048641270,563.117121381,176.068480111,Other,random,C7H12O5,176.068475000,RC2_0046_ICR-3_p08
317.030246291,493.098727401,176.068481111,Other,random,C7H12O5,176.068475000,RC2_0046_ICR-3_p08
335.077103735,511.145584846,176.068481111,Other,random,C7H12O5,176.068475000,RC2_0046_ICR-3_p08
369.183644054,545.252125165,176.068481111,Other,random,C7H12O5,176.068475000,RC2_0046_ICR-3_p08
475.124479649,651.192960759,176.068481111,Other,random,C7H12O5,176.068475000,RC2_0046_ICR-3_p08
460.124737278,636.193219389,176.068482111,Other,random,C7H12O5,176.068475000,RC2_0046_ICR-3_p08
329.066555232,505.135038343,176.068483111,Other,random,C7H12O5,176.068475000,RC2_0046_ICR-3_p08
349.019999589,525.088482700,176.068483111,Other,random,C7H12O5,176.068475000,RC2_0046_ICR-3_p08
323.113488485,499.181971596,176.068483111,Other,random,C7H12O5,176.068475000,RC2_0046_ICR-3_p08
359.199255408,535.267738519,176.068483111,Other,random,C7H12O5,176.068475000,RC2_0046_ICR-3_p08
399.092986177,576.135575156,177.042588978,Other,random,C9H7N1O3,177.042594000,RC2_0046_ICR-3_p08
303.035776656,480.078369634,177.042592978,Other,random,C9H7N1O3,177.042594000,RC2_0046_ICR-3_p08
387.093003082,564.135599060,177.042595978,Other,random,C9H7N1O3,177.042594000,RC2_0046_ICR-3_p08
271.082314204,448.124912182,177.042597978,Other,random,C9H7N1O3,177.042594000,RC2_0046_ICR-3_p08
341.087629238,518.130231217,177.042601978,Other,random,C9H7N1O3,177.042594000,RC2_0046_ICR-3_p08
303.072087502,480.114690480,177.042602978,Other,random,C9H7N1O3,177.042594000,RC2_0046_ICR-3_p08
290.103474515,467.168536398,177.065061883,Other,random,C7H7N5O1,177.065060000,RC2_0046_ICR-3_p08
299.019651692,477.067382407,178.047730715,Other,random,C6H10O6,178.047738200,RC2_0046_ICR-3_p08
311.149873236,489.197603950,178.047730715,Other,random,C6H10O6,178.047738200,RC2_0046_ICR-3_p08
345.170591918,523.218322633,178.047730715,Other,random,C6H10O6,178.047738200,RC2_0046_ICR-3_p08
385.056301722,563.104032436,178.047730715,Other,random,C6H10O6,178.047738200,RC2_0046_ICR-3_p08
433.222976397,611.270708111,178.047731715,Other,random,C6H10O6,178.047738200,RC2_0046_ICR-3_p08
401.087719716,579.135451430,178.047731715,Other,random,C6H10O6,178.047738200,RC2_0046_ICR-3_p08
339.181183326,517.228916040,178.047732715,Other,random,C6H10O6,178.047738200,RC2_0046_ICR-3_p08
353.188889904,531.236623619,178.047733714,Other,random,C6H10O6,178.047738200,RC2_0046_ICR-3_p08
355.131632663,533.179366378,178.047733714,Other,random,C6H10O6,178.047738200,RC2_0046_ICR-3_p08
347.004343139,525.052077854,178.047734714,Other,random,C6H10O6,178.047738200,RC2_0046_ICR-3_p08
327.087299628,505.135038343,178.047738714,Other,random,C6H10O6,178.047738200,RC2_0046_ICR-3_p08
547.218436823,725.266175538,178.047738714,Other,random,C6H10O6,178.047738200,RC2_0046_ICR-3_p08
377.124064370,555.171803085,178.047738714,Other,random,C6H10O6,178.047738200,RC2_0046_ICR-3_p08
321.134232882,499.181971596,178.047738714,Other,random,C6H10O6,178.047738200,RC2_0046_ICR-3_p08
313.071666083,491.119404798,178.047738714,Other,random,C6H10O6,178.047738200,RC2_0046_ICR-3_p08
305.102952887,483.150693601,178.047740714,Other,random,C6H10O6,178.047738200,RC2_0046_ICR-3_p08
409.178559394,587.226300108,178.047740714,Other,random,C6H10O6,178.047738200,RC2_0046_ICR-3_p08
331.095193627,509.142935341,178.047741714,Other,random,C6H10O6,178.047738200,RC2_0046_ICR-3_p08
501.067371598,679.115114313,178.047742714,Other,random,C6H10O6,178.047738200,RC2_0046_ICR-3_p08
331.154979373,509.202722088,178.047742714,Other,random,C6H10O6,178.047738200,RC2_0046_ICR-3_p08
291.209549823,469.257292538,178.047742714,Other,random,C6H10O6,178.047738200,RC2_0046_ICR-3_p08
361.157546101,539.205288816,178.047742714,Other,random,C6H10O6,178.047738200,RC2_0046_ICR-3_p08
302.030626920,480.078369634,178.047742714,Other,random,C6H10O6,178.047738200,RC2_0046_ICR-3_p08
297.025191153,475.072935867,178.047744714,Other,random,C6H10O6,178.047738200,RC2_0046_ICR-3_p08
321.097822036,499.145566750,178.047744714,Other,random,C6H10O6,178.047738200,RC2_0046_ICR-3_p08
441.204789537,619.252534252,178.047744714,Other,random,C6H10O6,178.047738200,RC2_0046_ICR-3_p08
583.218713109,761.266457823,178.047744714,Other,random,C6H10O6,178.047738200,RC2_0046_ICR-3_p08
329.043287331,507.091032045,178.047744714,Other,random,C6H10O6,178.047738200,RC2_0046_ICR-3_p08
333.089844165,511.137589880,178.047745714,Other,random,C6H10O6,178.047738200,RC2_0046_ICR-3_p08
311.141840270,489.189585984,178.047745714,Other,random,C6H10O6,178.047738200,RC2_0046_ICR-3_p08
363.035585134,541.083330849,178.047745714,Other,random,C6H10O6,178.047738200,RC2_0046_ICR-3_p08
363.100395859,541.148142574,178.047746714,Other,random,C6H10O6,178.047738200,RC2_0046_ICR-3_p08
345.038112480,523.085859195,178.047746714,Other,random,C6H10O6,178.047738200,RC2_0046_ICR-3_p08
361.092668376,539.140416091,178.047747714,Other,random,C6H10O6,178.047738200,RC2_0046_ICR-3_p08
431.134733255,609.182480970,178.047747714,Other,random,C6H10O6,178.047738200,RC2_0046_ICR-3_p08
309.025120249,488.083355677,179.058235428,Other,random,C9H9N1O3,179.058244000,RC2_0046_ICR-3_p08
387.056778235,566.115015663,179.058237428,Other,random,C9H9N1O3,179.058244000,RC2_0046_ICR-3_p08
329.051278297,508.109518725,179.058240428,Other,random,C9H9N1O3,179.058244000,RC2_0046_ICR-3_p08
293.066606945,472.124848373,179.058241428,Other,random,C9H9N1O3,179.058244000,RC2_0046_ICR-3_p08
283.009498608,462.067744036,179.058245428,Other,random,C9H9N1O3,179.058244000,RC2_0046_ICR-3_p08
343.103348688,522.161599116,179.058250428,Other,random,C9H9N1O3,179.058244000,RC2_0046_ICR-3_p08
253.071840605,432.130094033,179.058253428,Other,random,C9H9N1O3,179.058244000,RC2_0046_ICR-3_p08
473.148355032,653.078348762,179.929993730,Other,random,C6H3Cl3,179.930000000,RC2_0046_ICR-3_p08
327.127034460,507.057036190,179.930001730,Other,random,C6H3Cl3,179.930000000,RC2_0046_ICR-3_p08
371.149870713,551.213251877,180.063381164,Other,random,glucose_C6H12O6,180.063390000,RC2_0046_ICR-3_p08
319.154973278,499.218355442,180.063382164,Other,random,glucose_C6H12O6,180.063390000,RC2_0046_ICR-3_p08
347.113414677,527.176796841,180.063382164,Other,random,glucose_C6H12O6,180.063390000,RC2_0046_ICR-3_p08
313.071666083,493.135048247,180.063382164,Other,random,glucose_C6H12O6,180.063390000,RC2_0046_ICR-3_p08
309.134218786,489.197603950,180.063385164,Other,random,glucose_C6H12O6,180.063390000,RC2_0046_ICR-3_p08
399.084912212,579.148297376,180.063385164,Other,random,glucose_C6H12O6,180.063390000,RC2_0046_ICR-3_p08
399.194197748,579.257582912,180.063385164,Other,random,glucose_C6H12O6,180.063390000,RC2_0046_ICR-3_p08
365.087635429,545.151020593,180.063385164,Other,random,glucose_C6H12O6,180.063390000,RC2_0046_ICR-3_p08
317.102938982,497.166327146,180.063388164,Other,random,glucose_C6H12O6,180.063390000,RC2_0046_ICR-3_p08
315.050887687,495.114276851,180.063389164,Other,random,glucose_C6H12O6,180.063390000,RC2_0046_ICR-3_p08
359.040742081,539.104131245,180.063389164,Other,random,glucose_C6H12O6,180.063390000,RC2_0046_ICR-3_p08
359.077025927,539.140416091,180.063390164,Other,random,glucose_C6H12O6,180.063390000,RC2_0046_ICR-3_p08
323.149985331,503.213376495,180.063391164,Other,random,glucose_C6H12O6,180.063390000,RC2_0046_ICR-3_p08
386.999311479,567.062702643,180.063391164,Other,random,glucose_C6H12O6,180.063390000,RC2_0046_ICR-3_p08
337.019969494,517.083361658,180.063392164,Other,random,glucose_C6H12O6,180.063390000,RC2_0046_ICR-3_p08
351.181154421,531.244547585,180.063393164,Other,random,glucose_C6H12O6,180.063390000,RC2_0046_ICR-3_p08
425.173575543,605.236970707,180.063395164,Other,random,glucose_C6H12O6,180.063390000,RC2_0046_ICR-3_p08
329.043287331,509.106683495,180.063396164,Other,random,glucose_C6H12O6,180.063390000,RC2_0046_ICR-3_p08
361.056363530,541.119759694,180.063396164,Other,random,glucose_C6H12O6,180.063390000,RC2_0046_ICR-3_p08
369.183644054,549.247040218,180.063396164,Other,random,glucose_C6H12O6,180.063390000,RC2_0046_ICR-3_p08
429.009854269,609.073252433,180.063398164,Other,random,glucose_C6H12O6,180.063390000,RC2_0046_ICR-3_p08
281.152441486,461.231076585,180.078635099,Other,random,C10H12O3,180.078645000,RC2_0046_ICR-3_p08
333.097906131,513.176541230,180.078635099,Other,random,C10H12O3,180.078645000,RC2_0046_ICR-3_p08
311.077088544,491.155723644,180.078635099,Other,random,C10H12O3,180.078645000,RC2_0046_ICR-3_p08
345.191780828,525.270416928,180.078636099,Other,random,C10H12O3,180.078645000,RC2_0046_ICR-3_p08
347.126509621,527.205146721,180.078637099,Other,random,C10H12O3,180.078645000,RC2_0046_ICR-3_p08
357.082591387,537.161228486,180.078637099,Other,random,C10H12O3,180.078645000,RC2_0046_ICR-3_p08
359.025494145,539.104131245,180.078637099,Other,random,C10H12O3,180.078645000,RC2_0046_ICR-3_p08
495.223395388,675.302033488,180.078638099,Other,random,C10H12O3,180.078645000,RC2_0046_ICR-3_p08
413.194597358,593.273235457,180.078638099,Other,random,C10H12O3,180.078645000,RC2_0046_ICR-3_p08
252.051452933,432.130094033,180.078641099,Other,random,C10H12O3,180.078645000,RC2_0046_ICR-3_p08
401.064367815,581.143008914,180.078641099,Other,random,C10H12O3,180.078645000,RC2_0046_ICR-3_p08
431.134733255,611.213374354,180.078641099,Other,random,C10H12O3,180.078645000,RC2_0046_ICR-3_p08
511.109313000,691.187955099,180.078642099,Other,random,C10H12O3,180.078645000,RC2_0046_ICR-3_p08
319.045834741,499.124478840,180.078644099,Other,random,C10H12O3,180.078645000,RC2_0046_ICR-3_p08
307.168092126,487.246737226,180.078645099,Other,random,C10H12O3,180.078645000,RC2_0046_ICR-3_p08
327.181293230,507.259938329,180.078645099,Other,random,C10H12O3,180.078645000,RC2_0046_ICR-3_p08
359.053811025,539.132456124,180.078645099,Other,random,C10H12O3,180.078645000,RC2_0046_ICR-3_p08
367.030570187,547.109216287,180.078646099,Other,random,C10H12O3,180.078645000,RC2_0046_ICR-3_p08
349.019999589,529.098645688,180.078646099,Other,random,C10H12O3,180.078645000,RC2_0046_ICR-3_p08
453.176467753,633.255113852,180.078646099,Other,random,C10H12O3,180.078645000,RC2_0046_ICR-3_p08
325.020032398,505.098679497,180.078647099,Other,random,C10H12O3,180.078645000,RC2_0046_ICR-3_p08
488.148795399,668.227442498,180.078647099,Other,random,C10H12O3,180.078645000,RC2_0046_ICR-3_p08
291.173172978,471.251820077,180.078647099,Other,random,C10H12O3,180.078645000,RC2_0046_ICR-3_p08
337.129139030,517.207786130,180.078647099,Other,random,C10H12O3,180.078645000,RC2_0046_ICR-3_p08
357.110821267,537.189468367,180.078647099,Other,random,C10H12O3,180.078645000,RC2_0046_ICR-3_p08
441.212854503,621.291501603,180.078647099,Other,random,C10H12O3,180.078645000,RC2_0046_ICR-3_p08
339.181183326,519.259831425,180.078648099,Other,random,C10H12O3,180.078645000,RC2_0046_ICR-3_p08
441.131889847,621.210539946,180.078650099,Other,random,C10H12O3,180.078645000,RC2_0046_ICR-3_p08
371.134600778,551.213251877,180.078651099,Other,random,C10H12O3,180.078645000,RC2_0046_ICR-3_p08
413.181552413,593.260203512,180.078651099,Other,random,C10H12O3,180.078645000,RC2_0046_ICR-3_p08
343.058954876,523.137606975,180.078652099,Other,random,C10H12O3,180.078645000,RC2_0046_ICR-3_p08
381.118949424,561.197601523,180.078652099,Other,random,C10H12O3,180.078645000,RC2_0046_ICR-3_p08
367.176132570,547.254785669,180.078653099,Other,random,C10H12O3,180.078645000,RC2_0046_ICR-3_p08
551.104296339,731.182950439,180.078654099,Other,random,C10H12O3,180.078645000,RC2_0046_ICR-3_p08
295.045910549,476.156185272,181.110274723,Other,random,C10H15O2N1,181.110279000,RC2_0046_ICR-3_p08
321.155478791,502.265753514,181.110274723,Other,random,C10H15O2N1,181.110279000,RC2_0046_ICR-3_p08
319.038439772,500.148715495,181.110275723,Other,random,C10H15O2N1,181.110279000,RC2_0046_ICR-3_p08
321.061516190,502.171799913,181.110283723,Other,random,C10H15O2N1,181.110279000,RC2_0046_ICR-3_p08
327.035702847,508.145989570,181.110286723,Other,random,C10H15O2N1,181.110279000,RC2_0046_ICR-3_p08
487.072775964,669.110383753,182.037607789,Other,random,C5H12Cl1O1N2P1,182.037600000,RC2_0046_ICR-3_p08
317.051321201,499.124478840,182.073157638,Other,random,C13H10O1,182.073165000,RC2_0046_ICR-3_p08
273.025186962,455.098344600,182.073157638,Other,random,C13H10O1,182.073165000,RC2_0046_ICR-3_p08
355.152809573,537.225969212,182.073159638,Other,random,C13H10O1,182.073165000,RC2_0046_ICR-3_p08
359.061871991,541.135031629,182.073159638,Other,random,C13H10O1,182.073165000,RC2_0046_ICR-3_p08
411.142624062,593.215786701,182.073162638,Other,random,C13H10O1,182.073165000,RC2_0046_ICR-3_p08
333.118975042,515.192141680,182.073166638,Other,random,C13H10O1,182.073165000,RC2_0046_ICR-3_p08
247.082359012,429.155526651,182.073167638,Other,random,C13H10O1,182.073165000,RC2_0046_ICR-3_p08
345.082645291,527.155815930,182.073170638,Other,random,C13H10O1,182.073165000,RC2_0046_ICR-3_p08
361.113903286,543.187076925,182.073173638,Other,random,C13H10O1,182.073165000,RC2_0046_ICR-3_p08
317.043276236,499.137561784,182.094285549,Other,random,C10H14O3,182.094295000,RC2_0046_ICR-3_p08
331.045749836,513.140035385,182.094285549,Other,random,C10H14O3,182.094295000,RC2_0046_ICR-3_p08
359.171080528,541.265366077,182.094285549,Other,random,C10H14O3,182.094295000,RC2_0046_ICR-3_p08
373.113891382,555.208177931,182.094286549,Other,random,C10H14O3,182.094295000,RC2_0046_ICR-3_p08
339.108406634,521.202695183,182.094288549,Other,random,C10H14O3,182.094295000,RC2_0046_ICR-3_p08
313.142233784,495.236523333,182.094289549,Other,random,C10H14O3,182.094295000,RC2_0046_ICR-3_p08
359.040742081,541.135031629,182.094289549,Other,random,C10H14O3,182.094295000,RC2_0046_ICR-3_p08
337.178601821,519.272892370,182.094290549,Other,random,C10H14O3,182.094295000,RC2_0046_ICR-3_p08
411.178943908,593.273235457,182.094291549,Other,random,C10H14O3,182.094295000,RC2_0046_ICR-3_p08
353.014920642,535.109213191,182.094292549,Other,random,C10H14O3,182.094295000,RC2_0046_ICR-3_p08
363.157831616,545.252125165,182.094293549,Other,random,C10H14O3,182.094295000,RC2_0046_ICR-3_p08
309.147307731,491.241601279,182.094293549,Other,random,C10H14O3,182.094295000,RC2_0046_ICR-3_p08
340.067304567,522.161599116,182.094294549,Other,random,C10H14O3,182.094295000,RC2_0046_ICR-3_p08
321.025120344,503.119415893,182.094295549,Other,random,C10H14O3,182.094295000,RC2_0046_ICR-3_p08
247.061230102,429.155526651,182.094296549,Other,random,C10H14O3,182.094295000,RC2_0046_ICR-3_p08
310.056843872,492.151140421,182.094296549,Other,random,C10H14O3,182.094295000,RC2_0046_ICR-3_p08
315.035711752,497.130008301,182.094296549,Other,random,C10H14O3,182.094295000,RC2_0046_ICR-3_p08
323.053835738,505.148134287,182.094298549,Other,random,C10H14O3,182.094295000,RC2_0046_ICR-3_p08
349.129151126,531.223449675,182.094298549,Other,random,C10H14O3,182.094295000,RC2_0046_ICR-3_p08
297.074484944,479.168784493,182.094299549,Other,random,C10H14O3,182.094295000,RC2_0046_ICR-3_p08
505.062203652,687.156503201,182.094299549,Other,random,C10H14O3,182.094295000,RC2_0046_ICR-3_p08
347.207435278,529.301734827,182.094299549,Other,random,C10H14O3,182.094295000,RC2_0046_ICR-3_p08
399.202213714,581.296513263,182.094299549,Other,random,C10H14O3,182.094295000,RC2_0046_ICR-3_p08
459.142468445,641.236768994,182.094300549,Other,random,C10H14O3,182.094295000,RC2_0046_ICR-3_p08
415.189012897,597.283313446,182.094300549,Other,random,C10H14O3,182.094295000,RC2_0046_ICR-3_p08
285.126140629,467.220442178,182.094301549,Other,random,C10H14O3,182.094295000,RC2_0046_ICR-3_p08
329.043287331,511.137589880,182.094302549,Other,random,C10H14O3,182.094295000,RC2_0046_ICR-3_p08
331.176140283,513.270442832,182.094302549,Other,random,C10H14O3,182.094295000,RC2_0046_ICR-3_p08
347.004343139,529.098645688,182.094302549,Other,random,C10H14O3,182.094295000,RC2_0046_ICR-3_p08
337.092807185,519.187110733,182.094303549,Other,random,C10H14O3,182.094295000,RC2_0046_ICR-3_p08
345.228127674,527.322431223,182.094303549,Other,random,C10H14O3,182.094295000,RC2_0046_ICR-3_p08
349.178634916,531.272938465,182.094303549,Other,random,C10H14O3,182.094295000,RC2_0046_ICR-3_p08
357.082591387,539.176895936,182.094304549,Other,random,C10H14O3,182.094295000,RC2_0046_ICR-3_p08
367.225385361,549.319689910,182.094304549,Other,random,C10H14O3,182.094295000,RC2_0046_ICR-3_p08
451.160809304,633.255113852,182.094304549,Other,random,C10H14O3,182.094295000,RC2_0046_ICR-3_p08
349.056393435,531.223449675,182.167056240,Other,random,C12H22O1,182.167065000,RC2_0046_ICR-3_p08
311.090239489,493.257296729,182.167057240,Other,random,C12H22O1,182.167065000,RC2_0046_ICR-3_p08
597.109830182,779.276887422,182.167057240,Other,random,C12H22O1,182.167065000,RC2_0046_ICR-3_p08
389.100660565,571.267718805,182.167058240,Other,random,C12H22O1,182.167065000,RC2_0046_ICR-3_p08
321.025120344,503.192178585,182.167058240,Other,random,C12H22O1,182.167065000,RC2_0046_ICR-3_p08
291.144849098,473.311908338,182.167059240,Other,random,C12H22O1,182.167065000,RC2_0046_ICR-3_p08
589.120006075,771.287066315,182.167060240,Other,random,C12H22O1,182.167065000,RC2_0046_ICR-3_p08
345.155369983,527.322431223,182.167061240,Other,random,C12H22O1,182.167065000,RC2_0046_ICR-3_p08
401.072452780,583.239515021,182.167062240,Other,random,C12H22O1,182.167065000,RC2_0046_ICR-3_p08
333.038185384,515.205248625,182.167063240,Other,random,C12H22O1,182.167065000,RC2_0046_ICR-3_p08
323.162931276,505.329995516,182.167064240,Other,random,C12H22O1,182.167065000,RC2_0046_ICR-3_p08
347.040703985,529.207768225,182.167064240,Other,random,C12H22O1,182.167065000,RC2_0046_ICR-3_p08
319.103353497,501.270420737,182.167067240,Other,random,C12H22O1,182.167065000,RC2_0046_ICR-3_p08
343.103348688,525.270416928,182.167068240,Other,random,C12H22O1,182.167065000,RC2_0046_ICR-3_p08
439.100838463,621.267906703,182.167068240,Other,random,C12H22O1,182.167065000,RC2_0046_ICR-3_p08
339.121490579,521.288559819,182.167069240,Other,random,C12H22O1,182.167065000,RC2_0046_ICR-3_p08
345.074538326,527.241607566,182.167069240,Other,random,C12H22O1,182.167065000,RC2_0046_ICR-3_p08
307.131730281,489.298800521,182.167070240,Other,random,C12H22O1,182.167065000,RC2_0046_ICR-3_p08
327.108359539,509.275429779,182.167070240,Other,random,C12H22O1,182.167065000,RC2_0046_ICR-3_p08
305.087691952,487.254764192,182.167072240,Other,random,C12H22O1,182.167065000,RC2_0046_ICR-3_p08
375.085110020,557.252182260,182.167072240,Other,random,C12H22O1,182.167065000,RC2_0046_ICR-3_p08
417.009905173,599.176978413,182.167073240,Other,random,C12H22O1,182.167065000,RC2_0046_ICR-3_p08
363.102831849,547.085865386,183.983033537,Other,random,C7H4O4S1,183.983032000,RC2_0046_ICR-3_p08
431.165408125,615.148447662,183.983039537,Other,random,C7H4O4S1,183.983032000,RC2_0046_ICR-3_p08
345.082645291,529.083425753,184.000780461,Other,random,C7H4O6,184.000790000,RC2_0046_ICR-3_p08
319.204436068,503.205216529,184.000780461,Other,random,C7H4O6,184.000790000,RC2_0046_ICR-3_p08
346.093059005,530.093839467,184.000780461,Other,random,C7H4O6,184.000790000,RC2_0046_ICR-3_p08
399.129537022,583.130317484,184.000780461,Other,random,C7H4O6,184.000790000,RC2_0046_ICR-3_p08
387.144784862,571.145566324,184.000781461,Other,random,C7H4O6,184.000790000,RC2_0046_ICR-3_p08
415.124401172,599.125182633,184.000781461,Other,random,C7H4O6,184.000790000,RC2_0046_ICR-3_p08
329.051278297,513.052060759,184.000782461,Other,random,C7H4O6,184.000790000,RC2_0046_ICR-3_p08
341.066614328,525.067397789,184.000783461,Other,random,C7H4O6,184.000790000,RC2_0046_ICR-3_p08
487.109204809,671.109990271,184.000785461,Other,random,C7H4O6,184.000790000,RC2_0046_ICR-3_p08
345.061361382,529.062147843,184.000786461,Other,random,C7H4O6,184.000790000,RC2_0046_ICR-3_p08
341.152334964,525.153121425,184.000786461,Other,random,C7H4O6,184.000790000,RC2_0046_ICR-3_p08
327.035702847,511.036489309,184.000786461,Other,random,C7H4O6,184.000790000,RC2_0046_ICR-3_p08
309.147307731,493.148094192,184.000786461,Other,random,C7H4O6,184.000790000,RC2_0046_ICR-3_p08
305.175747578,489.176535039,184.000787461,Other,random,C7H4O6,184.000790000,RC2_0046_ICR-3_p08
287.141838079,471.142626540,184.000788461,Other,random,C7H4O6,184.000790000,RC2_0046_ICR-3_p08
301.056416052,485.057204514,184.000788461,Other,random,C7H4O6,184.000790000,RC2_0046_ICR-3_p08
319.103353497,503.104141958,184.000788461,Other,random,C7H4O6,184.000790000,RC2_0046_ICR-3_p08
340.103685412,524.104473874,184.000788461,Other,random,C7H4O6,184.000790000,RC2_0046_ICR-3_p08
337.201905722,521.202695183,184.000789461,Other,random,C7H4O6,184.000790000,RC2_0046_ICR-3_p08
331.045749836,515.046539298,184.000789461,Other,random,C7H4O6,184.000790000,RC2_0046_ICR-3_p08
327.136799418,511.137589880,184.000790461,Other,random,C7H4O6,184.000790000,RC2_0046_ICR-3_p08
321.147343826,505.148134287,184.000790461,Other,random,C7H4O6,184.000790000,RC2_0046_ICR-3_p08
377.137127315,561.137917776,184.000790461,Other,random,C7H4O6,184.000790000,RC2_0046_ICR-3_p08
367.030570187,551.031361649,184.000791461,Other,random,C7H4O6,184.000790000,RC2_0046_ICR-3_p08
321.219992518,505.220783979,184.000791461,Other,random,C7H4O6,184.000790000,RC2_0046_ICR-3_p08
363.266948153,547.267739614,184.000791461,Other,random,C7H4O6,184.000790000,RC2_0046_ICR-3_p08
317.097322006,501.098113468,184.000791461,Other,random,C7H4O6,184.000790000,RC2_0046_ICR-3_p08
345.170591918,529.171383380,184.000791461,Other,random,C7H4O6,184.000790000,RC2_0046_ICR-3_p08
375.230654402,559.231446864,184.000792461,Other,random,C7H4O6,184.000790000,RC2_0046_ICR-3_p08
345.097853227,529.098645688,184.000792461,Other,random,C7H4O6,184.000790000,RC2_0046_ICR-3_p08
355.082262873,539.083056334,184.000793461,Other,random,C7H4O6,184.000790000,RC2_0046_ICR-3_p08
487.218374346,671.219168807,184.000794461,Other,random,C7H4O6,184.000790000,RC2_0046_ICR-3_p08
287.040813507,471.041607969,184.000794461,Other,random,C7H4O6,184.000790000,RC2_0046_ICR-3_p08
285.126140629,469.126936091,184.000795461,Other,random,C7H4O6,184.000790000,RC2_0046_ICR-3_p08
307.118609336,491.119404798,184.000795461,Other,random,C7H4O6,184.000790000,RC2_0046_ICR-3_p08
377.196806062,561.197601523,184.000795461,Other,random,C7H4O6,184.000790000,RC2_0046_ICR-3_p08
387.129488927,571.130284388,184.000795461,Other,random,C7H4O6,184.000790000,RC2_0046_ICR-3_p08
317.043276236,501.044072697,184.000796461,Other,random,C7H4O6,184.000790000,RC2_0046_ICR-3_p08
279.014669554,463.015467016,184.000797461,Other,random,C7H4O6,184.000790000,RC2_0046_ICR-3_p08
381.191773115,565.192570576,184.000797461,Other,random,C7H4O6,184.000790000,RC2_0046_ICR-3_p08
433.236171341,617.236970802,184.000799461,Other,random,C7H4O6,184.000790000,RC2_0046_ICR-3_p08
467.192161298,651.192960759,184.000799461,Other,random,C7H4O6,184.000790000,RC2_0046_ICR-3_p08
391.212704606,575.226373013,184.013668407,Other,random,C4H9O6P1,184.013678000,RC2_0046_ICR-3_p08
249.113295397,433.126963804,184.013668407,Other,random,C4H9O6P1,184.013678000,RC2_0046_ICR-3_p08
411.238614655,595.252286062,184.013671407,Other,random,C4H9O6P1,184.013678000,RC2_0046_ICR-3_p08
295.155105086,479.168784493,184.013679407,Other,random,C4H9O6P1,184.013678000,RC2_0046_ICR-3_p08
267.123774996,451.137461403,184.013686407,Other,random,C4H9O6P1,184.013678000,RC2_0046_ICR-3_p08
343.066959842,529.098645688,186.031685846,Other,random,C11H6O3,186.031695000,RC2_0046_ICR-3_p08
351.157780520,537.189468367,186.031687846,Other,random,C11H6O3,186.031695000,RC2_0046_ICR-3_p08
341.124127084,527.155815930,186.031688846,Other,random,C11H6O3,186.031695000,RC2_0046_ICR-3_p08
294.083000634,480.114690480,186.031689846,Other,random,C11H6O3,186.031695000,RC2_0046_ICR-3_p08
329.137226933,515.168918779,186.031691846,Other,random,C11H6O3,186.031695000,RC2_0046_ICR-3_p08
389.145163376,575.176857223,186.031693846,Other,random,C11H6O3,186.031695000,RC2_0046_ICR-3_p08
353.137136124,539.168829970,186.031693846,Other,random,C11H6O3,186.031695000,RC2_0046_ICR-3_p08
407.184092855,593.215786701,186.031693846,Other,random,C11H6O3,186.031695000,RC2_0046_ICR-3_p08
375.165906677,561.197601523,186.031694846,Other,random,C11H6O3,186.031695000,RC2_0046_ICR-3_p08
427.160767113,613.192462959,186.031695846,Other,random,C11H6O3,186.031695000,RC2_0046_ICR-3_p08
311.113457390,497.145155236,186.031697846,Other,random,C11H6O3,186.031695000,RC2_0046_ICR-3_p08
313.165520685,499.197219531,186.031698846,Other,random,C11H6O3,186.031695000,RC2_0046_ICR-3_p08
323.126518430,509.158218276,186.031699846,Other,random,C11H6O3,186.031695000,RC2_0046_ICR-3_p08
341.087629238,527.119329085,186.031699846,Other,random,C11H6O3,186.031695000,RC2_0046_ICR-3_p08
371.061836087,557.093540933,186.031704846,Other,random,C11H6O3,186.031695000,RC2_0046_ICR-3_p08
245.045643652,432.130094033,187.084450380,Other,random,C8H13N1O4,187.084459000,RC2_0046_ICR-3_p08
303.050960591,490.135411972,187.084451380,Other,random,C8H13N1O4,187.084459000,RC2_0046_ICR-3_p08
345.025123535,532.109575916,187.084452380,Other,random,C8H13N1O4,187.084459000,RC2_0046_ICR-3_p08
285.040394993,472.124848373,187.084453380,Other,random,C8H13N1O4,187.084459000,RC2_0046_ICR-3_p08
319.045834741,506.130297121,187.084462380,Other,random,C8H13N1O4,187.084459000,RC2_0046_ICR-3_p08
315.087331533,502.171799913,187.084468380,Other,random,C8H13N1O4,187.084459000,RC2_0046_ICR-3_p08
439.116315397,627.149265754,188.032950357,Other,random,C8H12O1S2,188.032959000,RC2_0046_ICR-3_p08
485.072211450,673.105161807,188.032950357,Other,random,C8H12O1S2,188.032959000,RC2_0046_ICR-3_p08
485.194680931,673.227634287,188.032953357,Other,random,C8H12O1S2,188.032959000,RC2_0046_ICR-3_p08
557.093540933,745.126496290,188.032955357,Other,random,C8H12O1S2,188.032959000,RC2_0046_ICR-3_p08
443.119370416,631.166705712,188.047335296,Other,random,C11H8O3,188.047345000,RC2_0046_ICR-3_p08
337.178601821,525.225938116,188.047336296,Other,random,C11H8O3,188.047345000,RC2_0046_ICR-3_p08
451.160809304,639.208147599,188.047338296,Other,random,C11H8O3,188.047345000,RC2_0046_ICR-3_p08
355.139738629,543.187076925,188.047338296,Other,random,C11H8O3,188.047345000,RC2_0046_ICR-3_p08
345.155369983,533.202712279,188.047342296,Other,random,C11H8O3,188.047345000,RC2_0046_ICR-3_p08
379.079953073,567.127297369,188.047344296,Other,random,C11H8O3,188.047345000,RC2_0046_ICR-3_p08
359.061871991,547.109216287,188.047344296,Other,random,C11H8O3,188.047345000,RC2_0046_ICR-3_p08
311.149873236,499.197219531,188.047346296,Other,random,C11H8O3,188.047345000,RC2_0046_ICR-3_p08
297.134352690,485.181700986,188.047348296,Other,random,C11H8O3,188.047345000,RC2_0046_ICR-3_p08
311.053712643,499.101061939,188.047349296,Other,random,C11H8O3,188.047345000,RC2_0046_ICR-3_p08
425.145111663,613.192462959,188.047351296,Other,random,C11H8O3,188.047345000,RC2_0046_ICR-3_p08
431.046616629,619.093968925,188.047352296,Other,random,C11H8O3,188.047345000,RC2_0046_ICR-3_p08
309.110981885,497.158335180,188.047353296,Other,random,C11H8O3,188.047345000,RC2_0046_ICR-3_p08
305.079709985,493.127064281,188.047354296,Other,random,C11H8O3,188.047345000,RC2_0046_ICR-3_p08
333.118975042,521.202695183,188.083720141,Other,random,C12H12O2,188.083730000,RC2_0046_ICR-3_p08
311.090239489,499.173960630,188.083721141,Other,random,C12H12O2,188.083730000,RC2_0046_ICR-3_p08
373.041077691,561.124799832,188.083722141,Other,random,C12H12O2,188.083730000,RC2_0046_ICR-3_p08
359.025494145,547.109216287,188.083722141,Other,random,C12H12O2,188.083730000,RC2_0046_ICR-3_p08
375.056657140,563.140381282,188.083724141,Other,random,C12H12O2,188.083730000,RC2_0046_ICR-3_p08
297.097976844,485.181700986,188.083724141,Other,random,C12H12O2,188.083730000,RC2_0046_ICR-3_p08
327.121522483,515.205248625,188.083726141,Other,random,C12H12O2,188.083730000,RC2_0046_ICR-3_p08
479.168784493,667.252511634,188.083727141,Other,random,C12H12O2,188.083730000,RC2_0046_ICR-3_p08
333.046238350,521.129966492,188.083728141,Other,random,C12H12O2,188.083730000,RC2_0046_ICR-3_p08
281.152441486,469.236171627,188.083730141,Other,random,C12H12O2,188.083730000,RC2_0046_ICR-3_p08
305.079709985,493.163441127,188.083731141,Other,random,C12H12O2,188.083730000,RC2_0046_ICR-3_p08
375.093185986,563.176918127,188.083732141,Other,random,C12H12O2,188.083730000,RC2_0046_ICR-3_p08
573.146357836,761.230090978,188.083733141,Other,random,C12H12O2,188.083730000,RC2_0046_ICR-3_p08
393.059273773,581.143008914,188.083735141,Other,random,C12H12O2,188.083730000,RC2_0046_ICR-3_p08
357.155348079,545.239085220,188.083737141,Other,random,C12H12O2,188.083730000,RC2_0046_ICR-3_p08
305.043327140,493.127064281,188.083737141,Other,random,C12H12O2,188.083730000,RC2_0046_ICR-3_p08
445.171375711,633.255113852,188.083738141,Other,random,C12H12O2,188.083730000,RC2_0046_ICR-3_p08
329.051278297,518.093862371,189.042584074,Other,random,C10H7N1O3,189.042594000,RC2_0046_ICR-3_p08
243.087497959,432.130094033,189.042596074,Other,random,C10H7N1O3,189.042594000,RC2_0046_ICR-3_p08
335.053797834,525.225938116,190.172140282,Other,random,C14H22,190.172150000,RC2_0046_ICR-3_p08
353.014920642,543.187076925,190.172156282,Other,random,C14H22,190.172150000,RC2_0046_ICR-3_p08
317.051321201,507.223480484,190.172159282,Other,random,C14H22,190.172150000,RC2_0046_ICR-3_p08
305.116084831,497.158335180,192.042250349,Other,random,C10H8O4,192.042260000,RC2_0046_ICR-3_p08
309.025120249,501.067371598,192.042251349,Other,random,C10H8O4,192.042260000,RC2_0046_ICR-3_p08
341.137114029,533.179366378,192.042252349,Other,random,C10H8O4,192.042260000,RC2_0046_ICR-3_p08
310.129547564,502.171799913,192.042252349,Other,random,C10H8O4,192.042260000,RC2_0046_ICR-3_p08
343.066959842,535.109213191,192.042253349,Other,random,C10H8O4,192.042260000,RC2_0046_ICR-3_p08
483.259780139,675.302033488,192.042253349,Other,random,C10H8O4,192.042260000,RC2_0046_ICR-3_p08
503.177156648,695.219409997,192.042253349,Other,random,C10H8O4,192.042260000,RC2_0046_ICR-3_p08
290.030504825,482.072759174,192.042254349,Other,random,C10H8O4,192.042260000,RC2_0046_ICR-3_p08
327.181293230,519.223547579,192.042254349,Other,random,C10H8O4,192.042260000,RC2_0046_ICR-3_p08
507.078000101,699.120254450,192.042254349,Other,random,C10H8O4,192.042260000,RC2_0046_ICR-3_p08
415.160831017,607.203086366,192.042255349,Other,random,C10H8O4,192.042260000,RC2_0046_ICR-3_p08
327.072039693,519.114295042,192.042255349,Other,random,C10H8O4,192.042260000,RC2_0046_ICR-3_p08
303.014600746,495.056857095,192.042256349,Other,random,C10H8O4,192.042260000,RC2_0046_ICR-3_p08
413.072388876,605.114646225,192.042257349,Other,random,C10H8O4,192.042260000,RC2_0046_ICR-3_p08
347.090198775,539.132456124,192.042257349,Other,random,C10H8O4,192.042260000,RC2_0046_ICR-3_p08
493.062202556,685.104459905,192.042257349,Other,random,C10H8O4,192.042260000,RC2_0046_ICR-3_p08
357.082591387,549.124849736,192.042258349,Other,random,C10H8O4,192.042260000,RC2_0046_ICR-3_p08
307.082219491,499.124478840,192.042259349,Other,random,C10H8O4,192.042260000,RC2_0046_ICR-3_p08
365.209922911,557.252182260,192.042259349,Other,random,C10H8O4,192.042260000,RC2_0046_ICR-3_p08
300.108881072,492.151140421,192.042259349,Other,random,C10H8O4,192.042260000,RC2_0046_ICR-3_p08
441.212854503,633.255113852,192.042259349,Other,random,C10H8O4,192.042260000,RC2_0046_ICR-3_p08
309.055853118,501.098113468,192.042260349,Other,random,C10H8O4,192.042260000,RC2_0046_ICR-3_p08
329.051278297,521.093539646,192.042261349,Other,random,C10H8O4,192.042260000,RC2_0046_ICR-3_p08
351.181154421,543.223415770,192.042261349,Other,random,C10H8O4,192.042260000,RC2_0046_ICR-3_p08
351.144815575,543.187076925,192.042261349,Other,random,C10H8O4,192.042260000,RC2_0046_ICR-3_p08
337.092807185,529.135071534,192.042264349,Other,random,C10H8O4,192.042260000,RC2_0046_ICR-3_p08
298.093147623,490.135411972,192.042264349,Other,random,C10H8O4,192.042260000,RC2_0046_ICR-3_p08
367.176132570,559.218397919,192.042265349,Other,random,C10H8O4,192.042260000,RC2_0046_ICR-3_p08
383.134591874,575.176857223,192.042265349,Other,random,C10H8O4,192.042260000,RC2_0046_ICR-3_p08
351.175555445,543.217820794,192.042265349,Other,random,C10H8O4,192.042260000,RC2_0046_ICR-3_p08
339.181183326,531.223449675,192.042266349,Other,random,C10H8O4,192.042260000,RC2_0046_ICR-3_p08
301.084797932,493.127064281,192.042266349,Other,random,C10H8O4,192.042260000,RC2_0046_ICR-3_p08
345.183700863,537.225969212,192.042268349,Other,random,C10H8O4,192.042260000,RC2_0046_ICR-3_p08
371.098111933,563.140381282,192.042269349,Other,random,C10H8O4,192.042260000,RC2_0046_ICR-3_p08
321.061516190,513.124900450,192.063384260,Other,random,C7H12O6,192.063390000,RC2_0046_ICR-3_p08
341.030232482,533.093617741,192.063385260,Other,random,C7H12O6,192.063390000,RC2_0046_ICR-3_p08
539.083056334,731.146442594,192.063386260,Other,random,C7H12O6,192.063390000,RC2_0046_ICR-3_p08
373.129183317,565.192570576,192.063387260,Other,random,C7H12O6,192.063390000,RC2_0046_ICR-3_p08
429.009854269,621.073243528,192.063389260,Other,random,C7H12O6,192.063390000,RC2_0046_ICR-3_p08
301.035337142,493.098727401,192.063390260,Other,random,C7H12O6,192.063390000,RC2_0046_ICR-3_p08
361.214930858,553.278323117,192.063392260,Other,random,C7H12O6,192.063390000,RC2_0046_ICR-3_p08
343.168094413,535.231487673,192.063393260,Other,random,C7H12O6,192.063390000,RC2_0046_ICR-3_p08
357.097827323,549.161221582,192.063394260,Other,random,C7H12O6,192.063390000,RC2_0046_ICR-3_p08
365.051172584,557.114567844,192.063395260,Other,random,C7H12O6,192.063390000,RC2_0046_ICR-3_p08
431.220498891,623.283894151,192.063395260,Other,random,C7H12O6,192.063390000,RC2_0046_ICR-3_p08
425.173575543,617.236970802,192.063395260,Other,random,C7H12O6,192.063390000,RC2_0046_ICR-3_p08
419.025402623,611.088799883,192.063397260,Other,random,C7H12O6,192.063390000,RC2_0046_ICR-3_p08
321.097822036,513.161221295,192.063399259,Other,random,C7H12O6,192.063390000,RC2_0046_ICR-3_p08
359.126588716,551.189987976,192.063399259,Other,random,C7H12O6,192.063390000,RC2_0046_ICR-3_p08
367.103365879,559.182001074,192.078635195,Other,random,C11H12O3,192.078645000,RC2_0046_ICR-3_p08
305.087691952,497.166327146,192.078635195,Other,random,C11H12O3,192.078645000,RC2_0046_ICR-3_p08
567.208328026,759.286966220,192.078638195,Other,random,C11H12O3,192.078645000,RC2_0046_ICR-3_p08
349.056393435,541.135031629,192.078638195,Other,random,C11H12O3,192.078645000,RC2_0046_ICR-3_p08
599.125182633,791.203821828,192.078639195,Other,random,C11H12O3,192.078645000,RC2_0046_ICR-3_p08
365.014899738,557.093540933,192.078641195,Other,random,C11H12O3,192.078645000,RC2_0046_ICR-3_p08
301.084797932,493.163441127,192.078643195,Other,random,C11H12O3,192.078645000,RC2_0046_ICR-3_p08
325.165597780,517.244240975,192.078643195,Other,random,C11H12O3,192.078645000,RC2_0046_ICR-3_p08
335.004389044,527.083035239,192.078646195,Other,random,C11H12O3,192.078645000,RC2_0046_ICR-3_p08
447.129500405,639.208147599,192.078647195,Other,random,C11H12O3,192.078645000,RC2_0046_ICR-3_p08
341.137114029,533.215762223,192.078648195,Other,random,C11H12O3,192.078645000,RC2_0046_ICR-3_p08
295.155105086,487.233753281,192.078648195,Other,random,C11H12O3,192.078645000,RC2_0046_ICR-3_p08
297.074484944,489.153135139,192.078650195,Other,random,C11H12O3,192.078645000,RC2_0046_ICR-3_p08
345.110818172,537.189468367,192.078650195,Other,random,C11H12O3,192.078645000,RC2_0046_ICR-3_p08
335.126495526,527.205146721,192.078651195,Other,random,C11H12O3,192.078645000,RC2_0046_ICR-3_p08
353.173473970,545.252125165,192.078651195,Other,random,C11H12O3,192.078645000,RC2_0046_ICR-3_p08
310.093147718,502.171799913,192.078652195,Other,random,C11H12O3,192.078645000,RC2_0046_ICR-3_p08
325.142186880,517.220839074,192.078652195,Other,random,C11H12O3,192.078645000,RC2_0046_ICR-3_p08
405.204660251,597.283313446,192.078653195,Other,random,C11H12O3,192.078645000,RC2_0046_ICR-3_p08
323.113488485,515.192141680,192.078653195,Other,random,C11H12O3,192.078645000,RC2_0046_ICR-3_p08
327.144810384,519.259831425,192.115021041,Other,random,C12H16O2,192.115030000,RC2_0046_ICR-3_p08
567.171945180,759.286966220,192.115021041,Other,random,C12H16O2,192.115030000,RC2_0046_ICR-3_p08
327.121522483,519.236543524,192.115021041,Other,random,C12H16O2,192.115030000,RC2_0046_ICR-3_p08
403.124402076,595.239425116,192.115023041,Other,random,C12H16O2,192.115030000,RC2_0046_ICR-3_p08
331.058887781,523.173911821,192.115024041,Other,random,C12H16O2,192.115030000,RC2_0046_ICR-3_p08
479.119272703,671.234296743,192.115024041,Other,random,C12H16O2,192.115030000,RC2_0046_ICR-3_p08
321.061516190,513.176541230,192.115025040,Other,random,C12H16O2,192.115030000,RC2_0046_ICR-3_p08
333.155391887,525.270416928,192.115025040,Other,random,C12H16O2,192.115030000,RC2_0046_ICR-3_p08
261.053445747,453.168471787,192.115026040,Other,random,C12H16O2,192.115030000,RC2_0046_ICR-3_p08
385.077519632,577.192546672,192.115027040,Other,random,C12H16O2,192.115030000,RC2_0046_ICR-3_p08
419.155680071,611.270708111,192.115028040,Other,random,C12H16O2,192.115030000,RC2_0046_ICR-3_p08
327.035702847,519.150732888,192.115030040,Other,random,C12H16O2,192.115030000,RC2_0046_ICR-3_p08
295.118722240,487.233753281,192.115031040,Other,random,C12H16O2,192.115030000,RC2_0046_ICR-3_p08
367.103365879,559.218397919,192.115032040,Other,random,C12H16O2,192.115030000,RC2_0046_ICR-3_p08
349.019999589,541.135031629,192.115032040,Other,random,C12H16O2,192.115030000,RC2_0046_ICR-3_p08
359.098219837,551.213251877,192.115032040,Other,random,C12H16O2,192.115030000,RC2_0046_ICR-3_p08
391.124480980,583.239515021,192.115034040,Other,random,C12H16O2,192.115030000,RC2_0046_ICR-3_p08
341.051209393,533.166243433,192.115034040,Other,random,C12H16O2,192.115030000,RC2_0046_ICR-3_p08
431.192009012,623.307046053,192.115037040,Other,random,C12H16O2,192.115030000,RC2_0046_ICR-3_p08
447.069611659,639.184648699,192.115037040,Other,random,C12H16O2,192.115030000,RC2_0046_ICR-3_p08
539.067913398,731.182950439,192.115037040,Other,random,C12H16O2,192.115030000,RC2_0046_ICR-3_p08
351.072037884,543.187076925,192.115039040,Other,random,C12H16O2,192.115030000,RC2_0046_ICR-3_p08
423.020394676,615.135433717,192.115039040,Other,random,C12H16O2,192.115030000,RC2_0046_ICR-3_p08
325.092731089,518.130231217,193.037500127,Other,random,C9H7N1O4,193.037509000,RC2_0046_ICR-3_p08
329.124093988,522.161599116,193.037505127,Other,random,C9H7N1O4,193.037509000,RC2_0046_ICR-3_p08
299.077216448,492.114722576,193.037506127,Other,random,C9H7N1O4,193.037509000,RC2_0046_ICR-3_p08
355.066835938,548.104349065,193.037513127,Other,random,C9H7N1O4,193.037509000,RC2_0046_ICR-3_p08
373.105781416,567.127297369,194.021515953,Other,random,C9H6O5,194.021525000,RC2_0046_ICR-3_p08
315.035711752,509.057227705,194.021515953,Other,random,C9H6O5,194.021525000,RC2_0046_ICR-3_p08
325.056365244,519.077881197,194.021515953,Other,random,C9H6O5,194.021525000,RC2_0046_ICR-3_p08
297.074484944,491.096002897,194.021517953,Other,random,C9H6O5,194.021525000,RC2_0046_ICR-3_p08
368.062239811,562.083757764,194.021517953,Other,random,C9H6O5,194.021525000,RC2_0046_ICR-3_p08
417.249190158,611.270708111,194.021517953,Other,random,C9H6O5,194.021525000,RC2_0046_ICR-3_p08
553.265270173,747.286789126,194.021518953,Other,random,C9H6O5,194.021525000,RC2_0046_ICR-3_p08
312.108778168,506.130297121,194.021518953,Other,random,C9H6O5,194.021525000,RC2_0046_ICR-3_p08
321.191834637,515.213353590,194.021518953,Other,random,C9H6O5,194.021525000,RC2_0046_ICR-3_p08
329.087757142,523.109276095,194.021518953,Other,random,C9H6O5,194.021525000,RC2_0046_ICR-3_p08
349.201896817,543.223415770,194.021518953,Other,random,C9H6O5,194.021525000,RC2_0046_ICR-3_p08
297.110920789,491.132440742,194.021519953,Other,random,C9H6O5,194.021525000,RC2_0046_ICR-3_p08
301.035337142,495.056857095,194.021519953,Other,random,C9H6O5,194.021525000,RC2_0046_ICR-3_p08
353.188889904,547.210410857,194.021520953,Other,random,C9H6O5,194.021525000,RC2_0046_ICR-3_p08
309.183695576,503.205216529,194.021520953,Other,random,C9H6O5,194.021525000,RC2_0046_ICR-3_p08
313.201958531,507.223480484,194.021521953,Other,random,C9H6O5,194.021525000,RC2_0046_ICR-3_p08
333.134293977,527.155815930,194.021521953,Other,random,C9H6O5,194.021525000,RC2_0046_ICR-3_p08
301.056416052,495.077938005,194.021521953,Other,random,C9H6O5,194.021525000,RC2_0046_ICR-3_p08
303.136812227,497.158335180,194.021522953,Other,random,C9H6O5,194.021525000,RC2_0046_ICR-3_p08
339.144720480,533.166243433,194.021522953,Other,random,C9H6O5,194.021525000,RC2_0046_ICR-3_p08
365.209922911,559.231446864,194.021523953,Other,random,C9H6O5,194.021525000,RC2_0046_ICR-3_p08
353.064341433,547.085865386,194.021523953,Other,random,C9H6O5,194.021525000,RC2_0046_ICR-3_p08
339.108406634,533.129930587,194.021523953,Other,random,C9H6O5,194.021525000,RC2_0046_ICR-3_p08
305.102952887,499.124478840,194.021525953,Other,random,C9H6O5,194.021525000,RC2_0046_ICR-3_p08
345.155369983,539.176895936,194.021525953,Other,random,C9H6O5,194.021525000,RC2_0046_ICR-3_p08
419.170937006,613.192462959,194.021525953,Other,random,C9H6O5,194.021525000,RC2_0046_ICR-3_p08
319.082301586,513.103828539,194.021526953,Other,random,C9H6O5,194.021525000,RC2_0046_ICR-3_p08
310.129547564,504.151074517,194.021526953,Other,random,C9H6O5,194.021525000,RC2_0046_ICR-3_p08
313.092737994,507.114264947,194.021526953,Other,random,C9H6O5,194.021525000,RC2_0046_ICR-3_p08
319.058846685,513.080374638,194.021527953,Other,random,C9H6O5,194.021525000,RC2_0046_ICR-3_p08
339.181183326,533.202712279,194.021528953,Other,random,C9H6O5,194.021525000,RC2_0046_ICR-3_p08
329.124093988,523.145622941,194.021528953,Other,random,C9H6O5,194.021525000,RC2_0046_ICR-3_p08
323.126518430,517.148048383,194.021529953,Other,random,C9H6O5,194.021525000,RC2_0046_ICR-3_p08
431.046616629,625.068146582,194.021529953,Other,random,C9H6O5,194.021525000,RC2_0046_ICR-3_p08
308.041080423,502.062612376,194.021531953,Other,random,C9H6O5,194.021525000,RC2_0046_ICR-3_p08
511.291350228,705.312883181,194.021532953,Other,random,C9H6O5,194.021525000,RC2_0046_ICR-3_p08
338.088041963,532.109575916,194.021533953,Other,random,C9H6O5,194.021525000,RC2_0046_ICR-3_p08
413.181552413,607.203086366,194.021533953,Other,random,C9H6O5,194.021525000,RC2_0046_ICR-3_p08
278.103313420,472.124848373,194.021534953,Other,random,C9H6O5,194.021525000,RC2_0046_ICR-3_p08
527.104257149,721.125792102,194.021534953,Other,random,C9H6O5,194.021525000,RC2_0046_ICR-3_p08
471.199937297,665.245262149,194.045324852,Other,random,C9H8N1O4,194.045334000,RC2_0046_ICR-3_p08
453.116572007,647.161896859,194.045324852,Other,random,C9H8N1O4,194.045334000,RC2_0046_ICR-3_p08
361.178612012,555.223942864,194.045330852,Other,random,C9H8N1O4,194.045334000,RC2_0046_ICR-3_p08
509.106683495,703.152016347,194.045332852,Other,random,C9H8N1O4,194.045334000,RC2_0046_ICR-3_p08
483.199977392,677.245313244,194.045335852,Other,random,C9H8N1O4,194.045334000,RC2_0046_ICR-3_p08
421.126859709,615.172195561,194.045335852,Other,random,C9H8N1O4,194.045334000,RC2_0046_ICR-3_p08
439.173721153,633.219059005,194.045337852,Other,random,C9H8N1O4,194.045334000,RC2_0046_ICR-3_p08
417.095552810,611.140891662,194.045338852,Other,random,C9H8N1O4,194.045334000,RC2_0046_ICR-3_p08
423.142477159,617.187817011,194.045339852,Other,random,C9H8N1O4,194.045334000,RC2_0046_ICR-3_p08
447.142559349,641.187900201,194.045340852,Other,random,C9H8N1O4,194.045334000,RC2_0046_ICR-3_p08
405.168317406,599.213659258,194.045341852,Other,random,C9H8N1O4,194.045334000,RC2_0046_ICR-3_p08
477.116683198,671.162027050,194.045343852,Other,random,C9H8N1O4,194.045334000,RC2_0046_ICR-3_p08
323.004408948,517.244240975,194.239832027,Other,random,C15H30O_1,194.239835000,RC2_0046_ICR-3_p08
363.048628079,557.288461106,194.239833027,Other,random,C15H30O_1,194.239835000,RC2_0046_ICR-3_p08
357.046081542,552.099233119,195.053151577,Other,random,C9H9N1O4,195.053159000,RC2_0046_ICR-3_p08
631.143652809,826.196808386,195.053155577,Other,random,C9H9N1O4,195.053159000,RC2_0046_ICR-3_p08
381.082418579,576.135575156,195.053156577,Other,random,C9H9N1O4,195.053159000,RC2_0046_ICR-3_p08
279.014669554,474.067832131,195.053162577,Other,random,C9H9N1O4,195.053159000,RC2_0046_ICR-3_p08
297.025191153,492.078354730,195.053163577,Other,random,C9H9N1O4,195.053159000,RC2_0046_ICR-3_p08
297.097976844,492.151140421,195.053163577,Other,random,C9H9N1O4,195.053159000,RC2_0046_ICR-3_p08
261.053445747,456.106610323,195.053164577,Other,random,C9H9N1O4,195.053159000,RC2_0046_ICR-3_p08
369.128625287,564.229399662,195.100774375,Other,random,C9H13O2N3,195.100777000,RC2_0046_ICR-3_p08
289.157489528,485.215784841,196.058295313,Other,random,C6H12O7,196.058305000,RC2_0046_ICR-3_p08
541.098742783,737.157038096,196.058295313,Other,random,C6H12O7,196.058305000,RC2_0046_ICR-3_p08
313.108006929,509.166310242,196.058303313,Other,random,C6H12O7,196.058305000,RC2_0046_ICR-3_p08
333.025122440,529.083425753,196.058303313,Other,random,C6H12O7,196.058305000,RC2_0046_ICR-3_p08
415.030496570,611.088799883,196.058303313,Other,random,C6H12O7,196.058305000,RC2_0046_ICR-3_p08
343.118588623,539.176895936,196.058307313,Other,random,C6H12O7,196.058305000,RC2_0046_ICR-3_p08
343.082106778,539.140416091,196.058309313,Other,random,C6H12O7,196.058305000,RC2_0046_ICR-3_p08
265.071784701,465.080369256,200.008584556,Other,random,C4H9O7P1,200.008593000,RC2_0046_ICR-3_p08
301.144433679,501.153021235,200.008587556,Other,random,C4H9O7P1,200.008593000,RC2_0046_ICR-3_p08
287.092570288,487.101159843,200.008589556,Other,random,C4H9O7P1,200.008593000,RC2_0046_ICR-3_p08
273.040537897,473.049133453,200.008595556,Other,random,C4H9O7P1,200.008593000,RC2_0046_ICR-3_p08
291.051042496,491.059639051,200.008596556,Other,random,C4H9O7P1,200.008593000,RC2_0046_ICR-3_p08
279.160184937,479.168784493,200.008599556,Other,random,C4H9O7P1,200.008593000,RC2_0046_ICR-3_p08
291.087403341,491.096002897,200.008599556,Other,random,C4H9O7P1,200.008593000,RC2_0046_ICR-3_p08
301.020034207,501.067371598,200.047337391,Other,random,C12H8O3,200.047345000,RC2_0046_ICR-3_p08
339.121490579,539.168829970,200.047339391,Other,random,C12H8O3,200.047345000,RC2_0046_ICR-3_p08
487.072775964,687.120115355,200.047339391,Other,random,C12H8O3,200.047345000,RC2_0046_ICR-3_p08
341.124127084,541.171467475,200.047340391,Other,random,C12H8O3,200.047345000,RC2_0046_ICR-3_p08
529.228758136,729.276102528,200.047344391,Other,random,C12H8O3,200.047345000,RC2_0046_ICR-3_p08
427.124406267,627.171751658,200.047345391,Other,random,C12H8O3,200.047345000,RC2_0046_ICR-3_p08
305.087691952,505.135038343,200.047346391,Other,random,C12H8O3,200.047345000,RC2_0046_ICR-3_p08
285.134353594,485.181700986,200.047347391,Other,random,C12H8O3,200.047345000,RC2_0046_ICR-3_p08
311.090239489,511.137589880,200.047350391,Other,random,C12H8O3,200.047345000,RC2_0046_ICR-3_p08
347.207435278,547.254785669,200.047350391,Other,random,C12H8O3,200.047345000,RC2_0046_ICR-3_p08
287.186398890,487.233753281,200.047354391,Other,random,C12H8O3,200.047345000,RC2_0046_ICR-3_p08
467.205157243,667.252511634,200.047354391,Other,random,C12H8O3,200.047345000,RC2_0046_ICR-3_p08
327.144810384,527.322431223,200.177620839,Other,random,C12H24O2,200.177630000,RC2_0046_ICR-3_p08
575.140648376,775.318269215,200.177620839,Other,random,C12H24O2,200.177630000,RC2_0046_ICR-3_p08
451.015338921,651.192960759,200.177621839,Other,random,C12H24O2,200.177630000,RC2_0046_ICR-3_p08
307.045857645,507.223480484,200.177622839,Other,random,C12H24O2,200.177630000,RC2_0046_ICR-3_p08
273.025186962,473.202809801,200.177622839,Other,random,C12H24O2,200.177630000,RC2_0046_ICR-3_p08
333.097906131,533.275530970,200.177624839,Other,random,C12H24O2,200.177630000,RC2_0046_ICR-3_p08
311.077088544,511.254716383,200.177627839,Other,random,C12H24O2,200.177630000,RC2_0046_ICR-3_p08
377.064367624,577.241996462,200.177628839,Other,random,C12H24O2,200.177630000,RC2_0046_ICR-3_p08
407.061756374,607.239385212,200.177628839,Other,random,C12H24O2,200.177630000,RC2_0046_ICR-3_p08
379.079953073,579.257582912,200.177629839,Other,random,C12H24O2,200.177630000,RC2_0046_ICR-3_p08
261.053445747,461.231076585,200.177630839,Other,random,C12H24O2,200.177630000,RC2_0046_ICR-3_p08
471.056664905,671.234296743,200.177631839,Other,random,C12H24O2,200.177630000,RC2_0046_ICR-3_p08
401.027843970,601.205476808,200.177632839,Other,random,C12H24O2,200.177630000,RC2_0046_ICR-3_p08
355.030544092,555.208177931,200.177633839,Other,random,C12H24O2,200.177630000,RC2_0046_ICR-3_p08
301.048392086,501.226025925,200.177633839,Other,random,C12H24O2,200.177630000,RC2_0046_ICR-3_p08
347.077150831,547.254785669,200.177634839,Other,random,C12H24O2,200.177630000,RC2_0046_ICR-3_p08
359.053811025,559.231446864,200.177635839,Other,random,C12H24O2,200.177630000,RC2_0046_ICR-3_p08
303.072087502,503.249723340,200.177635839,Other,random,C12H24O2,200.177630000,RC2_0046_ICR-3_p08
357.110821267,557.288461106,200.177639839,Other,random,C12H24O2,200.177630000,RC2_0046_ICR-3_p08
337.105749130,538.205858055,201.100108925,Other,random,C9H15N1O4,201.100109000,RC2_0046_ICR-3_p08
303.050960591,504.151074517,201.100113925,Other,random,C9H15N1O4,201.100109000,RC2_0046_ICR-3_p08
365.014899738,566.115015663,201.100115925,Other,random,C9H15N1O4,201.100109000,RC2_0046_ICR-3_p08
301.165635589,502.265753514,201.100117925,Other,random,C9H15N1O4,201.100109000,RC2_0046_ICR-3_p08
352.103685508,553.205140428,201.101454920,Other,random,C10H11N5,201.101445000,RC2_0046_ICR-3_p08
396.064995022,598.185495619,202.120500597,Other,random,C10H18O4,202.120510000,RC2_0046_ICR-3_p08
321.097822036,523.218322633,202.120500597,Other,random,C10H18O4,202.120510000,RC2_0046_ICR-3_p08
375.072046075,577.192546672,202.120500597,Other,random,C10H18O4,202.120510000,RC2_0046_ICR-3_p08
305.152454677,507.272956274,202.120501597,Other,random,C10H18O4,202.120510000,RC2_0046_ICR-3_p08
307.082219491,509.202722088,202.120502597,Other,random,C10H18O4,202.120510000,RC2_0046_ICR-3_p08
331.009427991,533.129930587,202.120502597,Other,random,C10H18O4,202.120510000,RC2_0046_ICR-3_p08
417.132031655,619.252534252,202.120502597,Other,random,C10H18O4,202.120510000,RC2_0046_ICR-3_p08
321.025120344,523.145622941,202.120502597,Other,random,C10H18O4,202.120510000,RC2_0046_ICR-3_p08
331.082208682,533.202712279,202.120503597,Other,random,C10H18O4,202.120510000,RC2_0046_ICR-3_p08
495.223395388,697.343898985,202.120503597,Other,random,C10H18O4,202.120510000,RC2_0046_ICR-3_p08
347.004343139,549.124849736,202.120506597,Other,random,C10H18O4,202.120510000,RC2_0046_ICR-3_p08
373.178584107,575.299091704,202.120507597,Other,random,C10H18O4,202.120510000,RC2_0046_ICR-3_p08
398.999470574,601.119982171,202.120511597,Other,random,C10H18O4,202.120510000,RC2_0046_ICR-3_p08
315.063982632,517.184496229,202.120513597,Other,random,C10H18O4,202.120510000,RC2_0046_ICR-3_p08
317.116029927,519.236543524,202.120513597,Other,random,C10H18O4,202.120510000,RC2_0046_ICR-3_p08
369.147203209,571.267718805,202.120515597,Other,random,C10H18O4,202.120510000,RC2_0046_ICR-3_p08
343.030503997,545.151020593,202.120516597,Other,random,C10H18O4,202.120510000,RC2_0046_ICR-3_p08
345.134268072,547.254785669,202.120517597,Other,random,C10H18O4,202.120510000,RC2_0046_ICR-3_p08
347.040703985,549.161221582,202.120517597,Other,random,C10H18O4,202.120510000,RC2_0046_ICR-3_p08
329.102931078,531.223449675,202.120518597,Other,random,C10H18O4,202.120510000,RC2_0046_ICR-3_p08
295.009489704,497.130008301,202.120518597,Other,random,C10H18O4,202.120510000,RC2_0046_ICR-3_p08
491.046414107,693.166933704,202.120519597,Other,random,C10H18O4,202.120510000,RC2_0046_ICR-3_p08
466.106922902,668.227442498,202.120519597,Other,random,C10H18O4,202.120510000,RC2_0046_ICR-3_p08
497.108492392,699.229011989,202.120519597,Other,random,C10H18O4,202.120510000,RC2_0046_ICR-3_p08
301.092838898,504.151074517,203.058235619,Other,random,C11H9N1O3,203.058244000,RC2_0046_ICR-3_p08
299.113563294,502.171799913,203.058236619,Other,random,C11H9N1O3,203.058244000,RC2_0046_ICR-3_p08
345.046108446,548.104349065,203.058240619,Other,random,C11H9N1O3,203.058244000,RC2_0046_ICR-3_p08
319.103353497,522.161599116,203.058245619,Other,random,C11H9N1O3,203.058244000,RC2_0046_ICR-3_p08
433.113845860,636.193219389,203.079373529,Other,random,glcnac_C8H13N1O5,203.079374000,RC2_0046_ICR-3_p08
273.076802743,476.156185272,203.079382529,Other,random,glcnac_C8H13N1O5,203.079374000,RC2_0046_ICR-3_p08
359.113546772,562.192930301,203.079383529,Other,random,glcnac_C8H13N1O5,203.079374000,RC2_0046_ICR-3_p08
252.051452933,455.168554303,203.117101369,Other,random,C10H13N5,203.117095000,RC2_0046_ICR-3_p08
270.061965532,474.067832131,204.005866599,Other,random,C10H4O5,204.005875000,RC2_0046_ICR-3_p08
343.103348688,547.109216287,204.005867599,Other,random,C10H4O5,204.005875000,RC2_0046_ICR-3_p08
361.113903286,565.119770885,204.005867599,Other,random,C10H4O5,204.005875000,RC2_0046_ICR-3_p08
339.035520944,543.041391543,204.005870599,Other,random,C10H4O5,204.005875000,RC2_0046_ICR-3_p08
497.238969838,701.244841437,204.005871599,Other,random,C10H4O5,204.005875000,RC2_0046_ICR-3_p08
481.098586306,685.104459905,204.005873599,Other,random,C10H4O5,204.005875000,RC2_0046_ICR-3_p08
291.209549823,495.215423422,204.005873599,Other,random,C10H4O5,204.005875000,RC2_0046_ICR-3_p08
289.092852802,493.098727401,204.005874599,Other,random,C10H4O5,204.005875000,RC2_0046_ICR-3_p08
315.108418443,519.114295042,204.005876599,Other,random,C10H4O5,204.005875000,RC2_0046_ICR-3_p08
337.142265975,541.148142574,204.005876599,Other,random,C10H4O5,204.005875000,RC2_0046_ICR-3_p08
315.035711752,519.041591351,204.005879599,Other,random,C10H4O5,204.005875000,RC2_0046_ICR-3_p08
321.061516190,525.067397789,204.005881599,Other,random,C10H4O5,204.005875000,RC2_0046_ICR-3_p08
377.137127315,581.143008914,204.005881599,Other,random,C10H4O5,204.005875000,RC2_0046_ICR-3_p08
307.204408972,511.210291571,204.005882599,Other,random,C10H4O5,204.005875000,RC2_0046_ICR-3_p08
291.173172978,495.215423422,204.042250445,Other,random,C11H8O4,204.042260000,RC2_0046_ICR-3_p08
329.233280525,533.275530970,204.042250445,Other,random,C11H8O4,204.042260000,RC2_0046_ICR-3_p08
525.233851083,729.276102528,204.042251445,Other,random,C11H8O4,204.042260000,RC2_0046_ICR-3_p08
483.114250756,687.156503201,204.042252445,Other,random,C11H8O4,204.042260000,RC2_0046_ICR-3_p08
357.155348079,561.197601523,204.042253445,Other,random,C11H8O4,204.042260000,RC2_0046_ICR-3_p08
333.118975042,537.161228486,204.042253445,Other,random,C11H8O4,204.042260000,RC2_0046_ICR-3_p08
435.165894155,639.208147599,204.042253445,Other,random,C11H8O4,204.042260000,RC2_0046_ICR-3_p08
391.197170672,595.239425116,204.042254445,Other,random,C11H8O4,204.042260000,RC2_0046_ICR-3_p08
369.168415119,573.210670563,204.042255445,Other,random,C11H8O4,204.042260000,RC2_0046_ICR-3_p08
343.066959842,547.109216287,204.042256445,Other,random,C11H8O4,204.042260000,RC2_0046_ICR-3_p08
371.134600778,575.176857223,204.042256445,Other,random,C11H8O4,204.042260000,RC2_0046_ICR-3_p08
319.168107222,523.210363667,204.042256445,Other,random,C11H8O4,204.042260000,RC2_0046_ICR-3_p08
321.183680672,525.225938116,204.042257445,Other,random,C11H8O4,204.042260000,RC2_0046_ICR-3_p08
353.124102179,557.166361624,204.042259445,Other,random,C11H8O4,204.042260000,RC2_0046_ICR-3_p08
397.163217364,601.205476808,204.042259445,Other,random,C11H8O4,204.042260000,RC2_0046_ICR-3_p08
355.139738629,559.182001074,204.042262445,Other,random,C11H8O4,204.042260000,RC2_0046_ICR-3_p08
313.142233784,517.184496229,204.042262445,Other,random,C11H8O4,204.042260000,RC2_0046_ICR-3_p08
317.124150892,521.166413337,204.042262445,Other,random,C11H8O4,204.042260000,RC2_0046_ICR-3_p08
397.041121882,601.083385326,204.042263445,Other,random,C11H8O4,204.042260000,RC2_0046_ICR-3_p08
301.056416052,505.098679497,204.042263445,Other,random,C11H8O4,204.042260000,RC2_0046_ICR-3_p08
311.004275853,515.046539298,204.042263445,Other,random,C11H8O4,204.042260000,RC2_0046_ICR-3_p08
289.056461957,493.098727401,204.042265445,Other,random,C11H8O4,204.042260000,RC2_0046_ICR-3_p08
313.165520685,517.207786130,204.042265445,Other,random,C11H8O4,204.042260000,RC2_0046_ICR-3_p08
375.093185986,579.135451430,204.042265445,Other,random,C11H8O4,204.042260000,RC2_0046_ICR-3_p08
311.149873236,515.192141680,204.042268445,Other,random,C11H8O4,204.042260000,RC2_0046_ICR-3_p08
319.103353497,523.145622941,204.042269445,Other,random,C11H8O4,204.042260000,RC2_0046_ICR-3_p08
323.077059640,527.119329085,204.042269445,Other,random,C11H8O4,204.042260000,RC2_0046_ICR-3_p08
527.140525995,731.328320822,204.187794827,Other,random,C15H24,204.187800000,RC2_0046_ICR-3_p08
393.059273773,597.247071600,204.187797827,Other,random,C15H24,204.187800000,RC2_0046_ICR-3_p08
373.032836726,577.220635553,204.187798827,Other,random,C15H24,204.187800000,RC2_0046_ICR-3_p08
386.044299530,590.232100358,204.187800827,Other,random,C15H24,204.187800000,RC2_0046_ICR-3_p08
435.069726563,639.257528390,204.187801827,Other,random,C15H24,204.187800000,RC2_0046_ICR-3_p08
353.100656279,557.288461106,204.187804827,Other,random,C15H24,204.187800000,RC2_0046_ICR-3_p08
313.056432148,517.244240975,204.187808827,Other,random,C15H24,204.187800000,RC2_0046_ICR-3_p08
387.035561325,592.102924422,205.067363096,Other,random,C10H11N3S1,205.067369000,RC2_0046_ICR-3_p08
391.066942224,596.134306320,205.067364096,Other,random,C10H11N3S1,205.067369000,RC2_0046_ICR-3_p08
395.199216695,601.205476808,206.006260113,Other,random,C6H6O8,206.006270000,RC2_0046_ICR-3_p08
343.118588623,549.124849736,206.006261113,Other,random,C6H6O8,206.006270000,RC2_0046_ICR-3_p08
337.092807185,543.099068298,206.006261113,Other,random,C6H6O8,206.006270000,RC2_0046_ICR-3_p08
355.082262873,561.088525986,206.006263113,Other,random,C6H6O8,206.006270000,RC2_0046_ICR-3_p08
301.071736987,507.078000101,206.006263113,Other,random,C6H6O8,206.006270000,RC2_0046_ICR-3_p08
399.108381112,605.114646225,206.006265113,Other,random,C6H6O8,206.006270000,RC2_0046_ICR-3_p08
487.160668591,693.166933704,206.006265113,Other,random,C6H6O8,206.006270000,RC2_0046_ICR-3_p08
305.139318733,511.145584846,206.006266113,Other,random,C6H6O8,206.006270000,RC2_0046_ICR-3_p08
303.050960591,509.057227705,206.006267113,Other,random,C6H6O8,206.006270000,RC2_0046_ICR-3_p08
353.188889904,559.195157018,206.006267113,Other,random,C6H6O8,206.006270000,RC2_0046_ICR-3_p08
347.077150831,553.083418944,206.006268113,Other,random,C6H6O8,206.006270000,RC2_0046_ICR-3_p08
373.129183317,579.135451430,206.006268113,Other,random,C6H6O8,206.006270000,RC2_0046_ICR-3_p08
307.082219491,513.088488604,206.006269113,Other,random,C6H6O8,206.006270000,RC2_0046_ICR-3_p08
311.077088544,517.083361658,206.006273113,Other,random,C6H6O8,206.006270000,RC2_0046_ICR-3_p08
319.118653432,525.124930545,206.006277113,Other,random,C6H6O8,206.006270000,RC2_0046_ICR-3_p08
320.113946210,526.120224323,206.006278113,Other,random,C6H6O8,206.006270000,RC2_0046_ICR-3_p08
355.095319817,561.101598930,206.006279113,Other,random,C6H6O8,206.006270000,RC2_0046_ICR-3_p08
531.099137202,737.157038096,206.057900894,Other,random,C11H10O4,206.057910000,RC2_0046_ICR-3_p08
377.064367624,583.122268518,206.057900894,Other,random,C11H10O4,206.057910000,RC2_0046_ICR-3_p08
339.181183326,545.239085220,206.057901894,Other,random,C11H10O4,206.057910000,RC2_0046_ICR-3_p08
327.144810384,533.202712279,206.057901894,Other,random,C11H10O4,206.057910000,RC2_0046_ICR-3_p08
297.097976844,503.155878739,206.057901894,Other,random,C11H10O4,206.057910000,RC2_0046_ICR-3_p08
359.090102871,565.148005765,206.057902894,Other,random,C11H10O4,206.057910000,RC2_0046_ICR-3_p08
297.147313635,503.205216529,206.057902894,Other,random,C11H10O4,206.057910000,RC2_0046_ICR-3_p08
361.041140595,567.099043489,206.057902894,Other,random,C11H10O4,206.057910000,RC2_0046_ICR-3_p08
525.270416928,731.328320822,206.057903894,Other,random,C11H10O4,206.057910000,RC2_0046_ICR-3_p08
341.173514874,547.231418768,206.057903894,Other,random,C11H10O4,206.057910000,RC2_0046_ICR-3_p08
573.218982528,779.276887422,206.057904894,Other,random,C11H10O4,206.057910000,RC2_0046_ICR-3_p08
299.126538239,505.184444133,206.057905894,Other,random,C11H10O4,206.057910000,RC2_0046_ICR-3_p08
301.202030435,507.259938329,206.057907894,Other,random,C11H10O4,206.057910000,RC2_0046_ICR-3_p08
327.157851329,533.215762223,206.057910894,Other,random,C11H10O4,206.057910000,RC2_0046_ICR-3_p08
465.176385849,671.234296743,206.057910894,Other,random,C11H10O4,206.057910000,RC2_0046_ICR-3_p08
331.176140283,537.234052178,206.057911894,Other,random,C11H10O4,206.057910000,RC2_0046_ICR-3_p08
349.214908762,555.272820656,206.057911894,Other,random,C11H10O4,206.057910000,RC2_0046_ICR-3_p08
367.176132570,573.234045464,206.057912894,Other,random,C11H10O4,206.057910000,RC2_0046_ICR-3_p08
311.149873236,517.207786130,206.057912894,Other,random,C11H10O4,206.057910000,RC2_0046_ICR-3_p08
287.040813507,493.098727401,206.057913894,Other,random,C11H10O4,206.057910000,RC2_0046_ICR-3_p08
459.077919719,665.135833613,206.057913894,Other,random,C11H10O4,206.057910000,RC2_0046_ICR-3_p08
321.025120344,527.083035239,206.057914894,Other,random,C11H10O4,206.057910000,RC2_0046_ICR-3_p08
327.035702847,533.093617741,206.057914894,Other,random,C11H10O4,206.057910000,RC2_0046_ICR-3_p08
335.090226680,541.148142574,206.057915894,Other,random,C11H10O4,206.057910000,RC2_0046_ICR-3_p08
351.230545212,557.288461106,206.057915894,Other,random,C11H10O4,206.057910000,RC2_0046_ICR-3_p08
311.040790698,517.098707592,206.057916894,Other,random,C11H10O4,206.057910000,RC2_0046_ICR-3_p08
481.098586306,687.156503201,206.057916894,Other,random,C11H10O4,206.057910000,RC2_0046_ICR-3_p08
351.194263366,557.252182260,206.057918894,Other,random,C11H10O4,206.057910000,RC2_0046_ICR-3_p08
465.030959466,671.109990271,206.079030805,Other,random,C8H14O6,206.079040000,RC2_0046_ICR-3_p08
357.061348477,563.140381282,206.079032805,Other,random,C8H14O6,206.079040000,RC2_0046_ICR-3_p08
371.090066967,577.169099772,206.079032805,Other,random,C8H14O6,206.079040000,RC2_0046_ICR-3_p08
343.058954876,549.137988681,206.079033805,Other,random,C8H14O6,206.079040000,RC2_0046_ICR-3_p08
289.157489528,495.236523333,206.079033805,Other,random,C8H14O6,206.079040000,RC2_0046_ICR-3_p08
317.139288828,523.218322633,206.079033805,Other,random,C8H14O6,206.079040000,RC2_0046_ICR-3_p08
267.123774996,473.202809801,206.079034805,Other,random,C8H14O6,206.079040000,RC2_0046_ICR-3_p08
383.126572908,589.205608712,206.079035805,Other,random,C8H14O6,206.079040000,RC2_0046_ICR-3_p08
319.168107222,525.247145027,206.079037805,Other,random,C8H14O6,206.079040000,RC2_0046_ICR-3_p08
347.186231368,553.265270173,206.079038805,Other,random,C8H14O6,206.079040000,RC2_0046_ICR-3_p08
365.196847966,571.275889771,206.079041805,Other,random,C8H14O6,206.079040000,RC2_0046_ICR-3_p08
369.110970362,575.190012167,206.079041805,Other,random,C8H14O6,206.079040000,RC2_0046_ICR-3_p08
307.045857645,513.124900450,206.079042805,Other,random,C8H14O6,206.079040000,RC2_0046_ICR-3_p08
315.136633324,521.215676128,206.079042805,Other,random,C8H14O6,206.079040000,RC2_0046_ICR-3_p08
311.149873236,517.228916040,206.079042805,Other,random,C8H14O6,206.079040000,RC2_0046_ICR-3_p08
355.082262873,561.161306677,206.079043805,Other,random,C8H14O6,206.079040000,RC2_0046_ICR-3_p08
525.067397789,731.146442594,206.079044805,Other,random,C8H14O6,206.079040000,RC2_0046_ICR-3_p08
301.144433679,507.223480484,206.079046805,Other,random,C8H14O6,206.079040000,RC2_0046_ICR-3_p08
309.097848940,515.176897745,206.079048805,Other,random,C8H14O6,206.079040000,RC2_0046_ICR-3_p08
413.158117513,621.210539946,208.052422433,Other,random,C14H8O2,208.052430000,RC2_0046_ICR-3_p08
297.097976844,507.127296892,210.029320047,Other,random,C6H11O6P1,210.029328000,RC2_0046_ICR-3_p08
297.170748536,507.200071583,210.029323047,Other,random,C6H11O6P1,210.029328000,RC2_0046_ICR-3_p08
281.066678850,491.096002897,210.029324047,Other,random,C6H11O6P1,210.029328000,RC2_0046_ICR-3_p08
255.051044209,465.080369256,210.029325047,Other,random,C6H11O6P1,210.029328000,RC2_0046_ICR-3_p08
271.155127895,481.184460942,210.029333047,Other,random,C6H11O6P1,210.029328000,RC2_0046_ICR-3_p08
247.133925794,457.163258841,210.029333047,Other,random,C6H11O6P1,210.029328000,RC2_0046_ICR-3_p08
249.149643243,459.178979290,210.029336047,Other,random,C6H11O6P1,210.029328000,RC2_0046_ICR-3_p08
303.072087502,513.270442832,210.198355330,Other,random,C14H26O1,210.198365000,RC2_0046_ICR-3_p08
311.053712643,521.252067974,210.198355330,Other,random,C14H26O1,210.198365000,RC2_0046_ICR-3_p08
393.059273773,603.257631103,210.198357330,Other,random,C14H26O1,210.198365000,RC2_0046_ICR-3_p08
385.033059820,595.231419150,210.198359330,Other,random,C14H26O1,210.198365000,RC2_0046_ICR-3_p08
331.103303592,541.301662923,210.198359330,Other,random,C14H26O1,210.198365000,RC2_0046_ICR-3_p08
487.145539655,697.343898985,210.198359330,Other,random,C14H26O1,210.198365000,RC2_0046_ICR-3_p08
347.098198741,557.296563072,210.198364330,Other,random,C14H26O1,210.198365000,RC2_0046_ICR-3_p08
337.069369284,547.267739614,210.198370330,Other,random,C14H26O1,210.198365000,RC2_0046_ICR-3_p08
331.066992746,541.265366077,210.198373330,Other,random,C14H26O1,210.198365000,RC2_0046_ICR-3_p08
577.047409288,787.245782618,210.198373330,Other,random,C14H26O1,210.198365000,RC2_0046_ICR-3_p08
261.053445747,471.251820077,210.198374330,Other,random,C14H26O1,210.198365000,RC2_0046_ICR-3_p08
468.200306021,679.224882847,211.024576825,Other,random,C5H10N1O6P1,211.024577000,RC2_0046_ICR-3_p08
249.076919551,461.085503203,212.008583651,Other,random,C5H9O7P1,212.008593000,RC2_0046_ICR-3_p08
568.240312648,780.248897299,212.008584651,Other,random,C5H9O7P1,212.008593000,RC2_0046_ICR-3_p08
391.212704606,603.221291257,212.008586651,Other,random,C5H9O7P1,212.008593000,RC2_0046_ICR-3_p08
275.128888038,487.137476689,212.008588651,Other,random,C5H9O7P1,212.008593000,RC2_0046_ICR-3_p08
281.139504541,493.148094192,212.008589651,Other,random,C5H9O7P1,212.008593000,RC2_0046_ICR-3_p08
265.144574392,477.153172043,212.008597651,Other,random,C5H9O7P1,212.008593000,RC2_0046_ICR-3_p08
291.087403341,503.096000993,212.008597651,Other,random,C5H9O7P1,212.008593000,RC2_0046_ICR-3_p08
247.061230102,459.069828753,212.008598651,Other,random,C5H9O7P1,212.008593000,RC2_0046_ICR-3_p08
261.040534801,473.049133453,212.008598651,Other,random,C5H9O7P1,212.008593000,RC2_0046_ICR-3_p08
381.191773115,593.200372766,212.008599651,Other,random,C5H9O7P1,212.008593000,RC2_0046_ICR-3_p08
579.062585739,791.203821828,212.141236089,Other,random,C12H20O3,212.141245000,RC2_0046_ICR-3_p08
333.110888076,545.252125165,212.141237089,Other,random,C12H20O3,212.141245000,RC2_0046_ICR-3_p08
317.160496738,529.301734827,212.141238089,Other,random,C12H20O3,212.141245000,RC2_0046_ICR-3_p08
345.025123535,557.166361624,212.141238089,Other,random,C12H20O3,212.141245000,RC2_0046_ICR-3_p08
392.025809157,604.167047245,212.141238089,Other,random,C12H20O3,212.141245000,RC2_0046_ICR-3_p08
325.105822034,537.247062122,212.141240089,Other,random,C12H20O3,212.141245000,RC2_0046_ICR-3_p08
489.031053657,701.172293745,212.141240089,Other,random,C12H20O3,212.141245000,RC2_0046_ICR-3_p08
377.064367624,589.205608712,212.141241088,Other,random,C12H20O3,212.141245000,RC2_0046_ICR-3_p08
307.009491799,519.150732888,212.141241088,Other,random,C12H20O3,212.141245000,RC2_0046_ICR-3_p08
311.126596334,523.267838423,212.141242088,Other,random,C12H20O3,212.141245000,RC2_0046_ICR-3_p08
391.116388014,603.257631103,212.141243088,Other,random,C12H20O3,212.141245000,RC2_0046_ICR-3_p08
335.126495526,547.267739614,212.141244088,Other,random,C12H20O3,212.141245000,RC2_0046_ICR-3_p08
395.098140124,607.239385212,212.141245088,Other,random,C12H20O3,212.141245000,RC2_0046_ICR-3_p08
347.077150831,559.218397919,212.141247088,Other,random,C12H20O3,212.141245000,RC2_0046_ICR-3_p08
347.090198775,559.231446864,212.141248088,Other,random,C12H20O3,212.141245000,RC2_0046_ICR-3_p08
381.131987369,593.273235457,212.141248088,Other,random,C12H20O3,212.141245000,RC2_0046_ICR-3_p08
319.131689376,531.272938465,212.141249088,Other,random,C12H20O3,212.141245000,RC2_0046_ICR-3_p08
459.077919719,671.219168807,212.141249088,Other,random,C12H20O3,212.141245000,RC2_0046_ICR-3_p08
337.142265975,549.283515063,212.141249088,Other,random,C12H20O3,212.141245000,RC2_0046_ICR-3_p08
303.014600746,515.155850834,212.141250088,Other,random,C12H20O3,212.141245000,RC2_0046_ICR-3_p08
351.035667038,563.176918127,212.141251088,Other,random,C12H20O3,212.141245000,RC2_0046_ICR-3_p08
313.105893938,525.247145027,212.141251088,Other,random,C12H20O3,212.141245000,RC2_0046_ICR-3_p08
315.014563841,527.155815930,212.141252088,Other,random,C12H20O3,212.141245000,RC2_0046_ICR-3_p08
337.019969494,549.161221582,212.141252088,Other,random,C12H20O3,212.141245000,RC2_0046_ICR-3_p08
363.085120924,575.226373013,212.141252088,Other,random,C12H20O3,212.141245000,RC2_0046_ICR-3_p08
289.084773837,501.226025925,212.141252088,Other,random,C12H20O3,212.141245000,RC2_0046_ICR-3_p08
309.147307731,521.288559819,212.141252088,Other,random,C12H20O3,212.141245000,RC2_0046_ICR-3_p08
307.045857645,519.187110733,212.141253088,Other,random,C12H20O3,212.141245000,RC2_0046_ICR-3_p08
381.118949424,593.260203512,212.141254088,Other,random,C12H20O3,212.141245000,RC2_0046_ICR-3_p08
297.097976844,509.239230933,212.141254088,Other,random,C12H20O3,212.141245000,RC2_0046_ICR-3_p08
458.109174828,671.125586204,213.016411376,Other,random,C5H10O7P1,213.016418000,RC2_0046_ICR-3_p08
358.106038046,571.122459422,213.016421376,Other,random,C5H10O7P1,213.016418000,RC2_0046_ICR-3_p08
315.072085597,529.135071534,214.062985936,Other,random,C13H10O3,214.062995000,RC2_0046_ICR-3_p08
443.228496953,657.291482889,214.062985936,Other,random,C13H10O3,214.062995000,RC2_0046_ICR-3_p08
347.134614587,561.197601523,214.062986936,Other,random,C13H10O3,214.062995000,RC2_0046_ICR-3_p08
363.121444770,577.184432706,214.062987936,Other,random,C13H10O3,214.062995000,RC2_0046_ICR-3_p08
457.171308807,671.234296743,214.062987936,Other,random,C13H10O3,214.062995000,RC2_0046_ICR-3_p08
294.083000634,508.145989570,214.062988936,Other,random,C13H10O3,214.062995000,RC2_0046_ICR-3_p08
327.072039693,541.135031629,214.062991936,Other,random,C13H10O3,214.062995000,RC2_0046_ICR-3_p08
273.170756344,487.233753281,214.062996936,Other,random,C13H10O3,214.062995000,RC2_0046_ICR-3_p08
379.188979611,593.251981547,214.063001936,Other,random,C13H10O3,214.062995000,RC2_0046_ICR-3_p08
347.207435278,561.270440214,214.063004936,Other,random,C13H10O3,214.062995000,RC2_0046_ICR-3_p08
425.108641818,641.115378509,216.006736691,Other,random,C12H8S2,216.006744000,RC2_0046_ICR-3_p08
407.061756374,623.068494064,216.006737691,Other,random,C12H8S2,216.006744000,RC2_0046_ICR-3_p08
473.093450265,689.100190955,216.006740691,Other,random,C12H8S2,216.006744000,RC2_0046_ICR-3_p08
381.191773115,597.198514806,216.006741691,Other,random,C12H8S2,216.006744000,RC2_0046_ICR-3_p08
409.150237514,625.156983205,216.006745691,Other,random,C12H8S2,216.006744000,RC2_0046_ICR-3_p08
374.080788280,590.087537971,216.006749691,Other,random,C12H8S2,216.006744000,RC2_0046_ICR-3_p08
483.150693601,699.157447292,216.006753691,Other,random,C12H8S2,216.006744000,RC2_0046_ICR-3_p08
345.025123535,562.083757764,217.058634229,Other,random,C8H11N1O6,217.058639000,RC2_0046_ICR-3_p08
305.152454677,522.211093906,217.058639229,Other,random,C8H11N1O6,217.058639000,RC2_0046_ICR-3_p08
319.082301586,536.140944815,217.058643229,Other,random,C8H11N1O6,217.058639000,RC2_0046_ICR-3_p08
225.004161669,442.062804898,217.058643229,Other,random,C8H11N1O6,217.058639000,RC2_0046_ICR-3_p08
305.102952887,522.161599116,217.058646229,Other,random,C8H11N1O6,217.058639000,RC2_0046_ICR-3_p08
351.119889681,569.042680244,217.922790563,Other,random,C6H3I1O1,217.922800000,RC2_0046_ICR-3_p08
509.288471724,727.297729920,218.009258196,Other,random,C6H7N2O5P1,218.009261000,RC2_0046_ICR-3_p08
423.142477159,641.151739355,218.009262196,Other,random,C6H7N2O5P1,218.009261000,RC2_0046_ICR-3_p08
325.020032398,543.077938388,218.057905990,Other,random,C12H10O4,218.057910000,RC2_0046_ICR-3_p08
307.009491799,525.067397789,218.057905990,Other,random,C12H10O4,218.057910000,RC2_0046_ICR-3_p08
315.035711752,533.093617741,218.057905990,Other,random,C12H10O4,218.057910000,RC2_0046_ICR-3_p08
437.072269068,655.130176058,218.057906990,Other,random,C12H10O4,218.057910000,RC2_0046_ICR-3_p08
541.229059231,759.286966220,218.057906990,Other,random,C12H10O4,218.057910000,RC2_0046_ICR-3_p08
321.155478791,539.213387781,218.057908990,Other,random,C12H10O4,218.057910000,RC2_0046_ICR-3_p08
305.152454677,523.210363667,218.057908990,Other,random,C12H10O4,218.057910000,RC2_0046_ICR-3_p08
395.134553969,613.192462959,218.057908990,Other,random,C12H10O4,218.057910000,RC2_0046_ICR-3_p08
301.165635589,519.223547579,218.057911990,Other,random,C12H10O4,218.057910000,RC2_0046_ICR-3_p08
309.183695576,527.241607566,218.057911990,Other,random,C12H10O4,218.057910000,RC2_0046_ICR-3_p08
309.025120249,527.083035239,218.057914990,Other,random,C12H10O4,218.057910000,RC2_0046_ICR-3_p08
325.129161935,543.187076925,218.057914990,Other,random,C12H10O4,218.057910000,RC2_0046_ICR-3_p08
297.074484944,515.132400934,218.057915990,Other,random,C12H10O4,218.057910000,RC2_0046_ICR-3_p08
393.132102464,611.190019453,218.057916990,Other,random,C12H10O4,218.057910000,RC2_0046_ICR-3_p08
331.103303592,549.161221582,218.057917990,Other,random,C12H10O4,218.057910000,RC2_0046_ICR-3_p08
295.045910549,513.103828539,218.057917990,Other,random,C12H10O4,218.057910000,RC2_0046_ICR-3_p08
325.105822034,543.272880561,218.167058527,Other,random,C15H22O1,218.167065000,RC2_0046_ICR-3_p08
323.004408948,541.171467475,218.167058527,Other,random,C15H22O1,218.167065000,RC2_0046_ICR-3_p08
379.116250920,597.283313446,218.167062527,Other,random,C15H22O1,218.167065000,RC2_0046_ICR-3_p08
353.100656279,571.267718805,218.167062527,Other,random,C15H22O1,218.167065000,RC2_0046_ICR-3_p08
337.105749130,555.272820656,218.167071527,Other,random,C15H22O1,218.167065000,RC2_0046_ICR-3_p08
305.079709985,523.246784512,218.167074527,Other,random,C15H22O1,218.167065000,RC2_0046_ICR-3_p08
436.174369877,655.240096591,219.065726715,Other,random,C12H11O4,219.065735000,RC2_0046_ICR-3_p08
451.116494492,671.109990271,219.993495779,Other,random,C4H11O2Cl2N2P1,219.993500000,RC2_0046_ICR-3_p08
319.045834741,539.104131245,220.058296504,Other,random,C8H12O7,220.058305000,RC2_0046_ICR-3_p08
333.025122440,553.083418944,220.058296504,Other,random,C8H12O7,220.058305000,RC2_0046_ICR-3_p08
327.035702847,547.093999351,220.058296504,Other,random,C8H12O7,220.058305000,RC2_0046_ICR-3_p08
288.998929201,509.057227705,220.058298504,Other,random,C8H12O7,220.058305000,RC2_0046_ICR-3_p08
415.225440743,635.283739247,220.058298504,Other,random,C8H12O7,220.058305000,RC2_0046_ICR-3_p08
329.030234386,549.088533890,220.058299504,Other,random,C8H12O7,220.058305000,RC2_0046_ICR-3_p08
367.131651759,587.189952263,220.058300504,Other,random,C8H12O7,220.058305000,RC2_0046_ICR-3_p08
387.144784862,607.203086366,220.058301504,Other,random,C8H12O7,220.058305000,RC2_0046_ICR-3_p08
425.173575543,645.231878047,220.058302504,Other,random,C8H12O7,220.058305000,RC2_0046_ICR-3_p08
345.134268072,565.192570576,220.058302504,Other,random,C8H12O7,220.058305000,RC2_0046_ICR-3_p08
304.046170370,524.104473874,220.058303504,Other,random,C8H12O7,220.058305000,RC2_0046_ICR-3_p08
329.079685177,549.137988681,220.058303504,Other,random,C8H12O7,220.058305000,RC2_0046_ICR-3_p08
285.126140629,505.184444133,220.058303504,Other,random,C8H12O7,220.058305000,RC2_0046_ICR-3_p08
335.077103735,555.135407239,220.058303504,Other,random,C8H12O7,220.058305000,RC2_0046_ICR-3_p08
395.171020815,615.229324319,220.058303504,Other,random,C8H12O7,220.058305000,RC2_0046_ICR-3_p08
361.157546101,581.215850605,220.058304504,Other,random,C8H12O7,220.058305000,RC2_0046_ICR-3_p08
309.025120249,529.083425753,220.058305504,Other,random,C8H12O7,220.058305000,RC2_0046_ICR-3_p08
307.082219491,527.140525995,220.058306504,Other,random,C8H12O7,220.058305000,RC2_0046_ICR-3_p08
341.116034118,561.174342622,220.058308504,Other,random,C8H12O7,220.058305000,RC2_0046_ICR-3_p08
301.108103833,521.166413337,220.058309504,Other,random,C8H12O7,220.058305000,RC2_0046_ICR-3_p08
311.222773926,531.281086430,220.058312504,Other,random,C8H12O7,220.058305000,RC2_0046_ICR-3_p08
403.225581647,623.283894151,220.058312504,Other,random,C8H12O7,220.058305000,RC2_0046_ICR-3_p08
541.208145319,761.266457823,220.058312504,Other,random,C8H12O7,220.058305000,RC2_0046_ICR-3_p08
311.004275853,531.062589357,220.058313504,Other,random,C8H12O7,220.058305000,RC2_0046_ICR-3_p08
397.199659209,617.309595494,220.109936285,Other,random,C13H16O3,220.109945000,RC2_0046_ICR-3_p08
351.157780520,571.267718805,220.109938285,Other,random,C13H16O3,220.109945000,RC2_0046_ICR-3_p08
325.142186880,545.252125165,220.109938285,Other,random,C13H16O3,220.109945000,RC2_0046_ICR-3_p08
317.116029927,537.225969212,220.109939285,Other,random,C13H16O3,220.109945000,RC2_0046_ICR-3_p08
295.045910549,515.155850834,220.109940285,Other,random,C13H16O3,220.109945000,RC2_0046_ICR-3_p08
329.051278297,549.161221582,220.109943285,Other,random,C13H16O3,220.109945000,RC2_0046_ICR-3_p08
353.124102179,573.234045464,220.109943285,Other,random,C13H16O3,220.109945000,RC2_0046_ICR-3_p08
377.137127315,597.247071600,220.109944285,Other,random,C13H16O3,220.109945000,RC2_0046_ICR-3_p08
377.173368161,597.283313446,220.109945285,Other,random,C13H16O3,220.109945000,RC2_0046_ICR-3_p08
321.038195289,541.148142574,220.109947285,Other,random,C13H16O3,220.109945000,RC2_0046_ICR-3_p08
331.103303592,551.213251877,220.109948285,Other,random,C13H16O3,220.109945000,RC2_0046_ICR-3_p08
323.162931276,543.272880561,220.109949285,Other,random,C13H16O3,220.109945000,RC2_0046_ICR-3_p08
314.051712926,534.161662211,220.109949285,Other,random,C13H16O3,220.109945000,RC2_0046_ICR-3_p08
545.187773438,765.297722722,220.109949285,Other,random,C13H16O3,220.109945000,RC2_0046_ICR-3_p08
309.025120249,529.135071534,220.109951285,Other,random,C13H16O3,220.109945000,RC2_0046_ICR-3_p08
321.061516190,541.171467475,220.109951285,Other,random,C13H16O3,220.109945000,RC2_0046_ICR-3_p08
447.142559349,667.252511634,220.109952285,Other,random,C13H16O3,220.109945000,RC2_0046_ICR-3_p08
511.036489309,731.146442594,220.109953285,Other,random,C13H16O3,220.109945000,RC2_0046_ICR-3_p08
355.080058882,575.190012167,220.109953285,Other,random,C13H16O3,220.109945000,RC2_0046_ICR-3_p08
319.067067651,539.213387781,220.146320131,Other,random,C14H20O2,220.146330000,RC2_0046_ICR-3_p08
559.130566292,779.276887422,220.146321131,Other,random,C14H20O2,220.146330000,RC2_0046_ICR-3_p08
307.009491799,527.155815930,220.146324131,Other,random,C14H20O2,220.146330000,RC2_0046_ICR-3_p08
335.126495526,555.272820656,220.146325131,Other,random,C14H20O2,220.146330000,RC2_0046_ICR-3_p08
369.168415119,589.314743249,220.146328131,Other,random,C14H20O2,220.146330000,RC2_0046_ICR-3_p08
361.033077629,581.179406760,220.146329131,Other,random,C14H20O2,220.146330000,RC2_0046_ICR-3_p08
353.064341433,573.210670563,220.146329131,Other,random,C14H20O2,220.146330000,RC2_0046_ICR-3_p08
345.110818172,565.257149302,220.146331131,Other,random,C14H20O2,220.146330000,RC2_0046_ICR-3_p08
299.077216448,519.223547579,220.146331131,Other,random,C14H20O2,220.146330000,RC2_0046_ICR-3_p08
351.121387675,571.267718805,220.146331131,Other,random,C14H20O2,220.146330000,RC2_0046_ICR-3_p08
303.100446382,523.246784512,220.146338131,Other,random,C14H20O2,220.146330000,RC2_0046_ICR-3_p08
337.069369284,557.288461106,220.219091822,Other,random,C16H28,220.219100000,RC2_0046_ICR-3_p08
365.064324528,585.283419350,220.219094822,Other,random,C16H28,220.219100000,RC2_0046_ICR-3_p08
313.056432148,533.275530970,220.219098822,Other,random,C16H28,220.219100000,RC2_0046_ICR-3_p08
297.025191153,519.223547579,222.198356426,Other,random,C15H26O1,222.198365000,RC2_0046_ICR-3_p08
417.059170964,639.257528390,222.198357426,Other,random,C15H26O1,222.198365000,RC2_0046_ICR-3_p08
371.061836087,593.260203512,222.198367426,Other,random,C15H26O1,222.198365000,RC2_0046_ICR-3_p08
323.040714794,545.239085220,222.198370426,Other,random,C15H26O1,222.198365000,RC2_0046_ICR-3_p08
367.116372823,589.314743249,222.198370426,Other,random,C15H26O1,222.198365000,RC2_0046_ICR-3_p08
341.014992547,563.213363972,222.198371426,Other,random,C15H26O1,222.198365000,RC2_0046_ICR-3_p08
479.046470012,701.244841437,222.198371426,Other,random,C15H26O1,222.198365000,RC2_0046_ICR-3_p08
361.041140595,583.239515021,222.198374426,Other,random,C15H26O1,222.198365000,RC2_0046_ICR-3_p08
297.061587999,520.182433511,223.120845513,Other,random,C12H17O3N1,223.120844000,RC2_0046_ICR-3_p08
517.301629732,741.240436774,223.938807043,Other,random,C3H2N2O6P2,223.938814000,RC2_0046_ICR-3_p08
525.197417237,749.267224724,224.069807487,Other,random,C12H8N4O1,224.069811000,RC2_0046_ICR-3_p08
321.134232882,545.239085220,224.104852338,Other,random,C12H16O4,224.104860000,RC2_0046_ICR-3_p08
321.155478791,545.260331130,224.104852338,Other,random,C12H16O4,224.104860000,RC2_0046_ICR-3_p08
281.152441486,505.257294824,224.104853338,Other,random,C12H16O4,224.104860000,RC2_0046_ICR-3_p08
325.142186880,549.247040218,224.104853338,Other,random,C12H16O4,224.104860000,RC2_0046_ICR-3_p08
303.050960591,527.155815930,224.104855338,Other,random,C12H16O4,224.104860000,RC2_0046_ICR-3_p08
363.121444770,587.226300108,224.104855338,Other,random,C12H16O4,224.104860000,RC2_0046_ICR-3_p08
325.056365244,549.161221582,224.104856338,Other,random,C12H16O4,224.104860000,RC2_0046_ICR-3_p08
283.131711090,507.236568428,224.104857338,Other,random,C12H16O4,224.104860000,RC2_0046_ICR-3_p08
307.045857645,531.150714983,224.104857338,Other,random,C12H16O4,224.104860000,RC2_0046_ICR-3_p08
395.147674914,619.252534252,224.104859338,Other,random,C12H16O4,224.104860000,RC2_0046_ICR-3_p08
353.137136124,577.241996462,224.104860338,Other,random,C12H16O4,224.104860000,RC2_0046_ICR-3_p08
395.074793223,619.179653561,224.104860338,Other,random,C12H16O4,224.104860000,RC2_0046_ICR-3_p08
339.035520944,563.140381282,224.104860338,Other,random,C12H16O4,224.104860000,RC2_0046_ICR-3_p08
299.032745637,523.137606975,224.104861338,Other,random,C12H16O4,224.104860000,RC2_0046_ICR-3_p08
347.040703985,571.145566324,224.104862338,Other,random,C12H16O4,224.104860000,RC2_0046_ICR-3_p08
309.097848940,533.202712279,224.104863338,Other,random,C12H16O4,224.104860000,RC2_0046_ICR-3_p08
317.043276236,541.148142574,224.104866338,Other,random,C12H16O4,224.104860000,RC2_0046_ICR-3_p08
305.030204195,529.135071534,224.104867338,Other,random,C12H16O4,224.104860000,RC2_0046_ICR-3_p08
385.199607114,609.304474452,224.104867338,Other,random,C12H16O4,224.104860000,RC2_0046_ICR-3_p08
393.132102464,617.236970802,224.104868338,Other,random,C12H16O4,224.104860000,RC2_0046_ICR-3_p08
317.160496738,541.265366077,224.104869338,Other,random,C12H16O4,224.104860000,RC2_0046_ICR-3_p08
333.118975042,557.223844380,224.104869338,Other,random,C12H16O4,224.104860000,RC2_0046_ICR-3_p08
357.168304024,581.273173362,224.104869338,Other,random,C12H16O4,224.104860000,RC2_0046_ICR-3_p08
335.004389044,559.218397919,224.214008875,Other,random,C15H28O1,224.214015000,RC2_0046_ICR-3_p08
523.072780250,747.286789126,224.214008875,Other,random,C15H28O1,224.214015000,RC2_0046_ICR-3_p08
353.051312488,577.265327363,224.214014875,Other,random,C15H28O1,224.214015000,RC2_0046_ICR-3_p08
335.040815889,559.254833765,224.214017875,Other,random,C15H28O1,224.214015000,RC2_0046_ICR-3_p08
333.118975042,557.332993917,224.214018875,Other,random,C15H28O1,224.214015000,RC2_0046_ICR-3_p08
359.025494145,583.239515021,224.214020875,Other,random,C15H28O1,224.214015000,RC2_0046_ICR-3_p08
357.037938577,581.251961452,224.214022875,Other,random,C15H28O1,224.214015000,RC2_0046_ICR-3_p08
309.061506094,533.275530970,224.214024875,Other,random,C15H28O1,224.214015000,RC2_0046_ICR-3_p08
417.122029698,643.180998746,226.058969049,Other,random,uridine (-H2O),226.058971600,RC2_0046_ICR-3_p08
333.025122440,559.218397919,226.193275479,Other,random,C14H26O2,226.193280000,RC2_0046_ICR-3_p08
343.079748788,569.273024267,226.193275479,Other,random,C14H26O2,226.193280000,RC2_0046_ICR-3_p08
259.118784953,485.312061433,226.193276479,Other,random,C14H26O2,226.193280000,RC2_0046_ICR-3_p08
319.058846685,545.252125165,226.193278479,Other,random,C14H26O2,226.193280000,RC2_0046_ICR-3_p08
442.034163019,668.227442498,226.193279479,Other,random,C14H26O2,226.193280000,RC2_0046_ICR-3_p08
303.108454348,529.301734827,226.193280479,Other,random,C14H26O2,226.193280000,RC2_0046_ICR-3_p08
315.072085597,541.265366077,226.193280479,Other,random,C14H26O2,226.193280000,RC2_0046_ICR-3_p08
505.135038343,731.328320822,226.193282479,Other,random,C14H26O2,226.193280000,RC2_0046_ICR-3_p08
369.131865274,595.325148753,226.193283479,Other,random,C14H26O2,226.193280000,RC2_0046_ICR-3_p08
315.063982632,541.257269111,226.193286479,Other,random,C14H26O2,226.193280000,RC2_0046_ICR-3_p08
319.082301586,545.275588065,226.193286479,Other,random,C14H26O2,226.193280000,RC2_0046_ICR-3_p08
329.087757142,555.281046622,226.193289479,Other,random,C14H26O2,226.193280000,RC2_0046_ICR-3_p08
351.072037884,577.265327363,226.193289479,Other,random,C14H26O2,226.193280000,RC2_0046_ICR-3_p08
227.092600810,456.106610323,229.014009514,Other,random,pyridoxal phosphate (-H2O),229.014010900,RC2_0046_ICR-3_p08
261.113287493,491.132440742,230.019153250,Other,random,C5H11O8P1,230.019158000,RC2_0046_ICR-3_p08
250.144868021,480.164035271,230.019167250,Other,random,C5H11O8P1,230.019158000,RC2_0046_ICR-3_p08
423.152100118,655.203872745,232.051772627,Other,random,C8H12N2O4S1,232.051780000,RC2_0046_ICR-3_p08
437.145079759,669.196869386,232.051789627,Other,random,C8H12N2O4S1,232.051780000,RC2_0046_ICR-3_p08
307.009491799,541.171467475,234.161975676,Other,random,C15H22O2,234.161980000,RC2_0046_ICR-3_p08
359.053811025,593.215786701,234.161975676,Other,random,C15H22O2,234.161980000,RC2_0046_ICR-3_p08
341.137114029,575.299091704,234.161977676,Other,random,C15H22O2,234.161980000,RC2_0046_ICR-3_p08
261.053445747,495.215423422,234.161977676,Other,random,C15H22O2,234.161980000,RC2_0046_ICR-3_p08
343.103348688,577.265327363,234.161978676,Other,random,C15H22O2,234.161980000,RC2_0046_ICR-3_p08
373.077404537,607.239385212,234.161980676,Other,random,C15H22O2,234.161980000,RC2_0046_ICR-3_p08
359.098219837,593.260203512,234.161983676,Other,random,C15H22O2,234.161980000,RC2_0046_ICR-3_p08
307.045857645,543.099068298,236.053210653,Other,random,C8H12O8,236.053220000,RC2_0046_ICR-3_p08
288.051259221,524.104473874,236.053214653,Other,random,C8H12O8,236.053220000,RC2_0046_ICR-3_p08
313.108006929,549.161221582,236.053214653,Other,random,C8H12O8,236.053220000,RC2_0046_ICR-3_p08
291.051042496,527.104257149,236.053214653,Other,random,C8H12O8,236.053220000,RC2_0046_ICR-3_p08
329.066555232,565.119770885,236.053215653,Other,random,C8H12O8,236.053220000,RC2_0046_ICR-3_p08
371.149870713,607.203086366,236.053215653,Other,random,C8H12O8,236.053220000,RC2_0046_ICR-3_p08
269.131227480,505.184444133,236.053216653,Other,random,C8H12O8,236.053220000,RC2_0046_ICR-3_p08
264.998979009,501.052197662,236.053218653,Other,random,C8H12O8,236.053220000,RC2_0046_ICR-3_p08
341.079649272,577.132868925,236.053219653,Other,random,C8H12O8,236.053220000,RC2_0046_ICR-3_p08
435.056770618,671.109990271,236.053219653,Other,random,C8H12O8,236.053220000,RC2_0046_ICR-3_p08
335.040815889,571.094035542,236.053219653,Other,random,C8H12O8,236.053220000,RC2_0046_ICR-3_p08
329.139349923,565.192570576,236.053220653,Other,random,C8H12O8,236.053220000,RC2_0046_ICR-3_p08
375.035579230,611.088799883,236.053220653,Other,random,C8H12O8,236.053220000,RC2_0046_ICR-3_p08
367.168067604,603.221291257,236.053223653,Other,random,C8H12O8,236.053220000,RC2_0046_ICR-3_p08
295.045910549,531.099137202,236.053226653,Other,random,C8H12O8,236.053220000,RC2_0046_ICR-3_p08
431.207465947,667.260693599,236.053227653,Other,random,C8H12O8,236.053220000,RC2_0046_ICR-3_p08
361.157546101,597.210775754,236.053229653,Other,random,C8H12O8,236.053220000,RC2_0046_ICR-3_p08
335.004389044,573.234045464,238.229656420,Other,random,palmitoylation (-H2O),238.229665800,RC2_0046_ICR-3_p08
321.074629134,559.304286555,238.229657420,Other,random,palmitoylation (-H2O),238.229665800,RC2_0046_ICR-3_p08
355.030544092,593.260203512,238.229659420,Other,random,palmitoylation (-H2O),238.229665800,RC2_0046_ICR-3_p08
451.087878613,689.317540033,238.229661420,Other,random,palmitoylation (-H2O),238.229665800,RC2_0046_ICR-3_p08
309.025120249,547.254785669,238.229665420,Other,random,palmitoylation (-H2O),238.229665800,RC2_0046_ICR-3_p08
373.077404537,611.307069957,238.229665420,Other,random,palmitoylation (-H2O),238.229665800,RC2_0046_ICR-3_p08
459.114232565,697.343898985,238.229666420,Other,random,palmitoylation (-H2O),238.229665800,RC2_0046_ICR-3_p08
419.061807469,657.291482889,238.229675420,Other,random,palmitoylation (-H2O),238.229665800,RC2_0046_ICR-3_p08
422.158349333,661.177839403,239.019490070,Other,random,C6H10N1O7P1,239.019492000,RC2_0046_ICR-3_p08
396.142712693,635.162207762,239.019495070,Other,random,C6H10N1O7P1,239.019492000,RC2_0046_ICR-3_p08
566.237327145,805.256822214,239.019495070,Other,random,C6H10N1O7P1,239.019492000,RC2_0046_ICR-3_p08
287.069136387,527.132518029,240.063381642,Other,random,C11H12O6,240.063390000,RC2_0046_ICR-3_p08
391.225456552,631.288839193,240.063382642,Other,random,C11H12O6,240.063390000,RC2_0046_ICR-3_p08
329.051278297,569.114661939,240.063383642,Other,random,C11H12O6,240.063390000,RC2_0046_ICR-3_p08
315.108418443,555.171803085,240.063384642,Other,random,C11H12O6,240.063390000,RC2_0046_ICR-3_p08
315.035711752,555.099096393,240.063384642,Other,random,C11H12O6,240.063390000,RC2_0046_ICR-3_p08
283.045890454,523.109276095,240.063385642,Other,random,C11H12O6,240.063390000,RC2_0046_ICR-3_p08
303.100446382,543.163834023,240.063387642,Other,random,C11H12O6,240.063390000,RC2_0046_ICR-3_p08
375.072046075,615.135433717,240.063387642,Other,random,C11H12O6,240.063390000,RC2_0046_ICR-3_p08
291.209549823,531.272938465,240.063388642,Other,random,C11H12O6,240.063390000,RC2_0046_ICR-3_p08
339.194194270,579.257582912,240.063388642,Other,random,C11H12O6,240.063390000,RC2_0046_ICR-3_p08
445.041071264,685.104459905,240.063388642,Other,random,C11H12O6,240.063390000,RC2_0046_ICR-3_p08
335.113467581,575.176857223,240.063389642,Other,random,C11H12O6,240.063390000,RC2_0046_ICR-3_p08
319.009424895,559.072814537,240.063389642,Other,random,C11H12O6,240.063390000,RC2_0046_ICR-3_p08
337.121042065,577.184432706,240.063390642,Other,random,C11H12O6,240.063390000,RC2_0046_ICR-3_p08
305.030204195,545.093594837,240.063390642,Other,random,C11H12O6,240.063390000,RC2_0046_ICR-3_p08
457.186738741,697.250129383,240.063390642,Other,random,C11H12O6,240.063390000,RC2_0046_ICR-3_p08
311.126596334,551.189987976,240.063391642,Other,random,C11H12O6,240.063390000,RC2_0046_ICR-3_p08
295.082307395,535.145700036,240.063392642,Other,random,C11H12O6,240.063390000,RC2_0046_ICR-3_p08
393.191721211,633.255113852,240.063392642,Other,random,C11H12O6,240.063390000,RC2_0046_ICR-3_p08
305.152454677,545.215848318,240.063393642,Other,random,C11H12O6,240.063390000,RC2_0046_ICR-3_p08
337.178601821,577.241996462,240.063394642,Other,random,C11H12O6,240.063390000,RC2_0046_ICR-3_p08
275.092456193,515.155850834,240.063394642,Other,random,C11H12O6,240.063390000,RC2_0046_ICR-3_p08
322.129531659,562.192930301,240.063398642,Other,random,C11H12O6,240.063390000,RC2_0046_ICR-3_p08
327.136799418,567.200199060,240.063399642,Other,random,C11H12O6,240.063390000,RC2_0046_ICR-3_p08
333.046238350,573.234045464,240.187807114,Other,random,C18H24,240.187800000,RC2_0046_ICR-3_p08
345.038112480,585.283419350,240.245306870,Other,random,C16H32O1,240.245315000,RC2_0046_ICR-3_p08
321.025120344,561.270440214,240.245319870,Other,random,C16H32O1,240.245315000,RC2_0046_ICR-3_p08
311.004275853,551.249597723,240.245321870,Other,random,C16H32O1,240.245315000,RC2_0046_ICR-3_p08
291.160217032,533.179366378,242.019149345,Other,random,glucose-N-Phosphate (-H2O),242.019155900,RC2_0046_ICR-3_p08
249.040480706,491.059639051,242.019158345,Other,random,glucose-N-Phosphate (-H2O),242.019155900,RC2_0046_ICR-3_p08
337.129139030,579.148297376,242.019158345,Other,random,glucose-N-Phosphate (-H2O),242.019155900,RC2_0046_ICR-3_p08
275.128888038,517.148048383,242.019160345,Other,random,glucose-N-Phosphate (-H2O),242.019155900,RC2_0046_ICR-3_p08
267.123774996,509.142935341,242.019160345,Other,random,glucose-N-Phosphate (-H2O),242.019155900,RC2_0046_ICR-3_p08
247.024922256,489.044083601,242.019161345,Other,random,glucose-N-Phosphate (-H2O),242.019155900,RC2_0046_ICR-3_p08
251.128928847,493.148094192,242.019165345,Other,random,glucose-N-Phosphate (-H2O),242.019155900,RC2_0046_ICR-3_p08
291.160217032,533.179366378,242.019149345,Other,random,C6H11O8P1,242.019158000,RC2_0046_ICR-3_p08
249.040480706,491.059639051,242.019158345,Other,random,C6H11O8P1,242.019158000,RC2_0046_ICR-3_p08
337.129139030,579.148297376,242.019158345,Other,random,C6H11O8P1,242.019158000,RC2_0046_ICR-3_p08
275.128888038,517.148048383,242.019160345,Other,random,C6H11O8P1,242.019158000,RC2_0046_ICR-3_p08
267.123774996,509.142935341,242.019160345,Other,random,C6H11O8P1,242.019158000,RC2_0046_ICR-3_p08
247.024922256,489.044083601,242.019161345,Other,random,C6H11O8P1,242.019158000,RC2_0046_ICR-3_p08
251.128928847,493.148094192,242.019165345,Other,random,C6H11O8P1,242.019158000,RC2_0046_ICR-3_p08
447.114085470,689.317540033,242.203454563,Other,random,C18H26,242.203450000,RC2_0046_ICR-3_p08
293.102986791,537.234052178,244.131065386,Other,random,C12H20O5,244.131075000,RC2_0046_ICR-3_p08
315.087331533,559.218397919,244.131066386,Other,random,C12H20O5,244.131075000,RC2_0046_ICR-3_p08
317.043276236,561.174342622,244.131066386,Other,random,C12H20O5,244.131075000,RC2_0046_ICR-3_p08
349.178634916,593.309701302,244.131066386,Other,random,C12H20O5,244.131075000,RC2_0046_ICR-3_p08
321.025120344,565.156187731,244.131067386,Other,random,C12H20O5,244.131075000,RC2_0046_ICR-3_p08
545.093594837,789.224662223,244.131067386,Other,random,C12H20O5,244.131075000,RC2_0046_ICR-3_p08
379.175978666,623.307046053,244.131067386,Other,random,C12H20O5,244.131075000,RC2_0046_ICR-3_p08
341.030232482,585.161300868,244.131068386,Other,random,C12H20O5,244.131075000,RC2_0046_ICR-3_p08
345.074538326,589.205608712,244.131070386,Other,random,C12H20O5,244.131075000,RC2_0046_ICR-3_p08
287.150015044,531.281086430,244.131071386,Other,random,C12H20O5,244.131075000,RC2_0046_ICR-3_p08
383.040680272,627.171751658,244.131071386,Other,random,C12H20O5,244.131075000,RC2_0046_ICR-3_p08
392.062148003,636.193219389,244.131071386,Other,random,C12H20O5,244.131075000,RC2_0046_ICR-3_p08
333.147396921,577.278469308,244.131072386,Other,random,C12H20O5,244.131075000,RC2_0046_ICR-3_p08
257.103127504,501.234203890,244.131076386,Other,random,C12H20O5,244.131075000,RC2_0046_ICR-3_p08
301.071736987,545.202814374,244.131077386,Other,random,C12H20O5,244.131075000,RC2_0046_ICR-3_p08
337.056308339,581.187386726,244.131078386,Other,random,C12H20O5,244.131075000,RC2_0046_ICR-3_p08
515.082725144,759.213804531,244.131079386,Other,random,C12H20O5,244.131075000,RC2_0046_ICR-3_p08
327.144810384,571.275889771,244.131079386,Other,random,C12H20O5,244.131075000,RC2_0046_ICR-3_p08
391.152659861,635.283739247,244.131079386,Other,random,C12H20O5,244.131075000,RC2_0046_ICR-3_p08
363.108305826,607.239385212,244.131079386,Other,random,C12H20O5,244.131075000,RC2_0046_ICR-3_p08
295.082307395,539.213387781,244.131080386,Other,random,C12H20O5,244.131075000,RC2_0046_ICR-3_p08
291.051042496,535.182122882,244.131080386,Other,random,C12H20O5,244.131075000,RC2_0046_ICR-3_p08
297.097976844,541.229059231,244.131082386,Other,random,C12H20O5,244.131075000,RC2_0046_ICR-3_p08
319.045834741,563.176918127,244.131083386,Other,random,C12H20O5,244.131075000,RC2_0046_ICR-3_p08
271.024766448,515.155850834,244.131084386,Other,random,C12H20O5,244.131075000,RC2_0046_ICR-3_p08
341.152334964,585.283419350,244.131084386,Other,random,C12H20O5,244.131075000,RC2_0046_ICR-3_p08
531.187184829,775.318269215,244.131084386,Other,random,C12H20O5,244.131075000,RC2_0046_ICR-3_p08
276.998980105,522.088917424,245.089937319,Other,random,C10H15O6N1,245.089939000,RC2_0046_ICR-3_p08
281.030286004,526.120224323,245.089938319,Other,random,C10H15O6N1,245.089939000,RC2_0046_ICR-3_p08
311.126596334,557.252182260,246.125585926,Other,random,C15H18O3,246.125595000,RC2_0046_ICR-3_p08
299.126538239,545.252125165,246.125586926,Other,random,C15H18O3,246.125595000,RC2_0046_ICR-3_p08
313.020148302,559.145736227,246.125587926,Other,random,C15H18O3,246.125595000,RC2_0046_ICR-3_p08
347.090198775,593.215786701,246.125587926,Other,random,C15H18O3,246.125595000,RC2_0046_ICR-3_p08
347.134614587,593.260203512,246.125588926,Other,random,C15H18O3,246.125595000,RC2_0046_ICR-3_p08
363.085120924,609.210710850,246.125589926,Other,random,C15H18O3,246.125595000,RC2_0046_ICR-3_p08
263.113640007,509.239230933,246.125590926,Other,random,C15H18O3,246.125595000,RC2_0046_ICR-3_p08
291.108461252,537.234052178,246.125590926,Other,random,C15H18O3,246.125595000,RC2_0046_ICR-3_p08
543.099068298,789.224662223,246.125593926,Other,random,C15H18O3,246.125595000,RC2_0046_ICR-3_p08
289.129249648,535.254843573,246.125593926,Other,random,C15H18O3,246.125595000,RC2_0046_ICR-3_p08
375.165906677,621.291501603,246.125594926,Other,random,C15H18O3,246.125595000,RC2_0046_ICR-3_p08
315.035711752,561.161306677,246.125594926,Other,random,C15H18O3,246.125595000,RC2_0046_ICR-3_p08
442.106956710,688.232553636,246.125596926,Other,random,C15H18O3,246.125595000,RC2_0046_ICR-3_p08
317.051321201,563.176918127,246.125596926,Other,random,C15H18O3,246.125595000,RC2_0046_ICR-3_p08
299.077216448,545.202814374,246.125597926,Other,random,C15H18O3,246.125595000,RC2_0046_ICR-3_p08
301.092838898,547.218436823,246.125597926,Other,random,C15H18O3,246.125595000,RC2_0046_ICR-3_p08
317.087765047,563.213363972,246.125598926,Other,random,C15H18O3,246.125595000,RC2_0046_ICR-3_p08
317.124150892,563.249751818,246.125600926,Other,random,C15H18O3,246.125595000,RC2_0046_ICR-3_p08
297.025191153,545.202814374,248.177623221,Other,random,C16H24O2,248.177630000,RC2_0046_ICR-3_p08
391.079905169,639.257528390,248.177623221,Other,random,C16H24O2,248.177630000,RC2_0046_ICR-3_p08
307.058969589,555.236593810,248.177624221,Other,random,C16H24O2,248.177630000,RC2_0046_ICR-3_p08
349.069444379,597.247071600,248.177627221,Other,random,C16H24O2,248.177630000,RC2_0046_ICR-3_p08
427.124406267,675.302033488,248.177627221,Other,random,C16H24O2,248.177630000,RC2_0046_ICR-3_p08
483.150693601,731.328320822,248.177627221,Other,random,C16H24O2,248.177630000,RC2_0046_ICR-3_p08
341.137114029,589.314743249,248.177629221,Other,random,C16H24O2,248.177630000,RC2_0046_ICR-3_p08
441.139909813,689.317540033,248.177630221,Other,random,C16H24O2,248.177630000,RC2_0046_ICR-3_p08
287.077210353,535.254843573,248.177633221,Other,random,C16H24O2,248.177630000,RC2_0046_ICR-3_p08
361.033077629,609.210710850,248.177633221,Other,random,C16H24O2,248.177630000,RC2_0046_ICR-3_p08
313.105893938,561.283533159,248.177639221,Other,random,C16H24O2,248.177630000,RC2_0046_ICR-3_p08
394.108454322,643.094529113,248.986074791,Other,random,C7H8N1O5P1S1,248.986084000,RC2_0046_ICR-3_p08
371.111062878,620.162520392,249.051457514,Other,random,C7H12O5N3P1,249.051460000,RC2_0046_ICR-3_p08
337.205275708,587.299296799,250.094021091,Other,random,C10H12N5O3,250.094015000,RC2_0046_ICR-3_p08
333.072802238,583.166824329,250.094022091,Other,random,C10H12N5O3,250.094015000,RC2_0046_ICR-3_p08
301.020034207,553.062287034,252.042252827,Other,random,C15H8O4,252.042260000,RC2_0046_ICR-3_p08
333.082649196,585.124908023,252.042258827,Other,random,C15H8O4,252.042260000,RC2_0046_ICR-3_p08
419.119263225,671.234296743,252.115033518,Other,random,C17H16O2,252.115030000,RC2_0046_ICR-3_p08
319.103353497,571.275889771,252.172536274,Other,random,C15H24O3,252.172545000,RC2_0046_ICR-3_p08
283.045890454,535.218427728,252.172537274,Other,random,C15H24O3,252.172545000,RC2_0046_ICR-3_p08
323.053835738,575.226373013,252.172537274,Other,random,C15H24O3,252.172545000,RC2_0046_ICR-3_p08
343.079748788,595.252286062,252.172537274,Other,random,C15H24O3,252.172545000,RC2_0046_ICR-3_p08
288.998929201,541.171467475,252.172538274,Other,random,C15H24O3,252.172545000,RC2_0046_ICR-3_p08
499.072667060,751.245206334,252.172539274,Other,random,C15H24O3,252.172545000,RC2_0046_ICR-3_p08
307.045857645,559.218397919,252.172540274,Other,random,C15H24O3,252.172545000,RC2_0046_ICR-3_p08
351.085089829,603.257631103,252.172541274,Other,random,C15H24O3,252.172545000,RC2_0046_ICR-3_p08
355.030544092,607.203086366,252.172542274,Other,random,C15H24O3,252.172545000,RC2_0046_ICR-3_p08
355.066835938,607.239385212,252.172549274,Other,random,C15H24O3,252.172545000,RC2_0046_ICR-3_p08
463.087943708,715.260492982,252.172549274,Other,random,C15H24O3,252.172545000,RC2_0046_ICR-3_p08
309.110981885,561.283533159,252.172551274,Other,random,C15H24O3,252.172545000,RC2_0046_ICR-3_p08
305.051975103,560.177897849,255.125922746,Other,random,C16H17O2N1,255.125929000,RC2_0046_ICR-3_p08
357.095468333,613.278189595,256.182721263,Other,random,C18H24O1,256.182715000,RC2_0046_ICR-3_p08
317.051321201,573.234045464,256.182724263,Other,random,C18H24O1,256.182715000,RC2_0046_ICR-3_p08
501.139932290,759.251604370,258.111672080,Other,random,C13H14O2N4,258.111676000,RC2_0046_ICR-3_p08
449.181372701,707.293052781,258.111680080,Other,random,C13H14O2N4,258.111676000,RC2_0046_ICR-3_p08
505.171302189,763.282986269,258.111684080,Other,random,C13H14O2N4,258.111676000,RC2_0046_ICR-3_p08
465.067396311,725.194729841,260.127333530,Other,random,C13H16N4O2,260.127326000,RC2_0046_ICR-3_p08
409.069534857,669.196869386,260.127334530,Other,random,C13H16N4O2,260.127326000,RC2_0046_ICR-3_p08
305.124146797,565.265383268,260.141236471,Other,random,C16H20O3,260.141245000,RC2_0046_ICR-3_p08
529.083425753,789.224662223,260.141236471,Other,random,C16H20O3,260.141245000,RC2_0046_ICR-3_p08
277.129294552,537.270531023,260.141236471,Other,random,C16H20O3,260.141245000,RC2_0046_ICR-3_p08
283.118744145,543.259986615,260.141242471,Other,random,C16H20O3,260.141245000,RC2_0046_ICR-3_p08
323.053835738,583.195078209,260.141242471,Other,random,C16H20O3,260.141245000,RC2_0046_ICR-3_p08
305.043327140,565.184571610,260.141244471,Other,random,C16H20O3,260.141245000,RC2_0046_ICR-3_p08
361.069290475,621.210539946,260.141249471,Other,random,C16H20O3,260.141245000,RC2_0046_ICR-3_p08
487.145539655,747.286789126,260.141249471,Other,random,C16H20O3,260.141245000,RC2_0046_ICR-3_p08
333.074532230,593.215786701,260.141254471,Other,random,C16H20O3,260.141245000,RC2_0046_ICR-3_p08
311.053712643,571.267718805,260.214006162,Other,random,C18H28O1,260.214015000,RC2_0046_ICR-3_p08
317.051321201,577.265327363,260.214006162,Other,random,C18H28O1,260.214015000,RC2_0046_ICR-3_p08
331.030729900,591.244741062,260.214011162,Other,random,C18H28O1,260.214015000,RC2_0046_ICR-3_p08
299.040821603,559.254833765,260.214012162,Other,random,C18H28O1,260.214015000,RC2_0046_ICR-3_p08
487.072775964,747.286789126,260.214013162,Other,random,C18H28O1,260.214015000,RC2_0046_ICR-3_p08
301.056416052,561.270440214,260.214024162,Other,random,C18H28O1,260.214015000,RC2_0046_ICR-3_p08
437.194494549,699.266352830,262.071858281,Other,random,C9H15N2O5P1,262.071861000,RC2_0046_ICR-3_p08
449.158081799,711.229943080,262.071861281,Other,random,C9H15N2O5P1,262.071861000,RC2_0046_ICR-3_p08
363.085120924,625.156983205,262.071862281,Other,random,C9H15N2O5P1,262.071861000,RC2_0046_ICR-3_p08
455.183959237,717.255823518,262.071864281,Other,random,C9H15N2O5P1,262.071861000,RC2_0046_ICR-3_p08
273.025186962,535.254843573,262.229656611,Other,random,C18H30O1,262.229665000,RC2_0046_ICR-3_p08
395.061821278,657.291482889,262.229661611,Other,random,C18H30O1,262.229665000,RC2_0046_ICR-3_p08
357.095468333,619.325141944,262.229673611,Other,random,C18H30O1,262.229665000,RC2_0046_ICR-3_p08
297.089831879,561.174342622,264.084510743,Other,random,C10H16O8,264.084520000,RC2_0046_ICR-3_p08
293.066606945,557.151123689,264.084516743,Other,random,C10H16O8,264.084520000,RC2_0046_ICR-3_p08
355.168012509,619.252534252,264.084521743,Other,random,C10H16O8,264.084520000,RC2_0046_ICR-3_p08
319.082301586,583.166824329,264.084522743,Other,random,C10H16O8,264.084520000,RC2_0046_ICR-3_p08
341.066614328,605.151138071,264.084523743,Other,random,C10H16O8,264.084520000,RC2_0046_ICR-3_p08
317.030246291,581.114773034,264.084526743,Other,random,C10H16O8,264.084520000,RC2_0046_ICR-3_p08
279.014669554,543.259986615,264.245317061,Other,random,C18H32O1,264.245315000,RC2_0046_ICR-3_p08
355.030544092,621.291501603,266.260957511,Other,random,C18H34O1,266.260965000,RC2_0046_ICR-3_p08
345.046108446,611.307069957,266.260961511,Other,random,C18H34O1,266.260965000,RC2_0046_ICR-3_p08
357.046081542,623.307046053,266.260964510,Other,random,C18H34O1,266.260965000,RC2_0046_ICR-3_p08
453.116572007,721.162614945,268.046042938,Other,random,C7H13O7N2P1,268.046041000,RC2_0046_ICR-3_p08
449.158081799,717.204124737,268.046042938,Other,random,C7H13O7N2P1,268.046041000,RC2_0046_ICR-3_p08
459.251686982,727.297729920,268.046042938,Other,random,C7H13O7N2P1,268.046041000,RC2_0046_ICR-3_p08
401.173563352,669.219608290,268.046044938,Other,random,C7H13O7N2P1,268.046041000,RC2_0046_ICR-3_p08
393.059273773,661.105320711,268.046046938,Other,random,C7H13O7N2P1,268.046041000,RC2_0046_ICR-3_p08
371.111062878,639.157110816,268.046047938,Other,random,C7H13O7N2P1,268.046041000,RC2_0046_ICR-3_p08
291.087403341,559.176209098,268.088805757,Other,random,C20H12O1,268.088815000,RC2_0046_ICR-3_p08
273.061628807,543.259986615,270.198357808,Other,random,C19H26O1,270.198365000,RC2_0046_ICR-3_p08
289.056461957,559.254833765,270.198371808,Other,random,C19H26O1,270.198365000,RC2_0046_ICR-3_p08
301.020034207,573.234045464,272.214011257,Other,random,C19H28O1,272.214015000,RC2_0046_ICR-3_p08
287.040813507,559.254833765,272.214020257,Other,random,C19H28O1,272.214015000,RC2_0046_ICR-3_p08
459.077919719,731.328320822,272.250401103,Other,random,C20H32,272.250400000,RC2_0046_ICR-3_p08
273.025186962,545.275588065,272.250401103,Other,random,C20H32,272.250400000,RC2_0046_ICR-3_p08
307.118609336,581.130823966,274.012214629,Other,random,C14H10O2S2,274.012224000,RC2_0046_ICR-3_p08
459.223486101,733.235700731,274.012214629,Other,random,C14H10O2S2,274.012224000,RC2_0046_ICR-3_p08
415.197027863,689.209246493,274.012218629,Other,random,C14H10O2S2,274.012224000,RC2_0046_ICR-3_p08
351.157780520,625.170001150,274.012220629,Other,random,C14H10O2S2,274.012224000,RC2_0046_ICR-3_p08
415.160831017,689.173061646,274.012230629,Other,random,C14H10O2S2,274.012224000,RC2_0046_ICR-3_p08
439.160662209,713.172894838,274.012232629,Other,random,C14H10O2S2,274.012224000,RC2_0046_ICR-3_p08
533.179366378,808.279873391,275.100507013,Other,random,C11H17N1O7,275.100504000,RC2_0046_ICR-3_p08
291.136814132,566.237327145,275.100513013,Other,random,C11H17N1O7,275.100504000,RC2_0046_ICR-3_p08
420.104825044,697.199842596,277.095017552,Other,random,C14H15O5N1,277.095024000,RC2_0046_ICR-3_p08
577.132868925,854.227890477,277.095021552,Other,random,C14H15O5N1,277.095024000,RC2_0046_ICR-3_p08
257.030384813,534.125411365,277.095026552,Other,random,C14H15O5N1,277.095024000,RC2_0046_ICR-3_p08
242.067057288,520.146089665,278.079032378,Other,random,C14H14O6,278.079040000,RC2_0046_ICR-3_p08
301.056416052,579.135451430,278.079035378,Other,random,C14H14O6,278.079040000,RC2_0046_ICR-3_p08
293.102986791,571.182023169,278.079036378,Other,random,C14H14O6,278.079040000,RC2_0046_ICR-3_p08
315.181166135,593.260203512,278.079037378,Other,random,C14H14O6,278.079040000,RC2_0046_ICR-3_p08
303.136812227,581.215850605,278.079038378,Other,random,C14H14O6,278.079040000,RC2_0046_ICR-3_p08
271.155127895,549.234166273,278.079038378,Other,random,C14H14O6,278.079040000,RC2_0046_ICR-3_p08
267.123774996,545.202814374,278.079039378,Other,random,C14H14O6,278.079040000,RC2_0046_ICR-3_p08
331.131668472,609.210710850,278.079042378,Other,random,C14H14O6,278.079040000,RC2_0046_ICR-3_p08
263.150014853,541.229059231,278.079044378,Other,random,C14H14O6,278.079040000,RC2_0046_ICR-3_p08
289.056461957,567.135508334,278.079046378,Other,random,C14H14O6,278.079040000,RC2_0046_ICR-3_p08
389.173465256,667.252511634,278.079046378,Other,random,C14H14O6,278.079040000,RC2_0046_ICR-3_p08
265.035417855,543.114467233,278.079049378,Other,random,C14H14O6,278.079040000,RC2_0046_ICR-3_p08
453.030979370,731.328320822,278.297341452,Other,random,C20H38,278.297350000,RC2_0046_ICR-3_p08
453.189461698,732.295403720,279.105942022,Other,random,C18H14N1F1O1,279.105942200,RC2_0046_ICR-3_p08
227.128981655,508.195420361,281.066438705,Other,random,C9H16N1O7P1,281.066442000,RC2_0046_ICR-3_p08
440.132556086,721.199005791,281.066449705,Other,random,C9H16N1O7P1,281.066442000,RC2_0046_ICR-3_p08
376.080321798,659.126020107,283.045698309,Other,random,C8H14N1O8P1,283.045707000,RC2_0046_ICR-3_p08
358.106038046,641.151739355,283.045701309,Other,random,C8H14N1O8P1,283.045707000,RC2_0046_ICR-3_p08
454.184697476,737.230402785,283.045705309,Other,random,C8H14N1O8P1,283.045707000,RC2_0046_ICR-3_p08
327.181293230,611.213374354,284.032081125,Other,random,C15H8O6,284.032090000,RC2_0046_ICR-3_p08
259.118784953,543.150872078,284.032087125,Other,random,C15H8O6,284.032090000,RC2_0046_ICR-3_p08
261.097959558,545.130046682,284.032087125,Other,random,C15H8O6,284.032090000,RC2_0046_ICR-3_p08
297.110920789,581.143008914,284.032088125,Other,random,C15H8O6,284.032090000,RC2_0046_ICR-3_p08
347.134614587,631.166705712,284.032091125,Other,random,C15H8O6,284.032090000,RC2_0046_ICR-3_p08
309.183695576,593.215786701,284.032091125,Other,random,C15H8O6,284.032090000,RC2_0046_ICR-3_p08
297.147313635,581.179406760,284.032093125,Other,random,C15H8O6,284.032090000,RC2_0046_ICR-3_p08
333.082649196,617.114742321,284.032093125,Other,random,C15H8O6,284.032090000,RC2_0046_ICR-3_p08
261.097959558,545.166428528,284.068468970,Other,random,C16H12O5,284.068475000,RC2_0046_ICR-3_p08
355.189059420,639.257528390,284.068468970,Other,random,C16H12O5,284.068475000,RC2_0046_ICR-3_p08
299.113563294,583.182034264,284.068470970,Other,random,C16H12O5,284.068475000,RC2_0046_ICR-3_p08
309.147307731,593.215786701,284.068478970,Other,random,C16H12O5,284.068475000,RC2_0046_ICR-3_p08
431.192009012,715.260492982,284.068483970,Other,random,C16H12O5,284.068475000,RC2_0046_ICR-3_p08
403.087874231,689.317540033,286.229665802,Other,random,C20H30O1,286.229665000,RC2_0046_ICR-3_p08
249.004150860,540.099572022,291.095421162,Other,random,C11H17N1O8,291.095419000,RC2_0046_ICR-3_p08
289.071821892,580.167246053,291.095424162,Other,random,C11H17N1O8,291.095419000,RC2_0046_ICR-3_p08
266.067068479,558.182881312,292.115812833,Other,random,C12H20O8,292.115820000,RC2_0046_ICR-3_p08
283.110559179,575.226373013,292.115813833,Other,random,C12H20O8,292.115820000,RC2_0046_ICR-3_p08
323.004408948,615.120226781,292.115817833,Other,random,C12H20O8,292.115820000,RC2_0046_ICR-3_p08
299.032745637,591.148564470,292.115818833,Other,random,C12H20O8,292.115820000,RC2_0046_ICR-3_p08
459.129384501,751.245206334,292.115821833,Other,random,C12H20O8,292.115820000,RC2_0046_ICR-3_p08
287.092570288,579.208399121,292.115828833,Other,random,C12H20O8,292.115820000,RC2_0046_ICR-3_p08
327.048534793,619.325141944,292.276607151,Other,random,C20H36O1,292.276615000,RC2_0046_ICR-3_p08
313.108006929,607.203086366,294.095079437,Other,random,C11H18O9,294.095085000,RC2_0046_ICR-3_p08
321.134232882,615.229324319,294.095091437,Other,random,C11H18O9,294.095085000,RC2_0046_ICR-3_p08
271.155127895,567.257295818,296.102167923,Other,random,C14H12N6O2,296.102174000,RC2_0046_ICR-3_p08
270.061965532,567.151534266,297.089568734,Other,random,C11H15N5O3S1,297.089562000,RC2_0046_ICR-3_p08
518.224423817,815.313993552,297.089569734,Other,random,C11H15N5O3S1,297.089562000,RC2_0046_ICR-3_p08
271.045954358,573.161373772,302.115419414,Other,random,C17H18O5,302.115425000,RC2_0046_ICR-3_p08
253.035401759,555.150822174,302.115420414,Other,random,C17H18O5,302.115425000,RC2_0046_ICR-3_p08
321.111003980,623.226428395,302.115424414,Other,random,C17H18O5,302.115425000,RC2_0046_ICR-3_p08
329.051278297,631.166705712,302.115427414,Other,random,C17H18O5,302.115425000,RC2_0046_ICR-3_p08
329.087757142,631.203185557,302.115428414,Other,random,C17H18O5,302.115425000,RC2_0046_ICR-3_p08
255.123817900,557.239250315,302.115432414,Other,random,C17H18O5,302.115425000,RC2_0046_ICR-3_p08
287.113623198,589.229056613,302.115433414,Other,random,C17H18O5,302.115425000,RC2_0046_ICR-3_p08
423.069787467,727.115830692,304.046043225,Other,random,thymidine 5_ monophosphate (-H2O),304.046039400,RC2_0046_ICR-3_p08
389.108638531,693.166933704,304.058295173,Other,random,C15H12O7,304.058305000,RC2_0046_ICR-3_p08
251.092527001,555.150822174,304.058295173,Other,random,C15H12O7,304.058305000,RC2_0046_ICR-3_p08
289.165650494,593.223947666,304.058297173,Other,random,C15H12O7,304.058305000,RC2_0046_ICR-3_p08
289.157489528,593.215786701,304.058297173,Other,random,C15H12O7,304.058305000,RC2_0046_ICR-3_p08
301.092838898,605.151138071,304.058299173,Other,random,C15H12O7,304.058305000,RC2_0046_ICR-3_p08
447.186907161,751.245206334,304.058299173,Other,random,C15H12O7,304.058305000,RC2_0046_ICR-3_p08
251.128928847,555.187231019,304.058302173,Other,random,C15H12O7,304.058305000,RC2_0046_ICR-3_p08
383.061812182,687.120115355,304.058303173,Other,random,C15H12O7,304.058305000,RC2_0046_ICR-3_p08
269.030361908,573.088666081,304.058304173,Other,random,C15H12O7,304.058305000,RC2_0046_ICR-3_p08
263.113640007,567.171945180,304.058305173,Other,random,C15H12O7,304.058305000,RC2_0046_ICR-3_p08
233.009237711,537.067543884,304.058306173,Other,random,C15H12O7,304.058305000,RC2_0046_ICR-3_p08
224.056505689,528.114814862,304.058309173,Other,random,C15H12O7,304.058305000,RC2_0046_ICR-3_p08
243.123862805,547.182171977,304.058309173,Other,random,C15H12O7,304.058305000,RC2_0046_ICR-3_p08
313.056432148,617.114742321,304.058310173,Other,random,C15H12O7,304.058305000,RC2_0046_ICR-3_p08
263.150014853,567.208328026,304.058313173,Other,random,C15H12O7,304.058305000,RC2_0046_ICR-3_p08
339.084977734,645.110275562,306.025297829,Other,random,uridine 5_ monophosphate (-H2O),306.025303900,RC2_0046_ICR-3_p08
367.079856978,673.105161807,306.025304829,Other,random,uridine 5_ monophosphate (-H2O),306.025303900,RC2_0046_ICR-3_p08
317.116029927,623.141336755,306.025306829,Other,random,uridine 5_ monophosphate (-H2O),306.025303900,RC2_0046_ICR-3_p08
371.183865569,677.209172398,306.025306829,Other,random,uridine 5_ monophosphate (-H2O),306.025303900,RC2_0046_ICR-3_p08
317.079713081,623.105022910,306.025309829,Other,random,uridine 5_ monophosphate (-H2O),306.025303900,RC2_0046_ICR-3_p08
393.241041002,699.266352830,306.025311829,Other,random,uridine 5_ monophosphate (-H2O),306.025303900,RC2_0046_ICR-3_p08
407.147582010,713.172894838,306.025312829,Other,random,uridine 5_ monophosphate (-H2O),306.025303900,RC2_0046_ICR-3_p08
263.113640007,569.166461719,306.052821712,Other,random,C18H10O5,306.052825000,RC2_0046_ICR-3_p08
247.118758858,555.187231019,308.068472161,Other,random,C18H12O5,308.068475000,RC2_0046_ICR-3_p08
303.035776656,611.104254817,308.068478161,Other,random,C18H12O5,308.068475000,RC2_0046_ICR-3_p08
421.163240555,729.240576678,308.077336124,Other,random,C10H17N2O7P1,308.077341000,RC2_0046_ICR-3_p08
291.173172978,599.250519101,308.077346124,Other,random,C10H17N2O7P1,308.077341000,RC2_0046_ICR-3_p08
389.100660565,697.178008689,308.077348124,Other,random,C10H17N2O7P1,308.077341000,RC2_0046_ICR-3_p08
429.189541507,737.266891630,308.077350124,Other,random,C10H17N2O7P1,308.077341000,RC2_0046_ICR-3_p08
481.220715788,789.298065912,308.077350124,Other,random,C10H17N2O7P1,308.077341000,RC2_0046_ICR-3_p08
261.076864647,569.166461719,308.089597072,Other,random,C15H16O7,308.089605000,RC2_0046_ICR-3_p08
281.103072695,589.192670767,308.089598072,Other,random,C15H16O7,308.089605000,RC2_0046_ICR-3_p08
259.082346108,567.171945180,308.089599072,Other,random,C15H16O7,308.089605000,RC2_0046_ICR-3_p08
247.097626948,555.187231019,308.089604072,Other,random,C15H16O7,308.089605000,RC2_0046_ICR-3_p08
233.103151313,541.192755385,308.089604072,Other,random,C15H16O7,308.089605000,RC2_0046_ICR-3_p08
269.066630754,577.156235826,308.089605072,Other,random,C15H16O7,308.089605000,RC2_0046_ICR-3_p08
278.088244484,586.177850556,308.089606072,Other,random,C15H16O7,308.089605000,RC2_0046_ICR-3_p08
235.024861161,543.114467233,308.089606072,Other,random,C15H16O7,308.089605000,RC2_0046_ICR-3_p08
249.149643243,557.239250315,308.089607072,Other,random,C15H16O7,308.089605000,RC2_0046_ICR-3_p08
275.056198346,583.145808418,308.089610072,Other,random,C15H16O7,308.089605000,RC2_0046_ICR-3_p08
337.142265975,645.231878047,308.089612072,Other,random,C15H16O7,308.089605000,RC2_0046_ICR-3_p08
343.103348688,651.192960759,308.089612072,Other,random,C15H16O7,308.089605000,RC2_0046_ICR-3_p08
299.077216448,607.166828520,308.089612072,Other,random,C15H16O7,308.089605000,RC2_0046_ICR-3_p08
359.171080528,667.260693599,308.089613072,Other,random,C15H16O7,308.089605000,RC2_0046_ICR-3_p08
279.014669554,587.125395537,308.110725982,Other,random,C12H20O9,308.110735000,RC2_0046_ICR-3_p08
283.110559179,591.221286162,308.110726982,Other,random,C12H20O9,308.110735000,RC2_0046_ICR-3_p08
361.165578067,669.276311049,308.110732982,Other,random,C12H20O9,308.110735000,RC2_0046_ICR-3_p08
305.175747578,613.286482560,308.110734982,Other,random,C12H20O9,308.110735000,RC2_0046_ICR-3_p08
307.009491799,615.120226781,308.110734982,Other,random,C12H20O9,308.110735000,RC2_0046_ICR-3_p08
271.061262293,579.172005275,308.110742982,Other,random,C12H20O9,308.110735000,RC2_0046_ICR-3_p08
301.071736987,609.182480970,308.110743982,Other,random,C12H20O9,308.110735000,RC2_0046_ICR-3_p08
261.113287493,569.224031475,308.110743982,Other,random,C12H20O9,308.110735000,RC2_0046_ICR-3_p08
405.204660251,717.240521583,312.035861332,Other,random,C8H13N2O9P1,312.035871000,RC2_0046_ICR-3_p08
335.235644063,647.271512394,312.035868332,Other,random,C8H13N2O9P1,312.035871000,RC2_0046_ICR-3_p08
355.189059420,667.224928751,312.035869332,Other,random,C8H13N2O9P1,312.035871000,RC2_0046_ICR-3_p08
357.074513421,669.110383753,312.035870332,Other,random,C8H13N2O9P1,312.035871000,RC2_0046_ICR-3_p08
361.069290475,673.105161807,312.035871332,Other,random,C8H13N2O9P1,312.035871000,RC2_0046_ICR-3_p08
481.220715788,793.256589120,312.035873332,Other,random,C8H13N2O9P1,312.035871000,RC2_0046_ICR-3_p08
347.126509621,659.162385953,312.035876332,Other,random,C8H13N2O9P1,312.035871000,RC2_0046_ICR-3_p08
349.069444379,661.105320711,312.035876332,Other,random,C8H13N2O9P1,312.035871000,RC2_0046_ICR-3_p08
357.095468333,669.131345664,312.035877332,Other,random,C8H13N2O9P1,312.035871000,RC2_0046_ICR-3_p08
377.173368161,689.209246493,312.035878332,Other,random,C8H13N2O9P1,312.035871000,RC2_0046_ICR-3_p08
333.082649196,647.125297015,314.042647819,Other,random,C16H10O7,314.042655000,RC2_0046_ICR-3_p08
303.072087502,617.114742321,314.042654819,Other,random,C16H10O7,314.042655000,RC2_0046_ICR-3_p08
277.129294552,591.171950371,314.042655819,Other,random,C16H10O7,314.042655000,RC2_0046_ICR-3_p08
257.066703658,571.109359477,314.042655819,Other,random,C16H10O7,314.042655000,RC2_0046_ICR-3_p08
287.150015044,601.192671863,314.042656819,Other,random,C16H10O7,314.042655000,RC2_0046_ICR-3_p08
275.150012948,589.192670767,314.042657819,Other,random,C16H10O7,314.042655000,RC2_0046_ICR-3_p08
243.160213650,557.202876469,314.042662819,Other,random,C16H10O7,314.042655000,RC2_0046_ICR-3_p08
335.149919426,651.192960759,316.043041333,Other,random,C12H12O10,316.043050000,RC2_0046_ICR-3_p08
267.123774996,583.166824329,316.043049333,Other,random,C12H12O10,316.043050000,RC2_0046_ICR-3_p08
271.118777049,587.161826382,316.043049333,Other,random,C12H12O10,316.043050000,RC2_0046_ICR-3_p08
473.181610891,789.224662223,316.043051333,Other,random,C12H12O10,316.043050000,RC2_0046_ICR-3_p08
239.019772214,555.062823547,316.043051333,Other,random,C12H12O10,316.043050000,RC2_0046_ICR-3_p08
263.128947942,579.172005275,316.043057333,Other,random,C12H12O10,316.043050000,RC2_0046_ICR-3_p08
509.142935341,826.196808386,317.053873045,Other,random,C11H14N2O7P1,317.053866000,RC2_0046_ICR-3_p08
385.186535169,703.224408040,318.037872871,Other,random,C11H13N1O8P1,318.037882000,RC2_0046_ICR-3_p08
299.090093394,617.127967264,318.037873871,Other,random,C11H13N1O8P1,318.037882000,RC2_0046_ICR-3_p08
305.124146797,623.162022668,318.037875871,Other,random,C11H13N1O8P1,318.037882000,RC2_0046_ICR-3_p08
409.223175205,727.261052076,318.037876871,Other,random,C11H13N1O8P1,318.037882000,RC2_0046_ICR-3_p08
307.155015182,625.192893053,318.037877871,Other,random,C11H13N1O8P1,318.037882000,RC2_0046_ICR-3_p08
283.009498608,601.047376479,318.037877871,Other,random,C11H13N1O8P1,318.037882000,RC2_0046_ICR-3_p08
359.243775219,677.281658090,318.037882871,Other,random,C11H13N1O8P1,318.037882000,RC2_0046_ICR-3_p08
345.082645291,663.120530162,318.037884871,Other,random,C11H13N1O8P1,318.037882000,RC2_0046_ICR-3_p08
325.092731089,643.130615960,318.037884871,Other,random,C11H13N1O8P1,318.037882000,RC2_0046_ICR-3_p08
327.108359539,645.146244410,318.037884871,Other,random,C11H13N1O8P1,318.037882000,RC2_0046_ICR-3_p08
353.160351025,671.198236896,318.037885871,Other,random,C11H13N1O8P1,318.037882000,RC2_0046_ICR-3_p08
291.051042496,609.088931366,318.037888871,Other,random,C11H13N1O8P1,318.037882000,RC2_0046_ICR-3_p08
339.108406634,657.146296505,318.037889871,Other,random,C11H13N1O8P1,318.037882000,RC2_0046_ICR-3_p08
453.249176445,771.287066315,318.037889871,Other,random,C11H13N1O8P1,318.037882000,RC2_0046_ICR-3_p08
393.118996519,711.156888390,318.037891871,Other,random,C11H13N1O8P1,318.037882000,RC2_0046_ICR-3_p08
299.090093394,617.309595494,318.219502100,Other,random,C20H30O3,318.219495000,RC2_0046_ICR-3_p08
251.128928847,574.250554152,323.121625305,Other,random,C12H21N1O9,323.121634000,RC2_0046_ICR-3_p08
285.076861838,608.198501144,323.121639305,Other,random,C12H21N1O9,323.121634000,RC2_0046_ICR-3_p08
275.077289257,599.140669567,324.063380310,Other,random,C18H12O6,324.063390000,RC2_0046_ICR-3_p08
289.092852802,613.156252113,324.063399310,Other,random,C18H12O6,324.063390000,RC2_0046_ICR-3_p08
233.154740094,557.239250315,324.084510221,Other,random,C15H16O8,324.084520000,RC2_0046_ICR-3_p08
247.133925794,571.218440014,324.084514221,Other,random,C15H16O8,324.084520000,RC2_0046_ICR-3_p08
249.004150860,573.088666081,324.084515221,Other,random,C15H16O8,324.084520000,RC2_0046_ICR-3_p08
245.139512254,569.224031475,324.084519221,Other,random,C15H16O8,324.084520000,RC2_0046_ICR-3_p08
275.092456193,599.176978413,324.084522221,Other,random,C15H16O8,324.084520000,RC2_0046_ICR-3_p08
287.105496233,611.190019453,324.084523221,Other,random,C15H16O8,324.084520000,RC2_0046_ICR-3_p08
423.202264905,747.286789126,324.084524221,Other,random,C15H16O8,324.084520000,RC2_0046_ICR-3_p08
269.030361908,593.114886129,324.084524221,Other,random,C15H16O8,324.084520000,RC2_0046_ICR-3_p08
281.152441486,605.236970707,324.084529221,Other,random,C15H16O8,324.084520000,RC2_0046_ICR-3_p08
347.004343139,671.109990271,324.105647131,Other,random,C12H20O10,324.105650000,RC2_0046_ICR-3_p08
369.025093727,693.130741858,324.105648131,Other,random,C12H20O10,324.105650000,RC2_0046_ICR-3_p08
315.087331533,639.192981664,324.105650131,Other,random,C12H20O10,324.105650000,RC2_0046_ICR-3_p08
277.108173642,601.213827773,324.105654131,Other,random,C12H20O10,324.105650000,RC2_0046_ICR-3_p08
257.030384813,585.088684176,328.058299364,Other,random,C17H12O7,328.058305000,RC2_0046_ICR-3_p08
285.097950749,613.156252113,328.058301364,Other,random,C17H12O7,328.058305000,RC2_0046_ICR-3_p08
280.103877934,608.162185298,328.058307364,Other,random,C17H12O7,328.058305000,RC2_0046_ICR-3_p08
283.131711090,611.190019453,328.058308364,Other,random,C17H12O7,328.058305000,RC2_0046_ICR-3_p08
263.113640007,591.171950371,328.058310364,Other,random,C17H12O7,328.058305000,RC2_0046_ICR-3_p08
303.144874193,631.203185557,328.058311364,Other,random,C17H12O7,328.058305000,RC2_0046_ICR-3_p08
251.113693911,579.172005275,328.058311364,Other,random,C17H12O7,328.058305000,RC2_0046_ICR-3_p08
307.093705442,635.162207762,328.068502320,Other,random,C10H13N6O5P1,328.068507000,RC2_0046_ICR-3_p08
309.072809047,637.141313367,328.068504320,Other,random,C10H13N6O5P1,328.068507000,RC2_0046_ICR-3_p08
353.098967286,681.167480606,328.068513320,Other,random,C10H13N6O5P1,328.068507000,RC2_0046_ICR-3_p08
413.160350503,743.220693374,330.060342871,Other,random,C10H13N5O6P1,330.060348000,RC2_0046_ICR-3_p08
449.066744187,781.219223183,332.152478996,Other,random,C21H20O2N2,332.152478000,RC2_0046_ICR-3_p08
449.173305735,783.202628769,334.029323034,Other,random,C11H14N2O6S2,334.029332000,RC2_0046_ICR-3_p08
381.231152948,715.260492982,334.029340034,Other,random,C11H14N2O6S2,334.029332000,RC2_0046_ICR-3_p08
444.065112404,780.248897299,336.183784895,Other,random,C21H24N2O2,336.183778000,RC2_0046_ICR-3_p08
287.186398890,627.244698349,340.058299459,Other,random,C18H12O7,340.058305000,RC2_0046_ICR-3_p08
271.045954358,611.104254817,340.058300459,Other,random,C18H12O7,340.058305000,RC2_0046_ICR-3_p08
305.051975103,645.110275562,340.058300459,Other,random,C18H12O7,340.058305000,RC2_0046_ICR-3_p08
347.098198741,687.156503201,340.058304459,Other,random,C18H12O7,340.058305000,RC2_0046_ICR-3_p08
243.087497959,583.145808418,340.058310459,Other,random,C18H12O7,340.058305000,RC2_0046_ICR-3_p08
407.129005088,747.214801431,340.085796343,Other,random,C11H21N2O6P1S1,340.085798000,RC2_0046_ICR-3_p08
245.045643652,585.146195932,340.100552280,Other,random,disaccharide (-H2O),340.100561800,RC2_0046_ICR-3_p08
233.081975403,573.182535683,340.100560280,Other,random,disaccharide (-H2O),340.100561800,RC2_0046_ICR-3_p08
331.009427991,671.109990271,340.100562280,Other,random,disaccharide (-H2O),340.100561800,RC2_0046_ICR-3_p08
325.178561725,667.252511634,342.073949909,Other,random,C18H14O7,342.073955000,RC2_0046_ICR-3_p08
241.071853509,583.145808418,342.073954909,Other,random,C18H14O7,342.073955000,RC2_0046_ICR-3_p08
275.077289257,617.151244166,342.073954909,Other,random,C18H14O7,342.073955000,RC2_0046_ICR-3_p08
343.030503997,685.104459905,342.073955909,Other,random,C18H14O7,342.073955000,RC2_0046_ICR-3_p08
259.046023262,601.119982171,342.073958909,Other,random,C18H14O7,342.073955000,RC2_0046_ICR-3_p08
273.025186962,615.099149871,342.073962909,Other,random,C18H14O7,342.073955000,RC2_0046_ICR-3_p08
269.131227480,615.148447662,346.017220181,Other,random,C12H10O12,346.017230000,RC2_0046_ICR-3_p08
249.040480706,595.057701887,346.017221181,Other,random,C12H10O12,346.017230000,RC2_0046_ICR-3_p08
293.175749483,639.192981664,346.017232181,Other,random,C12H10O12,346.017230000,RC2_0046_ICR-3_p08
277.108173642,623.125407823,346.017234181,Other,random,C12H10O12,346.017230000,RC2_0046_ICR-3_p08
269.139482445,615.156716627,346.017234181,Other,random,C12H10O12,346.017230000,RC2_0046_ICR-3_p08
327.123801474,673.141037655,346.017236181,Other,random,C12H10O12,346.017230000,RC2_0046_ICR-3_p08
275.056198346,623.234623360,348.178425013,Other,random,C16H28O8,348.178420000,RC2_0046_ICR-3_p08
253.035401759,601.213827773,348.178426013,Other,random,C16H28O8,348.178420000,RC2_0046_ICR-3_p08
249.149643243,601.213827773,352.064184530,Other,random,C12H16O12,352.064180000,RC2_0046_ICR-3_p08
235.024861161,587.089046691,352.064185530,Other,random,C12H16O12,352.064180000,RC2_0046_ICR-3_p08
245.045643652,597.109830182,352.064186530,Other,random,C12H16O12,352.064180000,RC2_0046_ICR-3_p08
327.121522483,682.205326204,355.083803721,Other,random,C14H17O6N3S1,355.083809000,RC2_0046_ICR-3_p08
251.092527001,609.291688506,358.199161505,Other,random,C18H30O7,358.199155000,RC2_0046_ICR-3_p08
291.051042496,649.250204001,358.199161505,Other,random,C18H30O7,358.199155000,RC2_0046_ICR-3_p08
269.139482445,627.338645950,358.199163505,Other,random,C18H30O7,358.199155000,RC2_0046_ICR-3_p08
235.097628852,605.224004762,370.126375909,Other,random,C17H22O9,370.126385000,RC2_0046_ICR-3_p08
275.040949411,645.167342320,370.126392909,Other,random,C17H22O9,370.126385000,RC2_0046_ICR-3_p08
243.123862805,613.250255714,370.126392909,Other,random,C17H22O9,370.126385000,RC2_0046_ICR-3_p08
238.072137234,613.068727484,374.996590250,Other,random,C20H7O1Cl2N3,374.996600000,RC2_0046_ICR-3_p08
306.098231665,681.094832914,374.996601250,Other,random,C20H7O1Cl2N3,374.996600000,RC2_0046_ICR-3_p08
252.087772779,627.084381029,374.996608250,Other,random,C20H7O1Cl2N3,374.996600000,RC2_0046_ICR-3_p08
241.144611201,625.156983205,384.012372004,Other,random,deoxythymidine 5_ diphosphate (-H2O),384.012371700,RC2_0046_ICR-3_p08
275.150012948,659.162385953,384.012373004,Other,random,deoxythymidine 5_ diphosphate (-H2O),384.012371700,RC2_0046_ICR-3_p08
273.170756344,659.162385953,385.991629608,Other,random,uridine 5_ diphosphate (-H2O),385.991636300,RC2_0046_ICR-3_p08
275.113686102,661.105320711,385.991634608,Other,random,uridine 5_ diphosphate (-H2O),385.991636300,RC2_0046_ICR-3_p08
283.118744145,669.110383753,385.991639608,Other,random,uridine 5_ diphosphate (-H2O),385.991636300,RC2_0046_ICR-3_p08
239.165338597,625.156983205,385.991644608,Other,random,uridine 5_ diphosphate (-H2O),385.991636300,RC2_0046_ICR-3_p08
273.170756344,659.162385953,385.991629608,Other,random,C9H12N2O11P2,385.991639000,RC2_0046_ICR-3_p08
275.113686102,661.105320711,385.991634608,Other,random,C9H12N2O11P2,385.991639000,RC2_0046_ICR-3_p08
283.118744145,669.110383753,385.991639608,Other,random,C9H12N2O11P2,385.991639000,RC2_0046_ICR-3_p08
239.165338597,625.156983205,385.991644608,Other,random,C9H12N2O11P2,385.991639000,RC2_0046_ICR-3_p08
295.118722240,681.110370849,385.991648608,Other,random,C9H12N2O11P2,385.991639000,RC2_0046_ICR-3_p08
271.191490741,673.214421343,402.022930603,Other,random,C10H16O11N2P2,402.022939000,RC2_0046_ICR-3_p08
315.217589980,717.240521583,402.022931603,Other,random,C10H16O11N2P2,402.022939000,RC2_0046_ICR-3_p08
257.139447350,659.162385953,402.022938603,Other,random,C10H16O11N2P2,402.022939000,RC2_0046_ICR-3_p08
285.076861838,701.208724591,416.131862752,Other,random,C18H24O11,416.131865000,RC2_0046_ICR-3_p08
253.108192451,669.240060203,416.131867752,Other,random,C18H24O11,416.131865000,RC2_0046_ICR-3_p08
235.024861161,651.156730913,416.131869752,Other,random,C18H24O11,416.131865000,RC2_0046_ICR-3_p08
291.051042496,707.182917248,416.131874752,Other,random,C18H24O11,416.131865000,RC2_0046_ICR-3_p08
261.097959558,677.317843937,416.219884379,Other,random,C24H32O6,416.219890000,RC2_0046_ICR-3_p08
345.082645291,761.303219667,416.220574376,Other,random,C17H32N6O4S1,416.220576000,RC2_0046_ICR-3_p08
331.066992746,761.303219667,430.236226921,Other,random,C18H34N6O4S1,430.236226000,RC2_0046_ICR-3_p08
275.056198346,835.298563776,560.242365430,Other,random,C34H32O4N4,560.242356000,RC2_0046_ICR-3_p08
