Feature_X,Feature_Y,Difference,Group,Transformation,Formula,mf,SampleID
673.263635764,673.287452630,0.023816866,Other,random,H2N1O_1,0.023809000,RC2_0018_ICR-1_p08
305.066657187,305.103027982,0.036370795,Other,random,CH4_O,0.036380000,RC2_0018_ICR-1_p08
471.069744729,471.106115524,0.036370795,Other,random,CH4_O,0.036380000,RC2_0018_ICR-1_p08
519.163910288,519.200281084,0.036370795,Other,random,CH4_O,0.036380000,RC2_0018_ICR-1_p08
239.019818577,239.056189373,0.036370795,Other,random,CH4_O,0.036380000,RC2_0018_ICR-1_p08
499.145616854,499.181987649,0.036370795,Other,random,CH4_O,0.036380000,RC2_0018_ICR-1_p08
525.031228296,525.067599091,0.036370795,Other,random,CH4_O,0.036380000,RC2_0018_ICR-1_p08
385.056375394,385.092747189,0.036371795,Other,random,CH4_O,0.036380000,RC2_0018_ICR-1_p08
391.189141908,391.225513704,0.036371795,Other,random,CH4_O,0.036380000,RC2_0018_ICR-1_p08
278.030741214,278.067113009,0.036371795,Other,random,CH4_O,0.036380000,RC2_0018_ICR-1_p08
299.077271866,299.113643661,0.036371795,Other,random,CH4_O,0.036380000,RC2_0018_ICR-1_p08
559.195132187,559.231504983,0.036372795,Other,random,CH4_O,0.036380000,RC2_0018_ICR-1_p08
446.085828217,446.122201012,0.036372795,Other,random,CH4_O,0.036380000,RC2_0018_ICR-1_p08
321.072946181,321.109318977,0.036372795,Other,random,CH4_O,0.036380000,RC2_0018_ICR-1_p08
565.221141302,565.257514098,0.036372795,Other,random,CH4_O,0.036380000,RC2_0018_ICR-1_p08
469.184293331,469.220667126,0.036373795,Other,random,CH4_O,0.036380000,RC2_0018_ICR-1_p08
301.129325327,301.165699122,0.036373795,Other,random,CH4_O,0.036380000,RC2_0018_ICR-1_p08
474.067697871,474.104071666,0.036373795,Other,random,CH4_O,0.036380000,RC2_0018_ICR-1_p08
509.057255119,509.093628915,0.036373795,Other,random,CH4_O,0.036380000,RC2_0018_ICR-1_p08
522.125257636,522.161631432,0.036373795,Other,random,CH4_O,0.036380000,RC2_0018_ICR-1_p08
515.155796827,515.192170622,0.036373795,Other,random,CH4_O,0.036380000,RC2_0018_ICR-1_p08
299.113643661,299.150018457,0.036374795,Other,random,CH4_O,0.036380000,RC2_0018_ICR-1_p08
535.145845420,535.182220215,0.036374795,Other,random,CH4_O,0.036380000,RC2_0018_ICR-1_p08
535.231377939,535.267752734,0.036374795,Other,random,CH4_O,0.036380000,RC2_0018_ICR-1_p08
461.231004053,461.267378849,0.036374795,Other,random,CH4_O,0.036380000,RC2_0018_ICR-1_p08
487.210426967,487.246801763,0.036374795,Other,random,CH4_O,0.036380000,RC2_0018_ICR-1_p08
505.098740379,505.135115174,0.036374795,Other,random,CH4_O,0.036380000,RC2_0018_ICR-1_p08
563.168921842,563.205296638,0.036374795,Other,random,CH4_O,0.036380000,RC2_0018_ICR-1_p08
285.098011473,285.134387269,0.036375795,Other,random,CH4_O,0.036380000,RC2_0018_ICR-1_p08
319.082338375,319.118714170,0.036375795,Other,random,CH4_O,0.036380000,RC2_0018_ICR-1_p08
371.077064001,371.113439797,0.036375795,Other,random,CH4_O,0.036380000,RC2_0018_ICR-1_p08
443.038386353,443.074762148,0.036375795,Other,random,CH4_O,0.036380000,RC2_0018_ICR-1_p08
521.202691824,521.239067619,0.036375795,Other,random,CH4_O,0.036380000,RC2_0018_ICR-1_p08
561.234158722,561.270534517,0.036375795,Other,random,CH4_O,0.036380000,RC2_0018_ICR-1_p08
699.156907163,699.193282958,0.036375795,Other,random,CH4_O,0.036380000,RC2_0018_ICR-1_p08
733.271900329,733.308276125,0.036375795,Other,random,CH4_O,0.036380000,RC2_0018_ICR-1_p08
266.067142487,266.103518282,0.036375795,Other,random,CH4_O,0.036380000,RC2_0018_ICR-1_p08
308.077556256,308.113932052,0.036375795,Other,random,CH4_O,0.036380000,RC2_0018_ICR-1_p08
319.103334257,319.139710052,0.036375795,Other,random,CH4_O,0.036380000,RC2_0018_ICR-1_p08
325.129201372,325.165577168,0.036375795,Other,random,CH4_O,0.036380000,RC2_0018_ICR-1_p08
397.150170389,397.186547184,0.036376795,Other,random,CH4_O,0.036380000,RC2_0018_ICR-1_p08
545.114903362,545.151280158,0.036376795,Other,random,CH4_O,0.036380000,RC2_0018_ICR-1_p08
271.046000490,271.082377285,0.036376795,Other,random,CH4_O,0.036380000,RC2_0018_ICR-1_p08
297.098054995,297.134431791,0.036376795,Other,random,CH4_O,0.036380000,RC2_0018_ICR-1_p08
303.072170402,303.108547198,0.036376795,Other,random,CH4_O,0.036380000,RC2_0018_ICR-1_p08
303.108547198,303.144923993,0.036376795,Other,random,CH4_O,0.036380000,RC2_0018_ICR-1_p08
495.236485836,495.272862631,0.036376795,Other,random,CH4_O,0.036380000,RC2_0018_ICR-1_p08
601.119932438,601.156309234,0.036376795,Other,random,CH4_O,0.036380000,RC2_0018_ICR-1_p08
707.255981621,707.292358416,0.036376795,Other,random,CH4_O,0.036380000,RC2_0018_ICR-1_p08
729.203982204,729.240358999,0.036376795,Other,random,CH4_O,0.036380000,RC2_0018_ICR-1_p08
793.292683824,793.329060620,0.036376795,Other,random,CH4_O,0.036380000,RC2_0018_ICR-1_p08
517.135048697,517.171426492,0.036377795,Other,random,CH4_O,0.036380000,RC2_0018_ICR-1_p08
549.088571018,549.124948813,0.036377795,Other,random,CH4_O,0.036380000,RC2_0018_ICR-1_p08
621.182911621,621.219289417,0.036377795,Other,random,CH4_O,0.036380000,RC2_0018_ICR-1_p08
303.087371317,303.123750112,0.036378795,Other,random,CH4_O,0.036380000,RC2_0018_ICR-1_p08
304.046225925,304.082604720,0.036378795,Other,random,CH4_O,0.036380000,RC2_0018_ICR-1_p08
503.177032185,503.213410980,0.036378795,Other,random,CH4_O,0.036380000,RC2_0018_ICR-1_p08
283.118813603,283.155192398,0.036378795,Other,random,CH4_O,0.036380000,RC2_0018_ICR-1_p08
373.105800593,373.142179389,0.036378795,Other,random,CH4_O,0.036380000,RC2_0018_ICR-1_p08
395.092624958,395.129003754,0.036378795,Other,random,CH4_O,0.036380000,RC2_0018_ICR-1_p08
507.179195680,507.215574476,0.036378795,Other,random,CH4_O,0.036380000,RC2_0018_ICR-1_p08
558.146605083,558.182983879,0.036378795,Other,random,CH4_O,0.036380000,RC2_0018_ICR-1_p08
587.104447249,587.140826045,0.036378795,Other,random,CH4_O,0.036380000,RC2_0018_ICR-1_p08
657.167632274,657.204011070,0.036378795,Other,random,CH4_O,0.036380000,RC2_0018_ICR-1_p08
293.103072460,293.139452255,0.036379795,Other,random,CH4_O,0.036380000,RC2_0018_ICR-1_p08
319.058918506,319.095298302,0.036379795,Other,random,CH4_O,0.036380000,RC2_0018_ICR-1_p08
429.082634828,429.119014623,0.036379795,Other,random,CH4_O,0.036380000,RC2_0018_ICR-1_p08
481.025819744,481.062199540,0.036379795,Other,random,CH4_O,0.036380000,RC2_0018_ICR-1_p08
567.236792968,567.273172763,0.036379795,Other,random,CH4_O,0.036380000,RC2_0018_ICR-1_p08
555.114600133,555.150979928,0.036379795,Other,random,CH4_O,0.036380000,RC2_0018_ICR-1_p08
463.101134537,463.137514333,0.036379795,Other,random,CH4_O,0.036380000,RC2_0018_ICR-1_p08
489.189632838,489.226012633,0.036379795,Other,random,CH4_O,0.036380000,RC2_0018_ICR-1_p08
329.030249436,329.066630232,0.036380795,Other,random,CH4_O,0.036380000,RC2_0018_ICR-1_p08
449.158141940,449.194522736,0.036380795,Other,random,CH4_O,0.036380000,RC2_0018_ICR-1_p08
469.135013608,469.171394403,0.036380795,Other,random,CH4_O,0.036380000,RC2_0018_ICR-1_p08
565.119853872,565.156234667,0.036380795,Other,random,CH4_O,0.036380000,RC2_0018_ICR-1_p08
511.218323967,511.254704763,0.036380795,Other,random,CH4_O,0.036380000,RC2_0018_ICR-1_p08
291.087506794,291.123888589,0.036381795,Other,random,CH4_O,0.036380000,RC2_0018_ICR-1_p08
431.111355420,431.147737215,0.036381795,Other,random,CH4_O,0.036380000,RC2_0018_ICR-1_p08
545.130111277,545.166493072,0.036381795,Other,random,CH4_O,0.036380000,RC2_0018_ICR-1_p08
555.144923962,555.181305758,0.036381795,Other,random,CH4_O,0.036380000,RC2_0018_ICR-1_p08
442.041576958,442.077958753,0.036381795,Other,random,CH4_O,0.036380000,RC2_0018_ICR-1_p08
490.135453519,490.171835315,0.036381795,Other,random,CH4_O,0.036380000,RC2_0018_ICR-1_p08
293.066690664,293.103072460,0.036381795,Other,random,CH4_O,0.036380000,RC2_0018_ICR-1_p08
333.025090973,333.061472768,0.036381795,Other,random,CH4_O,0.036380000,RC2_0018_ICR-1_p08
499.181987649,499.218370445,0.036382795,Other,random,CH4_O,0.036380000,RC2_0018_ICR-1_p08
341.079680681,341.116063476,0.036382795,Other,random,CH4_O,0.036380000,RC2_0018_ICR-1_p08
539.213403547,539.249786343,0.036382795,Other,random,CH4_O,0.036380000,RC2_0018_ICR-1_p08
683.198485899,683.234868695,0.036382795,Other,random,CH4_O,0.036380000,RC2_0018_ICR-1_p08
717.167734885,717.204117681,0.036382795,Other,random,CH4_O,0.036380000,RC2_0018_ICR-1_p08
277.108226401,277.144609196,0.036382795,Other,random,CH4_O,0.036380000,RC2_0018_ICR-1_p08
411.085060031,411.121443826,0.036383795,Other,random,CH4_O,0.036380000,RC2_0018_ICR-1_p08
241.108254834,241.144638629,0.036383795,Other,random,CH4_O,0.036380000,RC2_0018_ICR-1_p08
627.193373824,627.229757619,0.036383795,Other,random,CH4_O,0.036380000,RC2_0018_ICR-1_p08
245.103145370,245.139529165,0.036383795,Other,random,CH4_O,0.036380000,RC2_0018_ICR-1_p08
279.014714681,279.051098476,0.036383795,Other,random,CH4_O,0.036380000,RC2_0018_ICR-1_p08
295.046006534,295.082390330,0.036383795,Other,random,CH4_O,0.036380000,RC2_0018_ICR-1_p08
303.123750112,303.160133908,0.036383795,Other,random,CH4_O,0.036380000,RC2_0018_ICR-1_p08
427.173905561,427.210289356,0.036383795,Other,random,CH4_O,0.036380000,RC2_0018_ICR-1_p08
593.078589656,593.114973451,0.036383795,Other,random,CH4_O,0.036380000,RC2_0018_ICR-1_p08
294.061944068,294.098328863,0.036384795,Other,random,CH4_O,0.036380000,RC2_0018_ICR-1_p08
375.056765623,375.093150418,0.036384795,Other,random,CH4_O,0.036380000,RC2_0018_ICR-1_p08
509.158362551,509.194747346,0.036384795,Other,random,CH4_O,0.036380000,RC2_0018_ICR-1_p08
295.009621739,295.046006534,0.036384795,Other,random,CH4_O,0.036380000,RC2_0018_ICR-1_p08
517.184489419,517.220874214,0.036384795,Other,random,CH4_O,0.036380000,RC2_0018_ICR-1_p08
493.220813170,493.257197965,0.036384795,Other,random,CH4_O,0.036380000,RC2_0018_ICR-1_p08
503.192201099,503.228586895,0.036385795,Other,random,CH4_O,0.036380000,RC2_0018_ICR-1_p08
521.194909868,521.231295663,0.036385795,Other,random,CH4_O,0.036380000,RC2_0018_ICR-1_p08
569.124574353,569.160960148,0.036385795,Other,random,CH4_O,0.036380000,RC2_0018_ICR-1_p08
529.047036714,529.083422510,0.036385795,Other,random,CH4_O,0.036380000,RC2_0018_ICR-1_p08
592.167351780,592.203737575,0.036385795,Other,random,CH4_O,0.036380000,RC2_0018_ICR-1_p08
425.100678219,425.137064014,0.036385795,Other,random,CH4_O,0.036380000,RC2_0018_ICR-1_p08
517.075419032,517.111804828,0.036385795,Other,random,CH4_O,0.036380000,RC2_0018_ICR-1_p08
297.025272405,297.061659200,0.036386795,Other,random,CH4_O,0.036380000,RC2_0018_ICR-1_p08
333.097938563,333.134325358,0.036386795,Other,random,CH4_O,0.036380000,RC2_0018_ICR-1_p08
363.121434737,363.157821532,0.036386795,Other,random,CH4_O,0.036380000,RC2_0018_ICR-1_p08
421.077519842,421.113906637,0.036386795,Other,random,CH4_O,0.036380000,RC2_0018_ICR-1_p08
487.160710247,487.197097042,0.036386795,Other,random,CH4_O,0.036380000,RC2_0018_ICR-1_p08
319.131747097,319.168133892,0.036386795,Other,random,CH4_O,0.036380000,RC2_0018_ICR-1_p08
349.019989031,349.056375827,0.036386795,Other,random,CH4_O,0.036380000,RC2_0018_ICR-1_p08
379.134059696,379.170446491,0.036386795,Other,random,CH4_O,0.036380000,RC2_0018_ICR-1_p08
543.150804407,543.187192202,0.036387795,Other,random,CH4_O,0.036380000,RC2_0018_ICR-1_p08
267.123830545,267.160218340,0.036387795,Other,random,CH4_O,0.036380000,RC2_0018_ICR-1_p08
339.100309811,339.136697606,0.036387795,Other,random,CH4_O,0.036380000,RC2_0018_ICR-1_p08
340.067302373,340.103690169,0.036387795,Other,random,CH4_O,0.036380000,RC2_0018_ICR-1_p08
391.030533800,391.066921595,0.036387795,Other,random,CH4_O,0.036380000,RC2_0018_ICR-1_p08
505.025811789,505.062199584,0.036387795,Other,random,CH4_O,0.036380000,RC2_0018_ICR-1_p08
553.171977056,553.208364852,0.036387795,Other,random,CH4_O,0.036380000,RC2_0018_ICR-1_p08
514.164322402,514.200710197,0.036387795,Other,random,CH4_O,0.036380000,RC2_0018_ICR-1_p08
566.078749480,566.115138275,0.036388795,Other,random,CH4_O,0.036380000,RC2_0018_ICR-1_p08
531.187335679,531.223724474,0.036388795,Other,random,CH4_O,0.036380000,RC2_0018_ICR-1_p08
631.094263888,631.130652684,0.036388795,Other,random,CH4_O,0.036380000,RC2_0018_ICR-1_p08
267.014717158,267.051106954,0.036389795,Other,random,CH4_O,0.036380000,RC2_0018_ICR-1_p08
457.144602032,457.180991827,0.036389795,Other,random,CH4_O,0.036380000,RC2_0018_ICR-1_p08
479.132495391,479.168885186,0.036389795,Other,random,CH4_O,0.036380000,RC2_0018_ICR-1_p08
511.155037323,511.191427119,0.036389795,Other,random,CH4_O,0.036380000,RC2_0018_ICR-1_p08
577.205652912,577.242042707,0.036389795,Other,random,CH4_O,0.036380000,RC2_0018_ICR-1_p08
600.193508648,600.229898443,0.036389795,Other,random,CH4_O,0.036380000,RC2_0018_ICR-1_p08
459.069856206,459.106246001,0.036389795,Other,random,CH4_O,0.036380000,RC2_0018_ICR-1_p08
512.083552102,513.031173774,0.947621671,Other,random,C_1H_5N_1O2,0.947631000,RC2_0018_ICR-1_p08
592.167351780,593.114973451,0.947621671,Other,random,C_1H_5N_1O2,0.947631000,RC2_0018_ICR-1_p08
332.113851097,333.061472768,0.947621671,Other,random,C_1H_5N_1O2,0.947631000,RC2_0018_ICR-1_p08
286.093252877,287.040877548,0.947624671,Other,random,C_1H_5N_1O2,0.947631000,RC2_0018_ICR-1_p08
612.157585372,613.105210043,0.947624671,Other,random,C_1H_5N_1O2,0.947631000,RC2_0018_ICR-1_p08
618.146536695,619.094161367,0.947624671,Other,random,C_1H_5N_1O2,0.947631000,RC2_0018_ICR-1_p08
518.094021304,519.041645976,0.947624671,Other,random,C_1H_5N_1O2,0.947631000,RC2_0018_ICR-1_p08
322.093142445,323.040768116,0.947625671,Other,random,C_1H_5N_1O2,0.947631000,RC2_0018_ICR-1_p08
364.116746140,365.064373811,0.947627671,Other,random,C_1H_5N_1O2,0.947631000,RC2_0018_ICR-1_p08
550.193123807,551.140751478,0.947627671,Other,random,C_1H_5N_1O2,0.947631000,RC2_0018_ICR-1_p08
242.176241828,243.123870500,0.947628671,Other,random,C_1H_5N_1O2,0.947631000,RC2_0018_ICR-1_p08
352.140017487,353.087646158,0.947628671,Other,random,C_1H_5N_1O2,0.947631000,RC2_0018_ICR-1_p08
580.239793850,581.187423522,0.947629671,Other,random,C_1H_5N_1O2,0.947631000,RC2_0018_ICR-1_p08
390.082904129,391.030533800,0.947629671,Other,random,C_1H_5N_1O2,0.947631000,RC2_0018_ICR-1_p08
618.110322899,619.057953570,0.947630671,Other,random,C_1H_5N_1O2,0.947631000,RC2_0018_ICR-1_p08
478.171700793,479.119331465,0.947630671,Other,random,C_1H_5N_1O2,0.947631000,RC2_0018_ICR-1_p08
302.088134936,303.035765607,0.947630671,Other,random,C_1H_5N_1O2,0.947631000,RC2_0018_ICR-1_p08
448.161186547,449.108817218,0.947630671,Other,random,C_1H_5N_1O2,0.947631000,RC2_0018_ICR-1_p08
446.072735290,447.020366961,0.947631671,Other,random,C_1H_5N_1O2,0.947631000,RC2_0018_ICR-1_p08
326.088097980,327.035729652,0.947631671,Other,random,C_1H_5N_1O2,0.947631000,RC2_0018_ICR-1_p08
306.098296386,307.045929057,0.947632671,Other,random,C_1H_5N_1O2,0.947631000,RC2_0018_ICR-1_p08
309.109277455,310.056912126,0.947634671,Other,random,C_1H_5N_1O2,0.947631000,RC2_0018_ICR-1_p08
406.127325909,407.074960580,0.947634671,Other,random,C_1H_5N_1O2,0.947631000,RC2_0018_ICR-1_p08
352.103682691,353.051318362,0.947635671,Other,random,C_1H_5N_1O2,0.947631000,RC2_0018_ICR-1_p08
386.101073519,387.048711190,0.947637671,Other,random,C_1H_5N_1O2,0.947631000,RC2_0018_ICR-1_p08
374.124444865,375.072082537,0.947637671,Other,random,C_1H_5N_1O2,0.947631000,RC2_0018_ICR-1_p08
474.117101593,475.064740264,0.947638671,Other,random,C_1H_5N_1O2,0.947631000,RC2_0018_ICR-1_p08
308.113932052,309.061572723,0.947640671,Other,random,C_1H_5N_1O2,0.947631000,RC2_0018_ICR-1_p08
590.188043910,591.135684581,0.947640671,Other,random,C_1H_5N_1O2,0.947631000,RC2_0018_ICR-1_p08
608.198705633,609.182713100,0.984007467,Other,random,H_1O1N_1,0.984016000,RC2_0018_ICR-1_p08
594.110309854,595.094318321,0.984008467,Other,random,H_1O1N_1,0.984016000,RC2_0018_ICR-1_p08
612.229876966,613.213885432,0.984008467,Other,random,H_1O1N_1,0.984016000,RC2_0018_ICR-1_p08
380.134953067,381.118962534,0.984009467,Other,random,H_1O1N_1,0.984016000,RC2_0018_ICR-1_p08
266.103518282,267.087528749,0.984010467,Other,random,H_1O1N_1,0.984016000,RC2_0018_ICR-1_p08
290.030728736,291.014741203,0.984012467,Other,random,H_1O1N_1,0.984016000,RC2_0018_ICR-1_p08
279.098573209,280.082586676,0.984013467,Other,random,H_1O1N_1,0.984016000,RC2_0018_ICR-1_p08
430.090805159,431.074818626,0.984013467,Other,random,H_1O1N_1,0.984016000,RC2_0018_ICR-1_p08
552.135944882,553.119958349,0.984013467,Other,random,H_1O1N_1,0.984016000,RC2_0018_ICR-1_p08
340.140145964,341.124159431,0.984013467,Other,random,H_1O1N_1,0.984016000,RC2_0018_ICR-1_p08
544.109683015,545.093698482,0.984015467,Other,random,H_1O1N_1,0.984016000,RC2_0018_ICR-1_p08
308.077556256,309.061572723,0.984016467,Other,random,H_1O1N_1,0.984016000,RC2_0018_ICR-1_p08
482.057540943,483.041557409,0.984016467,Other,random,H_1O1N_1,0.984016000,RC2_0018_ICR-1_p08
292.046318402,293.030335869,0.984017467,Other,random,H_1O1N_1,0.984016000,RC2_0018_ICR-1_p08
390.082904129,391.066921595,0.984017467,Other,random,H_1O1N_1,0.984016000,RC2_0018_ICR-1_p08
408.093431853,409.077449320,0.984017467,Other,random,H_1O1N_1,0.984016000,RC2_0018_ICR-1_p08
530.093806828,531.077824295,0.984017467,Other,random,H_1O1N_1,0.984016000,RC2_0018_ICR-1_p08
358.106126939,359.090145405,0.984018467,Other,random,H_1O1N_1,0.984016000,RC2_0018_ICR-1_p08
432.142973619,433.126993086,0.984019467,Other,random,H_1O1N_1,0.984016000,RC2_0018_ICR-1_p08
434.072813767,435.056833234,0.984019467,Other,random,H_1O1N_1,0.984016000,RC2_0018_ICR-1_p08
480.114630868,481.098650335,0.984019467,Other,random,H_1O1N_1,0.984016000,RC2_0018_ICR-1_p08
352.030995100,353.015015567,0.984020467,Other,random,H_1O1N_1,0.984016000,RC2_0018_ICR-1_p08
402.132279373,403.116300840,0.984021467,Other,random,H_1O1N_1,0.984016000,RC2_0018_ICR-1_p08
474.140476461,475.124497928,0.984021467,Other,random,H_1O1N_1,0.984016000,RC2_0018_ICR-1_p08
626.172997561,627.157019028,0.984021467,Other,random,H_1O1N_1,0.984016000,RC2_0018_ICR-1_p08
392.075233926,393.059256392,0.984022467,Other,random,H_1O1N_1,0.984016000,RC2_0018_ICR-1_p08
442.127318476,443.111341942,0.984023467,Other,random,H_1O1N_1,0.984016000,RC2_0018_ICR-1_p08
454.077780277,455.061803743,0.984023467,Other,random,H_1O1N_1,0.984016000,RC2_0018_ICR-1_p08
372.303611104,373.287635571,0.984024467,Other,random,H_1O1N_1,0.984016000,RC2_0018_ICR-1_p08
418.077798710,419.061824176,0.984025467,Other,random,H_1O1N_1,0.984016000,RC2_0018_ICR-1_p08
268.082672153,269.066697620,0.984025467,Other,random,H_1O1N_1,0.984016000,RC2_0018_ICR-1_p08
332.090536228,333.074561695,0.984025467,Other,random,H_1O1N_1,0.984016000,RC2_0018_ICR-1_p08
621.146460826,622.141701230,0.995240404,Other,random,C_1H_1N1,0.995249000,RC2_0018_ICR-1_p08
343.095244347,344.090484750,0.995240404,Other,random,C_1H_1N1,0.995249000,RC2_0018_ICR-1_p08
399.035682786,400.030923190,0.995240404,Other,random,C_1H_1N1,0.995249000,RC2_0018_ICR-1_p08
517.098779901,518.094021304,0.995241404,Other,random,C_1H_1N1,0.995249000,RC2_0018_ICR-1_p08
255.051107431,256.046348835,0.995241404,Other,random,C_1H_1N1,0.995249000,RC2_0018_ICR-1_p08
285.098011473,286.093252877,0.995241404,Other,random,C_1H_1N1,0.995249000,RC2_0018_ICR-1_p08
499.124403973,500.119645377,0.995241404,Other,random,C_1H_1N1,0.995249000,RC2_0018_ICR-1_p08
279.051098476,280.046341880,0.995243404,Other,random,C_1H_1N1,0.995249000,RC2_0018_ICR-1_p08
487.088198655,488.083442058,0.995243404,Other,random,C_1H_1N1,0.995249000,RC2_0018_ICR-1_p08
625.177754158,626.172997561,0.995243404,Other,random,C_1H_1N1,0.995249000,RC2_0018_ICR-1_p08
349.056375827,350.051620230,0.995244404,Other,random,C_1H_1N1,0.995249000,RC2_0018_ICR-1_p08
373.129200462,374.124444865,0.995244404,Other,random,C_1H_1N1,0.995249000,RC2_0018_ICR-1_p08
473.072452467,474.067697871,0.995245404,Other,random,C_1H_1N1,0.995249000,RC2_0018_ICR-1_p08
445.041127091,446.036372495,0.995245404,Other,random,C_1H_1N1,0.995249000,RC2_0018_ICR-1_p08
352.103682691,353.098929095,0.995246404,Other,random,C_1H_1N1,0.995249000,RC2_0018_ICR-1_p08
363.072102014,364.067349418,0.995247404,Other,random,C_1H_1N1,0.995249000,RC2_0018_ICR-1_p08
403.066921118,404.062168521,0.995247404,Other,random,C_1H_1N1,0.995249000,RC2_0018_ICR-1_p08
271.082377285,272.077625689,0.995248404,Other,random,C_1H_1N1,0.995249000,RC2_0018_ICR-1_p08
342.074800085,343.070048489,0.995248404,Other,random,C_1H_1N1,0.995249000,RC2_0018_ICR-1_p08
445.077486887,446.072735290,0.995248404,Other,random,C_1H_1N1,0.995249000,RC2_0018_ICR-1_p08
347.149943547,348.145192950,0.995249404,Other,random,C_1H_1N1,0.995249000,RC2_0018_ICR-1_p08
531.114355089,532.109604493,0.995249404,Other,random,C_1H_1N1,0.995249000,RC2_0018_ICR-1_p08
277.035490810,278.030741214,0.995250404,Other,random,C_1H_1N1,0.995249000,RC2_0018_ICR-1_p08
573.146263738,574.141514142,0.995250404,Other,random,C_1H_1N1,0.995249000,RC2_0018_ICR-1_p08
345.097855086,346.093105489,0.995250404,Other,random,C_1H_1N1,0.995249000,RC2_0018_ICR-1_p08
443.147622738,444.142874142,0.995251404,Other,random,C_1H_1N1,0.995249000,RC2_0018_ICR-1_p08
541.148285667,542.143537071,0.995251404,Other,random,C_1H_1N1,0.995249000,RC2_0018_ICR-1_p08
261.040570752,262.035823155,0.995252404,Other,random,C_1H_1N1,0.995249000,RC2_0018_ICR-1_p08
457.163315926,458.158568330,0.995252404,Other,random,C_1H_1N1,0.995249000,RC2_0018_ICR-1_p08
329.087778113,330.083030516,0.995252404,Other,random,C_1H_1N1,0.995249000,RC2_0018_ICR-1_p08
553.156403144,554.151656547,0.995253404,Other,random,C_1H_1N1,0.995249000,RC2_0018_ICR-1_p08
417.118983101,418.114236505,0.995253404,Other,random,C_1H_1N1,0.995249000,RC2_0018_ICR-1_p08
293.066690664,294.061944068,0.995253404,Other,random,C_1H_1N1,0.995249000,RC2_0018_ICR-1_p08
335.113503229,336.108756633,0.995253404,Other,random,C_1H_1N1,0.995249000,RC2_0018_ICR-1_p08
449.194522736,450.189777139,0.995254404,Other,random,C_1H_1N1,0.995249000,RC2_0018_ICR-1_p08
339.072047970,340.067302373,0.995254404,Other,random,C_1H_1N1,0.995249000,RC2_0018_ICR-1_p08
289.129309805,290.124565208,0.995255404,Other,random,C_1H_1N1,0.995249000,RC2_0018_ICR-1_p08
291.087506794,292.082762197,0.995255404,Other,random,C_1H_1N1,0.995249000,RC2_0018_ICR-1_p08
391.066921595,392.062176999,0.995255404,Other,random,C_1H_1N1,0.995249000,RC2_0018_ICR-1_p08
271.046000490,272.041255893,0.995255404,Other,random,C_1H_1N1,0.995249000,RC2_0018_ICR-1_p08
545.187576954,546.182832357,0.995255404,Other,random,C_1H_1N1,0.995249000,RC2_0018_ICR-1_p08
413.087740769,414.082996173,0.995255404,Other,random,C_1H_1N1,0.995249000,RC2_0018_ICR-1_p08
293.103072460,294.098328863,0.995256404,Other,random,C_1H_1N1,0.995249000,RC2_0018_ICR-1_p08
318.061848113,319.057104517,0.995256404,Other,random,C_1H_1N1,0.995249000,RC2_0018_ICR-1_p08
533.130020755,534.125277159,0.995256404,Other,random,C_1H_1N1,0.995249000,RC2_0018_ICR-1_p08
363.144866605,364.140123009,0.995256404,Other,random,C_1H_1N1,0.995249000,RC2_0018_ICR-1_p08
267.051106954,268.046363357,0.995256404,Other,random,C_1H_1N1,0.995249000,RC2_0018_ICR-1_p08
495.199854042,496.195111445,0.995257404,Other,random,C_1H_1N1,0.995249000,RC2_0018_ICR-1_p08
589.192786506,590.188043910,0.995257404,Other,random,C_1H_1N1,0.995249000,RC2_0018_ICR-1_p08
497.130112187,498.125370591,0.995258404,Other,random,C_1H_1N1,0.995249000,RC2_0018_ICR-1_p08
275.113706616,276.108965020,0.995258404,Other,random,C_1H_1N1,0.995249000,RC2_0018_ICR-1_p08
621.146460826,622.141701230,0.995240404,Other,random,NH_CH2,0.995250000,RC2_0018_ICR-1_p08
343.095244347,344.090484750,0.995240404,Other,random,NH_CH2,0.995250000,RC2_0018_ICR-1_p08
399.035682786,400.030923190,0.995240404,Other,random,NH_CH2,0.995250000,RC2_0018_ICR-1_p08
517.098779901,518.094021304,0.995241404,Other,random,NH_CH2,0.995250000,RC2_0018_ICR-1_p08
255.051107431,256.046348835,0.995241404,Other,random,NH_CH2,0.995250000,RC2_0018_ICR-1_p08
285.098011473,286.093252877,0.995241404,Other,random,NH_CH2,0.995250000,RC2_0018_ICR-1_p08
499.124403973,500.119645377,0.995241404,Other,random,NH_CH2,0.995250000,RC2_0018_ICR-1_p08
279.051098476,280.046341880,0.995243404,Other,random,NH_CH2,0.995250000,RC2_0018_ICR-1_p08
487.088198655,488.083442058,0.995243404,Other,random,NH_CH2,0.995250000,RC2_0018_ICR-1_p08
625.177754158,626.172997561,0.995243404,Other,random,NH_CH2,0.995250000,RC2_0018_ICR-1_p08
349.056375827,350.051620230,0.995244404,Other,random,NH_CH2,0.995250000,RC2_0018_ICR-1_p08
373.129200462,374.124444865,0.995244404,Other,random,NH_CH2,0.995250000,RC2_0018_ICR-1_p08
473.072452467,474.067697871,0.995245404,Other,random,NH_CH2,0.995250000,RC2_0018_ICR-1_p08
445.041127091,446.036372495,0.995245404,Other,random,NH_CH2,0.995250000,RC2_0018_ICR-1_p08
352.103682691,353.098929095,0.995246404,Other,random,NH_CH2,0.995250000,RC2_0018_ICR-1_p08
363.072102014,364.067349418,0.995247404,Other,random,NH_CH2,0.995250000,RC2_0018_ICR-1_p08
403.066921118,404.062168521,0.995247404,Other,random,NH_CH2,0.995250000,RC2_0018_ICR-1_p08
271.082377285,272.077625689,0.995248404,Other,random,NH_CH2,0.995250000,RC2_0018_ICR-1_p08
342.074800085,343.070048489,0.995248404,Other,random,NH_CH2,0.995250000,RC2_0018_ICR-1_p08
445.077486887,446.072735290,0.995248404,Other,random,NH_CH2,0.995250000,RC2_0018_ICR-1_p08
347.149943547,348.145192950,0.995249404,Other,random,NH_CH2,0.995250000,RC2_0018_ICR-1_p08
531.114355089,532.109604493,0.995249404,Other,random,NH_CH2,0.995250000,RC2_0018_ICR-1_p08
277.035490810,278.030741214,0.995250404,Other,random,NH_CH2,0.995250000,RC2_0018_ICR-1_p08
573.146263738,574.141514142,0.995250404,Other,random,NH_CH2,0.995250000,RC2_0018_ICR-1_p08
345.097855086,346.093105489,0.995250404,Other,random,NH_CH2,0.995250000,RC2_0018_ICR-1_p08
443.147622738,444.142874142,0.995251404,Other,random,NH_CH2,0.995250000,RC2_0018_ICR-1_p08
541.148285667,542.143537071,0.995251404,Other,random,NH_CH2,0.995250000,RC2_0018_ICR-1_p08
261.040570752,262.035823155,0.995252404,Other,random,NH_CH2,0.995250000,RC2_0018_ICR-1_p08
457.163315926,458.158568330,0.995252404,Other,random,NH_CH2,0.995250000,RC2_0018_ICR-1_p08
329.087778113,330.083030516,0.995252404,Other,random,NH_CH2,0.995250000,RC2_0018_ICR-1_p08
553.156403144,554.151656547,0.995253404,Other,random,NH_CH2,0.995250000,RC2_0018_ICR-1_p08
417.118983101,418.114236505,0.995253404,Other,random,NH_CH2,0.995250000,RC2_0018_ICR-1_p08
293.066690664,294.061944068,0.995253404,Other,random,NH_CH2,0.995250000,RC2_0018_ICR-1_p08
335.113503229,336.108756633,0.995253404,Other,random,NH_CH2,0.995250000,RC2_0018_ICR-1_p08
449.194522736,450.189777139,0.995254404,Other,random,NH_CH2,0.995250000,RC2_0018_ICR-1_p08
339.072047970,340.067302373,0.995254404,Other,random,NH_CH2,0.995250000,RC2_0018_ICR-1_p08
289.129309805,290.124565208,0.995255404,Other,random,NH_CH2,0.995250000,RC2_0018_ICR-1_p08
291.087506794,292.082762197,0.995255404,Other,random,NH_CH2,0.995250000,RC2_0018_ICR-1_p08
391.066921595,392.062176999,0.995255404,Other,random,NH_CH2,0.995250000,RC2_0018_ICR-1_p08
271.046000490,272.041255893,0.995255404,Other,random,NH_CH2,0.995250000,RC2_0018_ICR-1_p08
545.187576954,546.182832357,0.995255404,Other,random,NH_CH2,0.995250000,RC2_0018_ICR-1_p08
413.087740769,414.082996173,0.995255404,Other,random,NH_CH2,0.995250000,RC2_0018_ICR-1_p08
293.103072460,294.098328863,0.995256404,Other,random,NH_CH2,0.995250000,RC2_0018_ICR-1_p08
318.061848113,319.057104517,0.995256404,Other,random,NH_CH2,0.995250000,RC2_0018_ICR-1_p08
533.130020755,534.125277159,0.995256404,Other,random,NH_CH2,0.995250000,RC2_0018_ICR-1_p08
363.144866605,364.140123009,0.995256404,Other,random,NH_CH2,0.995250000,RC2_0018_ICR-1_p08
267.051106954,268.046363357,0.995256404,Other,random,NH_CH2,0.995250000,RC2_0018_ICR-1_p08
495.199854042,496.195111445,0.995257404,Other,random,NH_CH2,0.995250000,RC2_0018_ICR-1_p08
589.192786506,590.188043910,0.995257404,Other,random,NH_CH2,0.995250000,RC2_0018_ICR-1_p08
497.130112187,498.125370591,0.995258404,Other,random,NH_CH2,0.995250000,RC2_0018_ICR-1_p08
275.113706616,276.108965020,0.995258404,Other,random,NH_CH2,0.995250000,RC2_0018_ICR-1_p08
469.062082018,470.065428376,1.003346358,Other,random,C12_C13,1.003355400,RC2_0018_ICR-1_p08
469.098488813,470.101839171,1.003350358,Other,random,C12_C13,1.003355400,RC2_0018_ICR-1_p08
413.108696652,414.112048010,1.003351358,Other,random,C12_C13,1.003355400,RC2_0018_ICR-1_p08
325.121149418,326.124501776,1.003352358,Other,random,C12_C13,1.003355400,RC2_0018_ICR-1_p08
666.249435206,667.252791564,1.003356358,Other,random,C12_C13,1.003355400,RC2_0018_ICR-1_p08
555.236741446,556.240102804,1.003361358,Other,random,C12_C13,1.003355400,RC2_0018_ICR-1_p08
621.174847667,622.178210025,1.003362358,Other,random,C12_C13,1.003355400,RC2_0018_ICR-1_p08
451.087895089,452.091259447,1.003364358,Other,random,C12_C13,1.003355400,RC2_0018_ICR-1_p08
327.063989493,328.067354851,1.003365358,Other,random,C12_C13,1.003355400,RC2_0018_ICR-1_p08
415.097642467,416.111508766,1.013866299,Other,random,H3N1O_3S1,1.013876000,RC2_0018_ICR-1_p08
391.061364627,392.075233926,1.013869299,Other,random,H3N1O_3S1,1.013876000,RC2_0018_ICR-1_p08
710.273906650,711.287783949,1.013877299,Other,random,H3N1O_3S1,1.013876000,RC2_0018_ICR-1_p08
373.087070699,374.100948997,1.013878299,Other,random,H3N1O_3S1,1.013876000,RC2_0018_ICR-1_p08
401.118398075,402.132279373,1.013881299,Other,random,H3N1O_3S1,1.013876000,RC2_0018_ICR-1_p08
289.071831128,290.103455327,1.031624199,Other,random,H3O_1N1,1.031634000,RC2_0018_ICR-1_p08
271.046000490,272.077625689,1.031625199,Other,random,H3O_1N1,1.031634000,RC2_0018_ICR-1_p08
327.035729652,328.067354851,1.031625199,Other,random,H3O_1N1,1.031634000,RC2_0018_ICR-1_p08
557.187665476,558.219290675,1.031625199,Other,random,H3O_1N1,1.031634000,RC2_0018_ICR-1_p08
331.082224898,332.113851097,1.031626199,Other,random,H3O_1N1,1.031634000,RC2_0018_ICR-1_p08
409.041086524,410.072712723,1.031626199,Other,random,H3O_1N1,1.031634000,RC2_0018_ICR-1_p08
457.090650335,458.122276534,1.031626199,Other,random,H3O_1N1,1.031634000,RC2_0018_ICR-1_p08
251.019823100,252.051450299,1.031627199,Other,random,H3O_1N1,1.031634000,RC2_0018_ICR-1_p08
279.014714681,280.046341880,1.031627199,Other,random,H3O_1N1,1.031634000,RC2_0018_ICR-1_p08
307.045929057,308.077556256,1.031627199,Other,random,H3O_1N1,1.031634000,RC2_0018_ICR-1_p08
329.066630232,330.098259431,1.031629199,Other,random,H3O_1N1,1.031634000,RC2_0018_ICR-1_p08
331.058906029,332.090536228,1.031630199,Other,random,H3O_1N1,1.031634000,RC2_0018_ICR-1_p08
341.124159431,342.155790630,1.031631199,Other,random,H3O_1N1,1.031634000,RC2_0018_ICR-1_p08
349.019989031,350.051620230,1.031631199,Other,random,H3O_1N1,1.031634000,RC2_0018_ICR-1_p08
407.061800654,408.093431853,1.031631199,Other,random,H3O_1N1,1.031634000,RC2_0018_ICR-1_p08
479.168885186,480.200516385,1.031631199,Other,random,H3O_1N1,1.031634000,RC2_0018_ICR-1_p08
301.056502737,302.088134936,1.031632199,Other,random,H3O_1N1,1.031634000,RC2_0018_ICR-1_p08
313.020112463,314.051745662,1.031633199,Other,random,H3O_1N1,1.031634000,RC2_0018_ICR-1_p08
323.040768116,324.072401315,1.031633199,Other,random,H3O_1N1,1.031634000,RC2_0018_ICR-1_p08
310.056912126,311.088545325,1.031633199,Other,random,H3O_1N1,1.031634000,RC2_0018_ICR-1_p08
365.100605608,366.132240807,1.031635199,Other,random,H3O_1N1,1.031634000,RC2_0018_ICR-1_p08
449.158141940,450.189777139,1.031635199,Other,random,H3O_1N1,1.031634000,RC2_0018_ICR-1_p08
477.140065594,478.171700793,1.031635199,Other,random,H3O_1N1,1.031634000,RC2_0018_ICR-1_p08
515.213351503,516.244987702,1.031636199,Other,random,H3O_1N1,1.031634000,RC2_0018_ICR-1_p08
345.183782603,346.215419802,1.031637199,Other,random,H3O_1N1,1.031634000,RC2_0018_ICR-1_p08
357.038033945,358.069671144,1.031637199,Other,random,H3O_1N1,1.031634000,RC2_0018_ICR-1_p08
435.142534752,436.174171951,1.031637199,Other,random,H3O_1N1,1.031634000,RC2_0018_ICR-1_p08
389.064304856,390.095942055,1.031637199,Other,random,H3O_1N1,1.031634000,RC2_0018_ICR-1_p08
293.066690664,294.098328863,1.031638199,Other,random,H3O_1N1,1.031634000,RC2_0018_ICR-1_p08
547.130655027,548.162293226,1.031638199,Other,random,H3O_1N1,1.031634000,RC2_0018_ICR-1_p08
571.094112278,572.125750477,1.031638199,Other,random,H3O_1N1,1.031634000,RC2_0018_ICR-1_p08
305.066657187,306.098296386,1.031639199,Other,random,H3O_1N1,1.031634000,RC2_0018_ICR-1_p08
371.053836132,372.085476331,1.031640199,Other,random,H3O_1N1,1.031634000,RC2_0018_ICR-1_p08
557.057391208,558.089031407,1.031640199,Other,random,H3O_1N1,1.031634000,RC2_0018_ICR-1_p08
617.078682700,618.110322899,1.031640199,Other,random,H3O_1N1,1.031634000,RC2_0018_ICR-1_p08
319.045898580,320.077540779,1.031642199,Other,random,H3O_1N1,1.031634000,RC2_0018_ICR-1_p08
339.072047970,340.103690169,1.031642199,Other,random,H3O_1N1,1.031634000,RC2_0018_ICR-1_p08
379.061337105,380.092979303,1.031642199,Other,random,H3O_1N1,1.031634000,RC2_0018_ICR-1_p08
391.030533800,392.062176999,1.031643199,Other,random,H3O_1N1,1.031634000,RC2_0018_ICR-1_p08
517.062378106,518.094021304,1.031643199,Other,random,H3O_1N1,1.031634000,RC2_0018_ICR-1_p08
311.077148389,312.108791588,1.031643199,Other,random,H3O_1N1,1.031634000,RC2_0018_ICR-1_p08
307.082288853,308.113932052,1.031643199,Other,random,H3O_1N1,1.031634000,RC2_0018_ICR-1_p08
607.167062434,608.198705633,1.031643199,Other,random,H3O_1N1,1.031634000,RC2_0018_ICR-1_p08
369.093814153,371.061839087,1.968024934,Other,random,H_2N_2O2,1.968032000,RC2_0018_ICR-1_p08
343.070048489,345.038086422,1.968037933,Other,random,H_2N_2O2,1.968032000,RC2_0018_ICR-1_p08
453.176517345,455.147708260,1.971190916,Other,random,H_1O_2Cl1,1.971200000,RC2_0018_ICR-1_p08
429.140164504,431.111355420,1.971190916,Other,random,H_1O_2Cl1,1.971200000,RC2_0018_ICR-1_p08
361.186629616,363.157821532,1.971191916,Other,random,H_1O_2Cl1,1.971200000,RC2_0018_ICR-1_p08
475.109254014,477.080445930,1.971191916,Other,random,H_1O_2Cl1,1.971200000,RC2_0018_ICR-1_p08
375.165934009,377.137126925,1.971192916,Other,random,H_1O_2Cl1,1.971200000,RC2_0018_ICR-1_p08
311.113506185,313.084699100,1.971192916,Other,random,H_1O_2Cl1,1.971200000,RC2_0018_ICR-1_p08
343.103378301,345.074575217,1.971196916,Other,random,H_1O_2Cl1,1.971200000,RC2_0018_ICR-1_p08
433.171337837,435.142534752,1.971196916,Other,random,H_1O_2Cl1,1.971200000,RC2_0018_ICR-1_p08
541.229059213,543.200256129,1.971196916,Other,random,H_1O_2Cl1,1.971200000,RC2_0018_ICR-1_p08
335.171093905,337.142290821,1.971196916,Other,random,H_1O_2Cl1,1.971200000,RC2_0018_ICR-1_p08
517.265347964,519.236544880,1.971196916,Other,random,H_1O_2Cl1,1.971200000,RC2_0018_ICR-1_p08
325.129201372,327.100399288,1.971197916,Other,random,H_1O_2Cl1,1.971200000,RC2_0018_ICR-1_p08
379.103195869,381.074393785,1.971197916,Other,random,H_1O_2Cl1,1.971200000,RC2_0018_ICR-1_p08
347.098291837,349.069490753,1.971198916,Other,random,H_1O_2Cl1,1.971200000,RC2_0018_ICR-1_p08
373.077421753,375.048621669,1.971199916,Other,random,H_1O_2Cl1,1.971200000,RC2_0018_ICR-1_p08
483.077775206,485.048975121,1.971199916,Other,random,H_1O_2Cl1,1.971200000,RC2_0018_ICR-1_p08
559.275933733,561.247133649,1.971199916,Other,random,H_1O_2Cl1,1.971200000,RC2_0018_ICR-1_p08
355.103325824,357.074526739,1.971200916,Other,random,H_1O_2Cl1,1.971200000,RC2_0018_ICR-1_p08
451.124426884,453.095627799,1.971200916,Other,random,H_1O_2Cl1,1.971200000,RC2_0018_ICR-1_p08
525.197557360,527.168762276,1.971204916,Other,random,H_1O_2Cl1,1.971200000,RC2_0018_ICR-1_p08
311.149929980,313.121134895,1.971204916,Other,random,H_1O_2Cl1,1.971200000,RC2_0018_ICR-1_p08
341.160455226,343.131660142,1.971204916,Other,random,H_1O_2Cl1,1.971200000,RC2_0018_ICR-1_p08
537.197617882,539.168822798,1.971204916,Other,random,H_1O_2Cl1,1.971200000,RC2_0018_ICR-1_p08
427.197336429,429.168543345,1.971206916,Other,random,H_1O_2Cl1,1.971200000,RC2_0018_ICR-1_p08
413.108696652,415.079904567,1.971207916,Other,random,H_1O_2Cl1,1.971200000,RC2_0018_ICR-1_p08
431.082920580,433.054128496,1.971207916,Other,random,H_1O_2Cl1,1.971200000,RC2_0018_ICR-1_p08
569.187580998,571.158789914,1.971208916,Other,random,H_1O_2Cl1,1.971200000,RC2_0018_ICR-1_p08
655.224930198,657.196139114,1.971208916,Other,random,H_1O_2Cl1,1.971200000,RC2_0018_ICR-1_p08
401.181564719,403.152773635,1.971208916,Other,random,H_1O_2Cl1,1.971200000,RC2_0018_ICR-1_p08
611.270956358,613.242166273,1.971209916,Other,random,H_1O_2Cl1,1.971200000,RC2_0018_ICR-1_p08
411.129514781,413.100724696,1.971209916,Other,random,H_1O_2Cl1,1.971200000,RC2_0018_ICR-1_p08
465.140017072,467.111226988,1.971209916,Other,random,H_1O_2Cl1,1.971200000,RC2_0018_ICR-1_p08
515.192170622,517.171426492,1.979255870,Other,random,C_1H_2O1,1.979265000,RC2_0018_ICR-1_p08
355.066866029,357.046121899,1.979255870,Other,random,C_1H_2O1,1.979265000,RC2_0018_ICR-1_p08
355.168088460,357.147344330,1.979255870,Other,random,C_1H_2O1,1.979265000,RC2_0018_ICR-1_p08
439.160695158,441.139951028,1.979255870,Other,random,C_1H_2O1,1.979265000,RC2_0018_ICR-1_p08
453.067312959,455.046568829,1.979255870,Other,random,C_1H_2O1,1.979265000,RC2_0018_ICR-1_p08
497.166360984,499.145616854,1.979255870,Other,random,C_1H_2O1,1.979265000,RC2_0018_ICR-1_p08
431.147737215,433.126993086,1.979255870,Other,random,C_1H_2O1,1.979265000,RC2_0018_ICR-1_p08
609.291700487,611.270956358,1.979255870,Other,random,C_1H_2O1,1.979265000,RC2_0018_ICR-1_p08
641.187977130,643.167233001,1.979255870,Other,random,C_1H_2O1,1.979265000,RC2_0018_ICR-1_p08
701.245409419,703.224665289,1.979255870,Other,random,C_1H_2O1,1.979265000,RC2_0018_ICR-1_p08
301.092914532,303.072170402,1.979255870,Other,random,C_1H_2O1,1.979265000,RC2_0018_ICR-1_p08
307.093570789,309.072827660,1.979256870,Other,random,C_1H_2O1,1.979265000,RC2_0018_ICR-1_p08
391.097647423,393.076904293,1.979256870,Other,random,C_1H_2O1,1.979265000,RC2_0018_ICR-1_p08
437.108794696,439.088051566,1.979256870,Other,random,C_1H_2O1,1.979265000,RC2_0018_ICR-1_p08
517.111804828,519.091061698,1.979256870,Other,random,C_1H_2O1,1.979265000,RC2_0018_ICR-1_p08
525.197557360,527.176814231,1.979256870,Other,random,C_1H_2O1,1.979265000,RC2_0018_ICR-1_p08
448.088431956,450.067688826,1.979256870,Other,random,C_1H_2O1,1.979265000,RC2_0018_ICR-1_p08
455.119437419,457.098694290,1.979256870,Other,random,C_1H_2O1,1.979265000,RC2_0018_ICR-1_p08
326.088097980,328.067354851,1.979256870,Other,random,C_1H_2O1,1.979265000,RC2_0018_ICR-1_p08
261.076909547,263.056167418,1.979257870,Other,random,C_1H_2O1,1.979265000,RC2_0018_ICR-1_p08
347.090232882,349.069490753,1.979257870,Other,random,C_1H_2O1,1.979265000,RC2_0018_ICR-1_p08
501.212943229,503.192201099,1.979257870,Other,random,C_1H_2O1,1.979265000,RC2_0018_ICR-1_p08
523.145683898,525.124941769,1.979257870,Other,random,C_1H_2O1,1.979265000,RC2_0018_ICR-1_p08
637.250352272,639.229610142,1.979257870,Other,random,C_1H_2O1,1.979265000,RC2_0018_ICR-1_p08
699.266151549,701.245409419,1.979257870,Other,random,C_1H_2O1,1.979265000,RC2_0018_ICR-1_p08
322.093142445,324.072401315,1.979258870,Other,random,C_1H_2O1,1.979265000,RC2_0018_ICR-1_p08
378.082911606,380.062170477,1.979258870,Other,random,C_1H_2O1,1.979265000,RC2_0018_ICR-1_p08
455.074861670,457.054120540,1.979258870,Other,random,C_1H_2O1,1.979265000,RC2_0018_ICR-1_p08
447.056618758,449.035877628,1.979258870,Other,random,C_1H_2O1,1.979265000,RC2_0018_ICR-1_p08
309.061572723,311.040831593,1.979258870,Other,random,C_1H_2O1,1.979265000,RC2_0018_ICR-1_p08
405.132003506,407.111262376,1.979258870,Other,random,C_1H_2O1,1.979265000,RC2_0018_ICR-1_p08
428.062313565,430.041572436,1.979258870,Other,random,C_1H_2O1,1.979265000,RC2_0018_ICR-1_p08
499.218370445,501.197629315,1.979258870,Other,random,C_1H_2O1,1.979265000,RC2_0018_ICR-1_p08
539.119632075,541.098890945,1.979258870,Other,random,C_1H_2O1,1.979265000,RC2_0018_ICR-1_p08
439.088051566,441.067310436,1.979258870,Other,random,C_1H_2O1,1.979265000,RC2_0018_ICR-1_p08
529.156256100,531.135515970,1.979259870,Other,random,C_1H_2O1,1.979265000,RC2_0018_ICR-1_p08
319.045898580,321.025158450,1.979259870,Other,random,C_1H_2O1,1.979265000,RC2_0018_ICR-1_p08
359.126616200,361.105876071,1.979259870,Other,random,C_1H_2O1,1.979265000,RC2_0018_ICR-1_p08
563.117335132,565.096595003,1.979259870,Other,random,C_1H_2O1,1.979265000,RC2_0018_ICR-1_p08
297.061659200,299.040919070,1.979259870,Other,random,C_1H_2O1,1.979265000,RC2_0018_ICR-1_p08
546.125489680,548.104749550,1.979259870,Other,random,C_1H_2O1,1.979265000,RC2_0018_ICR-1_p08
251.128963486,253.108223356,1.979259870,Other,random,C_1H_2O1,1.979265000,RC2_0018_ICR-1_p08
306.098296386,308.077556256,1.979259870,Other,random,C_1H_2O1,1.979265000,RC2_0018_ICR-1_p08
439.210349878,441.189609749,1.979259870,Other,random,C_1H_2O1,1.979265000,RC2_0018_ICR-1_p08
530.188080298,532.167340168,1.979259870,Other,random,C_1H_2O1,1.979265000,RC2_0018_ICR-1_p08
611.198340766,613.177600636,1.979259870,Other,random,C_1H_2O1,1.979265000,RC2_0018_ICR-1_p08
515.140530912,517.119791783,1.979260870,Other,random,C_1H_2O1,1.979265000,RC2_0018_ICR-1_p08
561.210792853,563.190053723,1.979260870,Other,random,C_1H_2O1,1.979265000,RC2_0018_ICR-1_p08
339.157891487,341.137152357,1.979260870,Other,random,C_1H_2O1,1.979265000,RC2_0018_ICR-1_p08
445.163371404,447.142632274,1.979260870,Other,random,C_1H_2O1,1.979265000,RC2_0018_ICR-1_p08
465.226000589,467.205261459,1.979260870,Other,random,C_1H_2O1,1.979265000,RC2_0018_ICR-1_p08
479.192105055,481.171365926,1.979260870,Other,random,C_1H_2O1,1.979265000,RC2_0018_ICR-1_p08
487.145530332,489.124791202,1.979260870,Other,random,C_1H_2O1,1.979265000,RC2_0018_ICR-1_p08
305.103027982,307.082288853,1.979260870,Other,random,C_1H_2O1,1.979265000,RC2_0018_ICR-1_p08
417.204730619,419.183991489,1.979260870,Other,random,C_1H_2O1,1.979265000,RC2_0018_ICR-1_p08
539.205385592,541.184646463,1.979260870,Other,random,C_1H_2O1,1.979265000,RC2_0018_ICR-1_p08
545.252370589,547.231631460,1.979260870,Other,random,C_1H_2O1,1.979265000,RC2_0018_ICR-1_p08
334.056802171,336.036064042,1.979261870,Other,random,C_1H_2O1,1.979265000,RC2_0018_ICR-1_p08
479.155823259,481.135085130,1.979261870,Other,random,C_1H_2O1,1.979265000,RC2_0018_ICR-1_p08
639.135744670,641.115006540,1.979261870,Other,random,C_1H_2O1,1.979265000,RC2_0018_ICR-1_p08
327.072060447,329.051322318,1.979261870,Other,random,C_1H_2O1,1.979265000,RC2_0018_ICR-1_p08
249.149700616,251.128963486,1.979262870,Other,random,C_1H_2O1,1.979265000,RC2_0018_ICR-1_p08
319.168133892,321.147396763,1.979262870,Other,random,C_1H_2O1,1.979265000,RC2_0018_ICR-1_p08
239.128991963,241.108254834,1.979262870,Other,random,C_1H_2O1,1.979265000,RC2_0018_ICR-1_p08
301.056502737,303.035765607,1.979262870,Other,random,C_1H_2O1,1.979265000,RC2_0018_ICR-1_p08
359.186326864,361.165589735,1.979262870,Other,random,C_1H_2O1,1.979265000,RC2_0018_ICR-1_p08
379.066939073,381.046201943,1.979262870,Other,random,C_1H_2O1,1.979265000,RC2_0018_ICR-1_p08
430.127420953,432.106683823,1.979262870,Other,random,C_1H_2O1,1.979265000,RC2_0018_ICR-1_p08
771.324099357,773.303362227,1.979262870,Other,random,C_1H_2O1,1.979265000,RC2_0018_ICR-1_p08
265.071843083,267.051106954,1.979263870,Other,random,C_1H_2O1,1.979265000,RC2_0018_ICR-1_p08
401.145151924,403.124415795,1.979263870,Other,random,C_1H_2O1,1.979265000,RC2_0018_ICR-1_p08
466.106949635,468.086213505,1.979263870,Other,random,C_1H_2O1,1.979265000,RC2_0018_ICR-1_p08
523.109357103,525.088620973,1.979263870,Other,random,C_1H_2O1,1.979265000,RC2_0018_ICR-1_p08
536.141008824,538.120272694,1.979263870,Other,random,C_1H_2O1,1.979265000,RC2_0018_ICR-1_p08
581.151169725,583.130433596,1.979263870,Other,random,C_1H_2O1,1.979265000,RC2_0018_ICR-1_p08
335.126517156,337.105781026,1.979263870,Other,random,C_1H_2O1,1.979265000,RC2_0018_ICR-1_p08
353.051318362,355.030582233,1.979263870,Other,random,C_1H_2O1,1.979265000,RC2_0018_ICR-1_p08
565.119853872,567.099117742,1.979263870,Other,random,C_1H_2O1,1.979265000,RC2_0018_ICR-1_p08
320.041097984,322.020362854,1.979264870,Other,random,C_1H_2O1,1.979265000,RC2_0018_ICR-1_p08
331.155060488,333.134325358,1.979264870,Other,random,C_1H_2O1,1.979265000,RC2_0018_ICR-1_p08
747.251422721,749.230687591,1.979264870,Other,random,C_1H_2O1,1.979265000,RC2_0018_ICR-1_p08
405.168341301,407.147606172,1.979264870,Other,random,C_1H_2O1,1.979265000,RC2_0018_ICR-1_p08
490.171835315,492.151100185,1.979264870,Other,random,C_1H_2O1,1.979265000,RC2_0018_ICR-1_p08
569.179525044,571.158789914,1.979264870,Other,random,C_1H_2O1,1.979265000,RC2_0018_ICR-1_p08
573.161486653,575.140751523,1.979264870,Other,random,C_1H_2O1,1.979265000,RC2_0018_ICR-1_p08
625.177754158,627.157019028,1.979264870,Other,random,C_1H_2O1,1.979265000,RC2_0018_ICR-1_p08
387.121390782,389.100655652,1.979264870,Other,random,C_1H_2O1,1.979265000,RC2_0018_ICR-1_p08
366.082986084,368.062251954,1.979265870,Other,random,C_1H_2O1,1.979265000,RC2_0018_ICR-1_p08
415.176048027,417.155313897,1.979265870,Other,random,C_1H_2O1,1.979265000,RC2_0018_ICR-1_p08
517.135048697,519.114314567,1.979265870,Other,random,C_1H_2O1,1.979265000,RC2_0018_ICR-1_p08
641.209262010,643.188527881,1.979265870,Other,random,C_1H_2O1,1.979265000,RC2_0018_ICR-1_p08
284.077658211,286.056924081,1.979265870,Other,random,C_1H_2O1,1.979265000,RC2_0018_ICR-1_p08
290.124565208,292.103831079,1.979265870,Other,random,C_1H_2O1,1.979265000,RC2_0018_ICR-1_p08
295.046006534,297.025272405,1.979265870,Other,random,C_1H_2O1,1.979265000,RC2_0018_ICR-1_p08
437.181429287,439.160695158,1.979265870,Other,random,C_1H_2O1,1.979265000,RC2_0018_ICR-1_p08
475.101180059,477.080445930,1.979265870,Other,random,C_1H_2O1,1.979265000,RC2_0018_ICR-1_p08
477.140065594,479.119331465,1.979265870,Other,random,C_1H_2O1,1.979265000,RC2_0018_ICR-1_p08
479.241429778,481.220695648,1.979265870,Other,random,C_1H_2O1,1.979265000,RC2_0018_ICR-1_p08
581.057727251,583.036994121,1.979266870,Other,random,C_1H_2O1,1.979265000,RC2_0018_ICR-1_p08
275.092516736,277.071783606,1.979266870,Other,random,C_1H_2O1,1.979265000,RC2_0018_ICR-1_p08
401.160463838,403.139730708,1.979266870,Other,random,C_1H_2O1,1.979265000,RC2_0018_ICR-1_p08
429.132088550,431.111355420,1.979266870,Other,random,C_1H_2O1,1.979265000,RC2_0018_ICR-1_p08
439.051597771,441.030864641,1.979266870,Other,random,C_1H_2O1,1.979265000,RC2_0018_ICR-1_p08
523.181939694,525.161206565,1.979266870,Other,random,C_1H_2O1,1.979265000,RC2_0018_ICR-1_p08
595.166962913,597.146229783,1.979266870,Other,random,C_1H_2O1,1.979265000,RC2_0018_ICR-1_p08
573.182602534,575.161870404,1.979267870,Other,random,C_1H_2O1,1.979265000,RC2_0018_ICR-1_p08
307.118651648,309.097919519,1.979267870,Other,random,C_1H_2O1,1.979265000,RC2_0018_ICR-1_p08
327.144865038,329.124132908,1.979267870,Other,random,C_1H_2O1,1.979265000,RC2_0018_ICR-1_p08
365.079698725,367.058966596,1.979267870,Other,random,C_1H_2O1,1.979265000,RC2_0018_ICR-1_p08
413.173570287,415.152838157,1.979267870,Other,random,C_1H_2O1,1.979265000,RC2_0018_ICR-1_p08
447.215254866,449.194522736,1.979267870,Other,random,C_1H_2O1,1.979265000,RC2_0018_ICR-1_p08
309.109277455,311.088545325,1.979267870,Other,random,C_1H_2O1,1.979265000,RC2_0018_ICR-1_p08
417.076935338,419.056203208,1.979267870,Other,random,C_1H_2O1,1.979265000,RC2_0018_ICR-1_p08
517.062378106,519.041645976,1.979267870,Other,random,C_1H_2O1,1.979265000,RC2_0018_ICR-1_p08
245.103145370,247.082414240,1.979268870,Other,random,C_1H_2O1,1.979265000,RC2_0018_ICR-1_p08
263.092574213,265.071843083,1.979268870,Other,random,C_1H_2O1,1.979265000,RC2_0018_ICR-1_p08
295.082390330,297.061659200,1.979268870,Other,random,C_1H_2O1,1.979265000,RC2_0018_ICR-1_p08
333.183780080,335.163048951,1.979268870,Other,random,C_1H_2O1,1.979265000,RC2_0018_ICR-1_p08
357.097807608,359.077076479,1.979268870,Other,random,C_1H_2O1,1.979265000,RC2_0018_ICR-1_p08
425.194636691,427.173905561,1.979268870,Other,random,C_1H_2O1,1.979265000,RC2_0018_ICR-1_p08
501.234142110,503.213410980,1.979268870,Other,random,C_1H_2O1,1.979265000,RC2_0018_ICR-1_p08
409.163329837,411.142598707,1.979268870,Other,random,C_1H_2O1,1.979265000,RC2_0018_ICR-1_p08
571.203333663,573.182602534,1.979268870,Other,random,C_1H_2O1,1.979265000,RC2_0018_ICR-1_p08
651.120596278,653.099865148,1.979268870,Other,random,C_1H_2O1,1.979265000,RC2_0018_ICR-1_p08
411.215338298,413.194608168,1.979269870,Other,random,C_1H_2O1,1.979265000,RC2_0018_ICR-1_p08
641.224269926,643.203539796,1.979269870,Other,random,C_1H_2O1,1.979265000,RC2_0018_ICR-1_p08
753.225265129,755.204534999,1.979269870,Other,random,C_1H_2O1,1.979265000,RC2_0018_ICR-1_p08
279.087464271,281.066734142,1.979269870,Other,random,C_1H_2O1,1.979265000,RC2_0018_ICR-1_p08
741.276927316,743.256197186,1.979269870,Other,random,C_1H_2O1,1.979265000,RC2_0018_ICR-1_p08
361.105876071,363.085145941,1.979269870,Other,random,C_1H_2O1,1.979265000,RC2_0018_ICR-1_p08
299.113643661,301.092914532,1.979270870,Other,random,C_1H_2O1,1.979265000,RC2_0018_ICR-1_p08
353.116060998,355.095331869,1.979270870,Other,random,C_1H_2O1,1.979265000,RC2_0018_ICR-1_p08
449.139610045,451.118880915,1.979270870,Other,random,C_1H_2O1,1.979265000,RC2_0018_ICR-1_p08
617.078682700,619.057953570,1.979270870,Other,random,C_1H_2O1,1.979265000,RC2_0018_ICR-1_p08
247.061255359,249.040526230,1.979270870,Other,random,C_1H_2O1,1.979265000,RC2_0018_ICR-1_p08
285.098011473,287.077283344,1.979271870,Other,random,C_1H_2O1,1.979265000,RC2_0018_ICR-1_p08
343.168110937,345.147382807,1.979271870,Other,random,C_1H_2O1,1.979265000,RC2_0018_ICR-1_p08
347.040717161,349.019989031,1.979271870,Other,random,C_1H_2O1,1.979265000,RC2_0018_ICR-1_p08
407.163092084,409.142363955,1.979271870,Other,random,C_1H_2O1,1.979265000,RC2_0018_ICR-1_p08
428.111533288,430.090805159,1.979271870,Other,random,C_1H_2O1,1.979265000,RC2_0018_ICR-1_p08
447.202157939,449.181429810,1.979271870,Other,random,C_1H_2O1,1.979265000,RC2_0018_ICR-1_p08
479.228406851,481.207678722,1.979271870,Other,random,C_1H_2O1,1.979265000,RC2_0018_ICR-1_p08
305.066657187,307.045929057,1.979271870,Other,random,C_1H_2O1,1.979265000,RC2_0018_ICR-1_p08
461.267378849,463.246650719,1.979271870,Other,random,C_1H_2O1,1.979265000,RC2_0018_ICR-1_p08
525.189490406,527.168762276,1.979271870,Other,random,C_1H_2O1,1.979265000,RC2_0018_ICR-1_p08
295.118783125,297.098054995,1.979271870,Other,random,C_1H_2O1,1.979265000,RC2_0018_ICR-1_p08
357.147344330,359.126616200,1.979271870,Other,random,C_1H_2O1,1.979265000,RC2_0018_ICR-1_p08
579.099156264,581.078429134,1.979272870,Other,random,C_1H_2O1,1.979265000,RC2_0018_ICR-1_p08
351.194251805,353.173524675,1.979272870,Other,random,C_1H_2O1,1.979265000,RC2_0018_ICR-1_p08
390.082904129,392.062176999,1.979272870,Other,random,C_1H_2O1,1.979265000,RC2_0018_ICR-1_p08
445.108201714,447.087474584,1.979272870,Other,random,C_1H_2O1,1.979265000,RC2_0018_ICR-1_p08
305.139378778,307.118651648,1.979272870,Other,random,C_1H_2O1,1.979265000,RC2_0018_ICR-1_p08
417.149773928,419.129046798,1.979272870,Other,random,C_1H_2O1,1.979265000,RC2_0018_ICR-1_p08
539.249786343,541.229059213,1.979272870,Other,random,C_1H_2O1,1.979265000,RC2_0018_ICR-1_p08
575.140751523,577.120024393,1.979272870,Other,random,C_1H_2O1,1.979265000,RC2_0018_ICR-1_p08
531.108813121,533.088085991,1.979272870,Other,random,C_1H_2O1,1.979265000,RC2_0018_ICR-1_p08
278.030741214,280.010014084,1.979272870,Other,random,C_1H_2O1,1.979265000,RC2_0018_ICR-1_p08
321.134254837,323.113527707,1.979272870,Other,random,C_1H_2O1,1.979265000,RC2_0018_ICR-1_p08
395.126523768,397.105796638,1.979272870,Other,random,C_1H_2O1,1.979265000,RC2_0018_ICR-1_p08
429.158643400,431.137916271,1.979272870,Other,random,C_1H_2O1,1.979265000,RC2_0018_ICR-1_p08
455.111377465,457.090650335,1.979272870,Other,random,C_1H_2O1,1.979265000,RC2_0018_ICR-1_p08
517.075419032,519.054691903,1.979272870,Other,random,C_1H_2O1,1.979265000,RC2_0018_ICR-1_p08
289.071831128,291.051104998,1.979273870,Other,random,C_1H_2O1,1.979265000,RC2_0018_ICR-1_p08
393.191744647,395.171018518,1.979273870,Other,random,C_1H_2O1,1.979265000,RC2_0018_ICR-1_p08
407.220303763,409.199577633,1.979273870,Other,random,C_1H_2O1,1.979265000,RC2_0018_ICR-1_p08
494.174651806,496.153925677,1.979273870,Other,random,C_1H_2O1,1.979265000,RC2_0018_ICR-1_p08
289.108232923,291.087506794,1.979273870,Other,random,C_1H_2O1,1.979265000,RC2_0018_ICR-1_p08
369.072086275,371.051360146,1.979273870,Other,random,C_1H_2O1,1.979265000,RC2_0018_ICR-1_p08
418.090758637,420.070032507,1.979273870,Other,random,C_1H_2O1,1.979265000,RC2_0018_ICR-1_p08
243.123870500,245.103145370,1.979274870,Other,random,C_1H_2O1,1.979265000,RC2_0018_ICR-1_p08
299.056124985,301.035399855,1.979274870,Other,random,C_1H_2O1,1.979265000,RC2_0018_ICR-1_p08
395.207272314,397.186547184,1.979274870,Other,random,C_1H_2O1,1.979265000,RC2_0018_ICR-1_p08
471.259694660,473.238969531,1.979274870,Other,random,C_1H_2O1,1.979265000,RC2_0018_ICR-1_p08
525.116956814,527.096231684,1.979274870,Other,random,C_1H_2O1,1.979265000,RC2_0018_ICR-1_p08
447.129542348,449.108817218,1.979274870,Other,random,C_1H_2O1,1.979265000,RC2_0018_ICR-1_p08
565.156234667,567.135509537,1.979274870,Other,random,C_1H_2O1,1.979265000,RC2_0018_ICR-1_p08
537.234101677,539.225938477,1.991836800,Other,random,N_1O1,1.991841000,RC2_0018_ICR-1_p08
595.146695027,597.138537826,1.991842800,Other,random,N_1O1,1.991841000,RC2_0018_ICR-1_p08
459.106246001,461.103236772,1.996990771,Other,random,2ndIP,1.997000000,RC2_0018_ICR-1_p08
389.100655652,391.097647423,1.996991771,Other,random,2ndIP,1.997000000,RC2_0018_ICR-1_p08
403.189022431,405.186014202,1.996991771,Other,random,2ndIP,1.997000000,RC2_0018_ICR-1_p08
459.142498797,461.139493568,1.996994771,Other,random,2ndIP,1.997000000,RC2_0018_ICR-1_p08
355.131661664,357.128658435,1.996996771,Other,random,2ndIP,1.997000000,RC2_0018_ICR-1_p08
469.199672244,471.196669015,1.996996771,Other,random,2ndIP,1.997000000,RC2_0018_ICR-1_p08
349.105776549,351.102773319,1.996996771,Other,random,2ndIP,1.997000000,RC2_0018_ICR-1_p08
457.163315926,459.160313697,1.996997771,Other,random,2ndIP,1.997000000,RC2_0018_ICR-1_p08
445.163371404,447.160370174,1.996998771,Other,random,2ndIP,1.997000000,RC2_0018_ICR-1_p08
457.126902131,459.123901902,1.996999771,Other,random,2ndIP,1.997000000,RC2_0018_ICR-1_p08
453.131977595,455.128979366,1.997001771,Other,random,2ndIP,1.997000000,RC2_0018_ICR-1_p08
473.085447394,475.082450165,1.997002771,Other,random,2ndIP,1.997000000,RC2_0018_ICR-1_p08
815.079651313,817.076657084,1.997005771,Other,random,2ndIP,1.997000000,RC2_0018_ICR-1_p08
297.080265095,299.077271866,1.997006771,Other,random,2ndIP,1.997000000,RC2_0018_ICR-1_p08
391.079897522,393.076904293,1.997006771,Other,random,2ndIP,1.997000000,RC2_0018_ICR-1_p08
371.090062928,373.087070699,1.997007771,Other,random,2ndIP,1.997000000,RC2_0018_ICR-1_p08
397.105796638,399.102804409,1.997007771,Other,random,2ndIP,1.997000000,RC2_0018_ICR-1_p08
315.054297025,317.051304796,1.997007771,Other,random,2ndIP,1.997000000,RC2_0018_ICR-1_p08
639.185513390,641.201154056,2.015640666,Other,random,H2,2.015650000,RC2_0018_ICR-1_p08
446.145545881,448.161186547,2.015640666,Other,random,H2,2.015650000,RC2_0018_ICR-1_p08
303.090782297,305.106422963,2.015640666,Other,random,H2,2.015650000,RC2_0018_ICR-1_p08
651.156887074,653.172527739,2.015640666,Other,random,H2,2.015650000,RC2_0018_ICR-1_p08
381.074393785,383.090035451,2.015641666,Other,random,H2,2.015650000,RC2_0018_ICR-1_p08
268.082672153,270.098313819,2.015641666,Other,random,H2,2.015650000,RC2_0018_ICR-1_p08
287.095934239,289.111575904,2.015641666,Other,random,H2,2.015650000,RC2_0018_ICR-1_p08
351.100419333,353.116060998,2.015641666,Other,random,H2,2.015650000,RC2_0018_ICR-1_p08
359.080383460,361.096025126,2.015641666,Other,random,H2,2.015650000,RC2_0018_ICR-1_p08
403.189022431,405.204664097,2.015641666,Other,random,H2,2.015650000,RC2_0018_ICR-1_p08
433.236137472,435.251779138,2.015641666,Other,random,H2,2.015650000,RC2_0018_ICR-1_p08
481.135085130,483.150726795,2.015641666,Other,random,H2,2.015650000,RC2_0018_ICR-1_p08
499.181987649,501.197629315,2.015641666,Other,random,H2,2.015650000,RC2_0018_ICR-1_p08
541.135162741,543.150804407,2.015641666,Other,random,H2,2.015650000,RC2_0018_ICR-1_p08
243.051137909,245.066780574,2.015642666,Other,random,H2,2.015650000,RC2_0018_ICR-1_p08
299.077271866,301.092914532,2.015642666,Other,random,H2,2.015650000,RC2_0018_ICR-1_p08
369.035717480,371.051360146,2.015642666,Other,random,H2,2.015650000,RC2_0018_ICR-1_p08
387.075297041,389.090939707,2.015642666,Other,random,H2,2.015650000,RC2_0018_ICR-1_p08
392.098594794,394.114237460,2.015642666,Other,random,H2,2.015650000,RC2_0018_ICR-1_p08
420.093484375,422.109127041,2.015642666,Other,random,H2,2.015650000,RC2_0018_ICR-1_p08
496.109727925,498.125370591,2.015642666,Other,random,H2,2.015650000,RC2_0018_ICR-1_p08
499.191613595,501.207256261,2.015642666,Other,random,H2,2.015650000,RC2_0018_ICR-1_p08
517.075419032,519.091061698,2.015642666,Other,random,H2,2.015650000,RC2_0018_ICR-1_p08
553.192797939,555.208440605,2.015642666,Other,random,H2,2.015650000,RC2_0018_ICR-1_p08
606.183062968,608.198705633,2.015642666,Other,random,H2,2.015650000,RC2_0018_ICR-1_p08
325.020085986,327.035729652,2.015643666,Other,random,H2,2.015650000,RC2_0018_ICR-1_p08
405.113319611,407.128963276,2.015643666,Other,random,H2,2.015650000,RC2_0018_ICR-1_p08
501.212943229,503.228586895,2.015643666,Other,random,H2,2.015650000,RC2_0018_ICR-1_p08
307.045929057,309.061572723,2.015643666,Other,random,H2,2.015650000,RC2_0018_ICR-1_p08
289.035461332,291.051104998,2.015643666,Other,random,H2,2.015650000,RC2_0018_ICR-1_p08
425.145109969,427.160753635,2.015643666,Other,random,H2,2.015650000,RC2_0018_ICR-1_p08
359.077076479,361.092720145,2.015643666,Other,random,H2,2.015650000,RC2_0018_ICR-1_p08
487.051706860,489.067350525,2.015643666,Other,random,H2,2.015650000,RC2_0018_ICR-1_p08
505.111842305,507.127485971,2.015643666,Other,random,H2,2.015650000,RC2_0018_ICR-1_p08
567.200309173,569.215952839,2.015643666,Other,random,H2,2.015650000,RC2_0018_ICR-1_p08
633.109988554,635.125632220,2.015643666,Other,random,H2,2.015650000,RC2_0018_ICR-1_p08
340.140145964,342.155790630,2.015644666,Other,random,H2,2.015650000,RC2_0018_ICR-1_p08
351.035673697,353.051318362,2.015644666,Other,random,H2,2.015650000,RC2_0018_ICR-1_p08
469.171394403,471.187039069,2.015644666,Other,random,H2,2.015650000,RC2_0018_ICR-1_p08
627.149056073,629.164700739,2.015644666,Other,random,H2,2.015650000,RC2_0018_ICR-1_p08
255.087539226,257.103183892,2.015644666,Other,random,H2,2.015650000,RC2_0018_ICR-1_p08
391.152622114,393.168266779,2.015644666,Other,random,H2,2.015650000,RC2_0018_ICR-1_p08
631.239751070,633.255395736,2.015644666,Other,random,H2,2.015650000,RC2_0018_ICR-1_p08
440.132743692,442.148389357,2.015645666,Other,random,H2,2.015650000,RC2_0018_ICR-1_p08
304.009903129,306.025548795,2.015645666,Other,random,H2,2.015650000,RC2_0018_ICR-1_p08
623.089343901,625.104989567,2.015645666,Other,random,H2,2.015650000,RC2_0018_ICR-1_p08
629.187791609,631.203438275,2.015646666,Other,random,H2,2.015650000,RC2_0018_ICR-1_p08
440.127818719,442.143465385,2.015646666,Other,random,H2,2.015650000,RC2_0018_ICR-1_p08
239.128991963,241.144638629,2.015646666,Other,random,H2,2.015650000,RC2_0018_ICR-1_p08
297.025272405,299.040919070,2.015646666,Other,random,H2,2.015650000,RC2_0018_ICR-1_p08
311.077148389,313.092795055,2.015646666,Other,random,H2,2.015650000,RC2_0018_ICR-1_p08
363.194244327,365.209890993,2.015646666,Other,random,H2,2.015650000,RC2_0018_ICR-1_p08
395.183973445,397.199620110,2.015646666,Other,random,H2,2.015650000,RC2_0018_ICR-1_p08
701.099771238,703.115417904,2.015646666,Other,random,H2,2.015650000,RC2_0018_ICR-1_p08
273.061698155,275.077344821,2.015646666,Other,random,H2,2.015650000,RC2_0018_ICR-1_p08
283.082364808,285.098011473,2.015646666,Other,random,H2,2.015650000,RC2_0018_ICR-1_p08
349.105776549,351.121423215,2.015646666,Other,random,H2,2.015650000,RC2_0018_ICR-1_p08
461.231004053,463.246650719,2.015646666,Other,random,H2,2.015650000,RC2_0018_ICR-1_p08
490.135453519,492.151100185,2.015646666,Other,random,H2,2.015650000,RC2_0018_ICR-1_p08
541.257276054,543.272923720,2.015647666,Other,random,H2,2.015650000,RC2_0018_ICR-1_p08
273.098058951,275.113706616,2.015647666,Other,random,H2,2.015650000,RC2_0018_ICR-1_p08
355.113010769,357.128658435,2.015647666,Other,random,H2,2.015650000,RC2_0018_ICR-1_p08
411.165945576,413.181593242,2.015647666,Other,random,H2,2.015650000,RC2_0018_ICR-1_p08
481.098650335,483.114298000,2.015647666,Other,random,H2,2.015650000,RC2_0018_ICR-1_p08
255.051107431,257.066755097,2.015647666,Other,random,H2,2.015650000,RC2_0018_ICR-1_p08
637.141245885,639.156893551,2.015647666,Other,random,H2,2.015650000,RC2_0018_ICR-1_p08
543.187192202,545.202839868,2.015647666,Other,random,H2,2.015650000,RC2_0018_ICR-1_p08
429.132088550,431.147737215,2.015648666,Other,random,H2,2.015650000,RC2_0018_ICR-1_p08
317.069960691,319.085609356,2.015648666,Other,random,H2,2.015650000,RC2_0018_ICR-1_p08
323.126517634,325.142166299,2.015648666,Other,random,H2,2.015650000,RC2_0018_ICR-1_p08
407.061800654,409.077449320,2.015648666,Other,random,H2,2.015650000,RC2_0018_ICR-1_p08
449.194522736,451.210171402,2.015648666,Other,random,H2,2.015650000,RC2_0018_ICR-1_p08
253.108223356,255.123872022,2.015648666,Other,random,H2,2.015650000,RC2_0018_ICR-1_p08
295.118783125,297.134431791,2.015648666,Other,random,H2,2.015650000,RC2_0018_ICR-1_p08
507.142713885,509.158362551,2.015648666,Other,random,H2,2.015650000,RC2_0018_ICR-1_p08
643.094576409,645.110225075,2.015648666,Other,random,H2,2.015650000,RC2_0018_ICR-1_p08
497.158337029,499.173986694,2.015649666,Other,random,H2,2.015650000,RC2_0018_ICR-1_p08
319.131747097,321.147396763,2.015649666,Other,random,H2,2.015650000,RC2_0018_ICR-1_p08
311.113506185,313.129155850,2.015649666,Other,random,H2,2.015650000,RC2_0018_ICR-1_p08
433.199561678,435.215211344,2.015649666,Other,random,H2,2.015650000,RC2_0018_ICR-1_p08
520.109607971,522.125257636,2.015649666,Other,random,H2,2.015650000,RC2_0018_ICR-1_p08
605.187624565,607.203274231,2.015649666,Other,random,H2,2.015650000,RC2_0018_ICR-1_p08
609.109939509,611.125589175,2.015649666,Other,random,H2,2.015650000,RC2_0018_ICR-1_p08
311.040831593,313.056482259,2.015650666,Other,random,H2,2.015650000,RC2_0018_ICR-1_p08
461.085483871,463.101134537,2.015650666,Other,random,H2,2.015650000,RC2_0018_ICR-1_p08
483.041557409,485.057208075,2.015650666,Other,random,H2,2.015650000,RC2_0018_ICR-1_p08
295.009621739,297.025272405,2.015650666,Other,random,H2,2.015650000,RC2_0018_ICR-1_p08
367.066843551,369.082494217,2.015650666,Other,random,H2,2.015650000,RC2_0018_ICR-1_p08
392.147940517,394.163591182,2.015650666,Other,random,H2,2.015650000,RC2_0018_ICR-1_p08
459.056776279,461.072426945,2.015650666,Other,random,H2,2.015650000,RC2_0018_ICR-1_p08
481.163326971,483.178977637,2.015650666,Other,random,H2,2.015650000,RC2_0018_ICR-1_p08
344.077454824,346.093105489,2.015650666,Other,random,H2,2.015650000,RC2_0018_ICR-1_p08
525.124941769,527.140592434,2.015650666,Other,random,H2,2.015650000,RC2_0018_ICR-1_p08
543.099252697,545.114903362,2.015650666,Other,random,H2,2.015650000,RC2_0018_ICR-1_p08
607.167062434,609.182713100,2.015650666,Other,random,H2,2.015650000,RC2_0018_ICR-1_p08
515.192170622,517.207822288,2.015651666,Other,random,H2,2.015650000,RC2_0018_ICR-1_p08
325.048337827,327.063989493,2.015651666,Other,random,H2,2.015650000,RC2_0018_ICR-1_p08
339.121500692,341.137152357,2.015651666,Other,random,H2,2.015650000,RC2_0018_ICR-1_p08
447.056618758,449.072270423,2.015651666,Other,random,H2,2.015650000,RC2_0018_ICR-1_p08
491.205161504,493.220813170,2.015651666,Other,random,H2,2.015650000,RC2_0018_ICR-1_p08
551.140751478,553.156403144,2.015651666,Other,random,H2,2.015650000,RC2_0018_ICR-1_p08
599.250118953,601.265770618,2.015651666,Other,random,H2,2.015650000,RC2_0018_ICR-1_p08
523.036359513,525.052011179,2.015651666,Other,random,H2,2.015650000,RC2_0018_ICR-1_p08
241.035486243,243.051137909,2.015651666,Other,random,H2,2.015650000,RC2_0018_ICR-1_p08
565.221141302,567.236792968,2.015651666,Other,random,H2,2.015650000,RC2_0018_ICR-1_p08
713.245656940,715.261309606,2.015652666,Other,random,H2,2.015650000,RC2_0018_ICR-1_p08
521.215665751,523.231318417,2.015652666,Other,random,H2,2.015650000,RC2_0018_ICR-1_p08
777.298221763,779.313874429,2.015652666,Other,random,H2,2.015650000,RC2_0018_ICR-1_p08
257.066755097,259.082407763,2.015652666,Other,random,H2,2.015650000,RC2_0018_ICR-1_p08
269.103165415,271.118818080,2.015652666,Other,random,H2,2.015650000,RC2_0018_ICR-1_p08
295.046006534,297.061659200,2.015652666,Other,random,H2,2.015650000,RC2_0018_ICR-1_p08
425.194636691,427.210289356,2.015652666,Other,random,H2,2.015650000,RC2_0018_ICR-1_p08
443.082858103,445.098510768,2.015652666,Other,random,H2,2.015650000,RC2_0018_ICR-1_p08
457.150198000,459.165850666,2.015652666,Other,random,H2,2.015650000,RC2_0018_ICR-1_p08
499.109153059,501.124805725,2.015652666,Other,random,H2,2.015650000,RC2_0018_ICR-1_p08
527.241612866,529.257265532,2.015652666,Other,random,H2,2.015650000,RC2_0018_ICR-1_p08
309.134276314,311.149929980,2.015653666,Other,random,H2,2.015650000,RC2_0018_ICR-1_p08
319.093665311,321.109318977,2.015653666,Other,random,H2,2.015650000,RC2_0018_ICR-1_p08
417.155313897,419.170967563,2.015653666,Other,random,H2,2.015650000,RC2_0018_ICR-1_p08
547.072917352,549.088571018,2.015653666,Other,random,H2,2.015650000,RC2_0018_ICR-1_p08
559.218505056,561.234158722,2.015653666,Other,random,H2,2.015650000,RC2_0018_ICR-1_p08
349.092643623,351.108297288,2.015653666,Other,random,H2,2.015650000,RC2_0018_ICR-1_p08
445.150241477,447.165896143,2.015654666,Other,random,H2,2.015650000,RC2_0018_ICR-1_p08
287.019806667,289.035461332,2.015654666,Other,random,H2,2.015650000,RC2_0018_ICR-1_p08
513.153266087,515.168920753,2.015654666,Other,random,H2,2.015650000,RC2_0018_ICR-1_p08
569.215952839,571.231607504,2.015654666,Other,random,H2,2.015650000,RC2_0018_ICR-1_p08
289.108232923,291.123888589,2.015655666,Other,random,H2,2.015650000,RC2_0018_ICR-1_p08
331.058906029,333.074561695,2.015655666,Other,random,H2,2.015650000,RC2_0018_ICR-1_p08
387.102687887,389.118343553,2.015655666,Other,random,H2,2.015650000,RC2_0018_ICR-1_p08
397.129119507,399.144775173,2.015655666,Other,random,H2,2.015650000,RC2_0018_ICR-1_p08
423.165949098,425.181604764,2.015655666,Other,random,H2,2.015650000,RC2_0018_ICR-1_p08
439.088051566,441.103707232,2.015655666,Other,random,H2,2.015650000,RC2_0018_ICR-1_p08
439.197276952,441.212932618,2.015655666,Other,random,H2,2.015650000,RC2_0018_ICR-1_p08
539.213403547,541.229059213,2.015655666,Other,random,H2,2.015650000,RC2_0018_ICR-1_p08
417.204730619,419.220386285,2.015655666,Other,random,H2,2.015650000,RC2_0018_ICR-1_p08
565.119853872,567.135509537,2.015655666,Other,random,H2,2.015650000,RC2_0018_ICR-1_p08
303.087371317,305.103027982,2.015656666,Other,random,H2,2.015650000,RC2_0018_ICR-1_p08
330.220378744,332.236035410,2.015656666,Other,random,H2,2.015650000,RC2_0018_ICR-1_p08
349.142133344,351.157790010,2.015656666,Other,random,H2,2.015650000,RC2_0018_ICR-1_p08
349.165516213,351.181172879,2.015656666,Other,random,H2,2.015650000,RC2_0018_ICR-1_p08
377.100616130,379.116272796,2.015656666,Other,random,H2,2.015650000,RC2_0018_ICR-1_p08
501.103798843,503.119455509,2.015656666,Other,random,H2,2.015650000,RC2_0018_ICR-1_p08
550.120288216,552.135944882,2.015656666,Other,random,H2,2.015650000,RC2_0018_ICR-1_p08
339.136697606,341.152354272,2.015656666,Other,random,H2,2.015650000,RC2_0018_ICR-1_p08
381.110959579,383.126616245,2.015656666,Other,random,H2,2.015650000,RC2_0018_ICR-1_p08
405.059303914,407.074960580,2.015656666,Other,random,H2,2.015650000,RC2_0018_ICR-1_p08
448.088431956,450.104088621,2.015656666,Other,random,H2,2.015650000,RC2_0018_ICR-1_p08
455.155689215,457.171345881,2.015656666,Other,random,H2,2.015650000,RC2_0018_ICR-1_p08
456.086122983,458.101779649,2.015656666,Other,random,H2,2.015650000,RC2_0018_ICR-1_p08
589.229026303,591.244682968,2.015656666,Other,random,H2,2.015650000,RC2_0018_ICR-1_p08
345.155401762,347.171059428,2.015657666,Other,random,H2,2.015650000,RC2_0018_ICR-1_p08
264.051484821,266.067142487,2.015657666,Other,random,H2,2.015650000,RC2_0018_ICR-1_p08
501.030870253,503.046527919,2.015657666,Other,random,H2,2.015650000,RC2_0018_ICR-1_p08
508.195368966,510.211026632,2.015657666,Other,random,H2,2.015650000,RC2_0018_ICR-1_p08
553.062549672,555.078207337,2.015657666,Other,random,H2,2.015650000,RC2_0018_ICR-1_p08
554.187967343,556.203625009,2.015657666,Other,random,H2,2.015650000,RC2_0018_ICR-1_p08
587.117827174,589.133484840,2.015657666,Other,random,H2,2.015650000,RC2_0018_ICR-1_p08
345.074575217,347.090232882,2.015657666,Other,random,H2,2.015650000,RC2_0018_ICR-1_p08
470.065428376,472.081086042,2.015657666,Other,random,H2,2.015650000,RC2_0018_ICR-1_p08
569.143131248,571.158789914,2.015658666,Other,random,H2,2.015650000,RC2_0018_ICR-1_p08
243.123870500,245.139529165,2.015658666,Other,random,H2,2.015650000,RC2_0018_ICR-1_p08
301.020106941,303.035765607,2.015658666,Other,random,H2,2.015650000,RC2_0018_ICR-1_p08
307.155049444,309.170708109,2.015658666,Other,random,H2,2.015650000,RC2_0018_ICR-1_p08
350.088024025,352.103682691,2.015658666,Other,random,H2,2.015650000,RC2_0018_ICR-1_p08
371.044014187,373.059672853,2.015658666,Other,random,H2,2.015650000,RC2_0018_ICR-1_p08
253.035448766,255.051107431,2.015658666,Other,random,H2,2.015650000,RC2_0018_ICR-1_p08
321.170743631,323.186402297,2.015658666,Other,random,H2,2.015650000,RC2_0018_ICR-1_p08
347.040717161,349.056375827,2.015658666,Other,random,H2,2.015650000,RC2_0018_ICR-1_p08
349.129169417,351.144828083,2.015658666,Other,random,H2,2.015650000,RC2_0018_ICR-1_p08
565.257514098,567.273172763,2.015658666,Other,random,H2,2.015650000,RC2_0018_ICR-1_p08
685.250678359,687.266337025,2.015658666,Other,random,H2,2.015650000,RC2_0018_ICR-1_p08
481.171365926,483.187024591,2.015658666,Other,random,H2,2.015650000,RC2_0018_ICR-1_p08
325.056400782,327.072060447,2.015659666,Other,random,H2,2.015650000,RC2_0018_ICR-1_p08
373.129200462,375.144860127,2.015659666,Other,random,H2,2.015650000,RC2_0018_ICR-1_p08
397.178487229,399.194146895,2.015659666,Other,random,H2,2.015650000,RC2_0018_ICR-1_p08
415.106336419,417.121996084,2.015659666,Other,random,H2,2.015650000,RC2_0018_ICR-1_p08
559.254874851,561.270534517,2.015659666,Other,random,H2,2.015650000,RC2_0018_ICR-1_p08
253.071879561,255.087539226,2.015659666,Other,random,H2,2.015650000,RC2_0018_ICR-1_p08
318.098286908,320.113946574,2.015659666,Other,random,H2,2.015650000,RC2_0018_ICR-1_p08
323.069143956,325.084803622,2.015659666,Other,random,H2,2.015650000,RC2_0018_ICR-1_p08
349.087113654,351.102773319,2.015659666,Other,random,H2,2.015650000,RC2_0018_ICR-1_p08
503.119455509,505.135115174,2.015659666,Other,random,H2,2.015650000,RC2_0018_ICR-1_p08
271.061260404,273.076920070,2.015659666,Other,random,H2,2.015650000,RC2_0018_ICR-1_p08
539.205385592,541.221045258,2.015659666,Other,random,H2,2.015650000,RC2_0018_ICR-1_p08
639.185513390,641.201154056,2.015640666,Other,random,hydrogenation/dehydrogenation,2.015650074,RC2_0018_ICR-1_p08
446.145545881,448.161186547,2.015640666,Other,random,hydrogenation/dehydrogenation,2.015650074,RC2_0018_ICR-1_p08
303.090782297,305.106422963,2.015640666,Other,random,hydrogenation/dehydrogenation,2.015650074,RC2_0018_ICR-1_p08
651.156887074,653.172527739,2.015640666,Other,random,hydrogenation/dehydrogenation,2.015650074,RC2_0018_ICR-1_p08
381.074393785,383.090035451,2.015641666,Other,random,hydrogenation/dehydrogenation,2.015650074,RC2_0018_ICR-1_p08
268.082672153,270.098313819,2.015641666,Other,random,hydrogenation/dehydrogenation,2.015650074,RC2_0018_ICR-1_p08
287.095934239,289.111575904,2.015641666,Other,random,hydrogenation/dehydrogenation,2.015650074,RC2_0018_ICR-1_p08
351.100419333,353.116060998,2.015641666,Other,random,hydrogenation/dehydrogenation,2.015650074,RC2_0018_ICR-1_p08
359.080383460,361.096025126,2.015641666,Other,random,hydrogenation/dehydrogenation,2.015650074,RC2_0018_ICR-1_p08
403.189022431,405.204664097,2.015641666,Other,random,hydrogenation/dehydrogenation,2.015650074,RC2_0018_ICR-1_p08
433.236137472,435.251779138,2.015641666,Other,random,hydrogenation/dehydrogenation,2.015650074,RC2_0018_ICR-1_p08
481.135085130,483.150726795,2.015641666,Other,random,hydrogenation/dehydrogenation,2.015650074,RC2_0018_ICR-1_p08
499.181987649,501.197629315,2.015641666,Other,random,hydrogenation/dehydrogenation,2.015650074,RC2_0018_ICR-1_p08
541.135162741,543.150804407,2.015641666,Other,random,hydrogenation/dehydrogenation,2.015650074,RC2_0018_ICR-1_p08
243.051137909,245.066780574,2.015642666,Other,random,hydrogenation/dehydrogenation,2.015650074,RC2_0018_ICR-1_p08
299.077271866,301.092914532,2.015642666,Other,random,hydrogenation/dehydrogenation,2.015650074,RC2_0018_ICR-1_p08
369.035717480,371.051360146,2.015642666,Other,random,hydrogenation/dehydrogenation,2.015650074,RC2_0018_ICR-1_p08
387.075297041,389.090939707,2.015642666,Other,random,hydrogenation/dehydrogenation,2.015650074,RC2_0018_ICR-1_p08
392.098594794,394.114237460,2.015642666,Other,random,hydrogenation/dehydrogenation,2.015650074,RC2_0018_ICR-1_p08
420.093484375,422.109127041,2.015642666,Other,random,hydrogenation/dehydrogenation,2.015650074,RC2_0018_ICR-1_p08
496.109727925,498.125370591,2.015642666,Other,random,hydrogenation/dehydrogenation,2.015650074,RC2_0018_ICR-1_p08
499.191613595,501.207256261,2.015642666,Other,random,hydrogenation/dehydrogenation,2.015650074,RC2_0018_ICR-1_p08
517.075419032,519.091061698,2.015642666,Other,random,hydrogenation/dehydrogenation,2.015650074,RC2_0018_ICR-1_p08
553.192797939,555.208440605,2.015642666,Other,random,hydrogenation/dehydrogenation,2.015650074,RC2_0018_ICR-1_p08
606.183062968,608.198705633,2.015642666,Other,random,hydrogenation/dehydrogenation,2.015650074,RC2_0018_ICR-1_p08
325.020085986,327.035729652,2.015643666,Other,random,hydrogenation/dehydrogenation,2.015650074,RC2_0018_ICR-1_p08
405.113319611,407.128963276,2.015643666,Other,random,hydrogenation/dehydrogenation,2.015650074,RC2_0018_ICR-1_p08
501.212943229,503.228586895,2.015643666,Other,random,hydrogenation/dehydrogenation,2.015650074,RC2_0018_ICR-1_p08
307.045929057,309.061572723,2.015643666,Other,random,hydrogenation/dehydrogenation,2.015650074,RC2_0018_ICR-1_p08
289.035461332,291.051104998,2.015643666,Other,random,hydrogenation/dehydrogenation,2.015650074,RC2_0018_ICR-1_p08
425.145109969,427.160753635,2.015643666,Other,random,hydrogenation/dehydrogenation,2.015650074,RC2_0018_ICR-1_p08
359.077076479,361.092720145,2.015643666,Other,random,hydrogenation/dehydrogenation,2.015650074,RC2_0018_ICR-1_p08
487.051706860,489.067350525,2.015643666,Other,random,hydrogenation/dehydrogenation,2.015650074,RC2_0018_ICR-1_p08
505.111842305,507.127485971,2.015643666,Other,random,hydrogenation/dehydrogenation,2.015650074,RC2_0018_ICR-1_p08
567.200309173,569.215952839,2.015643666,Other,random,hydrogenation/dehydrogenation,2.015650074,RC2_0018_ICR-1_p08
633.109988554,635.125632220,2.015643666,Other,random,hydrogenation/dehydrogenation,2.015650074,RC2_0018_ICR-1_p08
340.140145964,342.155790630,2.015644666,Other,random,hydrogenation/dehydrogenation,2.015650074,RC2_0018_ICR-1_p08
351.035673697,353.051318362,2.015644666,Other,random,hydrogenation/dehydrogenation,2.015650074,RC2_0018_ICR-1_p08
469.171394403,471.187039069,2.015644666,Other,random,hydrogenation/dehydrogenation,2.015650074,RC2_0018_ICR-1_p08
627.149056073,629.164700739,2.015644666,Other,random,hydrogenation/dehydrogenation,2.015650074,RC2_0018_ICR-1_p08
255.087539226,257.103183892,2.015644666,Other,random,hydrogenation/dehydrogenation,2.015650074,RC2_0018_ICR-1_p08
391.152622114,393.168266779,2.015644666,Other,random,hydrogenation/dehydrogenation,2.015650074,RC2_0018_ICR-1_p08
631.239751070,633.255395736,2.015644666,Other,random,hydrogenation/dehydrogenation,2.015650074,RC2_0018_ICR-1_p08
440.132743692,442.148389357,2.015645666,Other,random,hydrogenation/dehydrogenation,2.015650074,RC2_0018_ICR-1_p08
304.009903129,306.025548795,2.015645666,Other,random,hydrogenation/dehydrogenation,2.015650074,RC2_0018_ICR-1_p08
623.089343901,625.104989567,2.015645666,Other,random,hydrogenation/dehydrogenation,2.015650074,RC2_0018_ICR-1_p08
629.187791609,631.203438275,2.015646666,Other,random,hydrogenation/dehydrogenation,2.015650074,RC2_0018_ICR-1_p08
440.127818719,442.143465385,2.015646666,Other,random,hydrogenation/dehydrogenation,2.015650074,RC2_0018_ICR-1_p08
239.128991963,241.144638629,2.015646666,Other,random,hydrogenation/dehydrogenation,2.015650074,RC2_0018_ICR-1_p08
297.025272405,299.040919070,2.015646666,Other,random,hydrogenation/dehydrogenation,2.015650074,RC2_0018_ICR-1_p08
311.077148389,313.092795055,2.015646666,Other,random,hydrogenation/dehydrogenation,2.015650074,RC2_0018_ICR-1_p08
363.194244327,365.209890993,2.015646666,Other,random,hydrogenation/dehydrogenation,2.015650074,RC2_0018_ICR-1_p08
395.183973445,397.199620110,2.015646666,Other,random,hydrogenation/dehydrogenation,2.015650074,RC2_0018_ICR-1_p08
701.099771238,703.115417904,2.015646666,Other,random,hydrogenation/dehydrogenation,2.015650074,RC2_0018_ICR-1_p08
273.061698155,275.077344821,2.015646666,Other,random,hydrogenation/dehydrogenation,2.015650074,RC2_0018_ICR-1_p08
283.082364808,285.098011473,2.015646666,Other,random,hydrogenation/dehydrogenation,2.015650074,RC2_0018_ICR-1_p08
349.105776549,351.121423215,2.015646666,Other,random,hydrogenation/dehydrogenation,2.015650074,RC2_0018_ICR-1_p08
461.231004053,463.246650719,2.015646666,Other,random,hydrogenation/dehydrogenation,2.015650074,RC2_0018_ICR-1_p08
490.135453519,492.151100185,2.015646666,Other,random,hydrogenation/dehydrogenation,2.015650074,RC2_0018_ICR-1_p08
541.257276054,543.272923720,2.015647666,Other,random,hydrogenation/dehydrogenation,2.015650074,RC2_0018_ICR-1_p08
273.098058951,275.113706616,2.015647666,Other,random,hydrogenation/dehydrogenation,2.015650074,RC2_0018_ICR-1_p08
355.113010769,357.128658435,2.015647666,Other,random,hydrogenation/dehydrogenation,2.015650074,RC2_0018_ICR-1_p08
411.165945576,413.181593242,2.015647666,Other,random,hydrogenation/dehydrogenation,2.015650074,RC2_0018_ICR-1_p08
481.098650335,483.114298000,2.015647666,Other,random,hydrogenation/dehydrogenation,2.015650074,RC2_0018_ICR-1_p08
255.051107431,257.066755097,2.015647666,Other,random,hydrogenation/dehydrogenation,2.015650074,RC2_0018_ICR-1_p08
637.141245885,639.156893551,2.015647666,Other,random,hydrogenation/dehydrogenation,2.015650074,RC2_0018_ICR-1_p08
543.187192202,545.202839868,2.015647666,Other,random,hydrogenation/dehydrogenation,2.015650074,RC2_0018_ICR-1_p08
429.132088550,431.147737215,2.015648666,Other,random,hydrogenation/dehydrogenation,2.015650074,RC2_0018_ICR-1_p08
317.069960691,319.085609356,2.015648666,Other,random,hydrogenation/dehydrogenation,2.015650074,RC2_0018_ICR-1_p08
323.126517634,325.142166299,2.015648666,Other,random,hydrogenation/dehydrogenation,2.015650074,RC2_0018_ICR-1_p08
407.061800654,409.077449320,2.015648666,Other,random,hydrogenation/dehydrogenation,2.015650074,RC2_0018_ICR-1_p08
449.194522736,451.210171402,2.015648666,Other,random,hydrogenation/dehydrogenation,2.015650074,RC2_0018_ICR-1_p08
253.108223356,255.123872022,2.015648666,Other,random,hydrogenation/dehydrogenation,2.015650074,RC2_0018_ICR-1_p08
295.118783125,297.134431791,2.015648666,Other,random,hydrogenation/dehydrogenation,2.015650074,RC2_0018_ICR-1_p08
507.142713885,509.158362551,2.015648666,Other,random,hydrogenation/dehydrogenation,2.015650074,RC2_0018_ICR-1_p08
643.094576409,645.110225075,2.015648666,Other,random,hydrogenation/dehydrogenation,2.015650074,RC2_0018_ICR-1_p08
497.158337029,499.173986694,2.015649666,Other,random,hydrogenation/dehydrogenation,2.015650074,RC2_0018_ICR-1_p08
319.131747097,321.147396763,2.015649666,Other,random,hydrogenation/dehydrogenation,2.015650074,RC2_0018_ICR-1_p08
311.113506185,313.129155850,2.015649666,Other,random,hydrogenation/dehydrogenation,2.015650074,RC2_0018_ICR-1_p08
433.199561678,435.215211344,2.015649666,Other,random,hydrogenation/dehydrogenation,2.015650074,RC2_0018_ICR-1_p08
520.109607971,522.125257636,2.015649666,Other,random,hydrogenation/dehydrogenation,2.015650074,RC2_0018_ICR-1_p08
605.187624565,607.203274231,2.015649666,Other,random,hydrogenation/dehydrogenation,2.015650074,RC2_0018_ICR-1_p08
609.109939509,611.125589175,2.015649666,Other,random,hydrogenation/dehydrogenation,2.015650074,RC2_0018_ICR-1_p08
311.040831593,313.056482259,2.015650666,Other,random,hydrogenation/dehydrogenation,2.015650074,RC2_0018_ICR-1_p08
461.085483871,463.101134537,2.015650666,Other,random,hydrogenation/dehydrogenation,2.015650074,RC2_0018_ICR-1_p08
483.041557409,485.057208075,2.015650666,Other,random,hydrogenation/dehydrogenation,2.015650074,RC2_0018_ICR-1_p08
295.009621739,297.025272405,2.015650666,Other,random,hydrogenation/dehydrogenation,2.015650074,RC2_0018_ICR-1_p08
367.066843551,369.082494217,2.015650666,Other,random,hydrogenation/dehydrogenation,2.015650074,RC2_0018_ICR-1_p08
392.147940517,394.163591182,2.015650666,Other,random,hydrogenation/dehydrogenation,2.015650074,RC2_0018_ICR-1_p08
459.056776279,461.072426945,2.015650666,Other,random,hydrogenation/dehydrogenation,2.015650074,RC2_0018_ICR-1_p08
481.163326971,483.178977637,2.015650666,Other,random,hydrogenation/dehydrogenation,2.015650074,RC2_0018_ICR-1_p08
344.077454824,346.093105489,2.015650666,Other,random,hydrogenation/dehydrogenation,2.015650074,RC2_0018_ICR-1_p08
525.124941769,527.140592434,2.015650666,Other,random,hydrogenation/dehydrogenation,2.015650074,RC2_0018_ICR-1_p08
543.099252697,545.114903362,2.015650666,Other,random,hydrogenation/dehydrogenation,2.015650074,RC2_0018_ICR-1_p08
607.167062434,609.182713100,2.015650666,Other,random,hydrogenation/dehydrogenation,2.015650074,RC2_0018_ICR-1_p08
515.192170622,517.207822288,2.015651666,Other,random,hydrogenation/dehydrogenation,2.015650074,RC2_0018_ICR-1_p08
325.048337827,327.063989493,2.015651666,Other,random,hydrogenation/dehydrogenation,2.015650074,RC2_0018_ICR-1_p08
339.121500692,341.137152357,2.015651666,Other,random,hydrogenation/dehydrogenation,2.015650074,RC2_0018_ICR-1_p08
447.056618758,449.072270423,2.015651666,Other,random,hydrogenation/dehydrogenation,2.015650074,RC2_0018_ICR-1_p08
491.205161504,493.220813170,2.015651666,Other,random,hydrogenation/dehydrogenation,2.015650074,RC2_0018_ICR-1_p08
551.140751478,553.156403144,2.015651666,Other,random,hydrogenation/dehydrogenation,2.015650074,RC2_0018_ICR-1_p08
599.250118953,601.265770618,2.015651666,Other,random,hydrogenation/dehydrogenation,2.015650074,RC2_0018_ICR-1_p08
523.036359513,525.052011179,2.015651666,Other,random,hydrogenation/dehydrogenation,2.015650074,RC2_0018_ICR-1_p08
241.035486243,243.051137909,2.015651666,Other,random,hydrogenation/dehydrogenation,2.015650074,RC2_0018_ICR-1_p08
565.221141302,567.236792968,2.015651666,Other,random,hydrogenation/dehydrogenation,2.015650074,RC2_0018_ICR-1_p08
713.245656940,715.261309606,2.015652666,Other,random,hydrogenation/dehydrogenation,2.015650074,RC2_0018_ICR-1_p08
521.215665751,523.231318417,2.015652666,Other,random,hydrogenation/dehydrogenation,2.015650074,RC2_0018_ICR-1_p08
777.298221763,779.313874429,2.015652666,Other,random,hydrogenation/dehydrogenation,2.015650074,RC2_0018_ICR-1_p08
257.066755097,259.082407763,2.015652666,Other,random,hydrogenation/dehydrogenation,2.015650074,RC2_0018_ICR-1_p08
269.103165415,271.118818080,2.015652666,Other,random,hydrogenation/dehydrogenation,2.015650074,RC2_0018_ICR-1_p08
295.046006534,297.061659200,2.015652666,Other,random,hydrogenation/dehydrogenation,2.015650074,RC2_0018_ICR-1_p08
425.194636691,427.210289356,2.015652666,Other,random,hydrogenation/dehydrogenation,2.015650074,RC2_0018_ICR-1_p08
443.082858103,445.098510768,2.015652666,Other,random,hydrogenation/dehydrogenation,2.015650074,RC2_0018_ICR-1_p08
457.150198000,459.165850666,2.015652666,Other,random,hydrogenation/dehydrogenation,2.015650074,RC2_0018_ICR-1_p08
499.109153059,501.124805725,2.015652666,Other,random,hydrogenation/dehydrogenation,2.015650074,RC2_0018_ICR-1_p08
527.241612866,529.257265532,2.015652666,Other,random,hydrogenation/dehydrogenation,2.015650074,RC2_0018_ICR-1_p08
309.134276314,311.149929980,2.015653666,Other,random,hydrogenation/dehydrogenation,2.015650074,RC2_0018_ICR-1_p08
319.093665311,321.109318977,2.015653666,Other,random,hydrogenation/dehydrogenation,2.015650074,RC2_0018_ICR-1_p08
417.155313897,419.170967563,2.015653666,Other,random,hydrogenation/dehydrogenation,2.015650074,RC2_0018_ICR-1_p08
547.072917352,549.088571018,2.015653666,Other,random,hydrogenation/dehydrogenation,2.015650074,RC2_0018_ICR-1_p08
559.218505056,561.234158722,2.015653666,Other,random,hydrogenation/dehydrogenation,2.015650074,RC2_0018_ICR-1_p08
349.092643623,351.108297288,2.015653666,Other,random,hydrogenation/dehydrogenation,2.015650074,RC2_0018_ICR-1_p08
445.150241477,447.165896143,2.015654666,Other,random,hydrogenation/dehydrogenation,2.015650074,RC2_0018_ICR-1_p08
287.019806667,289.035461332,2.015654666,Other,random,hydrogenation/dehydrogenation,2.015650074,RC2_0018_ICR-1_p08
513.153266087,515.168920753,2.015654666,Other,random,hydrogenation/dehydrogenation,2.015650074,RC2_0018_ICR-1_p08
569.215952839,571.231607504,2.015654666,Other,random,hydrogenation/dehydrogenation,2.015650074,RC2_0018_ICR-1_p08
289.108232923,291.123888589,2.015655666,Other,random,hydrogenation/dehydrogenation,2.015650074,RC2_0018_ICR-1_p08
331.058906029,333.074561695,2.015655666,Other,random,hydrogenation/dehydrogenation,2.015650074,RC2_0018_ICR-1_p08
387.102687887,389.118343553,2.015655666,Other,random,hydrogenation/dehydrogenation,2.015650074,RC2_0018_ICR-1_p08
397.129119507,399.144775173,2.015655666,Other,random,hydrogenation/dehydrogenation,2.015650074,RC2_0018_ICR-1_p08
423.165949098,425.181604764,2.015655666,Other,random,hydrogenation/dehydrogenation,2.015650074,RC2_0018_ICR-1_p08
439.088051566,441.103707232,2.015655666,Other,random,hydrogenation/dehydrogenation,2.015650074,RC2_0018_ICR-1_p08
439.197276952,441.212932618,2.015655666,Other,random,hydrogenation/dehydrogenation,2.015650074,RC2_0018_ICR-1_p08
539.213403547,541.229059213,2.015655666,Other,random,hydrogenation/dehydrogenation,2.015650074,RC2_0018_ICR-1_p08
417.204730619,419.220386285,2.015655666,Other,random,hydrogenation/dehydrogenation,2.015650074,RC2_0018_ICR-1_p08
565.119853872,567.135509537,2.015655666,Other,random,hydrogenation/dehydrogenation,2.015650074,RC2_0018_ICR-1_p08
303.087371317,305.103027982,2.015656666,Other,random,hydrogenation/dehydrogenation,2.015650074,RC2_0018_ICR-1_p08
330.220378744,332.236035410,2.015656666,Other,random,hydrogenation/dehydrogenation,2.015650074,RC2_0018_ICR-1_p08
349.142133344,351.157790010,2.015656666,Other,random,hydrogenation/dehydrogenation,2.015650074,RC2_0018_ICR-1_p08
349.165516213,351.181172879,2.015656666,Other,random,hydrogenation/dehydrogenation,2.015650074,RC2_0018_ICR-1_p08
377.100616130,379.116272796,2.015656666,Other,random,hydrogenation/dehydrogenation,2.015650074,RC2_0018_ICR-1_p08
501.103798843,503.119455509,2.015656666,Other,random,hydrogenation/dehydrogenation,2.015650074,RC2_0018_ICR-1_p08
550.120288216,552.135944882,2.015656666,Other,random,hydrogenation/dehydrogenation,2.015650074,RC2_0018_ICR-1_p08
339.136697606,341.152354272,2.015656666,Other,random,hydrogenation/dehydrogenation,2.015650074,RC2_0018_ICR-1_p08
381.110959579,383.126616245,2.015656666,Other,random,hydrogenation/dehydrogenation,2.015650074,RC2_0018_ICR-1_p08
405.059303914,407.074960580,2.015656666,Other,random,hydrogenation/dehydrogenation,2.015650074,RC2_0018_ICR-1_p08
448.088431956,450.104088621,2.015656666,Other,random,hydrogenation/dehydrogenation,2.015650074,RC2_0018_ICR-1_p08
455.155689215,457.171345881,2.015656666,Other,random,hydrogenation/dehydrogenation,2.015650074,RC2_0018_ICR-1_p08
456.086122983,458.101779649,2.015656666,Other,random,hydrogenation/dehydrogenation,2.015650074,RC2_0018_ICR-1_p08
589.229026303,591.244682968,2.015656666,Other,random,hydrogenation/dehydrogenation,2.015650074,RC2_0018_ICR-1_p08
345.155401762,347.171059428,2.015657666,Other,random,hydrogenation/dehydrogenation,2.015650074,RC2_0018_ICR-1_p08
264.051484821,266.067142487,2.015657666,Other,random,hydrogenation/dehydrogenation,2.015650074,RC2_0018_ICR-1_p08
501.030870253,503.046527919,2.015657666,Other,random,hydrogenation/dehydrogenation,2.015650074,RC2_0018_ICR-1_p08
508.195368966,510.211026632,2.015657666,Other,random,hydrogenation/dehydrogenation,2.015650074,RC2_0018_ICR-1_p08
553.062549672,555.078207337,2.015657666,Other,random,hydrogenation/dehydrogenation,2.015650074,RC2_0018_ICR-1_p08
554.187967343,556.203625009,2.015657666,Other,random,hydrogenation/dehydrogenation,2.015650074,RC2_0018_ICR-1_p08
587.117827174,589.133484840,2.015657666,Other,random,hydrogenation/dehydrogenation,2.015650074,RC2_0018_ICR-1_p08
345.074575217,347.090232882,2.015657666,Other,random,hydrogenation/dehydrogenation,2.015650074,RC2_0018_ICR-1_p08
470.065428376,472.081086042,2.015657666,Other,random,hydrogenation/dehydrogenation,2.015650074,RC2_0018_ICR-1_p08
569.143131248,571.158789914,2.015658666,Other,random,hydrogenation/dehydrogenation,2.015650074,RC2_0018_ICR-1_p08
243.123870500,245.139529165,2.015658666,Other,random,hydrogenation/dehydrogenation,2.015650074,RC2_0018_ICR-1_p08
301.020106941,303.035765607,2.015658666,Other,random,hydrogenation/dehydrogenation,2.015650074,RC2_0018_ICR-1_p08
307.155049444,309.170708109,2.015658666,Other,random,hydrogenation/dehydrogenation,2.015650074,RC2_0018_ICR-1_p08
350.088024025,352.103682691,2.015658666,Other,random,hydrogenation/dehydrogenation,2.015650074,RC2_0018_ICR-1_p08
371.044014187,373.059672853,2.015658666,Other,random,hydrogenation/dehydrogenation,2.015650074,RC2_0018_ICR-1_p08
253.035448766,255.051107431,2.015658666,Other,random,hydrogenation/dehydrogenation,2.015650074,RC2_0018_ICR-1_p08
321.170743631,323.186402297,2.015658666,Other,random,hydrogenation/dehydrogenation,2.015650074,RC2_0018_ICR-1_p08
347.040717161,349.056375827,2.015658666,Other,random,hydrogenation/dehydrogenation,2.015650074,RC2_0018_ICR-1_p08
349.129169417,351.144828083,2.015658666,Other,random,hydrogenation/dehydrogenation,2.015650074,RC2_0018_ICR-1_p08
565.257514098,567.273172763,2.015658666,Other,random,hydrogenation/dehydrogenation,2.015650074,RC2_0018_ICR-1_p08
685.250678359,687.266337025,2.015658666,Other,random,hydrogenation/dehydrogenation,2.015650074,RC2_0018_ICR-1_p08
481.171365926,483.187024591,2.015658666,Other,random,hydrogenation/dehydrogenation,2.015650074,RC2_0018_ICR-1_p08
325.056400782,327.072060447,2.015659666,Other,random,hydrogenation/dehydrogenation,2.015650074,RC2_0018_ICR-1_p08
373.129200462,375.144860127,2.015659666,Other,random,hydrogenation/dehydrogenation,2.015650074,RC2_0018_ICR-1_p08
397.178487229,399.194146895,2.015659666,Other,random,hydrogenation/dehydrogenation,2.015650074,RC2_0018_ICR-1_p08
415.106336419,417.121996084,2.015659666,Other,random,hydrogenation/dehydrogenation,2.015650074,RC2_0018_ICR-1_p08
559.254874851,561.270534517,2.015659666,Other,random,hydrogenation/dehydrogenation,2.015650074,RC2_0018_ICR-1_p08
253.071879561,255.087539226,2.015659666,Other,random,hydrogenation/dehydrogenation,2.015650074,RC2_0018_ICR-1_p08
318.098286908,320.113946574,2.015659666,Other,random,hydrogenation/dehydrogenation,2.015650074,RC2_0018_ICR-1_p08
323.069143956,325.084803622,2.015659666,Other,random,hydrogenation/dehydrogenation,2.015650074,RC2_0018_ICR-1_p08
349.087113654,351.102773319,2.015659666,Other,random,hydrogenation/dehydrogenation,2.015650074,RC2_0018_ICR-1_p08
503.119455509,505.135115174,2.015659666,Other,random,hydrogenation/dehydrogenation,2.015650074,RC2_0018_ICR-1_p08
271.061260404,273.076920070,2.015659666,Other,random,hydrogenation/dehydrogenation,2.015650074,RC2_0018_ICR-1_p08
539.205385592,541.221045258,2.015659666,Other,random,hydrogenation/dehydrogenation,2.015650074,RC2_0018_ICR-1_p08
453.116232684,455.155689215,2.039456532,Other,random,transamination (-O),2.039459000,RC2_0018_ICR-1_p08
729.253205927,731.292670459,2.039464532,Other,random,transamination (-O),2.039459000,RC2_0018_ICR-1_p08
249.076938025,251.128963486,2.052025461,Other,random,CH6O_1,2.052035000,RC2_0018_ICR-1_p08
435.129403826,437.181429287,2.052025461,Other,random,CH6O_1,2.052035000,RC2_0018_ICR-1_p08
337.020022509,339.072047970,2.052025461,Other,random,CH6O_1,2.052035000,RC2_0018_ICR-1_p08
469.135013608,471.187039069,2.052025461,Other,random,CH6O_1,2.052035000,RC2_0018_ICR-1_p08
515.155796827,517.207822288,2.052025461,Other,random,CH6O_1,2.052035000,RC2_0018_ICR-1_p08
557.057391208,559.109416669,2.052025461,Other,random,CH6O_1,2.052035000,RC2_0018_ICR-1_p08
431.170927085,433.222952546,2.052025461,Other,random,CH6O_1,2.052035000,RC2_0018_ICR-1_p08
625.141348363,627.193373824,2.052025461,Other,random,CH6O_1,2.052035000,RC2_0018_ICR-1_p08
287.077283344,289.129309805,2.052026461,Other,random,CH6O_1,2.052035000,RC2_0018_ICR-1_p08
385.092747189,387.144773650,2.052026461,Other,random,CH6O_1,2.052035000,RC2_0018_ICR-1_p08
533.057331164,535.109358625,2.052027461,Other,random,CH6O_1,2.052035000,RC2_0018_ICR-1_p08
403.030465323,405.082492784,2.052027461,Other,random,CH6O_1,2.052035000,RC2_0018_ICR-1_p08
353.116060998,355.168088460,2.052027461,Other,random,CH6O_1,2.052035000,RC2_0018_ICR-1_p08
499.254678241,501.306705702,2.052027461,Other,random,CH6O_1,2.052035000,RC2_0018_ICR-1_p08
529.220810737,531.272838198,2.052027461,Other,random,CH6O_1,2.052035000,RC2_0018_ICR-1_p08
543.099252697,545.151280158,2.052027461,Other,random,CH6O_1,2.052035000,RC2_0018_ICR-1_p08
336.036064042,338.088091503,2.052027461,Other,random,CH6O_1,2.052035000,RC2_0018_ICR-1_p08
373.113906548,375.165934009,2.052027461,Other,random,CH6O_1,2.052035000,RC2_0018_ICR-1_p08
399.129537258,401.181564719,2.052027461,Other,random,CH6O_1,2.052035000,RC2_0018_ICR-1_p08
517.093007933,519.145035394,2.052027461,Other,random,CH6O_1,2.052035000,RC2_0018_ICR-1_p08
273.076920070,275.128948531,2.052028461,Other,random,CH6O_1,2.052035000,RC2_0018_ICR-1_p08
285.061651678,287.113680139,2.052028461,Other,random,CH6O_1,2.052035000,RC2_0018_ICR-1_p08
365.064373811,367.116402273,2.052028461,Other,random,CH6O_1,2.052035000,RC2_0018_ICR-1_p08
369.064613317,371.116641779,2.052028461,Other,random,CH6O_1,2.052035000,RC2_0018_ICR-1_p08
471.041488887,473.093517349,2.052028461,Other,random,CH6O_1,2.052035000,RC2_0018_ICR-1_p08
487.118890482,489.170918943,2.052028461,Other,random,CH6O_1,2.052035000,RC2_0018_ICR-1_p08
389.051210930,391.103239391,2.052028461,Other,random,CH6O_1,2.052035000,RC2_0018_ICR-1_p08
317.051304796,319.103334257,2.052029461,Other,random,CH6O_1,2.052035000,RC2_0018_ICR-1_p08
319.118714170,321.170743631,2.052029461,Other,random,CH6O_1,2.052035000,RC2_0018_ICR-1_p08
357.097807608,359.149837070,2.052029461,Other,random,CH6O_1,2.052035000,RC2_0018_ICR-1_p08
421.142350477,423.194379938,2.052029461,Other,random,CH6O_1,2.052035000,RC2_0018_ICR-1_p08
449.158141940,451.210171402,2.052029461,Other,random,CH6O_1,2.052035000,RC2_0018_ICR-1_p08
465.116704203,467.168733664,2.052029461,Other,random,CH6O_1,2.052035000,RC2_0018_ICR-1_p08
473.121728190,475.173757651,2.052029461,Other,random,CH6O_1,2.052035000,RC2_0018_ICR-1_p08
541.135162741,543.187192202,2.052029461,Other,random,CH6O_1,2.052035000,RC2_0018_ICR-1_p08
559.218505056,561.270534517,2.052029461,Other,random,CH6O_1,2.052035000,RC2_0018_ICR-1_p08
625.104989567,627.157019028,2.052029461,Other,random,CH6O_1,2.052035000,RC2_0018_ICR-1_p08
443.111341942,445.163371404,2.052029461,Other,random,CH6O_1,2.052035000,RC2_0018_ICR-1_p08
395.025278337,397.077307798,2.052029461,Other,random,CH6O_1,2.052035000,RC2_0018_ICR-1_p08
333.061472768,335.113503229,2.052030461,Other,random,CH6O_1,2.052035000,RC2_0018_ICR-1_p08
351.136833128,353.188863589,2.052030461,Other,random,CH6O_1,2.052035000,RC2_0018_ICR-1_p08
379.116272796,381.168303257,2.052030461,Other,random,CH6O_1,2.052035000,RC2_0018_ICR-1_p08
461.085483871,463.137514333,2.052030461,Other,random,CH6O_1,2.052035000,RC2_0018_ICR-1_p08
497.072373512,499.124403973,2.052030461,Other,random,CH6O_1,2.052035000,RC2_0018_ICR-1_p08
673.177937246,675.229968707,2.052031461,Other,random,CH6O_1,2.052035000,RC2_0018_ICR-1_p08
335.077134434,337.129165895,2.052031461,Other,random,CH6O_1,2.052035000,RC2_0018_ICR-1_p08
385.040961480,387.092992941,2.052031461,Other,random,CH6O_1,2.052035000,RC2_0018_ICR-1_p08
459.123901902,461.175933363,2.052031461,Other,random,CH6O_1,2.052035000,RC2_0018_ICR-1_p08
461.158054463,463.210085924,2.052031461,Other,random,CH6O_1,2.052035000,RC2_0018_ICR-1_p08
529.098763423,531.150794884,2.052031461,Other,random,CH6O_1,2.052035000,RC2_0018_ICR-1_p08
547.072917352,549.124948813,2.052031461,Other,random,CH6O_1,2.052035000,RC2_0018_ICR-1_p08
547.195239664,549.247271125,2.052031461,Other,random,CH6O_1,2.052035000,RC2_0018_ICR-1_p08
263.092574213,265.144605674,2.052031461,Other,random,CH6O_1,2.052035000,RC2_0018_ICR-1_p08
279.051098476,281.103129937,2.052031461,Other,random,CH6O_1,2.052035000,RC2_0018_ICR-1_p08
341.014982044,343.067013506,2.052031461,Other,random,CH6O_1,2.052035000,RC2_0018_ICR-1_p08
387.084980986,389.137012448,2.052031461,Other,random,CH6O_1,2.052035000,RC2_0018_ICR-1_p08
565.221141302,567.273172763,2.052031461,Other,random,CH6O_1,2.052035000,RC2_0018_ICR-1_p08
521.106785363,523.158817824,2.052032461,Other,random,CH6O_1,2.052035000,RC2_0018_ICR-1_p08
313.092795055,315.144827516,2.052032461,Other,random,CH6O_1,2.052035000,RC2_0018_ICR-1_p08
329.124132908,331.176165369,2.052032461,Other,random,CH6O_1,2.052035000,RC2_0018_ICR-1_p08
391.225513704,393.277546165,2.052032461,Other,random,CH6O_1,2.052035000,RC2_0018_ICR-1_p08
443.064906204,445.116938665,2.052032461,Other,random,CH6O_1,2.052035000,RC2_0018_ICR-1_p08
473.085447394,475.137479855,2.052032461,Other,random,CH6O_1,2.052035000,RC2_0018_ICR-1_p08
549.124948813,551.176981274,2.052032461,Other,random,CH6O_1,2.052035000,RC2_0018_ICR-1_p08
585.138088306,587.190120768,2.052032461,Other,random,CH6O_1,2.052035000,RC2_0018_ICR-1_p08
447.106109479,449.158141940,2.052032461,Other,random,CH6O_1,2.052035000,RC2_0018_ICR-1_p08
465.095808321,467.147840782,2.052032461,Other,random,CH6O_1,2.052035000,RC2_0018_ICR-1_p08
561.138021262,563.190053723,2.052032461,Other,random,CH6O_1,2.052035000,RC2_0018_ICR-1_p08
237.076959502,239.128991963,2.052032461,Other,random,CH6O_1,2.052035000,RC2_0018_ICR-1_p08
290.030728736,292.082762197,2.052033461,Other,random,CH6O_1,2.052035000,RC2_0018_ICR-1_p08
363.035617219,365.087650681,2.052033461,Other,random,CH6O_1,2.052035000,RC2_0018_ICR-1_p08
548.104749550,550.156783011,2.052033461,Other,random,CH6O_1,2.052035000,RC2_0018_ICR-1_p08
605.078715178,607.130748639,2.052033461,Other,random,CH6O_1,2.052035000,RC2_0018_ICR-1_p08
264.051484821,266.103518282,2.052033461,Other,random,CH6O_1,2.052035000,RC2_0018_ICR-1_p08
406.041398392,408.093431853,2.052033461,Other,random,CH6O_1,2.052035000,RC2_0018_ICR-1_p08
473.036038672,475.088072133,2.052033461,Other,random,CH6O_1,2.052035000,RC2_0018_ICR-1_p08
483.129512915,485.181546376,2.052033461,Other,random,CH6O_1,2.052035000,RC2_0018_ICR-1_p08
507.142713885,509.194747346,2.052033461,Other,random,CH6O_1,2.052035000,RC2_0018_ICR-1_p08
417.022781642,419.074816103,2.052034461,Other,random,CH6O_1,2.052035000,RC2_0018_ICR-1_p08
479.119331465,481.171365926,2.052034461,Other,random,CH6O_1,2.052035000,RC2_0018_ICR-1_p08
305.030254392,307.082288853,2.052034461,Other,random,CH6O_1,2.052035000,RC2_0018_ICR-1_p08
313.071773173,315.123807634,2.052034461,Other,random,CH6O_1,2.052035000,RC2_0018_ICR-1_p08
571.130568073,573.182602534,2.052034461,Other,random,CH6O_1,2.052035000,RC2_0018_ICR-1_p08
631.167086479,633.219121940,2.052035461,Other,random,CH6O_1,2.052035000,RC2_0018_ICR-1_p08
513.140135161,515.192170622,2.052035461,Other,random,CH6O_1,2.052035000,RC2_0018_ICR-1_p08
543.150804407,545.202839868,2.052035461,Other,random,CH6O_1,2.052035000,RC2_0018_ICR-1_p08
566.188138865,568.240174326,2.052035461,Other,random,CH6O_1,2.052035000,RC2_0018_ICR-1_p08
635.234939605,637.286975066,2.052035461,Other,random,CH6O_1,2.052035000,RC2_0018_ICR-1_p08
441.131933073,443.183969534,2.052036461,Other,random,CH6O_1,2.052035000,RC2_0018_ICR-1_p08
277.071783606,279.123820067,2.052036461,Other,random,CH6O_1,2.052035000,RC2_0018_ICR-1_p08
287.040877548,289.092914009,2.052036461,Other,random,CH6O_1,2.052035000,RC2_0018_ICR-1_p08
315.072151925,317.124188386,2.052036461,Other,random,CH6O_1,2.052035000,RC2_0018_ICR-1_p08
345.055881322,347.107917783,2.052036461,Other,random,CH6O_1,2.052035000,RC2_0018_ICR-1_p08
433.113898159,435.165934621,2.052036461,Other,random,CH6O_1,2.052035000,RC2_0018_ICR-1_p08
443.074762148,445.126798609,2.052036461,Other,random,CH6O_1,2.052035000,RC2_0018_ICR-1_p08
491.205161504,493.257197965,2.052036461,Other,random,CH6O_1,2.052035000,RC2_0018_ICR-1_p08
555.150979928,557.203016389,2.052036461,Other,random,CH6O_1,2.052035000,RC2_0018_ICR-1_p08
435.106045957,437.158083418,2.052037461,Other,random,CH6O_1,2.052035000,RC2_0018_ICR-1_p08
553.156403144,555.208440605,2.052037461,Other,random,CH6O_1,2.052035000,RC2_0018_ICR-1_p08
295.009621739,297.061659200,2.052037461,Other,random,CH6O_1,2.052035000,RC2_0018_ICR-1_p08
327.054279547,329.106317009,2.052037461,Other,random,CH6O_1,2.052035000,RC2_0018_ICR-1_p08
415.030477845,417.082515306,2.052037461,Other,random,CH6O_1,2.052035000,RC2_0018_ICR-1_p08
391.139706186,393.191744647,2.052038461,Other,random,CH6O_1,2.052035000,RC2_0018_ICR-1_p08
413.145006447,415.197044908,2.052038461,Other,random,CH6O_1,2.052035000,RC2_0018_ICR-1_p08
322.020362854,324.072401315,2.052038461,Other,random,CH6O_1,2.052035000,RC2_0018_ICR-1_p08
503.096080640,505.148119101,2.052038461,Other,random,CH6O_1,2.052035000,RC2_0018_ICR-1_p08
519.078013771,521.130053232,2.052039461,Other,random,CH6O_1,2.052035000,RC2_0018_ICR-1_p08
521.202691824,523.254731285,2.052039461,Other,random,CH6O_1,2.052035000,RC2_0018_ICR-1_p08
281.030325346,283.082364808,2.052039461,Other,random,CH6O_1,2.052035000,RC2_0018_ICR-1_p08
313.020112463,315.072151925,2.052039461,Other,random,CH6O_1,2.052035000,RC2_0018_ICR-1_p08
345.110884013,347.162923474,2.052039461,Other,random,CH6O_1,2.052035000,RC2_0018_ICR-1_p08
443.119421897,445.171461358,2.052039461,Other,random,CH6O_1,2.052035000,RC2_0018_ICR-1_p08
477.140065594,479.192105055,2.052039461,Other,random,CH6O_1,2.052035000,RC2_0018_ICR-1_p08
509.166284506,511.218323967,2.052039461,Other,random,CH6O_1,2.052035000,RC2_0018_ICR-1_p08
413.124008565,415.176048027,2.052039461,Other,random,CH6O_1,2.052035000,RC2_0018_ICR-1_p08
701.136473031,703.188512493,2.052039461,Other,random,CH6O_1,2.052035000,RC2_0018_ICR-1_p08
401.123941043,403.175981505,2.052040461,Other,random,CH6O_1,2.052035000,RC2_0018_ICR-1_p08
455.074861670,457.126902131,2.052040461,Other,random,CH6O_1,2.052035000,RC2_0018_ICR-1_p08
373.033090002,375.085130463,2.052040461,Other,random,CH6O_1,2.052035000,RC2_0018_ICR-1_p08
403.116300840,405.168341301,2.052040461,Other,random,CH6O_1,2.052035000,RC2_0018_ICR-1_p08
415.066942640,417.118983101,2.052040461,Other,random,CH6O_1,2.052035000,RC2_0018_ICR-1_p08
543.187192202,545.239232663,2.052040461,Other,random,CH6O_1,2.052035000,RC2_0018_ICR-1_p08
587.104447249,589.156487710,2.052040461,Other,random,CH6O_1,2.052035000,RC2_0018_ICR-1_p08
683.126052307,685.178092768,2.052040461,Other,random,CH6O_1,2.052035000,RC2_0018_ICR-1_p08
459.056776279,461.108817740,2.052041461,Other,random,CH6O_1,2.052035000,RC2_0018_ICR-1_p08
485.072425989,487.124467451,2.052041461,Other,random,CH6O_1,2.052035000,RC2_0018_ICR-1_p08
523.072900308,525.124941769,2.052041461,Other,random,CH6O_1,2.052035000,RC2_0018_ICR-1_p08
378.082911606,380.134953067,2.052041461,Other,random,CH6O_1,2.052035000,RC2_0018_ICR-1_p08
491.191988578,493.244030039,2.052041461,Other,random,CH6O_1,2.052035000,RC2_0018_ICR-1_p08
295.082390330,297.134431791,2.052041461,Other,random,CH6O_1,2.052035000,RC2_0018_ICR-1_p08
335.126517156,337.178558617,2.052041461,Other,random,CH6O_1,2.052035000,RC2_0018_ICR-1_p08
401.087688247,403.139730708,2.052042461,Other,random,CH6O_1,2.052035000,RC2_0018_ICR-1_p08
401.108736129,403.160778590,2.052042461,Other,random,CH6O_1,2.052035000,RC2_0018_ICR-1_p08
421.113906637,423.165949098,2.052042461,Other,random,CH6O_1,2.052035000,RC2_0018_ICR-1_p08
427.088122043,429.140164504,2.052042461,Other,random,CH6O_1,2.052035000,RC2_0018_ICR-1_p08
491.168770709,493.220813170,2.052042461,Other,random,CH6O_1,2.052035000,RC2_0018_ICR-1_p08
545.093698482,547.145740943,2.052042461,Other,random,CH6O_1,2.052035000,RC2_0018_ICR-1_p08
245.066780574,247.118823036,2.052042461,Other,random,CH6O_1,2.052035000,RC2_0018_ICR-1_p08
445.098510768,447.150553229,2.052042461,Other,random,CH6O_1,2.052035000,RC2_0018_ICR-1_p08
425.181604764,427.233648225,2.052043461,Other,random,CH6O_1,2.052035000,RC2_0018_ICR-1_p08
487.082477687,489.134521148,2.052043461,Other,random,CH6O_1,2.052035000,RC2_0018_ICR-1_p08
505.075442510,507.127485971,2.052043461,Other,random,CH6O_1,2.052035000,RC2_0018_ICR-1_p08
513.088487451,515.140530912,2.052043461,Other,random,CH6O_1,2.052035000,RC2_0018_ICR-1_p08
333.025090973,335.077134434,2.052043461,Other,random,CH6O_1,2.052035000,RC2_0018_ICR-1_p08
459.129424871,461.181469332,2.052044461,Other,random,CH6O_1,2.052035000,RC2_0018_ICR-1_p08
463.087972611,465.140017072,2.052044461,Other,random,CH6O_1,2.052035000,RC2_0018_ICR-1_p08
705.167649364,707.219693825,2.052044461,Other,random,CH6O_1,2.052035000,RC2_0018_ICR-1_p08
251.092540691,253.144585152,2.052044461,Other,random,CH6O_1,2.052035000,RC2_0018_ICR-1_p08
301.056502737,303.108547198,2.052044461,Other,random,CH6O_1,2.052035000,RC2_0018_ICR-1_p08
320.041097984,322.093142445,2.052044461,Other,random,CH6O_1,2.052035000,RC2_0018_ICR-1_p08
339.100309811,341.152354272,2.052044461,Other,random,CH6O_1,2.052035000,RC2_0018_ICR-1_p08
489.097965353,492.050014754,2.952049400,Other,random,H_3N_3O3,2.952048000,RC2_0018_ICR-1_p08
423.123916335,426.117047504,2.993131169,Other,random,C_1H1N1O_2S1,2.993141000,RC2_0018_ICR-1_p08
421.071940873,424.065078042,2.993137169,Other,random,C_1H1N1O_2S1,2.993141000,RC2_0018_ICR-1_p08
413.118363597,416.111508766,2.993145169,Other,random,C_1H1N1O_2S1,2.993141000,RC2_0018_ICR-1_p08
367.134061173,370.127211342,2.993150169,Other,random,C_1H1N1O_2S1,2.993141000,RC2_0018_ICR-1_p08
306.025548795,309.025204927,2.999656133,Other,random,H1O1N_1,2.999666000,RC2_0018_ICR-1_p08
364.116746140,367.116402273,2.999656133,Other,random,H1O1N_1,2.999666000,RC2_0018_ICR-1_p08
558.125261203,561.124918336,2.999657133,Other,random,H1O1N_1,2.999666000,RC2_0018_ICR-1_p08
252.051450299,255.051107431,2.999657133,Other,random,H1O1N_1,2.999666000,RC2_0018_ICR-1_p08
324.072401315,327.072060447,2.999659133,Other,random,H1O1N_1,2.999666000,RC2_0018_ICR-1_p08
392.092965826,395.092624958,2.999659133,Other,random,H1O1N_1,2.999666000,RC2_0018_ICR-1_p08
390.132444850,393.132103983,2.999659133,Other,random,H1O1N_1,2.999666000,RC2_0018_ICR-1_p08
281.077998078,284.077658211,2.999660132,Other,random,H1O1N_1,2.999666000,RC2_0018_ICR-1_p08
286.093252877,289.092914009,2.999661132,Other,random,H1O1N_1,2.999666000,RC2_0018_ICR-1_p08
435.093034031,438.092695163,2.999661132,Other,random,H1O1N_1,2.999666000,RC2_0018_ICR-1_p08
358.069671144,361.069333276,2.999662132,Other,random,H1O1N_1,2.999666000,RC2_0018_ICR-1_p08
380.147819995,383.147482128,2.999662132,Other,random,H1O1N_1,2.999666000,RC2_0018_ICR-1_p08
328.067354851,331.067017983,2.999663132,Other,random,H1O1N_1,2.999666000,RC2_0018_ICR-1_p08
498.067705915,501.067369048,2.999663132,Other,random,H1O1N_1,2.999666000,RC2_0018_ICR-1_p08
680.256320443,683.255983576,2.999663132,Other,random,H1O1N_1,2.999666000,RC2_0018_ICR-1_p08
337.104026036,340.103690169,2.999664132,Other,random,H1O1N_1,2.999666000,RC2_0018_ICR-1_p08
478.171700793,481.171365926,2.999665132,Other,random,H1O1N_1,2.999666000,RC2_0018_ICR-1_p08
336.158224355,339.157891487,2.999667132,Other,random,H1O1N_1,2.999666000,RC2_0018_ICR-1_p08
480.114630868,483.114298000,2.999667132,Other,random,H1O1N_1,2.999666000,RC2_0018_ICR-1_p08
482.057540943,485.057208075,2.999667132,Other,random,H1O1N_1,2.999666000,RC2_0018_ICR-1_p08
374.100948997,377.100616130,2.999667132,Other,random,H1O1N_1,2.999666000,RC2_0018_ICR-1_p08
532.073097698,535.072765831,2.999668132,Other,random,H1O1N_1,2.999666000,RC2_0018_ICR-1_p08
320.041097984,323.040768116,2.999670132,Other,random,H1O1N_1,2.999666000,RC2_0018_ICR-1_p08
420.057181579,423.056851712,2.999670132,Other,random,H1O1N_1,2.999666000,RC2_0018_ICR-1_p08
550.120288216,553.119958349,2.999670132,Other,random,H1O1N_1,2.999666000,RC2_0018_ICR-1_p08
418.114236505,421.113906637,2.999670132,Other,random,H1O1N_1,2.999666000,RC2_0018_ICR-1_p08
448.051934161,451.051605293,2.999671132,Other,random,H1O1N_1,2.999666000,RC2_0018_ICR-1_p08
450.189777139,453.189450272,2.999673132,Other,random,H1O1N_1,2.999666000,RC2_0018_ICR-1_p08
318.061848113,321.061522246,2.999674132,Other,random,H1O1N_1,2.999666000,RC2_0018_ICR-1_p08
452.083256492,455.082930625,2.999674132,Other,random,H1O1N_1,2.999666000,RC2_0018_ICR-1_p08
550.193123807,553.192797939,2.999674132,Other,random,H1O1N_1,2.999666000,RC2_0018_ICR-1_p08
389.075558793,392.075233926,2.999675132,Other,random,H1O1N_1,2.999666000,RC2_0018_ICR-1_p08
305.066657187,308.113932052,3.047274865,Other,random,H5O_1N1,3.047284000,RC2_0018_ICR-1_p08
333.025090973,336.072365837,3.047274865,Other,random,H5O_1N1,3.047284000,RC2_0018_ICR-1_p08
389.064304856,392.111580721,3.047275865,Other,random,H5O_1N1,3.047284000,RC2_0018_ICR-1_p08
303.014678725,306.061955590,3.047276865,Other,random,H5O_1N1,3.047284000,RC2_0018_ICR-1_p08
597.146229783,600.193508648,3.047278865,Other,random,H5O_1N1,3.047284000,RC2_0018_ICR-1_p08
306.025548795,309.072827660,3.047278865,Other,random,H5O_1N1,3.047284000,RC2_0018_ICR-1_p08
331.045794103,334.093073967,3.047279865,Other,random,H5O_1N1,3.047284000,RC2_0018_ICR-1_p08
563.213471592,566.260751456,3.047279865,Other,random,H5O_1N1,3.047284000,RC2_0018_ICR-1_p08
337.020022509,340.067302373,3.047279865,Other,random,H5O_1N1,3.047284000,RC2_0018_ICR-1_p08
443.098265016,446.145545881,3.047280865,Other,random,H5O_1N1,3.047284000,RC2_0018_ICR-1_p08
519.041645976,522.088926841,3.047280865,Other,random,H5O_1N1,3.047284000,RC2_0018_ICR-1_p08
287.077283344,290.124565208,3.047281865,Other,random,H5O_1N1,3.047284000,RC2_0018_ICR-1_p08
461.072426945,464.119708810,3.047281865,Other,random,H5O_1N1,3.047284000,RC2_0018_ICR-1_p08
521.093523438,524.140806303,3.047282865,Other,random,H5O_1N1,3.047284000,RC2_0018_ICR-1_p08
293.030335869,296.077618733,3.047282865,Other,random,H5O_1N1,3.047284000,RC2_0018_ICR-1_p08
276.051290344,279.098573209,3.047282865,Other,random,H5O_1N1,3.047284000,RC2_0018_ICR-1_p08
333.061472768,336.108756633,3.047283865,Other,random,H5O_1N1,3.047284000,RC2_0018_ICR-1_p08
343.058958551,346.106242416,3.047283865,Other,random,H5O_1N1,3.047284000,RC2_0018_ICR-1_p08
389.100655652,392.147940517,3.047284865,Other,random,H5O_1N1,3.047284000,RC2_0018_ICR-1_p08
585.052219789,588.099506654,3.047286865,Other,random,H5O_1N1,3.047284000,RC2_0018_ICR-1_p08
319.067003461,322.114291326,3.047287865,Other,random,H5O_1N1,3.047284000,RC2_0018_ICR-1_p08
302.030747258,305.078038123,3.047290865,Other,random,H5O_1N1,3.047284000,RC2_0018_ICR-1_p08
303.072170402,306.119462267,3.047291865,Other,random,H5O_1N1,3.047284000,RC2_0018_ICR-1_p08
315.050994044,318.098286908,3.047292865,Other,random,H5O_1N1,3.047284000,RC2_0018_ICR-1_p08
347.090232882,350.137525747,3.047292865,Other,random,H5O_1N1,3.047284000,RC2_0018_ICR-1_p08
297.025272405,300.072566269,3.047293865,Other,random,H5O_1N1,3.047284000,RC2_0018_ICR-1_p08
415.066942640,418.114236505,3.047293865,Other,random,H5O_1N1,3.047284000,RC2_0018_ICR-1_p08
261.040570752,265.035476288,3.994905536,Other,random,C_1O1,3.994915000,RC2_0018_ICR-1_p08
273.040585274,277.035490810,3.994905536,Other,random,C_1O1,3.994915000,RC2_0018_ICR-1_p08
285.076925592,289.071831128,3.994905536,Other,random,C_1O1,3.994915000,RC2_0018_ICR-1_p08
299.150018457,303.144923993,3.994905536,Other,random,C_1O1,3.994915000,RC2_0018_ICR-1_p08
623.198468288,627.193373824,3.994905536,Other,random,C_1O1,3.994915000,RC2_0018_ICR-1_p08
625.242172796,629.237078332,3.994905536,Other,random,C_1O1,3.994915000,RC2_0018_ICR-1_p08
332.113851097,336.108756633,3.994905536,Other,random,C_1O1,3.994915000,RC2_0018_ICR-1_p08
518.094021304,522.088926841,3.994905536,Other,random,C_1O1,3.994915000,RC2_0018_ICR-1_p08
287.092600257,291.087506794,3.994906536,Other,random,C_1O1,3.994915000,RC2_0018_ICR-1_p08
379.175962460,383.170868996,3.994906536,Other,random,C_1O1,3.994915000,RC2_0018_ICR-1_p08
393.155263852,397.150170389,3.994906536,Other,random,C_1O1,3.994915000,RC2_0018_ICR-1_p08
405.191569171,409.186475707,3.994906536,Other,random,C_1O1,3.994915000,RC2_0018_ICR-1_p08
444.093525420,448.088431956,3.994906536,Other,random,C_1O1,3.994915000,RC2_0018_ICR-1_p08
315.123807634,319.118714170,3.994906536,Other,random,C_1O1,3.994915000,RC2_0018_ICR-1_p08
435.238717211,439.233623747,3.994906536,Other,random,C_1O1,3.994915000,RC2_0018_ICR-1_p08
503.205300026,507.200206562,3.994906536,Other,random,C_1O1,3.994915000,RC2_0018_ICR-1_p08
519.163910288,523.158817824,3.994907536,Other,random,C_1O1,3.994915000,RC2_0018_ICR-1_p08
561.088644540,565.083552076,3.994907536,Other,random,C_1O1,3.994915000,RC2_0018_ICR-1_p08
309.025204927,313.020112463,3.994907536,Other,random,C_1O1,3.994915000,RC2_0018_ICR-1_p08
323.186402297,327.181309833,3.994907536,Other,random,C_1O1,3.994915000,RC2_0018_ICR-1_p08
523.283240125,527.278147661,3.994907536,Other,random,C_1O1,3.994915000,RC2_0018_ICR-1_p08
571.304275096,575.299182632,3.994907536,Other,random,C_1O1,3.994915000,RC2_0018_ICR-1_p08
317.066613709,321.061522246,3.994908536,Other,random,C_1O1,3.994915000,RC2_0018_ICR-1_p08
432.057068102,436.051976638,3.994908536,Other,random,C_1O1,3.994915000,RC2_0018_ICR-1_p08
527.067851843,531.062760379,3.994908536,Other,random,C_1O1,3.994915000,RC2_0018_ICR-1_p08
653.209102534,657.204011070,3.994908536,Other,random,C_1O1,3.994915000,RC2_0018_ICR-1_p08
471.129589392,475.124497928,3.994908536,Other,random,C_1O1,3.994915000,RC2_0018_ICR-1_p08
497.035961717,501.030870253,3.994908536,Other,random,C_1O1,3.994915000,RC2_0018_ICR-1_p08
351.035673697,355.030582233,3.994908536,Other,random,C_1O1,3.994915000,RC2_0018_ICR-1_p08
373.092669667,377.087578203,3.994908536,Other,random,C_1O1,3.994915000,RC2_0018_ICR-1_p08
391.103239391,395.098147927,3.994908536,Other,random,C_1O1,3.994915000,RC2_0018_ICR-1_p08
485.158298507,489.153207043,3.994908536,Other,random,C_1O1,3.994915000,RC2_0018_ICR-1_p08
523.145683898,527.140592434,3.994908536,Other,random,C_1O1,3.994915000,RC2_0018_ICR-1_p08
593.187787042,597.182695578,3.994908536,Other,random,C_1O1,3.994915000,RC2_0018_ICR-1_p08
251.128963486,255.123872022,3.994908536,Other,random,C_1O1,3.994915000,RC2_0018_ICR-1_p08
591.200174218,595.195082755,3.994908536,Other,random,C_1O1,3.994915000,RC2_0018_ICR-1_p08
489.153207043,493.148116579,3.994909536,Other,random,C_1O1,3.994915000,RC2_0018_ICR-1_p08
490.099018724,494.093928260,3.994909536,Other,random,C_1O1,3.994915000,RC2_0018_ICR-1_p08
717.131399090,721.126308626,3.994909536,Other,random,C_1O1,3.994915000,RC2_0018_ICR-1_p08
309.061572723,313.056482259,3.994909536,Other,random,C_1O1,3.994915000,RC2_0018_ICR-1_p08
669.268726228,673.263635764,3.994909536,Other,random,C_1O1,3.994915000,RC2_0018_ICR-1_p08
331.082224898,335.077134434,3.994909536,Other,random,C_1O1,3.994915000,RC2_0018_ICR-1_p08
443.061709222,447.056618758,3.994909536,Other,random,C_1O1,3.994915000,RC2_0018_ICR-1_p08
457.126902131,461.121811667,3.994909536,Other,random,C_1O1,3.994915000,RC2_0018_ICR-1_p08
579.200368695,583.195278231,3.994909536,Other,random,C_1O1,3.994915000,RC2_0018_ICR-1_p08
428.127695198,432.122605734,3.994910536,Other,random,C_1O1,3.994915000,RC2_0018_ICR-1_p08
629.115078018,633.109988554,3.994910536,Other,random,C_1O1,3.994915000,RC2_0018_ICR-1_p08
337.056318305,341.051228841,3.994910536,Other,random,C_1O1,3.994915000,RC2_0018_ICR-1_p08
449.158141940,453.153052477,3.994910536,Other,random,C_1O1,3.994915000,RC2_0018_ICR-1_p08
485.176008407,489.170918943,3.994910536,Other,random,C_1O1,3.994915000,RC2_0018_ICR-1_p08
497.194532825,501.189443361,3.994910536,Other,random,C_1O1,3.994915000,RC2_0018_ICR-1_p08
497.231171619,501.226082155,3.994910536,Other,random,C_1O1,3.994915000,RC2_0018_ICR-1_p08
549.226122244,553.221032780,3.994910536,Other,random,C_1O1,3.994915000,RC2_0018_ICR-1_p08
371.107915828,375.102827364,3.994911536,Other,random,C_1O1,3.994915000,RC2_0018_ICR-1_p08
415.079904567,419.074816103,3.994911536,Other,random,C_1O1,3.994915000,RC2_0018_ICR-1_p08
497.275685369,501.270596905,3.994911536,Other,random,C_1O1,3.994915000,RC2_0018_ICR-1_p08
518.166719896,522.161631432,3.994911536,Other,random,C_1O1,3.994915000,RC2_0018_ICR-1_p08
503.228586895,507.223498431,3.994911536,Other,random,C_1O1,3.994915000,RC2_0018_ICR-1_p08
351.100419333,355.095331869,3.994912536,Other,random,C_1O1,3.994915000,RC2_0018_ICR-1_p08
437.108794696,441.103707232,3.994912536,Other,random,C_1O1,3.994915000,RC2_0018_ICR-1_p08
669.232364433,673.227276969,3.994912536,Other,random,C_1O1,3.994915000,RC2_0018_ICR-1_p08
549.234280199,553.229192735,3.994912536,Other,random,C_1O1,3.994915000,RC2_0018_ICR-1_p08
295.046006534,299.040919070,3.994912536,Other,random,C_1O1,3.994915000,RC2_0018_ICR-1_p08
275.019802144,279.014714681,3.994912536,Other,random,C_1O1,3.994915000,RC2_0018_ICR-1_p08
299.056124985,303.051037521,3.994912536,Other,random,C_1O1,3.994915000,RC2_0018_ICR-1_p08
355.103325824,359.098238360,3.994912536,Other,random,C_1O1,3.994915000,RC2_0018_ICR-1_p08
357.097807608,361.092720145,3.994912536,Other,random,C_1O1,3.994915000,RC2_0018_ICR-1_p08
373.159905289,377.154817825,3.994912536,Other,random,C_1O1,3.994915000,RC2_0018_ICR-1_p08
397.105796638,401.100709174,3.994912536,Other,random,C_1O1,3.994915000,RC2_0018_ICR-1_p08
469.163378448,473.158290984,3.994912536,Other,random,C_1O1,3.994915000,RC2_0018_ICR-1_p08
335.077134434,339.072047970,3.994913536,Other,random,C_1O1,3.994915000,RC2_0018_ICR-1_p08
343.103378301,347.098291837,3.994913536,Other,random,C_1O1,3.994915000,RC2_0018_ICR-1_p08
361.050712381,365.045625917,3.994913536,Other,random,C_1O1,3.994915000,RC2_0018_ICR-1_p08
405.204664097,409.199577633,3.994913536,Other,random,C_1O1,3.994915000,RC2_0018_ICR-1_p08
513.140135161,517.135048697,3.994913536,Other,random,C_1O1,3.994915000,RC2_0018_ICR-1_p08
541.221045258,545.215958794,3.994913536,Other,random,C_1O1,3.994915000,RC2_0018_ICR-1_p08
751.173470666,755.168384203,3.994913536,Other,random,C_1O1,3.994915000,RC2_0018_ICR-1_p08
487.082477687,491.077391223,3.994913536,Other,random,C_1O1,3.994915000,RC2_0018_ICR-1_p08
529.184523941,533.179438477,3.994914536,Other,random,C_1O1,3.994915000,RC2_0018_ICR-1_p08
429.046294032,433.041208568,3.994914536,Other,random,C_1O1,3.994915000,RC2_0018_ICR-1_p08
531.272838198,535.267752734,3.994914536,Other,random,C_1O1,3.994915000,RC2_0018_ICR-1_p08
463.087972611,467.082888147,3.994915536,Other,random,C_1O1,3.994915000,RC2_0018_ICR-1_p08
467.046573351,471.041488887,3.994915536,Other,random,C_1O1,3.994915000,RC2_0018_ICR-1_p08
278.067113009,282.062028545,3.994915536,Other,random,C_1O1,3.994915000,RC2_0018_ICR-1_p08
303.160133908,307.155049444,3.994915536,Other,random,C_1O1,3.994915000,RC2_0018_ICR-1_p08
305.066657187,309.061572723,3.994915536,Other,random,C_1O1,3.994915000,RC2_0018_ICR-1_p08
345.074575217,349.069490753,3.994915536,Other,random,C_1O1,3.994915000,RC2_0018_ICR-1_p08
363.157821532,367.152737068,3.994915536,Other,random,C_1O1,3.994915000,RC2_0018_ICR-1_p08
515.150119858,519.145035394,3.994915536,Other,random,C_1O1,3.994915000,RC2_0018_ICR-1_p08
643.203539796,647.198455332,3.994915536,Other,random,C_1O1,3.994915000,RC2_0018_ICR-1_p08
587.190120768,591.185037304,3.994916536,Other,random,C_1O1,3.994915000,RC2_0018_ICR-1_p08
387.084980986,391.079897522,3.994916536,Other,random,C_1O1,3.994915000,RC2_0018_ICR-1_p08
447.215254866,451.210171402,3.994916536,Other,random,C_1O1,3.994915000,RC2_0018_ICR-1_p08
391.225513704,395.220430240,3.994916536,Other,random,C_1O1,3.994915000,RC2_0018_ICR-1_p08
327.063989493,331.058906029,3.994916536,Other,random,C_1O1,3.994915000,RC2_0018_ICR-1_p08
415.170481058,419.165397594,3.994916536,Other,random,C_1O1,3.994915000,RC2_0018_ICR-1_p08
303.087371317,307.082288853,3.994917536,Other,random,C_1O1,3.994915000,RC2_0018_ICR-1_p08
281.066734142,285.061651678,3.994917536,Other,random,C_1O1,3.994915000,RC2_0018_ICR-1_p08
399.092982464,403.087900000,3.994917536,Other,random,C_1O1,3.994915000,RC2_0018_ICR-1_p08
283.082364808,287.077283344,3.994918536,Other,random,C_1O1,3.994915000,RC2_0018_ICR-1_p08
346.093105489,350.088024025,3.994918536,Other,random,C_1O1,3.994915000,RC2_0018_ICR-1_p08
442.090909681,446.085828217,3.994918536,Other,random,C_1O1,3.994915000,RC2_0018_ICR-1_p08
453.140016550,457.134935086,3.994918536,Other,random,C_1O1,3.994915000,RC2_0018_ICR-1_p08
491.132533913,495.127452449,3.994918536,Other,random,C_1O1,3.994915000,RC2_0018_ICR-1_p08
539.068004365,543.062922901,3.994918536,Other,random,C_1O1,3.994915000,RC2_0018_ICR-1_p08
415.176048027,419.170967563,3.994919536,Other,random,C_1O1,3.994915000,RC2_0018_ICR-1_p08
513.207023785,517.201943321,3.994919536,Other,random,C_1O1,3.994915000,RC2_0018_ICR-1_p08
673.250660837,677.245580373,3.994919536,Other,random,C_1O1,3.994915000,RC2_0018_ICR-1_p08
235.024899041,239.019818577,3.994919536,Other,random,C_1O1,3.994915000,RC2_0018_ICR-1_p08
319.095298302,323.090217838,3.994919536,Other,random,C_1O1,3.994915000,RC2_0018_ICR-1_p08
479.192105055,483.187024591,3.994919536,Other,random,C_1O1,3.994915000,RC2_0018_ICR-1_p08
567.078007861,571.072927397,3.994919536,Other,random,C_1O1,3.994915000,RC2_0018_ICR-1_p08
353.152423794,357.147344330,3.994920536,Other,random,C_1O1,3.994915000,RC2_0018_ICR-1_p08
569.124574353,573.119494889,3.994920536,Other,random,C_1O1,3.994915000,RC2_0018_ICR-1_p08
501.170702467,505.165623003,3.994920536,Other,random,C_1O1,3.994915000,RC2_0018_ICR-1_p08
556.276640598,560.271561134,3.994920536,Other,random,C_1O1,3.994915000,RC2_0018_ICR-1_p08
559.195132187,563.190053723,3.994921536,Other,random,C_1O1,3.994915000,RC2_0018_ICR-1_p08
299.095860761,303.090782297,3.994921536,Other,random,C_1O1,3.994915000,RC2_0018_ICR-1_p08
325.056400782,329.051322318,3.994921536,Other,random,C_1O1,3.994915000,RC2_0018_ICR-1_p08
347.077144956,351.072066492,3.994921536,Other,random,C_1O1,3.994915000,RC2_0018_ICR-1_p08
395.061853131,399.056774667,3.994921536,Other,random,C_1O1,3.994915000,RC2_0018_ICR-1_p08
401.118398075,405.113319611,3.994921536,Other,random,C_1O1,3.994915000,RC2_0018_ICR-1_p08
285.134387269,289.129309805,3.994922536,Other,random,C_1O1,3.994915000,RC2_0018_ICR-1_p08
371.116641779,375.111564315,3.994922536,Other,random,C_1O1,3.994915000,RC2_0018_ICR-1_p08
601.265770618,605.260693154,3.994922536,Other,random,C_1O1,3.994915000,RC2_0018_ICR-1_p08
249.040526230,253.035448766,3.994922536,Other,random,C_1O1,3.994915000,RC2_0018_ICR-1_p08
387.194219372,391.189141908,3.994922536,Other,random,C_1O1,3.994915000,RC2_0018_ICR-1_p08
411.129514781,415.124437317,3.994922536,Other,random,C_1O1,3.994915000,RC2_0018_ICR-1_p08
455.128979366,459.123901902,3.994922536,Other,random,C_1O1,3.994915000,RC2_0018_ICR-1_p08
669.110009121,673.104932657,3.994923536,Other,random,C_1O1,3.994915000,RC2_0018_ICR-1_p08
527.140592434,531.135515970,3.994923536,Other,random,C_1O1,3.994915000,RC2_0018_ICR-1_p08
603.172138898,607.167062434,3.994923536,Other,random,C_1O1,3.994915000,RC2_0018_ICR-1_p08
294.061944068,298.056867604,3.994923536,Other,random,C_1O1,3.994915000,RC2_0018_ICR-1_p08
317.139331301,321.134254837,3.994923536,Other,random,C_1O1,3.994915000,RC2_0018_ICR-1_p08
425.173619809,429.168543345,3.994923536,Other,random,C_1O1,3.994915000,RC2_0018_ICR-1_p08
473.181647853,477.176571389,3.994923536,Other,random,C_1O1,3.994915000,RC2_0018_ICR-1_p08
365.124004476,369.118928012,3.994923536,Other,random,C_1O1,3.994915000,RC2_0018_ICR-1_p08
365.160373272,369.155296808,3.994923536,Other,random,C_1O1,3.994915000,RC2_0018_ICR-1_p08
417.118983101,421.113906637,3.994923536,Other,random,C_1O1,3.994915000,RC2_0018_ICR-1_p08
473.036038672,477.030962208,3.994923536,Other,random,C_1O1,3.994915000,RC2_0018_ICR-1_p08
591.281122763,595.276046299,3.994923536,Other,random,C_1O1,3.994915000,RC2_0018_ICR-1_p08
299.092446781,303.087371317,3.994924536,Other,random,C_1O1,3.994915000,RC2_0018_ICR-1_p08
401.064379378,405.059303914,3.994924536,Other,random,C_1O1,3.994915000,RC2_0018_ICR-1_p08
443.155628693,447.150553229,3.994924536,Other,random,C_1O1,3.994915000,RC2_0018_ICR-1_p08
453.131977595,457.126902131,3.994924536,Other,random,C_1O1,3.994915000,RC2_0018_ICR-1_p08
485.072425989,489.067350525,3.994924536,Other,random,C_1O1,3.994915000,RC2_0018_ICR-1_p08
507.078018249,511.072942785,3.994924536,Other,random,C_1O1,3.994915000,RC2_0018_ICR-1_p08
339.108453765,343.103378301,3.994924536,Other,random,C_1O1,3.994915000,RC2_0018_ICR-1_p08
399.056774667,403.051699203,3.994924536,Other,random,C_1O1,3.994915000,RC2_0018_ICR-1_p08
611.198340766,615.193265302,3.994924536,Other,random,C_1O1,3.994915000,RC2_0018_ICR-1_p08
269.030407824,273.061698155,4.031290331,Other,random,H4,4.031300000,RC2_0018_ICR-1_p08
487.137480377,491.168770709,4.031290331,Other,random,H4,4.031300000,RC2_0018_ICR-1_p08
443.111341942,447.142632274,4.031290331,Other,random,H4,4.031300000,RC2_0018_ICR-1_p08
235.024899041,239.056189373,4.031290331,Other,random,H4,4.031300000,RC2_0018_ICR-1_p08
454.077780277,458.109070608,4.031290331,Other,random,H4,4.031300000,RC2_0018_ICR-1_p08
435.129403826,439.160695158,4.031291331,Other,random,H4,4.031300000,RC2_0018_ICR-1_p08
487.246801763,491.278093094,4.031291331,Other,random,H4,4.031300000,RC2_0018_ICR-1_p08
513.140135161,517.171426492,4.031291331,Other,random,H4,4.031300000,RC2_0018_ICR-1_p08
516.078316639,520.109607971,4.031291331,Other,random,H4,4.031300000,RC2_0018_ICR-1_p08
337.121062940,341.152354272,4.031291331,Other,random,H4,4.031300000,RC2_0018_ICR-1_p08
442.090909681,446.122201012,4.031291331,Other,random,H4,4.031300000,RC2_0018_ICR-1_p08
417.095571233,421.126862564,4.031291331,Other,random,H4,4.031300000,RC2_0018_ICR-1_p08
323.040768116,327.072060447,4.031292331,Other,random,H4,4.031300000,RC2_0018_ICR-1_p08
323.090217838,327.121510169,4.031292331,Other,random,H4,4.031300000,RC2_0018_ICR-1_p08
365.124004476,369.155296808,4.031292331,Other,random,H4,4.031300000,RC2_0018_ICR-1_p08
399.157730100,403.189022431,4.031292331,Other,random,H4,4.031300000,RC2_0018_ICR-1_p08
361.019884554,365.051176886,4.031292331,Other,random,H4,4.031300000,RC2_0018_ICR-1_p08
546.125489680,550.156783011,4.031293331,Other,random,H4,4.031300000,RC2_0018_ICR-1_p08
621.146460826,625.177754158,4.031293331,Other,random,H4,4.031300000,RC2_0018_ICR-1_p08
669.110009121,673.141302452,4.031293331,Other,random,H4,4.031300000,RC2_0018_ICR-1_p08
389.160451316,393.191744647,4.031293331,Other,random,H4,4.031300000,RC2_0018_ICR-1_p08
433.108338191,437.139631522,4.031293331,Other,random,H4,4.031300000,RC2_0018_ICR-1_p08
449.072270423,453.103563755,4.031293331,Other,random,H4,4.031300000,RC2_0018_ICR-1_p08
401.100709174,405.132003506,4.031294331,Other,random,H4,4.031300000,RC2_0018_ICR-1_p08
371.053836132,375.085130463,4.031294331,Other,random,H4,4.031300000,RC2_0018_ICR-1_p08
241.035486243,245.066780574,4.031294331,Other,random,H4,4.031300000,RC2_0018_ICR-1_p08
313.056482259,317.087776590,4.031294331,Other,random,H4,4.031300000,RC2_0018_ICR-1_p08
369.025124540,373.056418871,4.031294331,Other,random,H4,4.031300000,RC2_0018_ICR-1_p08
387.194219372,391.225513704,4.031294331,Other,random,H4,4.031300000,RC2_0018_ICR-1_p08
443.134601812,447.165896143,4.031294331,Other,random,H4,4.031300000,RC2_0018_ICR-1_p08
455.082930625,459.114224956,4.031294331,Other,random,H4,4.031300000,RC2_0018_ICR-1_p08
318.061848113,322.093142445,4.031294331,Other,random,H4,4.031300000,RC2_0018_ICR-1_p08
633.182723145,637.214018476,4.031295331,Other,random,H4,4.031300000,RC2_0018_ICR-1_p08
667.224948721,671.256244052,4.031295331,Other,random,H4,4.031300000,RC2_0018_ICR-1_p08
381.191735125,385.223030456,4.031295331,Other,random,H4,4.031300000,RC2_0018_ICR-1_p08
419.165397594,423.196692925,4.031295331,Other,random,H4,4.031300000,RC2_0018_ICR-1_p08
594.146511651,598.177806982,4.031295331,Other,random,H4,4.031300000,RC2_0018_ICR-1_p08
237.076959502,241.108254834,4.031295331,Other,random,H4,4.031300000,RC2_0018_ICR-1_p08
546.052493090,550.083789422,4.031296331,Other,random,H4,4.031300000,RC2_0018_ICR-1_p08
423.093122508,427.124418839,4.031296331,Other,random,H4,4.031300000,RC2_0018_ICR-1_p08
537.225979723,541.257276054,4.031296331,Other,random,H4,4.031300000,RC2_0018_ICR-1_p08
733.235707533,737.267003864,4.031296331,Other,random,H4,4.031300000,RC2_0018_ICR-1_p08
622.141701230,626.172997561,4.031296331,Other,random,H4,4.031300000,RC2_0018_ICR-1_p08
275.019802144,279.051098476,4.031296331,Other,random,H4,4.031300000,RC2_0018_ICR-1_p08
276.051290344,280.082586676,4.031296331,Other,random,H4,4.031300000,RC2_0018_ICR-1_p08
355.139784619,359.171080950,4.031296331,Other,random,H4,4.031300000,RC2_0018_ICR-1_p08
555.163835856,559.195132187,4.031296331,Other,random,H4,4.031300000,RC2_0018_ICR-1_p08
295.009621739,299.040919070,4.031297331,Other,random,H4,4.031300000,RC2_0018_ICR-1_p08
433.054128496,437.085425827,4.031297331,Other,random,H4,4.031300000,RC2_0018_ICR-1_p08
501.088616928,505.119914260,4.031297331,Other,random,H4,4.031300000,RC2_0018_ICR-1_p08
425.072339378,429.103636710,4.031297331,Other,random,H4,4.031300000,RC2_0018_ICR-1_p08
503.192201099,507.223498431,4.031297331,Other,random,H4,4.031300000,RC2_0018_ICR-1_p08
369.118928012,373.150226344,4.031298331,Other,random,H4,4.031300000,RC2_0018_ICR-1_p08
450.075757781,454.107056112,4.031298331,Other,random,H4,4.031300000,RC2_0018_ICR-1_p08
285.098011473,289.129309805,4.031298331,Other,random,H4,4.031300000,RC2_0018_ICR-1_p08
437.173479332,441.204777663,4.031298331,Other,random,H4,4.031300000,RC2_0018_ICR-1_p08
287.019806667,291.051104998,4.031298331,Other,random,H4,4.031300000,RC2_0018_ICR-1_p08
419.061824176,423.093122508,4.031298331,Other,random,H4,4.031300000,RC2_0018_ICR-1_p08
567.200309173,571.231607504,4.031298331,Other,random,H4,4.031300000,RC2_0018_ICR-1_p08
689.099735716,693.131034047,4.031298331,Other,random,H4,4.031300000,RC2_0018_ICR-1_p08
357.038033945,361.069333276,4.031299331,Other,random,H4,4.031300000,RC2_0018_ICR-1_p08
589.156487710,593.187787042,4.031299331,Other,random,H4,4.031300000,RC2_0018_ICR-1_p08
509.239208096,513.270507428,4.031299331,Other,random,H4,4.031300000,RC2_0018_ICR-1_p08
303.123750112,307.155049444,4.031299331,Other,random,H4,4.031300000,RC2_0018_ICR-1_p08
319.058918506,323.090217838,4.031299331,Other,random,H4,4.031300000,RC2_0018_ICR-1_p08
345.147382807,349.178682139,4.031299331,Other,random,H4,4.031300000,RC2_0018_ICR-1_p08
397.113852593,401.145151924,4.031299331,Other,random,H4,4.031300000,RC2_0018_ICR-1_p08
615.099217831,619.130517162,4.031299331,Other,random,H4,4.031300000,RC2_0018_ICR-1_p08
292.046318402,296.077618733,4.031300331,Other,random,H4,4.031300000,RC2_0018_ICR-1_p08
311.149929980,315.181230311,4.031300331,Other,random,H4,4.031300000,RC2_0018_ICR-1_p08
327.144865038,331.176165369,4.031300331,Other,random,H4,4.031300000,RC2_0018_ICR-1_p08
363.108321811,367.139622142,4.031300331,Other,random,H4,4.031300000,RC2_0018_ICR-1_p08
477.140065594,481.171365926,4.031300331,Other,random,H4,4.031300000,RC2_0018_ICR-1_p08
255.051107431,259.082407763,4.031300331,Other,random,H4,4.031300000,RC2_0018_ICR-1_p08
310.093259922,314.124560253,4.031300331,Other,random,H4,4.031300000,RC2_0018_ICR-1_p08
437.145089492,441.176390823,4.031301331,Other,random,H4,4.031300000,RC2_0018_ICR-1_p08
681.167788318,685.199089650,4.031301331,Other,random,H4,4.031300000,RC2_0018_ICR-1_p08
399.121472304,403.152773635,4.031301331,Other,random,H4,4.031300000,RC2_0018_ICR-1_p08
471.114236478,475.145537810,4.031301331,Other,random,H4,4.031300000,RC2_0018_ICR-1_p08
409.113705116,413.145006447,4.031301331,Other,random,H4,4.031300000,RC2_0018_ICR-1_p08
451.189162520,455.220463851,4.031301331,Other,random,H4,4.031300000,RC2_0018_ICR-1_p08
483.123809947,487.155111278,4.031301331,Other,random,H4,4.031300000,RC2_0018_ICR-1_p08
571.130568073,575.161870404,4.031302331,Other,random,H4,4.031300000,RC2_0018_ICR-1_p08
363.121434737,367.152737068,4.031302331,Other,random,H4,4.031300000,RC2_0018_ICR-1_p08
613.105210043,617.136512375,4.031302331,Other,random,H4,4.031300000,RC2_0018_ICR-1_p08
275.092516736,279.123820067,4.031303331,Other,random,H4,4.031300000,RC2_0018_ICR-1_p08
299.092446781,303.123750112,4.031303331,Other,random,H4,4.031300000,RC2_0018_ICR-1_p08
320.041097984,324.072401315,4.031303331,Other,random,H4,4.031300000,RC2_0018_ICR-1_p08
323.077086912,327.108390243,4.031303331,Other,random,H4,4.031300000,RC2_0018_ICR-1_p08
331.095213825,335.126517156,4.031303331,Other,random,H4,4.031300000,RC2_0018_ICR-1_p08
439.160695158,443.191998489,4.031303331,Other,random,H4,4.031300000,RC2_0018_ICR-1_p08
518.174579852,522.205883183,4.031303331,Other,random,H4,4.031300000,RC2_0018_ICR-1_p08
594.110309854,598.141613186,4.031303331,Other,random,H4,4.031300000,RC2_0018_ICR-1_p08
675.193555912,679.224859243,4.031303331,Other,random,H4,4.031300000,RC2_0018_ICR-1_p08
731.256086665,735.287389996,4.031303331,Other,random,H4,4.031300000,RC2_0018_ICR-1_p08
252.051450299,256.082753630,4.031303331,Other,random,H4,4.031300000,RC2_0018_ICR-1_p08
373.095967649,377.127270980,4.031303331,Other,random,H4,4.031300000,RC2_0018_ICR-1_p08
306.061955590,310.093259922,4.031304331,Other,random,H4,4.031300000,RC2_0018_ICR-1_p08
361.129068940,365.160373272,4.031304331,Other,random,H4,4.031300000,RC2_0018_ICR-1_p08
545.239232663,549.270536995,4.031304331,Other,random,H4,4.031300000,RC2_0018_ICR-1_p08
559.072858875,563.104163206,4.031304331,Other,random,H4,4.031300000,RC2_0018_ICR-1_p08
513.088487451,517.119791783,4.031304331,Other,random,H4,4.031300000,RC2_0018_ICR-1_p08
833.251375131,837.282679462,4.031304331,Other,random,H4,4.031300000,RC2_0018_ICR-1_p08
327.123756157,331.155060488,4.031304331,Other,random,H4,4.031300000,RC2_0018_ICR-1_p08
509.202691302,513.233995633,4.031304331,Other,random,H4,4.031300000,RC2_0018_ICR-1_p08
253.071879561,257.103183892,4.031304331,Other,random,H4,4.031300000,RC2_0018_ICR-1_p08
727.224782333,731.256086665,4.031304331,Other,random,H4,4.031300000,RC2_0018_ICR-1_p08
403.116300840,407.147606172,4.031305331,Other,random,H4,4.031300000,RC2_0018_ICR-1_p08
413.124008565,417.155313897,4.031305331,Other,random,H4,4.031300000,RC2_0018_ICR-1_p08
441.168368868,445.199674200,4.031305331,Other,random,H4,4.031300000,RC2_0018_ICR-1_p08
443.165255639,447.196560971,4.031305331,Other,random,H4,4.031300000,RC2_0018_ICR-1_p08
481.135085130,485.166390461,4.031305331,Other,random,H4,4.031300000,RC2_0018_ICR-1_p08
551.205436114,555.236741446,4.031305331,Other,random,H4,4.031300000,RC2_0018_ICR-1_p08
273.076920070,277.108226401,4.031306331,Other,random,H4,4.031300000,RC2_0018_ICR-1_p08
308.041076461,312.072382793,4.031306331,Other,random,H4,4.031300000,RC2_0018_ICR-1_p08
533.166311551,537.197617882,4.031306331,Other,random,H4,4.031300000,RC2_0018_ICR-1_p08
253.035448766,257.066755097,4.031306331,Other,random,H4,4.031300000,RC2_0018_ICR-1_p08
441.059184482,445.090490813,4.031306331,Other,random,H4,4.031300000,RC2_0018_ICR-1_p08
459.142498797,463.173805128,4.031306331,Other,random,H4,4.031300000,RC2_0018_ICR-1_p08
245.045631693,249.076938025,4.031306331,Other,random,H4,4.031300000,RC2_0018_ICR-1_p08
285.076925592,289.108232923,4.031307331,Other,random,H4,4.031300000,RC2_0018_ICR-1_p08
341.087646636,345.118953967,4.031307331,Other,random,H4,4.031300000,RC2_0018_ICR-1_p08
431.165428116,435.196735447,4.031307331,Other,random,H4,4.031300000,RC2_0018_ICR-1_p08
371.134626678,375.165934009,4.031307331,Other,random,H4,4.031300000,RC2_0018_ICR-1_p08
389.087704725,393.119012056,4.031307331,Other,random,H4,4.031300000,RC2_0018_ICR-1_p08
543.272923720,547.304231051,4.031307331,Other,random,H4,4.031300000,RC2_0018_ICR-1_p08
329.066630232,333.097938563,4.031308331,Other,random,H4,4.031300000,RC2_0018_ICR-1_p08
429.077029859,433.108338191,4.031308331,Other,random,H4,4.031300000,RC2_0018_ICR-1_p08
432.129950692,436.161259024,4.031308331,Other,random,H4,4.031300000,RC2_0018_ICR-1_p08
449.158141940,453.189450272,4.031308331,Other,random,H4,4.031300000,RC2_0018_ICR-1_p08
465.132070117,469.163378448,4.031308331,Other,random,H4,4.031300000,RC2_0018_ICR-1_p08
609.174508146,613.205816478,4.031308331,Other,random,H4,4.031300000,RC2_0018_ICR-1_p08
346.215419802,350.246728133,4.031308331,Other,random,H4,4.031300000,RC2_0018_ICR-1_p08
367.176146937,371.207456268,4.031309331,Other,random,H4,4.031300000,RC2_0018_ICR-1_p08
487.101224581,491.132533913,4.031309331,Other,random,H4,4.031300000,RC2_0018_ICR-1_p08
381.118962534,385.150271866,4.031309331,Other,random,H4,4.031300000,RC2_0018_ICR-1_p08
578.187916388,583.203223186,5.015306798,Other,random,H3N_1O1,5.015316000,RC2_0018_ICR-1_p08
370.056775738,375.072082537,5.015306798,Other,random,H3N_1O1,5.015316000,RC2_0018_ICR-1_p08
325.067723718,330.083030516,5.015306798,Other,random,H3N_1O1,5.015316000,RC2_0018_ICR-1_p08
358.106126939,363.121434737,5.015307798,Other,random,H3N_1O1,5.015316000,RC2_0018_ICR-1_p08
280.010014084,285.025322882,5.015308798,Other,random,H3N_1O1,5.015316000,RC2_0018_ICR-1_p08
330.111208358,335.126517156,5.015308798,Other,random,H3N_1O1,5.015316000,RC2_0018_ICR-1_p08
502.062709451,507.078018249,5.015308798,Other,random,H3N_1O1,5.015316000,RC2_0018_ICR-1_p08
280.046341880,285.061651678,5.015309798,Other,random,H3N_1O1,5.015316000,RC2_0018_ICR-1_p08
574.083845466,579.099156264,5.015310798,Other,random,H3N_1O1,5.015316000,RC2_0018_ICR-1_p08
378.046484811,383.061796609,5.015311798,Other,random,H3N_1O1,5.015316000,RC2_0018_ICR-1_p08
350.124471821,355.139784619,5.015312798,Other,random,H3N_1O1,5.015316000,RC2_0018_ICR-1_p08
442.127318476,447.142632274,5.015313798,Other,random,H3N_1O1,5.015316000,RC2_0018_ICR-1_p08
538.083938898,543.099252697,5.015313798,Other,random,H3N_1O1,5.015316000,RC2_0018_ICR-1_p08
296.041188938,301.056502737,5.015313798,Other,random,H3N_1O1,5.015316000,RC2_0018_ICR-1_p08
304.082604720,309.097919519,5.015314798,Other,random,H3N_1O1,5.015316000,RC2_0018_ICR-1_p08
294.098328863,299.113643661,5.015314798,Other,random,H3N_1O1,5.015316000,RC2_0018_ICR-1_p08
332.113851097,337.129165895,5.015314798,Other,random,H3N_1O1,5.015316000,RC2_0018_ICR-1_p08
338.051698707,343.067013506,5.015314798,Other,random,H3N_1O1,5.015316000,RC2_0018_ICR-1_p08
550.193123807,555.208440605,5.015316798,Other,random,H3N_1O1,5.015316000,RC2_0018_ICR-1_p08
622.141701230,627.157019028,5.015317798,Other,random,H3N_1O1,5.015316000,RC2_0018_ICR-1_p08
380.134953067,385.150271866,5.015318798,Other,random,H3N_1O1,5.015316000,RC2_0018_ICR-1_p08
440.062167088,445.077486887,5.015319798,Other,random,H3N_1O1,5.015316000,RC2_0018_ICR-1_p08
498.125370591,503.140690389,5.015319798,Other,random,H3N_1O1,5.015316000,RC2_0018_ICR-1_p08
512.214003369,517.229323167,5.015319798,Other,random,H3N_1O1,5.015316000,RC2_0018_ICR-1_p08
400.030923190,405.046243988,5.015320798,Other,random,H3N_1O1,5.015316000,RC2_0018_ICR-1_p08
428.147935084,433.163257882,5.015322798,Other,random,H3N_1O1,5.015316000,RC2_0018_ICR-1_p08
377.090819185,382.106141983,5.015322798,Other,random,H3N_1O1,5.015316000,RC2_0018_ICR-1_p08
386.101073519,391.116397317,5.015323798,Other,random,H3N_1O1,5.015316000,RC2_0018_ICR-1_p08
374.100948997,379.116272796,5.015323798,Other,random,H3N_1O1,5.015316000,RC2_0018_ICR-1_p08
418.077798710,423.093122508,5.015323798,Other,random,H3N_1O1,5.015316000,RC2_0018_ICR-1_p08
478.171700793,483.187024591,5.015323798,Other,random,H3N_1O1,5.015316000,RC2_0018_ICR-1_p08
468.057127669,473.072452467,5.015324798,Other,random,H3N_1O1,5.015316000,RC2_0018_ICR-1_p08
312.035979997,317.051304796,5.015324798,Other,random,H3N_1O1,5.015316000,RC2_0018_ICR-1_p08
443.074762148,448.161186547,5.086424398,Other,random,C4H6N1O_2P_1,5.086431000,RC2_0018_ICR-1_p08
457.054120540,462.140552939,5.086432398,Other,random,C4H6N1O_2P_1,5.086431000,RC2_0018_ICR-1_p08
459.033272411,464.119708810,5.086436398,Other,random,C4H6N1O_2P_1,5.086431000,RC2_0018_ICR-1_p08
413.064295901,418.150735299,5.086439398,Other,random,C4H6N1O_2P_1,5.086431000,RC2_0018_ICR-1_p08
389.027798062,394.114237460,5.086439398,Other,random,C4H6N1O_2P_1,5.086431000,RC2_0018_ICR-1_p08
431.074818626,436.161259024,5.086440398,Other,random,C4H6N1O_2P_1,5.086431000,RC2_0018_ICR-1_p08
633.182723145,639.156893551,5.974170406,Other,random,C_2H_2O2,5.974180000,RC2_0018_ICR-1_p08
316.082511243,322.056681650,5.974170406,Other,random,C_2H_2O2,5.974180000,RC2_0018_ICR-1_p08
379.095287914,385.069458320,5.974170406,Other,random,C_2H_2O2,5.974180000,RC2_0018_ICR-1_p08
517.220874214,523.195044621,5.974170406,Other,random,C_2H_2O2,5.974180000,RC2_0018_ICR-1_p08
409.150265910,415.124437317,5.974171406,Other,random,C_2H_2O2,5.974180000,RC2_0018_ICR-1_p08
465.212867663,471.187039069,5.974171406,Other,random,C_2H_2O2,5.974180000,RC2_0018_ICR-1_p08
249.149700616,255.123872022,5.974171406,Other,random,C_2H_2O2,5.974180000,RC2_0018_ICR-1_p08
335.186283820,341.160455226,5.974171406,Other,random,C_2H_2O2,5.974180000,RC2_0018_ICR-1_p08
325.111450472,331.085622879,5.974172406,Other,random,C_2H_2O2,5.974180000,RC2_0018_ICR-1_p08
347.149943547,353.124115953,5.974172406,Other,random,C_2H_2O2,5.974180000,RC2_0018_ICR-1_p08
363.108321811,369.082494217,5.974172406,Other,random,C_2H_2O2,5.974180000,RC2_0018_ICR-1_p08
358.093177011,364.067349418,5.974172406,Other,random,C_2H_2O2,5.974180000,RC2_0018_ICR-1_p08
443.183969534,449.158141940,5.974172406,Other,random,C_2H_2O2,5.974180000,RC2_0018_ICR-1_p08
537.088750495,543.062922901,5.974172406,Other,random,C_2H_2O2,5.974180000,RC2_0018_ICR-1_p08
347.077144956,353.051318362,5.974173406,Other,random,C_2H_2O2,5.974180000,RC2_0018_ICR-1_p08
269.139533210,275.113706616,5.974173406,Other,random,C_2H_2O2,5.974180000,RC2_0018_ICR-1_p08
539.213403547,545.187576954,5.974173406,Other,random,C_2H_2O2,5.974180000,RC2_0018_ICR-1_p08
635.198580809,641.172754216,5.974173406,Other,random,C_2H_2O2,5.974180000,RC2_0018_ICR-1_p08
355.058806074,361.032979480,5.974173406,Other,random,C_2H_2O2,5.974180000,RC2_0018_ICR-1_p08
503.119455509,509.093628915,5.974173406,Other,random,C_2H_2O2,5.974180000,RC2_0018_ICR-1_p08
509.194747346,515.168920753,5.974173406,Other,random,C_2H_2O2,5.974180000,RC2_0018_ICR-1_p08
633.291592533,639.265766939,5.974174406,Other,random,C_2H_2O2,5.974180000,RC2_0018_ICR-1_p08
413.064295901,419.038470308,5.974174406,Other,random,C_2H_2O2,5.974180000,RC2_0018_ICR-1_p08
443.207255403,449.181429810,5.974174406,Other,random,C_2H_2O2,5.974180000,RC2_0018_ICR-1_p08
355.204494255,361.178668661,5.974174406,Other,random,C_2H_2O2,5.974180000,RC2_0018_ICR-1_p08
385.092747189,391.066921595,5.974174406,Other,random,C_2H_2O2,5.974180000,RC2_0018_ICR-1_p08
589.120143915,595.094318321,5.974174406,Other,random,C_2H_2O2,5.974180000,RC2_0018_ICR-1_p08
625.169891202,631.144065608,5.974174406,Other,random,C_2H_2O2,5.974180000,RC2_0018_ICR-1_p08
295.155150921,301.129325327,5.974174406,Other,random,C_2H_2O2,5.974180000,RC2_0018_ICR-1_p08
305.066657187,311.040831593,5.974174406,Other,random,C_2H_2O2,5.974180000,RC2_0018_ICR-1_p08
373.105800593,379.079975000,5.974174406,Other,random,C_2H_2O2,5.974180000,RC2_0018_ICR-1_p08
289.071831128,295.046006534,5.974175406,Other,random,C_2H_2O2,5.974180000,RC2_0018_ICR-1_p08
351.181172879,357.155348285,5.974175406,Other,random,C_2H_2O2,5.974180000,RC2_0018_ICR-1_p08
473.181647853,479.155823259,5.974175406,Other,random,C_2H_2O2,5.974180000,RC2_0018_ICR-1_p08
441.131933073,447.106109479,5.974176406,Other,random,C_2H_2O2,5.974180000,RC2_0018_ICR-1_p08
391.066921595,397.041098002,5.974176406,Other,random,C_2H_2O2,5.974180000,RC2_0018_ICR-1_p08
581.166649638,587.140826045,5.974176406,Other,random,C_2H_2O2,5.974180000,RC2_0018_ICR-1_p08
589.192786506,595.166962913,5.974176406,Other,random,C_2H_2O2,5.974180000,RC2_0018_ICR-1_p08
371.116641779,377.090819185,5.974177406,Other,random,C_2H_2O2,5.974180000,RC2_0018_ICR-1_p08
385.087187220,391.061364627,5.974177406,Other,random,C_2H_2O2,5.974180000,RC2_0018_ICR-1_p08
413.108696652,419.082874058,5.974177406,Other,random,C_2H_2O2,5.974180000,RC2_0018_ICR-1_p08
485.181546376,491.155723782,5.974177406,Other,random,C_2H_2O2,5.974180000,RC2_0018_ICR-1_p08
363.194244327,369.168421734,5.974177406,Other,random,C_2H_2O2,5.974180000,RC2_0018_ICR-1_p08
437.072285901,443.046464307,5.974178406,Other,random,C_2H_2O2,5.974180000,RC2_0018_ICR-1_p08
273.076920070,279.051098476,5.974178406,Other,random,C_2H_2O2,5.974180000,RC2_0018_ICR-1_p08
313.129155850,319.103334257,5.974178406,Other,random,C_2H_2O2,5.974180000,RC2_0018_ICR-1_p08
237.076959502,243.051137909,5.974178406,Other,random,C_2H_2O2,5.974180000,RC2_0018_ICR-1_p08
372.108733200,378.082911606,5.974178406,Other,random,C_2H_2O2,5.974180000,RC2_0018_ICR-1_p08
513.140135161,519.114314567,5.974179406,Other,random,C_2H_2O2,5.974180000,RC2_0018_ICR-1_p08
285.076925592,291.051104998,5.974179406,Other,random,C_2H_2O2,5.974180000,RC2_0018_ICR-1_p08
353.196901544,359.171080950,5.974179406,Other,random,C_2H_2O2,5.974180000,RC2_0018_ICR-1_p08
427.134158784,433.108338191,5.974179406,Other,random,C_2H_2O2,5.974180000,RC2_0018_ICR-1_p08
499.210334490,505.184513896,5.974179406,Other,random,C_2H_2O2,5.974180000,RC2_0018_ICR-1_p08
269.103165415,275.077344821,5.974179406,Other,random,C_2H_2O2,5.974180000,RC2_0018_ICR-1_p08
357.074526739,363.048707146,5.974180406,Other,random,C_2H_2O2,5.974180000,RC2_0018_ICR-1_p08
385.142215911,391.116397317,5.974181406,Other,random,C_2H_2O2,5.974180000,RC2_0018_ICR-1_p08
337.121062940,343.095244347,5.974181406,Other,random,C_2H_2O2,5.974180000,RC2_0018_ICR-1_p08
275.128948531,281.103129937,5.974181406,Other,random,C_2H_2O2,5.974180000,RC2_0018_ICR-1_p08
385.129057985,391.103239391,5.974181406,Other,random,C_2H_2O2,5.974180000,RC2_0018_ICR-1_p08
485.145233580,491.119414986,5.974181406,Other,random,C_2H_2O2,5.974180000,RC2_0018_ICR-1_p08
533.239222141,539.213403547,5.974181406,Other,random,C_2H_2O2,5.974180000,RC2_0018_ICR-1_p08
543.114389612,549.088571018,5.974181406,Other,random,C_2H_2O2,5.974180000,RC2_0018_ICR-1_p08
547.182221738,553.156403144,5.974181406,Other,random,C_2H_2O2,5.974180000,RC2_0018_ICR-1_p08
577.229041780,583.203223186,5.974181406,Other,random,C_2H_2O2,5.974180000,RC2_0018_ICR-1_p08
327.123756157,333.097938563,5.974182406,Other,random,C_2H_2O2,5.974180000,RC2_0018_ICR-1_p08
595.239514505,601.213696911,5.974182406,Other,random,C_2H_2O2,5.974180000,RC2_0018_ICR-1_p08
307.045929057,313.020112463,5.974183406,Other,random,C_2H_2O2,5.974180000,RC2_0018_ICR-1_p08
249.113355820,255.087539226,5.974183406,Other,random,C_2H_2O2,5.974180000,RC2_0018_ICR-1_p08
557.143151726,563.117335132,5.974183406,Other,random,C_2H_2O2,5.974180000,RC2_0018_ICR-1_p08
603.244816490,609.218999896,5.974183406,Other,random,C_2H_2O2,5.974180000,RC2_0018_ICR-1_p08
255.066387345,261.040570752,5.974183406,Other,random,C_2H_2O2,5.974180000,RC2_0018_ICR-1_p08
395.134552723,401.108736129,5.974183406,Other,random,C_2H_2O2,5.974180000,RC2_0018_ICR-1_p08
369.074437262,375.048621669,5.974184406,Other,random,C_2H_2O2,5.974180000,RC2_0018_ICR-1_p08
439.197276952,445.171461358,5.974184406,Other,random,C_2H_2O2,5.974180000,RC2_0018_ICR-1_p08
241.144638629,247.118823036,5.974184406,Other,random,C_2H_2O2,5.974180000,RC2_0018_ICR-1_p08
253.108223356,259.082407763,5.974184406,Other,random,C_2H_2O2,5.974180000,RC2_0018_ICR-1_p08
395.090194972,401.064379378,5.974184406,Other,random,C_2H_2O2,5.974180000,RC2_0018_ICR-1_p08
414.082996173,420.057181579,5.974185406,Other,random,C_2H_2O2,5.974180000,RC2_0018_ICR-1_p08
445.150241477,451.124426884,5.974185406,Other,random,C_2H_2O2,5.974180000,RC2_0018_ICR-1_p08
487.197097042,493.171282449,5.974185406,Other,random,C_2H_2O2,5.974180000,RC2_0018_ICR-1_p08
520.109607971,526.083793377,5.974185406,Other,random,C_2H_2O2,5.974180000,RC2_0018_ICR-1_p08
555.163835856,561.138021262,5.974185406,Other,random,C_2H_2O2,5.974180000,RC2_0018_ICR-1_p08
641.224269926,647.198455332,5.974185406,Other,random,C_2H_2O2,5.974180000,RC2_0018_ICR-1_p08
749.267322385,755.241507791,5.974185406,Other,random,C_2H_2O2,5.974180000,RC2_0018_ICR-1_p08
384.121756649,390.095942055,5.974185406,Other,random,C_2H_2O2,5.974180000,RC2_0018_ICR-1_p08
395.126523768,401.100709174,5.974185406,Other,random,C_2H_2O2,5.974180000,RC2_0018_ICR-1_p08
419.061824176,425.036009583,5.974185406,Other,random,C_2H_2O2,5.974180000,RC2_0018_ICR-1_p08
471.187039069,477.161225475,5.974186406,Other,random,C_2H_2O2,5.974180000,RC2_0018_ICR-1_p08
259.061289881,265.035476288,5.974186406,Other,random,C_2H_2O2,5.974180000,RC2_0018_ICR-1_p08
329.102948027,335.077134434,5.974186406,Other,random,C_2H_2O2,5.974180000,RC2_0018_ICR-1_p08
339.136697606,345.110884013,5.974186406,Other,random,C_2H_2O2,5.974180000,RC2_0018_ICR-1_p08
497.085478438,503.059664845,5.974186406,Other,random,C_2H_2O2,5.974180000,RC2_0018_ICR-1_p08
533.166311551,539.140498957,5.974187406,Other,random,C_2H_2O2,5.974180000,RC2_0018_ICR-1_p08
387.108287855,393.082475262,5.974187406,Other,random,C_2H_2O2,5.974180000,RC2_0018_ICR-1_p08
279.087464271,285.061651678,5.974187406,Other,random,C_2H_2O2,5.974180000,RC2_0018_ICR-1_p08
319.045898580,325.020085986,5.974187406,Other,random,C_2H_2O2,5.974180000,RC2_0018_ICR-1_p08
337.092826099,343.067013506,5.974187406,Other,random,C_2H_2O2,5.974180000,RC2_0018_ICR-1_p08
407.207405835,413.181593242,5.974187406,Other,random,C_2H_2O2,5.974180000,RC2_0018_ICR-1_p08
483.196730537,489.170918943,5.974188406,Other,random,C_2H_2O2,5.974180000,RC2_0018_ICR-1_p08
365.087650681,371.061839087,5.974188406,Other,random,C_2H_2O2,5.974180000,RC2_0018_ICR-1_p08
451.233645270,457.207833676,5.974188406,Other,random,C_2H_2O2,5.974180000,RC2_0018_ICR-1_p08
481.135085130,487.109273536,5.974188406,Other,random,C_2H_2O2,5.974180000,RC2_0018_ICR-1_p08
308.077556256,314.051745662,5.974189406,Other,random,C_2H_2O2,5.974180000,RC2_0018_ICR-1_p08
601.229084825,607.203274231,5.974189406,Other,random,C_2H_2O2,5.974180000,RC2_0018_ICR-1_p08
699.229866753,705.204056159,5.974189406,Other,random,C_2H_2O2,5.974180000,RC2_0018_ICR-1_p08
353.196901544,359.186326864,5.989425321,Other,random,C2H_2O_1,5.989435000,RC2_0018_ICR-1_p08
451.118880915,457.108306236,5.989425321,Other,random,C2H_2O_1,5.989435000,RC2_0018_ICR-1_p08
611.161919971,617.151345291,5.989425321,Other,random,C2H_2O_1,5.989435000,RC2_0018_ICR-1_p08
721.271911807,727.261337128,5.989425321,Other,random,C2H_2O_1,5.989435000,RC2_0018_ICR-1_p08
451.051605293,457.041030614,5.989425321,Other,random,C2H_2O_1,5.989435000,RC2_0018_ICR-1_p08
411.178869503,417.168295824,5.989426321,Other,random,C2H_2O_1,5.989435000,RC2_0018_ICR-1_p08
345.155401762,351.144828083,5.989426321,Other,random,C2H_2O_1,5.989435000,RC2_0018_ICR-1_p08
364.067349418,370.056775738,5.989426321,Other,random,C2H_2O_1,5.989435000,RC2_0018_ICR-1_p08
391.079897522,397.069323843,5.989426321,Other,random,C2H_2O_1,5.989435000,RC2_0018_ICR-1_p08
295.082390330,301.071816650,5.989426321,Other,random,C2H_2O_1,5.989435000,RC2_0018_ICR-1_p08
301.056502737,307.045929057,5.989426321,Other,random,C2H_2O_1,5.989435000,RC2_0018_ICR-1_p08
515.067702322,521.057128643,5.989426321,Other,random,C2H_2O_1,5.989435000,RC2_0018_ICR-1_p08
315.144827516,321.134254837,5.989427321,Other,random,C2H_2O_1,5.989435000,RC2_0018_ICR-1_p08
359.134577155,365.124004476,5.989427321,Other,random,C2H_2O_1,5.989435000,RC2_0018_ICR-1_p08
367.189145864,373.178573184,5.989427321,Other,random,C2H_2O_1,5.989435000,RC2_0018_ICR-1_p08
503.067827799,509.057255119,5.989427321,Other,random,C2H_2O_1,5.989435000,RC2_0018_ICR-1_p08
603.120512189,609.109939509,5.989427321,Other,random,C2H_2O_1,5.989435000,RC2_0018_ICR-1_p08
527.140592434,533.130020755,5.989428321,Other,random,C2H_2O_1,5.989435000,RC2_0018_ICR-1_p08
389.072423811,395.061853131,5.989429321,Other,random,C2H_2O_1,5.989435000,RC2_0018_ICR-1_p08
493.148116579,499.137545899,5.989429321,Other,random,C2H_2O_1,5.989435000,RC2_0018_ICR-1_p08
637.141245885,643.130675206,5.989429321,Other,random,C2H_2O_1,5.989435000,RC2_0018_ICR-1_p08
353.087646158,359.077076479,5.989430321,Other,random,C2H_2O_1,5.989435000,RC2_0018_ICR-1_p08
377.087578203,383.077008524,5.989430321,Other,random,C2H_2O_1,5.989435000,RC2_0018_ICR-1_p08
443.191998489,449.181429810,5.989431321,Other,random,C2H_2O_1,5.989435000,RC2_0018_ICR-1_p08
273.134387746,279.123820067,5.989432321,Other,random,C2H_2O_1,5.989435000,RC2_0018_ICR-1_p08
351.035673697,357.025106017,5.989432321,Other,random,C2H_2O_1,5.989435000,RC2_0018_ICR-1_p08
373.150226344,379.139658664,5.989432321,Other,random,C2H_2O_1,5.989435000,RC2_0018_ICR-1_p08
429.067400914,435.056833234,5.989432321,Other,random,C2H_2O_1,5.989435000,RC2_0018_ICR-1_p08
305.087715068,311.077148389,5.989433321,Other,random,C2H_2O_1,5.989435000,RC2_0018_ICR-1_p08
245.139529165,251.128963486,5.989434321,Other,random,C2H_2O_1,5.989435000,RC2_0018_ICR-1_p08
262.093237832,268.082672153,5.989434321,Other,random,C2H_2O_1,5.989435000,RC2_0018_ICR-1_p08
377.173350721,383.162785042,5.989434321,Other,random,C2H_2O_1,5.989435000,RC2_0018_ICR-1_p08
483.223435387,489.212869707,5.989434321,Other,random,C2H_2O_1,5.989435000,RC2_0018_ICR-1_p08
293.066690664,299.056124985,5.989434321,Other,random,C2H_2O_1,5.989435000,RC2_0018_ICR-1_p08
347.090232882,353.079667203,5.989434321,Other,random,C2H_2O_1,5.989435000,RC2_0018_ICR-1_p08
385.150271866,391.139706186,5.989434321,Other,random,C2H_2O_1,5.989435000,RC2_0018_ICR-1_p08
397.186547184,403.175981505,5.989434321,Other,random,C2H_2O_1,5.989435000,RC2_0018_ICR-1_p08
259.082407763,265.071843083,5.989435321,Other,random,C2H_2O_1,5.989435000,RC2_0018_ICR-1_p08
365.124004476,371.113439797,5.989435321,Other,random,C2H_2O_1,5.989435000,RC2_0018_ICR-1_p08
395.061853131,401.051288452,5.989435321,Other,random,C2H_2O_1,5.989435000,RC2_0018_ICR-1_p08
511.072942785,517.062378106,5.989435321,Other,random,C2H_2O_1,5.989435000,RC2_0018_ICR-1_p08
245.066780574,251.056215895,5.989435321,Other,random,C2H_2O_1,5.989435000,RC2_0018_ICR-1_p08
371.134626678,377.124061998,5.989435321,Other,random,C2H_2O_1,5.989435000,RC2_0018_ICR-1_p08
413.217829038,419.207264358,5.989435321,Other,random,C2H_2O_1,5.989435000,RC2_0018_ICR-1_p08
439.088051566,445.077486887,5.989435321,Other,random,C2H_2O_1,5.989435000,RC2_0018_ICR-1_p08
457.171345881,463.160781202,5.989435321,Other,random,C2H_2O_1,5.989435000,RC2_0018_ICR-1_p08
515.177061707,521.166497028,5.989435321,Other,random,C2H_2O_1,5.989435000,RC2_0018_ICR-1_p08
569.114867407,575.104302728,5.989435321,Other,random,C2H_2O_1,5.989435000,RC2_0018_ICR-1_p08
375.056765623,381.046201943,5.989436321,Other,random,C2H_2O_1,5.989435000,RC2_0018_ICR-1_p08
393.046246465,399.035682786,5.989436321,Other,random,C2H_2O_1,5.989435000,RC2_0018_ICR-1_p08
555.171844811,561.161281131,5.989436321,Other,random,C2H_2O_1,5.989435000,RC2_0018_ICR-1_p08
379.066939073,385.056375394,5.989436321,Other,random,C2H_2O_1,5.989435000,RC2_0018_ICR-1_p08
475.210224446,481.199660767,5.989436321,Other,random,C2H_2O_1,5.989435000,RC2_0018_ICR-1_p08
539.213403547,545.202839868,5.989436321,Other,random,C2H_2O_1,5.989435000,RC2_0018_ICR-1_p08
553.083422554,559.072858875,5.989436321,Other,random,C2H_2O_1,5.989435000,RC2_0018_ICR-1_p08
449.194522736,455.183960056,5.989437321,Other,random,C2H_2O_1,5.989435000,RC2_0018_ICR-1_p08
375.202297804,381.191735125,5.989437321,Other,random,C2H_2O_1,5.989435000,RC2_0018_ICR-1_p08
423.202240894,429.191678215,5.989437321,Other,random,C2H_2O_1,5.989435000,RC2_0018_ICR-1_p08
473.238969531,479.228406851,5.989437321,Other,random,C2H_2O_1,5.989435000,RC2_0018_ICR-1_p08
561.174511057,567.163948378,5.989437321,Other,random,C2H_2O_1,5.989435000,RC2_0018_ICR-1_p08
425.158298895,431.147737215,5.989438321,Other,random,C2H_2O_1,5.989435000,RC2_0018_ICR-1_p08
437.231095008,443.220533328,5.989438321,Other,random,C2H_2O_1,5.989435000,RC2_0018_ICR-1_p08
459.178986592,465.168424912,5.989438321,Other,random,C2H_2O_1,5.989435000,RC2_0018_ICR-1_p08
599.125351654,605.114789975,5.989438321,Other,random,C2H_2O_1,5.989435000,RC2_0018_ICR-1_p08
365.118477507,371.107915828,5.989438321,Other,random,C2H_2O_1,5.989435000,RC2_0018_ICR-1_p08
303.035765607,309.025204927,5.989439321,Other,random,C2H_2O_1,5.989435000,RC2_0018_ICR-1_p08
481.257362442,487.246801763,5.989439321,Other,random,C2H_2O_1,5.989435000,RC2_0018_ICR-1_p08
353.137176880,359.126616200,5.989439321,Other,random,C2H_2O_1,5.989435000,RC2_0018_ICR-1_p08
521.215665751,527.205106072,5.989440321,Other,random,C2H_2O_1,5.989435000,RC2_0018_ICR-1_p08
384.106501735,390.095942055,5.989440321,Other,random,C2H_2O_1,5.989435000,RC2_0018_ICR-1_p08
405.132003506,411.121443826,5.989440321,Other,random,C2H_2O_1,5.989435000,RC2_0018_ICR-1_p08
357.118880490,363.108321811,5.989441321,Other,random,C2H_2O_1,5.989435000,RC2_0018_ICR-1_p08
479.192105055,485.181546376,5.989441321,Other,random,C2H_2O_1,5.989435000,RC2_0018_ICR-1_p08
239.056189373,245.045631693,5.989442321,Other,random,C2H_2O_1,5.989435000,RC2_0018_ICR-1_p08
367.152737068,373.142179389,5.989442321,Other,random,C2H_2O_1,5.989435000,RC2_0018_ICR-1_p08
463.137514333,469.126956653,5.989442321,Other,random,C2H_2O_1,5.989435000,RC2_0018_ICR-1_p08
537.210813808,543.200256129,5.989442321,Other,random,C2H_2O_1,5.989435000,RC2_0018_ICR-1_p08
423.056851712,429.046294032,5.989442321,Other,random,C2H_2O_1,5.989435000,RC2_0018_ICR-1_p08
470.101839171,476.091282492,5.989443321,Other,random,C2H_2O_1,5.989435000,RC2_0018_ICR-1_p08
495.150534319,501.139977639,5.989443321,Other,random,C2H_2O_1,5.989435000,RC2_0018_ICR-1_p08
519.236544880,525.225988200,5.989443321,Other,random,C2H_2O_1,5.989435000,RC2_0018_ICR-1_p08
597.182695578,603.172138898,5.989443321,Other,random,C2H_2O_1,5.989435000,RC2_0018_ICR-1_p08
493.207717244,499.197161564,5.989444321,Other,random,C2H_2O_1,5.989435000,RC2_0018_ICR-1_p08
589.278385025,595.267829345,5.989444321,Other,random,C2H_2O_1,5.989435000,RC2_0018_ICR-1_p08
329.102948027,335.113503229,6.010555202,Other,random,C_1H2O,6.010565000,RC2_0018_ICR-1_p08
371.071500032,377.082055234,6.010555202,Other,random,C_1H2O,6.010565000,RC2_0018_ICR-1_p08
403.189022431,409.199577633,6.010555202,Other,random,C_1H2O,6.010565000,RC2_0018_ICR-1_p08
320.113946574,326.124501776,6.010555202,Other,random,C_1H2O,6.010565000,RC2_0018_ICR-1_p08
353.116060998,359.126616200,6.010555202,Other,random,C_1H2O,6.010565000,RC2_0018_ICR-1_p08
425.036009583,431.046564784,6.010555202,Other,random,C_1H2O,6.010565000,RC2_0018_ICR-1_p08
476.091282492,482.101837694,6.010555202,Other,random,C_1H2O,6.010565000,RC2_0018_ICR-1_p08
501.212943229,507.223498431,6.010555202,Other,random,C_1H2O,6.010565000,RC2_0018_ICR-1_p08
517.184489419,523.195044621,6.010555202,Other,random,C_1H2O,6.010565000,RC2_0018_ICR-1_p08
255.123872022,261.134428224,6.010556202,Other,random,C_1H2O,6.010565000,RC2_0018_ICR-1_p08
355.045826147,361.056382349,6.010556202,Other,random,C_1H2O,6.010565000,RC2_0018_ICR-1_p08
403.152773635,409.163329837,6.010556202,Other,random,C_1H2O,6.010565000,RC2_0018_ICR-1_p08
320.077540779,326.088097980,6.010557202,Other,random,C_1H2O,6.010565000,RC2_0018_ICR-1_p08
527.140592434,533.151149636,6.010557202,Other,random,C_1H2O,6.010565000,RC2_0018_ICR-1_p08
553.265376531,559.275933733,6.010557202,Other,random,C_1H2O,6.010565000,RC2_0018_ICR-1_p08
267.123830545,273.134387746,6.010557202,Other,random,C_1H2O,6.010565000,RC2_0018_ICR-1_p08
361.165589735,367.176146937,6.010557202,Other,random,C_1H2O,6.010565000,RC2_0018_ICR-1_p08
399.129537258,405.140094460,6.010557202,Other,random,C_1H2O,6.010565000,RC2_0018_ICR-1_p08
403.103147914,409.113705116,6.010557202,Other,random,C_1H2O,6.010565000,RC2_0018_ICR-1_p08
489.212869707,495.223426909,6.010557202,Other,random,C_1H2O,6.010565000,RC2_0018_ICR-1_p08
367.176146937,373.186705138,6.010558202,Other,random,C_1H2O,6.010565000,RC2_0018_ICR-1_p08
453.176517345,459.187075546,6.010558202,Other,random,C_1H2O,6.010565000,RC2_0018_ICR-1_p08
479.228406851,485.238965053,6.010558202,Other,random,C_1H2O,6.010565000,RC2_0018_ICR-1_p08
509.158362551,515.168920753,6.010558202,Other,random,C_1H2O,6.010565000,RC2_0018_ICR-1_p08
563.249925387,569.260483588,6.010558202,Other,random,C_1H2O,6.010565000,RC2_0018_ICR-1_p08
621.146460826,627.157019028,6.010558202,Other,random,C_1H2O,6.010565000,RC2_0018_ICR-1_p08
423.157985143,429.168543345,6.010558202,Other,random,C_1H2O,6.010565000,RC2_0018_ICR-1_p08
463.233475793,469.244033995,6.010558202,Other,random,C_1H2O,6.010565000,RC2_0018_ICR-1_p08
289.071831128,295.082390330,6.010559202,Other,random,C_1H2O,6.010565000,RC2_0018_ICR-1_p08
459.142498797,465.153057999,6.010559202,Other,random,C_1H2O,6.010565000,RC2_0018_ICR-1_p08
474.104071666,480.114630868,6.010559202,Other,random,C_1H2O,6.010565000,RC2_0018_ICR-1_p08
543.114389612,549.124948813,6.010559202,Other,random,C_1H2O,6.010565000,RC2_0018_ICR-1_p08
511.145581377,517.156140578,6.010559202,Other,random,C_1H2O,6.010565000,RC2_0018_ICR-1_p08
353.152423794,359.162983996,6.010560202,Other,random,C_1H2O,6.010565000,RC2_0018_ICR-1_p08
501.176397435,507.186957636,6.010560202,Other,random,C_1H2O,6.010565000,RC2_0018_ICR-1_p08
483.106208046,489.116768248,6.010560202,Other,random,C_1H2O,6.010565000,RC2_0018_ICR-1_p08
457.113929204,463.124489406,6.010560202,Other,random,C_1H2O,6.010565000,RC2_0018_ICR-1_p08
565.083552076,571.094112278,6.010560202,Other,random,C_1H2O,6.010565000,RC2_0018_ICR-1_p08
449.145128014,455.155689215,6.010561202,Other,random,C_1H2O,6.010565000,RC2_0018_ICR-1_p08
399.035682786,405.046243988,6.010561202,Other,random,C_1H2O,6.010565000,RC2_0018_ICR-1_p08
443.061709222,449.072270423,6.010561202,Other,random,C_1H2O,6.010565000,RC2_0018_ICR-1_p08
401.014774657,407.025335859,6.010561202,Other,random,C_1H2O,6.010565000,RC2_0018_ICR-1_p08
543.223717997,549.234280199,6.010562202,Other,random,C_1H2O,6.010565000,RC2_0018_ICR-1_p08
299.095860761,305.106422963,6.010562202,Other,random,C_1H2O,6.010565000,RC2_0018_ICR-1_p08
727.261337128,733.271900329,6.010563202,Other,random,C_1H2O,6.010565000,RC2_0018_ICR-1_p08
397.113852593,403.124415795,6.010563202,Other,random,C_1H2O,6.010565000,RC2_0018_ICR-1_p08
444.093525420,450.104088621,6.010563202,Other,random,C_1H2O,6.010565000,RC2_0018_ICR-1_p08
443.220533328,449.231096530,6.010563202,Other,random,C_1H2O,6.010565000,RC2_0018_ICR-1_p08
471.087422629,477.097986831,6.010564202,Other,random,C_1H2O,6.010565000,RC2_0018_ICR-1_p08
263.128969008,269.139533210,6.010564202,Other,random,C_1H2O,6.010565000,RC2_0018_ICR-1_p08
355.176065415,361.186629616,6.010564202,Other,random,C_1H2O,6.010565000,RC2_0018_ICR-1_p08
391.030533800,397.041098002,6.010564202,Other,random,C_1H2O,6.010565000,RC2_0018_ICR-1_p08
533.239222141,539.249786343,6.010564202,Other,random,C_1H2O,6.010565000,RC2_0018_ICR-1_p08
545.057329686,551.067893888,6.010564202,Other,random,C_1H2O,6.010565000,RC2_0018_ICR-1_p08
401.118398075,407.128963276,6.010565202,Other,random,C_1H2O,6.010565000,RC2_0018_ICR-1_p08
403.097628945,409.108194147,6.010565202,Other,random,C_1H2O,6.010565000,RC2_0018_ICR-1_p08
537.125086290,543.135651492,6.010565202,Other,random,C_1H2O,6.010565000,RC2_0018_ICR-1_p08
309.097919519,315.108484720,6.010565202,Other,random,C_1H2O,6.010565000,RC2_0018_ICR-1_p08
313.071773173,319.082338375,6.010565202,Other,random,C_1H2O,6.010565000,RC2_0018_ICR-1_p08
365.115983521,371.126548723,6.010565202,Other,random,C_1H2O,6.010565000,RC2_0018_ICR-1_p08
293.139452255,299.150018457,6.010566202,Other,random,C_1H2O,6.010565000,RC2_0018_ICR-1_p08
497.035961717,503.046527919,6.010566202,Other,random,C_1H2O,6.010565000,RC2_0018_ICR-1_p08
321.170743631,327.181309833,6.010566202,Other,random,C_1H2O,6.010565000,RC2_0018_ICR-1_p08
331.095213825,337.105781026,6.010567202,Other,random,C_1H2O,6.010565000,RC2_0018_ICR-1_p08
389.160451316,395.171018518,6.010567202,Other,random,C_1H2O,6.010565000,RC2_0018_ICR-1_p08
413.027903106,419.038470308,6.010567202,Other,random,C_1H2O,6.010565000,RC2_0018_ICR-1_p08
479.155823259,485.166390461,6.010567202,Other,random,C_1H2O,6.010565000,RC2_0018_ICR-1_p08
618.183214489,624.193781691,6.010567202,Other,random,C_1H2O,6.010565000,RC2_0018_ICR-1_p08
279.123820067,285.134387269,6.010567202,Other,random,C_1H2O,6.010565000,RC2_0018_ICR-1_p08
431.183931012,437.194498214,6.010567202,Other,random,C_1H2O,6.010565000,RC2_0018_ICR-1_p08
529.220810737,535.231377939,6.010567202,Other,random,C_1H2O,6.010565000,RC2_0018_ICR-1_p08
703.224665289,709.235232491,6.010567202,Other,random,C_1H2O,6.010565000,RC2_0018_ICR-1_p08
241.108254834,247.118823036,6.010568202,Other,random,C_1H2O,6.010565000,RC2_0018_ICR-1_p08
325.048337827,331.058906029,6.010568202,Other,random,C_1H2O,6.010565000,RC2_0018_ICR-1_p08
233.045621171,239.056189373,6.010568202,Other,random,C_1H2O,6.010565000,RC2_0018_ICR-1_p08
440.062167088,446.072735290,6.010568202,Other,random,C_1H2O,6.010565000,RC2_0018_ICR-1_p08
485.139545612,491.150113814,6.010568202,Other,random,C_1H2O,6.010565000,RC2_0018_ICR-1_p08
327.123756157,333.134325358,6.010569202,Other,random,C_1H2O,6.010565000,RC2_0018_ICR-1_p08
341.152354272,347.162923474,6.010569202,Other,random,C_1H2O,6.010565000,RC2_0018_ICR-1_p08
409.186475707,415.197044908,6.010569202,Other,random,C_1H2O,6.010565000,RC2_0018_ICR-1_p08
431.092700525,437.103269727,6.010569202,Other,random,C_1H2O,6.010565000,RC2_0018_ICR-1_p08
437.181429287,443.191998489,6.010569202,Other,random,C_1H2O,6.010565000,RC2_0018_ICR-1_p08
463.051512816,469.062082018,6.010569202,Other,random,C_1H2O,6.010565000,RC2_0018_ICR-1_p08
344.077454824,350.088024025,6.010569202,Other,random,C_1H2O,6.010565000,RC2_0018_ICR-1_p08
373.069405798,379.079975000,6.010569202,Other,random,C_1H2O,6.010565000,RC2_0018_ICR-1_p08
421.186767227,427.197336429,6.010569202,Other,random,C_1H2O,6.010565000,RC2_0018_ICR-1_p08
317.152415227,323.162985429,6.010570202,Other,random,C_1H2O,6.010565000,RC2_0018_ICR-1_p08
377.160298794,383.170868996,6.010570202,Other,random,C_1H2O,6.010565000,RC2_0018_ICR-1_p08
468.057127669,474.067697871,6.010570202,Other,random,C_1H2O,6.010565000,RC2_0018_ICR-1_p08
559.182069261,565.192639462,6.010570202,Other,random,C_1H2O,6.010565000,RC2_0018_ICR-1_p08
591.208353172,597.218923374,6.010570202,Other,random,C_1H2O,6.010565000,RC2_0018_ICR-1_p08
619.276127344,625.286698545,6.010571202,Other,random,C_1H2O,6.010565000,RC2_0018_ICR-1_p08
293.103072460,299.113643661,6.010571202,Other,random,C_1H2O,6.010565000,RC2_0018_ICR-1_p08
321.025158450,327.035729652,6.010571202,Other,random,C_1H2O,6.010565000,RC2_0018_ICR-1_p08
343.168110937,349.178682139,6.010571202,Other,random,C_1H2O,6.010565000,RC2_0018_ICR-1_p08
409.150265910,415.160838112,6.010572202,Other,random,C_1H2O,6.010565000,RC2_0018_ICR-1_p08
437.072285901,443.082858103,6.010572202,Other,random,C_1H2O,6.010565000,RC2_0018_ICR-1_p08
487.160710247,493.171282449,6.010572202,Other,random,C_1H2O,6.010565000,RC2_0018_ICR-1_p08
701.245409419,707.255981621,6.010572202,Other,random,C_1H2O,6.010565000,RC2_0018_ICR-1_p08
327.063989493,333.074561695,6.010572202,Other,random,C_1H2O,6.010565000,RC2_0018_ICR-1_p08
549.161272609,555.171844811,6.010572202,Other,random,C_1H2O,6.010565000,RC2_0018_ICR-1_p08
311.105509230,317.116081431,6.010572202,Other,random,C_1H2O,6.010565000,RC2_0018_ICR-1_p08
383.134591200,389.145163402,6.010572202,Other,random,C_1H2O,6.010565000,RC2_0018_ICR-1_p08
523.145683898,529.156256100,6.010572202,Other,random,C_1H2O,6.010565000,RC2_0018_ICR-1_p08
390.095942055,396.106515257,6.010573202,Other,random,C_1H2O,6.010565000,RC2_0018_ICR-1_p08
381.082419740,387.092992941,6.010573202,Other,random,C_1H2O,6.010565000,RC2_0018_ICR-1_p08
559.036623079,565.047196280,6.010573202,Other,random,C_1H2O,6.010565000,RC2_0018_ICR-1_p08
499.137545899,505.148119101,6.010573202,Other,random,C_1H2O,6.010565000,RC2_0018_ICR-1_p08
539.205385592,545.215958794,6.010573202,Other,random,C_1H2O,6.010565000,RC2_0018_ICR-1_p08
303.160133908,309.170708109,6.010574202,Other,random,C_1H2O,6.010565000,RC2_0018_ICR-1_p08
339.100309811,345.110884013,6.010574202,Other,random,C_1H2O,6.010565000,RC2_0018_ICR-1_p08
341.043135886,347.053710088,6.010574202,Other,random,C_1H2O,6.010565000,RC2_0018_ICR-1_p08
359.077076479,365.087650681,6.010574202,Other,random,C_1H2O,6.010565000,RC2_0018_ICR-1_p08
373.087070699,379.097644900,6.010574202,Other,random,C_1H2O,6.010565000,RC2_0018_ICR-1_p08
525.124941769,531.135515970,6.010574202,Other,random,C_1H2O,6.010565000,RC2_0018_ICR-1_p08
599.250118953,605.260693154,6.010574202,Other,random,C_1H2O,6.010565000,RC2_0018_ICR-1_p08
603.172138898,609.182713100,6.010574202,Other,random,C_1H2O,6.010565000,RC2_0018_ICR-1_p08
416.111508766,422.122082968,6.010574202,Other,random,C_1H2O,6.010565000,RC2_0018_ICR-1_p08
272.077625689,278.103435805,6.025810116,Other,random,C3H2O_2,6.025820000,RC2_0018_ICR-1_p08
295.046006534,301.071816650,6.025810116,Other,random,C3H2O_2,6.025820000,RC2_0018_ICR-1_p08
433.098534246,439.124344362,6.025810116,Other,random,C3H2O_2,6.025820000,RC2_0018_ICR-1_p08
373.041127957,379.066939073,6.025811116,Other,random,C3H2O_2,6.025820000,RC2_0018_ICR-1_p08
435.178966547,441.204777663,6.025811116,Other,random,C3H2O_2,6.025820000,RC2_0018_ICR-1_p08
397.150170389,403.175981505,6.025811116,Other,random,C3H2O_2,6.025820000,RC2_0018_ICR-1_p08
381.118962534,387.144773650,6.025811116,Other,random,C3H2O_2,6.025820000,RC2_0018_ICR-1_p08
521.106785363,527.132596479,6.025811116,Other,random,C3H2O_2,6.025820000,RC2_0018_ICR-1_p08
526.083793377,532.109604493,6.025811116,Other,random,C3H2O_2,6.025820000,RC2_0018_ICR-1_p08
329.051322318,335.077134434,6.025812116,Other,random,C3H2O_2,6.025820000,RC2_0018_ICR-1_p08
349.178682139,355.204494255,6.025812116,Other,random,C3H2O_2,6.025820000,RC2_0018_ICR-1_p08
375.093150418,381.118962534,6.025812116,Other,random,C3H2O_2,6.025820000,RC2_0018_ICR-1_p08
381.076875771,387.102687887,6.025812116,Other,random,C3H2O_2,6.025820000,RC2_0018_ICR-1_p08
305.124117864,311.149929980,6.025812116,Other,random,C3H2O_2,6.025820000,RC2_0018_ICR-1_p08
409.144668942,415.170481058,6.025812116,Other,random,C3H2O_2,6.025820000,RC2_0018_ICR-1_p08
567.062869946,573.088682062,6.025812116,Other,random,C3H2O_2,6.025820000,RC2_0018_ICR-1_p08
615.157099505,621.182911621,6.025812116,Other,random,C3H2O_2,6.025820000,RC2_0018_ICR-1_p08
367.030606755,373.056418871,6.025812116,Other,random,C3H2O_2,6.025820000,RC2_0018_ICR-1_p08
533.130020755,539.155833871,6.025813116,Other,random,C3H2O_2,6.025820000,RC2_0018_ICR-1_p08
239.019818577,245.045631693,6.025813116,Other,random,C3H2O_2,6.025820000,RC2_0018_ICR-1_p08
287.040877548,293.066690664,6.025813116,Other,random,C3H2O_2,6.025820000,RC2_0018_ICR-1_p08
376.080328867,382.106141983,6.025813116,Other,random,C3H2O_2,6.025820000,RC2_0018_ICR-1_p08
267.051106954,273.076920070,6.025813116,Other,random,C3H2O_2,6.025820000,RC2_0018_ICR-1_p08
525.052011179,531.077824295,6.025813116,Other,random,C3H2O_2,6.025820000,RC2_0018_ICR-1_p08
545.078640566,551.104454682,6.025814116,Other,random,C3H2O_2,6.025820000,RC2_0018_ICR-1_p08
643.224626678,649.250440794,6.025814116,Other,random,C3H2O_2,6.025820000,RC2_0018_ICR-1_p08
666.211668418,672.237482534,6.025814116,Other,random,C3H2O_2,6.025820000,RC2_0018_ICR-1_p08
307.082288853,313.108102969,6.025814116,Other,random,C3H2O_2,6.025820000,RC2_0018_ICR-1_p08
452.083256492,458.109070608,6.025814116,Other,random,C3H2O_2,6.025820000,RC2_0018_ICR-1_p08
473.093517349,479.119331465,6.025814116,Other,random,C3H2O_2,6.025820000,RC2_0018_ICR-1_p08
503.096080640,509.121894756,6.025814116,Other,random,C3H2O_2,6.025820000,RC2_0018_ICR-1_p08
427.051585249,433.077400365,6.025815116,Other,random,C3H2O_2,6.025820000,RC2_0018_ICR-1_p08
471.077836683,477.103651799,6.025815116,Other,random,C3H2O_2,6.025820000,RC2_0018_ICR-1_p08
487.109273536,493.135089652,6.025816116,Other,random,C3H2O_2,6.025820000,RC2_0018_ICR-1_p08
425.145109969,431.170927085,6.025817116,Other,random,C3H2O_2,6.025820000,RC2_0018_ICR-1_p08
481.098650335,487.124467451,6.025817116,Other,random,C3H2O_2,6.025820000,RC2_0018_ICR-1_p08
439.173857084,445.199674200,6.025817116,Other,random,C3H2O_2,6.025820000,RC2_0018_ICR-1_p08
507.114318045,513.140135161,6.025817116,Other,random,C3H2O_2,6.025820000,RC2_0018_ICR-1_p08
245.103145370,251.128963486,6.025818116,Other,random,C3H2O_2,6.025820000,RC2_0018_ICR-1_p08
363.157821532,369.183639648,6.025818116,Other,random,C3H2O_2,6.025820000,RC2_0018_ICR-1_p08
449.158141940,455.183960056,6.025818116,Other,random,C3H2O_2,6.025820000,RC2_0018_ICR-1_p08
573.146263738,579.172082854,6.025819116,Other,random,C3H2O_2,6.025820000,RC2_0018_ICR-1_p08
257.066755097,263.092574213,6.025819116,Other,random,C3H2O_2,6.025820000,RC2_0018_ICR-1_p08
471.150752273,477.176571389,6.025819116,Other,random,C3H2O_2,6.025820000,RC2_0018_ICR-1_p08
679.224859243,685.250678359,6.025819116,Other,random,C3H2O_2,6.025820000,RC2_0018_ICR-1_p08
269.066697620,275.092516736,6.025819116,Other,random,C3H2O_2,6.025820000,RC2_0018_ICR-1_p08
337.142290821,343.168110937,6.025820116,Other,random,C3H2O_2,6.025820000,RC2_0018_ICR-1_p08
607.203274231,613.229094347,6.025820116,Other,random,C3H2O_2,6.025820000,RC2_0018_ICR-1_p08
415.051698726,421.077519842,6.025821116,Other,random,C3H2O_2,6.025820000,RC2_0018_ICR-1_p08
515.067702322,521.093523438,6.025821116,Other,random,C3H2O_2,6.025820000,RC2_0018_ICR-1_p08
301.020106941,307.045929057,6.025822116,Other,random,C3H2O_2,6.025820000,RC2_0018_ICR-1_p08
465.189517794,471.215339910,6.025822116,Other,random,C3H2O_2,6.025820000,RC2_0018_ICR-1_p08
392.147940517,398.173762633,6.025822116,Other,random,C3H2O_2,6.025820000,RC2_0018_ICR-1_p08
463.101134537,469.126956653,6.025822116,Other,random,C3H2O_2,6.025820000,RC2_0018_ICR-1_p08
477.097986831,483.123809947,6.025823116,Other,random,C3H2O_2,6.025820000,RC2_0018_ICR-1_p08
397.041098002,403.066921118,6.025823116,Other,random,C3H2O_2,6.025820000,RC2_0018_ICR-1_p08
367.103377346,373.129200462,6.025823116,Other,random,C3H2O_2,6.025820000,RC2_0018_ICR-1_p08
325.056400782,331.082224898,6.025824116,Other,random,C3H2O_2,6.025820000,RC2_0018_ICR-1_p08
347.098291837,353.124115953,6.025824116,Other,random,C3H2O_2,6.025820000,RC2_0018_ICR-1_p08
459.106246001,465.132070117,6.025824116,Other,random,C3H2O_2,6.025820000,RC2_0018_ICR-1_p08
467.155823737,473.181647853,6.025824116,Other,random,C3H2O_2,6.025820000,RC2_0018_ICR-1_p08
669.276618184,675.302442300,6.025824116,Other,random,C3H2O_2,6.025820000,RC2_0018_ICR-1_p08
311.113506185,317.139331301,6.025825116,Other,random,C3H2O_2,6.025820000,RC2_0018_ICR-1_p08
367.066843551,373.092669667,6.025826116,Other,random,C3H2O_2,6.025820000,RC2_0018_ICR-1_p08
437.181429287,443.207255403,6.025826116,Other,random,C3H2O_2,6.025820000,RC2_0018_ICR-1_p08
513.088487451,519.114314567,6.025827116,Other,random,C3H2O_2,6.025820000,RC2_0018_ICR-1_p08
587.117827174,593.143654290,6.025827116,Other,random,C3H2O_2,6.025820000,RC2_0018_ICR-1_p08
279.051098476,285.076925592,6.025827116,Other,random,C3H2O_2,6.025820000,RC2_0018_ICR-1_p08
381.131978461,387.157806577,6.025828116,Other,random,C3H2O_2,6.025820000,RC2_0018_ICR-1_p08
475.145537810,481.171365926,6.025828116,Other,random,C3H2O_2,6.025820000,RC2_0018_ICR-1_p08
517.148154623,523.173982739,6.025828116,Other,random,C3H2O_2,6.025820000,RC2_0018_ICR-1_p08
631.188190360,637.214018476,6.025828116,Other,random,C3H2O_2,6.025820000,RC2_0018_ICR-1_p08
347.090232882,353.116060998,6.025828116,Other,random,C3H2O_2,6.025820000,RC2_0018_ICR-1_p08
373.105800593,379.131628709,6.025828116,Other,random,C3H2O_2,6.025820000,RC2_0018_ICR-1_p08
440.046907174,446.072735290,6.025828116,Other,random,C3H2O_2,6.025820000,RC2_0018_ICR-1_p08
471.114236478,477.140065594,6.025829116,Other,random,C3H2O_2,6.025820000,RC2_0018_ICR-1_p08
375.085130463,381.110959579,6.025829116,Other,random,C3H2O_2,6.025820000,RC2_0018_ICR-1_p08
385.163312792,391.189141908,6.025829116,Other,random,C3H2O_2,6.025820000,RC2_0018_ICR-1_p08
539.213403547,545.239232663,6.025829116,Other,random,C3H2O_2,6.025820000,RC2_0018_ICR-1_p08
407.126629290,413.173570287,6.046940997,Other,random,H6,6.046950000,RC2_0018_ICR-1_p08
516.078316639,522.125257636,6.046940997,Other,random,H6,6.046950000,RC2_0018_ICR-1_p08
313.071773173,319.118714170,6.046940997,Other,random,H6,6.046950000,RC2_0018_ICR-1_p08
331.082224898,337.129165895,6.046940997,Other,random,H6,6.046950000,RC2_0018_ICR-1_p08
401.160463838,407.207405835,6.046941997,Other,random,H6,6.046950000,RC2_0018_ICR-1_p08
457.041030614,463.087972611,6.046941997,Other,random,H6,6.046950000,RC2_0018_ICR-1_p08
427.139545754,433.186487751,6.046941997,Other,random,H6,6.046950000,RC2_0018_ICR-1_p08
529.220810737,535.267752734,6.046941997,Other,random,H6,6.046950000,RC2_0018_ICR-1_p08
641.115006540,647.161948538,6.046941997,Other,random,H6,6.046950000,RC2_0018_ICR-1_p08
369.110979057,375.157922054,6.046942997,Other,random,H6,6.046950000,RC2_0018_ICR-1_p08
633.073685758,639.120628755,6.046942997,Other,random,H6,6.046950000,RC2_0018_ICR-1_p08
438.039407463,444.086350460,6.046942997,Other,random,H6,6.046950000,RC2_0018_ICR-1_p08
447.106109479,453.153052477,6.046942997,Other,random,H6,6.046950000,RC2_0018_ICR-1_p08
333.134325358,339.181268356,6.046942997,Other,random,H6,6.046950000,RC2_0018_ICR-1_p08
537.225979723,543.272923720,6.046943997,Other,random,H6,6.046950000,RC2_0018_ICR-1_p08
467.046573351,473.093517349,6.046943997,Other,random,H6,6.046950000,RC2_0018_ICR-1_p08
468.057127669,474.104071666,6.046943997,Other,random,H6,6.046950000,RC2_0018_ICR-1_p08
347.090232882,353.137176880,6.046943997,Other,random,H6,6.046950000,RC2_0018_ICR-1_p08
489.067350525,495.114294523,6.046943997,Other,random,H6,6.046950000,RC2_0018_ICR-1_p08
537.153312131,543.200256129,6.046943997,Other,random,H6,6.046950000,RC2_0018_ICR-1_p08
611.104401294,617.151345291,6.046943997,Other,random,H6,6.046950000,RC2_0018_ICR-1_p08
433.077400365,439.124344362,6.046943997,Other,random,H6,6.046950000,RC2_0018_ICR-1_p08
550.229696601,556.276640598,6.046943997,Other,random,H6,6.046950000,RC2_0018_ICR-1_p08
311.040831593,317.087776590,6.046944997,Other,random,H6,6.046950000,RC2_0018_ICR-1_p08
579.208368650,585.255313647,6.046944997,Other,random,H6,6.046950000,RC2_0018_ICR-1_p08
691.079584583,697.126529580,6.046944997,Other,random,H6,6.046950000,RC2_0018_ICR-1_p08
283.082364808,289.129309805,6.046944997,Other,random,H6,6.046950000,RC2_0018_ICR-1_p08
447.056618758,453.103563755,6.046944997,Other,random,H6,6.046950000,RC2_0018_ICR-1_p08
453.030979163,459.077924160,6.046944997,Other,random,H6,6.046950000,RC2_0018_ICR-1_p08
293.103072460,299.150018457,6.046945997,Other,random,H6,6.046950000,RC2_0018_ICR-1_p08
296.041188938,302.088134936,6.046945997,Other,random,H6,6.046950000,RC2_0018_ICR-1_p08
447.020366961,453.067312959,6.046945997,Other,random,H6,6.046950000,RC2_0018_ICR-1_p08
281.066734142,287.113680139,6.046945997,Other,random,H6,6.046950000,RC2_0018_ICR-1_p08
358.093177011,364.140123009,6.046945997,Other,random,H6,6.046950000,RC2_0018_ICR-1_p08
525.140389682,531.187335679,6.046945997,Other,random,H6,6.046950000,RC2_0018_ICR-1_p08
491.119414986,497.166360984,6.046945997,Other,random,H6,6.046950000,RC2_0018_ICR-1_p08
723.141516294,729.188462291,6.046945997,Other,random,H6,6.046950000,RC2_0018_ICR-1_p08
547.036475557,553.083422554,6.046946997,Other,random,H6,6.046950000,RC2_0018_ICR-1_p08
309.025204927,315.072151925,6.046946997,Other,random,H6,6.046950000,RC2_0018_ICR-1_p08
415.097642467,421.144589465,6.046946997,Other,random,H6,6.046950000,RC2_0018_ICR-1_p08
427.043483294,433.090430291,6.046946997,Other,random,H6,6.046950000,RC2_0018_ICR-1_p08
437.217903082,443.264850079,6.046946997,Other,random,H6,6.046950000,RC2_0018_ICR-1_p08
481.171365926,487.218312923,6.046946997,Other,random,H6,6.046950000,RC2_0018_ICR-1_p08
663.193301391,669.240248388,6.046946997,Other,random,H6,6.046950000,RC2_0018_ICR-1_p08
572.125750477,578.172698474,6.046947997,Other,random,H6,6.046950000,RC2_0018_ICR-1_p08
339.108453765,345.155401762,6.046947997,Other,random,H6,6.046950000,RC2_0018_ICR-1_p08
385.105673116,391.152622114,6.046948997,Other,random,H6,6.046950000,RC2_0018_ICR-1_p08
427.051585249,433.098534246,6.046948997,Other,random,H6,6.046950000,RC2_0018_ICR-1_p08
585.138088306,591.185037304,6.046948997,Other,random,H6,6.046950000,RC2_0018_ICR-1_p08
701.245409419,707.292358416,6.046948997,Other,random,H6,6.046950000,RC2_0018_ICR-1_p08
353.079667203,359.126616200,6.046948997,Other,random,H6,6.046950000,RC2_0018_ICR-1_p08
413.100724696,419.147673694,6.046948997,Other,random,H6,6.046950000,RC2_0018_ICR-1_p08
499.124403973,505.171352970,6.046948997,Other,random,H6,6.046950000,RC2_0018_ICR-1_p08
501.067369048,507.114318045,6.046948997,Other,random,H6,6.046950000,RC2_0018_ICR-1_p08
307.118651648,313.165601645,6.046949997,Other,random,H6,6.046950000,RC2_0018_ICR-1_p08
349.056375827,355.103325824,6.046949997,Other,random,H6,6.046950000,RC2_0018_ICR-1_p08
389.014903134,395.061853131,6.046949997,Other,random,H6,6.046950000,RC2_0018_ICR-1_p08
431.061844698,437.108794696,6.046949997,Other,random,H6,6.046950000,RC2_0018_ICR-1_p08
455.074861670,461.121811667,6.046949997,Other,random,H6,6.046950000,RC2_0018_ICR-1_p08
593.114973451,599.161923448,6.046949997,Other,random,H6,6.046950000,RC2_0018_ICR-1_p08
291.051104998,297.098054995,6.046949997,Other,random,H6,6.046950000,RC2_0018_ICR-1_p08
457.108306236,463.155256233,6.046949997,Other,random,H6,6.046950000,RC2_0018_ICR-1_p08
537.161278087,543.208229084,6.046950997,Other,random,H6,6.046950000,RC2_0018_ICR-1_p08
369.064613317,375.111564315,6.046950997,Other,random,H6,6.046950000,RC2_0018_ICR-1_p08
587.177185840,593.224136837,6.046950997,Other,random,H6,6.046950000,RC2_0018_ICR-1_p08
453.168508390,459.215459387,6.046950997,Other,random,H6,6.046950000,RC2_0018_ICR-1_p08
289.071831128,295.118783125,6.046951997,Other,random,H6,6.046950000,RC2_0018_ICR-1_p08
427.080041089,433.126993086,6.046951997,Other,random,H6,6.046950000,RC2_0018_ICR-1_p08
599.104238773,605.151190770,6.046951997,Other,random,H6,6.046950000,RC2_0018_ICR-1_p08
267.051106954,273.098058951,6.046951997,Other,random,H6,6.046950000,RC2_0018_ICR-1_p08
335.113503229,341.160455226,6.046951997,Other,random,H6,6.046950000,RC2_0018_ICR-1_p08
483.114298000,489.161249997,6.046951997,Other,random,H6,6.046950000,RC2_0018_ICR-1_p08
347.053710088,353.100663085,6.046952997,Other,random,H6,6.046950000,RC2_0018_ICR-1_p08
511.124473495,517.171426492,6.046952997,Other,random,H6,6.046950000,RC2_0018_ICR-1_p08
293.066690664,299.113643661,6.046952997,Other,random,H6,6.046950000,RC2_0018_ICR-1_p08
347.113430752,353.160383749,6.046952997,Other,random,H6,6.046950000,RC2_0018_ICR-1_p08
369.074437262,375.121390259,6.046952997,Other,random,H6,6.046950000,RC2_0018_ICR-1_p08
639.172254465,645.219208462,6.046953997,Other,random,H6,6.046950000,RC2_0018_ICR-1_p08
231.030005505,237.076959502,6.046953997,Other,random,H6,6.046950000,RC2_0018_ICR-1_p08
309.134276314,315.181230311,6.046953997,Other,random,H6,6.046950000,RC2_0018_ICR-1_p08
455.128979366,461.175933363,6.046953997,Other,random,H6,6.046950000,RC2_0018_ICR-1_p08
319.009446785,325.056400782,6.046953997,Other,random,H6,6.046950000,RC2_0018_ICR-1_p08
396.065081490,402.112035487,6.046953997,Other,random,H6,6.046950000,RC2_0018_ICR-1_p08
541.148285667,547.195239664,6.046953997,Other,random,H6,6.046950000,RC2_0018_ICR-1_p08
387.035520265,393.082475262,6.046954997,Other,random,H6,6.046950000,RC2_0018_ICR-1_p08
417.095571233,423.142526230,6.046954997,Other,random,H6,6.046950000,RC2_0018_ICR-1_p08
541.257276054,547.304231051,6.046954997,Other,random,H6,6.046950000,RC2_0018_ICR-1_p08
450.039166986,456.086122983,6.046955997,Other,random,H6,6.046950000,RC2_0018_ICR-1_p08
483.142676841,489.189632838,6.046955997,Other,random,H6,6.046950000,RC2_0018_ICR-1_p08
489.116768248,495.163724245,6.046955997,Other,random,H6,6.046950000,RC2_0018_ICR-1_p08
565.192639462,571.239595460,6.046955997,Other,random,H6,6.046950000,RC2_0018_ICR-1_p08
239.056189373,245.103145370,6.046955997,Other,random,H6,6.046950000,RC2_0018_ICR-1_p08
573.125126857,579.172082854,6.046955997,Other,random,H6,6.046950000,RC2_0018_ICR-1_p08
479.147798304,485.194754302,6.046955997,Other,random,H6,6.046950000,RC2_0018_ICR-1_p08
729.131249613,735.178206610,6.046956997,Other,random,H6,6.046950000,RC2_0018_ICR-1_p08
313.035381378,319.082338375,6.046956997,Other,random,H6,6.046950000,RC2_0018_ICR-1_p08
455.147708260,461.194665257,6.046956997,Other,random,H6,6.046950000,RC2_0018_ICR-1_p08
333.025090973,339.072047970,6.046956997,Other,random,H6,6.046950000,RC2_0018_ICR-1_p08
555.163835856,561.210792853,6.046956997,Other,random,H6,6.046950000,RC2_0018_ICR-1_p08
261.040570752,267.087528749,6.046957997,Other,random,H6,6.046950000,RC2_0018_ICR-1_p08
281.030325346,287.077283344,6.046957997,Other,random,H6,6.046950000,RC2_0018_ICR-1_p08
303.123750112,309.170708109,6.046957997,Other,random,H6,6.046950000,RC2_0018_ICR-1_p08
347.149943547,353.196901544,6.046957997,Other,random,H6,6.046950000,RC2_0018_ICR-1_p08
369.025124540,375.072082537,6.046957997,Other,random,H6,6.046950000,RC2_0018_ICR-1_p08
415.079904567,421.126862564,6.046957997,Other,random,H6,6.046950000,RC2_0018_ICR-1_p08
415.139809230,421.186767227,6.046957997,Other,random,H6,6.046950000,RC2_0018_ICR-1_p08
592.130848985,598.177806982,6.046957997,Other,random,H6,6.046950000,RC2_0018_ICR-1_p08
253.035448766,259.082407763,6.046958997,Other,random,H6,6.046950000,RC2_0018_ICR-1_p08
263.092574213,269.139533210,6.046958997,Other,random,H6,6.046950000,RC2_0018_ICR-1_p08
413.124008565,419.170967563,6.046958997,Other,random,H6,6.046950000,RC2_0018_ICR-1_p08
458.036469016,464.083428014,6.046958997,Other,random,H6,6.046950000,RC2_0018_ICR-1_p08
761.158017522,767.204976519,6.046958997,Other,random,H6,6.046950000,RC2_0018_ICR-1_p08
361.019884554,367.066843551,6.046958997,Other,random,H6,6.046950000,RC2_0018_ICR-1_p08
477.140065594,483.187024591,6.046958997,Other,random,H6,6.046950000,RC2_0018_ICR-1_p08
385.092747189,391.139706186,6.046958997,Other,random,H6,6.046950000,RC2_0018_ICR-1_p08
415.116319362,421.163278359,6.046958997,Other,random,H6,6.046950000,RC2_0018_ICR-1_p08
531.127444016,537.174404013,6.046959997,Other,random,H6,6.046950000,RC2_0018_ICR-1_p08
447.093056553,453.140016550,6.046959997,Other,random,H6,6.046950000,RC2_0018_ICR-1_p08
371.162854519,377.209814516,6.046959997,Other,random,H6,6.046950000,RC2_0018_ICR-1_p08
372.035951609,378.082911606,6.046959997,Other,random,H6,6.046950000,RC2_0018_ICR-1_p08
415.043661771,421.090621768,6.046959997,Other,random,H6,6.046950000,RC2_0018_ICR-1_p08
298.093205400,305.070022168,6.976816768,Other,random,C_1H1N_1S1,6.976823000,RC2_0018_ICR-1_p08
312.108791588,319.085609356,6.976817768,Other,random,C_1H1N_1S1,6.976823000,RC2_0018_ICR-1_p08
490.171835315,497.148654083,6.976818768,Other,random,C_1H1N_1S1,6.976823000,RC2_0018_ICR-1_p08
389.075558793,396.106515257,7.030956464,Other,random,H5O1N_1,7.030966000,RC2_0018_ICR-1_p08
252.051450299,259.082407763,7.030957464,Other,random,H5O1N_1,7.030966000,RC2_0018_ICR-1_p08
408.129878648,415.160838112,7.030959464,Other,random,H5O1N_1,7.030966000,RC2_0018_ICR-1_p08
322.020362854,329.051322318,7.030959464,Other,random,H5O1N_1,7.030966000,RC2_0018_ICR-1_p08
340.103690169,347.134650633,7.030960464,Other,random,H5O1N_1,7.030966000,RC2_0018_ICR-1_p08
320.041097984,327.072060447,7.030962464,Other,random,H5O1N_1,7.030966000,RC2_0018_ICR-1_p08
496.109727925,503.140690389,7.030962464,Other,random,H5O1N_1,7.030966000,RC2_0018_ICR-1_p08
460.161227069,467.192190533,7.030963464,Other,random,H5O1N_1,7.030966000,RC2_0018_ICR-1_p08
538.083938898,545.114903362,7.030964464,Other,random,H5O1N_1,7.030966000,RC2_0018_ICR-1_p08
332.090536228,339.121500692,7.030964464,Other,random,H5O1N_1,7.030966000,RC2_0018_ICR-1_p08
454.062705361,461.093670825,7.030965464,Other,random,H5O1N_1,7.030966000,RC2_0018_ICR-1_p08
452.083256492,459.114224956,7.030968464,Other,random,H5O1N_1,7.030966000,RC2_0018_ICR-1_p08
294.061944068,301.092914532,7.030970464,Other,random,H5O1N_1,7.030966000,RC2_0018_ICR-1_p08
506.057516987,513.088487451,7.030970464,Other,random,H5O1N_1,7.030966000,RC2_0018_ICR-1_p08
330.061854635,337.092826099,7.030971464,Other,random,H5O1N_1,7.030966000,RC2_0018_ICR-1_p08
446.145545881,453.176517345,7.030971464,Other,random,H5O1N_1,7.030966000,RC2_0018_ICR-1_p08
466.062545885,473.093517349,7.030971464,Other,random,H5O1N_1,7.030966000,RC2_0018_ICR-1_p08
366.155732675,373.186705138,7.030972464,Other,random,H5O1N_1,7.030966000,RC2_0018_ICR-1_p08
558.125261203,565.156234667,7.030973464,Other,random,H5O1N_1,7.030966000,RC2_0018_ICR-1_p08
325.056400782,333.025090973,7.968690191,Other,random,CH_4,7.968700000,RC2_0018_ICR-1_p08
495.114294523,503.082984714,7.968690191,Other,random,CH_4,7.968700000,RC2_0018_ICR-1_p08
363.085145941,371.053836132,7.968690191,Other,random,CH_4,7.968700000,RC2_0018_ICR-1_p08
479.228406851,487.197097042,7.968690191,Other,random,CH_4,7.968700000,RC2_0018_ICR-1_p08
573.197959447,581.166649638,7.968690191,Other,random,CH_4,7.968700000,RC2_0018_ICR-1_p08
286.093252877,294.061944068,7.968691191,Other,random,CH_4,7.968700000,RC2_0018_ICR-1_p08
287.150091934,295.118783125,7.968691191,Other,random,CH_4,7.968700000,RC2_0018_ICR-1_p08
319.095298302,327.063989493,7.968691191,Other,random,CH_4,7.968700000,RC2_0018_ICR-1_p08
335.090267360,343.058958551,7.968691191,Other,random,CH_4,7.968700000,RC2_0018_ICR-1_p08
339.108453765,347.077144956,7.968691191,Other,random,CH_4,7.968700000,RC2_0018_ICR-1_p08
375.085130463,383.053821654,7.968691191,Other,random,CH_4,7.968700000,RC2_0018_ICR-1_p08
693.313638020,701.282329211,7.968691191,Other,random,CH_4,7.968700000,RC2_0018_ICR-1_p08
253.071879561,261.040570752,7.968691191,Other,random,CH_4,7.968700000,RC2_0018_ICR-1_p08
345.118953967,353.087646158,7.968692191,Other,random,CH_4,7.968700000,RC2_0018_ICR-1_p08
437.108794696,445.077486887,7.968692191,Other,random,CH_4,7.968700000,RC2_0018_ICR-1_p08
629.208766491,637.177458682,7.968692191,Other,random,CH_4,7.968700000,RC2_0018_ICR-1_p08
276.108965020,284.077658211,7.968693191,Other,random,CH_4,7.968700000,RC2_0018_ICR-1_p08
269.139533210,277.108226401,7.968693191,Other,random,CH_4,7.968700000,RC2_0018_ICR-1_p08
351.085128419,359.053821610,7.968693191,Other,random,CH_4,7.968700000,RC2_0018_ICR-1_p08
432.122605734,440.091298925,7.968693191,Other,random,CH_4,7.968700000,RC2_0018_ICR-1_p08
489.176519912,497.145213103,7.968693191,Other,random,CH_4,7.968700000,RC2_0018_ICR-1_p08
503.241538822,511.210232013,7.968693191,Other,random,CH_4,7.968700000,RC2_0018_ICR-1_p08
247.082414240,255.051107431,7.968693191,Other,random,CH_4,7.968700000,RC2_0018_ICR-1_p08
283.118813603,291.087506794,7.968693191,Other,random,CH_4,7.968700000,RC2_0018_ICR-1_p08
321.134254837,329.102948027,7.968693191,Other,random,CH_4,7.968700000,RC2_0018_ICR-1_p08
329.124132908,337.092826099,7.968693191,Other,random,CH_4,7.968700000,RC2_0018_ICR-1_p08
609.218999896,617.187693087,7.968693191,Other,random,CH_4,7.968700000,RC2_0018_ICR-1_p08
643.115669290,651.084362481,7.968693191,Other,random,CH_4,7.968700000,RC2_0018_ICR-1_p08
245.139529165,253.108223356,7.968694191,Other,random,CH_4,7.968700000,RC2_0018_ICR-1_p08
417.103645187,425.072339378,7.968694191,Other,random,CH_4,7.968700000,RC2_0018_ICR-1_p08
425.158298895,433.126993086,7.968694191,Other,random,CH_4,7.968700000,RC2_0018_ICR-1_p08
445.062284972,453.030979163,7.968694191,Other,random,CH_4,7.968700000,RC2_0018_ICR-1_p08
584.198657589,592.167351780,7.968694191,Other,random,CH_4,7.968700000,RC2_0018_ICR-1_p08
309.097919519,317.066613709,7.968694191,Other,random,CH_4,7.968700000,RC2_0018_ICR-1_p08
375.157922054,383.126616245,7.968694191,Other,random,CH_4,7.968700000,RC2_0018_ICR-1_p08
761.304131700,769.272826891,7.968695191,Other,random,CH_4,7.968700000,RC2_0018_ICR-1_p08
423.215235821,431.183931012,7.968695191,Other,random,CH_4,7.968700000,RC2_0018_ICR-1_p08
610.214519298,618.183214489,7.968695191,Other,random,CH_4,7.968700000,RC2_0018_ICR-1_p08
267.051106954,275.019802144,7.968695191,Other,random,CH_4,7.968700000,RC2_0018_ICR-1_p08
293.139452255,301.108147446,7.968695191,Other,random,CH_4,7.968700000,RC2_0018_ICR-1_p08
493.171282449,501.139977639,7.968695191,Other,random,CH_4,7.968700000,RC2_0018_ICR-1_p08
583.203223186,591.171918377,7.968695191,Other,random,CH_4,7.968700000,RC2_0018_ICR-1_p08
677.245580373,685.214275564,7.968695191,Other,random,CH_4,7.968700000,RC2_0018_ICR-1_p08
737.230826068,745.199521259,7.968695191,Other,random,CH_4,7.968700000,RC2_0018_ICR-1_p08
283.155192398,291.123888589,7.968696191,Other,random,CH_4,7.968700000,RC2_0018_ICR-1_p08
447.196560971,455.165257162,7.968696191,Other,random,CH_4,7.968700000,RC2_0018_ICR-1_p08
449.139610045,457.108306236,7.968696191,Other,random,CH_4,7.968700000,RC2_0018_ICR-1_p08
625.104989567,633.073685758,7.968696191,Other,random,CH_4,7.968700000,RC2_0018_ICR-1_p08
323.126517634,331.095213825,7.968696191,Other,random,CH_4,7.968700000,RC2_0018_ICR-1_p08
513.233995633,521.202691824,7.968696191,Other,random,CH_4,7.968700000,RC2_0018_ICR-1_p08
323.113527707,331.082224898,7.968697191,Other,random,CH_4,7.968700000,RC2_0018_ICR-1_p08
393.059256392,401.027953583,7.968697191,Other,random,CH_4,7.968700000,RC2_0018_ICR-1_p08
669.131493000,677.100190191,7.968697191,Other,random,CH_4,7.968700000,RC2_0018_ICR-1_p08
531.135515970,539.104213161,7.968697191,Other,random,CH_4,7.968700000,RC2_0018_ICR-1_p08
625.286698545,633.255395736,7.968697191,Other,random,CH_4,7.968700000,RC2_0018_ICR-1_p08
336.108756633,344.077454824,7.968698191,Other,random,CH_4,7.968700000,RC2_0018_ICR-1_p08
521.252112546,529.220810737,7.968698191,Other,random,CH_4,7.968700000,RC2_0018_ICR-1_p08
231.051120386,239.019818577,7.968698191,Other,random,CH_4,7.968700000,RC2_0018_ICR-1_p08
392.135009589,400.103707780,7.968698191,Other,random,CH_4,7.968700000,RC2_0018_ICR-1_p08
259.082407763,267.051106954,7.968699191,Other,random,CH_4,7.968700000,RC2_0018_ICR-1_p08
483.077775206,491.046474397,7.968699191,Other,random,CH_4,7.968700000,RC2_0018_ICR-1_p08
353.137176880,361.105876071,7.968699191,Other,random,CH_4,7.968700000,RC2_0018_ICR-1_p08
483.187024591,491.155723782,7.968699191,Other,random,CH_4,7.968700000,RC2_0018_ICR-1_p08
493.184342375,501.153041566,7.968699191,Other,random,CH_4,7.968700000,RC2_0018_ICR-1_p08
556.203625009,564.172324200,7.968699191,Other,random,CH_4,7.968700000,RC2_0018_ICR-1_p08
277.108226401,285.076925592,7.968699191,Other,random,CH_4,7.968700000,RC2_0018_ICR-1_p08
485.166390461,493.135089652,7.968699191,Other,random,CH_4,7.968700000,RC2_0018_ICR-1_p08
329.051322318,337.020022509,7.968700191,Other,random,CH_4,7.968700000,RC2_0018_ICR-1_p08
377.209814516,385.178514707,7.968700191,Other,random,CH_4,7.968700000,RC2_0018_ICR-1_p08
523.072900308,531.041600498,7.968700191,Other,random,CH_4,7.968700000,RC2_0018_ICR-1_p08
811.267059752,819.235759943,7.968700191,Other,random,CH_4,7.968700000,RC2_0018_ICR-1_p08
481.098650335,489.067350525,7.968700191,Other,random,CH_4,7.968700000,RC2_0018_ICR-1_p08
282.062028545,290.030728736,7.968700191,Other,random,CH_4,7.968700000,RC2_0018_ICR-1_p08
315.144827516,323.113527707,7.968700191,Other,random,CH_4,7.968700000,RC2_0018_ICR-1_p08
363.102799842,371.071500032,7.968700191,Other,random,CH_4,7.968700000,RC2_0018_ICR-1_p08
281.103129937,289.071831128,7.968701191,Other,random,CH_4,7.968700000,RC2_0018_ICR-1_p08
381.046201943,389.014903134,7.968701191,Other,random,CH_4,7.968700000,RC2_0018_ICR-1_p08
407.074960580,415.043661771,7.968701191,Other,random,CH_4,7.968700000,RC2_0018_ICR-1_p08
473.057118553,481.025819744,7.968701191,Other,random,CH_4,7.968700000,RC2_0018_ICR-1_p08
563.176886797,571.145587988,7.968701191,Other,random,CH_4,7.968700000,RC2_0018_ICR-1_p08
597.218923374,605.187624565,7.968701191,Other,random,CH_4,7.968700000,RC2_0018_ICR-1_p08
401.181564719,409.150265910,7.968701191,Other,random,CH_4,7.968700000,RC2_0018_ICR-1_p08
417.176408778,425.145109969,7.968701191,Other,random,CH_4,7.968700000,RC2_0018_ICR-1_p08
499.145616854,507.114318045,7.968701191,Other,random,CH_4,7.968700000,RC2_0018_ICR-1_p08
655.261065995,663.229768186,7.968702191,Other,random,CH_4,7.968700000,RC2_0018_ICR-1_p08
255.123872022,263.092574213,7.968702191,Other,random,CH_4,7.968700000,RC2_0018_ICR-1_p08
301.056502737,309.025204927,7.968702191,Other,random,CH_4,7.968700000,RC2_0018_ICR-1_p08
436.174171951,444.142874142,7.968702191,Other,random,CH_4,7.968700000,RC2_0018_ICR-1_p08
631.188190360,639.156893551,7.968703191,Other,random,CH_4,7.968700000,RC2_0018_ICR-1_p08
651.229570665,659.198273856,7.968703191,Other,random,CH_4,7.968700000,RC2_0018_ICR-1_p08
310.056912126,318.025615317,7.968703191,Other,random,CH_4,7.968700000,RC2_0018_ICR-1_p08
323.149991502,331.118694693,7.968703191,Other,random,CH_4,7.968700000,RC2_0018_ICR-1_p08
339.139214592,347.107917783,7.968703191,Other,random,CH_4,7.968700000,RC2_0018_ICR-1_p08
511.072942785,519.041645976,7.968703191,Other,random,CH_4,7.968700000,RC2_0018_ICR-1_p08
603.135697103,611.104401294,7.968704191,Other,random,CH_4,7.968700000,RC2_0018_ICR-1_p08
313.129155850,321.097860041,7.968704191,Other,random,CH_4,7.968700000,RC2_0018_ICR-1_p08
517.184489419,525.153193610,7.968704191,Other,random,CH_4,7.968700000,RC2_0018_ICR-1_p08
539.104213161,547.072917352,7.968704191,Other,random,CH_4,7.968700000,RC2_0018_ICR-1_p08
326.088097980,334.056802171,7.968704191,Other,random,CH_4,7.968700000,RC2_0018_ICR-1_p08
465.140017072,473.108721263,7.968704191,Other,random,CH_4,7.968700000,RC2_0018_ICR-1_p08
489.189632838,497.158337029,7.968704191,Other,random,CH_4,7.968700000,RC2_0018_ICR-1_p08
369.168421734,377.137126925,7.968705191,Other,random,CH_4,7.968700000,RC2_0018_ICR-1_p08
447.215254866,455.183960056,7.968705191,Other,random,CH_4,7.968700000,RC2_0018_ICR-1_p08
350.124471821,358.093177011,7.968705191,Other,random,CH_4,7.968700000,RC2_0018_ICR-1_p08
407.134489245,415.103194436,7.968705191,Other,random,CH_4,7.968700000,RC2_0018_ICR-1_p08
697.308480557,705.277185748,7.968705191,Other,random,CH_4,7.968700000,RC2_0018_ICR-1_p08
307.082288853,315.050994044,7.968705191,Other,random,CH_4,7.968700000,RC2_0018_ICR-1_p08
497.215808706,505.184513896,7.968705191,Other,random,CH_4,7.968700000,RC2_0018_ICR-1_p08
367.103377346,375.072082537,7.968705191,Other,random,CH_4,7.968700000,RC2_0018_ICR-1_p08
263.095976194,271.064682385,7.968706191,Other,random,CH_4,7.968700000,RC2_0018_ICR-1_p08
515.205276548,523.173982739,7.968706191,Other,random,CH_4,7.968700000,RC2_0018_ICR-1_p08
323.077086912,331.045794103,7.968707191,Other,random,CH_4,7.968700000,RC2_0018_ICR-1_p08
566.115138275,574.083845466,7.968707191,Other,random,CH_4,7.968700000,RC2_0018_ICR-1_p08
542.115081231,550.083789422,7.968708191,Other,random,CH_4,7.968700000,RC2_0018_ICR-1_p08
279.051098476,287.019806667,7.968708191,Other,random,CH_4,7.968700000,RC2_0018_ICR-1_p08
367.139622142,375.108330333,7.968708191,Other,random,CH_4,7.968700000,RC2_0018_ICR-1_p08
306.083037472,314.051745662,7.968708191,Other,random,CH_4,7.968700000,RC2_0018_ICR-1_p08
379.116272796,387.084980986,7.968708191,Other,random,CH_4,7.968700000,RC2_0018_ICR-1_p08
366.132240807,374.100948997,7.968708191,Other,random,CH_4,7.968700000,RC2_0018_ICR-1_p08
426.112193531,434.080901722,7.968708191,Other,random,CH_4,7.968700000,RC2_0018_ICR-1_p08
293.066690664,301.035399855,7.968709191,Other,random,CH_4,7.968700000,RC2_0018_ICR-1_p08
309.147372240,317.116081431,7.968709191,Other,random,CH_4,7.968700000,RC2_0018_ICR-1_p08
328.067354851,336.036064042,7.968709191,Other,random,CH_4,7.968700000,RC2_0018_ICR-1_p08
347.199379269,355.168088460,7.968709191,Other,random,CH_4,7.968700000,RC2_0018_ICR-1_p08
381.168303257,389.137012448,7.968709191,Other,random,CH_4,7.968700000,RC2_0018_ICR-1_p08
395.207272314,403.175981505,7.968709191,Other,random,CH_4,7.968700000,RC2_0018_ICR-1_p08
473.238969531,481.207678722,7.968709191,Other,random,CH_4,7.968700000,RC2_0018_ICR-1_p08
493.135089652,501.103798843,7.968709191,Other,random,CH_4,7.968700000,RC2_0018_ICR-1_p08
485.230993098,493.220813170,7.989820072,Other,random,C_2O2,7.989830000,RC2_0018_ICR-1_p08
393.191744647,401.181564719,7.989820072,Other,random,C_2O2,7.989830000,RC2_0018_ICR-1_p08
310.093259922,318.083079994,7.989820072,Other,random,C_2O2,7.989830000,RC2_0018_ICR-1_p08
359.186326864,367.176146937,7.989820072,Other,random,C_2O2,7.989830000,RC2_0018_ICR-1_p08
237.076959502,245.066780574,7.989821072,Other,random,C_2O2,7.989830000,RC2_0018_ICR-1_p08
337.121062940,345.110884013,7.989821072,Other,random,C_2O2,7.989830000,RC2_0018_ICR-1_p08
419.134597767,427.124418839,7.989821072,Other,random,C_2O2,7.989830000,RC2_0018_ICR-1_p08
575.177091318,583.166912391,7.989821072,Other,random,C_2O2,7.989830000,RC2_0018_ICR-1_p08
375.035555742,383.025376814,7.989821072,Other,random,C_2O2,7.989830000,RC2_0018_ICR-1_p08
691.188377971,699.178200043,7.989822072,Other,random,C_2O2,7.989830000,RC2_0018_ICR-1_p08
550.156783011,558.146605083,7.989822072,Other,random,C_2O2,7.989830000,RC2_0018_ICR-1_p08
289.108232923,297.098054995,7.989822072,Other,random,C_2O2,7.989830000,RC2_0018_ICR-1_p08
457.077656408,465.067479480,7.989823072,Other,random,C_2O2,7.989830000,RC2_0018_ICR-1_p08
331.082224898,339.072047970,7.989823072,Other,random,C_2O2,7.989830000,RC2_0018_ICR-1_p08
701.245409419,709.235232491,7.989823072,Other,random,C_2O2,7.989830000,RC2_0018_ICR-1_p08
359.144237101,367.134061173,7.989824072,Other,random,C_2O2,7.989830000,RC2_0018_ICR-1_p08
384.121756649,392.111580721,7.989824072,Other,random,C_2O2,7.989830000,RC2_0018_ICR-1_p08
413.154765392,421.144589465,7.989824072,Other,random,C_2O2,7.989830000,RC2_0018_ICR-1_p08
417.082515306,425.072339378,7.989824072,Other,random,C_2O2,7.989830000,RC2_0018_ICR-1_p08
435.093034031,443.082858103,7.989824072,Other,random,C_2O2,7.989830000,RC2_0018_ICR-1_p08
487.160710247,495.150534319,7.989824072,Other,random,C_2O2,7.989830000,RC2_0018_ICR-1_p08
309.170708109,317.160532181,7.989824072,Other,random,C_2O2,7.989830000,RC2_0018_ICR-1_p08
451.189162520,459.178986592,7.989824072,Other,random,C_2O2,7.989830000,RC2_0018_ICR-1_p08
587.213506636,595.203330708,7.989824072,Other,random,C_2O2,7.989830000,RC2_0018_ICR-1_p08
443.134601812,451.124426884,7.989825072,Other,random,C_2O2,7.989830000,RC2_0018_ICR-1_p08
305.066657187,313.056482259,7.989825072,Other,random,C_2O2,7.989830000,RC2_0018_ICR-1_p08
403.152773635,411.142598707,7.989825072,Other,random,C_2O2,7.989830000,RC2_0018_ICR-1_p08
431.207451880,439.197276952,7.989825072,Other,random,C_2O2,7.989830000,RC2_0018_ICR-1_p08
507.259725227,515.249551299,7.989826072,Other,random,C_2O2,7.989830000,RC2_0018_ICR-1_p08
445.077486887,453.067312959,7.989826072,Other,random,C_2O2,7.989830000,RC2_0018_ICR-1_p08
489.067350525,497.057176598,7.989826072,Other,random,C_2O2,7.989830000,RC2_0018_ICR-1_p08
497.072373512,505.062199584,7.989826072,Other,random,C_2O2,7.989830000,RC2_0018_ICR-1_p08
527.119531553,535.109358625,7.989827072,Other,random,C_2O2,7.989830000,RC2_0018_ICR-1_p08
699.229866753,707.219693825,7.989827072,Other,random,C_2O2,7.989830000,RC2_0018_ICR-1_p08
487.124467451,495.114294523,7.989827072,Other,random,C_2O2,7.989830000,RC2_0018_ICR-1_p08
607.231953070,615.221780142,7.989827072,Other,random,C_2O2,7.989830000,RC2_0018_ICR-1_p08
289.071831128,297.061659200,7.989828072,Other,random,C_2O2,7.989830000,RC2_0018_ICR-1_p08
359.040778683,367.030606755,7.989828072,Other,random,C_2O2,7.989830000,RC2_0018_ICR-1_p08
311.113506185,319.103334257,7.989828072,Other,random,C_2O2,7.989830000,RC2_0018_ICR-1_p08
715.261309606,723.251137678,7.989828072,Other,random,C_2O2,7.989830000,RC2_0018_ICR-1_p08
249.113355820,257.103183892,7.989828072,Other,random,C_2O2,7.989830000,RC2_0018_ICR-1_p08
493.098788856,501.088616928,7.989828072,Other,random,C_2O2,7.989830000,RC2_0018_ICR-1_p08
633.146514348,641.136343420,7.989829072,Other,random,C_2O2,7.989830000,RC2_0018_ICR-1_p08
351.072066492,359.061895564,7.989829072,Other,random,C_2O2,7.989830000,RC2_0018_ICR-1_p08
381.147183376,389.137012448,7.989829072,Other,random,C_2O2,7.989830000,RC2_0018_ICR-1_p08
383.053821654,391.043650726,7.989829072,Other,random,C_2O2,7.989830000,RC2_0018_ICR-1_p08
501.103798843,509.093628915,7.989830072,Other,random,C_2O2,7.989830000,RC2_0018_ICR-1_p08
699.266151549,707.255981621,7.989830072,Other,random,C_2O2,7.989830000,RC2_0018_ICR-1_p08
311.069088434,319.058918506,7.989830072,Other,random,C_2O2,7.989830000,RC2_0018_ICR-1_p08
391.139706186,399.129537258,7.989831072,Other,random,C_2O2,7.989830000,RC2_0018_ICR-1_p08
239.128991963,247.118823036,7.989831072,Other,random,C_2O2,7.989830000,RC2_0018_ICR-1_p08
319.045898580,327.035729652,7.989831072,Other,random,C_2O2,7.989830000,RC2_0018_ICR-1_p08
457.236169517,465.226000589,7.989831072,Other,random,C_2O2,7.989830000,RC2_0018_ICR-1_p08
469.171394403,477.161225475,7.989831072,Other,random,C_2O2,7.989830000,RC2_0018_ICR-1_p08
379.139658664,387.129489736,7.989831072,Other,random,C_2O2,7.989830000,RC2_0018_ICR-1_p08
332.090536228,340.080367300,7.989831072,Other,random,C_2O2,7.989830000,RC2_0018_ICR-1_p08
503.046527919,511.036358991,7.989831072,Other,random,C_2O2,7.989830000,RC2_0018_ICR-1_p08
277.035490810,285.025322882,7.989832072,Other,random,C_2O2,7.989830000,RC2_0018_ICR-1_p08
298.093205400,306.083037472,7.989832072,Other,random,C_2O2,7.989830000,RC2_0018_ICR-1_p08
330.098259431,338.088091503,7.989832072,Other,random,C_2O2,7.989830000,RC2_0018_ICR-1_p08
349.165516213,357.155348285,7.989832072,Other,random,C_2O2,7.989830000,RC2_0018_ICR-1_p08
523.145683898,531.135515970,7.989832072,Other,random,C_2O2,7.989830000,RC2_0018_ICR-1_p08
263.056167418,271.046000490,7.989833072,Other,random,C_2O2,7.989830000,RC2_0018_ICR-1_p08
307.118651648,315.108484720,7.989833072,Other,random,C_2O2,7.989830000,RC2_0018_ICR-1_p08
445.113730683,453.103563755,7.989833072,Other,random,C_2O2,7.989830000,RC2_0018_ICR-1_p08
538.120272694,546.110105766,7.989833072,Other,random,C_2O2,7.989830000,RC2_0018_ICR-1_p08
333.134325358,341.124159431,7.989834072,Other,random,C_2O2,7.989830000,RC2_0018_ICR-1_p08
453.131977595,461.121811667,7.989834072,Other,random,C_2O2,7.989830000,RC2_0018_ICR-1_p08
331.131665620,339.121500692,7.989835072,Other,random,C_2O2,7.989830000,RC2_0018_ICR-1_p08
523.246829330,531.236665402,7.989836072,Other,random,C_2O2,7.989830000,RC2_0018_ICR-1_p08
615.208632216,623.198468288,7.989836072,Other,random,C_2O2,7.989830000,RC2_0018_ICR-1_p08
663.193301391,671.183137463,7.989836072,Other,random,C_2O2,7.989830000,RC2_0018_ICR-1_p08
371.071500032,379.061337105,7.989837072,Other,random,C_2O2,7.989830000,RC2_0018_ICR-1_p08
383.162785042,391.152622114,7.989837072,Other,random,C_2O2,7.989830000,RC2_0018_ICR-1_p08
261.040570752,269.030407824,7.989837072,Other,random,C_2O2,7.989830000,RC2_0018_ICR-1_p08
497.108903307,505.098740379,7.989837072,Other,random,C_2O2,7.989830000,RC2_0018_ICR-1_p08
529.207780810,537.197617882,7.989837072,Other,random,C_2O2,7.989830000,RC2_0018_ICR-1_p08
533.239222141,541.229059213,7.989837072,Other,random,C_2O2,7.989830000,RC2_0018_ICR-1_p08
519.078013771,527.067851843,7.989838072,Other,random,C_2O2,7.989830000,RC2_0018_ICR-1_p08
339.108453765,347.098291837,7.989838072,Other,random,C_2O2,7.989830000,RC2_0018_ICR-1_p08
271.061260404,279.051098476,7.989838072,Other,random,C_2O2,7.989830000,RC2_0018_ICR-1_p08
581.166649638,589.156487710,7.989838072,Other,random,C_2O2,7.989830000,RC2_0018_ICR-1_p08
617.224202882,625.214040954,7.989838072,Other,random,C_2O2,7.989830000,RC2_0018_ICR-1_p08
432.057068102,440.046907174,7.989839072,Other,random,C_2O2,7.989830000,RC2_0018_ICR-1_p08
505.135115174,513.124954246,7.989839072,Other,random,C_2O2,7.989830000,RC2_0018_ICR-1_p08
409.077449320,417.067288392,7.989839072,Other,random,C_2O2,7.989830000,RC2_0018_ICR-1_p08
471.179046114,479.168885186,7.989839072,Other,random,C_2O2,7.989830000,RC2_0018_ICR-1_p08
332.113851097,340.103690169,7.989839072,Other,random,C_2O2,7.989830000,RC2_0018_ICR-1_p08
262.093237832,270.098313819,8.005075986,Other,random,C2O_1,8.005085000,RC2_0018_ICR-1_p08
286.093252877,294.098328863,8.005075986,Other,random,C2O_1,8.005085000,RC2_0018_ICR-1_p08
572.125750477,580.130826463,8.005075986,Other,random,C2O_1,8.005085000,RC2_0018_ICR-1_p08
335.171093905,343.176169892,8.005075986,Other,random,C2O_1,8.005085000,RC2_0018_ICR-1_p08
413.035886061,421.040962047,8.005075986,Other,random,C2O_1,8.005085000,RC2_0018_ICR-1_p08
447.142632274,455.147708260,8.005075986,Other,random,C2O_1,8.005085000,RC2_0018_ICR-1_p08
269.139533210,277.144609196,8.005075986,Other,random,C2O_1,8.005085000,RC2_0018_ICR-1_p08
340.080367300,348.085444286,8.005076986,Other,random,C2O_1,8.005085000,RC2_0018_ICR-1_p08
519.099216652,527.104293638,8.005076986,Other,random,C2O_1,8.005085000,RC2_0018_ICR-1_p08
541.221045258,549.226122244,8.005076986,Other,random,C2O_1,8.005085000,RC2_0018_ICR-1_p08
265.071843083,273.076920070,8.005076986,Other,random,C2O_1,8.005085000,RC2_0018_ICR-1_p08
603.120512189,611.125589175,8.005076986,Other,random,C2O_1,8.005085000,RC2_0018_ICR-1_p08
243.051137909,251.056215895,8.005077986,Other,random,C2O_1,8.005085000,RC2_0018_ICR-1_p08
245.103145370,253.108223356,8.005077986,Other,random,C2O_1,8.005085000,RC2_0018_ICR-1_p08
445.199674200,453.204752186,8.005077986,Other,random,C2O_1,8.005085000,RC2_0018_ICR-1_p08
655.115789812,663.120867798,8.005077986,Other,random,C2O_1,8.005085000,RC2_0018_ICR-1_p08
589.083541121,597.088619107,8.005077986,Other,random,C2O_1,8.005085000,RC2_0018_ICR-1_p08
384.106501735,392.111580721,8.005078986,Other,random,C2O_1,8.005085000,RC2_0018_ICR-1_p08
525.124941769,533.130020755,8.005078986,Other,random,C2O_1,8.005085000,RC2_0018_ICR-1_p08
584.198657589,592.203737575,8.005079986,Other,random,C2O_1,8.005085000,RC2_0018_ICR-1_p08
305.087715068,313.092795055,8.005079986,Other,random,C2O_1,8.005085000,RC2_0018_ICR-1_p08
371.126548723,379.131628709,8.005079986,Other,random,C2O_1,8.005085000,RC2_0018_ICR-1_p08
543.171901288,551.176981274,8.005079986,Other,random,C2O_1,8.005085000,RC2_0018_ICR-1_p08
473.057118553,481.062199540,8.005080986,Other,random,C2O_1,8.005085000,RC2_0018_ICR-1_p08
625.214040954,633.219121940,8.005080986,Other,random,C2O_1,8.005085000,RC2_0018_ICR-1_p08
345.183782603,353.188863589,8.005080986,Other,random,C2O_1,8.005085000,RC2_0018_ICR-1_p08
314.124560253,322.129641239,8.005080986,Other,random,C2O_1,8.005085000,RC2_0018_ICR-1_p08
657.232438910,665.237519896,8.005080986,Other,random,C2O_1,8.005085000,RC2_0018_ICR-1_p08
371.098113883,379.103195869,8.005081986,Other,random,C2O_1,8.005085000,RC2_0018_ICR-1_p08
457.134935086,465.140017072,8.005081986,Other,random,C2O_1,8.005085000,RC2_0018_ICR-1_p08
460.052045683,468.057127669,8.005081986,Other,random,C2O_1,8.005085000,RC2_0018_ICR-1_p08
355.139784619,363.144866605,8.005081986,Other,random,C2O_1,8.005085000,RC2_0018_ICR-1_p08
269.030407824,277.035490810,8.005082986,Other,random,C2O_1,8.005085000,RC2_0018_ICR-1_p08
452.091259447,460.096342433,8.005082986,Other,random,C2O_1,8.005085000,RC2_0018_ICR-1_p08
763.319016370,771.324099357,8.005082986,Other,random,C2O_1,8.005085000,RC2_0018_ICR-1_p08
379.152723591,387.157806577,8.005082986,Other,random,C2O_1,8.005085000,RC2_0018_ICR-1_p08
411.129514781,419.134597767,8.005082986,Other,random,C2O_1,8.005085000,RC2_0018_ICR-1_p08
501.080459974,509.085542960,8.005082986,Other,random,C2O_1,8.005085000,RC2_0018_ICR-1_p08
651.266199459,659.271282445,8.005082986,Other,random,C2O_1,8.005085000,RC2_0018_ICR-1_p08
545.224108748,553.229192735,8.005083986,Other,random,C2O_1,8.005085000,RC2_0018_ICR-1_p08
477.116705726,485.121789712,8.005083986,Other,random,C2O_1,8.005085000,RC2_0018_ICR-1_p08
424.137889633,432.142973619,8.005083986,Other,random,C2O_1,8.005085000,RC2_0018_ICR-1_p08
369.082494217,377.087578203,8.005083986,Other,random,C2O_1,8.005085000,RC2_0018_ICR-1_p08
595.057655527,603.062739514,8.005083986,Other,random,C2O_1,8.005085000,RC2_0018_ICR-1_p08
668.155036491,676.160121477,8.005084986,Other,random,C2O_1,8.005085000,RC2_0018_ICR-1_p08
267.014717158,275.019802144,8.005084986,Other,random,C2O_1,8.005085000,RC2_0018_ICR-1_p08
445.207702154,453.212787141,8.005084986,Other,random,C2O_1,8.005085000,RC2_0018_ICR-1_p08
505.207658766,513.212743753,8.005084986,Other,random,C2O_1,8.005085000,RC2_0018_ICR-1_p08
269.066697620,277.071783606,8.005085986,Other,random,C2O_1,8.005085000,RC2_0018_ICR-1_p08
272.041255893,280.046341880,8.005085986,Other,random,C2O_1,8.005085000,RC2_0018_ICR-1_p08
410.072712723,418.077798710,8.005085986,Other,random,C2O_1,8.005085000,RC2_0018_ICR-1_p08
412.137552112,420.142638099,8.005085986,Other,random,C2O_1,8.005085000,RC2_0018_ICR-1_p08
555.163835856,563.168921842,8.005085986,Other,random,C2O_1,8.005085000,RC2_0018_ICR-1_p08
641.281513604,649.286599590,8.005085986,Other,random,C2O_1,8.005085000,RC2_0018_ICR-1_p08
577.083906596,585.088993582,8.005086986,Other,random,C2O_1,8.005085000,RC2_0018_ICR-1_p08
487.137480377,495.142567364,8.005086986,Other,random,C2O_1,8.005085000,RC2_0018_ICR-1_p08
271.082377285,279.087464271,8.005086986,Other,random,C2O_1,8.005085000,RC2_0018_ICR-1_p08
257.066755097,265.071843083,8.005087986,Other,random,C2O_1,8.005085000,RC2_0018_ICR-1_p08
499.036474468,507.041562454,8.005087986,Other,random,C2O_1,8.005085000,RC2_0018_ICR-1_p08
551.176981274,559.182069261,8.005087986,Other,random,C2O_1,8.005085000,RC2_0018_ICR-1_p08
298.056867604,306.061955590,8.005087986,Other,random,C2O_1,8.005085000,RC2_0018_ICR-1_p08
321.097860041,329.102948027,8.005087986,Other,random,C2O_1,8.005085000,RC2_0018_ICR-1_p08
435.142534752,443.147622738,8.005087986,Other,random,C2O_1,8.005085000,RC2_0018_ICR-1_p08
521.202691824,529.207780810,8.005088986,Other,random,C2O_1,8.005085000,RC2_0018_ICR-1_p08
336.072365837,344.077454824,8.005088986,Other,random,C2O_1,8.005085000,RC2_0018_ICR-1_p08
421.071940873,429.077029859,8.005088986,Other,random,C2O_1,8.005085000,RC2_0018_ICR-1_p08
311.126658111,319.131747097,8.005088986,Other,random,C2O_1,8.005085000,RC2_0018_ICR-1_p08
377.137126925,385.142215911,8.005088986,Other,random,C2O_1,8.005085000,RC2_0018_ICR-1_p08
667.188465926,675.193555912,8.005089986,Other,random,C2O_1,8.005085000,RC2_0018_ICR-1_p08
589.177605592,597.182695578,8.005089986,Other,random,C2O_1,8.005085000,RC2_0018_ICR-1_p08
298.093205400,306.098296386,8.005090986,Other,random,C2O_1,8.005085000,RC2_0018_ICR-1_p08
543.208229084,551.213320070,8.005090986,Other,random,C2O_1,8.005085000,RC2_0018_ICR-1_p08
555.062903423,563.067994410,8.005090986,Other,random,C2O_1,8.005085000,RC2_0018_ICR-1_p08
556.094381623,564.099472609,8.005090986,Other,random,C2O_1,8.005085000,RC2_0018_ICR-1_p08
639.193364346,647.198455332,8.005090986,Other,random,C2O_1,8.005085000,RC2_0018_ICR-1_p08
321.025158450,329.030249436,8.005090986,Other,random,C2O_1,8.005085000,RC2_0018_ICR-1_p08
279.014714681,287.019806667,8.005091986,Other,random,C2O_1,8.005085000,RC2_0018_ICR-1_p08
337.142290821,345.147382807,8.005091986,Other,random,C2O_1,8.005085000,RC2_0018_ICR-1_p08
395.147681649,403.152773635,8.005091986,Other,random,C2O_1,8.005085000,RC2_0018_ICR-1_p08
631.130652684,639.135744670,8.005091986,Other,random,C2O_1,8.005085000,RC2_0018_ICR-1_p08
361.056382349,369.061474335,8.005091986,Other,random,C2O_1,8.005085000,RC2_0018_ICR-1_p08
345.074575217,353.079667203,8.005091986,Other,random,C2O_1,8.005085000,RC2_0018_ICR-1_p08
379.103195869,387.108287855,8.005091986,Other,random,C2O_1,8.005085000,RC2_0018_ICR-1_p08
455.155689215,463.160781202,8.005091986,Other,random,C2O_1,8.005085000,RC2_0018_ICR-1_p08
475.051504339,483.056596325,8.005091986,Other,random,C2O_1,8.005085000,RC2_0018_ICR-1_p08
627.120540233,635.125632220,8.005091986,Other,random,C2O_1,8.005085000,RC2_0018_ICR-1_p08
243.123870500,251.128963486,8.005092986,Other,random,C2O_1,8.005085000,RC2_0018_ICR-1_p08
435.087517062,443.092610048,8.005092986,Other,random,C2O_1,8.005085000,RC2_0018_ICR-1_p08
263.056167418,271.061260404,8.005092986,Other,random,C2O_1,8.005085000,RC2_0018_ICR-1_p08
326.124501776,334.129594762,8.005092986,Other,random,C2O_1,8.005085000,RC2_0018_ICR-1_p08
347.107917783,355.113010769,8.005092986,Other,random,C2O_1,8.005085000,RC2_0018_ICR-1_p08
527.249668821,535.254761807,8.005092986,Other,random,C2O_1,8.005085000,RC2_0018_ICR-1_p08
601.250391705,609.255484691,8.005092986,Other,random,C2O_1,8.005085000,RC2_0018_ICR-1_p08
833.289218918,841.294311905,8.005092986,Other,random,C2O_1,8.005085000,RC2_0018_ICR-1_p08
543.163951333,551.169045319,8.005093986,Other,random,C2O_1,8.005085000,RC2_0018_ICR-1_p08
837.282679462,845.287773449,8.005093986,Other,random,C2O_1,8.005085000,RC2_0018_ICR-1_p08
563.176886797,571.181980784,8.005093986,Other,random,C2O_1,8.005085000,RC2_0018_ICR-1_p08
471.114236478,479.119331465,8.005094986,Other,random,C2O_1,8.005085000,RC2_0018_ICR-1_p08
617.164796216,625.169891202,8.005094986,Other,random,C2O_1,8.005085000,RC2_0018_ICR-1_p08
345.191806558,353.196901544,8.005094986,Other,random,C2O_1,8.005085000,RC2_0018_ICR-1_p08
623.271024880,631.276119866,8.005094986,Other,random,C2O_1,8.005085000,RC2_0018_ICR-1_p08
343.154967011,351.181172879,8.026205868,Other,random,C_1H4O,8.026215000,RC2_0018_ICR-1_p08
369.064613317,377.090819185,8.026205868,Other,random,C_1H4O,8.026215000,RC2_0018_ICR-1_p08
441.118922146,449.145128014,8.026205868,Other,random,C_1H4O,8.026215000,RC2_0018_ICR-1_p08
519.041645976,527.067851843,8.026205868,Other,random,C_1H4O,8.026215000,RC2_0018_ICR-1_p08
385.129057985,393.155263852,8.026205868,Other,random,C_1H4O,8.026215000,RC2_0018_ICR-1_p08
397.105796638,405.132003506,8.026206868,Other,random,C_1H4O,8.026215000,RC2_0018_ICR-1_p08
431.061844698,439.088051566,8.026206868,Other,random,C_1H4O,8.026215000,RC2_0018_ICR-1_p08
699.266151549,707.292358416,8.026206868,Other,random,C_1H4O,8.026215000,RC2_0018_ICR-1_p08
415.116319362,423.142526230,8.026206868,Other,random,C_1H4O,8.026215000,RC2_0018_ICR-1_p08
471.142678318,479.168885186,8.026206868,Other,random,C_1H4O,8.026215000,RC2_0018_ICR-1_p08
477.103651799,485.129858667,8.026206868,Other,random,C_1H4O,8.026215000,RC2_0018_ICR-1_p08
507.142713885,515.168920753,8.026206868,Other,random,C_1H4O,8.026215000,RC2_0018_ICR-1_p08
543.200256129,551.226462996,8.026206868,Other,random,C_1H4O,8.026215000,RC2_0018_ICR-1_p08
525.124941769,533.151149636,8.026207868,Other,random,C_1H4O,8.026215000,RC2_0018_ICR-1_p08
589.156487710,597.182695578,8.026207868,Other,random,C_1H4O,8.026215000,RC2_0018_ICR-1_p08
292.082762197,300.108970065,8.026207868,Other,random,C_1H4O,8.026215000,RC2_0018_ICR-1_p08
331.155060488,339.181268356,8.026207868,Other,random,C_1H4O,8.026215000,RC2_0018_ICR-1_p08
361.092720145,369.118928012,8.026207868,Other,random,C_1H4O,8.026215000,RC2_0018_ICR-1_p08
479.192105055,487.218312923,8.026207868,Other,random,C_1H4O,8.026215000,RC2_0018_ICR-1_p08
389.137012448,397.163221315,8.026208868,Other,random,C_1H4O,8.026215000,RC2_0018_ICR-1_p08
353.079667203,361.105876071,8.026208868,Other,random,C_1H4O,8.026215000,RC2_0018_ICR-1_p08
407.126629290,415.152838157,8.026208868,Other,random,C_1H4O,8.026215000,RC2_0018_ICR-1_p08
439.124344362,447.150553229,8.026208868,Other,random,C_1H4O,8.026215000,RC2_0018_ICR-1_p08
441.131933073,449.158141940,8.026208868,Other,random,C_1H4O,8.026215000,RC2_0018_ICR-1_p08
263.056167418,271.082377285,8.026209868,Other,random,C_1H4O,8.026215000,RC2_0018_ICR-1_p08
273.076920070,281.103129937,8.026209868,Other,random,C_1H4O,8.026215000,RC2_0018_ICR-1_p08
311.069088434,319.095298302,8.026209868,Other,random,C_1H4O,8.026215000,RC2_0018_ICR-1_p08
371.090062928,379.116272796,8.026209868,Other,random,C_1H4O,8.026215000,RC2_0018_ICR-1_p08
377.124061998,385.150271866,8.026209868,Other,random,C_1H4O,8.026215000,RC2_0018_ICR-1_p08
387.194219372,395.220430240,8.026210868,Other,random,C_1H4O,8.026215000,RC2_0018_ICR-1_p08
483.129512915,491.155723782,8.026210868,Other,random,C_1H4O,8.026215000,RC2_0018_ICR-1_p08
415.103194436,423.129405304,8.026210868,Other,random,C_1H4O,8.026215000,RC2_0018_ICR-1_p08
469.135013608,477.161225475,8.026211867,Other,random,C_1H4O,8.026215000,RC2_0018_ICR-1_p08
643.130675206,651.156887074,8.026211867,Other,random,C_1H4O,8.026215000,RC2_0018_ICR-1_p08
319.095298302,327.121510169,8.026211867,Other,random,C_1H4O,8.026215000,RC2_0018_ICR-1_p08
357.092265640,365.118477507,8.026211867,Other,random,C_1H4O,8.026215000,RC2_0018_ICR-1_p08
415.170481058,423.196692925,8.026211867,Other,random,C_1H4O,8.026215000,RC2_0018_ICR-1_p08
497.108903307,505.135115174,8.026211868,Other,random,C_1H4O,8.026215000,RC2_0018_ICR-1_p08
507.114318045,515.140530912,8.026212867,Other,random,C_1H4O,8.026215000,RC2_0018_ICR-1_p08
505.098740379,513.124954246,8.026213867,Other,random,C_1H4O,8.026215000,RC2_0018_ICR-1_p08
569.130088322,577.156302189,8.026213867,Other,random,C_1H4O,8.026215000,RC2_0018_ICR-1_p08
441.113396177,449.139610045,8.026213867,Other,random,C_1H4O,8.026215000,RC2_0018_ICR-1_p08
536.214076413,544.240291280,8.026214867,Other,random,C_1H4O,8.026215000,RC2_0018_ICR-1_p08
318.098286908,326.124501776,8.026214867,Other,random,C_1H4O,8.026215000,RC2_0018_ICR-1_p08
403.139730708,411.165945576,8.026214867,Other,random,C_1H4O,8.026215000,RC2_0018_ICR-1_p08
578.151748592,586.177964459,8.026215867,Other,random,C_1H4O,8.026215000,RC2_0018_ICR-1_p08
265.071843083,273.098058951,8.026215867,Other,random,C_1H4O,8.026215000,RC2_0018_ICR-1_p08
279.087464271,287.113680139,8.026215867,Other,random,C_1H4O,8.026215000,RC2_0018_ICR-1_p08
432.065083057,440.091298925,8.026215867,Other,random,C_1H4O,8.026215000,RC2_0018_ICR-1_p08
345.061430291,353.087646158,8.026215867,Other,random,C_1H4O,8.026215000,RC2_0018_ICR-1_p08
713.281598738,721.307814605,8.026215867,Other,random,C_1H4O,8.026215000,RC2_0018_ICR-1_p08
547.109279148,555.135496015,8.026216867,Other,random,C_1H4O,8.026215000,RC2_0018_ICR-1_p08
409.178513751,417.204730619,8.026216867,Other,random,C_1H4O,8.026215000,RC2_0018_ICR-1_p08
285.040472797,293.066690664,8.026217867,Other,random,C_1H4O,8.026215000,RC2_0018_ICR-1_p08
329.102948027,337.129165895,8.026217867,Other,random,C_1H4O,8.026215000,RC2_0018_ICR-1_p08
449.145128014,457.171345881,8.026217867,Other,random,C_1H4O,8.026215000,RC2_0018_ICR-1_p08
555.163835856,563.190053723,8.026217867,Other,random,C_1H4O,8.026215000,RC2_0018_ICR-1_p08
372.035951609,380.062170477,8.026218867,Other,random,C_1H4O,8.026215000,RC2_0018_ICR-1_p08
547.182221738,555.208440605,8.026218867,Other,random,C_1H4O,8.026215000,RC2_0018_ICR-1_p08
371.113439797,379.139658664,8.026218867,Other,random,C_1H4O,8.026215000,RC2_0018_ICR-1_p08
463.233475793,471.259694660,8.026218867,Other,random,C_1H4O,8.026215000,RC2_0018_ICR-1_p08
302.088134936,310.114354803,8.026219867,Other,random,C_1H4O,8.026215000,RC2_0018_ICR-1_p08
372.108733200,380.134953067,8.026219867,Other,random,C_1H4O,8.026215000,RC2_0018_ICR-1_p08
499.173986694,507.200206562,8.026219867,Other,random,C_1H4O,8.026215000,RC2_0018_ICR-1_p08
609.247315737,617.273535604,8.026219867,Other,random,C_1H4O,8.026215000,RC2_0018_ICR-1_p08
513.176471957,521.202691824,8.026219867,Other,random,C_1H4O,8.026215000,RC2_0018_ICR-1_p08
432.142973619,440.169194487,8.026220867,Other,random,C_1H4O,8.026215000,RC2_0018_ICR-1_p08
333.097938563,341.124159431,8.026220867,Other,random,C_1H4O,8.026215000,RC2_0018_ICR-1_p08
465.132070117,473.158290984,8.026220867,Other,random,C_1H4O,8.026215000,RC2_0018_ICR-1_p08
477.176571389,485.202792256,8.026220867,Other,random,C_1H4O,8.026215000,RC2_0018_ICR-1_p08
363.035617219,371.061839087,8.026221867,Other,random,C_1H4O,8.026215000,RC2_0018_ICR-1_p08
365.124004476,373.150226344,8.026221867,Other,random,C_1H4O,8.026215000,RC2_0018_ICR-1_p08
501.226082155,509.252304023,8.026221867,Other,random,C_1H4O,8.026215000,RC2_0018_ICR-1_p08
265.035476288,273.061698155,8.026221867,Other,random,C_1H4O,8.026215000,RC2_0018_ICR-1_p08
392.092965826,400.119187693,8.026221867,Other,random,C_1H4O,8.026215000,RC2_0018_ICR-1_p08
311.092492303,319.118714170,8.026221867,Other,random,C_1H4O,8.026215000,RC2_0018_ICR-1_p08
381.046201943,389.072423811,8.026221867,Other,random,C_1H4O,8.026215000,RC2_0018_ICR-1_p08
351.035673697,359.061895564,8.026221867,Other,random,C_1H4O,8.026215000,RC2_0018_ICR-1_p08
305.139378778,313.165601645,8.026222867,Other,random,C_1H4O,8.026215000,RC2_0018_ICR-1_p08
307.045929057,315.072151925,8.026222867,Other,random,C_1H4O,8.026215000,RC2_0018_ICR-1_p08
561.088644540,569.114867407,8.026222867,Other,random,C_1H4O,8.026215000,RC2_0018_ICR-1_p08
575.250070908,583.276293776,8.026222867,Other,random,C_1H4O,8.026215000,RC2_0018_ICR-1_p08
603.135697103,611.161919971,8.026222867,Other,random,C_1H4O,8.026215000,RC2_0018_ICR-1_p08
509.129917711,517.156140578,8.026222867,Other,random,C_1H4O,8.026215000,RC2_0018_ICR-1_p08
325.048337827,333.074561695,8.026223867,Other,random,C_1H4O,8.026215000,RC2_0018_ICR-1_p08
289.071831128,297.098054995,8.026223867,Other,random,C_1H4O,8.026215000,RC2_0018_ICR-1_p08
293.066690664,301.092914532,8.026223867,Other,random,C_1H4O,8.026215000,RC2_0018_ICR-1_p08
443.134601812,451.160825679,8.026223867,Other,random,C_1H4O,8.026215000,RC2_0018_ICR-1_p08
239.056189373,247.082414240,8.026224867,Other,random,C_1H4O,8.026215000,RC2_0018_ICR-1_p08
429.191678215,437.217903082,8.026224867,Other,random,C_1H4O,8.026215000,RC2_0018_ICR-1_p08
437.072285901,445.098510768,8.026224867,Other,random,C_1H4O,8.026215000,RC2_0018_ICR-1_p08
435.129403826,443.155628693,8.026224867,Other,random,C_1H4O,8.026215000,RC2_0018_ICR-1_p08
427.152741680,435.178966547,8.026224867,Other,random,C_1H4O,8.026215000,RC2_0018_ICR-1_p08
253.035448766,261.076909547,8.041460782,Other,random,C3H4O_2,8.041470000,RC2_0018_ICR-1_p08
361.087129176,369.128589958,8.041460782,Other,random,C3H4O_2,8.041470000,RC2_0018_ICR-1_p08
558.219290675,566.260751456,8.041460782,Other,random,C3H4O_2,8.041470000,RC2_0018_ICR-1_p08
569.187580998,577.229041780,8.041460782,Other,random,C3H4O_2,8.041470000,RC2_0018_ICR-1_p08
343.058958551,351.100419333,8.041460782,Other,random,C3H4O_2,8.041470000,RC2_0018_ICR-1_p08
494.057522465,502.098983247,8.041460782,Other,random,C3H4O_2,8.041470000,RC2_0018_ICR-1_p08
555.163835856,563.205296638,8.041460782,Other,random,C3H4O_2,8.041470000,RC2_0018_ICR-1_p08
633.146514348,641.187977130,8.041462782,Other,random,C3H4O_2,8.041470000,RC2_0018_ICR-1_p08
422.122082968,430.163545750,8.041462782,Other,random,C3H4O_2,8.041470000,RC2_0018_ICR-1_p08
439.160695158,447.202157939,8.041462782,Other,random,C3H4O_2,8.041470000,RC2_0018_ICR-1_p08
491.119414986,499.160877768,8.041462782,Other,random,C3H4O_2,8.041470000,RC2_0018_ICR-1_p08
477.030962208,485.072425989,8.041463782,Other,random,C3H4O_2,8.041470000,RC2_0018_ICR-1_p08
491.113851018,499.155314799,8.041463782,Other,random,C3H4O_2,8.041470000,RC2_0018_ICR-1_p08
271.046000490,279.087464271,8.041463782,Other,random,C3H4O_2,8.041470000,RC2_0018_ICR-1_p08
335.113503229,343.154967011,8.041463782,Other,random,C3H4O_2,8.041470000,RC2_0018_ICR-1_p08
351.102773319,359.144237101,8.041463782,Other,random,C3H4O_2,8.041470000,RC2_0018_ICR-1_p08
463.082417642,471.123881424,8.041463782,Other,random,C3H4O_2,8.041470000,RC2_0018_ICR-1_p08
309.183767036,317.225231818,8.041464782,Other,random,C3H4O_2,8.041470000,RC2_0018_ICR-1_p08
413.108696652,421.150161433,8.041464782,Other,random,C3H4O_2,8.041470000,RC2_0018_ICR-1_p08
417.103645187,425.145109969,8.041464782,Other,random,C3H4O_2,8.041470000,RC2_0018_ICR-1_p08
561.161281131,569.202745913,8.041464782,Other,random,C3H4O_2,8.041470000,RC2_0018_ICR-1_p08
523.036359513,531.077824295,8.041464782,Other,random,C3H4O_2,8.041470000,RC2_0018_ICR-1_p08
301.020106941,309.061572723,8.041465782,Other,random,C3H4O_2,8.041470000,RC2_0018_ICR-1_p08
393.082475262,401.123941043,8.041465782,Other,random,C3H4O_2,8.041470000,RC2_0018_ICR-1_p08
565.192639462,573.234105244,8.041465782,Other,random,C3H4O_2,8.041470000,RC2_0018_ICR-1_p08
713.193909231,721.235375013,8.041465782,Other,random,C3H4O_2,8.041470000,RC2_0018_ICR-1_p08
251.019823100,259.061289881,8.041466782,Other,random,C3H4O_2,8.041470000,RC2_0018_ICR-1_p08
255.051107431,263.092574213,8.041466782,Other,random,C3H4O_2,8.041470000,RC2_0018_ICR-1_p08
319.085609356,327.127076138,8.041466782,Other,random,C3H4O_2,8.041470000,RC2_0018_ICR-1_p08
421.090621768,429.132088550,8.041466782,Other,random,C3H4O_2,8.041470000,RC2_0018_ICR-1_p08
445.054161018,453.095627799,8.041466782,Other,random,C3H4O_2,8.041470000,RC2_0018_ICR-1_p08
381.076875771,389.118343553,8.041467782,Other,random,C3H4O_2,8.041470000,RC2_0018_ICR-1_p08
381.131978461,389.173446243,8.041467782,Other,random,C3H4O_2,8.041470000,RC2_0018_ICR-1_p08
421.163278359,429.204746141,8.041467782,Other,random,C3H4O_2,8.041470000,RC2_0018_ICR-1_p08
475.064740264,483.106208046,8.041467782,Other,random,C3H4O_2,8.041470000,RC2_0018_ICR-1_p08
649.214222997,657.255690779,8.041467782,Other,random,C3H4O_2,8.041470000,RC2_0018_ICR-1_p08
275.077344821,283.118813603,8.041468782,Other,random,C3H4O_2,8.041470000,RC2_0018_ICR-1_p08
641.172754216,649.214222997,8.041468782,Other,random,C3H4O_2,8.041470000,RC2_0018_ICR-1_p08
659.219914734,667.261384516,8.041469782,Other,random,C3H4O_2,8.041470000,RC2_0018_ICR-1_p08
469.207535200,477.249004982,8.041469782,Other,random,C3H4O_2,8.041470000,RC2_0018_ICR-1_p08
605.187624565,613.229094347,8.041469782,Other,random,C3H4O_2,8.041470000,RC2_0018_ICR-1_p08
737.194027275,745.235497057,8.041469782,Other,random,C3H4O_2,8.041470000,RC2_0018_ICR-1_p08
287.113680139,295.155150921,8.041470782,Other,random,C3H4O_2,8.041470000,RC2_0018_ICR-1_p08
381.082419740,389.123890521,8.041470782,Other,random,C3H4O_2,8.041470000,RC2_0018_ICR-1_p08
610.141743707,618.183214489,8.041470782,Other,random,C3H4O_2,8.041470000,RC2_0018_ICR-1_p08
397.113852593,405.155323374,8.041470782,Other,random,C3H4O_2,8.041470000,RC2_0018_ICR-1_p08
429.059377959,437.100848740,8.041470782,Other,random,C3H4O_2,8.041470000,RC2_0018_ICR-1_p08
559.167020345,567.208492127,8.041471782,Other,random,C3H4O_2,8.041470000,RC2_0018_ICR-1_p08
369.131878939,377.173350721,8.041471782,Other,random,C3H4O_2,8.041470000,RC2_0018_ICR-1_p08
294.083008949,302.124480731,8.041471782,Other,random,C3H4O_2,8.041470000,RC2_0018_ICR-1_p08
321.025158450,329.066630232,8.041471782,Other,random,C3H4O_2,8.041470000,RC2_0018_ICR-1_p08
550.083789422,558.125261203,8.041471782,Other,random,C3H4O_2,8.041470000,RC2_0018_ICR-1_p08
695.110920914,703.152392696,8.041471782,Other,random,C3H4O_2,8.041470000,RC2_0018_ICR-1_p08
385.150271866,393.191744647,8.041472782,Other,random,C3H4O_2,8.041470000,RC2_0018_ICR-1_p08
461.085483871,469.126956653,8.041472782,Other,random,C3H4O_2,8.041470000,RC2_0018_ICR-1_p08
465.103702276,473.145175058,8.041472782,Other,random,C3H4O_2,8.041470000,RC2_0018_ICR-1_p08
475.109254014,483.150726795,8.041472782,Other,random,C3H4O_2,8.041470000,RC2_0018_ICR-1_p08
557.078380090,565.119853872,8.041473782,Other,random,C3H4O_2,8.041470000,RC2_0018_ICR-1_p08
353.124115953,361.165589735,8.041473782,Other,random,C3H4O_2,8.041470000,RC2_0018_ICR-1_p08
389.137012448,397.178487229,8.041474782,Other,random,C3H4O_2,8.041470000,RC2_0018_ICR-1_p08
565.205491390,573.246967172,8.041475782,Other,random,C3H4O_2,8.041470000,RC2_0018_ICR-1_p08
493.062323061,501.103798843,8.041475782,Other,random,C3H4O_2,8.041470000,RC2_0018_ICR-1_p08
541.184646463,549.226122244,8.041475782,Other,random,C3H4O_2,8.041470000,RC2_0018_ICR-1_p08
571.094112278,579.135588059,8.041475782,Other,random,C3H4O_2,8.041470000,RC2_0018_ICR-1_p08
311.126658111,319.168133892,8.041475782,Other,random,C3H4O_2,8.041470000,RC2_0018_ICR-1_p08
367.030606755,375.072082537,8.041475782,Other,random,C3H4O_2,8.041470000,RC2_0018_ICR-1_p08
385.077536275,393.119012056,8.041475782,Other,random,C3H4O_2,8.041470000,RC2_0018_ICR-1_p08
354.046633766,362.088110547,8.041476782,Other,random,C3H4O_2,8.041470000,RC2_0018_ICR-1_p08
557.187665476,565.229142257,8.041476782,Other,random,C3H4O_2,8.041470000,RC2_0018_ICR-1_p08
611.198340766,619.239817548,8.041476782,Other,random,C3H4O_2,8.041470000,RC2_0018_ICR-1_p08
482.057540943,490.099018724,8.041477782,Other,random,C3H4O_2,8.041470000,RC2_0018_ICR-1_p08
541.229059213,549.270536995,8.041477782,Other,random,C3H4O_2,8.041470000,RC2_0018_ICR-1_p08
679.224859243,687.266337025,8.041477782,Other,random,C3H4O_2,8.041470000,RC2_0018_ICR-1_p08
501.124805725,509.166284506,8.041478782,Other,random,C3H4O_2,8.041470000,RC2_0018_ICR-1_p08
507.114318045,515.155796827,8.041478782,Other,random,C3H4O_2,8.041470000,RC2_0018_ICR-1_p08
531.114355089,539.155833871,8.041478782,Other,random,C3H4O_2,8.041470000,RC2_0018_ICR-1_p08
302.088134936,310.129613717,8.041478782,Other,random,C3H4O_2,8.041470000,RC2_0018_ICR-1_p08
441.139951028,449.181429810,8.041478782,Other,random,C3H4O_2,8.041470000,RC2_0018_ICR-1_p08
377.087578203,385.129057985,8.041479782,Other,random,C3H4O_2,8.041470000,RC2_0018_ICR-1_p08
717.204117681,725.245597463,8.041479782,Other,random,C3H4O_2,8.041470000,RC2_0018_ICR-1_p08
379.131628709,387.194219372,8.062590663,Other,random,H8,8.062600000,RC2_0018_ICR-1_p08
333.074561695,341.137152357,8.062590663,Other,random,H8,8.062600000,RC2_0018_ICR-1_p08
546.089065884,554.151656547,8.062590663,Other,random,H8,8.062600000,RC2_0018_ICR-1_p08
739.261238651,747.323829314,8.062590663,Other,random,H8,8.062600000,RC2_0018_ICR-1_p08
607.231953070,615.294543733,8.062590663,Other,random,H8,8.062600000,RC2_0018_ICR-1_p08
319.058918506,327.121510169,8.062591663,Other,random,H8,8.062600000,RC2_0018_ICR-1_p08
404.074960449,412.137552112,8.062591663,Other,random,H8,8.062600000,RC2_0018_ICR-1_p08
481.062199540,489.124791202,8.062591663,Other,random,H8,8.062600000,RC2_0018_ICR-1_p08
245.045631693,253.108223356,8.062591663,Other,random,H8,8.062600000,RC2_0018_ICR-1_p08
343.131660142,351.194251805,8.062591663,Other,random,H8,8.062600000,RC2_0018_ICR-1_p08
359.090145405,367.152737068,8.062591663,Other,random,H8,8.062600000,RC2_0018_ICR-1_p08
543.114389612,551.176981274,8.062591663,Other,random,H8,8.062600000,RC2_0018_ICR-1_p08
409.105702161,417.168295824,8.062593663,Other,random,H8,8.062600000,RC2_0018_ICR-1_p08
385.105673116,393.168266779,8.062593663,Other,random,H8,8.062600000,RC2_0018_ICR-1_p08
403.066921118,411.129514781,8.062593663,Other,random,H8,8.062600000,RC2_0018_ICR-1_p08
507.186957636,515.249551299,8.062593663,Other,random,H8,8.062600000,RC2_0018_ICR-1_p08
289.035461332,297.098054995,8.062593663,Other,random,H8,8.062600000,RC2_0018_ICR-1_p08
623.125596697,631.188190360,8.062593663,Other,random,H8,8.062600000,RC2_0018_ICR-1_p08
435.129403826,443.191998489,8.062594663,Other,random,H8,8.062600000,RC2_0018_ICR-1_p08
261.040570752,269.103165415,8.062594663,Other,random,H8,8.062600000,RC2_0018_ICR-1_p08
509.121894756,517.184489419,8.062594663,Other,random,H8,8.062600000,RC2_0018_ICR-1_p08
251.056215895,259.118810558,8.062594663,Other,random,H8,8.062600000,RC2_0018_ICR-1_p08
298.056867604,306.119462267,8.062594663,Other,random,H8,8.062600000,RC2_0018_ICR-1_p08
315.123807634,323.186402297,8.062594663,Other,random,H8,8.062600000,RC2_0018_ICR-1_p08
331.058906029,339.121500692,8.062594663,Other,random,H8,8.062600000,RC2_0018_ICR-1_p08
371.077064001,379.139658664,8.062594663,Other,random,H8,8.062600000,RC2_0018_ICR-1_p08
417.082515306,425.145109969,8.062594663,Other,random,H8,8.062600000,RC2_0018_ICR-1_p08
419.061824176,427.124418839,8.062594663,Other,random,H8,8.062600000,RC2_0018_ICR-1_p08
435.093034031,443.155628693,8.062594663,Other,random,H8,8.062600000,RC2_0018_ICR-1_p08
239.019818577,247.082414240,8.062595663,Other,random,H8,8.062600000,RC2_0018_ICR-1_p08
371.040600206,379.103195869,8.062595663,Other,random,H8,8.062600000,RC2_0018_ICR-1_p08
485.036193193,493.098788856,8.062595663,Other,random,H8,8.062600000,RC2_0018_ICR-1_p08
319.118714170,327.181309833,8.062595663,Other,random,H8,8.062600000,RC2_0018_ICR-1_p08
567.127525582,575.190121245,8.062595663,Other,random,H8,8.062600000,RC2_0018_ICR-1_p08
513.176471957,521.239067619,8.062595663,Other,random,H8,8.062600000,RC2_0018_ICR-1_p08
355.022549278,363.085145941,8.062596663,Other,random,H8,8.062600000,RC2_0018_ICR-1_p08
385.032921525,393.095518188,8.062596663,Other,random,H8,8.062600000,RC2_0018_ICR-1_p08
420.070032507,428.132629170,8.062596663,Other,random,H8,8.062600000,RC2_0018_ICR-1_p08
503.082984714,511.145581377,8.062596663,Other,random,H8,8.062600000,RC2_0018_ICR-1_p08
531.114355089,539.176951752,8.062596663,Other,random,H8,8.062600000,RC2_0018_ICR-1_p08
359.040778683,367.103377346,8.062598663,Other,random,H8,8.062600000,RC2_0018_ICR-1_p08
465.212867663,473.275466325,8.062598663,Other,random,H8,8.062600000,RC2_0018_ICR-1_p08
353.051318362,361.113917025,8.062598663,Other,random,H8,8.062600000,RC2_0018_ICR-1_p08
267.051106954,275.113706616,8.062599663,Other,random,H8,8.062600000,RC2_0018_ICR-1_p08
285.040472797,293.103072460,8.062599663,Other,random,H8,8.062600000,RC2_0018_ICR-1_p08
481.098650335,489.161249997,8.062599663,Other,random,H8,8.062600000,RC2_0018_ICR-1_p08
581.215785362,589.278385025,8.062599663,Other,random,H8,8.062600000,RC2_0018_ICR-1_p08
289.071831128,297.134431791,8.062600663,Other,random,H8,8.062600000,RC2_0018_ICR-1_p08
489.153207043,497.215808706,8.062601663,Other,random,H8,8.062600000,RC2_0018_ICR-1_p08
268.046363357,276.108965020,8.062601663,Other,random,H8,8.062600000,RC2_0018_ICR-1_p08
345.074575217,353.137176880,8.062601663,Other,random,H8,8.062600000,RC2_0018_ICR-1_p08
429.077029859,437.139631522,8.062601663,Other,random,H8,8.062600000,RC2_0018_ICR-1_p08
275.056210940,283.118813603,8.062602663,Other,random,H8,8.062600000,RC2_0018_ICR-1_p08
299.092446781,307.155049444,8.062602663,Other,random,H8,8.062600000,RC2_0018_ICR-1_p08
339.072047970,347.134650633,8.062602663,Other,random,H8,8.062600000,RC2_0018_ICR-1_p08
559.109416669,567.172019332,8.062602663,Other,random,H8,8.062600000,RC2_0018_ICR-1_p08
439.152651203,447.215254866,8.062603663,Other,random,H8,8.062600000,RC2_0018_ICR-1_p08
277.071783606,285.134387269,8.062603663,Other,random,H8,8.062600000,RC2_0018_ICR-1_p08
306.061955590,314.124560253,8.062604663,Other,random,H8,8.062600000,RC2_0018_ICR-1_p08
405.132003506,413.194608168,8.062604663,Other,random,H8,8.062600000,RC2_0018_ICR-1_p08
499.101074104,507.163678767,8.062604663,Other,random,H8,8.062600000,RC2_0018_ICR-1_p08
593.187787042,601.250391705,8.062604663,Other,random,H8,8.062600000,RC2_0018_ICR-1_p08
280.046341880,288.108947542,8.062605663,Other,random,H8,8.062600000,RC2_0018_ICR-1_p08
339.108453765,347.171059428,8.062605663,Other,random,H8,8.062600000,RC2_0018_ICR-1_p08
607.195200276,615.257805939,8.062605663,Other,random,H8,8.062600000,RC2_0018_ICR-1_p08
469.199672244,477.262278907,8.062606663,Other,random,H8,8.062600000,RC2_0018_ICR-1_p08
353.116060998,361.178668661,8.062607663,Other,random,H8,8.062600000,RC2_0018_ICR-1_p08
389.137012448,397.199620110,8.062607663,Other,random,H8,8.062600000,RC2_0018_ICR-1_p08
423.056851712,431.119459374,8.062607663,Other,random,H8,8.062600000,RC2_0018_ICR-1_p08
511.101302626,519.163910288,8.062607663,Other,random,H8,8.062600000,RC2_0018_ICR-1_p08
727.224782333,735.287389996,8.062607663,Other,random,H8,8.062600000,RC2_0018_ICR-1_p08
507.041562454,515.104171117,8.062608663,Other,random,H8,8.062600000,RC2_0018_ICR-1_p08
347.040717161,355.103325824,8.062608663,Other,random,H8,8.062600000,RC2_0018_ICR-1_p08
531.150794884,539.213403547,8.062608663,Other,random,H8,8.062600000,RC2_0018_ICR-1_p08
575.104302728,583.166912391,8.062609663,Other,random,H8,8.062600000,RC2_0018_ICR-1_p08
357.061394813,365.124004476,8.062609663,Other,random,H8,8.062600000,RC2_0018_ICR-1_p08
361.019884554,369.082494217,8.062609663,Other,random,H8,8.062600000,RC2_0018_ICR-1_p08
434.109160563,443.074762148,8.965601585,Other,random,C_2N_1O1P1,8.965604000,RC2_0018_ICR-1_p08
478.099151201,487.064752786,8.965601585,Other,random,C_2N_1O1P1,8.965604000,RC2_0018_ICR-1_p08
436.088556433,445.054161018,8.965604585,Other,random,C_2N_1O1P1,8.965604000,RC2_0018_ICR-1_p08
535.109358625,544.109683015,9.000324390,Other,random,C1H_1N1O_1,9.000334000,RC2_0018_ICR-1_p08
389.137012448,398.137337838,9.000325390,Other,random,C1H_1N1O_1,9.000334000,RC2_0018_ICR-1_p08
281.103129937,290.103455327,9.000325390,Other,random,C1H_1N1O_1,9.000334000,RC2_0018_ICR-1_p08
377.064416333,386.064741723,9.000325390,Other,random,C1H_1N1O_1,9.000334000,RC2_0018_ICR-1_p08
433.126993086,442.127318476,9.000325390,Other,random,C1H_1N1O_1,9.000334000,RC2_0018_ICR-1_p08
371.134626678,380.134953067,9.000326390,Other,random,C1H_1N1O_1,9.000334000,RC2_0018_ICR-1_p08
609.146210305,618.146536695,9.000326390,Other,random,C1H_1N1O_1,9.000334000,RC2_0018_ICR-1_p08
553.156403144,562.156730534,9.000327390,Other,random,C1H_1N1O_1,9.000334000,RC2_0018_ICR-1_p08
284.077658211,293.077986601,9.000328390,Other,random,C1H_1N1O_1,9.000334000,RC2_0018_ICR-1_p08
273.061698155,282.062028545,9.000330390,Other,random,C1H_1N1O_1,9.000334000,RC2_0018_ICR-1_p08
363.085145941,372.085476331,9.000330390,Other,random,C1H_1N1O_1,9.000334000,RC2_0018_ICR-1_p08
427.124418839,436.124749229,9.000330390,Other,random,C1H_1N1O_1,9.000334000,RC2_0018_ICR-1_p08
369.118928012,378.119259402,9.000331390,Other,random,C1H_1N1O_1,9.000334000,RC2_0018_ICR-1_p08
371.061839087,380.062170477,9.000331390,Other,random,C1H_1N1O_1,9.000334000,RC2_0018_ICR-1_p08
315.035808129,324.036139519,9.000331390,Other,random,C1H_1N1O_1,9.000334000,RC2_0018_ICR-1_p08
437.121868622,446.122201012,9.000332390,Other,random,C1H_1N1O_1,9.000334000,RC2_0018_ICR-1_p08
321.061522246,330.061854635,9.000332390,Other,random,C1H_1N1O_1,9.000334000,RC2_0018_ICR-1_p08
269.030407824,278.030741214,9.000333390,Other,random,C1H_1N1O_1,9.000334000,RC2_0018_ICR-1_p08
487.072988740,496.073322130,9.000333390,Other,random,C1H_1N1O_1,9.000334000,RC2_0018_ICR-1_p08
363.035617219,372.035951609,9.000334390,Other,random,C1H_1N1O_1,9.000334000,RC2_0018_ICR-1_p08
569.078616611,578.078951001,9.000334390,Other,random,C1H_1N1O_1,9.000334000,RC2_0018_ICR-1_p08
257.103183892,266.103518282,9.000334390,Other,random,C1H_1N1O_1,9.000334000,RC2_0018_ICR-1_p08
327.035729652,336.036064042,9.000334390,Other,random,C1H_1N1O_1,9.000334000,RC2_0018_ICR-1_p08
287.077283344,296.077618733,9.000335390,Other,random,C1H_1N1O_1,9.000334000,RC2_0018_ICR-1_p08
525.124941769,534.125277159,9.000335390,Other,random,C1H_1N1O_1,9.000334000,RC2_0018_ICR-1_p08
569.187580998,578.187916388,9.000335390,Other,random,C1H_1N1O_1,9.000334000,RC2_0018_ICR-1_p08
513.161296042,522.161631432,9.000335390,Other,random,C1H_1N1O_1,9.000334000,RC2_0018_ICR-1_p08
439.051597771,448.051934161,9.000336390,Other,random,C1H_1N1O_1,9.000334000,RC2_0018_ICR-1_p08
355.139784619,364.140123009,9.000338390,Other,random,C1H_1N1O_1,9.000334000,RC2_0018_ICR-1_p08
557.114798885,566.115138275,9.000339390,Other,random,C1H_1N1O_1,9.000334000,RC2_0018_ICR-1_p08
435.142534752,444.142874142,9.000339390,Other,random,C1H_1N1O_1,9.000334000,RC2_0018_ICR-1_p08
247.082414240,256.082753630,9.000339390,Other,random,C1H_1N1O_1,9.000334000,RC2_0018_ICR-1_p08
497.057176598,506.057516987,9.000340390,Other,random,C1H_1N1O_1,9.000334000,RC2_0018_ICR-1_p08
271.046000490,280.046341880,9.000341390,Other,random,C1H_1N1O_1,9.000334000,RC2_0018_ICR-1_p08
373.105800593,382.106141983,9.000341390,Other,random,C1H_1N1O_1,9.000334000,RC2_0018_ICR-1_p08
399.129537258,408.129878648,9.000341390,Other,random,C1H_1N1O_1,9.000334000,RC2_0018_ICR-1_p08
431.046564784,440.046907174,9.000342390,Other,random,C1H_1N1O_1,9.000334000,RC2_0018_ICR-1_p08
365.100605608,374.100948997,9.000343390,Other,random,C1H_1N1O_1,9.000334000,RC2_0018_ICR-1_p08
311.040831593,320.077540779,9.036709185,Other,random,C2H3N1O_2,9.036719000,RC2_0018_ICR-1_p08
300.072566269,309.109277455,9.036711185,Other,random,C2H3N1O_2,9.036719000,RC2_0018_ICR-1_p08
289.056493214,298.093205400,9.036712185,Other,random,C2H3N1O_2,9.036719000,RC2_0018_ICR-1_p08
409.041086524,418.077798710,9.036712185,Other,random,C2H3N1O_2,9.036719000,RC2_0018_ICR-1_p08
449.121856145,458.158568330,9.036712185,Other,random,C2H3N1O_2,9.036719000,RC2_0018_ICR-1_p08
309.061572723,318.098286908,9.036714185,Other,random,C2H3N1O_2,9.036719000,RC2_0018_ICR-1_p08
571.094112278,580.130826463,9.036714185,Other,random,C2H3N1O_2,9.036719000,RC2_0018_ICR-1_p08
327.121510169,336.158224355,9.036714185,Other,random,C2H3N1O_2,9.036719000,RC2_0018_ICR-1_p08
359.053821610,368.090535795,9.036714185,Other,random,C2H3N1O_2,9.036719000,RC2_0018_ICR-1_p08
527.104293638,536.141008824,9.036715185,Other,random,C2H3N1O_2,9.036719000,RC2_0018_ICR-1_p08
325.020085986,334.056802171,9.036716185,Other,random,C2H3N1O_2,9.036719000,RC2_0018_ICR-1_p08
545.078640566,554.115356752,9.036716185,Other,random,C2H3N1O_2,9.036719000,RC2_0018_ICR-1_p08
419.074816103,428.111533288,9.036717185,Other,random,C2H3N1O_2,9.036719000,RC2_0018_ICR-1_p08
485.057208075,494.093928260,9.036720185,Other,random,C2H3N1O_2,9.036719000,RC2_0018_ICR-1_p08
517.111804828,526.148525013,9.036720185,Other,random,C2H3N1O_2,9.036719000,RC2_0018_ICR-1_p08
281.066734142,290.103455327,9.036721185,Other,random,C2H3N1O_2,9.036719000,RC2_0018_ICR-1_p08
369.118928012,378.155653197,9.036725185,Other,random,C2H3N1O_2,9.036719000,RC2_0018_ICR-1_p08
317.087776590,326.124501776,9.036725185,Other,random,C2H3N1O_2,9.036719000,RC2_0018_ICR-1_p08
353.173524675,362.210249861,9.036725185,Other,random,C2H3N1O_2,9.036719000,RC2_0018_ICR-1_p08
541.083562031,550.120288216,9.036726185,Other,random,C2H3N1O_2,9.036719000,RC2_0018_ICR-1_p08
407.111262376,416.147990561,9.036728185,Other,random,C2H3N1O_2,9.036719000,RC2_0018_ICR-1_p08
315.123807634,325.071762695,9.947955061,Other,random,H_6O1,9.947965000,RC2_0018_ICR-1_p08
331.122026674,341.069981735,9.947955061,Other,random,H_6O1,9.947965000,RC2_0018_ICR-1_p08
373.077421753,383.025376814,9.947955061,Other,random,H_6O1,9.947965000,RC2_0018_ICR-1_p08
365.173435198,375.121390259,9.947955061,Other,random,H_6O1,9.947965000,RC2_0018_ICR-1_p08
421.126862564,431.074818626,9.947956061,Other,random,H_6O1,9.947965000,RC2_0018_ICR-1_p08
520.167405646,530.115361707,9.947956061,Other,random,H_6O1,9.947965000,RC2_0018_ICR-1_p08
275.092516736,285.040472797,9.947956061,Other,random,H_6O1,9.947965000,RC2_0018_ICR-1_p08
367.139622142,377.087578203,9.947956061,Other,random,H_6O1,9.947965000,RC2_0018_ICR-1_p08
409.077449320,419.025405381,9.947956061,Other,random,H_6O1,9.947965000,RC2_0018_ICR-1_p08
435.142534752,445.090490813,9.947956061,Other,random,H_6O1,9.947965000,RC2_0018_ICR-1_p08
453.140016550,463.087972611,9.947956061,Other,random,H_6O1,9.947965000,RC2_0018_ICR-1_p08
347.134650633,357.082606694,9.947956061,Other,random,H_6O1,9.947965000,RC2_0018_ICR-1_p08
381.149691361,391.097647423,9.947956061,Other,random,H_6O1,9.947965000,RC2_0018_ICR-1_p08
433.090430291,443.038386353,9.947956061,Other,random,H_6O1,9.947965000,RC2_0018_ICR-1_p08
591.208353172,601.156309234,9.947956061,Other,random,H_6O1,9.947965000,RC2_0018_ICR-1_p08
529.156256100,539.104213161,9.947957061,Other,random,H_6O1,9.947965000,RC2_0018_ICR-1_p08
365.160373272,375.108330333,9.947957061,Other,random,H_6O1,9.947965000,RC2_0018_ICR-1_p08
450.104088621,460.052045683,9.947957061,Other,random,H_6O1,9.947965000,RC2_0018_ICR-1_p08
497.166360984,507.114318045,9.947957061,Other,random,H_6O1,9.947965000,RC2_0018_ICR-1_p08
599.271041835,609.218999896,9.947958061,Other,random,H_6O1,9.947965000,RC2_0018_ICR-1_p08
276.108965020,286.056924081,9.947959061,Other,random,H_6O1,9.947965000,RC2_0018_ICR-1_p08
265.071843083,275.019802144,9.947959061,Other,random,H_6O1,9.947965000,RC2_0018_ICR-1_p08
294.061944068,304.009903129,9.947959061,Other,random,H_6O1,9.947965000,RC2_0018_ICR-1_p08
421.186767227,431.134726289,9.947959061,Other,random,H_6O1,9.947965000,RC2_0018_ICR-1_p08
423.160379130,433.108338191,9.947959061,Other,random,H_6O1,9.947965000,RC2_0018_ICR-1_p08
449.108817218,459.056776279,9.947959061,Other,random,H_6O1,9.947965000,RC2_0018_ICR-1_p08
451.197045475,461.145004537,9.947959061,Other,random,H_6O1,9.947965000,RC2_0018_ICR-1_p08
564.230046875,574.178005936,9.947959061,Other,random,H_6O1,9.947965000,RC2_0018_ICR-1_p08
659.271282445,669.219241506,9.947959061,Other,random,H_6O1,9.947965000,RC2_0018_ICR-1_p08
719.256023143,729.203982204,9.947959061,Other,random,H_6O1,9.947965000,RC2_0018_ICR-1_p08
381.118962534,391.066921595,9.947959061,Other,random,H_6O1,9.947965000,RC2_0018_ICR-1_p08
473.129815144,483.077775206,9.947960061,Other,random,H_6O1,9.947965000,RC2_0018_ICR-1_p08
361.105876071,371.053836132,9.947960061,Other,random,H_6O1,9.947965000,RC2_0018_ICR-1_p08
359.199232792,369.147192853,9.947960061,Other,random,H_6O1,9.947965000,RC2_0018_ICR-1_p08
511.291107558,521.239067619,9.947960061,Other,random,H_6O1,9.947965000,RC2_0018_ICR-1_p08
241.108254834,251.056215895,9.947961061,Other,random,H_6O1,9.947965000,RC2_0018_ICR-1_p08
347.077144956,357.025106017,9.947961061,Other,random,H_6O1,9.947965000,RC2_0018_ICR-1_p08
455.220463851,465.168424912,9.947961061,Other,random,H_6O1,9.947965000,RC2_0018_ICR-1_p08
429.103636710,439.051597771,9.947961061,Other,random,H_6O1,9.947965000,RC2_0018_ICR-1_p08
461.267378849,471.215339910,9.947961061,Other,random,H_6O1,9.947965000,RC2_0018_ICR-1_p08
551.213320070,561.161281131,9.947961061,Other,random,H_6O1,9.947965000,RC2_0018_ICR-1_p08
327.144865038,337.092826099,9.947961061,Other,random,H_6O1,9.947965000,RC2_0018_ICR-1_p08
411.165945576,421.113906637,9.947961061,Other,random,H_6O1,9.947965000,RC2_0018_ICR-1_p08
257.066755097,267.014717158,9.947962061,Other,random,H_6O1,9.947965000,RC2_0018_ICR-1_p08
267.087528749,277.035490810,9.947962061,Other,random,H_6O1,9.947965000,RC2_0018_ICR-1_p08
289.129309805,299.077271866,9.947962061,Other,random,H_6O1,9.947965000,RC2_0018_ICR-1_p08
465.189517794,475.137479855,9.947962061,Other,random,H_6O1,9.947965000,RC2_0018_ICR-1_p08
245.103145370,255.051107431,9.947962061,Other,random,H_6O1,9.947965000,RC2_0018_ICR-1_p08
327.072060447,337.020022509,9.947962061,Other,random,H_6O1,9.947965000,RC2_0018_ICR-1_p08
551.299171587,561.247133649,9.947962061,Other,random,H_6O1,9.947965000,RC2_0018_ICR-1_p08
591.281122763,601.229084825,9.947962061,Other,random,H_6O1,9.947965000,RC2_0018_ICR-1_p08
307.118651648,317.066613709,9.947962061,Other,random,H_6O1,9.947965000,RC2_0018_ICR-1_p08
463.124489406,473.072452467,9.947963061,Other,random,H_6O1,9.947965000,RC2_0018_ICR-1_p08
427.173905561,437.121868622,9.947963061,Other,random,H_6O1,9.947965000,RC2_0018_ICR-1_p08
471.114236478,481.062199540,9.947963061,Other,random,H_6O1,9.947965000,RC2_0018_ICR-1_p08
693.240549431,703.188512493,9.947963061,Other,random,H_6O1,9.947965000,RC2_0018_ICR-1_p08
539.278159183,549.226122244,9.947963061,Other,random,H_6O1,9.947965000,RC2_0018_ICR-1_p08
293.175787051,303.123750112,9.947963061,Other,random,H_6O1,9.947965000,RC2_0018_ICR-1_p08
357.118880490,367.066843551,9.947963061,Other,random,H_6O1,9.947965000,RC2_0018_ICR-1_p08
287.150091934,297.098054995,9.947963061,Other,random,H_6O1,9.947965000,RC2_0018_ICR-1_p08
331.067017983,341.014982044,9.947964061,Other,random,H_6O1,9.947965000,RC2_0018_ICR-1_p08
347.113430752,357.061394813,9.947964061,Other,random,H_6O1,9.947965000,RC2_0018_ICR-1_p08
379.066939073,389.014903134,9.947964061,Other,random,H_6O1,9.947965000,RC2_0018_ICR-1_p08
493.148116579,503.096080640,9.947964061,Other,random,H_6O1,9.947965000,RC2_0018_ICR-1_p08
519.181558189,529.129522250,9.947964061,Other,random,H_6O1,9.947965000,RC2_0018_ICR-1_p08
545.151280158,555.099244219,9.947964061,Other,random,H_6O1,9.947965000,RC2_0018_ICR-1_p08
347.199379269,357.147344330,9.947965061,Other,random,H_6O1,9.947965000,RC2_0018_ICR-1_p08
397.180998215,407.128963276,9.947965061,Other,random,H_6O1,9.947965000,RC2_0018_ICR-1_p08
407.147606172,417.095571233,9.947965061,Other,random,H_6O1,9.947965000,RC2_0018_ICR-1_p08
417.140156982,427.088122043,9.947965061,Other,random,H_6O1,9.947965000,RC2_0018_ICR-1_p08
480.187488458,490.135453519,9.947965061,Other,random,H_6O1,9.947965000,RC2_0018_ICR-1_p08
293.103072460,303.051037521,9.947965061,Other,random,H_6O1,9.947965000,RC2_0018_ICR-1_p08
353.196901544,363.144866605,9.947965061,Other,random,H_6O1,9.947965000,RC2_0018_ICR-1_p08
475.233581315,485.181546376,9.947965061,Other,random,H_6O1,9.947965000,RC2_0018_ICR-1_p08
417.191579693,427.139545754,9.947966061,Other,random,H_6O1,9.947965000,RC2_0018_ICR-1_p08
503.205300026,513.153266087,9.947966061,Other,random,H_6O1,9.947965000,RC2_0018_ICR-1_p08
305.103027982,315.050994044,9.947966061,Other,random,H_6O1,9.947965000,RC2_0018_ICR-1_p08
326.088097980,336.036064042,9.947966061,Other,random,H_6O1,9.947965000,RC2_0018_ICR-1_p08
575.190121245,585.138088306,9.947967061,Other,random,H_6O1,9.947965000,RC2_0018_ICR-1_p08
343.095244347,353.043211408,9.947967061,Other,random,H_6O1,9.947965000,RC2_0018_ICR-1_p08
409.126849042,419.074816103,9.947967061,Other,random,H_6O1,9.947965000,RC2_0018_ICR-1_p08
437.145089492,447.093056553,9.947967061,Other,random,H_6O1,9.947965000,RC2_0018_ICR-1_p08
431.165428116,441.113396177,9.947968061,Other,random,H_6O1,9.947965000,RC2_0018_ICR-1_p08
475.254824195,485.202792256,9.947968061,Other,random,H_6O1,9.947965000,RC2_0018_ICR-1_p08
478.135473997,488.083442058,9.947968061,Other,random,H_6O1,9.947965000,RC2_0018_ICR-1_p08
549.270536995,559.218505056,9.947968061,Other,random,H_6O1,9.947965000,RC2_0018_ICR-1_p08
449.072270423,459.020238485,9.947968061,Other,random,H_6O1,9.947965000,RC2_0018_ICR-1_p08
671.256244052,681.204212113,9.947968061,Other,random,H_6O1,9.947965000,RC2_0018_ICR-1_p08
303.160133908,313.108102969,9.947969061,Other,random,H_6O1,9.947965000,RC2_0018_ICR-1_p08
473.275466325,483.223435387,9.947969061,Other,random,H_6O1,9.947965000,RC2_0018_ICR-1_p08
353.137176880,363.085145941,9.947969061,Other,random,H_6O1,9.947965000,RC2_0018_ICR-1_p08
285.061651678,295.009621739,9.947970061,Other,random,H_6O1,9.947965000,RC2_0018_ICR-1_p08
321.134254837,331.082224898,9.947970061,Other,random,H_6O1,9.947965000,RC2_0018_ICR-1_p08
423.179023025,433.126993086,9.947970061,Other,random,H_6O1,9.947965000,RC2_0018_ICR-1_p08
459.178986592,469.126956653,9.947970061,Other,random,H_6O1,9.947965000,RC2_0018_ICR-1_p08
485.230993098,495.178963159,9.947970061,Other,random,H_6O1,9.947965000,RC2_0018_ICR-1_p08
533.239222141,543.187192202,9.947970061,Other,random,H_6O1,9.947965000,RC2_0018_ICR-1_p08
665.281998646,675.229968707,9.947970061,Other,random,H_6O1,9.947965000,RC2_0018_ICR-1_p08
383.061796609,393.009766671,9.947970061,Other,random,H_6O1,9.947965000,RC2_0018_ICR-1_p08
363.121434737,373.069405798,9.947971061,Other,random,H_6O1,9.947965000,RC2_0018_ICR-1_p08
577.265535575,587.213506636,9.947971061,Other,random,H_6O1,9.947965000,RC2_0018_ICR-1_p08
747.288098514,757.236069576,9.947971061,Other,random,H_6O1,9.947965000,RC2_0018_ICR-1_p08
255.123872022,265.071843083,9.947971061,Other,random,H_6O1,9.947965000,RC2_0018_ICR-1_p08
283.082364808,293.030335869,9.947971061,Other,random,H_6O1,9.947965000,RC2_0018_ICR-1_p08
378.155653197,388.103624258,9.947971061,Other,random,H_6O1,9.947965000,RC2_0018_ICR-1_p08
535.109358625,545.057329686,9.947971061,Other,random,H_6O1,9.947965000,RC2_0018_ICR-1_p08
651.266199459,661.214170520,9.947971061,Other,random,H_6O1,9.947965000,RC2_0018_ICR-1_p08
315.181230311,325.129201372,9.947971061,Other,random,H_6O1,9.947965000,RC2_0018_ICR-1_p08
345.097855086,355.045826147,9.947971061,Other,random,H_6O1,9.947965000,RC2_0018_ICR-1_p08
353.087646158,363.035617219,9.947971061,Other,random,H_6O1,9.947965000,RC2_0018_ICR-1_p08
381.191735125,391.139706186,9.947971061,Other,random,H_6O1,9.947965000,RC2_0018_ICR-1_p08
375.111564315,385.059536376,9.947972061,Other,random,H_6O1,9.947965000,RC2_0018_ICR-1_p08
347.126554678,357.074526739,9.947972061,Other,random,H_6O1,9.947965000,RC2_0018_ICR-1_p08
399.157730100,409.105702161,9.947972061,Other,random,H_6O1,9.947965000,RC2_0018_ICR-1_p08
407.098263449,417.046235510,9.947972061,Other,random,H_6O1,9.947965000,RC2_0018_ICR-1_p08
407.128963276,417.076935338,9.947972061,Other,random,H_6O1,9.947965000,RC2_0018_ICR-1_p08
453.176517345,463.124489406,9.947972061,Other,random,H_6O1,9.947965000,RC2_0018_ICR-1_p08
467.168733664,477.116705726,9.947972061,Other,random,H_6O1,9.947965000,RC2_0018_ICR-1_p08
595.130743116,605.078715178,9.947972061,Other,random,H_6O1,9.947965000,RC2_0018_ICR-1_p08
313.092795055,323.040768116,9.947973061,Other,random,H_6O1,9.947965000,RC2_0018_ICR-1_p08
522.161631432,532.109604493,9.947973061,Other,random,H_6O1,9.947965000,RC2_0018_ICR-1_p08
489.226012633,499.173986694,9.947974061,Other,random,H_6O1,9.947965000,RC2_0018_ICR-1_p08
490.099018724,500.046992785,9.947974061,Other,random,H_6O1,9.947965000,RC2_0018_ICR-1_p08
419.165397594,429.113371655,9.947974061,Other,random,H_6O1,9.947965000,RC2_0018_ICR-1_p08
577.120024393,587.067998454,9.947974061,Other,random,H_6O1,9.947965000,RC2_0018_ICR-1_p08
447.093056553,457.041030614,9.947974061,Other,random,H_6O1,9.947965000,RC2_0018_ICR-1_p08
345.074575217,355.022549278,9.947974061,Other,random,H_6O1,9.947965000,RC2_0018_ICR-1_p08
375.202297804,385.150271866,9.947974061,Other,random,H_6O1,9.947965000,RC2_0018_ICR-1_p08
523.109357103,533.057331164,9.947974061,Other,random,H_6O1,9.947965000,RC2_0018_ICR-1_p08
619.239817548,629.187791609,9.947974061,Other,random,H_6O1,9.947965000,RC2_0018_ICR-1_p08
389.160451316,399.129537258,9.969085942,Other,random,C_3H_2O3,9.969095000,RC2_0018_ICR-1_p08
465.176451867,475.145537810,9.969085942,Other,random,C_3H_2O3,9.969095000,RC2_0018_ICR-1_p08
581.179420567,591.148506509,9.969085942,Other,random,C_3H_2O3,9.969095000,RC2_0018_ICR-1_p08
460.096342433,470.065428376,9.969085942,Other,random,C_3H_2O3,9.969095000,RC2_0018_ICR-1_p08
365.196847066,375.165934009,9.969086942,Other,random,C_3H_2O3,9.969095000,RC2_0018_ICR-1_p08
289.071831128,299.040919070,9.969087942,Other,random,C_3H_2O3,9.969095000,RC2_0018_ICR-1_p08
503.082984714,513.052072656,9.969087942,Other,random,C_3H_2O3,9.969095000,RC2_0018_ICR-1_p08
351.144828083,361.113917025,9.969088942,Other,random,C_3H_2O3,9.969095000,RC2_0018_ICR-1_p08
255.066387345,265.035476288,9.969088942,Other,random,C_3H_2O3,9.969095000,RC2_0018_ICR-1_p08
263.128969008,273.098058951,9.969089942,Other,random,C_3H_2O3,9.969095000,RC2_0018_ICR-1_p08
313.035381378,323.004471320,9.969089942,Other,random,C_3H_2O3,9.969095000,RC2_0018_ICR-1_p08
401.123941043,411.093030986,9.969089942,Other,random,C_3H_2O3,9.969095000,RC2_0018_ICR-1_p08
655.240030114,665.209120056,9.969089942,Other,random,C_3H_2O3,9.969095000,RC2_0018_ICR-1_p08
385.129057985,395.098147927,9.969089942,Other,random,C_3H_2O3,9.969095000,RC2_0018_ICR-1_p08
261.076909547,271.046000490,9.969090942,Other,random,C_3H_2O3,9.969095000,RC2_0018_ICR-1_p08
507.142713885,517.111804828,9.969090942,Other,random,C_3H_2O3,9.969095000,RC2_0018_ICR-1_p08
359.149837070,369.118928012,9.969090942,Other,random,C_3H_2O3,9.969095000,RC2_0018_ICR-1_p08
382.106141983,392.075233926,9.969091942,Other,random,C_3H_2O3,9.969095000,RC2_0018_ICR-1_p08
457.236169517,467.205261459,9.969091942,Other,random,C_3H_2O3,9.969095000,RC2_0018_ICR-1_p08
389.123890521,399.092982464,9.969091942,Other,random,C_3H_2O3,9.969095000,RC2_0018_ICR-1_p08
315.050994044,325.020085986,9.969091942,Other,random,C_3H_2O3,9.969095000,RC2_0018_ICR-1_p08
330.061854635,340.030947578,9.969092942,Other,random,C_3H_2O3,9.969095000,RC2_0018_ICR-1_p08
659.234980649,669.204073592,9.969092942,Other,random,C_3H_2O3,9.969095000,RC2_0018_ICR-1_p08
277.071783606,287.040877548,9.969093942,Other,random,C_3H_2O3,9.969095000,RC2_0018_ICR-1_p08
279.123820067,289.092914009,9.969093942,Other,random,C_3H_2O3,9.969095000,RC2_0018_ICR-1_p08
503.192201099,513.161296042,9.969094942,Other,random,C_3H_2O3,9.969095000,RC2_0018_ICR-1_p08
293.139452255,303.108547198,9.969094942,Other,random,C_3H_2O3,9.969095000,RC2_0018_ICR-1_p08
317.152415227,327.121510169,9.969094942,Other,random,C_3H_2O3,9.969095000,RC2_0018_ICR-1_p08
325.071762695,335.040857638,9.969094942,Other,random,C_3H_2O3,9.969095000,RC2_0018_ICR-1_p08
407.171062040,417.140156982,9.969094942,Other,random,C_3H_2O3,9.969095000,RC2_0018_ICR-1_p08
647.125330744,657.094426686,9.969095942,Other,random,C_3H_2O3,9.969095000,RC2_0018_ICR-1_p08
657.292288573,667.261384516,9.969095942,Other,random,C_3H_2O3,9.969095000,RC2_0018_ICR-1_p08
725.245597463,735.214694405,9.969096942,Other,random,C_3H_2O3,9.969095000,RC2_0018_ICR-1_p08
449.145128014,459.114224956,9.969096942,Other,random,C_3H_2O3,9.969095000,RC2_0018_ICR-1_p08
483.215245433,493.184342375,9.969096942,Other,random,C_3H_2O3,9.969095000,RC2_0018_ICR-1_p08
489.176519912,499.145616854,9.969096942,Other,random,C_3H_2O3,9.969095000,RC2_0018_ICR-1_p08
536.141008824,546.110105766,9.969096942,Other,random,C_3H_2O3,9.969095000,RC2_0018_ICR-1_p08
567.114809654,577.083906596,9.969096942,Other,random,C_3H_2O3,9.969095000,RC2_0018_ICR-1_p08
399.071989582,409.041086524,9.969096942,Other,random,C_3H_2O3,9.969095000,RC2_0018_ICR-1_p08
423.202240894,433.171337837,9.969096942,Other,random,C_3H_2O3,9.969095000,RC2_0018_ICR-1_p08
293.103072460,303.072170402,9.969097942,Other,random,C_3H_2O3,9.969095000,RC2_0018_ICR-1_p08
455.183960056,465.153057999,9.969097942,Other,random,C_3H_2O3,9.969095000,RC2_0018_ICR-1_p08
577.221022825,587.190120768,9.969097942,Other,random,C_3H_2O3,9.969095000,RC2_0018_ICR-1_p08
331.155060488,341.124159431,9.969098942,Other,random,C_3H_2O3,9.969095000,RC2_0018_ICR-1_p08
647.234912127,657.204011070,9.969098942,Other,random,C_3H_2O3,9.969095000,RC2_0018_ICR-1_p08
699.302449344,709.271548287,9.969098942,Other,random,C_3H_2O3,9.969095000,RC2_0018_ICR-1_p08
389.209703039,399.178801981,9.969098942,Other,random,C_3H_2O3,9.969095000,RC2_0018_ICR-1_p08
555.273013242,565.242113184,9.969099942,Other,random,C_3H_2O3,9.969095000,RC2_0018_ICR-1_p08
329.102948027,339.072047970,9.969099942,Other,random,C_3H_2O3,9.969095000,RC2_0018_ICR-1_p08
363.108321811,373.077421753,9.969099942,Other,random,C_3H_2O3,9.969095000,RC2_0018_ICR-1_p08
265.144605674,275.113706616,9.969100942,Other,random,C_3H_2O3,9.969095000,RC2_0018_ICR-1_p08
457.150198000,467.119298942,9.969100942,Other,random,C_3H_2O3,9.969095000,RC2_0018_ICR-1_p08
547.109279148,557.078380090,9.969100942,Other,random,C_3H_2O3,9.969095000,RC2_0018_ICR-1_p08
629.187791609,639.156893551,9.969101942,Other,random,C_3H_2O3,9.969095000,RC2_0018_ICR-1_p08
520.146259764,530.115361707,9.969101942,Other,random,C_3H_2O3,9.969095000,RC2_0018_ICR-1_p08
559.182069261,569.151171203,9.969101942,Other,random,C_3H_2O3,9.969095000,RC2_0018_ICR-1_p08
629.260507200,639.229610142,9.969102942,Other,random,C_3H_2O3,9.969095000,RC2_0018_ICR-1_p08
561.197682927,571.166786869,9.969103942,Other,random,C_3H_2O3,9.969095000,RC2_0018_ICR-1_p08
417.155313897,427.124418839,9.969104942,Other,random,C_3H_2O3,9.969095000,RC2_0018_ICR-1_p08
550.156783011,560.125887953,9.969104942,Other,random,C_3H_2O3,9.969095000,RC2_0018_ICR-1_p08
473.072452467,483.041557409,9.969104942,Other,random,C_3H_2O3,9.969095000,RC2_0018_ICR-1_p08
497.145213103,507.114318045,9.969104942,Other,random,C_3H_2O3,9.969095000,RC2_0018_ICR-1_p08
531.150794884,541.119899827,9.969104942,Other,random,C_3H_2O3,9.969095000,RC2_0018_ICR-1_p08
545.114903362,555.099244219,9.984340857,Other,random,H_2C1,9.984350000,RC2_0018_ICR-1_p08
303.181260789,313.165601645,9.984340857,Other,random,H_2C1,9.984350000,RC2_0018_ICR-1_p08
409.113705116,419.098045973,9.984340857,Other,random,H_2C1,9.984350000,RC2_0018_ICR-1_p08
493.257197965,503.241538822,9.984340857,Other,random,H_2C1,9.984350000,RC2_0018_ICR-1_p08
247.082414240,257.066755097,9.984340857,Other,random,H_2C1,9.984350000,RC2_0018_ICR-1_p08
479.113623497,489.097965353,9.984341857,Other,random,H_2C1,9.984350000,RC2_0018_ICR-1_p08
393.095518188,403.079860045,9.984341857,Other,random,H_2C1,9.984350000,RC2_0018_ICR-1_p08
749.157517002,759.141858859,9.984341857,Other,random,H_2C1,9.984350000,RC2_0018_ICR-1_p08
623.089343901,633.073685758,9.984341857,Other,random,H_2C1,9.984350000,RC2_0018_ICR-1_p08
387.084980986,397.069323843,9.984342857,Other,random,H_2C1,9.984350000,RC2_0018_ICR-1_p08
265.144605674,275.128948531,9.984342857,Other,random,H_2C1,9.984350000,RC2_0018_ICR-1_p08
293.030335869,303.014678725,9.984342857,Other,random,H_2C1,9.984350000,RC2_0018_ICR-1_p08
491.096117117,501.080459974,9.984342857,Other,random,H_2C1,9.984350000,RC2_0018_ICR-1_p08
245.139529165,255.123872022,9.984342857,Other,random,H_2C1,9.984350000,RC2_0018_ICR-1_p08
405.140094460,415.124437317,9.984342857,Other,random,H_2C1,9.984350000,RC2_0018_ICR-1_p08
569.224025793,579.208368650,9.984342857,Other,random,H_2C1,9.984350000,RC2_0018_ICR-1_p08
617.187693087,627.172035944,9.984342857,Other,random,H_2C1,9.984350000,RC2_0018_ICR-1_p08
323.090217838,333.074561695,9.984343857,Other,random,H_2C1,9.984350000,RC2_0018_ICR-1_p08
303.051037521,313.035381378,9.984343857,Other,random,H_2C1,9.984350000,RC2_0018_ICR-1_p08
328.067354851,338.051698707,9.984343857,Other,random,H_2C1,9.984350000,RC2_0018_ICR-1_p08
361.092720145,371.077064001,9.984343857,Other,random,H_2C1,9.984350000,RC2_0018_ICR-1_p08
583.239792981,593.224136837,9.984343857,Other,random,H_2C1,9.984350000,RC2_0018_ICR-1_p08
695.256146097,705.240489954,9.984343857,Other,random,H_2C1,9.984350000,RC2_0018_ICR-1_p08
409.163329837,419.147673694,9.984343857,Other,random,H_2C1,9.984350000,RC2_0018_ICR-1_p08
395.098147927,405.082492784,9.984344857,Other,random,H_2C1,9.984350000,RC2_0018_ICR-1_p08
401.072481333,411.056826189,9.984344857,Other,random,H_2C1,9.984350000,RC2_0018_ICR-1_p08
588.229755922,598.214100778,9.984344857,Other,random,H_2C1,9.984350000,RC2_0018_ICR-1_p08
301.108147446,311.092492303,9.984344857,Other,random,H_2C1,9.984350000,RC2_0018_ICR-1_p08
257.103183892,267.087528749,9.984344857,Other,random,H_2C1,9.984350000,RC2_0018_ICR-1_p08
417.132059028,427.116403884,9.984344857,Other,random,H_2C1,9.984350000,RC2_0018_ICR-1_p08
417.176408778,427.160753635,9.984344857,Other,random,H_2C1,9.984350000,RC2_0018_ICR-1_p08
432.142973619,442.127318476,9.984344857,Other,random,H_2C1,9.984350000,RC2_0018_ICR-1_p08
455.228522806,465.212867663,9.984344857,Other,random,H_2C1,9.984350000,RC2_0018_ICR-1_p08
300.072566269,310.056912126,9.984345857,Other,random,H_2C1,9.984350000,RC2_0018_ICR-1_p08
319.085609356,329.069955213,9.984345857,Other,random,H_2C1,9.984350000,RC2_0018_ICR-1_p08
641.237065854,651.221411711,9.984345857,Other,random,H_2C1,9.984350000,RC2_0018_ICR-1_p08
763.319016370,773.303362227,9.984345857,Other,random,H_2C1,9.984350000,RC2_0018_ICR-1_p08
263.092574213,273.076920070,9.984345857,Other,random,H_2C1,9.984350000,RC2_0018_ICR-1_p08
359.040778683,369.025124540,9.984345857,Other,random,H_2C1,9.984350000,RC2_0018_ICR-1_p08
387.144773650,397.129119507,9.984345857,Other,random,H_2C1,9.984350000,RC2_0018_ICR-1_p08
303.035765607,313.020112463,9.984346857,Other,random,H_2C1,9.984350000,RC2_0018_ICR-1_p08
480.187488458,490.171835315,9.984346857,Other,random,H_2C1,9.984350000,RC2_0018_ICR-1_p08
497.202610780,507.186957636,9.984346857,Other,random,H_2C1,9.984350000,RC2_0018_ICR-1_p08
522.125257636,532.109604493,9.984346857,Other,random,H_2C1,9.984350000,RC2_0018_ICR-1_p08
293.175787051,303.160133908,9.984346857,Other,random,H_2C1,9.984350000,RC2_0018_ICR-1_p08
293.066690664,303.051037521,9.984346857,Other,random,H_2C1,9.984350000,RC2_0018_ICR-1_p08
315.181230311,325.165577168,9.984346857,Other,random,H_2C1,9.984350000,RC2_0018_ICR-1_p08
363.108321811,373.092669667,9.984347857,Other,random,H_2C1,9.984350000,RC2_0018_ICR-1_p08
347.107917783,357.092265640,9.984347857,Other,random,H_2C1,9.984350000,RC2_0018_ICR-1_p08
539.286189138,549.270536995,9.984347857,Other,random,H_2C1,9.984350000,RC2_0018_ICR-1_p08
485.085273917,495.069621774,9.984347857,Other,random,H_2C1,9.984350000,RC2_0018_ICR-1_p08
336.108756633,346.093105489,9.984348857,Other,random,H_2C1,9.984350000,RC2_0018_ICR-1_p08
499.137545899,509.121894756,9.984348857,Other,random,H_2C1,9.984350000,RC2_0018_ICR-1_p08
433.126993086,443.111341942,9.984348857,Other,random,H_2C1,9.984350000,RC2_0018_ICR-1_p08
365.118477507,375.102827364,9.984349857,Other,random,H_2C1,9.984350000,RC2_0018_ICR-1_p08
599.262965880,609.247315737,9.984349857,Other,random,H_2C1,9.984350000,RC2_0018_ICR-1_p08
389.072423811,399.056774667,9.984350857,Other,random,H_2C1,9.984350000,RC2_0018_ICR-1_p08
253.108223356,263.092574213,9.984350857,Other,random,H_2C1,9.984350000,RC2_0018_ICR-1_p08
261.076909547,271.061260404,9.984350857,Other,random,H_2C1,9.984350000,RC2_0018_ICR-1_p08
298.093205400,308.077556256,9.984350857,Other,random,H_2C1,9.984350000,RC2_0018_ICR-1_p08
319.045898580,329.030249436,9.984350857,Other,random,H_2C1,9.984350000,RC2_0018_ICR-1_p08
325.142166299,335.126517156,9.984350857,Other,random,H_2C1,9.984350000,RC2_0018_ICR-1_p08
401.100709174,411.085060031,9.984350857,Other,random,H_2C1,9.984350000,RC2_0018_ICR-1_p08
421.223101023,431.207451880,9.984350857,Other,random,H_2C1,9.984350000,RC2_0018_ICR-1_p08
509.179559432,519.163910288,9.984350857,Other,random,H_2C1,9.984350000,RC2_0018_ICR-1_p08
575.161870404,585.146221261,9.984350857,Other,random,H_2C1,9.984350000,RC2_0018_ICR-1_p08
597.218923374,607.203274231,9.984350857,Other,random,H_2C1,9.984350000,RC2_0018_ICR-1_p08
292.082762197,302.067113054,9.984350857,Other,random,H_2C1,9.984350000,RC2_0018_ICR-1_p08
312.108791588,322.093142445,9.984350857,Other,random,H_2C1,9.984350000,RC2_0018_ICR-1_p08
359.134577155,369.118928012,9.984350857,Other,random,H_2C1,9.984350000,RC2_0018_ICR-1_p08
257.066755097,267.051106954,9.984351857,Other,random,H_2C1,9.984350000,RC2_0018_ICR-1_p08
261.098025429,271.082377285,9.984351857,Other,random,H_2C1,9.984350000,RC2_0018_ICR-1_p08
421.113906637,431.098258494,9.984351857,Other,random,H_2C1,9.984350000,RC2_0018_ICR-1_p08
249.076938025,259.061289881,9.984351857,Other,random,H_2C1,9.984350000,RC2_0018_ICR-1_p08
294.083008949,304.067360806,9.984351857,Other,random,H_2C1,9.984350000,RC2_0018_ICR-1_p08
335.113503229,345.097855086,9.984351857,Other,random,H_2C1,9.984350000,RC2_0018_ICR-1_p08
675.302442300,685.286794156,9.984351857,Other,random,H_2C1,9.984350000,RC2_0018_ICR-1_p08
593.187787042,603.172138898,9.984351857,Other,random,H_2C1,9.984350000,RC2_0018_ICR-1_p08
243.123870500,253.108223356,9.984352857,Other,random,H_2C1,9.984350000,RC2_0018_ICR-1_p08
359.144237101,369.128589958,9.984352857,Other,random,H_2C1,9.984350000,RC2_0018_ICR-1_p08
422.080730201,432.065083057,9.984352857,Other,random,H_2C1,9.984350000,RC2_0018_ICR-1_p08
303.123750112,313.108102969,9.984352857,Other,random,H_2C1,9.984350000,RC2_0018_ICR-1_p08
565.265718052,575.250070908,9.984352857,Other,random,H_2C1,9.984350000,RC2_0018_ICR-1_p08
467.119298942,477.103651799,9.984352857,Other,random,H_2C1,9.984350000,RC2_0018_ICR-1_p08
631.130652684,641.115006540,9.984353857,Other,random,H_2C1,9.984350000,RC2_0018_ICR-1_p08
311.113506185,321.097860041,9.984353857,Other,random,H_2C1,9.984350000,RC2_0018_ICR-1_p08
475.088072133,485.072425989,9.984353857,Other,random,H_2C1,9.984350000,RC2_0018_ICR-1_p08
489.189632838,499.173986694,9.984353857,Other,random,H_2C1,9.984350000,RC2_0018_ICR-1_p08
444.158959052,454.143312908,9.984353857,Other,random,H_2C1,9.984350000,RC2_0018_ICR-1_p08
530.115361707,540.099715563,9.984353857,Other,random,H_2C1,9.984350000,RC2_0018_ICR-1_p08
557.187665476,567.172019332,9.984353857,Other,random,H_2C1,9.984350000,RC2_0018_ICR-1_p08
308.113932052,318.098286908,9.984354857,Other,random,H_2C1,9.984350000,RC2_0018_ICR-1_p08
357.132047416,367.116402273,9.984354857,Other,random,H_2C1,9.984350000,RC2_0018_ICR-1_p08
443.147622738,453.131977595,9.984354857,Other,random,H_2C1,9.984350000,RC2_0018_ICR-1_p08
457.236169517,467.220524373,9.984354857,Other,random,H_2C1,9.984350000,RC2_0018_ICR-1_p08
285.061651678,295.046006534,9.984354857,Other,random,H_2C1,9.984350000,RC2_0018_ICR-1_p08
453.189450272,463.173805128,9.984354857,Other,random,H_2C1,9.984350000,RC2_0018_ICR-1_p08
259.118810558,269.103165415,9.984354857,Other,random,H_2C1,9.984350000,RC2_0018_ICR-1_p08
251.056215895,261.040570752,9.984354857,Other,random,H_2C1,9.984350000,RC2_0018_ICR-1_p08
341.116063476,351.100419333,9.984355857,Other,random,H_2C1,9.984350000,RC2_0018_ICR-1_p08
351.102773319,361.087129176,9.984355857,Other,random,H_2C1,9.984350000,RC2_0018_ICR-1_p08
413.181593242,423.165949098,9.984355857,Other,random,H_2C1,9.984350000,RC2_0018_ICR-1_p08
437.194498214,447.178854070,9.984355857,Other,random,H_2C1,9.984350000,RC2_0018_ICR-1_p08
451.118880915,461.103236772,9.984355857,Other,random,H_2C1,9.984350000,RC2_0018_ICR-1_p08
663.156946596,673.141302452,9.984355857,Other,random,H_2C1,9.984350000,RC2_0018_ICR-1_p08
429.082634828,439.066991684,9.984356857,Other,random,H_2C1,9.984350000,RC2_0018_ICR-1_p08
449.158141940,459.142498797,9.984356857,Other,random,H_2C1,9.984350000,RC2_0018_ICR-1_p08
457.207833676,467.192190533,9.984356857,Other,random,H_2C1,9.984350000,RC2_0018_ICR-1_p08
554.187967343,564.172324200,9.984356857,Other,random,H_2C1,9.984350000,RC2_0018_ICR-1_p08
561.210792853,571.195149710,9.984356857,Other,random,H_2C1,9.984350000,RC2_0018_ICR-1_p08
271.082377285,281.066734142,9.984356857,Other,random,H_2C1,9.984350000,RC2_0018_ICR-1_p08
450.067688826,460.052045683,9.984356857,Other,random,H_2C1,9.984350000,RC2_0018_ICR-1_p08
423.056851712,433.041208568,9.984356857,Other,random,H_2C1,9.984350000,RC2_0018_ICR-1_p08
555.135496015,565.119853872,9.984357857,Other,random,H_2C1,9.984350000,RC2_0018_ICR-1_p08
289.092914009,299.077271866,9.984357857,Other,random,H_2C1,9.984350000,RC2_0018_ICR-1_p08
363.157821532,373.142179389,9.984357857,Other,random,H_2C1,9.984350000,RC2_0018_ICR-1_p08
408.129878648,418.114236505,9.984357857,Other,random,H_2C1,9.984350000,RC2_0018_ICR-1_p08
433.186487751,443.170845608,9.984357857,Other,random,H_2C1,9.984350000,RC2_0018_ICR-1_p08
457.199825721,467.184183578,9.984357857,Other,random,H_2C1,9.984350000,RC2_0018_ICR-1_p08
539.104213161,549.088571018,9.984357857,Other,random,H_2C1,9.984350000,RC2_0018_ICR-1_p08
405.059303914,415.043661771,9.984357857,Other,random,H_2C1,9.984350000,RC2_0018_ICR-1_p08
489.176519912,499.160877768,9.984357857,Other,random,H_2C1,9.984350000,RC2_0018_ICR-1_p08
435.069803161,445.054161018,9.984357857,Other,random,H_2C1,9.984350000,RC2_0018_ICR-1_p08
481.171365926,491.155723782,9.984357857,Other,random,H_2C1,9.984350000,RC2_0018_ICR-1_p08
313.020112463,323.004471320,9.984358857,Other,random,H_2C1,9.984350000,RC2_0018_ICR-1_p08
331.085622879,341.069981735,9.984358857,Other,random,H_2C1,9.984350000,RC2_0018_ICR-1_p08
388.060021504,398.044380360,9.984358857,Other,random,H_2C1,9.984350000,RC2_0018_ICR-1_p08
415.116319362,425.100678219,9.984358857,Other,random,H_2C1,9.984350000,RC2_0018_ICR-1_p08
419.220386285,429.204746141,9.984359857,Other,random,H_2C1,9.984350000,RC2_0018_ICR-1_p08
507.078018249,517.062378106,9.984359857,Other,random,H_2C1,9.984350000,RC2_0018_ICR-1_p08
296.041188938,306.025548795,9.984359857,Other,random,H_2C1,9.984350000,RC2_0018_ICR-1_p08
719.292582937,729.276942794,9.984359857,Other,random,H_2C1,9.984350000,RC2_0018_ICR-1_p08
375.102827364,385.087187220,9.984359857,Other,random,H_2C1,9.984350000,RC2_0018_ICR-1_p08
425.137064014,435.142534752,10.005470738,Other,random,C_2H2O2,10.005480000,RC2_0018_ICR-1_p08
345.097855086,355.103325824,10.005470738,Other,random,C_2H2O2,10.005480000,RC2_0018_ICR-1_p08
293.139452255,303.144923993,10.005471738,Other,random,C_2H2O2,10.005480000,RC2_0018_ICR-1_p08
439.116384407,449.121856145,10.005471738,Other,random,C_2H2O2,10.005480000,RC2_0018_ICR-1_p08
469.077313932,479.082785670,10.005471738,Other,random,C_2H2O2,10.005480000,RC2_0018_ICR-1_p08
563.205296638,573.210768375,10.005471738,Other,random,C_2H2O2,10.005480000,RC2_0018_ICR-1_p08
299.092446781,309.097919519,10.005472738,Other,random,C_2H2O2,10.005480000,RC2_0018_ICR-1_p08
536.177359619,546.182832357,10.005472738,Other,random,C_2H2O2,10.005480000,RC2_0018_ICR-1_p08
321.097860041,331.103332779,10.005472738,Other,random,C_2H2O2,10.005480000,RC2_0018_ICR-1_p08
427.134158784,437.139631522,10.005472738,Other,random,C_2H2O2,10.005480000,RC2_0018_ICR-1_p08
507.114318045,517.119791783,10.005473738,Other,random,C_2H2O2,10.005480000,RC2_0018_ICR-1_p08
293.175787051,303.181260789,10.005473738,Other,random,C_2H2O2,10.005480000,RC2_0018_ICR-1_p08
271.061260404,281.066734142,10.005473738,Other,random,C_2H2O2,10.005480000,RC2_0018_ICR-1_p08
517.062378106,527.067851843,10.005473738,Other,random,C_2H2O2,10.005480000,RC2_0018_ICR-1_p08
293.103072460,303.108547198,10.005474738,Other,random,C_2H2O2,10.005480000,RC2_0018_ICR-1_p08
543.223717997,553.229192735,10.005474738,Other,random,C_2H2O2,10.005480000,RC2_0018_ICR-1_p08
458.158568330,468.164043068,10.005474738,Other,random,C_2H2O2,10.005480000,RC2_0018_ICR-1_p08
557.239490184,567.244964922,10.005474738,Other,random,C_2H2O2,10.005480000,RC2_0018_ICR-1_p08
405.191569171,415.197044908,10.005475738,Other,random,C_2H2O2,10.005480000,RC2_0018_ICR-1_p08
557.203016389,567.208492127,10.005475738,Other,random,C_2H2O2,10.005480000,RC2_0018_ICR-1_p08
507.186957636,517.192433374,10.005475738,Other,random,C_2H2O2,10.005480000,RC2_0018_ICR-1_p08
245.045631693,255.051107431,10.005475738,Other,random,C_2H2O2,10.005480000,RC2_0018_ICR-1_p08
435.093034031,445.098510768,10.005476738,Other,random,C_2H2O2,10.005480000,RC2_0018_ICR-1_p08
516.078316639,526.083793377,10.005476738,Other,random,C_2H2O2,10.005480000,RC2_0018_ICR-1_p08
532.109604493,542.115081231,10.005476738,Other,random,C_2H2O2,10.005480000,RC2_0018_ICR-1_p08
685.286794156,695.292271894,10.005477738,Other,random,C_2H2O2,10.005480000,RC2_0018_ICR-1_p08
385.056375394,395.061853131,10.005477738,Other,random,C_2H2O2,10.005480000,RC2_0018_ICR-1_p08
409.178513751,419.183991489,10.005477738,Other,random,C_2H2O2,10.005480000,RC2_0018_ICR-1_p08
533.093773959,543.099252697,10.005478738,Other,random,C_2H2O2,10.005480000,RC2_0018_ICR-1_p08
557.057391208,567.062869946,10.005478738,Other,random,C_2H2O2,10.005480000,RC2_0018_ICR-1_p08
353.079667203,363.085145941,10.005478738,Other,random,C_2H2O2,10.005480000,RC2_0018_ICR-1_p08
467.111226988,477.116705726,10.005478738,Other,random,C_2H2O2,10.005480000,RC2_0018_ICR-1_p08
395.126523768,405.132003506,10.005479738,Other,random,C_2H2O2,10.005480000,RC2_0018_ICR-1_p08
571.218311579,581.223791317,10.005479738,Other,random,C_2H2O2,10.005480000,RC2_0018_ICR-1_p08
293.066690664,303.072170402,10.005479738,Other,random,C_2H2O2,10.005480000,RC2_0018_ICR-1_p08
360.121730605,370.127211342,10.005480738,Other,random,C_2H2O2,10.005480000,RC2_0018_ICR-1_p08
231.030005505,241.035486243,10.005480738,Other,random,C_2H2O2,10.005480000,RC2_0018_ICR-1_p08
713.245656940,723.251137678,10.005480738,Other,random,C_2H2O2,10.005480000,RC2_0018_ICR-1_p08
574.165082009,584.170562747,10.005480738,Other,random,C_2H2O2,10.005480000,RC2_0018_ICR-1_p08
443.183969534,453.189450272,10.005480738,Other,random,C_2H2O2,10.005480000,RC2_0018_ICR-1_p08
431.207451880,441.212932618,10.005480738,Other,random,C_2H2O2,10.005480000,RC2_0018_ICR-1_p08
531.041600498,541.047081236,10.005480738,Other,random,C_2H2O2,10.005480000,RC2_0018_ICR-1_p08
561.270534517,571.276015255,10.005480738,Other,random,C_2H2O2,10.005480000,RC2_0018_ICR-1_p08
367.131645187,377.137126925,10.005481738,Other,random,C_2H2O2,10.005480000,RC2_0018_ICR-1_p08
383.162785042,393.168266779,10.005481738,Other,random,C_2H2O2,10.005480000,RC2_0018_ICR-1_p08
401.160463838,411.165945576,10.005481738,Other,random,C_2H2O2,10.005480000,RC2_0018_ICR-1_p08
769.272826891,779.278308629,10.005481738,Other,random,C_2H2O2,10.005480000,RC2_0018_ICR-1_p08
277.144609196,287.150091934,10.005482738,Other,random,C_2H2O2,10.005480000,RC2_0018_ICR-1_p08
307.155049444,317.160532181,10.005482738,Other,random,C_2H2O2,10.005480000,RC2_0018_ICR-1_p08
511.101302626,521.106785363,10.005482738,Other,random,C_2H2O2,10.005480000,RC2_0018_ICR-1_p08
383.090035451,393.095518188,10.005482738,Other,random,C_2H2O2,10.005480000,RC2_0018_ICR-1_p08
388.116576186,398.122059923,10.005483738,Other,random,C_2H2O2,10.005480000,RC2_0018_ICR-1_p08
263.092574213,273.098058951,10.005484738,Other,random,C_2H2O2,10.005480000,RC2_0018_ICR-1_p08
337.129165895,347.134650633,10.005484738,Other,random,C_2H2O2,10.005480000,RC2_0018_ICR-1_p08
441.113396177,451.118880915,10.005484738,Other,random,C_2H2O2,10.005480000,RC2_0018_ICR-1_p08
251.092540691,261.098025429,10.005484738,Other,random,C_2H2O2,10.005480000,RC2_0018_ICR-1_p08
379.066939073,389.072423811,10.005484738,Other,random,C_2H2O2,10.005480000,RC2_0018_ICR-1_p08
331.131665620,341.137152357,10.005486738,Other,random,C_2H2O2,10.005480000,RC2_0018_ICR-1_p08
355.131661664,365.137149402,10.005487738,Other,random,C_2H2O2,10.005480000,RC2_0018_ICR-1_p08
383.126616245,393.132103983,10.005487738,Other,random,C_2H2O2,10.005480000,RC2_0018_ICR-1_p08
407.061800654,417.067288392,10.005487738,Other,random,C_2H2O2,10.005480000,RC2_0018_ICR-1_p08
307.082288853,317.087776590,10.005487738,Other,random,C_2H2O2,10.005480000,RC2_0018_ICR-1_p08
501.030870253,511.036358991,10.005488738,Other,random,C_2H2O2,10.005480000,RC2_0018_ICR-1_p08
519.187212157,529.192700895,10.005488738,Other,random,C_2H2O2,10.005480000,RC2_0018_ICR-1_p08
279.123820067,289.129309805,10.005489738,Other,random,C_2H2O2,10.005480000,RC2_0018_ICR-1_p08
320.077540779,330.083030516,10.005489738,Other,random,C_2H2O2,10.005480000,RC2_0018_ICR-1_p08
329.051322318,339.072047970,10.020725652,Other,random,C2H2O_1,10.020735000,RC2_0018_ICR-1_p08
382.127214865,392.147940517,10.020725652,Other,random,C2H2O_1,10.020735000,RC2_0018_ICR-1_p08
439.152651203,449.173376855,10.020725652,Other,random,C2H2O_1,10.020735000,RC2_0018_ICR-1_p08
487.064752786,497.085478438,10.020725652,Other,random,C2H2O_1,10.020735000,RC2_0018_ICR-1_p08
521.252112546,531.272838198,10.020725652,Other,random,C2H2O_1,10.020735000,RC2_0018_ICR-1_p08
625.169891202,635.190616854,10.020725652,Other,random,C2H2O_1,10.020735000,RC2_0018_ICR-1_p08
493.220813170,503.241538822,10.020725652,Other,random,C2H2O_1,10.020735000,RC2_0018_ICR-1_p08
551.190067201,561.210792853,10.020725652,Other,random,C2H2O_1,10.020735000,RC2_0018_ICR-1_p08
333.082651649,343.103378301,10.020726652,Other,random,C2H2O_1,10.020735000,RC2_0018_ICR-1_p08
426.153445299,436.174171951,10.020726652,Other,random,C2H2O_1,10.020735000,RC2_0018_ICR-1_p08
245.103145370,255.123872022,10.020726652,Other,random,C2H2O_1,10.020735000,RC2_0018_ICR-1_p08
298.093205400,308.113932052,10.020726652,Other,random,C2H2O_1,10.020735000,RC2_0018_ICR-1_p08
375.108330333,385.129057985,10.020727652,Other,random,C2H2O_1,10.020735000,RC2_0018_ICR-1_p08
483.142676841,493.163404493,10.020727652,Other,random,C2H2O_1,10.020735000,RC2_0018_ICR-1_p08
391.043650726,401.064379378,10.020728652,Other,random,C2H2O_1,10.020735000,RC2_0018_ICR-1_p08
587.088887337,597.109615989,10.020728652,Other,random,C2H2O_1,10.020735000,RC2_0018_ICR-1_p08
409.144668942,419.165397594,10.020728652,Other,random,C2H2O_1,10.020735000,RC2_0018_ICR-1_p08
437.181429287,447.202157939,10.020728652,Other,random,C2H2O_1,10.020735000,RC2_0018_ICR-1_p08
399.129537258,409.150265910,10.020728652,Other,random,C2H2O_1,10.020735000,RC2_0018_ICR-1_p08
241.035486243,251.056215895,10.020729652,Other,random,C2H2O_1,10.020735000,RC2_0018_ICR-1_p08
289.092914009,299.113643661,10.020729652,Other,random,C2H2O_1,10.020735000,RC2_0018_ICR-1_p08
361.069333276,371.090062928,10.020729652,Other,random,C2H2O_1,10.020735000,RC2_0018_ICR-1_p08
480.078289072,490.099018724,10.020729652,Other,random,C2H2O_1,10.020735000,RC2_0018_ICR-1_p08
513.124954246,523.145683898,10.020729652,Other,random,C2H2O_1,10.020735000,RC2_0018_ICR-1_p08
655.151815610,665.172545262,10.020729652,Other,random,C2H2O_1,10.020735000,RC2_0018_ICR-1_p08
308.077556256,318.098286908,10.020730652,Other,random,C2H2O_1,10.020735000,RC2_0018_ICR-1_p08
369.118928012,379.139658664,10.020730652,Other,random,C2H2O_1,10.020735000,RC2_0018_ICR-1_p08
481.257362442,491.278093094,10.020730652,Other,random,C2H2O_1,10.020735000,RC2_0018_ICR-1_p08
507.114318045,517.135048697,10.020730652,Other,random,C2H2O_1,10.020735000,RC2_0018_ICR-1_p08
303.087371317,313.108102969,10.020731652,Other,random,C2H2O_1,10.020735000,RC2_0018_ICR-1_p08
319.045898580,329.066630232,10.020731652,Other,random,C2H2O_1,10.020735000,RC2_0018_ICR-1_p08
423.142526230,433.163257882,10.020731652,Other,random,C2H2O_1,10.020735000,RC2_0018_ICR-1_p08
343.176169892,353.196901544,10.020731652,Other,random,C2H2O_1,10.020735000,RC2_0018_ICR-1_p08
373.033090002,383.053821654,10.020731652,Other,random,C2H2O_1,10.020735000,RC2_0018_ICR-1_p08
415.189045953,425.209777605,10.020731652,Other,random,C2H2O_1,10.020735000,RC2_0018_ICR-1_p08
591.208353172,601.229084825,10.020731652,Other,random,C2H2O_1,10.020735000,RC2_0018_ICR-1_p08
438.039407463,448.060140115,10.020732652,Other,random,C2H2O_1,10.020735000,RC2_0018_ICR-1_p08
235.024899041,245.045631693,10.020732652,Other,random,C2H2O_1,10.020735000,RC2_0018_ICR-1_p08
279.051098476,289.071831128,10.020732652,Other,random,C2H2O_1,10.020735000,RC2_0018_ICR-1_p08
313.092795055,323.113527707,10.020732652,Other,random,C2H2O_1,10.020735000,RC2_0018_ICR-1_p08
375.202297804,385.223030456,10.020732652,Other,random,C2H2O_1,10.020735000,RC2_0018_ICR-1_p08
553.229192735,563.249925387,10.020732652,Other,random,C2H2O_1,10.020735000,RC2_0018_ICR-1_p08
585.255313647,595.276046299,10.020732652,Other,random,C2H2O_1,10.020735000,RC2_0018_ICR-1_p08
735.287389996,745.308123648,10.020733652,Other,random,C2H2O_1,10.020735000,RC2_0018_ICR-1_p08
282.062028545,292.082762197,10.020733652,Other,random,C2H2O_1,10.020735000,RC2_0018_ICR-1_p08
325.056400782,335.077134434,10.020733652,Other,random,C2H2O_1,10.020735000,RC2_0018_ICR-1_p08
421.090621768,431.111355420,10.020733652,Other,random,C2H2O_1,10.020735000,RC2_0018_ICR-1_p08
255.123872022,265.144605674,10.020733652,Other,random,C2H2O_1,10.020735000,RC2_0018_ICR-1_p08
271.046000490,281.066734142,10.020733652,Other,random,C2H2O_1,10.020735000,RC2_0018_ICR-1_p08
335.163048951,345.183782603,10.020733652,Other,random,C2H2O_1,10.020735000,RC2_0018_ICR-1_p08
661.178009723,671.198743375,10.020733652,Other,random,C2H2O_1,10.020735000,RC2_0018_ICR-1_p08
380.062170477,390.082904129,10.020733652,Other,random,C2H2O_1,10.020735000,RC2_0018_ICR-1_p08
335.053840565,345.074575217,10.020734652,Other,random,C2H2O_1,10.020735000,RC2_0018_ICR-1_p08
401.100709174,411.121443826,10.020734652,Other,random,C2H2O_1,10.020735000,RC2_0018_ICR-1_p08
265.035476288,275.056210940,10.020734652,Other,random,C2H2O_1,10.020735000,RC2_0018_ICR-1_p08
613.068609249,623.089343901,10.020734652,Other,random,C2H2O_1,10.020735000,RC2_0018_ICR-1_p08
367.066843551,377.087578203,10.020734652,Other,random,C2H2O_1,10.020735000,RC2_0018_ICR-1_p08
403.097628945,413.118363597,10.020734652,Other,random,C2H2O_1,10.020735000,RC2_0018_ICR-1_p08
439.160695158,449.181429810,10.020734652,Other,random,C2H2O_1,10.020735000,RC2_0018_ICR-1_p08
303.051037521,313.071773173,10.020735652,Other,random,C2H2O_1,10.020735000,RC2_0018_ICR-1_p08
475.124497928,485.145233580,10.020735652,Other,random,C2H2O_1,10.020735000,RC2_0018_ICR-1_p08
255.051107431,265.071843083,10.020735652,Other,random,C2H2O_1,10.020735000,RC2_0018_ICR-1_p08
415.087909522,425.108645174,10.020735652,Other,random,C2H2O_1,10.020735000,RC2_0018_ICR-1_p08
461.175933363,471.196669015,10.020735652,Other,random,C2H2O_1,10.020735000,RC2_0018_ICR-1_p08
513.233995633,523.254731285,10.020735652,Other,random,C2H2O_1,10.020735000,RC2_0018_ICR-1_p08
539.104213161,549.124948813,10.020735652,Other,random,C2H2O_1,10.020735000,RC2_0018_ICR-1_p08
787.282263622,797.302999274,10.020735652,Other,random,C2H2O_1,10.020735000,RC2_0018_ICR-1_p08
325.129201372,335.149938024,10.020736652,Other,random,C2H2O_1,10.020735000,RC2_0018_ICR-1_p08
385.069458320,395.090194972,10.020736652,Other,random,C2H2O_1,10.020735000,RC2_0018_ICR-1_p08
395.098147927,405.118884579,10.020736652,Other,random,C2H2O_1,10.020735000,RC2_0018_ICR-1_p08
328.067354851,338.088091503,10.020736652,Other,random,C2H2O_1,10.020735000,RC2_0018_ICR-1_p08
539.205385592,549.226122244,10.020736652,Other,random,C2H2O_1,10.020735000,RC2_0018_ICR-1_p08
612.194015167,622.214751819,10.020736652,Other,random,C2H2O_1,10.020735000,RC2_0018_ICR-1_p08
409.041086524,419.061824176,10.020737652,Other,random,C2H2O_1,10.020735000,RC2_0018_ICR-1_p08
343.103378301,353.124115953,10.020737652,Other,random,C2H2O_1,10.020735000,RC2_0018_ICR-1_p08
427.152741680,437.173479332,10.020737652,Other,random,C2H2O_1,10.020735000,RC2_0018_ICR-1_p08
489.161249997,499.181987649,10.020737652,Other,random,C2H2O_1,10.020735000,RC2_0018_ICR-1_p08
525.088620973,535.109358625,10.020737652,Other,random,C2H2O_1,10.020735000,RC2_0018_ICR-1_p08
557.078380090,567.099117742,10.020737652,Other,random,C2H2O_1,10.020735000,RC2_0018_ICR-1_p08
381.155172331,391.175910983,10.020738652,Other,random,C2H2O_1,10.020735000,RC2_0018_ICR-1_p08
421.077519842,431.098258494,10.020738652,Other,random,C2H2O_1,10.020735000,RC2_0018_ICR-1_p08
487.218312923,497.239051575,10.020738652,Other,random,C2H2O_1,10.020735000,RC2_0018_ICR-1_p08
555.135496015,565.156234667,10.020738652,Other,random,C2H2O_1,10.020735000,RC2_0018_ICR-1_p08
285.061651678,295.082390330,10.020738652,Other,random,C2H2O_1,10.020735000,RC2_0018_ICR-1_p08
311.126658111,321.147396763,10.020738652,Other,random,C2H2O_1,10.020735000,RC2_0018_ICR-1_p08
383.184098922,393.204837574,10.020738652,Other,random,C2H2O_1,10.020735000,RC2_0018_ICR-1_p08
437.139631522,447.160370174,10.020738652,Other,random,C2H2O_1,10.020735000,RC2_0018_ICR-1_p08
341.079680681,351.100419333,10.020738652,Other,random,C2H2O_1,10.020735000,RC2_0018_ICR-1_p08
517.220874214,527.241612866,10.020738652,Other,random,C2H2O_1,10.020735000,RC2_0018_ICR-1_p08
659.089270469,669.110009121,10.020738652,Other,random,C2H2O_1,10.020735000,RC2_0018_ICR-1_p08
677.172499784,687.193238436,10.020738652,Other,random,C2H2O_1,10.020735000,RC2_0018_ICR-1_p08
305.030254392,315.050994044,10.020739652,Other,random,C2H2O_1,10.020735000,RC2_0018_ICR-1_p08
336.072365837,346.093105489,10.020739652,Other,random,C2H2O_1,10.020735000,RC2_0018_ICR-1_p08
379.116272796,389.137012448,10.020739652,Other,random,C2H2O_1,10.020735000,RC2_0018_ICR-1_p08
275.059571921,285.080312573,10.020740652,Other,random,C2H2O_1,10.020735000,RC2_0018_ICR-1_p08
299.126631588,309.147372240,10.020740652,Other,random,C2H2O_1,10.020735000,RC2_0018_ICR-1_p08
347.107917783,357.128658435,10.020740652,Other,random,C2H2O_1,10.020735000,RC2_0018_ICR-1_p08
441.030864641,451.051605293,10.020740652,Other,random,C2H2O_1,10.020735000,RC2_0018_ICR-1_p08
553.083422554,563.104163206,10.020740652,Other,random,C2H2O_1,10.020735000,RC2_0018_ICR-1_p08
243.051137909,253.071879561,10.020741652,Other,random,C2H2O_1,10.020735000,RC2_0018_ICR-1_p08
283.045949012,293.066690664,10.020741652,Other,random,C2H2O_1,10.020735000,RC2_0018_ICR-1_p08
391.189141908,401.209883560,10.020741652,Other,random,C2H2O_1,10.020735000,RC2_0018_ICR-1_p08
438.067690304,448.088431956,10.020741652,Other,random,C2H2O_1,10.020735000,RC2_0018_ICR-1_p08
521.130053232,531.150794884,10.020741652,Other,random,C2H2O_1,10.020735000,RC2_0018_ICR-1_p08
585.146221261,595.166962913,10.020741652,Other,random,C2H2O_1,10.020735000,RC2_0018_ICR-1_p08
357.118880490,367.139622142,10.020741652,Other,random,C2H2O_1,10.020735000,RC2_0018_ICR-1_p08
417.113416132,427.134158784,10.020742652,Other,random,C2H2O_1,10.020735000,RC2_0018_ICR-1_p08
277.035490810,287.056233462,10.020742652,Other,random,C2H2O_1,10.020735000,RC2_0018_ICR-1_p08
413.100724696,423.121467348,10.020742652,Other,random,C2H2O_1,10.020735000,RC2_0018_ICR-1_p08
631.094263888,641.115006540,10.020742652,Other,random,C2H2O_1,10.020735000,RC2_0018_ICR-1_p08
271.118818080,281.139561732,10.020743652,Other,random,C2H2O_1,10.020735000,RC2_0018_ICR-1_p08
405.140094460,415.160838112,10.020743652,Other,random,C2H2O_1,10.020735000,RC2_0018_ICR-1_p08
381.118962534,391.139706186,10.020743652,Other,random,C2H2O_1,10.020735000,RC2_0018_ICR-1_p08
511.218323967,521.239067619,10.020743652,Other,random,C2H2O_1,10.020735000,RC2_0018_ICR-1_p08
477.030962208,487.051706860,10.020744652,Other,random,C2H2O_1,10.020735000,RC2_0018_ICR-1_p08
519.099216652,529.119961304,10.020744652,Other,random,C2H2O_1,10.020735000,RC2_0018_ICR-1_p08
619.203488752,629.224233404,10.020744652,Other,random,C2H2O_1,10.020735000,RC2_0018_ICR-1_p08
355.131661664,365.152406316,10.020744652,Other,random,C2H2O_1,10.020735000,RC2_0018_ICR-1_p08
363.121434737,373.142179389,10.020744652,Other,random,C2H2O_1,10.020735000,RC2_0018_ICR-1_p08
376.080328867,386.101073519,10.020744652,Other,random,C2H2O_1,10.020735000,RC2_0018_ICR-1_p08
415.116319362,425.137064014,10.020744652,Other,random,C2H2O_1,10.020735000,RC2_0018_ICR-1_p08
463.197049998,473.217794650,10.020744652,Other,random,C2H2O_1,10.020735000,RC2_0018_ICR-1_p08
487.173788173,497.194532825,10.020744652,Other,random,C2H2O_1,10.020735000,RC2_0018_ICR-1_p08
487.210426967,497.231171619,10.020744652,Other,random,C2H2O_1,10.020735000,RC2_0018_ICR-1_p08
725.230703546,735.251448198,10.020744652,Other,random,C2H2O_1,10.020735000,RC2_0018_ICR-1_p08
387.084980986,397.163221315,10.078240329,Other,random,H10,10.078250000,RC2_0018_ICR-1_p08
245.045631693,255.123872022,10.078240329,Other,random,H10,10.078250000,RC2_0018_ICR-1_p08
302.067113054,312.145353382,10.078240329,Other,random,H10,10.078250000,RC2_0018_ICR-1_p08
371.090062928,381.168303257,10.078240329,Other,random,H10,10.078250000,RC2_0018_ICR-1_p08
290.030728736,300.108970065,10.078241329,Other,random,H10,10.078250000,RC2_0018_ICR-1_p08
395.061853131,405.140094460,10.078241329,Other,random,H10,10.078250000,RC2_0018_ICR-1_p08
621.174847667,631.253088995,10.078241329,Other,random,H10,10.078250000,RC2_0018_ICR-1_p08
517.171426492,527.249668821,10.078242329,Other,random,H10,10.078250000,RC2_0018_ICR-1_p08
519.078013771,529.156256100,10.078242329,Other,random,H10,10.078250000,RC2_0018_ICR-1_p08
571.072927397,581.151169725,10.078242329,Other,random,H10,10.078250000,RC2_0018_ICR-1_p08
259.061289881,269.139533210,10.078243329,Other,random,H10,10.078250000,RC2_0018_ICR-1_p08
493.098788856,503.177032185,10.078243329,Other,random,H10,10.078250000,RC2_0018_ICR-1_p08
307.082288853,317.160532181,10.078243329,Other,random,H10,10.078250000,RC2_0018_ICR-1_p08
351.035673697,361.113917025,10.078243329,Other,random,H10,10.078250000,RC2_0018_ICR-1_p08
361.056382349,371.134626678,10.078244329,Other,random,H10,10.078250000,RC2_0018_ICR-1_p08
559.036623079,569.114867407,10.078244329,Other,random,H10,10.078250000,RC2_0018_ICR-1_p08
657.183140187,667.261384516,10.078244329,Other,random,H10,10.078250000,RC2_0018_ICR-1_p08
325.084803622,335.163048951,10.078245329,Other,random,H10,10.078250000,RC2_0018_ICR-1_p08
421.077519842,431.155765170,10.078245329,Other,random,H10,10.078250000,RC2_0018_ICR-1_p08
331.058906029,341.137152357,10.078246329,Other,random,H10,10.078250000,RC2_0018_ICR-1_p08
525.067599091,535.145845420,10.078246329,Other,random,H10,10.078250000,RC2_0018_ICR-1_p08
235.024899041,245.103145370,10.078246329,Other,random,H10,10.078250000,RC2_0018_ICR-1_p08
261.040570752,271.118818080,10.078247329,Other,random,H10,10.078250000,RC2_0018_ICR-1_p08
477.140065594,487.218312923,10.078247329,Other,random,H10,10.078250000,RC2_0018_ICR-1_p08
429.095608755,439.173857084,10.078248329,Other,random,H10,10.078250000,RC2_0018_ICR-1_p08
511.173864217,521.252112546,10.078248329,Other,random,H10,10.078250000,RC2_0018_ICR-1_p08
287.019806667,297.098054995,10.078248329,Other,random,H10,10.078250000,RC2_0018_ICR-1_p08
587.104447249,597.182695578,10.078248329,Other,random,H10,10.078250000,RC2_0018_ICR-1_p08
523.072900308,533.151149636,10.078249329,Other,random,H10,10.078250000,RC2_0018_ICR-1_p08
351.100419333,361.178668661,10.078249329,Other,random,H10,10.078250000,RC2_0018_ICR-1_p08
619.130517162,629.208766491,10.078249329,Other,random,H10,10.078250000,RC2_0018_ICR-1_p08
231.030005505,241.108254834,10.078249329,Other,random,H10,10.078250000,RC2_0018_ICR-1_p08
233.045621171,243.123870500,10.078249329,Other,random,H10,10.078250000,RC2_0018_ICR-1_p08
349.019989031,359.098238360,10.078249329,Other,random,H10,10.078250000,RC2_0018_ICR-1_p08
459.020238485,469.098488813,10.078250329,Other,random,H10,10.078250000,RC2_0018_ICR-1_p08
317.066613709,327.144865038,10.078251329,Other,random,H10,10.078250000,RC2_0018_ICR-1_p08
537.225979723,547.304231051,10.078251329,Other,random,H10,10.078250000,RC2_0018_ICR-1_p08
311.092492303,321.170743631,10.078251329,Other,random,H10,10.078250000,RC2_0018_ICR-1_p08
443.098265016,453.176517345,10.078252329,Other,random,H10,10.078250000,RC2_0018_ICR-1_p08
469.041078136,479.119331465,10.078253329,Other,random,H10,10.078250000,RC2_0018_ICR-1_p08
485.108694786,495.186948114,10.078253329,Other,random,H10,10.078250000,RC2_0018_ICR-1_p08
546.161849475,556.240102804,10.078253329,Other,random,H10,10.078250000,RC2_0018_ICR-1_p08
669.219241506,679.297494835,10.078253329,Other,random,H10,10.078250000,RC2_0018_ICR-1_p08
315.087322839,325.165577168,10.078254329,Other,random,H10,10.078250000,RC2_0018_ICR-1_p08
431.111355420,441.189609749,10.078254329,Other,random,H10,10.078250000,RC2_0018_ICR-1_p08
439.189155997,449.267411326,10.078255329,Other,random,H10,10.078250000,RC2_0018_ICR-1_p08
589.192786506,599.271041835,10.078255329,Other,random,H10,10.078250000,RC2_0018_ICR-1_p08
669.110009121,679.188264449,10.078255329,Other,random,H10,10.078250000,RC2_0018_ICR-1_p08
383.077008524,393.155263852,10.078255329,Other,random,H10,10.078250000,RC2_0018_ICR-1_p08
401.014774657,411.093030986,10.078256329,Other,random,H10,10.078250000,RC2_0018_ICR-1_p08
401.087688247,411.165945576,10.078257329,Other,random,H10,10.078250000,RC2_0018_ICR-1_p08
489.212869707,499.291127036,10.078257329,Other,random,H10,10.078250000,RC2_0018_ICR-1_p08
449.108817218,459.187075546,10.078258329,Other,random,H10,10.078250000,RC2_0018_ICR-1_p08
511.088238699,521.166497028,10.078258329,Other,random,H10,10.078250000,RC2_0018_ICR-1_p08
387.108287855,397.186547184,10.078259329,Other,random,H10,10.078250000,RC2_0018_ICR-1_p08
307.045929057,317.124188386,10.078259329,Other,random,H10,10.078250000,RC2_0018_ICR-1_p08
473.036038672,483.114298000,10.078259329,Other,random,H10,10.078250000,RC2_0018_ICR-1_p08
513.176471957,523.254731285,10.078259329,Other,random,H10,10.078250000,RC2_0018_ICR-1_p08
597.146229783,608.125823043,10.979593260,Other,random,N1H_3,10.979599000,RC2_0018_ICR-1_p08
371.126548723,382.106141983,10.979593260,Other,random,N1H_3,10.979599000,RC2_0018_ICR-1_p08
523.145683898,534.125277159,10.979593260,Other,random,N1H_3,10.979599000,RC2_0018_ICR-1_p08
299.150018457,310.129613717,10.979595260,Other,random,N1H_3,10.979599000,RC2_0018_ICR-1_p08
321.134254837,332.113851097,10.979596260,Other,random,N1H_3,10.979599000,RC2_0018_ICR-1_p08
653.209102534,664.188699794,10.979597260,Other,random,N1H_3,10.979599000,RC2_0018_ICR-1_p08
349.142133344,360.121730605,10.979597260,Other,random,N1H_3,10.979599000,RC2_0018_ICR-1_p08
501.088616928,512.068216188,10.979599260,Other,random,N1H_3,10.979599000,RC2_0018_ICR-1_p08
273.098058951,284.077658211,10.979599260,Other,random,N1H_3,10.979599000,RC2_0018_ICR-1_p08
583.166912391,594.146511651,10.979599260,Other,random,N1H_3,10.979599000,RC2_0018_ICR-1_p08
261.098025429,272.077625689,10.979600260,Other,random,N1H_3,10.979599000,RC2_0018_ICR-1_p08
361.105876071,372.085476331,10.979600260,Other,random,N1H_3,10.979599000,RC2_0018_ICR-1_p08
381.131978461,392.111580721,10.979602260,Other,random,N1H_3,10.979599000,RC2_0018_ICR-1_p08
335.113503229,346.093105489,10.979602260,Other,random,N1H_3,10.979599000,RC2_0018_ICR-1_p08
503.082984714,514.062586974,10.979602260,Other,random,N1H_3,10.979599000,RC2_0018_ICR-1_p08
255.087539226,266.067142487,10.979603260,Other,random,N1H_3,10.979599000,RC2_0018_ICR-1_p08
323.149991502,334.129594762,10.979603260,Other,random,N1H_3,10.979599000,RC2_0018_ICR-1_p08
515.168920753,526.148525013,10.979604260,Other,random,N1H_3,10.979599000,RC2_0018_ICR-1_p08
269.139533210,280.119137470,10.979604260,Other,random,N1H_3,10.979599000,RC2_0018_ICR-1_p08
267.123830545,278.103435805,10.979605260,Other,random,N1H_3,10.979599000,RC2_0018_ICR-1_p08
253.071879561,264.051484821,10.979605260,Other,random,N1H_3,10.979599000,RC2_0018_ICR-1_p08
269.030407824,280.010014084,10.979606260,Other,random,N1H_3,10.979599000,RC2_0018_ICR-1_p08
291.087506794,302.067113054,10.979606260,Other,random,N1H_3,10.979599000,RC2_0018_ICR-1_p08
313.092795055,324.072401315,10.979606260,Other,random,N1H_3,10.979599000,RC2_0018_ICR-1_p08
285.098011473,296.077618733,10.979607260,Other,random,N1H_3,10.979599000,RC2_0018_ICR-1_p08
251.056215895,262.035823155,10.979607260,Other,random,N1H_3,10.979599000,RC2_0018_ICR-1_p08
245.103145370,256.082753630,10.979608260,Other,random,N1H_3,10.979599000,RC2_0018_ICR-1_p08
257.066755097,268.046363357,10.979608260,Other,random,N1H_3,10.979599000,RC2_0018_ICR-1_p08
296.077618733,307.057226994,10.979608260,Other,random,N1H_3,10.979599000,RC2_0018_ICR-1_p08
381.046201943,392.062176999,11.015975056,Other,random,C1H1N1O_1,11.015984000,RC2_0018_ICR-1_p08
335.090267360,346.106242416,11.015975056,Other,random,C1H1N1O_1,11.015984000,RC2_0018_ICR-1_p08
339.072047970,350.088024025,11.015976056,Other,random,C1H1N1O_1,11.015984000,RC2_0018_ICR-1_p08
455.046568829,466.062545885,11.015977056,Other,random,C1H1N1O_1,11.015984000,RC2_0018_ICR-1_p08
314.051745662,325.067723718,11.015978056,Other,random,C1H1N1O_1,11.015984000,RC2_0018_ICR-1_p08
325.020085986,336.036064042,11.015978056,Other,random,C1H1N1O_1,11.015984000,RC2_0018_ICR-1_p08
527.104293638,538.120272694,11.015979056,Other,random,C1H1N1O_1,11.015984000,RC2_0018_ICR-1_p08
551.140751478,562.156730534,11.015979056,Other,random,C1H1N1O_1,11.015984000,RC2_0018_ICR-1_p08
509.093628915,520.109607971,11.015979056,Other,random,C1H1N1O_1,11.015984000,RC2_0018_ICR-1_p08
300.072566269,311.088545325,11.015979056,Other,random,C1H1N1O_1,11.015984000,RC2_0018_ICR-1_p08
255.087539226,266.103518282,11.015979056,Other,random,C1H1N1O_1,11.015984000,RC2_0018_ICR-1_p08
303.035765607,314.051745662,11.015980056,Other,random,C1H1N1O_1,11.015984000,RC2_0018_ICR-1_p08
329.051322318,340.067302373,11.015980056,Other,random,C1H1N1O_1,11.015984000,RC2_0018_ICR-1_p08
393.119012056,404.134993112,11.015981056,Other,random,C1H1N1O_1,11.015984000,RC2_0018_ICR-1_p08
333.061472768,344.077454824,11.015982056,Other,random,C1H1N1O_1,11.015984000,RC2_0018_ICR-1_p08
547.109279148,558.125261203,11.015982056,Other,random,C1H1N1O_1,11.015984000,RC2_0018_ICR-1_p08
511.072942785,522.088926841,11.015984056,Other,random,C1H1N1O_1,11.015984000,RC2_0018_ICR-1_p08
467.046573351,478.062559407,11.015986056,Other,random,C1H1N1O_1,11.015984000,RC2_0018_ICR-1_p08
323.077086912,334.093073967,11.015987056,Other,random,C1H1N1O_1,11.015984000,RC2_0018_ICR-1_p08
463.124489406,474.140476461,11.015987056,Other,random,C1H1N1O_1,11.015984000,RC2_0018_ICR-1_p08
405.132003506,416.147990561,11.015987056,Other,random,C1H1N1O_1,11.015984000,RC2_0018_ICR-1_p08
299.077271866,310.093259922,11.015988056,Other,random,C1H1N1O_1,11.015984000,RC2_0018_ICR-1_p08
405.095520711,416.111508766,11.015988056,Other,random,C1H1N1O_1,11.015984000,RC2_0018_ICR-1_p08
419.074816103,430.090805159,11.015989056,Other,random,C1H1N1O_1,11.015984000,RC2_0018_ICR-1_p08
433.090430291,444.106419347,11.015989056,Other,random,C1H1N1O_1,11.015984000,RC2_0018_ICR-1_p08
615.193265302,626.209255358,11.015990056,Other,random,C1H1N1O_1,11.015984000,RC2_0018_ICR-1_p08
287.040877548,298.056867604,11.015990056,Other,random,C1H1N1O_1,11.015984000,RC2_0018_ICR-1_p08
321.097860041,332.113851097,11.015991056,Other,random,C1H1N1O_1,11.015984000,RC2_0018_ICR-1_p08
279.087464271,290.103455327,11.015991056,Other,random,C1H1N1O_1,11.015984000,RC2_0018_ICR-1_p08
281.030325346,292.046318402,11.015993056,Other,random,C1H1N1O_1,11.015984000,RC2_0018_ICR-1_p08
299.040919070,310.056912126,11.015993056,Other,random,C1H1N1O_1,11.015984000,RC2_0018_ICR-1_p08
585.182818055,596.198811110,11.015993056,Other,random,C1H1N1O_1,11.015984000,RC2_0018_ICR-1_p08
408.129878648,420.093484375,11.963605727,Other,random,H_4O1,11.963615000,RC2_0018_ICR-1_p08
463.101134537,475.064740264,11.963605727,Other,random,H_4O1,11.963615000,RC2_0018_ICR-1_p08
509.129917711,521.093523438,11.963605727,Other,random,H_4O1,11.963615000,RC2_0018_ICR-1_p08
313.092795055,325.056400782,11.963605727,Other,random,H_4O1,11.963615000,RC2_0018_ICR-1_p08
441.103707232,453.067312959,11.963605727,Other,random,H_4O1,11.963615000,RC2_0018_ICR-1_p08
495.077955727,507.041562454,11.963606727,Other,random,H_4O1,11.963615000,RC2_0018_ICR-1_p08
323.113527707,335.077134434,11.963606727,Other,random,H_4O1,11.963615000,RC2_0018_ICR-1_p08
550.193123807,562.156730534,11.963606727,Other,random,H_4O1,11.963615000,RC2_0018_ICR-1_p08
557.203016389,569.166623116,11.963606727,Other,random,H_4O1,11.963615000,RC2_0018_ICR-1_p08
627.229757619,639.193364346,11.963606727,Other,random,H_4O1,11.963615000,RC2_0018_ICR-1_p08
525.247207081,537.210813808,11.963606727,Other,random,H_4O1,11.963615000,RC2_0018_ICR-1_p08
435.165934621,447.129542348,11.963607727,Other,random,H_4O1,11.963615000,RC2_0018_ICR-1_p08
453.189450272,465.153057999,11.963607727,Other,random,H_4O1,11.963615000,RC2_0018_ICR-1_p08
519.150747362,531.114355089,11.963607727,Other,random,H_4O1,11.963615000,RC2_0018_ICR-1_p08
319.095298302,331.058906029,11.963607727,Other,random,H_4O1,11.963615000,RC2_0018_ICR-1_p08
267.051106954,279.014714681,11.963607727,Other,random,H_4O1,11.963615000,RC2_0018_ICR-1_p08
411.129514781,423.093122508,11.963607727,Other,random,H_4O1,11.963615000,RC2_0018_ICR-1_p08
595.130743116,607.094350843,11.963607727,Other,random,H_4O1,11.963615000,RC2_0018_ICR-1_p08
308.113932052,320.077540779,11.963608727,Other,random,H_4O1,11.963615000,RC2_0018_ICR-1_p08
441.168368868,453.131977595,11.963608727,Other,random,H_4O1,11.963615000,RC2_0018_ICR-1_p08
627.157019028,639.120628755,11.963609727,Other,random,H_4O1,11.963615000,RC2_0018_ICR-1_p08
255.051107431,267.014717158,11.963609727,Other,random,H_4O1,11.963615000,RC2_0018_ICR-1_p08
245.103145370,257.066755097,11.963609727,Other,random,H_4O1,11.963615000,RC2_0018_ICR-1_p08
256.082753630,268.046363357,11.963609727,Other,random,H_4O1,11.963615000,RC2_0018_ICR-1_p08
301.056502737,313.020112463,11.963609727,Other,random,H_4O1,11.963615000,RC2_0018_ICR-1_p08
312.108791588,324.072401315,11.963609727,Other,random,H_4O1,11.963615000,RC2_0018_ICR-1_p08
449.108817218,461.072426945,11.963609727,Other,random,H_4O1,11.963615000,RC2_0018_ICR-1_p08
455.155689215,467.119298942,11.963609727,Other,random,H_4O1,11.963615000,RC2_0018_ICR-1_p08
566.188138865,578.151748592,11.963609727,Other,random,H_4O1,11.963615000,RC2_0018_ICR-1_p08
307.082288853,319.045898580,11.963609727,Other,random,H_4O1,11.963615000,RC2_0018_ICR-1_p08
585.255313647,597.218923374,11.963609727,Other,random,H_4O1,11.963615000,RC2_0018_ICR-1_p08
339.119773701,351.083384428,11.963610727,Other,random,H_4O1,11.963615000,RC2_0018_ICR-1_p08
302.088134936,314.051745662,11.963610727,Other,random,H_4O1,11.963615000,RC2_0018_ICR-1_p08
251.128963486,263.092574213,11.963610727,Other,random,H_4O1,11.963615000,RC2_0018_ICR-1_p08
361.165589735,373.129200462,11.963610727,Other,random,H_4O1,11.963615000,RC2_0018_ICR-1_p08
563.249925387,575.213537114,11.963611727,Other,random,H_4O1,11.963615000,RC2_0018_ICR-1_p08
348.072489359,360.036101086,11.963611727,Other,random,H_4O1,11.963615000,RC2_0018_ICR-1_p08
385.113696071,397.077307798,11.963611727,Other,random,H_4O1,11.963615000,RC2_0018_ICR-1_p08
457.180991827,469.144603554,11.963611727,Other,random,H_4O1,11.963615000,RC2_0018_ICR-1_p08
459.114224956,471.077836683,11.963611727,Other,random,H_4O1,11.963615000,RC2_0018_ICR-1_p08
461.072426945,473.036038672,11.963611727,Other,random,H_4O1,11.963615000,RC2_0018_ICR-1_p08
480.187488458,492.151100185,11.963611727,Other,random,H_4O1,11.963615000,RC2_0018_ICR-1_p08
477.116705726,489.080318453,11.963612727,Other,random,H_4O1,11.963615000,RC2_0018_ICR-1_p08
369.131878939,381.095491666,11.963612727,Other,random,H_4O1,11.963615000,RC2_0018_ICR-1_p08
451.246473198,463.210085924,11.963612727,Other,random,H_4O1,11.963615000,RC2_0018_ICR-1_p08
339.108453765,351.072066492,11.963612727,Other,random,H_4O1,11.963615000,RC2_0018_ICR-1_p08
389.173446243,401.137058970,11.963612727,Other,random,H_4O1,11.963615000,RC2_0018_ICR-1_p08
321.097860041,333.061472768,11.963612727,Other,random,H_4O1,11.963615000,RC2_0018_ICR-1_p08
441.139951028,453.103563755,11.963612727,Other,random,H_4O1,11.963615000,RC2_0018_ICR-1_p08
524.140806303,536.104419030,11.963612727,Other,random,H_4O1,11.963615000,RC2_0018_ICR-1_p08
417.113416132,429.077029859,11.963613727,Other,random,H_4O1,11.963615000,RC2_0018_ICR-1_p08
465.176451867,477.140065594,11.963613727,Other,random,H_4O1,11.963615000,RC2_0018_ICR-1_p08
581.114975929,593.078589656,11.963613727,Other,random,H_4O1,11.963615000,RC2_0018_ICR-1_p08
289.056493214,301.020106941,11.963613727,Other,random,H_4O1,11.963615000,RC2_0018_ICR-1_p08
357.118880490,369.082494217,11.963613727,Other,random,H_4O1,11.963615000,RC2_0018_ICR-1_p08
447.142632274,459.106246001,11.963613727,Other,random,H_4O1,11.963615000,RC2_0018_ICR-1_p08
448.088431956,460.052045683,11.963613727,Other,random,H_4O1,11.963615000,RC2_0018_ICR-1_p08
286.093252877,298.056867604,11.963614727,Other,random,H_4O1,11.963615000,RC2_0018_ICR-1_p08
343.176169892,355.139784619,11.963614727,Other,random,H_4O1,11.963615000,RC2_0018_ICR-1_p08
467.184183578,479.147798304,11.963614727,Other,random,H_4O1,11.963615000,RC2_0018_ICR-1_p08
671.234871172,683.198485899,11.963614727,Other,random,H_4O1,11.963615000,RC2_0018_ICR-1_p08
673.250660837,685.214275564,11.963614727,Other,random,H_4O1,11.963615000,RC2_0018_ICR-1_p08
325.142166299,337.105781026,11.963614727,Other,random,H_4O1,11.963615000,RC2_0018_ICR-1_p08
689.245216898,701.208832625,11.963615727,Other,random,H_4O1,11.963615000,RC2_0018_ICR-1_p08
357.110821535,369.074437262,11.963615727,Other,random,H_4O1,11.963615000,RC2_0018_ICR-1_p08
405.113319611,417.076935338,11.963615727,Other,random,H_4O1,11.963615000,RC2_0018_ICR-1_p08
278.067113009,290.030728736,11.963615727,Other,random,H_4O1,11.963615000,RC2_0018_ICR-1_p08
543.208229084,555.171844811,11.963615727,Other,random,H_4O1,11.963615000,RC2_0018_ICR-1_p08
511.218323967,523.181939694,11.963615727,Other,random,H_4O1,11.963615000,RC2_0018_ICR-1_p08
317.139331301,329.102948027,11.963616727,Other,random,H_4O1,11.963615000,RC2_0018_ICR-1_p08
369.191555604,381.155172331,11.963616727,Other,random,H_4O1,11.963615000,RC2_0018_ICR-1_p08
459.142498797,471.106115524,11.963616727,Other,random,H_4O1,11.963615000,RC2_0018_ICR-1_p08
499.072742264,511.036358991,11.963616727,Other,random,H_4O1,11.963615000,RC2_0018_ICR-1_p08
627.208637738,639.172254465,11.963616727,Other,random,H_4O1,11.963615000,RC2_0018_ICR-1_p08
306.119462267,318.083079994,11.963617727,Other,random,H_4O1,11.963615000,RC2_0018_ICR-1_p08
315.087322839,327.050940566,11.963617727,Other,random,H_4O1,11.963615000,RC2_0018_ICR-1_p08
365.246196789,377.209814516,11.963617727,Other,random,H_4O1,11.963615000,RC2_0018_ICR-1_p08
391.079897522,403.043515249,11.963617727,Other,random,H_4O1,11.963615000,RC2_0018_ICR-1_p08
451.087895089,463.051512816,11.963617727,Other,random,H_4O1,11.963615000,RC2_0018_ICR-1_p08
733.308276125,745.271893852,11.963617727,Other,random,H_4O1,11.963615000,RC2_0018_ICR-1_p08
533.239222141,545.202839868,11.963617727,Other,random,H_4O1,11.963615000,RC2_0018_ICR-1_p08
573.182602534,585.146221261,11.963618727,Other,random,H_4O1,11.963615000,RC2_0018_ICR-1_p08
288.108947542,300.072566269,11.963618727,Other,random,H_4O1,11.963615000,RC2_0018_ICR-1_p08
461.175933363,473.139552090,11.963618727,Other,random,H_4O1,11.963615000,RC2_0018_ICR-1_p08
479.192105055,491.155723782,11.963618727,Other,random,H_4O1,11.963615000,RC2_0018_ICR-1_p08
572.235038862,584.198657589,11.963618727,Other,random,H_4O1,11.963615000,RC2_0018_ICR-1_p08
253.108223356,265.071843083,11.963619727,Other,random,H_4O1,11.963615000,RC2_0018_ICR-1_p08
311.077148389,323.040768116,11.963619727,Other,random,H_4O1,11.963615000,RC2_0018_ICR-1_p08
355.204494255,367.168113982,11.963619727,Other,random,H_4O1,11.963615000,RC2_0018_ICR-1_p08
417.212962573,429.176582300,11.963619727,Other,random,H_4O1,11.963615000,RC2_0018_ICR-1_p08
447.056618758,459.020238485,11.963619727,Other,random,H_4O1,11.963615000,RC2_0018_ICR-1_p08
489.088371407,501.051991134,11.963619727,Other,random,H_4O1,11.963615000,RC2_0018_ICR-1_p08
521.202691824,533.166311551,11.963619727,Other,random,H_4O1,11.963615000,RC2_0018_ICR-1_p08
563.213471592,575.177091318,11.963619727,Other,random,H_4O1,11.963615000,RC2_0018_ICR-1_p08
385.186550662,397.150170389,11.963619727,Other,random,H_4O1,11.963615000,RC2_0018_ICR-1_p08
265.144605674,277.108226401,11.963620727,Other,random,H_4O1,11.963615000,RC2_0018_ICR-1_p08
311.088545325,323.052166052,11.963620727,Other,random,H_4O1,11.963615000,RC2_0018_ICR-1_p08
353.160383749,365.124004476,11.963620727,Other,random,H_4O1,11.963615000,RC2_0018_ICR-1_p08
393.155263852,405.118884579,11.963620727,Other,random,H_4O1,11.963615000,RC2_0018_ICR-1_p08
527.140592434,539.104213161,11.963620727,Other,random,H_4O1,11.963615000,RC2_0018_ICR-1_p08
619.239817548,631.203438275,11.963620727,Other,random,H_4O1,11.963615000,RC2_0018_ICR-1_p08
285.061651678,297.025272405,11.963620727,Other,random,H_4O1,11.963615000,RC2_0018_ICR-1_p08
480.086394027,492.050014754,11.963620727,Other,random,H_4O1,11.963615000,RC2_0018_ICR-1_p08
503.205300026,515.168920753,11.963620727,Other,random,H_4O1,11.963615000,RC2_0018_ICR-1_p08
325.056400782,337.020022509,11.963621727,Other,random,H_4O1,11.963615000,RC2_0018_ICR-1_p08
445.144684509,457.108306236,11.963621727,Other,random,H_4O1,11.963615000,RC2_0018_ICR-1_p08
479.132495391,491.096117117,11.963621727,Other,random,H_4O1,11.963615000,RC2_0018_ICR-1_p08
549.270536995,561.234158722,11.963621727,Other,random,H_4O1,11.963615000,RC2_0018_ICR-1_p08
555.135496015,567.099117742,11.963621727,Other,random,H_4O1,11.963615000,RC2_0018_ICR-1_p08
359.199232792,371.162854519,11.963621727,Other,random,H_4O1,11.963615000,RC2_0018_ICR-1_p08
303.087371317,315.050994044,11.963622727,Other,random,H_4O1,11.963615000,RC2_0018_ICR-1_p08
319.139710052,331.103332779,11.963622727,Other,random,H_4O1,11.963615000,RC2_0018_ICR-1_p08
323.090217838,335.053840565,11.963622727,Other,random,H_4O1,11.963615000,RC2_0018_ICR-1_p08
429.204746141,441.168368868,11.963622727,Other,random,H_4O1,11.963615000,RC2_0018_ICR-1_p08
447.114301433,459.077924160,11.963622727,Other,random,H_4O1,11.963615000,RC2_0018_ICR-1_p08
487.145530332,499.109153059,11.963622727,Other,random,H_4O1,11.963615000,RC2_0018_ICR-1_p08
447.069649684,459.033272411,11.963622727,Other,random,H_4O1,11.963615000,RC2_0018_ICR-1_p08
571.145587988,583.109210715,11.963622727,Other,random,H_4O1,11.963615000,RC2_0018_ICR-1_p08
396.106515257,408.070137984,11.963622727,Other,random,H_4O1,11.963615000,RC2_0018_ICR-1_p08
277.144609196,289.108232923,11.963623727,Other,random,H_4O1,11.963615000,RC2_0018_ICR-1_p08
619.276127344,631.239751070,11.963623727,Other,random,H_4O1,11.963615000,RC2_0018_ICR-1_p08
681.240191911,693.203815638,11.963623727,Other,random,H_4O1,11.963615000,RC2_0018_ICR-1_p08
273.134387746,285.098011473,11.963623727,Other,random,H_4O1,11.963615000,RC2_0018_ICR-1_p08
467.205261459,479.168885186,11.963623727,Other,random,H_4O1,11.963615000,RC2_0018_ICR-1_p08
511.291107558,523.254731285,11.963623727,Other,random,H_4O1,11.963615000,RC2_0018_ICR-1_p08
415.233712702,427.197336429,11.963623727,Other,random,H_4O1,11.963615000,RC2_0018_ICR-1_p08
241.108254834,253.071879561,11.963624727,Other,random,H_4O1,11.963615000,RC2_0018_ICR-1_p08
280.119137470,292.082762197,11.963624727,Other,random,H_4O1,11.963615000,RC2_0018_ICR-1_p08
273.061698155,285.025322882,11.963624727,Other,random,H_4O1,11.963615000,RC2_0018_ICR-1_p08
379.116272796,391.079897522,11.963624727,Other,random,H_4O1,11.963615000,RC2_0018_ICR-1_p08
325.129201372,337.092826099,11.963624727,Other,random,H_4O1,11.963615000,RC2_0018_ICR-1_p08
353.173524675,365.137149402,11.963624727,Other,random,H_4O1,11.963615000,RC2_0018_ICR-1_p08
447.124015379,459.087640106,11.963624727,Other,random,H_4O1,11.963615000,RC2_0018_ICR-1_p08
359.044023665,371.044014187,11.999990522,Other,random,C1,12.000000000,RC2_0018_ICR-1_p08
405.155323374,417.155313897,11.999990522,Other,random,C1,12.000000000,RC2_0018_ICR-1_p08
443.183969534,455.183960056,11.999990522,Other,random,C1,12.000000000,RC2_0018_ICR-1_p08
502.164331879,514.164322402,11.999990522,Other,random,C1,12.000000000,RC2_0018_ICR-1_p08
529.148295145,541.148285667,11.999990522,Other,random,C1,12.000000000,RC2_0018_ICR-1_p08
627.193373824,639.193364346,11.999990522,Other,random,C1,12.000000000,RC2_0018_ICR-1_p08
306.098296386,318.098286908,11.999990522,Other,random,C1,12.000000000,RC2_0018_ICR-1_p08
327.121510169,339.121500692,11.999990522,Other,random,C1,12.000000000,RC2_0018_ICR-1_p08
369.147192853,381.147183376,11.999990522,Other,random,C1,12.000000000,RC2_0018_ICR-1_p08
400.080340912,412.080331434,11.999990522,Other,random,C1,12.000000000,RC2_0018_ICR-1_p08
495.150534319,507.150524841,11.999990522,Other,random,C1,12.000000000,RC2_0018_ICR-1_p08
617.151345291,629.151335814,11.999990522,Other,random,C1,12.000000000,RC2_0018_ICR-1_p08
421.113906637,433.113898159,11.999991522,Other,random,C1,12.000000000,RC2_0018_ICR-1_p08
463.051512816,475.051504339,11.999991522,Other,random,C1,12.000000000,RC2_0018_ICR-1_p08
477.189641315,489.189632838,11.999991522,Other,random,C1,12.000000000,RC2_0018_ICR-1_p08
417.103645187,429.103636710,11.999991522,Other,random,C1,12.000000000,RC2_0018_ICR-1_p08
483.223435387,495.223426909,11.999991522,Other,random,C1,12.000000000,RC2_0018_ICR-1_p08
525.225988200,537.225979723,11.999991522,Other,random,C1,12.000000000,RC2_0018_ICR-1_p08
543.099252697,555.099244219,11.999991522,Other,random,C1,12.000000000,RC2_0018_ICR-1_p08
267.051106954,279.051098476,11.999991522,Other,random,C1,12.000000000,RC2_0018_ICR-1_p08
392.062176999,404.062168521,11.999991522,Other,random,C1,12.000000000,RC2_0018_ICR-1_p08
405.046243988,417.046235510,11.999991522,Other,random,C1,12.000000000,RC2_0018_ICR-1_p08
290.088142413,302.088134936,11.999992522,Other,random,C1,12.000000000,RC2_0018_ICR-1_p08
351.194251805,363.194244327,11.999992522,Other,random,C1,12.000000000,RC2_0018_ICR-1_p08
340.103690169,352.103682691,11.999992522,Other,random,C1,12.000000000,RC2_0018_ICR-1_p08
341.154780258,353.154772781,11.999992522,Other,random,C1,12.000000000,RC2_0018_ICR-1_p08
378.082911606,390.082904129,11.999992522,Other,random,C1,12.000000000,RC2_0018_ICR-1_p08
475.145537810,487.145530332,11.999992522,Other,random,C1,12.000000000,RC2_0018_ICR-1_p08
485.148661561,497.148654083,11.999992522,Other,random,C1,12.000000000,RC2_0018_ICR-1_p08
619.276127344,631.276119866,11.999992522,Other,random,C1,12.000000000,RC2_0018_ICR-1_p08
531.223724474,543.223717997,11.999993522,Other,random,C1,12.000000000,RC2_0018_ICR-1_p08
275.059571921,287.059565443,11.999993522,Other,random,C1,12.000000000,RC2_0018_ICR-1_p08
363.144866605,375.144860127,11.999993522,Other,random,C1,12.000000000,RC2_0018_ICR-1_p08
473.139552090,485.139545612,11.999993522,Other,random,C1,12.000000000,RC2_0018_ICR-1_p08
639.156893551,651.156887074,11.999993522,Other,random,C1,12.000000000,RC2_0018_ICR-1_p08
247.082414240,259.082407763,11.999993522,Other,random,C1,12.000000000,RC2_0018_ICR-1_p08
733.271900329,745.271893852,11.999993522,Other,random,C1,12.000000000,RC2_0018_ICR-1_p08
326.088097980,338.088091503,11.999993522,Other,random,C1,12.000000000,RC2_0018_ICR-1_p08
317.069960691,329.069955213,11.999994522,Other,random,C1,12.000000000,RC2_0018_ICR-1_p08
537.161278087,549.161272609,11.999994522,Other,random,C1,12.000000000,RC2_0018_ICR-1_p08
685.235700444,697.235694966,11.999994522,Other,random,C1,12.000000000,RC2_0018_ICR-1_p08
475.118895960,487.118890482,11.999994522,Other,random,C1,12.000000000,RC2_0018_ICR-1_p08
331.131665620,343.131660142,11.999994522,Other,random,C1,12.000000000,RC2_0018_ICR-1_p08
494.057522465,506.057516987,11.999994522,Other,random,C1,12.000000000,RC2_0018_ICR-1_p08
781.219818712,793.219813234,11.999994522,Other,random,C1,12.000000000,RC2_0018_ICR-1_p08
571.231607504,583.231603027,11.999995522,Other,random,C1,12.000000000,RC2_0018_ICR-1_p08
271.118818080,283.118813603,11.999995522,Other,random,C1,12.000000000,RC2_0018_ICR-1_p08
337.105781026,349.105776549,11.999995522,Other,random,C1,12.000000000,RC2_0018_ICR-1_p08
473.238969531,485.238965053,11.999995522,Other,random,C1,12.000000000,RC2_0018_ICR-1_p08
331.067017983,343.067013506,11.999995522,Other,random,C1,12.000000000,RC2_0018_ICR-1_p08
461.066728977,473.066724499,11.999995522,Other,random,C1,12.000000000,RC2_0018_ICR-1_p08
507.078018249,519.078013771,11.999995522,Other,random,C1,12.000000000,RC2_0018_ICR-1_p08
671.147001666,683.146997189,11.999995522,Other,random,C1,12.000000000,RC2_0018_ICR-1_p08
507.114318045,519.114314567,11.999996522,Other,random,C1,12.000000000,RC2_0018_ICR-1_p08
647.089273946,659.089270469,11.999996522,Other,random,C1,12.000000000,RC2_0018_ICR-1_p08
385.186550662,397.186547184,11.999996522,Other,random,C1,12.000000000,RC2_0018_ICR-1_p08
395.163095562,407.163092084,11.999996522,Other,random,C1,12.000000000,RC2_0018_ICR-1_p08
520.109607971,532.109604493,11.999996522,Other,random,C1,12.000000000,RC2_0018_ICR-1_p08
483.114298000,495.114294523,11.999996522,Other,random,C1,12.000000000,RC2_0018_ICR-1_p08
599.161923448,611.161919971,11.999996522,Other,random,C1,12.000000000,RC2_0018_ICR-1_p08
331.045794103,343.045791625,11.999997522,Other,random,C1,12.000000000,RC2_0018_ICR-1_p08
393.046246465,405.046243988,11.999997522,Other,random,C1,12.000000000,RC2_0018_ICR-1_p08
581.114975929,593.114973451,11.999997522,Other,random,C1,12.000000000,RC2_0018_ICR-1_p08
549.270536995,561.270534517,11.999997522,Other,random,C1,12.000000000,RC2_0018_ICR-1_p08
671.234871172,683.234868695,11.999997522,Other,random,C1,12.000000000,RC2_0018_ICR-1_p08
705.131401567,717.131399090,11.999997522,Other,random,C1,12.000000000,RC2_0018_ICR-1_p08
267.014717158,279.014714681,11.999997522,Other,random,C1,12.000000000,RC2_0018_ICR-1_p08
341.116063476,353.116060998,11.999997522,Other,random,C1,12.000000000,RC2_0018_ICR-1_p08
533.057331164,545.057329686,11.999998522,Other,random,C1,12.000000000,RC2_0018_ICR-1_p08
593.224136837,605.224135360,11.999998522,Other,random,C1,12.000000000,RC2_0018_ICR-1_p08
367.134061173,379.134059696,11.999998522,Other,random,C1,12.000000000,RC2_0018_ICR-1_p08
423.129405304,435.129403826,11.999998522,Other,random,C1,12.000000000,RC2_0018_ICR-1_p08
438.067690304,450.067688826,11.999998522,Other,random,C1,12.000000000,RC2_0018_ICR-1_p08
319.103334257,331.103332779,11.999998522,Other,random,C1,12.000000000,RC2_0018_ICR-1_p08
378.077255638,390.077254161,11.999998522,Other,random,C1,12.000000000,RC2_0018_ICR-1_p08
391.106354374,403.106352896,11.999998522,Other,random,C1,12.000000000,RC2_0018_ICR-1_p08
470.101839171,482.101837694,11.999998522,Other,random,C1,12.000000000,RC2_0018_ICR-1_p08
471.142678318,483.142676841,11.999998522,Other,random,C1,12.000000000,RC2_0018_ICR-1_p08
521.124418264,533.124416787,11.999998522,Other,random,C1,12.000000000,RC2_0018_ICR-1_p08
545.166493072,557.166491595,11.999998522,Other,random,C1,12.000000000,RC2_0018_ICR-1_p08
563.153760927,575.153759450,11.999998522,Other,random,C1,12.000000000,RC2_0018_ICR-1_p08
569.151171203,581.151169725,11.999998522,Other,random,C1,12.000000000,RC2_0018_ICR-1_p08
255.051107431,267.051106954,11.999999522,Other,random,C1,12.000000000,RC2_0018_ICR-1_p08
323.126517634,335.126517156,11.999999522,Other,random,C1,12.000000000,RC2_0018_ICR-1_p08
341.087646636,353.087646158,11.999999522,Other,random,C1,12.000000000,RC2_0018_ICR-1_p08
467.155823737,479.155823259,11.999999522,Other,random,C1,12.000000000,RC2_0018_ICR-1_p08
575.190121245,587.190120768,11.999999522,Other,random,C1,12.000000000,RC2_0018_ICR-1_p08
649.250440794,661.250440316,11.999999522,Other,random,C1,12.000000000,RC2_0018_ICR-1_p08
665.209120056,677.209119578,11.999999522,Other,random,C1,12.000000000,RC2_0018_ICR-1_p08
403.051699203,415.051698726,11.999999522,Other,random,C1,12.000000000,RC2_0018_ICR-1_p08
273.134387746,285.134387269,11.999999522,Other,random,C1,12.000000000,RC2_0018_ICR-1_p08
333.134325358,345.134324881,11.999999522,Other,random,C1,12.000000000,RC2_0018_ICR-1_p08
391.066921595,403.066921118,11.999999522,Other,random,C1,12.000000000,RC2_0018_ICR-1_p08
403.070154100,415.070153622,11.999999522,Other,random,C1,12.000000000,RC2_0018_ICR-1_p08
375.121390259,387.121390782,12.000000522,Other,random,C1,12.000000000,RC2_0018_ICR-1_p08
449.108817218,461.108817740,12.000000522,Other,random,C1,12.000000000,RC2_0018_ICR-1_p08
511.036358991,523.036359513,12.000000522,Other,random,C1,12.000000000,RC2_0018_ICR-1_p08
289.092914009,301.092914532,12.000000522,Other,random,C1,12.000000000,RC2_0018_ICR-1_p08
453.140016550,465.140017072,12.000000522,Other,random,C1,12.000000000,RC2_0018_ICR-1_p08
610.178209502,622.178210025,12.000000522,Other,random,C1,12.000000000,RC2_0018_ICR-1_p08
358.049425257,370.049425780,12.000000522,Other,random,C1,12.000000000,RC2_0018_ICR-1_p08
437.181429287,449.181429810,12.000000522,Other,random,C1,12.000000000,RC2_0018_ICR-1_p08
475.137479855,487.137480377,12.000000522,Other,random,C1,12.000000000,RC2_0018_ICR-1_p08
568.247608284,580.247608806,12.000000522,Other,random,C1,12.000000000,RC2_0018_ICR-1_p08
643.188527881,655.188528403,12.000000522,Other,random,C1,12.000000000,RC2_0018_ICR-1_p08
509.202691302,521.202691824,12.000000522,Other,random,C1,12.000000000,RC2_0018_ICR-1_p08
443.165255639,455.165257162,12.000001522,Other,random,C1,12.000000000,RC2_0018_ICR-1_p08
457.144602032,469.144603554,12.000001522,Other,random,C1,12.000000000,RC2_0018_ICR-1_p08
523.109357103,535.109358625,12.000001522,Other,random,C1,12.000000000,RC2_0018_ICR-1_p08
243.123870500,255.123872022,12.000001522,Other,random,C1,12.000000000,RC2_0018_ICR-1_p08
317.087776590,329.087778113,12.000001522,Other,random,C1,12.000000000,RC2_0018_ICR-1_p08
343.131660142,355.131661664,12.000001522,Other,random,C1,12.000000000,RC2_0018_ICR-1_p08
387.144773650,399.144775173,12.000001522,Other,random,C1,12.000000000,RC2_0018_ICR-1_p08
404.134993112,416.134994634,12.000001522,Other,random,C1,12.000000000,RC2_0018_ICR-1_p08
437.231095008,449.231096530,12.000001522,Other,random,C1,12.000000000,RC2_0018_ICR-1_p08
465.116704203,477.116705726,12.000001522,Other,random,C1,12.000000000,RC2_0018_ICR-1_p08
535.182220215,547.182221738,12.000001522,Other,random,C1,12.000000000,RC2_0018_ICR-1_p08
793.256775026,805.256776549,12.000001522,Other,random,C1,12.000000000,RC2_0018_ICR-1_p08
419.074816103,431.074818626,12.000002522,Other,random,C1,12.000000000,RC2_0018_ICR-1_p08
441.067310436,453.067312959,12.000002522,Other,random,C1,12.000000000,RC2_0018_ICR-1_p08
333.183780080,345.183782603,12.000002522,Other,random,C1,12.000000000,RC2_0018_ICR-1_p08
393.095518188,405.095520711,12.000002522,Other,random,C1,12.000000000,RC2_0018_ICR-1_p08
447.150553229,459.150555752,12.000002522,Other,random,C1,12.000000000,RC2_0018_ICR-1_p08
379.097644900,391.097647423,12.000002522,Other,random,C1,12.000000000,RC2_0018_ICR-1_p08
493.148116579,505.148119101,12.000002522,Other,random,C1,12.000000000,RC2_0018_ICR-1_p08
520.073094176,532.073097698,12.000003522,Other,random,C1,12.000000000,RC2_0018_ICR-1_p08
527.132596479,539.132600002,12.000003522,Other,random,C1,12.000000000,RC2_0018_ICR-1_p08
548.125884431,560.125887953,12.000003522,Other,random,C1,12.000000000,RC2_0018_ICR-1_p08
265.144605674,277.144609196,12.000003522,Other,random,C1,12.000000000,RC2_0018_ICR-1_p08
337.129165895,349.129169417,12.000003522,Other,random,C1,12.000000000,RC2_0018_ICR-1_p08
389.090939707,401.090943229,12.000003522,Other,random,C1,12.000000000,RC2_0018_ICR-1_p08
411.165945576,423.165949098,12.000003522,Other,random,C1,12.000000000,RC2_0018_ICR-1_p08
370.127211342,382.127214865,12.000003522,Other,random,C1,12.000000000,RC2_0018_ICR-1_p08
438.075754258,450.075757781,12.000003522,Other,random,C1,12.000000000,RC2_0018_ICR-1_p08
621.210628466,633.210631988,12.000003522,Other,random,C1,12.000000000,RC2_0018_ICR-1_p08
673.104932657,685.104936179,12.000003522,Other,random,C1,12.000000000,RC2_0018_ICR-1_p08
353.087646158,365.087650681,12.000004522,Other,random,C1,12.000000000,RC2_0018_ICR-1_p08
430.041572436,442.041576958,12.000004522,Other,random,C1,12.000000000,RC2_0018_ICR-1_p08
451.197045475,463.197049998,12.000004522,Other,random,C1,12.000000000,RC2_0018_ICR-1_p08
239.019818577,251.019823100,12.000004522,Other,random,C1,12.000000000,RC2_0018_ICR-1_p08
275.019802144,287.019806667,12.000004522,Other,random,C1,12.000000000,RC2_0018_ICR-1_p08
331.176165369,343.176169892,12.000004522,Other,random,C1,12.000000000,RC2_0018_ICR-1_p08
455.046568829,467.046573351,12.000004522,Other,random,C1,12.000000000,RC2_0018_ICR-1_p08
481.135085130,493.135089652,12.000004522,Other,random,C1,12.000000000,RC2_0018_ICR-1_p08
301.020106941,313.020112463,12.000005522,Other,random,C1,12.000000000,RC2_0018_ICR-1_p08
448.124947750,460.124953273,12.000005522,Other,random,C1,12.000000000,RC2_0018_ICR-1_p08
453.153052477,465.153057999,12.000005522,Other,random,C1,12.000000000,RC2_0018_ICR-1_p08
273.076920070,285.076925592,12.000005522,Other,random,C1,12.000000000,RC2_0018_ICR-1_p08
251.128963486,263.128969008,12.000005522,Other,random,C1,12.000000000,RC2_0018_ICR-1_p08
335.149938024,347.149943547,12.000005522,Other,random,C1,12.000000000,RC2_0018_ICR-1_p08
595.130743116,607.130748639,12.000005522,Other,random,C1,12.000000000,RC2_0018_ICR-1_p08
615.208632216,627.208637738,12.000005522,Other,random,C1,12.000000000,RC2_0018_ICR-1_p08
277.108226401,289.108232923,12.000006522,Other,random,C1,12.000000000,RC2_0018_ICR-1_p08
279.051098476,291.051104998,12.000006522,Other,random,C1,12.000000000,RC2_0018_ICR-1_p08
349.056375827,361.056382349,12.000006522,Other,random,C1,12.000000000,RC2_0018_ICR-1_p08
380.062170477,392.062176999,12.000006522,Other,random,C1,12.000000000,RC2_0018_ICR-1_p08
394.150673255,406.150679777,12.000006522,Other,random,C1,12.000000000,RC2_0018_ICR-1_p08
439.189155997,451.189162520,12.000006522,Other,random,C1,12.000000000,RC2_0018_ICR-1_p08
515.278141139,527.278147661,12.000006522,Other,random,C1,12.000000000,RC2_0018_ICR-1_p08
529.156256100,541.156262622,12.000006522,Other,random,C1,12.000000000,RC2_0018_ICR-1_p08
613.242166273,625.242172796,12.000006522,Other,random,C1,12.000000000,RC2_0018_ICR-1_p08
318.061848113,330.061854635,12.000006522,Other,random,C1,12.000000000,RC2_0018_ICR-1_p08
431.098258494,443.098265016,12.000006522,Other,random,C1,12.000000000,RC2_0018_ICR-1_p08
555.127519060,567.127525582,12.000006522,Other,random,C1,12.000000000,RC2_0018_ICR-1_p08
417.140156982,429.140164504,12.000007522,Other,random,C1,12.000000000,RC2_0018_ICR-1_p08
473.158290984,485.158298507,12.000007522,Other,random,C1,12.000000000,RC2_0018_ICR-1_p08
611.125589175,623.125596697,12.000007522,Other,random,C1,12.000000000,RC2_0018_ICR-1_p08
671.183137463,683.183144985,12.000007522,Other,random,C1,12.000000000,RC2_0018_ICR-1_p08
285.061651678,297.061659200,12.000007522,Other,random,C1,12.000000000,RC2_0018_ICR-1_p08
439.051597771,451.051605293,12.000007522,Other,random,C1,12.000000000,RC2_0018_ICR-1_p08
259.118810558,271.118818080,12.000007522,Other,random,C1,12.000000000,RC2_0018_ICR-1_p08
443.092610048,455.092617570,12.000007522,Other,random,C1,12.000000000,RC2_0018_ICR-1_p08
557.057391208,569.057398730,12.000007522,Other,random,C1,12.000000000,RC2_0018_ICR-1_p08
579.281115241,591.281122763,12.000007522,Other,random,C1,12.000000000,RC2_0018_ICR-1_p08
641.078758744,653.078766267,12.000007522,Other,random,C1,12.000000000,RC2_0018_ICR-1_p08
363.108321811,375.108330333,12.000008522,Other,random,C1,12.000000000,RC2_0018_ICR-1_p08
463.124489406,475.124497928,12.000008522,Other,random,C1,12.000000000,RC2_0018_ICR-1_p08
423.142526230,435.142534752,12.000008522,Other,random,C1,12.000000000,RC2_0018_ICR-1_p08
535.218544011,547.218552533,12.000008522,Other,random,C1,12.000000000,RC2_0018_ICR-1_p08
549.161272609,561.161281131,12.000008522,Other,random,C1,12.000000000,RC2_0018_ICR-1_p08
585.146221261,597.146229783,12.000008522,Other,random,C1,12.000000000,RC2_0018_ICR-1_p08
289.056493214,301.056502737,12.000009522,Other,random,C1,12.000000000,RC2_0018_ICR-1_p08
403.087900000,415.087909522,12.000009522,Other,random,C1,12.000000000,RC2_0018_ICR-1_p08
495.186948114,507.186957636,12.000009522,Other,random,C1,12.000000000,RC2_0018_ICR-1_p08
507.127485971,519.127495493,12.000009522,Other,random,C1,12.000000000,RC2_0018_ICR-1_p08
381.191735125,393.191744647,12.000009522,Other,random,C1,12.000000000,RC2_0018_ICR-1_p08
531.150794884,543.150804407,12.000009522,Other,random,C1,12.000000000,RC2_0018_ICR-1_p08
601.229084825,613.229094347,12.000009522,Other,random,C1,12.000000000,RC2_0018_ICR-1_p08
301.020106941,313.056482259,12.036375318,Other,random,C2H4O_1,12.036385000,RC2_0018_ICR-1_p08
496.073322130,508.109697448,12.036375318,Other,random,C2H4O_1,12.036385000,RC2_0018_ICR-1_p08
359.171080950,371.207456268,12.036375318,Other,random,C2H4O_1,12.036385000,RC2_0018_ICR-1_p08
439.088051566,451.124426884,12.036375318,Other,random,C2H4O_1,12.036385000,RC2_0018_ICR-1_p08
451.118880915,463.155256233,12.036375318,Other,random,C2H4O_1,12.036385000,RC2_0018_ICR-1_p08
559.094192755,571.130568073,12.036375318,Other,random,C2H4O_1,12.036385000,RC2_0018_ICR-1_p08
361.178668661,373.215043979,12.036375318,Other,random,C2H4O_1,12.036385000,RC2_0018_ICR-1_p08
613.250322227,625.286698545,12.036376318,Other,random,C2H4O_1,12.036385000,RC2_0018_ICR-1_p08
382.127214865,394.163591182,12.036376318,Other,random,C2H4O_1,12.036385000,RC2_0018_ICR-1_p08
535.145845420,547.182221738,12.036376318,Other,random,C2H4O_1,12.036385000,RC2_0018_ICR-1_p08
391.116397317,403.152773635,12.036376318,Other,random,C2H4O_1,12.036385000,RC2_0018_ICR-1_p08
493.171282449,505.207658766,12.036376318,Other,random,C2H4O_1,12.036385000,RC2_0018_ICR-1_p08
509.202691302,521.239067619,12.036376318,Other,random,C2H4O_1,12.036385000,RC2_0018_ICR-1_p08
345.061430291,357.097807608,12.036377318,Other,random,C2H4O_1,12.036385000,RC2_0018_ICR-1_p08
491.205161504,503.241538822,12.036377318,Other,random,C2H4O_1,12.036385000,RC2_0018_ICR-1_p08
421.077519842,433.113898159,12.036378318,Other,random,C2H4O_1,12.036385000,RC2_0018_ICR-1_p08
601.104894523,613.141272841,12.036378318,Other,random,C2H4O_1,12.036385000,RC2_0018_ICR-1_p08
502.164331879,514.200710197,12.036378318,Other,random,C2H4O_1,12.036385000,RC2_0018_ICR-1_p08
397.069323843,409.105702161,12.036378318,Other,random,C2H4O_1,12.036385000,RC2_0018_ICR-1_p08
433.126993086,445.163371404,12.036378318,Other,random,C2H4O_1,12.036385000,RC2_0018_ICR-1_p08
552.135944882,564.172324200,12.036379318,Other,random,C2H4O_1,12.036385000,RC2_0018_ICR-1_p08
311.077148389,323.113527707,12.036379318,Other,random,C2H4O_1,12.036385000,RC2_0018_ICR-1_p08
489.161249997,501.197629315,12.036379318,Other,random,C2H4O_1,12.036385000,RC2_0018_ICR-1_p08
365.173435198,377.209814516,12.036379318,Other,random,C2H4O_1,12.036385000,RC2_0018_ICR-1_p08
415.043661771,427.080041089,12.036379318,Other,random,C2H4O_1,12.036385000,RC2_0018_ICR-1_p08
701.136473031,713.172852349,12.036379318,Other,random,C2H4O_1,12.036385000,RC2_0018_ICR-1_p08
315.108484720,327.144865038,12.036380318,Other,random,C2H4O_1,12.036385000,RC2_0018_ICR-1_p08
338.088091503,350.124471821,12.036380318,Other,random,C2H4O_1,12.036385000,RC2_0018_ICR-1_p08
340.067302373,352.103682691,12.036380318,Other,random,C2H4O_1,12.036385000,RC2_0018_ICR-1_p08
545.130111277,557.166491595,12.036380318,Other,random,C2H4O_1,12.036385000,RC2_0018_ICR-1_p08
613.068609249,625.104989567,12.036380318,Other,random,C2H4O_1,12.036385000,RC2_0018_ICR-1_p08
341.079680681,353.116060998,12.036380318,Other,random,C2H4O_1,12.036385000,RC2_0018_ICR-1_p08
306.119462267,318.155843585,12.036381318,Other,random,C2H4O_1,12.036385000,RC2_0018_ICR-1_p08
313.035381378,325.071762695,12.036381318,Other,random,C2H4O_1,12.036385000,RC2_0018_ICR-1_p08
493.075460987,505.111842305,12.036381318,Other,random,C2H4O_1,12.036385000,RC2_0018_ICR-1_p08
327.121510169,339.157891487,12.036381318,Other,random,C2H4O_1,12.036385000,RC2_0018_ICR-1_p08
329.087778113,341.124159431,12.036381318,Other,random,C2H4O_1,12.036385000,RC2_0018_ICR-1_p08
534.089108362,546.125489680,12.036381318,Other,random,C2H4O_1,12.036385000,RC2_0018_ICR-1_p08
267.014717158,279.051098476,12.036381318,Other,random,C2H4O_1,12.036385000,RC2_0018_ICR-1_p08
345.097855086,357.134236404,12.036381318,Other,random,C2H4O_1,12.036385000,RC2_0018_ICR-1_p08
419.129046798,431.165428116,12.036381318,Other,random,C2H4O_1,12.036385000,RC2_0018_ICR-1_p08
310.093259922,322.129641239,12.036381318,Other,random,C2H4O_1,12.036385000,RC2_0018_ICR-1_p08
627.135873147,639.172254465,12.036381318,Other,random,C2H4O_1,12.036385000,RC2_0018_ICR-1_p08
333.061472768,345.097855086,12.036382318,Other,random,C2H4O_1,12.036385000,RC2_0018_ICR-1_p08
413.064295901,425.100678219,12.036382318,Other,random,C2H4O_1,12.036385000,RC2_0018_ICR-1_p08
531.187335679,543.223717997,12.036382318,Other,random,C2H4O_1,12.036385000,RC2_0018_ICR-1_p08
253.108223356,265.144605674,12.036382318,Other,random,C2H4O_1,12.036385000,RC2_0018_ICR-1_p08
503.104148595,515.140530912,12.036382318,Other,random,C2H4O_1,12.036385000,RC2_0018_ICR-1_p08
519.091061698,531.127444016,12.036382318,Other,random,C2H4O_1,12.036385000,RC2_0018_ICR-1_p08
535.109358625,547.145740943,12.036382318,Other,random,C2H4O_1,12.036385000,RC2_0018_ICR-1_p08
249.040526230,261.076909547,12.036383318,Other,random,C2H4O_1,12.036385000,RC2_0018_ICR-1_p08
265.071843083,277.108226401,12.036383318,Other,random,C2H4O_1,12.036385000,RC2_0018_ICR-1_p08
343.168110937,355.204494255,12.036383318,Other,random,C2H4O_1,12.036385000,RC2_0018_ICR-1_p08
347.149943547,359.186326864,12.036383318,Other,random,C2H4O_1,12.036385000,RC2_0018_ICR-1_p08
441.168368868,453.204752186,12.036383318,Other,random,C2H4O_1,12.036385000,RC2_0018_ICR-1_p08
623.271024880,635.307408197,12.036383318,Other,random,C2H4O_1,12.036385000,RC2_0018_ICR-1_p08
321.147396763,333.183780080,12.036383318,Other,random,C2H4O_1,12.036385000,RC2_0018_ICR-1_p08
547.036475557,559.072858875,12.036383318,Other,random,C2H4O_1,12.036385000,RC2_0018_ICR-1_p08
300.108970065,312.145353382,12.036383318,Other,random,C2H4O_1,12.036385000,RC2_0018_ICR-1_p08
327.083390384,339.119773701,12.036383318,Other,random,C2H4O_1,12.036385000,RC2_0018_ICR-1_p08
347.090232882,359.126616200,12.036383318,Other,random,C2H4O_1,12.036385000,RC2_0018_ICR-1_p08
595.239514505,607.275898822,12.036384318,Other,random,C2H4O_1,12.036385000,RC2_0018_ICR-1_p08
290.030728736,302.067113054,12.036384318,Other,random,C2H4O_1,12.036385000,RC2_0018_ICR-1_p08
345.055881322,357.092265640,12.036384318,Other,random,C2H4O_1,12.036385000,RC2_0018_ICR-1_p08
519.181558189,531.217942507,12.036384318,Other,random,C2H4O_1,12.036385000,RC2_0018_ICR-1_p08
519.200281084,531.236665402,12.036384318,Other,random,C2H4O_1,12.036385000,RC2_0018_ICR-1_p08
459.093205074,471.129589392,12.036384318,Other,random,C2H4O_1,12.036385000,RC2_0018_ICR-1_p08
389.014903134,401.051288452,12.036385318,Other,random,C2H4O_1,12.036385000,RC2_0018_ICR-1_p08
275.113706616,287.150091934,12.036385318,Other,random,C2H4O_1,12.036385000,RC2_0018_ICR-1_p08
349.069490753,361.105876071,12.036385318,Other,random,C2H4O_1,12.036385000,RC2_0018_ICR-1_p08
367.134061173,379.170446491,12.036385318,Other,random,C2H4O_1,12.036385000,RC2_0018_ICR-1_p08
407.147606172,419.183991489,12.036385318,Other,random,C2H4O_1,12.036385000,RC2_0018_ICR-1_p08
430.127420953,442.163806271,12.036385318,Other,random,C2H4O_1,12.036385000,RC2_0018_ICR-1_p08
434.109160563,446.145545881,12.036385318,Other,random,C2H4O_1,12.036385000,RC2_0018_ICR-1_p08
517.062378106,529.098763423,12.036385318,Other,random,C2H4O_1,12.036385000,RC2_0018_ICR-1_p08
531.135515970,543.171901288,12.036385318,Other,random,C2H4O_1,12.036385000,RC2_0018_ICR-1_p08
545.151280158,557.187665476,12.036385318,Other,random,C2H4O_1,12.036385000,RC2_0018_ICR-1_p08
565.156234667,577.192619985,12.036385318,Other,random,C2H4O_1,12.036385000,RC2_0018_ICR-1_p08
303.035765607,315.072151925,12.036386318,Other,random,C2H4O_1,12.036385000,RC2_0018_ICR-1_p08
323.004471320,335.040857638,12.036386318,Other,random,C2H4O_1,12.036385000,RC2_0018_ICR-1_p08
430.041572436,442.077958753,12.036386318,Other,random,C2H4O_1,12.036385000,RC2_0018_ICR-1_p08
333.097938563,345.134324881,12.036386318,Other,random,C2H4O_1,12.036385000,RC2_0018_ICR-1_p08
359.162983996,371.199370313,12.036386318,Other,random,C2H4O_1,12.036385000,RC2_0018_ICR-1_p08
455.119437419,467.155823737,12.036386318,Other,random,C2H4O_1,12.036385000,RC2_0018_ICR-1_p08
541.184646463,553.221032780,12.036386318,Other,random,C2H4O_1,12.036385000,RC2_0018_ICR-1_p08
641.209262010,653.245648328,12.036386318,Other,random,C2H4O_1,12.036385000,RC2_0018_ICR-1_p08
471.087422629,483.123809947,12.036387318,Other,random,C2H4O_1,12.036385000,RC2_0018_ICR-1_p08
482.057540943,494.093928260,12.036387318,Other,random,C2H4O_1,12.036385000,RC2_0018_ICR-1_p08
391.030533800,403.066921118,12.036387318,Other,random,C2H4O_1,12.036385000,RC2_0018_ICR-1_p08
395.171018518,407.207405835,12.036387318,Other,random,C2H4O_1,12.036385000,RC2_0018_ICR-1_p08
473.036038672,485.072425989,12.036387318,Other,random,C2H4O_1,12.036385000,RC2_0018_ICR-1_p08
512.214003369,524.250390686,12.036387318,Other,random,C2H4O_1,12.036385000,RC2_0018_ICR-1_p08
575.213537114,587.249924431,12.036387318,Other,random,C2H4O_1,12.036385000,RC2_0018_ICR-1_p08
359.098238360,371.134626678,12.036388318,Other,random,C2H4O_1,12.036385000,RC2_0018_ICR-1_p08
477.030962208,489.067350525,12.036388318,Other,random,C2H4O_1,12.036385000,RC2_0018_ICR-1_p08
329.043292363,341.079680681,12.036388318,Other,random,C2H4O_1,12.036385000,RC2_0018_ICR-1_p08
373.092669667,385.129057985,12.036388318,Other,random,C2H4O_1,12.036385000,RC2_0018_ICR-1_p08
434.072813767,446.109202085,12.036388318,Other,random,C2H4O_1,12.036385000,RC2_0018_ICR-1_p08
377.124061998,389.160451316,12.036389318,Other,random,C2H4O_1,12.036385000,RC2_0018_ICR-1_p08
405.168341301,417.204730619,12.036389318,Other,random,C2H4O_1,12.036385000,RC2_0018_ICR-1_p08
447.106109479,459.142498797,12.036389318,Other,random,C2H4O_1,12.036385000,RC2_0018_ICR-1_p08
453.067312959,465.103702276,12.036389318,Other,random,C2H4O_1,12.036385000,RC2_0018_ICR-1_p08
275.056210940,287.092600257,12.036389318,Other,random,C2H4O_1,12.036385000,RC2_0018_ICR-1_p08
289.129309805,301.165699122,12.036389318,Other,random,C2H4O_1,12.036385000,RC2_0018_ICR-1_p08
403.043515249,415.079904567,12.036389318,Other,random,C2H4O_1,12.036385000,RC2_0018_ICR-1_p08
585.088993582,597.125382900,12.036389318,Other,random,C2H4O_1,12.036385000,RC2_0018_ICR-1_p08
513.197499838,525.233890156,12.036390318,Other,random,C2H4O_1,12.036385000,RC2_0018_ICR-1_p08
279.014714681,291.051104998,12.036390318,Other,random,C2H4O_1,12.036385000,RC2_0018_ICR-1_p08
308.077556256,320.113946574,12.036390318,Other,random,C2H4O_1,12.036385000,RC2_0018_ICR-1_p08
436.088556433,448.124947750,12.036391318,Other,random,C2H4O_1,12.036385000,RC2_0018_ICR-1_p08
337.142290821,349.178682139,12.036391318,Other,random,C2H4O_1,12.036385000,RC2_0018_ICR-1_p08
415.152838157,427.189229475,12.036391318,Other,random,C2H4O_1,12.036385000,RC2_0018_ICR-1_p08
489.197750792,501.234142110,12.036391318,Other,random,C2H4O_1,12.036385000,RC2_0018_ICR-1_p08
589.083541121,601.119932438,12.036391318,Other,random,C2H4O_1,12.036385000,RC2_0018_ICR-1_p08
517.220874214,529.257265532,12.036391318,Other,random,C2H4O_1,12.036385000,RC2_0018_ICR-1_p08
298.056867604,310.093259922,12.036392318,Other,random,C2H4O_1,12.036385000,RC2_0018_ICR-1_p08
335.053840565,347.090232882,12.036392318,Other,random,C2H4O_1,12.036385000,RC2_0018_ICR-1_p08
369.168421734,381.204814051,12.036392318,Other,random,C2H4O_1,12.036385000,RC2_0018_ICR-1_p08
561.156088161,573.192480478,12.036392318,Other,random,C2H4O_1,12.036385000,RC2_0018_ICR-1_p08
623.234814083,635.271206401,12.036392318,Other,random,C2H4O_1,12.036385000,RC2_0018_ICR-1_p08
322.056681650,334.093073967,12.036392318,Other,random,C2H4O_1,12.036385000,RC2_0018_ICR-1_p08
325.142166299,337.178558617,12.036392318,Other,random,C2H4O_1,12.036385000,RC2_0018_ICR-1_p08
479.119331465,491.155723782,12.036392318,Other,random,C2H4O_1,12.036385000,RC2_0018_ICR-1_p08
565.229142257,577.265535575,12.036393318,Other,random,C2H4O_1,12.036385000,RC2_0018_ICR-1_p08
667.188465926,679.224859243,12.036393318,Other,random,C2H4O_1,12.036385000,RC2_0018_ICR-1_p08
241.035486243,253.071879561,12.036393318,Other,random,C2H4O_1,12.036385000,RC2_0018_ICR-1_p08
327.072060447,339.108453765,12.036393318,Other,random,C2H4O_1,12.036385000,RC2_0018_ICR-1_p08
349.019989031,361.056382349,12.036393318,Other,random,C2H4O_1,12.036385000,RC2_0018_ICR-1_p08
253.035448766,265.071843083,12.036394318,Other,random,C2H4O_1,12.036385000,RC2_0018_ICR-1_p08
287.040877548,299.077271866,12.036394318,Other,random,C2H4O_1,12.036385000,RC2_0018_ICR-1_p08
345.118953967,357.155348285,12.036394318,Other,random,C2H4O_1,12.036385000,RC2_0018_ICR-1_p08
519.223541953,531.259936271,12.036394318,Other,random,C2H4O_1,12.036385000,RC2_0018_ICR-1_p08
533.215976272,545.252370589,12.036394318,Other,random,C2H4O_1,12.036385000,RC2_0018_ICR-1_p08
406.041398392,419.025405381,12.984006989,Other,random,CH_1N_1O,12.984016000,RC2_0018_ICR-1_p08
464.083428014,477.067436003,12.984007989,Other,random,CH_1N_1O,12.984016000,RC2_0018_ICR-1_p08
474.067697871,487.051706860,12.984008989,Other,random,CH_1N_1O,12.984016000,RC2_0018_ICR-1_p08
590.078730525,603.062739514,12.984008989,Other,random,CH_1N_1O,12.984016000,RC2_0018_ICR-1_p08
304.082604720,317.066613709,12.984008989,Other,random,CH_1N_1O,12.984016000,RC2_0018_ICR-1_p08
378.082911606,391.066921595,12.984009989,Other,random,CH_1N_1O,12.984016000,RC2_0018_ICR-1_p08
336.072365837,349.056375827,12.984009989,Other,random,CH_1N_1O,12.984016000,RC2_0018_ICR-1_p08
528.078475161,541.062486150,12.984010989,Other,random,CH_1N_1O,12.984016000,RC2_0018_ICR-1_p08
560.141115868,573.125126857,12.984010989,Other,random,CH_1N_1O,12.984016000,RC2_0018_ICR-1_p08
464.096432940,477.080445930,12.984012989,Other,random,CH_1N_1O,12.984016000,RC2_0018_ICR-1_p08
372.108733200,385.092747189,12.984013989,Other,random,CH_1N_1O,12.984016000,RC2_0018_ICR-1_p08
492.151100185,505.135115174,12.984014989,Other,random,CH_1N_1O,12.984016000,RC2_0018_ICR-1_p08
394.163591182,407.147606172,12.984014989,Other,random,CH_1N_1O,12.984016000,RC2_0018_ICR-1_p08
340.067302373,353.051318362,12.984015989,Other,random,CH_1N_1O,12.984016000,RC2_0018_ICR-1_p08
296.041188938,309.025204927,12.984015989,Other,random,CH_1N_1O,12.984016000,RC2_0018_ICR-1_p08
302.088134936,315.072151925,12.984016989,Other,random,CH_1N_1O,12.984016000,RC2_0018_ICR-1_p08
390.082904129,403.066921118,12.984016989,Other,random,CH_1N_1O,12.984016000,RC2_0018_ICR-1_p08
510.211026632,523.195044621,12.984017989,Other,random,CH_1N_1O,12.984016000,RC2_0018_ICR-1_p08
312.072382793,325.056400782,12.984017989,Other,random,CH_1N_1O,12.984016000,RC2_0018_ICR-1_p08
566.115138275,579.099156264,12.984017989,Other,random,CH_1N_1O,12.984016000,RC2_0018_ICR-1_p08
286.093252877,299.077271866,12.984018989,Other,random,CH_1N_1O,12.984016000,RC2_0018_ICR-1_p08
416.134994634,429.119014623,12.984019989,Other,random,CH_1N_1O,12.984016000,RC2_0018_ICR-1_p08
562.156730534,575.140751523,12.984020989,Other,random,CH_1N_1O,12.984016000,RC2_0018_ICR-1_p08
364.067349418,377.051371407,12.984021989,Other,random,CH_1N_1O,12.984016000,RC2_0018_ICR-1_p08
418.114236505,431.098258494,12.984021989,Other,random,CH_1N_1O,12.984016000,RC2_0018_ICR-1_p08
478.171700793,491.155723782,12.984022989,Other,random,CH_1N_1O,12.984016000,RC2_0018_ICR-1_p08
386.064741723,399.048766712,12.984024989,Other,random,CH_1N_1O,12.984016000,RC2_0018_ICR-1_p08
548.068184756,561.052210745,12.984025989,Other,random,CH_1N_1O,12.984016000,RC2_0018_ICR-1_p08
272.077625689,285.061651678,12.984025989,Other,random,CH_1N_1O,12.984016000,RC2_0018_ICR-1_p08
252.051450299,265.035476288,12.984025989,Other,random,CH_1N_1O,12.984016000,RC2_0018_ICR-1_p08
394.114237460,407.098263449,12.984025989,Other,random,CH_1N_1O,12.984016000,RC2_0018_ICR-1_p08
518.224513571,531.208539560,12.984025989,Other,random,CH_1N_1O,12.984016000,RC2_0018_ICR-1_p08
574.178005936,587.162031926,12.984025989,Other,random,CH_1N_1O,12.984016000,RC2_0018_ICR-1_p08
283.045949012,296.041188938,12.995239926,Other,random,H_1N1,12.995249000,RC2_0018_ICR-1_p08
275.113706616,288.108947542,12.995240926,Other,random,H_1N1,12.995249000,RC2_0018_ICR-1_p08
317.066613709,330.061854635,12.995240926,Other,random,H_1N1,12.995249000,RC2_0018_ICR-1_p08
529.148295145,542.143537071,12.995241926,Other,random,H_1N1,12.995249000,RC2_0018_ICR-1_p08
294.098328863,307.093570789,12.995241926,Other,random,H_1N1,12.995249000,RC2_0018_ICR-1_p08
327.072060447,340.067302373,12.995241926,Other,random,H_1N1,12.995249000,RC2_0018_ICR-1_p08
301.056502737,314.051745662,12.995242926,Other,random,H_1N1,12.995249000,RC2_0018_ICR-1_p08
345.110884013,358.106126939,12.995242926,Other,random,H_1N1,12.995249000,RC2_0018_ICR-1_p08
419.061824176,432.057068102,12.995243926,Other,random,H_1N1,12.995249000,RC2_0018_ICR-1_p08
391.066921595,404.062168521,12.995246926,Other,random,H_1N1,12.995249000,RC2_0018_ICR-1_p08
646.130653337,659.125901263,12.995247926,Other,random,H_1N1,12.995249000,RC2_0018_ICR-1_p08
385.178514707,398.173762633,12.995247926,Other,random,H_1N1,12.995249000,RC2_0018_ICR-1_p08
465.176451867,478.171700793,12.995248926,Other,random,H_1N1,12.995249000,RC2_0018_ICR-1_p08
417.168295824,430.163545750,12.995249926,Other,random,H_1N1,12.995249000,RC2_0018_ICR-1_p08
435.165934621,448.161186547,12.995251926,Other,random,H_1N1,12.995249000,RC2_0018_ICR-1_p08
307.082288853,320.077540779,12.995251926,Other,random,H_1N1,12.995249000,RC2_0018_ICR-1_p08
297.061659200,310.056912126,12.995252926,Other,random,H_1N1,12.995249000,RC2_0018_ICR-1_p08
311.077148389,324.072401315,12.995252926,Other,random,H_1N1,12.995249000,RC2_0018_ICR-1_p08
283.082364808,296.077618733,12.995253926,Other,random,H_1N1,12.995249000,RC2_0018_ICR-1_p08
310.056912126,323.052166052,12.995253926,Other,random,H_1N1,12.995249000,RC2_0018_ICR-1_p08
421.113906637,434.109160563,12.995253926,Other,random,H_1N1,12.995249000,RC2_0018_ICR-1_p08
317.087776590,330.083030516,12.995253926,Other,random,H_1N1,12.995249000,RC2_0018_ICR-1_p08
461.108817740,474.104071666,12.995253926,Other,random,H_1N1,12.995249000,RC2_0018_ICR-1_p08
447.106109479,460.101363405,12.995253926,Other,random,H_1N1,12.995249000,RC2_0018_ICR-1_p08
365.124004476,378.119259402,12.995254926,Other,random,H_1N1,12.995249000,RC2_0018_ICR-1_p08
467.205261459,480.200516385,12.995254926,Other,random,H_1N1,12.995249000,RC2_0018_ICR-1_p08
335.149938024,348.145192950,12.995254926,Other,random,H_1N1,12.995249000,RC2_0018_ICR-1_p08
255.051107431,268.046363357,12.995255926,Other,random,H_1N1,12.995249000,RC2_0018_ICR-1_p08
377.051371407,390.046627333,12.995255926,Other,random,H_1N1,12.995249000,RC2_0018_ICR-1_p08
379.079975000,392.075233926,12.995258926,Other,random,H_1N1,12.995249000,RC2_0018_ICR-1_p08
305.103027982,318.098286908,12.995258926,Other,random,H_1N1,12.995249000,RC2_0018_ICR-1_p08
513.153266087,526.148525013,12.995258926,Other,random,H_1N1,12.995249000,RC2_0018_ICR-1_p08
267.014717158,280.046341880,13.031624721,Other,random,C1H3N1O_1,13.031634000,RC2_0018_ICR-1_p08
324.072401315,337.104026036,13.031624721,Other,random,C1H3N1O_1,13.031634000,RC2_0018_ICR-1_p08
294.061944068,307.093570789,13.031626721,Other,random,C1H3N1O_1,13.031634000,RC2_0018_ICR-1_p08
423.093122508,436.124749229,13.031626721,Other,random,C1H3N1O_1,13.031634000,RC2_0018_ICR-1_p08
340.067302373,353.098929095,13.031626721,Other,random,C1H3N1O_1,13.031634000,RC2_0018_ICR-1_p08
415.079904567,428.111533288,13.031628721,Other,random,C1H3N1O_1,13.031634000,RC2_0018_ICR-1_p08
509.093628915,522.125257636,13.031628721,Other,random,C1H3N1O_1,13.031634000,RC2_0018_ICR-1_p08
379.061337105,392.092965826,13.031628721,Other,random,C1H3N1O_1,13.031634000,RC2_0018_ICR-1_p08
305.066657187,318.098286908,13.031629721,Other,random,C1H3N1O_1,13.031634000,RC2_0018_ICR-1_p08
365.045625917,378.077255638,13.031629721,Other,random,C1H3N1O_1,13.031634000,RC2_0018_ICR-1_p08
327.072060447,340.103690169,13.031629721,Other,random,C1H3N1O_1,13.031634000,RC2_0018_ICR-1_p08
387.048711190,400.080340912,13.031629721,Other,random,C1H3N1O_1,13.031634000,RC2_0018_ICR-1_p08
593.151433246,606.183062968,13.031629721,Other,random,C1H3N1O_1,13.031634000,RC2_0018_ICR-1_p08
385.069458320,398.101090041,13.031631721,Other,random,C1H3N1O_1,13.031634000,RC2_0018_ICR-1_p08
393.009766671,406.041398392,13.031631721,Other,random,C1H3N1O_1,13.031634000,RC2_0018_ICR-1_p08
239.019818577,252.051450299,13.031631721,Other,random,C1H3N1O_1,13.031634000,RC2_0018_ICR-1_p08
335.040857638,348.072489359,13.031631721,Other,random,C1H3N1O_1,13.031634000,RC2_0018_ICR-1_p08
333.061472768,346.093105489,13.031632721,Other,random,C1H3N1O_1,13.031634000,RC2_0018_ICR-1_p08
489.067350525,502.098983247,13.031632721,Other,random,C1H3N1O_1,13.031634000,RC2_0018_ICR-1_p08
268.046363357,281.077998078,13.031634721,Other,random,C1H3N1O_1,13.031634000,RC2_0018_ICR-1_p08
339.072047970,352.103682691,13.031634721,Other,random,C1H3N1O_1,13.031634000,RC2_0018_ICR-1_p08
391.030533800,404.062168521,13.031634721,Other,random,C1H3N1O_1,13.031634000,RC2_0018_ICR-1_p08
561.052210745,574.083845466,13.031634721,Other,random,C1H3N1O_1,13.031634000,RC2_0018_ICR-1_p08
265.035476288,278.067113009,13.031636721,Other,random,C1H3N1O_1,13.031634000,RC2_0018_ICR-1_p08
395.134552723,408.166190444,13.031637721,Other,random,C1H3N1O_1,13.031634000,RC2_0018_ICR-1_p08
301.020106941,314.051745662,13.031638721,Other,random,C1H3N1O_1,13.031634000,RC2_0018_ICR-1_p08
296.041188938,309.072827660,13.031638721,Other,random,C1H3N1O_1,13.031634000,RC2_0018_ICR-1_p08
253.071879561,266.103518282,13.031638721,Other,random,C1H3N1O_1,13.031634000,RC2_0018_ICR-1_p08
561.146366215,574.178005936,13.031639721,Other,random,C1H3N1O_1,13.031634000,RC2_0018_ICR-1_p08
333.183780080,346.215419802,13.031639721,Other,random,C1H3N1O_1,13.031634000,RC2_0018_ICR-1_p08
297.025272405,310.056912126,13.031639721,Other,random,C1H3N1O_1,13.031634000,RC2_0018_ICR-1_p08
421.077519842,434.109160563,13.031640721,Other,random,C1H3N1O_1,13.031634000,RC2_0018_ICR-1_p08
289.056493214,302.088134936,13.031641721,Other,random,C1H3N1O_1,13.031634000,RC2_0018_ICR-1_p08
599.198234244,612.229876966,13.031642721,Other,random,C1H3N1O_1,13.031634000,RC2_0018_ICR-1_p08
365.014842090,378.046484811,13.031642721,Other,random,C1H3N1O_1,13.031634000,RC2_0018_ICR-1_p08
321.025158450,334.056802171,13.031643721,Other,random,C1H3N1O_1,13.031634000,RC2_0018_ICR-1_p08
279.123820067,293.066690664,13.942870597,Other,random,C_1H_6O2,13.942880000,RC2_0018_ICR-1_p08
341.160455226,355.103325824,13.942870597,Other,random,C_1H_6O2,13.942880000,RC2_0018_ICR-1_p08
463.160781202,477.103651799,13.942870597,Other,random,C_1H_6O2,13.942880000,RC2_0018_ICR-1_p08
499.145616854,513.088487451,13.942870597,Other,random,C_1H_6O2,13.942880000,RC2_0018_ICR-1_p08
307.118651648,321.061522246,13.942870597,Other,random,C_1H_6O2,13.942880000,RC2_0018_ICR-1_p08
321.147396763,335.090267360,13.942870597,Other,random,C_1H_6O2,13.942880000,RC2_0018_ICR-1_p08
305.103027982,319.045898580,13.942870597,Other,random,C_1H_6O2,13.942880000,RC2_0018_ICR-1_p08
459.165850666,473.108721263,13.942870597,Other,random,C_1H_6O2,13.942880000,RC2_0018_ICR-1_p08
481.135085130,495.077955727,13.942870597,Other,random,C_1H_6O2,13.942880000,RC2_0018_ICR-1_p08
419.220386285,433.163257882,13.942871597,Other,random,C_1H_6O2,13.942880000,RC2_0018_ICR-1_p08
279.087464271,293.030335869,13.942871597,Other,random,C_1H_6O2,13.942880000,RC2_0018_ICR-1_p08
453.140016550,467.082888147,13.942871597,Other,random,C_1H_6O2,13.942880000,RC2_0018_ICR-1_p08
265.071843083,279.014714681,13.942871597,Other,random,C_1H_6O2,13.942880000,RC2_0018_ICR-1_p08
266.067142487,280.010014084,13.942871597,Other,random,C_1H_6O2,13.942880000,RC2_0018_ICR-1_p08
455.228522806,469.171394403,13.942871597,Other,random,C_1H_6O2,13.942880000,RC2_0018_ICR-1_p08
573.125126857,587.067998454,13.942871597,Other,random,C_1H_6O2,13.942880000,RC2_0018_ICR-1_p08
591.171918377,605.114789975,13.942871597,Other,random,C_1H_6O2,13.942880000,RC2_0018_ICR-1_p08
376.103754735,390.046627333,13.942872597,Other,random,C_1H_6O2,13.942880000,RC2_0018_ICR-1_p08
403.124415795,417.067288392,13.942872597,Other,random,C_1H_6O2,13.942880000,RC2_0018_ICR-1_p08
541.184646463,555.127519060,13.942872597,Other,random,C_1H_6O2,13.942880000,RC2_0018_ICR-1_p08
551.176981274,565.119853872,13.942872597,Other,random,C_1H_6O2,13.942880000,RC2_0018_ICR-1_p08
331.095213825,345.038086422,13.942872597,Other,random,C_1H_6O2,13.942880000,RC2_0018_ICR-1_p08
335.113503229,349.056375827,13.942872597,Other,random,C_1H_6O2,13.942880000,RC2_0018_ICR-1_p08
401.181564719,415.124437317,13.942872597,Other,random,C_1H_6O2,13.942880000,RC2_0018_ICR-1_p08
421.150161433,435.093034031,13.942872597,Other,random,C_1H_6O2,13.942880000,RC2_0018_ICR-1_p08
249.149700616,263.092574213,13.942873597,Other,random,C_1H_6O2,13.942880000,RC2_0018_ICR-1_p08
430.163545750,444.106419347,13.942873597,Other,random,C_1H_6O2,13.942880000,RC2_0018_ICR-1_p08
489.153207043,503.096080640,13.942873597,Other,random,C_1H_6O2,13.942880000,RC2_0018_ICR-1_p08
539.278159183,553.221032780,13.942873597,Other,random,C_1H_6O2,13.942880000,RC2_0018_ICR-1_p08
601.250391705,615.193265302,13.942873597,Other,random,C_1H_6O2,13.942880000,RC2_0018_ICR-1_p08
359.186326864,373.129200462,13.942873597,Other,random,C_1H_6O2,13.942880000,RC2_0018_ICR-1_p08
425.209777605,439.152651203,13.942873597,Other,random,C_1H_6O2,13.942880000,RC2_0018_ICR-1_p08
475.155090756,489.097965353,13.942874597,Other,random,C_1H_6O2,13.942880000,RC2_0018_ICR-1_p08
435.196735447,449.139610045,13.942874597,Other,random,C_1H_6O2,13.942880000,RC2_0018_ICR-1_p08
625.177754158,639.120628755,13.942874597,Other,random,C_1H_6O2,13.942880000,RC2_0018_ICR-1_p08
445.163371404,459.106246001,13.942874597,Other,random,C_1H_6O2,13.942880000,RC2_0018_ICR-1_p08
557.151237680,571.094112278,13.942874597,Other,random,C_1H_6O2,13.942880000,RC2_0018_ICR-1_p08
395.183973445,409.126849042,13.942875597,Other,random,C_1H_6O2,13.942880000,RC2_0018_ICR-1_p08
479.228406851,493.171282449,13.942875597,Other,random,C_1H_6O2,13.942880000,RC2_0018_ICR-1_p08
281.103129937,295.046006534,13.942876597,Other,random,C_1H_6O2,13.942880000,RC2_0018_ICR-1_p08
325.165577168,339.108453765,13.942876597,Other,random,C_1H_6O2,13.942880000,RC2_0018_ICR-1_p08
457.236169517,471.179046114,13.942876597,Other,random,C_1H_6O2,13.942880000,RC2_0018_ICR-1_p08
601.141028320,615.083904917,13.942876597,Other,random,C_1H_6O2,13.942880000,RC2_0018_ICR-1_p08
451.160825679,465.103702276,13.942876597,Other,random,C_1H_6O2,13.942880000,RC2_0018_ICR-1_p08
429.204746141,443.147622738,13.942876597,Other,random,C_1H_6O2,13.942880000,RC2_0018_ICR-1_p08
471.196669015,485.139545612,13.942876597,Other,random,C_1H_6O2,13.942880000,RC2_0018_ICR-1_p08
577.229041780,591.171918377,13.942876597,Other,random,C_1H_6O2,13.942880000,RC2_0018_ICR-1_p08
603.244816490,617.187693087,13.942876597,Other,random,C_1H_6O2,13.942880000,RC2_0018_ICR-1_p08
334.093073967,348.035951565,13.942877597,Other,random,C_1H_6O2,13.942880000,RC2_0018_ICR-1_p08
350.124471821,364.067349418,13.942877597,Other,random,C_1H_6O2,13.942880000,RC2_0018_ICR-1_p08
353.173524675,367.116402273,13.942877597,Other,random,C_1H_6O2,13.942880000,RC2_0018_ICR-1_p08
245.139529165,259.082407763,13.942878597,Other,random,C_1H_6O2,13.942880000,RC2_0018_ICR-1_p08
277.108226401,291.051104998,13.942878597,Other,random,C_1H_6O2,13.942880000,RC2_0018_ICR-1_p08
483.114298000,497.057176598,13.942878597,Other,random,C_1H_6O2,13.942880000,RC2_0018_ICR-1_p08
547.231631460,561.174511057,13.942879597,Other,random,C_1H_6O2,13.942880000,RC2_0018_ICR-1_p08
597.146229783,611.089109380,13.942879597,Other,random,C_1H_6O2,13.942880000,RC2_0018_ICR-1_p08
645.146390871,659.089270469,13.942879597,Other,random,C_1H_6O2,13.942880000,RC2_0018_ICR-1_p08
465.176451867,479.119331465,13.942879597,Other,random,C_1H_6O2,13.942880000,RC2_0018_ICR-1_p08
413.124008565,427.066888163,13.942879597,Other,random,C_1H_6O2,13.942880000,RC2_0018_ICR-1_p08
537.234101677,551.176981274,13.942879597,Other,random,C_1H_6O2,13.942880000,RC2_0018_ICR-1_p08
351.108297288,365.051176886,13.942879597,Other,random,C_1H_6O2,13.942880000,RC2_0018_ICR-1_p08
595.203330708,609.146210305,13.942879597,Other,random,C_1H_6O2,13.942880000,RC2_0018_ICR-1_p08
251.128963486,265.071843083,13.942879597,Other,random,C_1H_6O2,13.942880000,RC2_0018_ICR-1_p08
310.093259922,324.036139519,13.942879597,Other,random,C_1H_6O2,13.942880000,RC2_0018_ICR-1_p08
321.134254837,335.077134434,13.942879597,Other,random,C_1H_6O2,13.942880000,RC2_0018_ICR-1_p08
503.155900304,517.098779901,13.942879597,Other,random,C_1H_6O2,13.942880000,RC2_0018_ICR-1_p08
375.108330333,389.051210930,13.942880597,Other,random,C_1H_6O2,13.942880000,RC2_0018_ICR-1_p08
423.129405304,437.072285901,13.942880597,Other,random,C_1H_6O2,13.942880000,RC2_0018_ICR-1_p08
487.197097042,501.139977639,13.942880597,Other,random,C_1H_6O2,13.942880000,RC2_0018_ICR-1_p08
329.124132908,343.067013506,13.942880597,Other,random,C_1H_6O2,13.942880000,RC2_0018_ICR-1_p08
441.118922146,455.061803743,13.942881597,Other,random,C_1H_6O2,13.942880000,RC2_0018_ICR-1_p08
604.211291055,618.154172652,13.942881597,Other,random,C_1H_6O2,13.942880000,RC2_0018_ICR-1_p08
365.152406316,379.095287914,13.942881597,Other,random,C_1H_6O2,13.942880000,RC2_0018_ICR-1_p08
363.194244327,377.137126925,13.942882597,Other,random,C_1H_6O2,13.942880000,RC2_0018_ICR-1_p08
275.128948531,289.071831128,13.942882597,Other,random,C_1H_6O2,13.942880000,RC2_0018_ICR-1_p08
278.103435805,292.046318402,13.942882597,Other,random,C_1H_6O2,13.942880000,RC2_0018_ICR-1_p08
369.082494217,383.025376814,13.942882597,Other,random,C_1H_6O2,13.942880000,RC2_0018_ICR-1_p08
399.129537258,413.072419856,13.942882597,Other,random,C_1H_6O2,13.942880000,RC2_0018_ICR-1_p08
435.165934621,449.108817218,13.942882597,Other,random,C_1H_6O2,13.942880000,RC2_0018_ICR-1_p08
477.262278907,491.205161504,13.942882597,Other,random,C_1H_6O2,13.942880000,RC2_0018_ICR-1_p08
511.218323967,525.161206565,13.942882597,Other,random,C_1H_6O2,13.942880000,RC2_0018_ICR-1_p08
253.108223356,267.051106954,13.942883597,Other,random,C_1H_6O2,13.942880000,RC2_0018_ICR-1_p08
451.173820606,465.116704203,13.942883597,Other,random,C_1H_6O2,13.942880000,RC2_0018_ICR-1_p08
485.129858667,499.072742264,13.942883597,Other,random,C_1H_6O2,13.942880000,RC2_0018_ICR-1_p08
603.208461694,617.151345291,13.942883597,Other,random,C_1H_6O2,13.942880000,RC2_0018_ICR-1_p08
609.182713100,623.125596697,13.942883597,Other,random,C_1H_6O2,13.942880000,RC2_0018_ICR-1_p08
629.187791609,643.130675206,13.942883597,Other,random,C_1H_6O2,13.942880000,RC2_0018_ICR-1_p08
405.113319611,419.056203208,13.942883597,Other,random,C_1H_6O2,13.942880000,RC2_0018_ICR-1_p08
373.113906548,387.056790145,13.942883597,Other,random,C_1H_6O2,13.942880000,RC2_0018_ICR-1_p08
617.224202882,631.167086479,13.942883597,Other,random,C_1H_6O2,13.942880000,RC2_0018_ICR-1_p08
243.123870500,257.066755097,13.942884597,Other,random,C_1H_6O2,13.942880000,RC2_0018_ICR-1_p08
285.134387269,299.077271866,13.942884597,Other,random,C_1H_6O2,13.942880000,RC2_0018_ICR-1_p08
465.226000589,479.168885186,13.942884597,Other,random,C_1H_6O2,13.942880000,RC2_0018_ICR-1_p08
518.166719896,532.109604493,13.942884597,Other,random,C_1H_6O2,13.942880000,RC2_0018_ICR-1_p08
555.244696401,569.187580998,13.942884597,Other,random,C_1H_6O2,13.942880000,RC2_0018_ICR-1_p08
447.129542348,461.072426945,13.942884597,Other,random,C_1H_6O2,13.942880000,RC2_0018_ICR-1_p08
518.130212101,532.073097698,13.942885597,Other,random,C_1H_6O2,13.942880000,RC2_0018_ICR-1_p08
305.124117864,319.067003461,13.942885597,Other,random,C_1H_6O2,13.942880000,RC2_0018_ICR-1_p08
335.186283820,349.129169417,13.942885597,Other,random,C_1H_6O2,13.942880000,RC2_0018_ICR-1_p08
431.191961967,445.134847564,13.942885597,Other,random,C_1H_6O2,13.942880000,RC2_0018_ICR-1_p08
627.135873147,641.078758744,13.942885597,Other,random,C_1H_6O2,13.942880000,RC2_0018_ICR-1_p08
273.076920070,287.019806667,13.942886597,Other,random,C_1H_6O2,13.942880000,RC2_0018_ICR-1_p08
451.210171402,465.153057999,13.942886597,Other,random,C_1H_6O2,13.942880000,RC2_0018_ICR-1_p08
523.254731285,537.197617882,13.942886597,Other,random,C_1H_6O2,13.942880000,RC2_0018_ICR-1_p08
683.271351490,697.214238087,13.942886597,Other,random,C_1H_6O2,13.942880000,RC2_0018_ICR-1_p08
569.224025793,583.166912391,13.942886597,Other,random,C_1H_6O2,13.942880000,RC2_0018_ICR-1_p08
623.162127492,637.105014089,13.942886597,Other,random,C_1H_6O2,13.942880000,RC2_0018_ICR-1_p08
703.188512493,717.131399090,13.942886597,Other,random,C_1H_6O2,13.942880000,RC2_0018_ICR-1_p08
239.128991963,253.071879561,13.942887597,Other,random,C_1H_6O2,13.942880000,RC2_0018_ICR-1_p08
489.140097116,503.082984714,13.942887597,Other,random,C_1H_6O2,13.942880000,RC2_0018_ICR-1_p08
666.249435206,680.192322803,13.942887597,Other,random,C_1H_6O2,13.942880000,RC2_0018_ICR-1_p08
281.066734142,295.009621739,13.942887597,Other,random,C_1H_6O2,13.942880000,RC2_0018_ICR-1_p08
259.118810558,273.061698155,13.942887597,Other,random,C_1H_6O2,13.942880000,RC2_0018_ICR-1_p08
450.140540416,464.083428014,13.942887597,Other,random,C_1H_6O2,13.942880000,RC2_0018_ICR-1_p08
571.203333663,585.146221261,13.942887597,Other,random,C_1H_6O2,13.942880000,RC2_0018_ICR-1_p08
309.109277455,323.052166052,13.942888597,Other,random,C_1H_6O2,13.942880000,RC2_0018_ICR-1_p08
413.108696652,427.051585249,13.942888597,Other,random,C_1H_6O2,13.942880000,RC2_0018_ICR-1_p08
532.109604493,546.052493090,13.942888597,Other,random,C_1H_6O2,13.942880000,RC2_0018_ICR-1_p08
555.150979928,569.093868525,13.942888597,Other,random,C_1H_6O2,13.942880000,RC2_0018_ICR-1_p08
645.219208462,659.162097059,13.942888597,Other,random,C_1H_6O2,13.942880000,RC2_0018_ICR-1_p08
435.178966547,449.121856145,13.942889597,Other,random,C_1H_6O2,13.942880000,RC2_0018_ICR-1_p08
359.098238360,373.041127957,13.942889597,Other,random,C_1H_6O2,13.942880000,RC2_0018_ICR-1_p08
457.180991827,471.123881424,13.942889597,Other,random,C_1H_6O2,13.942880000,RC2_0018_ICR-1_p08
723.251137678,737.194027275,13.942889597,Other,random,C_1H_6O2,13.942880000,RC2_0018_ICR-1_p08
265.071843083,279.051098476,13.979255393,Other,random,H_2O1,13.979265000,RC2_0018_ICR-1_p08
315.050994044,329.030249436,13.979255393,Other,random,H_2O1,13.979265000,RC2_0018_ICR-1_p08
363.102799842,377.082055234,13.979255393,Other,random,H_2O1,13.979265000,RC2_0018_ICR-1_p08
421.163278359,435.142534752,13.979256393,Other,random,H_2O1,13.979265000,RC2_0018_ICR-1_p08
264.051484821,278.030741214,13.979256393,Other,random,H_2O1,13.979265000,RC2_0018_ICR-1_p08
363.108321811,377.087578203,13.979256393,Other,random,H_2O1,13.979265000,RC2_0018_ICR-1_p08
385.142215911,399.121472304,13.979256393,Other,random,H_2O1,13.979265000,RC2_0018_ICR-1_p08
431.165428116,445.144684509,13.979256393,Other,random,H_2O1,13.979265000,RC2_0018_ICR-1_p08
461.085483871,475.064740264,13.979256393,Other,random,H_2O1,13.979265000,RC2_0018_ICR-1_p08
237.076959502,251.056215895,13.979256393,Other,random,H_2O1,13.979265000,RC2_0018_ICR-1_p08
285.134387269,299.113643661,13.979256393,Other,random,H_2O1,13.979265000,RC2_0018_ICR-1_p08
289.092914009,303.072170402,13.979256393,Other,random,H_2O1,13.979265000,RC2_0018_ICR-1_p08
299.056124985,313.035381378,13.979256393,Other,random,H_2O1,13.979265000,RC2_0018_ICR-1_p08
327.108390243,341.087646636,13.979256393,Other,random,H_2O1,13.979265000,RC2_0018_ICR-1_p08
357.097807608,371.077064001,13.979256393,Other,random,H_2O1,13.979265000,RC2_0018_ICR-1_p08
407.098263449,421.077519842,13.979256393,Other,random,H_2O1,13.979265000,RC2_0018_ICR-1_p08
407.147606172,421.126862564,13.979256393,Other,random,H_2O1,13.979265000,RC2_0018_ICR-1_p08
513.116975291,527.096231684,13.979256393,Other,random,H_2O1,13.979265000,RC2_0018_ICR-1_p08
527.096231684,541.075488077,13.979256393,Other,random,H_2O1,13.979265000,RC2_0018_ICR-1_p08
263.128969008,277.108226401,13.979257393,Other,random,H_2O1,13.979265000,RC2_0018_ICR-1_p08
388.116576186,402.095833578,13.979257393,Other,random,H_2O1,13.979265000,RC2_0018_ICR-1_p08
389.123890521,403.103147914,13.979257393,Other,random,H_2O1,13.979265000,RC2_0018_ICR-1_p08
357.128658435,371.107915828,13.979257393,Other,random,H_2O1,13.979265000,RC2_0018_ICR-1_p08
499.160877768,513.140135161,13.979257393,Other,random,H_2O1,13.979265000,RC2_0018_ICR-1_p08
591.099457785,605.078715178,13.979257393,Other,random,H_2O1,13.979265000,RC2_0018_ICR-1_p08
429.140164504,443.119421897,13.979257393,Other,random,H_2O1,13.979265000,RC2_0018_ICR-1_p08
441.067310436,455.046568829,13.979258393,Other,random,H_2O1,13.979265000,RC2_0018_ICR-1_p08
509.179559432,523.158817824,13.979258393,Other,random,H_2O1,13.979265000,RC2_0018_ICR-1_p08
511.210232013,525.189490406,13.979258393,Other,random,H_2O1,13.979265000,RC2_0018_ICR-1_p08
407.163092084,421.142350477,13.979258393,Other,random,H_2O1,13.979265000,RC2_0018_ICR-1_p08
425.072339378,439.051597771,13.979258393,Other,random,H_2O1,13.979265000,RC2_0018_ICR-1_p08
533.130020755,547.109279148,13.979258393,Other,random,H_2O1,13.979265000,RC2_0018_ICR-1_p08
647.234912127,661.214170520,13.979258393,Other,random,H_2O1,13.979265000,RC2_0018_ICR-1_p08
677.209119578,691.188377971,13.979258393,Other,random,H_2O1,13.979265000,RC2_0018_ICR-1_p08
621.255680212,635.234939605,13.979259393,Other,random,H_2O1,13.979265000,RC2_0018_ICR-1_p08
239.056189373,253.035448766,13.979259393,Other,random,H_2O1,13.979265000,RC2_0018_ICR-1_p08
335.126517156,349.105776549,13.979259393,Other,random,H_2O1,13.979265000,RC2_0018_ICR-1_p08
379.097644900,393.076904293,13.979259393,Other,random,H_2O1,13.979265000,RC2_0018_ICR-1_p08
459.150555752,473.129815144,13.979259393,Other,random,H_2O1,13.979265000,RC2_0018_ICR-1_p08
281.103129937,295.082390330,13.979260393,Other,random,H_2O1,13.979265000,RC2_0018_ICR-1_p08
285.098011473,299.077271866,13.979260393,Other,random,H_2O1,13.979265000,RC2_0018_ICR-1_p08
359.090145405,373.069405798,13.979260393,Other,random,H_2O1,13.979265000,RC2_0018_ICR-1_p08
401.137058970,415.116319362,13.979260393,Other,random,H_2O1,13.979265000,RC2_0018_ICR-1_p08
325.084803622,339.064064015,13.979260393,Other,random,H_2O1,13.979265000,RC2_0018_ICR-1_p08
453.067312959,467.046573351,13.979260393,Other,random,H_2O1,13.979265000,RC2_0018_ICR-1_p08
529.098763423,543.078023816,13.979260393,Other,random,H_2O1,13.979265000,RC2_0018_ICR-1_p08
535.218544011,549.197804404,13.979260393,Other,random,H_2O1,13.979265000,RC2_0018_ICR-1_p08
251.056215895,265.035476288,13.979260393,Other,random,H_2O1,13.979265000,RC2_0018_ICR-1_p08
497.145213103,511.124473495,13.979260393,Other,random,H_2O1,13.979265000,RC2_0018_ICR-1_p08
361.129068940,375.108330333,13.979261393,Other,random,H_2O1,13.979265000,RC2_0018_ICR-1_p08
467.155823737,481.135085130,13.979261393,Other,random,H_2O1,13.979265000,RC2_0018_ICR-1_p08
320.077540779,334.056802171,13.979261393,Other,random,H_2O1,13.979265000,RC2_0018_ICR-1_p08
345.110884013,359.090145405,13.979261393,Other,random,H_2O1,13.979265000,RC2_0018_ICR-1_p08
353.124115953,367.103377346,13.979261393,Other,random,H_2O1,13.979265000,RC2_0018_ICR-1_p08
500.112354418,514.091615811,13.979261393,Other,random,H_2O1,13.979265000,RC2_0018_ICR-1_p08
383.134591200,397.113852593,13.979261393,Other,random,H_2O1,13.979265000,RC2_0018_ICR-1_p08
439.088051566,453.067312959,13.979261393,Other,random,H_2O1,13.979265000,RC2_0018_ICR-1_p08
245.103145370,259.082407763,13.979262393,Other,random,H_2O1,13.979265000,RC2_0018_ICR-1_p08
423.215235821,437.194498214,13.979262393,Other,random,H_2O1,13.979265000,RC2_0018_ICR-1_p08
451.189162520,465.168424912,13.979262393,Other,random,H_2O1,13.979265000,RC2_0018_ICR-1_p08
459.056776279,473.036038672,13.979262393,Other,random,H_2O1,13.979265000,RC2_0018_ICR-1_p08
569.151171203,583.130433596,13.979262393,Other,random,H_2O1,13.979265000,RC2_0018_ICR-1_p08
610.214519298,624.193781691,13.979262393,Other,random,H_2O1,13.979265000,RC2_0018_ICR-1_p08
709.235232491,723.214494884,13.979262393,Other,random,H_2O1,13.979265000,RC2_0018_ICR-1_p08
293.175787051,307.155049444,13.979262393,Other,random,H_2O1,13.979265000,RC2_0018_ICR-1_p08
501.134377671,515.113641064,13.979263393,Other,random,H_2O1,13.979265000,RC2_0018_ICR-1_p08
323.126517634,337.105781026,13.979263393,Other,random,H_2O1,13.979265000,RC2_0018_ICR-1_p08
459.303189893,473.282453286,13.979263393,Other,random,H_2O1,13.979265000,RC2_0018_ICR-1_p08
319.095298302,333.074561695,13.979263393,Other,random,H_2O1,13.979265000,RC2_0018_ICR-1_p08
428.062313565,442.041576958,13.979263393,Other,random,H_2O1,13.979265000,RC2_0018_ICR-1_p08
313.165601645,327.144865038,13.979263393,Other,random,H_2O1,13.979265000,RC2_0018_ICR-1_p08
373.150226344,387.129489736,13.979263393,Other,random,H_2O1,13.979265000,RC2_0018_ICR-1_p08
397.105796638,411.085060031,13.979263393,Other,random,H_2O1,13.979265000,RC2_0018_ICR-1_p08
485.275414848,499.254678241,13.979263393,Other,random,H_2O1,13.979265000,RC2_0018_ICR-1_p08
533.215976272,547.195239664,13.979263393,Other,random,H_2O1,13.979265000,RC2_0018_ICR-1_p08
559.231504983,573.210768375,13.979263393,Other,random,H_2O1,13.979265000,RC2_0018_ICR-1_p08
667.224948721,681.204212113,13.979263393,Other,random,H_2O1,13.979265000,RC2_0018_ICR-1_p08
303.144923993,317.124188386,13.979264393,Other,random,H_2O1,13.979265000,RC2_0018_ICR-1_p08
313.121134895,327.100399288,13.979264393,Other,random,H_2O1,13.979265000,RC2_0018_ICR-1_p08
331.155060488,345.134324881,13.979264393,Other,random,H_2O1,13.979265000,RC2_0018_ICR-1_p08
390.082904129,404.062168521,13.979264393,Other,random,H_2O1,13.979265000,RC2_0018_ICR-1_p08
487.181796128,501.161060521,13.979264393,Other,random,H_2O1,13.979265000,RC2_0018_ICR-1_p08
495.223426909,509.202691302,13.979264393,Other,random,H_2O1,13.979265000,RC2_0018_ICR-1_p08
513.052072656,527.031337049,13.979264393,Other,random,H_2O1,13.979265000,RC2_0018_ICR-1_p08
380.111454200,394.090718592,13.979264393,Other,random,H_2O1,13.979265000,RC2_0018_ICR-1_p08
378.082911606,392.062176999,13.979265393,Other,random,H_2O1,13.979265000,RC2_0018_ICR-1_p08
385.150271866,399.129537258,13.979265393,Other,random,H_2O1,13.979265000,RC2_0018_ICR-1_p08
313.092795055,327.072060447,13.979265393,Other,random,H_2O1,13.979265000,RC2_0018_ICR-1_p08
372.085476331,386.064741723,13.979265393,Other,random,H_2O1,13.979265000,RC2_0018_ICR-1_p08
375.121390259,389.100655652,13.979265393,Other,random,H_2O1,13.979265000,RC2_0018_ICR-1_p08
517.119791783,531.099057175,13.979265393,Other,random,H_2O1,13.979265000,RC2_0018_ICR-1_p08
559.109416669,573.088682062,13.979265393,Other,random,H_2O1,13.979265000,RC2_0018_ICR-1_p08
521.252112546,535.231377939,13.979265393,Other,random,H_2O1,13.979265000,RC2_0018_ICR-1_p08
419.183991489,433.163257882,13.979266393,Other,random,H_2O1,13.979265000,RC2_0018_ICR-1_p08
315.064025970,329.043292363,13.979266393,Other,random,H_2O1,13.979265000,RC2_0018_ICR-1_p08
546.161849475,560.141115868,13.979266393,Other,random,H_2O1,13.979265000,RC2_0018_ICR-1_p08
677.318246965,691.297513357,13.979266393,Other,random,H_2O1,13.979265000,RC2_0018_ICR-1_p08
641.209262010,655.188528403,13.979266393,Other,random,H_2O1,13.979265000,RC2_0018_ICR-1_p08
309.025204927,323.004471320,13.979266393,Other,random,H_2O1,13.979265000,RC2_0018_ICR-1_p08
347.134650633,361.113917025,13.979266393,Other,random,H_2O1,13.979265000,RC2_0018_ICR-1_p08
403.043515249,417.022781642,13.979266393,Other,random,H_2O1,13.979265000,RC2_0018_ICR-1_p08
433.098534246,447.077800639,13.979266393,Other,random,H_2O1,13.979265000,RC2_0018_ICR-1_p08
479.155823259,493.135089652,13.979266393,Other,random,H_2O1,13.979265000,RC2_0018_ICR-1_p08
485.057208075,499.036474468,13.979266393,Other,random,H_2O1,13.979265000,RC2_0018_ICR-1_p08
487.155111278,501.134377671,13.979266393,Other,random,H_2O1,13.979265000,RC2_0018_ICR-1_p08
613.141272841,627.120540233,13.979267393,Other,random,H_2O1,13.979265000,RC2_0018_ICR-1_p08
285.061651678,299.040919070,13.979267393,Other,random,H_2O1,13.979265000,RC2_0018_ICR-1_p08
336.108756633,350.088024025,13.979267393,Other,random,H_2O1,13.979265000,RC2_0018_ICR-1_p08
386.101073519,400.080340912,13.979267393,Other,random,H_2O1,13.979265000,RC2_0018_ICR-1_p08
487.160710247,501.139977639,13.979267393,Other,random,H_2O1,13.979265000,RC2_0018_ICR-1_p08
488.083442058,502.062709451,13.979267393,Other,random,H_2O1,13.979265000,RC2_0018_ICR-1_p08
345.134324881,359.113592273,13.979267393,Other,random,H_2O1,13.979265000,RC2_0018_ICR-1_p08
649.104905612,663.084173005,13.979267393,Other,random,H_2O1,13.979265000,RC2_0018_ICR-1_p08
249.149700616,263.128969008,13.979268393,Other,random,H_2O1,13.979265000,RC2_0018_ICR-1_p08
253.035448766,267.014717158,13.979268393,Other,random,H_2O1,13.979265000,RC2_0018_ICR-1_p08
341.116063476,355.095331869,13.979268393,Other,random,H_2O1,13.979265000,RC2_0018_ICR-1_p08
359.053821610,373.033090002,13.979268393,Other,random,H_2O1,13.979265000,RC2_0018_ICR-1_p08
395.163095562,409.142363955,13.979268393,Other,random,H_2O1,13.979265000,RC2_0018_ICR-1_p08
527.104293638,541.083562031,13.979268393,Other,random,H_2O1,13.979265000,RC2_0018_ICR-1_p08
555.114600133,569.093868525,13.979268393,Other,random,H_2O1,13.979265000,RC2_0018_ICR-1_p08
619.276127344,633.255395736,13.979268393,Other,random,H_2O1,13.979265000,RC2_0018_ICR-1_p08
333.101215545,347.080484937,13.979269393,Other,random,H_2O1,13.979265000,RC2_0018_ICR-1_p08
363.072102014,377.051371407,13.979269393,Other,random,H_2O1,13.979265000,RC2_0018_ICR-1_p08
343.154967011,357.134236404,13.979269393,Other,random,H_2O1,13.979265000,RC2_0018_ICR-1_p08
347.053710088,361.032979480,13.979269393,Other,random,H_2O1,13.979265000,RC2_0018_ICR-1_p08
418.077798710,432.057068102,13.979269393,Other,random,H_2O1,13.979265000,RC2_0018_ICR-1_p08
481.207678722,495.186948114,13.979269393,Other,random,H_2O1,13.979265000,RC2_0018_ICR-1_p08
602.245837107,616.225106500,13.979269393,Other,random,H_2O1,13.979265000,RC2_0018_ICR-1_p08
617.164796216,631.144065608,13.979269393,Other,random,H_2O1,13.979265000,RC2_0018_ICR-1_p08
311.092492303,325.071762695,13.979270393,Other,random,H_2O1,13.979265000,RC2_0018_ICR-1_p08
339.072047970,353.051318362,13.979270393,Other,random,H_2O1,13.979265000,RC2_0018_ICR-1_p08
361.165589735,375.144860127,13.979270393,Other,random,H_2O1,13.979265000,RC2_0018_ICR-1_p08
363.085145941,377.064416333,13.979270393,Other,random,H_2O1,13.979265000,RC2_0018_ICR-1_p08
403.116300840,417.095571233,13.979270393,Other,random,H_2O1,13.979265000,RC2_0018_ICR-1_p08
471.259694660,485.238965053,13.979270393,Other,random,H_2O1,13.979265000,RC2_0018_ICR-1_p08
483.106208046,497.085478438,13.979270393,Other,random,H_2O1,13.979265000,RC2_0018_ICR-1_p08
377.137126925,391.116397317,13.979270393,Other,random,H_2O1,13.979265000,RC2_0018_ICR-1_p08
547.195239664,561.174511057,13.979271393,Other,random,H_2O1,13.979265000,RC2_0018_ICR-1_p08
377.173350721,391.152622114,13.979271393,Other,random,H_2O1,13.979265000,RC2_0018_ICR-1_p08
434.109160563,448.088431956,13.979271393,Other,random,H_2O1,13.979265000,RC2_0018_ICR-1_p08
311.149929980,325.129201372,13.979271393,Other,random,H_2O1,13.979265000,RC2_0018_ICR-1_p08
371.107915828,385.087187220,13.979271393,Other,random,H_2O1,13.979265000,RC2_0018_ICR-1_p08
509.093628915,523.072900308,13.979271393,Other,random,H_2O1,13.979265000,RC2_0018_ICR-1_p08
525.124941769,539.104213161,13.979271393,Other,random,H_2O1,13.979265000,RC2_0018_ICR-1_p08
591.208353172,605.187624565,13.979271393,Other,random,H_2O1,13.979265000,RC2_0018_ICR-1_p08
691.188377971,705.167649364,13.979271393,Other,random,H_2O1,13.979265000,RC2_0018_ICR-1_p08
303.181260789,317.160532181,13.979271393,Other,random,H_2O1,13.979265000,RC2_0018_ICR-1_p08
545.239232663,559.218505056,13.979272393,Other,random,H_2O1,13.979265000,RC2_0018_ICR-1_p08
559.145854464,573.125126857,13.979272393,Other,random,H_2O1,13.979265000,RC2_0018_ICR-1_p08
591.171918377,605.151190770,13.979272393,Other,random,H_2O1,13.979265000,RC2_0018_ICR-1_p08
615.257805939,629.237078332,13.979272393,Other,random,H_2O1,13.979265000,RC2_0018_ICR-1_p08
281.066734142,295.046006534,13.979272393,Other,random,H_2O1,13.979265000,RC2_0018_ICR-1_p08
289.056493214,303.035765607,13.979272393,Other,random,H_2O1,13.979265000,RC2_0018_ICR-1_p08
443.119421897,457.098694290,13.979272393,Other,random,H_2O1,13.979265000,RC2_0018_ICR-1_p08
497.239051575,511.218323967,13.979272393,Other,random,H_2O1,13.979265000,RC2_0018_ICR-1_p08
721.198933217,735.178206610,13.979273393,Other,random,H_2O1,13.979265000,RC2_0018_ICR-1_p08
403.189022431,417.168295824,13.979273393,Other,random,H_2O1,13.979265000,RC2_0018_ICR-1_p08
346.106242416,360.085515808,13.979273393,Other,random,H_2O1,13.979265000,RC2_0018_ICR-1_p08
401.181564719,415.160838112,13.979273393,Other,random,H_2O1,13.979265000,RC2_0018_ICR-1_p08
419.092521004,433.071794396,13.979273393,Other,random,H_2O1,13.979265000,RC2_0018_ICR-1_p08
519.150747362,533.130020755,13.979273393,Other,random,H_2O1,13.979265000,RC2_0018_ICR-1_p08
555.281210196,569.260483588,13.979273393,Other,random,H_2O1,13.979265000,RC2_0018_ICR-1_p08
635.125632220,649.104905612,13.979273393,Other,random,H_2O1,13.979265000,RC2_0018_ICR-1_p08
375.093150418,389.072423811,13.979273393,Other,random,H_2O1,13.979265000,RC2_0018_ICR-1_p08
505.098740379,519.078013771,13.979273393,Other,random,H_2O1,13.979265000,RC2_0018_ICR-1_p08
645.255707257,659.234980649,13.979273393,Other,random,H_2O1,13.979265000,RC2_0018_ICR-1_p08
405.155323374,419.134597767,13.979274393,Other,random,H_2O1,13.979265000,RC2_0018_ICR-1_p08
459.202373460,473.181647853,13.979274393,Other,random,H_2O1,13.979265000,RC2_0018_ICR-1_p08
403.170499535,417.149773928,13.979274393,Other,random,H_2O1,13.979265000,RC2_0018_ICR-1_p08
271.082377285,285.061651678,13.979274393,Other,random,H_2O1,13.979265000,RC2_0018_ICR-1_p08
321.097860041,335.077134434,13.979274393,Other,random,H_2O1,13.979265000,RC2_0018_ICR-1_p08
345.191806558,359.171080950,13.979274393,Other,random,H_2O1,13.979265000,RC2_0018_ICR-1_p08
455.061803743,469.041078136,13.979274393,Other,random,H_2O1,13.979265000,RC2_0018_ICR-1_p08
453.116232684,467.119298942,14.003066259,Other,random,N1,14.003074000,RC2_0018_ICR-1_p08
671.247610101,685.250678359,14.003068259,Other,random,N1,14.003074000,RC2_0018_ICR-1_p08
427.080041089,441.083111348,14.003070259,Other,random,N1,14.003074000,RC2_0018_ICR-1_p08
453.116232684,467.119298942,14.003066259,Other,random,tertiary amine,14.003074010,RC2_0018_ICR-1_p08
671.247610101,685.250678359,14.003068259,Other,random,tertiary amine,14.003074010,RC2_0018_ICR-1_p08
427.080041089,441.083111348,14.003070259,Other,random,tertiary amine,14.003074010,RC2_0018_ICR-1_p08
261.040570752,275.056210940,14.015640188,Other,random,CH2,14.015650000,RC2_0018_ICR-1_p08
333.082651649,347.098291837,14.015640188,Other,random,CH2,14.015650000,RC2_0018_ICR-1_p08
521.252112546,535.267752734,14.015640188,Other,random,CH2,14.015650000,RC2_0018_ICR-1_p08
263.128969008,277.144609196,14.015640188,Other,random,CH2,14.015650000,RC2_0018_ICR-1_p08
311.105509230,325.121149418,14.015640188,Other,random,CH2,14.015650000,RC2_0018_ICR-1_p08
359.040778683,373.056418871,14.015640188,Other,random,CH2,14.015650000,RC2_0018_ICR-1_p08
514.200710197,528.216350385,14.015640188,Other,random,CH2,14.015650000,RC2_0018_ICR-1_p08
249.040526230,263.056167418,14.015641188,Other,random,CH2,14.015650000,RC2_0018_ICR-1_p08
296.077618733,310.093259922,14.015641188,Other,random,CH2,14.015650000,RC2_0018_ICR-1_p08
303.108547198,317.124188386,14.015641188,Other,random,CH2,14.015650000,RC2_0018_ICR-1_p08
331.176165369,345.191806558,14.015641188,Other,random,CH2,14.015650000,RC2_0018_ICR-1_p08
252.978696085,266.994337273,14.015641188,Other,random,CH2,14.015650000,RC2_0018_ICR-1_p08
486.104004189,500.119645377,14.015641188,Other,random,CH2,14.015650000,RC2_0018_ICR-1_p08
534.089108362,548.104749550,14.015641188,Other,random,CH2,14.015650000,RC2_0018_ICR-1_p08
540.099715563,554.115356752,14.015641188,Other,random,CH2,14.015650000,RC2_0018_ICR-1_p08
543.280959675,557.296600863,14.015641188,Other,random,CH2,14.015650000,RC2_0018_ICR-1_p08
637.141245885,651.156887074,14.015641188,Other,random,CH2,14.015650000,RC2_0018_ICR-1_p08
725.245597463,739.261238651,14.015641188,Other,random,CH2,14.015650000,RC2_0018_ICR-1_p08
394.114237460,408.129878648,14.015641188,Other,random,CH2,14.015650000,RC2_0018_ICR-1_p08
577.229041780,591.244682968,14.015641188,Other,random,CH2,14.015650000,RC2_0018_ICR-1_p08
455.165257162,469.180898350,14.015641188,Other,random,CH2,14.015650000,RC2_0018_ICR-1_p08
361.032979480,375.048621669,14.015642188,Other,random,CH2,14.015650000,RC2_0018_ICR-1_p08
327.121510169,341.137152357,14.015642188,Other,random,CH2,14.015650000,RC2_0018_ICR-1_p08
431.061844698,445.077486887,14.015642188,Other,random,CH2,14.015650000,RC2_0018_ICR-1_p08
545.239232663,559.254874851,14.015642188,Other,random,CH2,14.015650000,RC2_0018_ICR-1_p08
569.187580998,583.203223186,14.015642188,Other,random,CH2,14.015650000,RC2_0018_ICR-1_p08
635.198580809,649.214222997,14.015642188,Other,random,CH2,14.015650000,RC2_0018_ICR-1_p08
286.056924081,300.072566269,14.015642188,Other,random,CH2,14.015650000,RC2_0018_ICR-1_p08
327.123756157,341.139398345,14.015642188,Other,random,CH2,14.015650000,RC2_0018_ICR-1_p08
337.105781026,351.121423215,14.015642188,Other,random,CH2,14.015650000,RC2_0018_ICR-1_p08
344.090484750,358.106126939,14.015642188,Other,random,CH2,14.015650000,RC2_0018_ICR-1_p08
251.128963486,265.144605674,14.015642188,Other,random,CH2,14.015650000,RC2_0018_ICR-1_p08
368.111572677,382.127214865,14.015642188,Other,random,CH2,14.015650000,RC2_0018_ICR-1_p08
319.058918506,333.074561695,14.015643188,Other,random,CH2,14.015650000,RC2_0018_ICR-1_p08
503.104148595,517.119791783,14.015643188,Other,random,CH2,14.015650000,RC2_0018_ICR-1_p08
321.097860041,335.113503229,14.015643188,Other,random,CH2,14.015650000,RC2_0018_ICR-1_p08
347.090232882,361.105876071,14.015643188,Other,random,CH2,14.015650000,RC2_0018_ICR-1_p08
381.095491666,395.111134854,14.015643188,Other,random,CH2,14.015650000,RC2_0018_ICR-1_p08
403.106352896,417.121996084,14.015643188,Other,random,CH2,14.015650000,RC2_0018_ICR-1_p08
407.098263449,421.113906637,14.015643188,Other,random,CH2,14.015650000,RC2_0018_ICR-1_p08
458.101779649,472.117422837,14.015643188,Other,random,CH2,14.015650000,RC2_0018_ICR-1_p08
525.116956814,539.132600002,14.015643188,Other,random,CH2,14.015650000,RC2_0018_ICR-1_p08
555.150979928,569.166623116,14.015643188,Other,random,CH2,14.015650000,RC2_0018_ICR-1_p08
562.083698944,576.099342133,14.015643188,Other,random,CH2,14.015650000,RC2_0018_ICR-1_p08
319.009446785,333.025090973,14.015644188,Other,random,CH2,14.015650000,RC2_0018_ICR-1_p08
326.124501776,340.140145964,14.015644188,Other,random,CH2,14.015650000,RC2_0018_ICR-1_p08
405.155323374,419.170967563,14.015644188,Other,random,CH2,14.015650000,RC2_0018_ICR-1_p08
433.113898159,447.129542348,14.015644188,Other,random,CH2,14.015650000,RC2_0018_ICR-1_p08
471.129589392,485.145233580,14.015644188,Other,random,CH2,14.015650000,RC2_0018_ICR-1_p08
513.189461884,527.205106072,14.015644188,Other,random,CH2,14.015650000,RC2_0018_ICR-1_p08
362.088110547,376.103754735,14.015644188,Other,random,CH2,14.015650000,RC2_0018_ICR-1_p08
481.098650335,495.114294523,14.015644188,Other,random,CH2,14.015650000,RC2_0018_ICR-1_p08
305.030254392,319.045898580,14.015644188,Other,random,CH2,14.015650000,RC2_0018_ICR-1_p08
377.124061998,391.139706186,14.015644188,Other,random,CH2,14.015650000,RC2_0018_ICR-1_p08
396.106515257,410.122159445,14.015644188,Other,random,CH2,14.015650000,RC2_0018_ICR-1_p08
485.145233580,499.160877768,14.015644188,Other,random,CH2,14.015650000,RC2_0018_ICR-1_p08
562.120126740,576.135770928,14.015644188,Other,random,CH2,14.015650000,RC2_0018_ICR-1_p08
336.066614870,350.082260058,14.015645188,Other,random,CH2,14.015650000,RC2_0018_ICR-1_p08
529.156256100,543.171901288,14.015645188,Other,random,CH2,14.015650000,RC2_0018_ICR-1_p08
597.182695578,611.198340766,14.015645188,Other,random,CH2,14.015650000,RC2_0018_ICR-1_p08
382.049436302,396.065081490,14.015645188,Other,random,CH2,14.015650000,RC2_0018_ICR-1_p08
351.157790010,365.173435198,14.015645188,Other,random,CH2,14.015650000,RC2_0018_ICR-1_p08
389.100655652,403.116300840,14.015645188,Other,random,CH2,14.015650000,RC2_0018_ICR-1_p08
391.061364627,405.077009815,14.015645188,Other,random,CH2,14.015650000,RC2_0018_ICR-1_p08
391.103239391,405.118884579,14.015645188,Other,random,CH2,14.015650000,RC2_0018_ICR-1_p08
399.056774667,413.072419856,14.015645188,Other,random,CH2,14.015650000,RC2_0018_ICR-1_p08
428.062313565,442.077958753,14.015645188,Other,random,CH2,14.015650000,RC2_0018_ICR-1_p08
461.072426945,475.088072133,14.015645188,Other,random,CH2,14.015650000,RC2_0018_ICR-1_p08
509.057255119,523.072900308,14.015645188,Other,random,CH2,14.015650000,RC2_0018_ICR-1_p08
549.234280199,563.249925387,14.015645188,Other,random,CH2,14.015650000,RC2_0018_ICR-1_p08
287.113680139,301.129325327,14.015645188,Other,random,CH2,14.015650000,RC2_0018_ICR-1_p08
303.014678725,317.030323914,14.015645188,Other,random,CH2,14.015650000,RC2_0018_ICR-1_p08
365.115983521,379.131628709,14.015645188,Other,random,CH2,14.015650000,RC2_0018_ICR-1_p08
371.134626678,385.150271866,14.015645188,Other,random,CH2,14.015650000,RC2_0018_ICR-1_p08
319.168133892,333.183780080,14.015646188,Other,random,CH2,14.015650000,RC2_0018_ICR-1_p08
573.192480478,587.208126666,14.015646188,Other,random,CH2,14.015650000,RC2_0018_ICR-1_p08
345.061430291,359.077076479,14.015646188,Other,random,CH2,14.015650000,RC2_0018_ICR-1_p08
347.149943547,361.165589735,14.015646188,Other,random,CH2,14.015650000,RC2_0018_ICR-1_p08
373.178573184,387.194219372,14.015646188,Other,random,CH2,14.015650000,RC2_0018_ICR-1_p08
387.075297041,401.090943229,14.015646188,Other,random,CH2,14.015650000,RC2_0018_ICR-1_p08
449.139610045,463.155256233,14.015646188,Other,random,CH2,14.015650000,RC2_0018_ICR-1_p08
459.187075546,473.202721734,14.015646188,Other,random,CH2,14.015650000,RC2_0018_ICR-1_p08
609.138609348,623.154255536,14.015646188,Other,random,CH2,14.015650000,RC2_0018_ICR-1_p08
325.056400782,339.072047970,14.015647188,Other,random,CH2,14.015650000,RC2_0018_ICR-1_p08
397.105796638,411.121443826,14.015647188,Other,random,CH2,14.015650000,RC2_0018_ICR-1_p08
523.173982739,537.189629927,14.015647188,Other,random,CH2,14.015650000,RC2_0018_ICR-1_p08
721.126308626,735.141955814,14.015647188,Other,random,CH2,14.015650000,RC2_0018_ICR-1_p08
287.059565443,301.075212631,14.015647188,Other,random,CH2,14.015650000,RC2_0018_ICR-1_p08
311.149929980,325.165577168,14.015647188,Other,random,CH2,14.015650000,RC2_0018_ICR-1_p08
355.095331869,369.110979057,14.015647188,Other,random,CH2,14.015650000,RC2_0018_ICR-1_p08
408.166190444,422.181837632,14.015647188,Other,random,CH2,14.015650000,RC2_0018_ICR-1_p08
414.112048010,428.127695198,14.015647188,Other,random,CH2,14.015650000,RC2_0018_ICR-1_p08
499.155314799,513.170961988,14.015647188,Other,random,CH2,14.015650000,RC2_0018_ICR-1_p08
539.205385592,553.221032780,14.015647188,Other,random,CH2,14.015650000,RC2_0018_ICR-1_p08
269.103165415,283.118813603,14.015648188,Other,random,CH2,14.015650000,RC2_0018_ICR-1_p08
273.040585274,287.056233462,14.015648188,Other,random,CH2,14.015650000,RC2_0018_ICR-1_p08
395.147681649,409.163329837,14.015648188,Other,random,CH2,14.015650000,RC2_0018_ICR-1_p08
603.135697103,617.151345291,14.015648188,Other,random,CH2,14.015650000,RC2_0018_ICR-1_p08
299.056124985,313.071773173,14.015648188,Other,random,CH2,14.015650000,RC2_0018_ICR-1_p08
315.108484720,329.124132908,14.015648188,Other,random,CH2,14.015650000,RC2_0018_ICR-1_p08
355.045826147,369.061474335,14.015648188,Other,random,CH2,14.015650000,RC2_0018_ICR-1_p08
383.207347791,397.222995979,14.015648188,Other,random,CH2,14.015650000,RC2_0018_ICR-1_p08
319.067003461,333.082651649,14.015648188,Other,random,CH2,14.015650000,RC2_0018_ICR-1_p08
320.113946574,334.129594762,14.015648188,Other,random,CH2,14.015650000,RC2_0018_ICR-1_p08
397.163221315,411.178869503,14.015648188,Other,random,CH2,14.015650000,RC2_0018_ICR-1_p08
278.067113009,292.082762197,14.015649188,Other,random,CH2,14.015650000,RC2_0018_ICR-1_p08
359.044023665,373.059672853,14.015649188,Other,random,CH2,14.015650000,RC2_0018_ICR-1_p08
301.056502737,315.072151925,14.015649188,Other,random,CH2,14.015650000,RC2_0018_ICR-1_p08
333.110905490,347.126554678,14.015649188,Other,random,CH2,14.015650000,RC2_0018_ICR-1_p08
359.134577155,373.150226344,14.015649188,Other,random,CH2,14.015650000,RC2_0018_ICR-1_p08
537.210813808,551.226462996,14.015649188,Other,random,CH2,14.015650000,RC2_0018_ICR-1_p08
623.125596697,637.141245885,14.015649188,Other,random,CH2,14.015650000,RC2_0018_ICR-1_p08
445.041127091,459.056776279,14.015649188,Other,random,CH2,14.015650000,RC2_0018_ICR-1_p08
253.071879561,267.087528749,14.015649188,Other,random,CH2,14.015650000,RC2_0018_ICR-1_p08
321.072946181,335.088595369,14.015649188,Other,random,CH2,14.015650000,RC2_0018_ICR-1_p08
297.080265095,311.095915284,14.015650188,Other,random,CH2,14.015650000,RC2_0018_ICR-1_p08
335.053840565,349.069490753,14.015650188,Other,random,CH2,14.015650000,RC2_0018_ICR-1_p08
551.226462996,565.242113184,14.015650188,Other,random,CH2,14.015650000,RC2_0018_ICR-1_p08
569.215952839,583.231603027,14.015650188,Other,random,CH2,14.015650000,RC2_0018_ICR-1_p08
621.219289417,635.234939605,14.015650188,Other,random,CH2,14.015650000,RC2_0018_ICR-1_p08
306.098296386,320.113946574,14.015650188,Other,random,CH2,14.015650000,RC2_0018_ICR-1_p08
357.092265640,371.107915828,14.015650188,Other,random,CH2,14.015650000,RC2_0018_ICR-1_p08
405.168341301,419.183991489,14.015650188,Other,random,CH2,14.015650000,RC2_0018_ICR-1_p08
459.123901902,473.139552090,14.015650188,Other,random,CH2,14.015650000,RC2_0018_ICR-1_p08
787.246691822,801.262342010,14.015650188,Other,random,CH2,14.015650000,RC2_0018_ICR-1_p08
259.082407763,273.098058951,14.015651188,Other,random,CH2,14.015650000,RC2_0018_ICR-1_p08
337.020022509,351.035673697,14.015651188,Other,random,CH2,14.015650000,RC2_0018_ICR-1_p08
341.079680681,355.095331869,14.015651188,Other,random,CH2,14.015650000,RC2_0018_ICR-1_p08
350.124471821,364.140123009,14.015651188,Other,random,CH2,14.015650000,RC2_0018_ICR-1_p08
381.046201943,395.061853131,14.015651188,Other,random,CH2,14.015650000,RC2_0018_ICR-1_p08
534.183202833,548.198854021,14.015651188,Other,random,CH2,14.015650000,RC2_0018_ICR-1_p08
589.156487710,603.172138898,14.015651188,Other,random,CH2,14.015650000,RC2_0018_ICR-1_p08
599.198234244,613.213885432,14.015651188,Other,random,CH2,14.015650000,RC2_0018_ICR-1_p08
789.298862282,803.314513470,14.015651188,Other,random,CH2,14.015650000,RC2_0018_ICR-1_p08
271.046000490,285.061651678,14.015651188,Other,random,CH2,14.015650000,RC2_0018_ICR-1_p08
511.036358991,525.052011179,14.015652188,Other,random,CH2,14.015650000,RC2_0018_ICR-1_p08
263.092574213,277.108226401,14.015652188,Other,random,CH2,14.015650000,RC2_0018_ICR-1_p08
285.040472797,299.056124985,14.015652188,Other,random,CH2,14.015650000,RC2_0018_ICR-1_p08
460.052045683,474.067697871,14.015652188,Other,random,CH2,14.015650000,RC2_0018_ICR-1_p08
321.147396763,335.163048951,14.015652188,Other,random,CH2,14.015650000,RC2_0018_ICR-1_p08
281.103129937,295.118783125,14.015653188,Other,random,CH2,14.015650000,RC2_0018_ICR-1_p08
429.085738810,443.101391998,14.015653188,Other,random,CH2,14.015650000,RC2_0018_ICR-1_p08
465.176451867,479.192105055,14.015653188,Other,random,CH2,14.015650000,RC2_0018_ICR-1_p08
355.030582233,369.046235421,14.015653188,Other,random,CH2,14.015650000,RC2_0018_ICR-1_p08
391.043650726,405.059303914,14.015653188,Other,random,CH2,14.015650000,RC2_0018_ICR-1_p08
571.130568073,585.146221261,14.015653188,Other,random,CH2,14.015650000,RC2_0018_ICR-1_p08
251.019823100,265.035476288,14.015653188,Other,random,CH2,14.015650000,RC2_0018_ICR-1_p08
313.108102969,327.123756157,14.015653188,Other,random,CH2,14.015650000,RC2_0018_ICR-1_p08
315.123807634,329.139460822,14.015653188,Other,random,CH2,14.015650000,RC2_0018_ICR-1_p08
387.108287855,401.123941043,14.015653188,Other,random,CH2,14.015650000,RC2_0018_ICR-1_p08
391.170361014,405.186014202,14.015653188,Other,random,CH2,14.015650000,RC2_0018_ICR-1_p08
449.145128014,463.160781202,14.015653188,Other,random,CH2,14.015650000,RC2_0018_ICR-1_p08
505.111842305,519.127495493,14.015653188,Other,random,CH2,14.015650000,RC2_0018_ICR-1_p08
471.215339910,485.230993098,14.015653188,Other,random,CH2,14.015650000,RC2_0018_ICR-1_p08
497.239051575,511.254704763,14.015653188,Other,random,CH2,14.015650000,RC2_0018_ICR-1_p08
521.231295663,535.246948851,14.015653188,Other,random,CH2,14.015650000,RC2_0018_ICR-1_p08
511.101302626,525.116956814,14.015654188,Other,random,CH2,14.015650000,RC2_0018_ICR-1_p08
247.061255359,261.076909547,14.015654188,Other,random,CH2,14.015650000,RC2_0018_ICR-1_p08
365.124004476,379.139658664,14.015654188,Other,random,CH2,14.015650000,RC2_0018_ICR-1_p08
401.051288452,415.066942640,14.015654188,Other,random,CH2,14.015650000,RC2_0018_ICR-1_p08
417.149773928,431.165428116,14.015654188,Other,random,CH2,14.015650000,RC2_0018_ICR-1_p08
595.276046299,609.291700487,14.015654188,Other,random,CH2,14.015650000,RC2_0018_ICR-1_p08
359.090145405,373.105800593,14.015655188,Other,random,CH2,14.015650000,RC2_0018_ICR-1_p08
371.025306292,385.040961480,14.015655188,Other,random,CH2,14.015650000,RC2_0018_ICR-1_p08
375.035555742,389.051210930,14.015655188,Other,random,CH2,14.015650000,RC2_0018_ICR-1_p08
580.203461055,594.219116243,14.015655188,Other,random,CH2,14.015650000,RC2_0018_ICR-1_p08
685.286794156,699.302449344,14.015655188,Other,random,CH2,14.015650000,RC2_0018_ICR-1_p08
773.266608434,787.282263622,14.015655188,Other,random,CH2,14.015650000,RC2_0018_ICR-1_p08
335.186283820,349.201939008,14.015655188,Other,random,CH2,14.015650000,RC2_0018_ICR-1_p08
329.116004954,343.131660142,14.015655188,Other,random,CH2,14.015650000,RC2_0018_ICR-1_p08
349.069490753,363.085145941,14.015655188,Other,random,CH2,14.015650000,RC2_0018_ICR-1_p08
487.173788173,501.189443361,14.015655188,Other,random,CH2,14.015650000,RC2_0018_ICR-1_p08
487.210426967,501.226082155,14.015655188,Other,random,CH2,14.015650000,RC2_0018_ICR-1_p08
509.166284506,523.181939694,14.015655188,Other,random,CH2,14.015650000,RC2_0018_ICR-1_p08
533.215976272,547.231631460,14.015655188,Other,random,CH2,14.015650000,RC2_0018_ICR-1_p08
577.047335802,591.062990990,14.015655188,Other,random,CH2,14.015650000,RC2_0018_ICR-1_p08
679.078801065,693.094456253,14.015655188,Other,random,CH2,14.015650000,RC2_0018_ICR-1_p08
299.092446781,313.108102969,14.015656188,Other,random,CH2,14.015650000,RC2_0018_ICR-1_p08
281.066734142,295.082390330,14.015656188,Other,random,CH2,14.015650000,RC2_0018_ICR-1_p08
529.148295145,543.163951333,14.015656188,Other,random,CH2,14.015650000,RC2_0018_ICR-1_p08
731.183865071,745.199521259,14.015656188,Other,random,CH2,14.015650000,RC2_0018_ICR-1_p08
761.266821910,775.282478098,14.015656188,Other,random,CH2,14.015650000,RC2_0018_ICR-1_p08
433.077400365,447.093056553,14.015656188,Other,random,CH2,14.015650000,RC2_0018_ICR-1_p08
609.109939509,623.125596697,14.015657188,Other,random,CH2,14.015650000,RC2_0018_ICR-1_p08
529.257265532,543.272923720,14.015658188,Other,random,CH2,14.015650000,RC2_0018_ICR-1_p08
551.067893888,565.083552076,14.015658188,Other,random,CH2,14.015650000,RC2_0018_ICR-1_p08
253.035448766,267.051106954,14.015658188,Other,random,CH2,14.015650000,RC2_0018_ICR-1_p08
315.054297025,329.069955213,14.015658188,Other,random,CH2,14.015650000,RC2_0018_ICR-1_p08
441.095719277,455.111377465,14.015658188,Other,random,CH2,14.015650000,RC2_0018_ICR-1_p08
561.088644540,575.104302728,14.015658188,Other,random,CH2,14.015650000,RC2_0018_ICR-1_p08
334.093073967,348.108732155,14.015658188,Other,random,CH2,14.015650000,RC2_0018_ICR-1_p08
375.056765623,389.072423811,14.015658188,Other,random,CH2,14.015650000,RC2_0018_ICR-1_p08
551.176981274,565.192639462,14.015658188,Other,random,CH2,14.015650000,RC2_0018_ICR-1_p08
651.156887074,665.172545262,14.015658188,Other,random,CH2,14.015650000,RC2_0018_ICR-1_p08
245.045631693,259.061289881,14.015658188,Other,random,CH2,14.015650000,RC2_0018_ICR-1_p08
336.072365837,350.088024025,14.015658188,Other,random,CH2,14.015650000,RC2_0018_ICR-1_p08
349.105776549,363.121434737,14.015658188,Other,random,CH2,14.015650000,RC2_0018_ICR-1_p08
391.175910983,405.191569171,14.015658188,Other,random,CH2,14.015650000,RC2_0018_ICR-1_p08
409.199577633,423.215235821,14.015658188,Other,random,CH2,14.015650000,RC2_0018_ICR-1_p08
419.038470308,433.054128496,14.015658188,Other,random,CH2,14.015650000,RC2_0018_ICR-1_p08
449.121856145,463.137514333,14.015658188,Other,random,CH2,14.015650000,RC2_0018_ICR-1_p08
477.140065594,491.155723782,14.015658188,Other,random,CH2,14.015650000,RC2_0018_ICR-1_p08
269.139533210,283.155192398,14.015659188,Other,random,CH2,14.015650000,RC2_0018_ICR-1_p08
411.165945576,425.181604764,14.015659188,Other,random,CH2,14.015650000,RC2_0018_ICR-1_p08
413.173570287,427.189229475,14.015659188,Other,random,CH2,14.015650000,RC2_0018_ICR-1_p08
461.103236772,475.118895960,14.015659188,Other,random,CH2,14.015650000,RC2_0018_ICR-1_p08
275.019802144,289.035461332,14.015659188,Other,random,CH2,14.015650000,RC2_0018_ICR-1_p08
539.241729388,553.257388576,14.015659188,Other,random,CH2,14.015650000,RC2_0018_ICR-1_p08
261.040570752,275.056210940,14.015640188,Other,random,methanol (-H2O),14.015650070,RC2_0018_ICR-1_p08
333.082651649,347.098291837,14.015640188,Other,random,methanol (-H2O),14.015650070,RC2_0018_ICR-1_p08
521.252112546,535.267752734,14.015640188,Other,random,methanol (-H2O),14.015650070,RC2_0018_ICR-1_p08
263.128969008,277.144609196,14.015640188,Other,random,methanol (-H2O),14.015650070,RC2_0018_ICR-1_p08
311.105509230,325.121149418,14.015640188,Other,random,methanol (-H2O),14.015650070,RC2_0018_ICR-1_p08
359.040778683,373.056418871,14.015640188,Other,random,methanol (-H2O),14.015650070,RC2_0018_ICR-1_p08
514.200710197,528.216350385,14.015640188,Other,random,methanol (-H2O),14.015650070,RC2_0018_ICR-1_p08
249.040526230,263.056167418,14.015641188,Other,random,methanol (-H2O),14.015650070,RC2_0018_ICR-1_p08
296.077618733,310.093259922,14.015641188,Other,random,methanol (-H2O),14.015650070,RC2_0018_ICR-1_p08
303.108547198,317.124188386,14.015641188,Other,random,methanol (-H2O),14.015650070,RC2_0018_ICR-1_p08
331.176165369,345.191806558,14.015641188,Other,random,methanol (-H2O),14.015650070,RC2_0018_ICR-1_p08
252.978696085,266.994337273,14.015641188,Other,random,methanol (-H2O),14.015650070,RC2_0018_ICR-1_p08
486.104004189,500.119645377,14.015641188,Other,random,methanol (-H2O),14.015650070,RC2_0018_ICR-1_p08
534.089108362,548.104749550,14.015641188,Other,random,methanol (-H2O),14.015650070,RC2_0018_ICR-1_p08
540.099715563,554.115356752,14.015641188,Other,random,methanol (-H2O),14.015650070,RC2_0018_ICR-1_p08
543.280959675,557.296600863,14.015641188,Other,random,methanol (-H2O),14.015650070,RC2_0018_ICR-1_p08
637.141245885,651.156887074,14.015641188,Other,random,methanol (-H2O),14.015650070,RC2_0018_ICR-1_p08
725.245597463,739.261238651,14.015641188,Other,random,methanol (-H2O),14.015650070,RC2_0018_ICR-1_p08
394.114237460,408.129878648,14.015641188,Other,random,methanol (-H2O),14.015650070,RC2_0018_ICR-1_p08
577.229041780,591.244682968,14.015641188,Other,random,methanol (-H2O),14.015650070,RC2_0018_ICR-1_p08
455.165257162,469.180898350,14.015641188,Other,random,methanol (-H2O),14.015650070,RC2_0018_ICR-1_p08
361.032979480,375.048621669,14.015642188,Other,random,methanol (-H2O),14.015650070,RC2_0018_ICR-1_p08
327.121510169,341.137152357,14.015642188,Other,random,methanol (-H2O),14.015650070,RC2_0018_ICR-1_p08
431.061844698,445.077486887,14.015642188,Other,random,methanol (-H2O),14.015650070,RC2_0018_ICR-1_p08
545.239232663,559.254874851,14.015642188,Other,random,methanol (-H2O),14.015650070,RC2_0018_ICR-1_p08
569.187580998,583.203223186,14.015642188,Other,random,methanol (-H2O),14.015650070,RC2_0018_ICR-1_p08
635.198580809,649.214222997,14.015642188,Other,random,methanol (-H2O),14.015650070,RC2_0018_ICR-1_p08
286.056924081,300.072566269,14.015642188,Other,random,methanol (-H2O),14.015650070,RC2_0018_ICR-1_p08
327.123756157,341.139398345,14.015642188,Other,random,methanol (-H2O),14.015650070,RC2_0018_ICR-1_p08
337.105781026,351.121423215,14.015642188,Other,random,methanol (-H2O),14.015650070,RC2_0018_ICR-1_p08
344.090484750,358.106126939,14.015642188,Other,random,methanol (-H2O),14.015650070,RC2_0018_ICR-1_p08
251.128963486,265.144605674,14.015642188,Other,random,methanol (-H2O),14.015650070,RC2_0018_ICR-1_p08
368.111572677,382.127214865,14.015642188,Other,random,methanol (-H2O),14.015650070,RC2_0018_ICR-1_p08
319.058918506,333.074561695,14.015643188,Other,random,methanol (-H2O),14.015650070,RC2_0018_ICR-1_p08
503.104148595,517.119791783,14.015643188,Other,random,methanol (-H2O),14.015650070,RC2_0018_ICR-1_p08
321.097860041,335.113503229,14.015643188,Other,random,methanol (-H2O),14.015650070,RC2_0018_ICR-1_p08
347.090232882,361.105876071,14.015643188,Other,random,methanol (-H2O),14.015650070,RC2_0018_ICR-1_p08
381.095491666,395.111134854,14.015643188,Other,random,methanol (-H2O),14.015650070,RC2_0018_ICR-1_p08
403.106352896,417.121996084,14.015643188,Other,random,methanol (-H2O),14.015650070,RC2_0018_ICR-1_p08
407.098263449,421.113906637,14.015643188,Other,random,methanol (-H2O),14.015650070,RC2_0018_ICR-1_p08
458.101779649,472.117422837,14.015643188,Other,random,methanol (-H2O),14.015650070,RC2_0018_ICR-1_p08
525.116956814,539.132600002,14.015643188,Other,random,methanol (-H2O),14.015650070,RC2_0018_ICR-1_p08
555.150979928,569.166623116,14.015643188,Other,random,methanol (-H2O),14.015650070,RC2_0018_ICR-1_p08
562.083698944,576.099342133,14.015643188,Other,random,methanol (-H2O),14.015650070,RC2_0018_ICR-1_p08
319.009446785,333.025090973,14.015644188,Other,random,methanol (-H2O),14.015650070,RC2_0018_ICR-1_p08
326.124501776,340.140145964,14.015644188,Other,random,methanol (-H2O),14.015650070,RC2_0018_ICR-1_p08
405.155323374,419.170967563,14.015644188,Other,random,methanol (-H2O),14.015650070,RC2_0018_ICR-1_p08
433.113898159,447.129542348,14.015644188,Other,random,methanol (-H2O),14.015650070,RC2_0018_ICR-1_p08
471.129589392,485.145233580,14.015644188,Other,random,methanol (-H2O),14.015650070,RC2_0018_ICR-1_p08
513.189461884,527.205106072,14.015644188,Other,random,methanol (-H2O),14.015650070,RC2_0018_ICR-1_p08
362.088110547,376.103754735,14.015644188,Other,random,methanol (-H2O),14.015650070,RC2_0018_ICR-1_p08
481.098650335,495.114294523,14.015644188,Other,random,methanol (-H2O),14.015650070,RC2_0018_ICR-1_p08
305.030254392,319.045898580,14.015644188,Other,random,methanol (-H2O),14.015650070,RC2_0018_ICR-1_p08
377.124061998,391.139706186,14.015644188,Other,random,methanol (-H2O),14.015650070,RC2_0018_ICR-1_p08
396.106515257,410.122159445,14.015644188,Other,random,methanol (-H2O),14.015650070,RC2_0018_ICR-1_p08
485.145233580,499.160877768,14.015644188,Other,random,methanol (-H2O),14.015650070,RC2_0018_ICR-1_p08
562.120126740,576.135770928,14.015644188,Other,random,methanol (-H2O),14.015650070,RC2_0018_ICR-1_p08
336.066614870,350.082260058,14.015645188,Other,random,methanol (-H2O),14.015650070,RC2_0018_ICR-1_p08
529.156256100,543.171901288,14.015645188,Other,random,methanol (-H2O),14.015650070,RC2_0018_ICR-1_p08
597.182695578,611.198340766,14.015645188,Other,random,methanol (-H2O),14.015650070,RC2_0018_ICR-1_p08
382.049436302,396.065081490,14.015645188,Other,random,methanol (-H2O),14.015650070,RC2_0018_ICR-1_p08
351.157790010,365.173435198,14.015645188,Other,random,methanol (-H2O),14.015650070,RC2_0018_ICR-1_p08
389.100655652,403.116300840,14.015645188,Other,random,methanol (-H2O),14.015650070,RC2_0018_ICR-1_p08
391.061364627,405.077009815,14.015645188,Other,random,methanol (-H2O),14.015650070,RC2_0018_ICR-1_p08
391.103239391,405.118884579,14.015645188,Other,random,methanol (-H2O),14.015650070,RC2_0018_ICR-1_p08
399.056774667,413.072419856,14.015645188,Other,random,methanol (-H2O),14.015650070,RC2_0018_ICR-1_p08
428.062313565,442.077958753,14.015645188,Other,random,methanol (-H2O),14.015650070,RC2_0018_ICR-1_p08
461.072426945,475.088072133,14.015645188,Other,random,methanol (-H2O),14.015650070,RC2_0018_ICR-1_p08
509.057255119,523.072900308,14.015645188,Other,random,methanol (-H2O),14.015650070,RC2_0018_ICR-1_p08
549.234280199,563.249925387,14.015645188,Other,random,methanol (-H2O),14.015650070,RC2_0018_ICR-1_p08
287.113680139,301.129325327,14.015645188,Other,random,methanol (-H2O),14.015650070,RC2_0018_ICR-1_p08
303.014678725,317.030323914,14.015645188,Other,random,methanol (-H2O),14.015650070,RC2_0018_ICR-1_p08
365.115983521,379.131628709,14.015645188,Other,random,methanol (-H2O),14.015650070,RC2_0018_ICR-1_p08
371.134626678,385.150271866,14.015645188,Other,random,methanol (-H2O),14.015650070,RC2_0018_ICR-1_p08
319.168133892,333.183780080,14.015646188,Other,random,methanol (-H2O),14.015650070,RC2_0018_ICR-1_p08
573.192480478,587.208126666,14.015646188,Other,random,methanol (-H2O),14.015650070,RC2_0018_ICR-1_p08
345.061430291,359.077076479,14.015646188,Other,random,methanol (-H2O),14.015650070,RC2_0018_ICR-1_p08
347.149943547,361.165589735,14.015646188,Other,random,methanol (-H2O),14.015650070,RC2_0018_ICR-1_p08
373.178573184,387.194219372,14.015646188,Other,random,methanol (-H2O),14.015650070,RC2_0018_ICR-1_p08
387.075297041,401.090943229,14.015646188,Other,random,methanol (-H2O),14.015650070,RC2_0018_ICR-1_p08
449.139610045,463.155256233,14.015646188,Other,random,methanol (-H2O),14.015650070,RC2_0018_ICR-1_p08
459.187075546,473.202721734,14.015646188,Other,random,methanol (-H2O),14.015650070,RC2_0018_ICR-1_p08
609.138609348,623.154255536,14.015646188,Other,random,methanol (-H2O),14.015650070,RC2_0018_ICR-1_p08
325.056400782,339.072047970,14.015647188,Other,random,methanol (-H2O),14.015650070,RC2_0018_ICR-1_p08
397.105796638,411.121443826,14.015647188,Other,random,methanol (-H2O),14.015650070,RC2_0018_ICR-1_p08
523.173982739,537.189629927,14.015647188,Other,random,methanol (-H2O),14.015650070,RC2_0018_ICR-1_p08
721.126308626,735.141955814,14.015647188,Other,random,methanol (-H2O),14.015650070,RC2_0018_ICR-1_p08
287.059565443,301.075212631,14.015647188,Other,random,methanol (-H2O),14.015650070,RC2_0018_ICR-1_p08
311.149929980,325.165577168,14.015647188,Other,random,methanol (-H2O),14.015650070,RC2_0018_ICR-1_p08
355.095331869,369.110979057,14.015647188,Other,random,methanol (-H2O),14.015650070,RC2_0018_ICR-1_p08
408.166190444,422.181837632,14.015647188,Other,random,methanol (-H2O),14.015650070,RC2_0018_ICR-1_p08
414.112048010,428.127695198,14.015647188,Other,random,methanol (-H2O),14.015650070,RC2_0018_ICR-1_p08
499.155314799,513.170961988,14.015647188,Other,random,methanol (-H2O),14.015650070,RC2_0018_ICR-1_p08
539.205385592,553.221032780,14.015647188,Other,random,methanol (-H2O),14.015650070,RC2_0018_ICR-1_p08
269.103165415,283.118813603,14.015648188,Other,random,methanol (-H2O),14.015650070,RC2_0018_ICR-1_p08
273.040585274,287.056233462,14.015648188,Other,random,methanol (-H2O),14.015650070,RC2_0018_ICR-1_p08
395.147681649,409.163329837,14.015648188,Other,random,methanol (-H2O),14.015650070,RC2_0018_ICR-1_p08
603.135697103,617.151345291,14.015648188,Other,random,methanol (-H2O),14.015650070,RC2_0018_ICR-1_p08
299.056124985,313.071773173,14.015648188,Other,random,methanol (-H2O),14.015650070,RC2_0018_ICR-1_p08
315.108484720,329.124132908,14.015648188,Other,random,methanol (-H2O),14.015650070,RC2_0018_ICR-1_p08
355.045826147,369.061474335,14.015648188,Other,random,methanol (-H2O),14.015650070,RC2_0018_ICR-1_p08
383.207347791,397.222995979,14.015648188,Other,random,methanol (-H2O),14.015650070,RC2_0018_ICR-1_p08
319.067003461,333.082651649,14.015648188,Other,random,methanol (-H2O),14.015650070,RC2_0018_ICR-1_p08
320.113946574,334.129594762,14.015648188,Other,random,methanol (-H2O),14.015650070,RC2_0018_ICR-1_p08
397.163221315,411.178869503,14.015648188,Other,random,methanol (-H2O),14.015650070,RC2_0018_ICR-1_p08
278.067113009,292.082762197,14.015649188,Other,random,methanol (-H2O),14.015650070,RC2_0018_ICR-1_p08
359.044023665,373.059672853,14.015649188,Other,random,methanol (-H2O),14.015650070,RC2_0018_ICR-1_p08
301.056502737,315.072151925,14.015649188,Other,random,methanol (-H2O),14.015650070,RC2_0018_ICR-1_p08
333.110905490,347.126554678,14.015649188,Other,random,methanol (-H2O),14.015650070,RC2_0018_ICR-1_p08
359.134577155,373.150226344,14.015649188,Other,random,methanol (-H2O),14.015650070,RC2_0018_ICR-1_p08
537.210813808,551.226462996,14.015649188,Other,random,methanol (-H2O),14.015650070,RC2_0018_ICR-1_p08
623.125596697,637.141245885,14.015649188,Other,random,methanol (-H2O),14.015650070,RC2_0018_ICR-1_p08
445.041127091,459.056776279,14.015649188,Other,random,methanol (-H2O),14.015650070,RC2_0018_ICR-1_p08
253.071879561,267.087528749,14.015649188,Other,random,methanol (-H2O),14.015650070,RC2_0018_ICR-1_p08
321.072946181,335.088595369,14.015649188,Other,random,methanol (-H2O),14.015650070,RC2_0018_ICR-1_p08
297.080265095,311.095915284,14.015650188,Other,random,methanol (-H2O),14.015650070,RC2_0018_ICR-1_p08
335.053840565,349.069490753,14.015650188,Other,random,methanol (-H2O),14.015650070,RC2_0018_ICR-1_p08
551.226462996,565.242113184,14.015650188,Other,random,methanol (-H2O),14.015650070,RC2_0018_ICR-1_p08
569.215952839,583.231603027,14.015650188,Other,random,methanol (-H2O),14.015650070,RC2_0018_ICR-1_p08
621.219289417,635.234939605,14.015650188,Other,random,methanol (-H2O),14.015650070,RC2_0018_ICR-1_p08
306.098296386,320.113946574,14.015650188,Other,random,methanol (-H2O),14.015650070,RC2_0018_ICR-1_p08
357.092265640,371.107915828,14.015650188,Other,random,methanol (-H2O),14.015650070,RC2_0018_ICR-1_p08
405.168341301,419.183991489,14.015650188,Other,random,methanol (-H2O),14.015650070,RC2_0018_ICR-1_p08
459.123901902,473.139552090,14.015650188,Other,random,methanol (-H2O),14.015650070,RC2_0018_ICR-1_p08
787.246691822,801.262342010,14.015650188,Other,random,methanol (-H2O),14.015650070,RC2_0018_ICR-1_p08
259.082407763,273.098058951,14.015651188,Other,random,methanol (-H2O),14.015650070,RC2_0018_ICR-1_p08
337.020022509,351.035673697,14.015651188,Other,random,methanol (-H2O),14.015650070,RC2_0018_ICR-1_p08
341.079680681,355.095331869,14.015651188,Other,random,methanol (-H2O),14.015650070,RC2_0018_ICR-1_p08
350.124471821,364.140123009,14.015651188,Other,random,methanol (-H2O),14.015650070,RC2_0018_ICR-1_p08
381.046201943,395.061853131,14.015651188,Other,random,methanol (-H2O),14.015650070,RC2_0018_ICR-1_p08
534.183202833,548.198854021,14.015651188,Other,random,methanol (-H2O),14.015650070,RC2_0018_ICR-1_p08
589.156487710,603.172138898,14.015651188,Other,random,methanol (-H2O),14.015650070,RC2_0018_ICR-1_p08
599.198234244,613.213885432,14.015651188,Other,random,methanol (-H2O),14.015650070,RC2_0018_ICR-1_p08
789.298862282,803.314513470,14.015651188,Other,random,methanol (-H2O),14.015650070,RC2_0018_ICR-1_p08
271.046000490,285.061651678,14.015651188,Other,random,methanol (-H2O),14.015650070,RC2_0018_ICR-1_p08
511.036358991,525.052011179,14.015652188,Other,random,methanol (-H2O),14.015650070,RC2_0018_ICR-1_p08
263.092574213,277.108226401,14.015652188,Other,random,methanol (-H2O),14.015650070,RC2_0018_ICR-1_p08
285.040472797,299.056124985,14.015652188,Other,random,methanol (-H2O),14.015650070,RC2_0018_ICR-1_p08
460.052045683,474.067697871,14.015652188,Other,random,methanol (-H2O),14.015650070,RC2_0018_ICR-1_p08
321.147396763,335.163048951,14.015652188,Other,random,methanol (-H2O),14.015650070,RC2_0018_ICR-1_p08
281.103129937,295.118783125,14.015653188,Other,random,methanol (-H2O),14.015650070,RC2_0018_ICR-1_p08
429.085738810,443.101391998,14.015653188,Other,random,methanol (-H2O),14.015650070,RC2_0018_ICR-1_p08
465.176451867,479.192105055,14.015653188,Other,random,methanol (-H2O),14.015650070,RC2_0018_ICR-1_p08
355.030582233,369.046235421,14.015653188,Other,random,methanol (-H2O),14.015650070,RC2_0018_ICR-1_p08
391.043650726,405.059303914,14.015653188,Other,random,methanol (-H2O),14.015650070,RC2_0018_ICR-1_p08
571.130568073,585.146221261,14.015653188,Other,random,methanol (-H2O),14.015650070,RC2_0018_ICR-1_p08
251.019823100,265.035476288,14.015653188,Other,random,methanol (-H2O),14.015650070,RC2_0018_ICR-1_p08
313.108102969,327.123756157,14.015653188,Other,random,methanol (-H2O),14.015650070,RC2_0018_ICR-1_p08
315.123807634,329.139460822,14.015653188,Other,random,methanol (-H2O),14.015650070,RC2_0018_ICR-1_p08
387.108287855,401.123941043,14.015653188,Other,random,methanol (-H2O),14.015650070,RC2_0018_ICR-1_p08
391.170361014,405.186014202,14.015653188,Other,random,methanol (-H2O),14.015650070,RC2_0018_ICR-1_p08
449.145128014,463.160781202,14.015653188,Other,random,methanol (-H2O),14.015650070,RC2_0018_ICR-1_p08
505.111842305,519.127495493,14.015653188,Other,random,methanol (-H2O),14.015650070,RC2_0018_ICR-1_p08
471.215339910,485.230993098,14.015653188,Other,random,methanol (-H2O),14.015650070,RC2_0018_ICR-1_p08
497.239051575,511.254704763,14.015653188,Other,random,methanol (-H2O),14.015650070,RC2_0018_ICR-1_p08
521.231295663,535.246948851,14.015653188,Other,random,methanol (-H2O),14.015650070,RC2_0018_ICR-1_p08
511.101302626,525.116956814,14.015654188,Other,random,methanol (-H2O),14.015650070,RC2_0018_ICR-1_p08
247.061255359,261.076909547,14.015654188,Other,random,methanol (-H2O),14.015650070,RC2_0018_ICR-1_p08
365.124004476,379.139658664,14.015654188,Other,random,methanol (-H2O),14.015650070,RC2_0018_ICR-1_p08
401.051288452,415.066942640,14.015654188,Other,random,methanol (-H2O),14.015650070,RC2_0018_ICR-1_p08
417.149773928,431.165428116,14.015654188,Other,random,methanol (-H2O),14.015650070,RC2_0018_ICR-1_p08
595.276046299,609.291700487,14.015654188,Other,random,methanol (-H2O),14.015650070,RC2_0018_ICR-1_p08
359.090145405,373.105800593,14.015655188,Other,random,methanol (-H2O),14.015650070,RC2_0018_ICR-1_p08
371.025306292,385.040961480,14.015655188,Other,random,methanol (-H2O),14.015650070,RC2_0018_ICR-1_p08
375.035555742,389.051210930,14.015655188,Other,random,methanol (-H2O),14.015650070,RC2_0018_ICR-1_p08
580.203461055,594.219116243,14.015655188,Other,random,methanol (-H2O),14.015650070,RC2_0018_ICR-1_p08
685.286794156,699.302449344,14.015655188,Other,random,methanol (-H2O),14.015650070,RC2_0018_ICR-1_p08
773.266608434,787.282263622,14.015655188,Other,random,methanol (-H2O),14.015650070,RC2_0018_ICR-1_p08
335.186283820,349.201939008,14.015655188,Other,random,methanol (-H2O),14.015650070,RC2_0018_ICR-1_p08
329.116004954,343.131660142,14.015655188,Other,random,methanol (-H2O),14.015650070,RC2_0018_ICR-1_p08
349.069490753,363.085145941,14.015655188,Other,random,methanol (-H2O),14.015650070,RC2_0018_ICR-1_p08
487.173788173,501.189443361,14.015655188,Other,random,methanol (-H2O),14.015650070,RC2_0018_ICR-1_p08
487.210426967,501.226082155,14.015655188,Other,random,methanol (-H2O),14.015650070,RC2_0018_ICR-1_p08
509.166284506,523.181939694,14.015655188,Other,random,methanol (-H2O),14.015650070,RC2_0018_ICR-1_p08
533.215976272,547.231631460,14.015655188,Other,random,methanol (-H2O),14.015650070,RC2_0018_ICR-1_p08
577.047335802,591.062990990,14.015655188,Other,random,methanol (-H2O),14.015650070,RC2_0018_ICR-1_p08
679.078801065,693.094456253,14.015655188,Other,random,methanol (-H2O),14.015650070,RC2_0018_ICR-1_p08
299.092446781,313.108102969,14.015656188,Other,random,methanol (-H2O),14.015650070,RC2_0018_ICR-1_p08
281.066734142,295.082390330,14.015656188,Other,random,methanol (-H2O),14.015650070,RC2_0018_ICR-1_p08
529.148295145,543.163951333,14.015656188,Other,random,methanol (-H2O),14.015650070,RC2_0018_ICR-1_p08
731.183865071,745.199521259,14.015656188,Other,random,methanol (-H2O),14.015650070,RC2_0018_ICR-1_p08
761.266821910,775.282478098,14.015656188,Other,random,methanol (-H2O),14.015650070,RC2_0018_ICR-1_p08
433.077400365,447.093056553,14.015656188,Other,random,methanol (-H2O),14.015650070,RC2_0018_ICR-1_p08
609.109939509,623.125596697,14.015657188,Other,random,methanol (-H2O),14.015650070,RC2_0018_ICR-1_p08
529.257265532,543.272923720,14.015658188,Other,random,methanol (-H2O),14.015650070,RC2_0018_ICR-1_p08
551.067893888,565.083552076,14.015658188,Other,random,methanol (-H2O),14.015650070,RC2_0018_ICR-1_p08
253.035448766,267.051106954,14.015658188,Other,random,methanol (-H2O),14.015650070,RC2_0018_ICR-1_p08
315.054297025,329.069955213,14.015658188,Other,random,methanol (-H2O),14.015650070,RC2_0018_ICR-1_p08
441.095719277,455.111377465,14.015658188,Other,random,methanol (-H2O),14.015650070,RC2_0018_ICR-1_p08
561.088644540,575.104302728,14.015658188,Other,random,methanol (-H2O),14.015650070,RC2_0018_ICR-1_p08
334.093073967,348.108732155,14.015658188,Other,random,methanol (-H2O),14.015650070,RC2_0018_ICR-1_p08
375.056765623,389.072423811,14.015658188,Other,random,methanol (-H2O),14.015650070,RC2_0018_ICR-1_p08
551.176981274,565.192639462,14.015658188,Other,random,methanol (-H2O),14.015650070,RC2_0018_ICR-1_p08
651.156887074,665.172545262,14.015658188,Other,random,methanol (-H2O),14.015650070,RC2_0018_ICR-1_p08
245.045631693,259.061289881,14.015658188,Other,random,methanol (-H2O),14.015650070,RC2_0018_ICR-1_p08
336.072365837,350.088024025,14.015658188,Other,random,methanol (-H2O),14.015650070,RC2_0018_ICR-1_p08
349.105776549,363.121434737,14.015658188,Other,random,methanol (-H2O),14.015650070,RC2_0018_ICR-1_p08
391.175910983,405.191569171,14.015658188,Other,random,methanol (-H2O),14.015650070,RC2_0018_ICR-1_p08
409.199577633,423.215235821,14.015658188,Other,random,methanol (-H2O),14.015650070,RC2_0018_ICR-1_p08
419.038470308,433.054128496,14.015658188,Other,random,methanol (-H2O),14.015650070,RC2_0018_ICR-1_p08
449.121856145,463.137514333,14.015658188,Other,random,methanol (-H2O),14.015650070,RC2_0018_ICR-1_p08
477.140065594,491.155723782,14.015658188,Other,random,methanol (-H2O),14.015650070,RC2_0018_ICR-1_p08
269.139533210,283.155192398,14.015659188,Other,random,methanol (-H2O),14.015650070,RC2_0018_ICR-1_p08
411.165945576,425.181604764,14.015659188,Other,random,methanol (-H2O),14.015650070,RC2_0018_ICR-1_p08
413.173570287,427.189229475,14.015659188,Other,random,methanol (-H2O),14.015650070,RC2_0018_ICR-1_p08
461.103236772,475.118895960,14.015659188,Other,random,methanol (-H2O),14.015650070,RC2_0018_ICR-1_p08
275.019802144,289.035461332,14.015659188,Other,random,methanol (-H2O),14.015650070,RC2_0018_ICR-1_p08
539.241729388,553.257388576,14.015659188,Other,random,methanol (-H2O),14.015650070,RC2_0018_ICR-1_p08
293.066690664,307.093570789,14.026880125,Other,random,H2N2O_1,14.026883000,RC2_0018_ICR-1_p08
339.072047970,353.098929095,14.026881125,Other,random,H2N2O_1,14.026883000,RC2_0018_ICR-1_p08
309.072827660,323.099709785,14.026882125,Other,random,H2N2O_1,14.026883000,RC2_0018_ICR-1_p08
297.061659200,311.088545325,14.026886125,Other,random,H2N2O_1,14.026883000,RC2_0018_ICR-1_p08
295.082390330,309.109277455,14.026887125,Other,random,H2N2O_1,14.026883000,RC2_0018_ICR-1_p08
279.051098476,293.077986601,14.026888125,Other,random,H2N2O_1,14.026883000,RC2_0018_ICR-1_p08
267.051106954,281.077998078,14.026891125,Other,random,H2N2O_1,14.026883000,RC2_0018_ICR-1_p08
293.030335869,307.057226994,14.026891125,Other,random,H2N2O_1,14.026883000,RC2_0018_ICR-1_p08
311.040831593,325.067723718,14.026892125,Other,random,H2N2O_1,14.026883000,RC2_0018_ICR-1_p08
389.087704725,403.139730708,14.052025984,Other,random,C2H6O_1,14.052035000,RC2_0018_ICR-1_p08
434.109160563,448.161186547,14.052025984,Other,random,C2H6O_1,14.052035000,RC2_0018_ICR-1_p08
435.129403826,449.181429810,14.052025984,Other,random,C2H6O_1,14.052035000,RC2_0018_ICR-1_p08
460.052045683,474.104071666,14.052025984,Other,random,C2H6O_1,14.052035000,RC2_0018_ICR-1_p08
357.147344330,371.199370313,14.052025984,Other,random,C2H6O_1,14.052035000,RC2_0018_ICR-1_p08
319.009446785,333.061472768,14.052025984,Other,random,C2H6O_1,14.052035000,RC2_0018_ICR-1_p08
441.131933073,455.183960056,14.052026984,Other,random,C2H6O_1,14.052035000,RC2_0018_ICR-1_p08
483.187024591,497.239051575,14.052026984,Other,random,C2H6O_1,14.052035000,RC2_0018_ICR-1_p08
269.103165415,283.155192398,14.052026984,Other,random,C2H6O_1,14.052035000,RC2_0018_ICR-1_p08
625.157051274,639.209078258,14.052026984,Other,random,C2H6O_1,14.052035000,RC2_0018_ICR-1_p08
475.101180059,489.153207043,14.052026984,Other,random,C2H6O_1,14.052035000,RC2_0018_ICR-1_p08
621.182911621,635.234939605,14.052027984,Other,random,C2H6O_1,14.052035000,RC2_0018_ICR-1_p08
771.251808763,785.303836747,14.052027984,Other,random,C2H6O_1,14.052035000,RC2_0018_ICR-1_p08
317.051304796,331.103332779,14.052027984,Other,random,C2H6O_1,14.052035000,RC2_0018_ICR-1_p08
421.113906637,435.165934621,14.052027984,Other,random,C2H6O_1,14.052035000,RC2_0018_ICR-1_p08
457.090650335,471.142678318,14.052027984,Other,random,C2H6O_1,14.052035000,RC2_0018_ICR-1_p08
385.092747189,399.144775173,14.052027984,Other,random,C2H6O_1,14.052035000,RC2_0018_ICR-1_p08
475.064740264,489.116768248,14.052027984,Other,random,C2H6O_1,14.052035000,RC2_0018_ICR-1_p08
489.170918943,503.222946927,14.052027984,Other,random,C2H6O_1,14.052035000,RC2_0018_ICR-1_p08
519.145035394,533.197063378,14.052027984,Other,random,C2H6O_1,14.052035000,RC2_0018_ICR-1_p08
514.164322402,528.216350385,14.052027984,Other,random,C2H6O_1,14.052035000,RC2_0018_ICR-1_p08
357.038033945,371.090062928,14.052028983,Other,random,C2H6O_1,14.052035000,RC2_0018_ICR-1_p08
491.191988578,505.244017562,14.052028983,Other,random,C2H6O_1,14.052035000,RC2_0018_ICR-1_p08
321.134254837,335.186283820,14.052028983,Other,random,C2H6O_1,14.052035000,RC2_0018_ICR-1_p08
275.019802144,289.071831128,14.052028983,Other,random,C2H6O_1,14.052035000,RC2_0018_ICR-1_p08
245.066780574,259.118810558,14.052029983,Other,random,C2H6O_1,14.052035000,RC2_0018_ICR-1_p08
524.068242711,538.120272694,14.052029983,Other,random,C2H6O_1,14.052035000,RC2_0018_ICR-1_p08
563.067994410,577.120024393,14.052029983,Other,random,C2H6O_1,14.052035000,RC2_0018_ICR-1_p08
589.192786506,603.244816490,14.052029983,Other,random,C2H6O_1,14.052035000,RC2_0018_ICR-1_p08
541.075488077,555.127519060,14.052030983,Other,random,C2H6O_1,14.052035000,RC2_0018_ICR-1_p08
683.219643780,697.271674764,14.052030983,Other,random,C2H6O_1,14.052035000,RC2_0018_ICR-1_p08
249.076938025,263.128969008,14.052030983,Other,random,C2H6O_1,14.052035000,RC2_0018_ICR-1_p08
437.108794696,451.160825679,14.052030983,Other,random,C2H6O_1,14.052035000,RC2_0018_ICR-1_p08
505.184513896,519.236544880,14.052030983,Other,random,C2H6O_1,14.052035000,RC2_0018_ICR-1_p08
353.124115953,367.176146937,14.052030983,Other,random,C2H6O_1,14.052035000,RC2_0018_ICR-1_p08
455.061803743,469.113834727,14.052030983,Other,random,C2H6O_1,14.052035000,RC2_0018_ICR-1_p08
433.108338191,447.160370174,14.052031983,Other,random,C2H6O_1,14.052035000,RC2_0018_ICR-1_p08
659.089270469,673.141302452,14.052031983,Other,random,C2H6O_1,14.052035000,RC2_0018_ICR-1_p08
525.067599091,539.119632075,14.052032983,Other,random,C2H6O_1,14.052035000,RC2_0018_ICR-1_p08
267.087528749,281.139561732,14.052032983,Other,random,C2H6O_1,14.052035000,RC2_0018_ICR-1_p08
273.098058951,287.150091934,14.052032983,Other,random,C2H6O_1,14.052035000,RC2_0018_ICR-1_p08
319.131747097,333.183780080,14.052032983,Other,random,C2H6O_1,14.052035000,RC2_0018_ICR-1_p08
357.110821535,371.162854519,14.052032983,Other,random,C2H6O_1,14.052035000,RC2_0018_ICR-1_p08
447.142632274,461.194665257,14.052032983,Other,random,C2H6O_1,14.052035000,RC2_0018_ICR-1_p08
473.085447394,487.137480377,14.052032983,Other,random,C2H6O_1,14.052035000,RC2_0018_ICR-1_p08
597.218923374,611.270956358,14.052032983,Other,random,C2H6O_1,14.052035000,RC2_0018_ICR-1_p08
387.066365091,401.118398075,14.052032983,Other,random,C2H6O_1,14.052035000,RC2_0018_ICR-1_p08
313.048365305,327.100399288,14.052033983,Other,random,C2H6O_1,14.052035000,RC2_0018_ICR-1_p08
393.009766671,407.061800654,14.052033983,Other,random,C2H6O_1,14.052035000,RC2_0018_ICR-1_p08
239.056189373,253.108223356,14.052033983,Other,random,C2H6O_1,14.052035000,RC2_0018_ICR-1_p08
359.090145405,373.142179389,14.052033983,Other,random,C2H6O_1,14.052035000,RC2_0018_ICR-1_p08
427.066888163,441.118922146,14.052033983,Other,random,C2H6O_1,14.052035000,RC2_0018_ICR-1_p08
375.048621669,389.100655652,14.052033983,Other,random,C2H6O_1,14.052035000,RC2_0018_ICR-1_p08
545.202839868,559.254874851,14.052034983,Other,random,C2H6O_1,14.052035000,RC2_0018_ICR-1_p08
575.140751523,589.192786506,14.052034983,Other,random,C2H6O_1,14.052035000,RC2_0018_ICR-1_p08
307.009487262,321.061522246,14.052034983,Other,random,C2H6O_1,14.052035000,RC2_0018_ICR-1_p08
335.077134434,349.129169417,14.052034983,Other,random,C2H6O_1,14.052035000,RC2_0018_ICR-1_p08
507.078018249,521.130053232,14.052034983,Other,random,C2H6O_1,14.052035000,RC2_0018_ICR-1_p08
263.092574213,277.144609196,14.052034983,Other,random,C2H6O_1,14.052035000,RC2_0018_ICR-1_p08
619.057953570,633.109988554,14.052034983,Other,random,C2H6O_1,14.052035000,RC2_0018_ICR-1_p08
409.041086524,423.093122508,14.052035983,Other,random,C2H6O_1,14.052035000,RC2_0018_ICR-1_p08
427.152741680,441.204777663,14.052035983,Other,random,C2H6O_1,14.052035000,RC2_0018_ICR-1_p08
550.120288216,564.172324200,14.052035983,Other,random,C2H6O_1,14.052035000,RC2_0018_ICR-1_p08
749.230687591,763.282723574,14.052035983,Other,random,C2H6O_1,14.052035000,RC2_0018_ICR-1_p08
659.125901263,673.177937246,14.052035983,Other,random,C2H6O_1,14.052035000,RC2_0018_ICR-1_p08
485.158298507,499.210334490,14.052035983,Other,random,C2H6O_1,14.052035000,RC2_0018_ICR-1_p08
559.182069261,573.234105244,14.052035983,Other,random,C2H6O_1,14.052035000,RC2_0018_ICR-1_p08
565.083552076,579.135588059,14.052035983,Other,random,C2H6O_1,14.052035000,RC2_0018_ICR-1_p08
417.022781642,431.074818626,14.052036983,Other,random,C2H6O_1,14.052035000,RC2_0018_ICR-1_p08
731.256086665,745.308123648,14.052036983,Other,random,C2H6O_1,14.052035000,RC2_0018_ICR-1_p08
287.040877548,301.092914532,14.052036983,Other,random,C2H6O_1,14.052035000,RC2_0018_ICR-1_p08
329.124132908,343.176169892,14.052036983,Other,random,C2H6O_1,14.052035000,RC2_0018_ICR-1_p08
405.077009815,419.129046798,14.052036983,Other,random,C2H6O_1,14.052035000,RC2_0018_ICR-1_p08
462.140552939,476.192589922,14.052036983,Other,random,C2H6O_1,14.052035000,RC2_0018_ICR-1_p08
393.168266779,407.220303763,14.052036983,Other,random,C2H6O_1,14.052035000,RC2_0018_ICR-1_p08
416.111508766,430.163545750,14.052036983,Other,random,C2H6O_1,14.052035000,RC2_0018_ICR-1_p08
595.166962913,609.218999896,14.052036983,Other,random,C2H6O_1,14.052035000,RC2_0018_ICR-1_p08
401.090943229,415.142981212,14.052037983,Other,random,C2H6O_1,14.052035000,RC2_0018_ICR-1_p08
411.142598707,425.194636691,14.052037983,Other,random,C2H6O_1,14.052035000,RC2_0018_ICR-1_p08
610.141743707,624.193781691,14.052037983,Other,random,C2H6O_1,14.052035000,RC2_0018_ICR-1_p08
571.166786869,585.218824852,14.052037983,Other,random,C2H6O_1,14.052035000,RC2_0018_ICR-1_p08
407.171062040,421.223101023,14.052038983,Other,random,C2H6O_1,14.052035000,RC2_0018_ICR-1_p08
521.194909868,535.246948851,14.052038983,Other,random,C2H6O_1,14.052035000,RC2_0018_ICR-1_p08
235.024899041,249.076938025,14.052038983,Other,random,C2H6O_1,14.052035000,RC2_0018_ICR-1_p08
261.076909547,275.128948531,14.052038983,Other,random,C2H6O_1,14.052035000,RC2_0018_ICR-1_p08
319.045898580,333.097938563,14.052039983,Other,random,C2H6O_1,14.052035000,RC2_0018_ICR-1_p08
373.142179389,387.194219372,14.052039983,Other,random,C2H6O_1,14.052035000,RC2_0018_ICR-1_p08
471.150752273,485.202792256,14.052039983,Other,random,C2H6O_1,14.052035000,RC2_0018_ICR-1_p08
509.202691302,523.254731285,14.052039983,Other,random,C2H6O_1,14.052035000,RC2_0018_ICR-1_p08
580.130826463,594.182866446,14.052039983,Other,random,C2H6O_1,14.052035000,RC2_0018_ICR-1_p08
469.171394403,483.223435387,14.052040983,Other,random,C2H6O_1,14.052035000,RC2_0018_ICR-1_p08
323.126517634,337.178558617,14.052040983,Other,random,C2H6O_1,14.052035000,RC2_0018_ICR-1_p08
445.171461358,459.223502342,14.052040983,Other,random,C2H6O_1,14.052035000,RC2_0018_ICR-1_p08
487.064752786,501.116793770,14.052040983,Other,random,C2H6O_1,14.052035000,RC2_0018_ICR-1_p08
529.098763423,543.150804407,14.052040983,Other,random,C2H6O_1,14.052035000,RC2_0018_ICR-1_p08
649.104905612,663.156946596,14.052040983,Other,random,C2H6O_1,14.052035000,RC2_0018_ICR-1_p08
345.074575217,359.126616200,14.052040983,Other,random,C2H6O_1,14.052035000,RC2_0018_ICR-1_p08
425.036009583,439.088051566,14.052041983,Other,random,C2H6O_1,14.052035000,RC2_0018_ICR-1_p08
537.161278087,551.213320070,14.052041983,Other,random,C2H6O_1,14.052035000,RC2_0018_ICR-1_p08
287.077283344,301.129325327,14.052041983,Other,random,C2H6O_1,14.052035000,RC2_0018_ICR-1_p08
391.152622114,405.204664097,14.052041983,Other,random,C2H6O_1,14.052035000,RC2_0018_ICR-1_p08
451.160825679,465.212867663,14.052041983,Other,random,C2H6O_1,14.052035000,RC2_0018_ICR-1_p08
555.244696401,569.296738385,14.052041983,Other,random,C2H6O_1,14.052035000,RC2_0018_ICR-1_p08
575.153759450,589.205801433,14.052041983,Other,random,C2H6O_1,14.052035000,RC2_0018_ICR-1_p08
555.208440605,569.260483588,14.052042983,Other,random,C2H6O_1,14.052035000,RC2_0018_ICR-1_p08
519.150747362,533.202791346,14.052043983,Other,random,C2H6O_1,14.052035000,RC2_0018_ICR-1_p08
395.092624958,409.144668942,14.052043983,Other,random,C2H6O_1,14.052035000,RC2_0018_ICR-1_p08
337.020022509,351.072066492,14.052043983,Other,random,C2H6O_1,14.052035000,RC2_0018_ICR-1_p08
581.215785362,595.267829345,14.052043983,Other,random,C2H6O_1,14.052035000,RC2_0018_ICR-1_p08
301.020106941,315.072151925,14.052044983,Other,random,C2H6O_1,14.052035000,RC2_0018_ICR-1_p08
471.069744729,485.121789712,14.052044983,Other,random,C2H6O_1,14.052035000,RC2_0018_ICR-1_p08
459.106246001,473.158290984,14.052044983,Other,random,C2H6O_1,14.052035000,RC2_0018_ICR-1_p08
357.061394813,371.113439797,14.052044983,Other,random,C2H6O_1,14.052035000,RC2_0018_ICR-1_p08
569.114867407,583.166912391,14.052044983,Other,random,C2H6O_1,14.052035000,RC2_0018_ICR-1_p08
349.105776549,363.157821532,14.052044983,Other,random,C2H6O_1,14.052035000,RC2_0018_ICR-1_p08
405.168341301,419.220386285,14.052044983,Other,random,C2H6O_1,14.052035000,RC2_0018_ICR-1_p08
445.098510768,459.150555752,14.052044983,Other,random,C2H6O_1,14.052035000,RC2_0018_ICR-1_p08
531.150794884,545.202839868,14.052044983,Other,random,C2H6O_1,14.052035000,RC2_0018_ICR-1_p08
424.183328377,439.152651203,14.969322825,Other,random,H_1S1O_1,14.969332000,RC2_0018_ICR-1_p08
487.101224581,502.070553407,14.969328825,Other,random,H_1S1O_1,14.969332000,RC2_0018_ICR-1_p08
553.278272459,568.247608284,14.969335825,Other,random,H_1S1O_1,14.969332000,RC2_0018_ICR-1_p08
450.080381755,465.067479480,14.987097725,Other,random,H_1O1,14.987090000,RC2_0018_ICR-1_p08
252.051450299,267.051106954,14.999656655,Other,random,CHN_1O,14.999666000,RC2_0018_ICR-1_p08
337.104026036,352.103682691,14.999656655,Other,random,CHN_1O,14.999666000,RC2_0018_ICR-1_p08
434.109160563,449.108817218,14.999656655,Other,random,CHN_1O,14.999666000,RC2_0018_ICR-1_p08
272.077625689,287.077283344,14.999657655,Other,random,CHN_1O,14.999666000,RC2_0018_ICR-1_p08
326.124501776,341.124159431,14.999657655,Other,random,CHN_1O,14.999666000,RC2_0018_ICR-1_p08
394.090718592,409.090377247,14.999658655,Other,random,CHN_1O,14.999666000,RC2_0018_ICR-1_p08
432.142973619,447.142632274,14.999658655,Other,random,CHN_1O,14.999666000,RC2_0018_ICR-1_p08
558.146605083,573.146263738,14.999658655,Other,random,CHN_1O,14.999666000,RC2_0018_ICR-1_p08
328.067354851,343.067013506,14.999658655,Other,random,CHN_1O,14.999666000,RC2_0018_ICR-1_p08
360.121730605,375.121390259,14.999659655,Other,random,CHN_1O,14.999666000,RC2_0018_ICR-1_p08
508.109697448,523.109357103,14.999659655,Other,random,CHN_1O,14.999666000,RC2_0018_ICR-1_p08
322.020362854,337.020022509,14.999659655,Other,random,CHN_1O,14.999666000,RC2_0018_ICR-1_p08
598.141613186,613.141272841,14.999659655,Other,random,CHN_1O,14.999666000,RC2_0018_ICR-1_p08
344.090484750,359.090145405,14.999660655,Other,random,CHN_1O,14.999666000,RC2_0018_ICR-1_p08
286.093252877,301.092914532,14.999661655,Other,random,CHN_1O,14.999666000,RC2_0018_ICR-1_p08
330.083030516,345.082692171,14.999661655,Other,random,CHN_1O,14.999666000,RC2_0018_ICR-1_p08
418.114236505,433.113898159,14.999661655,Other,random,CHN_1O,14.999666000,RC2_0018_ICR-1_p08
440.046907174,455.046568829,14.999661655,Other,random,CHN_1O,14.999666000,RC2_0018_ICR-1_p08
490.135453519,505.135115174,14.999661655,Other,random,CHN_1O,14.999666000,RC2_0018_ICR-1_p08
345.085852153,360.085515808,14.999663655,Other,random,CHN_1O,14.999666000,RC2_0018_ICR-1_p08
480.114630868,495.114294523,14.999663655,Other,random,CHN_1O,14.999666000,RC2_0018_ICR-1_p08
280.046341880,295.046006534,14.999664655,Other,random,CHN_1O,14.999666000,RC2_0018_ICR-1_p08
618.110322899,633.109988554,14.999665655,Other,random,CHN_1O,14.999666000,RC2_0018_ICR-1_p08
348.035951565,363.035617219,14.999665655,Other,random,CHN_1O,14.999666000,RC2_0018_ICR-1_p08
392.147940517,407.147606172,14.999665655,Other,random,CHN_1O,14.999666000,RC2_0018_ICR-1_p08
474.117101593,489.116768248,14.999666655,Other,random,CHN_1O,14.999666000,RC2_0018_ICR-1_p08
480.078289072,495.077955727,14.999666655,Other,random,CHN_1O,14.999666000,RC2_0018_ICR-1_p08
262.035823155,277.035490810,14.999667655,Other,random,CHN_1O,14.999666000,RC2_0018_ICR-1_p08
422.109127041,437.108794696,14.999667655,Other,random,CHN_1O,14.999666000,RC2_0018_ICR-1_p08
392.098594794,407.098263449,14.999668655,Other,random,CHN_1O,14.999666000,RC2_0018_ICR-1_p08
502.062709451,517.062378106,14.999668655,Other,random,CHN_1O,14.999666000,RC2_0018_ICR-1_p08
458.085777739,473.085447394,14.999669655,Other,random,CHN_1O,14.999666000,RC2_0018_ICR-1_p08
520.073094176,535.072765831,14.999671655,Other,random,CHN_1O,14.999666000,RC2_0018_ICR-1_p08
534.125277159,549.124948813,14.999671655,Other,random,CHN_1O,14.999666000,RC2_0018_ICR-1_p08
418.090758637,433.090430291,14.999671655,Other,random,CHN_1O,14.999666000,RC2_0018_ICR-1_p08
304.046225925,319.045898580,14.999672655,Other,random,CHN_1O,14.999666000,RC2_0018_ICR-1_p08
348.145192950,363.144866605,14.999673655,Other,random,CHN_1O,14.999666000,RC2_0018_ICR-1_p08
358.106126939,373.105800593,14.999673655,Other,random,CHN_1O,14.999666000,RC2_0018_ICR-1_p08
323.088417848,338.088091503,14.999673655,Other,random,CHN_1O,14.999666000,RC2_0018_ICR-1_p08
532.109604493,547.109279148,14.999674655,Other,random,CHN_1O,14.999666000,RC2_0018_ICR-1_p08
546.146691560,561.146366215,14.999674655,Other,random,CHN_1O,14.999666000,RC2_0018_ICR-1_p08
508.195368966,523.195044621,14.999675655,Other,random,CHN_1O,14.999666000,RC2_0018_ICR-1_p08
330.111208358,345.110884013,14.999675655,Other,random,CHN_1O,14.999666000,RC2_0018_ICR-1_p08
335.077134434,350.088024025,15.010889592,Other,random,secondary amine,15.010899050,RC2_0018_ICR-1_p08
402.095833578,417.106724170,15.010890592,Other,random,secondary amine,15.010899050,RC2_0018_ICR-1_p08
429.082634828,444.093525420,15.010890592,Other,random,secondary amine,15.010899050,RC2_0018_ICR-1_p08
431.061844698,446.072735290,15.010890592,Other,random,secondary amine,15.010899050,RC2_0018_ICR-1_p08
449.108817218,464.119708810,15.010891592,Other,random,secondary amine,15.010899050,RC2_0018_ICR-1_p08
531.041600498,546.052493090,15.010892592,Other,random,secondary amine,15.010899050,RC2_0018_ICR-1_p08
623.162127492,638.173021084,15.010893592,Other,random,secondary amine,15.010899050,RC2_0018_ICR-1_p08
421.163278359,436.174171951,15.010893592,Other,random,secondary amine,15.010899050,RC2_0018_ICR-1_p08
583.166912391,598.177806982,15.010894592,Other,random,secondary amine,15.010899050,RC2_0018_ICR-1_p08
505.062199584,520.073094176,15.010894592,Other,random,secondary amine,15.010899050,RC2_0018_ICR-1_p08
425.158298895,440.169194487,15.010895592,Other,random,secondary amine,15.010899050,RC2_0018_ICR-1_p08
521.093523438,536.104419030,15.010895592,Other,random,secondary amine,15.010899050,RC2_0018_ICR-1_p08
321.097860041,336.108756633,15.010896592,Other,random,secondary amine,15.010899050,RC2_0018_ICR-1_p08
425.036009583,440.046907174,15.010897592,Other,random,secondary amine,15.010899050,RC2_0018_ICR-1_p08
403.079860045,418.090758637,15.010898592,Other,random,secondary amine,15.010899050,RC2_0018_ICR-1_p08
349.214927935,364.225826527,15.010898592,Other,random,secondary amine,15.010899050,RC2_0018_ICR-1_p08
565.156234667,580.167133259,15.010898592,Other,random,secondary amine,15.010899050,RC2_0018_ICR-1_p08
415.079904567,430.090805159,15.010900592,Other,random,secondary amine,15.010899050,RC2_0018_ICR-1_p08
325.056400782,340.067302373,15.010901592,Other,random,secondary amine,15.010899050,RC2_0018_ICR-1_p08
549.088571018,564.099472609,15.010901592,Other,random,secondary amine,15.010899050,RC2_0018_ICR-1_p08
631.094263888,646.105165480,15.010901592,Other,random,secondary amine,15.010899050,RC2_0018_ICR-1_p08
661.105235133,676.116137724,15.010902592,Other,random,secondary amine,15.010899050,RC2_0018_ICR-1_p08
319.045898580,334.056802171,15.010903592,Other,random,secondary amine,15.010899050,RC2_0018_ICR-1_p08
507.186957636,522.197861228,15.010903592,Other,random,secondary amine,15.010899050,RC2_0018_ICR-1_p08
535.182220215,550.193123807,15.010903592,Other,random,secondary amine,15.010899050,RC2_0018_ICR-1_p08
351.144828083,366.155732675,15.010904592,Other,random,secondary amine,15.010899050,RC2_0018_ICR-1_p08
371.053836132,386.064741723,15.010905592,Other,random,secondary amine,15.010899050,RC2_0018_ICR-1_p08
295.046006534,310.056912126,15.010905592,Other,random,secondary amine,15.010899050,RC2_0018_ICR-1_p08
321.025158450,336.036064042,15.010905592,Other,random,secondary amine,15.010899050,RC2_0018_ICR-1_p08
557.224130270,572.235038862,15.010908592,Other,random,secondary amine,15.010899050,RC2_0018_ICR-1_p08
292.046318402,307.057226994,15.010908592,Other,random,secondary amine,15.010899050,RC2_0018_ICR-1_p08
493.098788856,508.109697448,15.010908592,Other,random,secondary amine,15.010899050,RC2_0018_ICR-1_p08
507.078018249,522.088926841,15.010908592,Other,random,secondary amine,15.010899050,RC2_0018_ICR-1_p08
402.095833578,417.106724170,15.010890592,Other,random,H1N1,15.010900000,RC2_0018_ICR-1_p08
429.082634828,444.093525420,15.010890592,Other,random,H1N1,15.010900000,RC2_0018_ICR-1_p08
431.061844698,446.072735290,15.010890592,Other,random,H1N1,15.010900000,RC2_0018_ICR-1_p08
449.108817218,464.119708810,15.010891592,Other,random,H1N1,15.010900000,RC2_0018_ICR-1_p08
531.041600498,546.052493090,15.010892592,Other,random,H1N1,15.010900000,RC2_0018_ICR-1_p08
623.162127492,638.173021084,15.010893592,Other,random,H1N1,15.010900000,RC2_0018_ICR-1_p08
421.163278359,436.174171951,15.010893592,Other,random,H1N1,15.010900000,RC2_0018_ICR-1_p08
583.166912391,598.177806982,15.010894592,Other,random,H1N1,15.010900000,RC2_0018_ICR-1_p08
505.062199584,520.073094176,15.010894592,Other,random,H1N1,15.010900000,RC2_0018_ICR-1_p08
425.158298895,440.169194487,15.010895592,Other,random,H1N1,15.010900000,RC2_0018_ICR-1_p08
521.093523438,536.104419030,15.010895592,Other,random,H1N1,15.010900000,RC2_0018_ICR-1_p08
321.097860041,336.108756633,15.010896592,Other,random,H1N1,15.010900000,RC2_0018_ICR-1_p08
425.036009583,440.046907174,15.010897592,Other,random,H1N1,15.010900000,RC2_0018_ICR-1_p08
403.079860045,418.090758637,15.010898592,Other,random,H1N1,15.010900000,RC2_0018_ICR-1_p08
349.214927935,364.225826527,15.010898592,Other,random,H1N1,15.010900000,RC2_0018_ICR-1_p08
565.156234667,580.167133259,15.010898592,Other,random,H1N1,15.010900000,RC2_0018_ICR-1_p08
415.079904567,430.090805159,15.010900592,Other,random,H1N1,15.010900000,RC2_0018_ICR-1_p08
325.056400782,340.067302373,15.010901592,Other,random,H1N1,15.010900000,RC2_0018_ICR-1_p08
549.088571018,564.099472609,15.010901592,Other,random,H1N1,15.010900000,RC2_0018_ICR-1_p08
631.094263888,646.105165480,15.010901592,Other,random,H1N1,15.010900000,RC2_0018_ICR-1_p08
661.105235133,676.116137724,15.010902592,Other,random,H1N1,15.010900000,RC2_0018_ICR-1_p08
319.045898580,334.056802171,15.010903592,Other,random,H1N1,15.010900000,RC2_0018_ICR-1_p08
507.186957636,522.197861228,15.010903592,Other,random,H1N1,15.010900000,RC2_0018_ICR-1_p08
535.182220215,550.193123807,15.010903592,Other,random,H1N1,15.010900000,RC2_0018_ICR-1_p08
351.144828083,366.155732675,15.010904592,Other,random,H1N1,15.010900000,RC2_0018_ICR-1_p08
371.053836132,386.064741723,15.010905592,Other,random,H1N1,15.010900000,RC2_0018_ICR-1_p08
295.046006534,310.056912126,15.010905592,Other,random,H1N1,15.010900000,RC2_0018_ICR-1_p08
321.025158450,336.036064042,15.010905592,Other,random,H1N1,15.010900000,RC2_0018_ICR-1_p08
557.224130270,572.235038862,15.010908592,Other,random,H1N1,15.010900000,RC2_0018_ICR-1_p08
292.046318402,307.057226994,15.010908592,Other,random,H1N1,15.010900000,RC2_0018_ICR-1_p08
493.098788856,508.109697448,15.010908592,Other,random,H1N1,15.010900000,RC2_0018_ICR-1_p08
507.078018249,522.088926841,15.010908592,Other,random,H1N1,15.010900000,RC2_0018_ICR-1_p08
303.072170402,318.083079994,15.010909592,Other,random,H1N1,15.010900000,RC2_0018_ICR-1_p08
353.100663085,368.111572677,15.010909592,Other,random,H1N1,15.010900000,RC2_0018_ICR-1_p08
565.083552076,580.130826463,15.047274387,Other,random,CH5NO_1,15.047284000,RC2_0018_ICR-1_p08
487.051706860,502.098983247,15.047276387,Other,random,CH5NO_1,15.047284000,RC2_0018_ICR-1_p08
427.080041089,442.127318476,15.047277387,Other,random,CH5NO_1,15.047284000,RC2_0018_ICR-1_p08
535.145845420,550.193123807,15.047278387,Other,random,CH5NO_1,15.047284000,RC2_0018_ICR-1_p08
579.135588059,594.182866446,15.047278387,Other,random,CH5NO_1,15.047284000,RC2_0018_ICR-1_p08
565.119853872,580.167133259,15.047279387,Other,random,CH5NO_1,15.047284000,RC2_0018_ICR-1_p08
493.025702267,508.072982654,15.047280387,Other,random,CH5NO_1,15.047284000,RC2_0018_ICR-1_p08
401.100709174,416.147990561,15.047281387,Other,random,CH5NO_1,15.047284000,RC2_0018_ICR-1_p08
505.025811789,520.073094176,15.047282387,Other,random,CH5NO_1,15.047284000,RC2_0018_ICR-1_p08
305.030254392,320.077540779,15.047286387,Other,random,CH5NO_1,15.047284000,RC2_0018_ICR-1_p08
585.146221261,600.193508648,15.047287387,Other,random,CH5NO_1,15.047284000,RC2_0018_ICR-1_p08
431.098258494,446.145545881,15.047287387,Other,random,CH5NO_1,15.047284000,RC2_0018_ICR-1_p08
299.077271866,314.124560253,15.047288387,Other,random,CH5NO_1,15.047284000,RC2_0018_ICR-1_p08
389.087704725,404.134993112,15.047288387,Other,random,CH5NO_1,15.047284000,RC2_0018_ICR-1_p08
413.015025178,428.062313565,15.047288387,Other,random,CH5NO_1,15.047284000,RC2_0018_ICR-1_p08
433.113898159,448.161186547,15.047288387,Other,random,CH5NO_1,15.047284000,RC2_0018_ICR-1_p08
325.056400782,340.103690169,15.047289387,Other,random,CH5NO_1,15.047284000,RC2_0018_ICR-1_p08
305.066657187,320.113946574,15.047289387,Other,random,CH5NO_1,15.047284000,RC2_0018_ICR-1_p08
521.057128643,536.104419030,15.047290387,Other,random,CH5NO_1,15.047284000,RC2_0018_ICR-1_p08
295.009621739,310.056912126,15.047290387,Other,random,CH5NO_1,15.047284000,RC2_0018_ICR-1_p08
661.178009723,676.225301110,15.047291387,Other,random,CH5NO_1,15.047284000,RC2_0018_ICR-1_p08
575.140751523,590.188043910,15.047292387,Other,random,CH5NO_1,15.047284000,RC2_0018_ICR-1_p08
281.030325346,296.077618733,15.047293387,Other,random,CH5NO_1,15.047284000,RC2_0018_ICR-1_p08
308.077556256,323.124849643,15.047293387,Other,random,CH5NO_1,15.047284000,RC2_0018_ICR-1_p08
319.131747097,335.090267360,15.958520263,Other,random,C_1H_4O2,15.958530000,RC2_0018_ICR-1_p08
323.113527707,339.072047970,15.958520263,Other,random,C_1H_4O2,15.958530000,RC2_0018_ICR-1_p08
444.093525420,460.052045683,15.958520263,Other,random,C_1H_4O2,15.958530000,RC2_0018_ICR-1_p08
629.172143697,645.130663960,15.958520263,Other,random,C_1H_4O2,15.958530000,RC2_0018_ICR-1_p08
375.085130463,391.043650726,15.958520263,Other,random,C_1H_4O2,15.958530000,RC2_0018_ICR-1_p08
617.224202882,633.182723145,15.958520263,Other,random,C_1H_4O2,15.958530000,RC2_0018_ICR-1_p08
547.195239664,563.153760927,15.958521263,Other,random,C_1H_4O2,15.958530000,RC2_0018_ICR-1_p08
767.277719110,783.236240373,15.958521263,Other,random,C_1H_4O2,15.958530000,RC2_0018_ICR-1_p08
357.082606694,373.041127957,15.958521263,Other,random,C_1H_4O2,15.958530000,RC2_0018_ICR-1_p08
393.191744647,409.150265910,15.958521263,Other,random,C_1H_4O2,15.958530000,RC2_0018_ICR-1_p08
405.168341301,421.126862564,15.958521263,Other,random,C_1H_4O2,15.958530000,RC2_0018_ICR-1_p08
471.150752273,487.109273536,15.958521263,Other,random,C_1H_4O2,15.958530000,RC2_0018_ICR-1_p08
659.125901263,675.084422526,15.958521263,Other,random,C_1H_4O2,15.958530000,RC2_0018_ICR-1_p08
431.061844698,447.020366961,15.958522263,Other,random,C_1H_4O2,15.958530000,RC2_0018_ICR-1_p08
448.161186547,464.119708810,15.958522263,Other,random,C_1H_4O2,15.958530000,RC2_0018_ICR-1_p08
481.244088517,497.202610780,15.958522263,Other,random,C_1H_4O2,15.958530000,RC2_0018_ICR-1_p08
279.051098476,295.009621739,15.958523263,Other,random,C_1H_4O2,15.958530000,RC2_0018_ICR-1_p08
320.077540779,336.036064042,15.958523263,Other,random,C_1H_4O2,15.958530000,RC2_0018_ICR-1_p08
457.113929204,473.072452467,15.958523263,Other,random,C_1H_4O2,15.958530000,RC2_0018_ICR-1_p08
515.168920753,531.127444016,15.958523263,Other,random,C_1H_4O2,15.958530000,RC2_0018_ICR-1_p08
443.137942793,459.096466056,15.958523263,Other,random,C_1H_4O2,15.958530000,RC2_0018_ICR-1_p08
457.150198000,473.108721263,15.958523263,Other,random,C_1H_4O2,15.958530000,RC2_0018_ICR-1_p08
515.278141139,531.236665402,15.958524263,Other,random,C_1H_4O2,15.958530000,RC2_0018_ICR-1_p08
263.092574213,279.051098476,15.958524263,Other,random,C_1H_4O2,15.958530000,RC2_0018_ICR-1_p08
265.144605674,281.103129937,15.958524263,Other,random,C_1H_4O2,15.958530000,RC2_0018_ICR-1_p08
425.072339378,441.030864641,15.958525263,Other,random,C_1H_4O2,15.958530000,RC2_0018_ICR-1_p08
543.236606924,559.195132187,15.958525263,Other,random,C_1H_4O2,15.958530000,RC2_0018_ICR-1_p08
733.235707533,749.194232796,15.958525263,Other,random,C_1H_4O2,15.958530000,RC2_0018_ICR-1_p08
447.106109479,463.064634742,15.958525263,Other,random,C_1H_4O2,15.958530000,RC2_0018_ICR-1_p08
515.140530912,531.099057175,15.958526263,Other,random,C_1H_4O2,15.958530000,RC2_0018_ICR-1_p08
273.134387746,289.092914009,15.958526263,Other,random,C_1H_4O2,15.958530000,RC2_0018_ICR-1_p08
397.150170389,413.108696652,15.958526263,Other,random,C_1H_4O2,15.958530000,RC2_0018_ICR-1_p08
454.143312908,470.101839171,15.958526263,Other,random,C_1H_4O2,15.958530000,RC2_0018_ICR-1_p08
481.098650335,497.057176598,15.958526263,Other,random,C_1H_4O2,15.958530000,RC2_0018_ICR-1_p08
503.140690389,519.099216652,15.958526263,Other,random,C_1H_4O2,15.958530000,RC2_0018_ICR-1_p08
445.108201714,461.066728977,15.958527263,Other,random,C_1H_4O2,15.958530000,RC2_0018_ICR-1_p08
285.134387269,301.092914532,15.958527263,Other,random,C_1H_4O2,15.958530000,RC2_0018_ICR-1_p08
417.204730619,433.163257882,15.958527263,Other,random,C_1H_4O2,15.958530000,RC2_0018_ICR-1_p08
597.247289215,613.205816478,15.958527263,Other,random,C_1H_4O2,15.958530000,RC2_0018_ICR-1_p08
303.087371317,319.045898580,15.958527263,Other,random,C_1H_4O2,15.958530000,RC2_0018_ICR-1_p08
313.108102969,329.066630232,15.958527263,Other,random,C_1H_4O2,15.958530000,RC2_0018_ICR-1_p08
345.097855086,361.056382349,15.958527263,Other,random,C_1H_4O2,15.958530000,RC2_0018_ICR-1_p08
359.098238360,375.056765623,15.958527263,Other,random,C_1H_4O2,15.958530000,RC2_0018_ICR-1_p08
487.210426967,503.168954230,15.958527263,Other,random,C_1H_4O2,15.958530000,RC2_0018_ICR-1_p08
313.092795055,329.051322318,15.958527263,Other,random,C_1H_4O2,15.958530000,RC2_0018_ICR-1_p08
434.109160563,450.067688826,15.958528263,Other,random,C_1H_4O2,15.958530000,RC2_0018_ICR-1_p08
397.142196433,413.100724696,15.958528263,Other,random,C_1H_4O2,15.958530000,RC2_0018_ICR-1_p08
473.202721734,489.161249997,15.958528263,Other,random,C_1H_4O2,15.958530000,RC2_0018_ICR-1_p08
551.176981274,567.135509537,15.958528263,Other,random,C_1H_4O2,15.958530000,RC2_0018_ICR-1_p08
573.197959447,589.156487710,15.958528263,Other,random,C_1H_4O2,15.958530000,RC2_0018_ICR-1_p08
763.282723574,779.241251837,15.958528263,Other,random,C_1H_4O2,15.958530000,RC2_0018_ICR-1_p08
253.071879561,269.030407824,15.958528263,Other,random,C_1H_4O2,15.958530000,RC2_0018_ICR-1_p08
281.103129937,297.061659200,15.958529263,Other,random,C_1H_4O2,15.958530000,RC2_0018_ICR-1_p08
264.051484821,280.010014084,15.958529263,Other,random,C_1H_4O2,15.958530000,RC2_0018_ICR-1_p08
443.183969534,459.142498797,15.958529263,Other,random,C_1H_4O2,15.958530000,RC2_0018_ICR-1_p08
523.145683898,539.104213161,15.958529263,Other,random,C_1H_4O2,15.958530000,RC2_0018_ICR-1_p08
443.061709222,459.020238485,15.958529263,Other,random,C_1H_4O2,15.958530000,RC2_0018_ICR-1_p08
558.182983879,574.141514142,15.958530263,Other,random,C_1H_4O2,15.958530000,RC2_0018_ICR-1_p08
275.056210940,291.014741203,15.958530263,Other,random,C_1H_4O2,15.958530000,RC2_0018_ICR-1_p08
511.210232013,527.168762276,15.958530263,Other,random,C_1H_4O2,15.958530000,RC2_0018_ICR-1_p08
519.127495493,535.086025756,15.958530263,Other,random,C_1H_4O2,15.958530000,RC2_0018_ICR-1_p08
565.192639462,581.151169725,15.958530263,Other,random,C_1H_4O2,15.958530000,RC2_0018_ICR-1_p08
325.111450472,341.069981735,15.958531263,Other,random,C_1H_4O2,15.958530000,RC2_0018_ICR-1_p08
325.121149418,341.079680681,15.958531263,Other,random,C_1H_4O2,15.958530000,RC2_0018_ICR-1_p08
525.116956814,541.075488077,15.958531263,Other,random,C_1H_4O2,15.958530000,RC2_0018_ICR-1_p08
557.093417005,573.051948268,15.958531263,Other,random,C_1H_4O2,15.958530000,RC2_0018_ICR-1_p08
667.188465926,683.146997189,15.958531263,Other,random,C_1H_4O2,15.958530000,RC2_0018_ICR-1_p08
313.165601645,329.124132908,15.958531263,Other,random,C_1H_4O2,15.958530000,RC2_0018_ICR-1_p08
535.182220215,551.140751478,15.958531263,Other,random,C_1H_4O2,15.958530000,RC2_0018_ICR-1_p08
271.155146876,287.113680139,15.958533263,Other,random,C_1H_4O2,15.958530000,RC2_0018_ICR-1_p08
315.108484720,331.067017983,15.958533263,Other,random,C_1H_4O2,15.958530000,RC2_0018_ICR-1_p08
359.186326864,375.144860127,15.958533263,Other,random,C_1H_4O2,15.958530000,RC2_0018_ICR-1_p08
441.168368868,457.126902131,15.958533263,Other,random,C_1H_4O2,15.958530000,RC2_0018_ICR-1_p08
458.158568330,474.117101593,15.958533263,Other,random,C_1H_4O2,15.958530000,RC2_0018_ICR-1_p08
545.130111277,561.088644540,15.958533263,Other,random,C_1H_4O2,15.958530000,RC2_0018_ICR-1_p08
351.136833128,367.095366391,15.958533263,Other,random,C_1H_4O2,15.958530000,RC2_0018_ICR-1_p08
367.066843551,383.025376814,15.958533263,Other,random,C_1H_4O2,15.958530000,RC2_0018_ICR-1_p08
349.092643623,365.051176886,15.958533263,Other,random,C_1H_4O2,15.958530000,RC2_0018_ICR-1_p08
361.142082867,377.100616130,15.958533263,Other,random,C_1H_4O2,15.958530000,RC2_0018_ICR-1_p08
267.123830545,283.082364808,15.958534263,Other,random,C_1H_4O2,15.958530000,RC2_0018_ICR-1_p08
371.113439797,387.071974060,15.958534263,Other,random,C_1H_4O2,15.958530000,RC2_0018_ICR-1_p08
387.084980986,403.043515249,15.958534263,Other,random,C_1H_4O2,15.958530000,RC2_0018_ICR-1_p08
477.262278907,493.220813170,15.958534263,Other,random,C_1H_4O2,15.958530000,RC2_0018_ICR-1_p08
339.072047970,355.030582233,15.958534263,Other,random,C_1H_4O2,15.958530000,RC2_0018_ICR-1_p08
385.223030456,401.181564719,15.958534263,Other,random,C_1H_4O2,15.958530000,RC2_0018_ICR-1_p08
607.167062434,623.125596697,15.958534263,Other,random,C_1H_4O2,15.958530000,RC2_0018_ICR-1_p08
259.118810558,275.077344821,15.958534263,Other,random,C_1H_4O2,15.958530000,RC2_0018_ICR-1_p08
677.172499784,693.131034047,15.958534263,Other,random,C_1H_4O2,15.958530000,RC2_0018_ICR-1_p08
449.194522736,465.153057999,15.958535263,Other,random,C_1H_4O2,15.958530000,RC2_0018_ICR-1_p08
661.178009723,677.136544986,15.958535263,Other,random,C_1H_4O2,15.958530000,RC2_0018_ICR-1_p08
461.072426945,477.030962208,15.958535263,Other,random,C_1H_4O2,15.958530000,RC2_0018_ICR-1_p08
535.109358625,551.067893888,15.958535263,Other,random,C_1H_4O2,15.958530000,RC2_0018_ICR-1_p08
541.156262622,557.114798885,15.958536263,Other,random,C_1H_4O2,15.958530000,RC2_0018_ICR-1_p08
371.162854519,387.121390782,15.958536263,Other,random,C_1H_4O2,15.958530000,RC2_0018_ICR-1_p08
431.155765170,447.114301433,15.958536263,Other,random,C_1H_4O2,15.958530000,RC2_0018_ICR-1_p08
467.192190533,483.150726795,15.958536263,Other,random,C_1H_4O2,15.958530000,RC2_0018_ICR-1_p08
479.205187982,495.163724245,15.958536263,Other,random,C_1H_4O2,15.958530000,RC2_0018_ICR-1_p08
491.191988578,507.150524841,15.958536263,Other,random,C_1H_4O2,15.958530000,RC2_0018_ICR-1_p08
299.077271866,315.035808129,15.958536263,Other,random,C_1H_4O2,15.958530000,RC2_0018_ICR-1_p08
395.126523768,411.085060031,15.958536263,Other,random,C_1H_4O2,15.958530000,RC2_0018_ICR-1_p08
297.152995686,313.111532949,15.958537263,Other,random,C_1H_4O2,15.958530000,RC2_0018_ICR-1_p08
243.123870500,259.082407763,15.958537263,Other,random,C_1H_4O2,15.958530000,RC2_0018_ICR-1_p08
401.118398075,417.076935338,15.958537263,Other,random,C_1H_4O2,15.958530000,RC2_0018_ICR-1_p08
463.246650719,479.205187982,15.958537263,Other,random,C_1H_4O2,15.958530000,RC2_0018_ICR-1_p08
587.249924431,603.208461694,15.958537263,Other,random,C_1H_4O2,15.958530000,RC2_0018_ICR-1_p08
363.102799842,379.061337105,15.958537263,Other,random,C_1H_4O2,15.958530000,RC2_0018_ICR-1_p08
375.102827364,391.061364627,15.958537263,Other,random,C_1H_4O2,15.958530000,RC2_0018_ICR-1_p08
627.193373824,643.151912087,15.958538263,Other,random,C_1H_4O2,15.958530000,RC2_0018_ICR-1_p08
249.076938025,265.035476288,15.958538263,Other,random,C_1H_4O2,15.958530000,RC2_0018_ICR-1_p08
281.066734142,297.025272405,15.958538263,Other,random,C_1H_4O2,15.958530000,RC2_0018_ICR-1_p08
441.204777663,457.163315926,15.958538263,Other,random,C_1H_4O2,15.958530000,RC2_0018_ICR-1_p08
449.217913604,465.176451867,15.958538263,Other,random,C_1H_4O2,15.958530000,RC2_0018_ICR-1_p08
335.077134434,351.035673697,15.958539263,Other,random,C_1H_4O2,15.958530000,RC2_0018_ICR-1_p08
389.087704725,405.046243988,15.958539263,Other,random,C_1H_4O2,15.958530000,RC2_0018_ICR-1_p08
493.135089652,509.093628915,15.958539263,Other,random,C_1H_4O2,15.958530000,RC2_0018_ICR-1_p08
269.103165415,285.080312573,15.977147158,Other,random,O_1S1,15.977157000,RC2_0018_ICR-1_p08
359.098238360,375.075385518,15.977147158,Other,random,O_1S1,15.977157000,RC2_0018_ICR-1_p08
355.066866029,371.044014187,15.977148158,Other,random,O_1S1,15.977157000,RC2_0018_ICR-1_p08
471.160331219,487.137480377,15.977149158,Other,random,O_1S1,15.977157000,RC2_0018_ICR-1_p08
387.066365091,403.043515249,15.977150158,Other,random,O_1S1,15.977157000,RC2_0018_ICR-1_p08
331.103332779,347.080484937,15.977152158,Other,random,O_1S1,15.977157000,RC2_0018_ICR-1_p08
359.144237101,375.121390259,15.977153158,Other,random,O_1S1,15.977157000,RC2_0018_ICR-1_p08
247.118823036,263.095976194,15.977153158,Other,random,O_1S1,15.977157000,RC2_0018_ICR-1_p08
403.061313149,419.038470308,15.977157158,Other,random,O_1S1,15.977157000,RC2_0018_ICR-1_p08
329.060927264,345.038086422,15.977159158,Other,random,O_1S1,15.977157000,RC2_0018_ICR-1_p08
313.092795055,329.069955213,15.977160158,Other,random,O_1S1,15.977157000,RC2_0018_ICR-1_p08
447.087474584,463.064634742,15.977160158,Other,random,O_1S1,15.977157000,RC2_0018_ICR-1_p08
452.186882909,468.164043068,15.977160158,Other,random,O_1S1,15.977157000,RC2_0018_ICR-1_p08
313.129155850,329.106317009,15.977161158,Other,random,O_1S1,15.977157000,RC2_0018_ICR-1_p08
387.092992941,403.070154100,15.977161158,Other,random,O_1S1,15.977157000,RC2_0018_ICR-1_p08
259.082407763,275.059571921,15.977164158,Other,random,O_1S1,15.977157000,RC2_0018_ICR-1_p08
423.196692925,439.173857084,15.977164158,Other,random,O_1S1,15.977157000,RC2_0018_ICR-1_p08
325.165577168,341.142743326,15.977166158,Other,random,O_1S1,15.977157000,RC2_0018_ICR-1_p08
459.160313697,475.137479855,15.977166158,Other,random,O_1S1,15.977157000,RC2_0018_ICR-1_p08
376.080328867,392.075233926,15.994905058,Other,random,hydroxylation (-H),15.994914640,RC2_0018_ICR-1_p08
503.132590435,519.127495493,15.994905058,Other,random,hydroxylation (-H),15.994914640,RC2_0018_ICR-1_p08
233.045621171,249.040526230,15.994905058,Other,random,hydroxylation (-H),15.994914640,RC2_0018_ICR-1_p08
249.076938025,265.071843083,15.994905058,Other,random,hydroxylation (-H),15.994914640,RC2_0018_ICR-1_p08
249.149700616,265.144605674,15.994905058,Other,random,hydroxylation (-H),15.994914640,RC2_0018_ICR-1_p08
355.113010769,371.107915828,15.994905058,Other,random,hydroxylation (-H),15.994914640,RC2_0018_ICR-1_p08
541.062486150,557.057391208,15.994905058,Other,random,hydroxylation (-H),15.994914640,RC2_0018_ICR-1_p08
549.124948813,565.119853872,15.994905058,Other,random,hydroxylation (-H),15.994914640,RC2_0018_ICR-1_p08
597.182695578,613.177600636,15.994905058,Other,random,hydroxylation (-H),15.994914640,RC2_0018_ICR-1_p08
771.287358563,787.282263622,15.994905058,Other,random,hydroxylation (-H),15.994914640,RC2_0018_ICR-1_p08
455.082930625,471.077836683,15.994906058,Other,random,hydroxylation (-H),15.994914640,RC2_0018_ICR-1_p08
271.082377285,287.077283344,15.994906058,Other,random,hydroxylation (-H),15.994914640,RC2_0018_ICR-1_p08
323.162985429,339.157891487,15.994906058,Other,random,hydroxylation (-H),15.994914640,RC2_0018_ICR-1_p08
335.126517156,351.121423215,15.994906058,Other,random,hydroxylation (-H),15.994914640,RC2_0018_ICR-1_p08
535.145845420,551.140751478,15.994906058,Other,random,hydroxylation (-H),15.994914640,RC2_0018_ICR-1_p08
256.046348835,272.041255893,15.994907058,Other,random,hydroxylation (-H),15.994914640,RC2_0018_ICR-1_p08
277.071783606,293.066690664,15.994907058,Other,random,hydroxylation (-H),15.994914640,RC2_0018_ICR-1_p08
279.014714681,295.009621739,15.994907058,Other,random,hydroxylation (-H),15.994914640,RC2_0018_ICR-1_p08
283.082364808,299.077271866,15.994907058,Other,random,hydroxylation (-H),15.994914640,RC2_0018_ICR-1_p08
329.102948027,345.097855086,15.994907058,Other,random,hydroxylation (-H),15.994914640,RC2_0018_ICR-1_p08
379.095287914,395.090194972,15.994907058,Other,random,hydroxylation (-H),15.994914640,RC2_0018_ICR-1_p08
478.135473997,494.130381055,15.994907058,Other,random,hydroxylation (-H),15.994914640,RC2_0018_ICR-1_p08
705.131401567,721.126308626,15.994907058,Other,random,hydroxylation (-H),15.994914640,RC2_0018_ICR-1_p08
387.092992941,403.087900000,15.994907058,Other,random,hydroxylation (-H),15.994914640,RC2_0018_ICR-1_p08
305.078038123,321.072946181,15.994908058,Other,random,hydroxylation (-H),15.994914640,RC2_0018_ICR-1_p08
404.111322245,420.106230303,15.994908058,Other,random,hydroxylation (-H),15.994914640,RC2_0018_ICR-1_p08
279.051098476,295.046006534,15.994908058,Other,random,hydroxylation (-H),15.994914640,RC2_0018_ICR-1_p08
284.077658211,300.072566269,15.994908058,Other,random,hydroxylation (-H),15.994914640,RC2_0018_ICR-1_p08
332.090536228,348.085444286,15.994908058,Other,random,hydroxylation (-H),15.994914640,RC2_0018_ICR-1_p08
349.201939008,365.196847066,15.994908058,Other,random,hydroxylation (-H),15.994914640,RC2_0018_ICR-1_p08
395.220430240,411.215338298,15.994908058,Other,random,hydroxylation (-H),15.994914640,RC2_0018_ICR-1_p08
417.191579693,433.186487751,15.994908058,Other,random,hydroxylation (-H),15.994914640,RC2_0018_ICR-1_p08
475.197080520,491.191988578,15.994908058,Other,random,hydroxylation (-H),15.994914640,RC2_0018_ICR-1_p08
491.168770709,507.163678767,15.994908058,Other,random,hydroxylation (-H),15.994914640,RC2_0018_ICR-1_p08
343.085475402,359.080383460,15.994908058,Other,random,hydroxylation (-H),15.994914640,RC2_0018_ICR-1_p08
387.056790145,403.051699203,15.994909058,Other,random,hydroxylation (-H),15.994914640,RC2_0018_ICR-1_p08
401.108736129,417.103645187,15.994909058,Other,random,hydroxylation (-H),15.994914640,RC2_0018_ICR-1_p08
473.108721263,489.103630321,15.994909058,Other,random,hydroxylation (-H),15.994914640,RC2_0018_ICR-1_p08
553.119958349,569.114867407,15.994909058,Other,random,hydroxylation (-H),15.994914640,RC2_0018_ICR-1_p08
558.146605083,574.141514142,15.994909058,Other,random,hydroxylation (-H),15.994914640,RC2_0018_ICR-1_p08
375.108330333,391.103239391,15.994909058,Other,random,hydroxylation (-H),15.994914640,RC2_0018_ICR-1_p08
511.072942785,527.067851843,15.994909058,Other,random,hydroxylation (-H),15.994914640,RC2_0018_ICR-1_p08
561.247133649,577.242042707,15.994909058,Other,random,hydroxylation (-H),15.994914640,RC2_0018_ICR-1_p08
371.077064001,387.071974060,15.994910058,Other,random,hydroxylation (-H),15.994914640,RC2_0018_ICR-1_p08
422.044497404,438.039407463,15.994910058,Other,random,hydroxylation (-H),15.994914640,RC2_0018_ICR-1_p08
441.113396177,457.108306236,15.994910058,Other,random,hydroxylation (-H),15.994914640,RC2_0018_ICR-1_p08
539.249786343,555.244696401,15.994910058,Other,random,hydroxylation (-H),15.994914640,RC2_0018_ICR-1_p08
595.276046299,611.270956358,15.994910058,Other,random,hydroxylation (-H),15.994914640,RC2_0018_ICR-1_p08
387.121390782,403.116300840,15.994910058,Other,random,hydroxylation (-H),15.994914640,RC2_0018_ICR-1_p08
577.265535575,593.260446633,15.994911058,Other,random,hydroxylation (-H),15.994914640,RC2_0018_ICR-1_p08
233.154789557,249.149700616,15.994911058,Other,random,hydroxylation (-H),15.994914640,RC2_0018_ICR-1_p08
273.076920070,289.071831128,15.994911058,Other,random,hydroxylation (-H),15.994914640,RC2_0018_ICR-1_p08
321.134254837,337.129165895,15.994911058,Other,random,hydroxylation (-H),15.994914640,RC2_0018_ICR-1_p08
343.176169892,359.171080950,15.994911058,Other,random,hydroxylation (-H),15.994914640,RC2_0018_ICR-1_p08
394.041564869,410.036475927,15.994911058,Other,random,hydroxylation (-H),15.994914640,RC2_0018_ICR-1_p08
311.077148389,327.072060447,15.994912058,Other,random,hydroxylation (-H),15.994914640,RC2_0018_ICR-1_p08
359.098238360,375.093150418,15.994912058,Other,random,hydroxylation (-H),15.994914640,RC2_0018_ICR-1_p08
483.056596325,499.051508383,15.994912058,Other,random,hydroxylation (-H),15.994914640,RC2_0018_ICR-1_p08
487.064752786,503.059664845,15.994912058,Other,random,hydroxylation (-H),15.994914640,RC2_0018_ICR-1_p08
247.061255359,263.056167418,15.994912058,Other,random,hydroxylation (-H),15.994914640,RC2_0018_ICR-1_p08
489.153207043,505.148119101,15.994912058,Other,random,hydroxylation (-H),15.994914640,RC2_0018_ICR-1_p08
613.242166273,629.237078332,15.994912058,Other,random,hydroxylation (-H),15.994914640,RC2_0018_ICR-1_p08
652.188460273,668.183372331,15.994912058,Other,random,hydroxylation (-H),15.994914640,RC2_0018_ICR-1_p08
353.160383749,369.155296808,15.994913058,Other,random,hydroxylation (-H),15.994914640,RC2_0018_ICR-1_p08
385.056375394,401.051288452,15.994913058,Other,random,hydroxylation (-H),15.994914640,RC2_0018_ICR-1_p08
451.173820606,467.168733664,15.994913058,Other,random,hydroxylation (-H),15.994914640,RC2_0018_ICR-1_p08
252.051450299,268.046363357,15.994913058,Other,random,hydroxylation (-H),15.994914640,RC2_0018_ICR-1_p08
347.090232882,363.085145941,15.994913058,Other,random,hydroxylation (-H),15.994914640,RC2_0018_ICR-1_p08
315.136751561,331.131665620,15.994914058,Other,random,hydroxylation (-H),15.994914640,RC2_0018_ICR-1_p08
415.079904567,431.074818626,15.994914058,Other,random,hydroxylation (-H),15.994914640,RC2_0018_ICR-1_p08
465.176451867,481.171365926,15.994914058,Other,random,hydroxylation (-H),15.994914640,RC2_0018_ICR-1_p08
325.121149418,341.116063476,15.994914058,Other,random,hydroxylation (-H),15.994914640,RC2_0018_ICR-1_p08
329.087778113,345.082692171,15.994914058,Other,random,hydroxylation (-H),15.994914640,RC2_0018_ICR-1_p08
379.066939073,395.061853131,15.994914058,Other,random,hydroxylation (-H),15.994914640,RC2_0018_ICR-1_p08
637.286975066,653.281889124,15.994914058,Other,random,hydroxylation (-H),15.994914640,RC2_0018_ICR-1_p08
387.175585477,403.170499535,15.994914058,Other,random,hydroxylation (-H),15.994914640,RC2_0018_ICR-1_p08
499.145616854,515.140530912,15.994914058,Other,random,hydroxylation (-H),15.994914640,RC2_0018_ICR-1_p08
269.030407824,285.025322882,15.994915058,Other,random,hydroxylation (-H),15.994914640,RC2_0018_ICR-1_p08
319.168133892,335.163048951,15.994915058,Other,random,hydroxylation (-H),15.994914640,RC2_0018_ICR-1_p08
540.245187745,556.240102804,15.994915058,Other,random,hydroxylation (-H),15.994914640,RC2_0018_ICR-1_p08
332.077574301,348.072489359,15.994915058,Other,random,hydroxylation (-H),15.994914640,RC2_0018_ICR-1_p08
417.118983101,433.113898159,15.994915058,Other,random,hydroxylation (-H),15.994914640,RC2_0018_ICR-1_p08
480.049652233,496.044567292,15.994915058,Other,random,hydroxylation (-H),15.994914640,RC2_0018_ICR-1_p08
575.190121245,591.185037304,15.994916058,Other,random,hydroxylation (-H),15.994914640,RC2_0018_ICR-1_p08
449.158141940,465.153057999,15.994916058,Other,random,hydroxylation (-H),15.994914640,RC2_0018_ICR-1_p08
377.173350721,393.168266779,15.994916058,Other,random,hydroxylation (-H),15.994914640,RC2_0018_ICR-1_p08
447.093056553,463.087972611,15.994916058,Other,random,hydroxylation (-H),15.994914640,RC2_0018_ICR-1_p08
473.158290984,489.153207043,15.994916058,Other,random,hydroxylation (-H),15.994914640,RC2_0018_ICR-1_p08
407.134489245,423.129405304,15.994916058,Other,random,hydroxylation (-H),15.994914640,RC2_0018_ICR-1_p08
419.207264358,435.202180417,15.994916058,Other,random,hydroxylation (-H),15.994914640,RC2_0018_ICR-1_p08
369.128589958,385.123507016,15.994917058,Other,random,hydroxylation (-H),15.994914640,RC2_0018_ICR-1_p08
415.139809230,431.134726289,15.994917058,Other,random,hydroxylation (-H),15.994914640,RC2_0018_ICR-1_p08
423.121467348,439.116384407,15.994917058,Other,random,hydroxylation (-H),15.994914640,RC2_0018_ICR-1_p08
475.124497928,491.119414986,15.994917058,Other,random,hydroxylation (-H),15.994914640,RC2_0018_ICR-1_p08
483.041557409,499.036474468,15.994917058,Other,random,hydroxylation (-H),15.994914640,RC2_0018_ICR-1_p08
353.051318362,369.046235421,15.994917058,Other,random,hydroxylation (-H),15.994914640,RC2_0018_ICR-1_p08
395.147681649,411.142598707,15.994917058,Other,random,hydroxylation (-H),15.994914640,RC2_0018_ICR-1_p08
415.197044908,431.191961967,15.994917058,Other,random,hydroxylation (-H),15.994914640,RC2_0018_ICR-1_p08
511.181897172,527.176814231,15.994917058,Other,random,hydroxylation (-H),15.994914640,RC2_0018_ICR-1_p08
633.109988554,649.104905612,15.994917058,Other,random,hydroxylation (-H),15.994914640,RC2_0018_ICR-1_p08
381.168303257,397.163221315,15.994918058,Other,random,hydroxylation (-H),15.994914640,RC2_0018_ICR-1_p08
239.056189373,255.051107431,15.994918058,Other,random,hydroxylation (-H),15.994914640,RC2_0018_ICR-1_p08
262.035823155,278.030741214,15.994918058,Other,random,hydroxylation (-H),15.994914640,RC2_0018_ICR-1_p08
353.116060998,369.110979057,15.994918058,Other,random,hydroxylation (-H),15.994914640,RC2_0018_ICR-1_p08
371.090062928,387.084980986,15.994918058,Other,random,hydroxylation (-H),15.994914640,RC2_0018_ICR-1_p08
583.130433596,599.125351654,15.994918058,Other,random,hydroxylation (-H),15.994914640,RC2_0018_ICR-1_p08
539.132600002,555.127519060,15.994919058,Other,random,hydroxylation (-H),15.994914640,RC2_0018_ICR-1_p08
499.160877768,515.155796827,15.994919058,Other,random,hydroxylation (-H),15.994914640,RC2_0018_ICR-1_p08
433.113898159,449.108817218,15.994919058,Other,random,hydroxylation (-H),15.994914640,RC2_0018_ICR-1_p08
477.262278907,493.257197965,15.994919058,Other,random,hydroxylation (-H),15.994914640,RC2_0018_ICR-1_p08
523.283240125,539.278159183,15.994919058,Other,random,hydroxylation (-H),15.994914640,RC2_0018_ICR-1_p08
531.259936271,547.254855329,15.994919058,Other,random,hydroxylation (-H),15.994914640,RC2_0018_ICR-1_p08
547.218552533,563.213471592,15.994919058,Other,random,hydroxylation (-H),15.994914640,RC2_0018_ICR-1_p08
617.224202882,633.219121940,15.994919058,Other,random,hydroxylation (-H),15.994914640,RC2_0018_ICR-1_p08
261.040570752,277.035490810,15.994920058,Other,random,hydroxylation (-H),15.994914640,RC2_0018_ICR-1_p08
371.040600206,387.035520265,15.994920058,Other,random,hydroxylation (-H),15.994914640,RC2_0018_ICR-1_p08
395.126523768,411.121443826,15.994920058,Other,random,hydroxylation (-H),15.994914640,RC2_0018_ICR-1_p08
407.147606172,423.142526230,15.994920058,Other,random,hydroxylation (-H),15.994914640,RC2_0018_ICR-1_p08
469.163378448,485.158298507,15.994920058,Other,random,hydroxylation (-H),15.994914640,RC2_0018_ICR-1_p08
553.221032780,569.215952839,15.994920058,Other,random,hydroxylation (-H),15.994914640,RC2_0018_ICR-1_p08
237.076959502,253.071879561,15.994920058,Other,random,hydroxylation (-H),15.994914640,RC2_0018_ICR-1_p08
323.069143956,339.064064015,15.994920058,Other,random,hydroxylation (-H),15.994914640,RC2_0018_ICR-1_p08
453.204752186,469.199672244,15.994920058,Other,random,hydroxylation (-H),15.994914640,RC2_0018_ICR-1_p08
455.046568829,471.041488887,15.994920058,Other,random,hydroxylation (-H),15.994914640,RC2_0018_ICR-1_p08
331.082224898,347.077144956,15.994920058,Other,random,hydroxylation (-H),15.994914640,RC2_0018_ICR-1_p08
573.234105244,589.229026303,15.994921058,Other,random,hydroxylation (-H),15.994914640,RC2_0018_ICR-1_p08
259.061289881,275.056210940,15.994921058,Other,random,hydroxylation (-H),15.994914640,RC2_0018_ICR-1_p08
329.030249436,345.025170495,15.994921058,Other,random,hydroxylation (-H),15.994914640,RC2_0018_ICR-1_p08
385.069458320,401.064379378,15.994921058,Other,random,hydroxylation (-H),15.994914640,RC2_0018_ICR-1_p08
462.140552939,478.135473997,15.994921058,Other,random,hydroxylation (-H),15.994914640,RC2_0018_ICR-1_p08
573.270583039,589.265504097,15.994921058,Other,random,hydroxylation (-H),15.994914640,RC2_0018_ICR-1_p08
293.175787051,309.170708109,15.994921058,Other,random,hydroxylation (-H),15.994914640,RC2_0018_ICR-1_p08
591.208353172,607.203274231,15.994921058,Other,random,hydroxylation (-H),15.994914640,RC2_0018_ICR-1_p08
567.163948378,583.158869436,15.994921058,Other,random,hydroxylation (-H),15.994914640,RC2_0018_ICR-1_p08
417.113416132,433.108338191,15.994922058,Other,random,hydroxylation (-H),15.994914640,RC2_0018_ICR-1_p08
639.156893551,655.151815610,15.994922058,Other,random,hydroxylation (-H),15.994914640,RC2_0018_ICR-1_p08
273.134387746,289.129309805,15.994922058,Other,random,hydroxylation (-H),15.994914640,RC2_0018_ICR-1_p08
319.058918506,335.053840565,15.994922058,Other,random,hydroxylation (-H),15.994914640,RC2_0018_ICR-1_p08
464.119708810,480.114630868,15.994922058,Other,random,hydroxylation (-H),15.994914640,RC2_0018_ICR-1_p08
473.145175058,489.140097116,15.994922058,Other,random,hydroxylation (-H),15.994914640,RC2_0018_ICR-1_p08
497.145213103,513.140135161,15.994922058,Other,random,hydroxylation (-H),15.994914640,RC2_0018_ICR-1_p08
509.166284506,525.161206565,15.994922058,Other,random,hydroxylation (-H),15.994914640,RC2_0018_ICR-1_p08
331.045794103,347.040717161,15.994923058,Other,random,hydroxylation (-H),15.994914640,RC2_0018_ICR-1_p08
369.064613317,385.059536376,15.994923058,Other,random,hydroxylation (-H),15.994914640,RC2_0018_ICR-1_p08
409.041086524,425.036009583,15.994923058,Other,random,hydroxylation (-H),15.994914640,RC2_0018_ICR-1_p08
347.149943547,363.144866605,15.994923058,Other,random,hydroxylation (-H),15.994914640,RC2_0018_ICR-1_p08
365.209890993,381.204814051,15.994923058,Other,random,hydroxylation (-H),15.994914640,RC2_0018_ICR-1_p08
512.083552102,528.078475161,15.994923058,Other,random,hydroxylation (-H),15.994914640,RC2_0018_ICR-1_p08
639.209078258,655.204001316,15.994923058,Other,random,hydroxylation (-H),15.994914640,RC2_0018_ICR-1_p08
431.183931012,447.178854070,15.994923058,Other,random,hydroxylation (-H),15.994914640,RC2_0018_ICR-1_p08
504.188064500,520.182988558,15.994924058,Other,random,hydroxylation (-H),15.994914640,RC2_0018_ICR-1_p08
513.080473496,529.075397555,15.994924058,Other,random,hydroxylation (-H),15.994914640,RC2_0018_ICR-1_p08
567.135509537,583.130433596,15.994924058,Other,random,hydroxylation (-H),15.994914640,RC2_0018_ICR-1_p08
428.062313565,444.057237624,15.994924058,Other,random,hydroxylation (-H),15.994914640,RC2_0018_ICR-1_p08
235.024899041,251.019823100,15.994924058,Other,random,hydroxylation (-H),15.994914640,RC2_0018_ICR-1_p08
301.035399855,317.030323914,15.994924058,Other,random,hydroxylation (-H),15.994914640,RC2_0018_ICR-1_p08
323.124849643,339.119773701,15.994924058,Other,random,hydroxylation (-H),15.994914640,RC2_0018_ICR-1_p08
399.056774667,415.051698726,15.994924058,Other,random,hydroxylation (-H),15.994914640,RC2_0018_ICR-1_p08
399.111412360,415.106336419,15.994924058,Other,random,hydroxylation (-H),15.994914640,RC2_0018_ICR-1_p08
418.114236505,434.109160563,15.994924058,Other,random,hydroxylation (-H),15.994914640,RC2_0018_ICR-1_p08
531.114355089,547.109279148,15.994924058,Other,random,hydroxylation (-H),15.994914640,RC2_0018_ICR-1_p08
376.080328867,392.075233926,15.994905058,Other,random,O1,15.994915000,RC2_0018_ICR-1_p08
503.132590435,519.127495493,15.994905058,Other,random,O1,15.994915000,RC2_0018_ICR-1_p08
233.045621171,249.040526230,15.994905058,Other,random,O1,15.994915000,RC2_0018_ICR-1_p08
249.076938025,265.071843083,15.994905058,Other,random,O1,15.994915000,RC2_0018_ICR-1_p08
249.149700616,265.144605674,15.994905058,Other,random,O1,15.994915000,RC2_0018_ICR-1_p08
355.113010769,371.107915828,15.994905058,Other,random,O1,15.994915000,RC2_0018_ICR-1_p08
541.062486150,557.057391208,15.994905058,Other,random,O1,15.994915000,RC2_0018_ICR-1_p08
549.124948813,565.119853872,15.994905058,Other,random,O1,15.994915000,RC2_0018_ICR-1_p08
597.182695578,613.177600636,15.994905058,Other,random,O1,15.994915000,RC2_0018_ICR-1_p08
771.287358563,787.282263622,15.994905058,Other,random,O1,15.994915000,RC2_0018_ICR-1_p08
455.082930625,471.077836683,15.994906058,Other,random,O1,15.994915000,RC2_0018_ICR-1_p08
271.082377285,287.077283344,15.994906058,Other,random,O1,15.994915000,RC2_0018_ICR-1_p08
323.162985429,339.157891487,15.994906058,Other,random,O1,15.994915000,RC2_0018_ICR-1_p08
335.126517156,351.121423215,15.994906058,Other,random,O1,15.994915000,RC2_0018_ICR-1_p08
535.145845420,551.140751478,15.994906058,Other,random,O1,15.994915000,RC2_0018_ICR-1_p08
256.046348835,272.041255893,15.994907058,Other,random,O1,15.994915000,RC2_0018_ICR-1_p08
277.071783606,293.066690664,15.994907058,Other,random,O1,15.994915000,RC2_0018_ICR-1_p08
279.014714681,295.009621739,15.994907058,Other,random,O1,15.994915000,RC2_0018_ICR-1_p08
283.082364808,299.077271866,15.994907058,Other,random,O1,15.994915000,RC2_0018_ICR-1_p08
329.102948027,345.097855086,15.994907058,Other,random,O1,15.994915000,RC2_0018_ICR-1_p08
379.095287914,395.090194972,15.994907058,Other,random,O1,15.994915000,RC2_0018_ICR-1_p08
478.135473997,494.130381055,15.994907058,Other,random,O1,15.994915000,RC2_0018_ICR-1_p08
705.131401567,721.126308626,15.994907058,Other,random,O1,15.994915000,RC2_0018_ICR-1_p08
387.092992941,403.087900000,15.994907058,Other,random,O1,15.994915000,RC2_0018_ICR-1_p08
305.078038123,321.072946181,15.994908058,Other,random,O1,15.994915000,RC2_0018_ICR-1_p08
404.111322245,420.106230303,15.994908058,Other,random,O1,15.994915000,RC2_0018_ICR-1_p08
279.051098476,295.046006534,15.994908058,Other,random,O1,15.994915000,RC2_0018_ICR-1_p08
284.077658211,300.072566269,15.994908058,Other,random,O1,15.994915000,RC2_0018_ICR-1_p08
332.090536228,348.085444286,15.994908058,Other,random,O1,15.994915000,RC2_0018_ICR-1_p08
349.201939008,365.196847066,15.994908058,Other,random,O1,15.994915000,RC2_0018_ICR-1_p08
395.220430240,411.215338298,15.994908058,Other,random,O1,15.994915000,RC2_0018_ICR-1_p08
417.191579693,433.186487751,15.994908058,Other,random,O1,15.994915000,RC2_0018_ICR-1_p08
475.197080520,491.191988578,15.994908058,Other,random,O1,15.994915000,RC2_0018_ICR-1_p08
491.168770709,507.163678767,15.994908058,Other,random,O1,15.994915000,RC2_0018_ICR-1_p08
343.085475402,359.080383460,15.994908058,Other,random,O1,15.994915000,RC2_0018_ICR-1_p08
387.056790145,403.051699203,15.994909058,Other,random,O1,15.994915000,RC2_0018_ICR-1_p08
401.108736129,417.103645187,15.994909058,Other,random,O1,15.994915000,RC2_0018_ICR-1_p08
473.108721263,489.103630321,15.994909058,Other,random,O1,15.994915000,RC2_0018_ICR-1_p08
553.119958349,569.114867407,15.994909058,Other,random,O1,15.994915000,RC2_0018_ICR-1_p08
558.146605083,574.141514142,15.994909058,Other,random,O1,15.994915000,RC2_0018_ICR-1_p08
375.108330333,391.103239391,15.994909058,Other,random,O1,15.994915000,RC2_0018_ICR-1_p08
511.072942785,527.067851843,15.994909058,Other,random,O1,15.994915000,RC2_0018_ICR-1_p08
561.247133649,577.242042707,15.994909058,Other,random,O1,15.994915000,RC2_0018_ICR-1_p08
371.077064001,387.071974060,15.994910058,Other,random,O1,15.994915000,RC2_0018_ICR-1_p08
422.044497404,438.039407463,15.994910058,Other,random,O1,15.994915000,RC2_0018_ICR-1_p08
441.113396177,457.108306236,15.994910058,Other,random,O1,15.994915000,RC2_0018_ICR-1_p08
539.249786343,555.244696401,15.994910058,Other,random,O1,15.994915000,RC2_0018_ICR-1_p08
595.276046299,611.270956358,15.994910058,Other,random,O1,15.994915000,RC2_0018_ICR-1_p08
387.121390782,403.116300840,15.994910058,Other,random,O1,15.994915000,RC2_0018_ICR-1_p08
577.265535575,593.260446633,15.994911058,Other,random,O1,15.994915000,RC2_0018_ICR-1_p08
233.154789557,249.149700616,15.994911058,Other,random,O1,15.994915000,RC2_0018_ICR-1_p08
273.076920070,289.071831128,15.994911058,Other,random,O1,15.994915000,RC2_0018_ICR-1_p08
321.134254837,337.129165895,15.994911058,Other,random,O1,15.994915000,RC2_0018_ICR-1_p08
343.176169892,359.171080950,15.994911058,Other,random,O1,15.994915000,RC2_0018_ICR-1_p08
394.041564869,410.036475927,15.994911058,Other,random,O1,15.994915000,RC2_0018_ICR-1_p08
311.077148389,327.072060447,15.994912058,Other,random,O1,15.994915000,RC2_0018_ICR-1_p08
359.098238360,375.093150418,15.994912058,Other,random,O1,15.994915000,RC2_0018_ICR-1_p08
483.056596325,499.051508383,15.994912058,Other,random,O1,15.994915000,RC2_0018_ICR-1_p08
487.064752786,503.059664845,15.994912058,Other,random,O1,15.994915000,RC2_0018_ICR-1_p08
247.061255359,263.056167418,15.994912058,Other,random,O1,15.994915000,RC2_0018_ICR-1_p08
489.153207043,505.148119101,15.994912058,Other,random,O1,15.994915000,RC2_0018_ICR-1_p08
613.242166273,629.237078332,15.994912058,Other,random,O1,15.994915000,RC2_0018_ICR-1_p08
652.188460273,668.183372331,15.994912058,Other,random,O1,15.994915000,RC2_0018_ICR-1_p08
353.160383749,369.155296808,15.994913058,Other,random,O1,15.994915000,RC2_0018_ICR-1_p08
385.056375394,401.051288452,15.994913058,Other,random,O1,15.994915000,RC2_0018_ICR-1_p08
451.173820606,467.168733664,15.994913058,Other,random,O1,15.994915000,RC2_0018_ICR-1_p08
252.051450299,268.046363357,15.994913058,Other,random,O1,15.994915000,RC2_0018_ICR-1_p08
347.090232882,363.085145941,15.994913058,Other,random,O1,15.994915000,RC2_0018_ICR-1_p08
315.136751561,331.131665620,15.994914058,Other,random,O1,15.994915000,RC2_0018_ICR-1_p08
415.079904567,431.074818626,15.994914058,Other,random,O1,15.994915000,RC2_0018_ICR-1_p08
465.176451867,481.171365926,15.994914058,Other,random,O1,15.994915000,RC2_0018_ICR-1_p08
325.121149418,341.116063476,15.994914058,Other,random,O1,15.994915000,RC2_0018_ICR-1_p08
329.087778113,345.082692171,15.994914058,Other,random,O1,15.994915000,RC2_0018_ICR-1_p08
379.066939073,395.061853131,15.994914058,Other,random,O1,15.994915000,RC2_0018_ICR-1_p08
637.286975066,653.281889124,15.994914058,Other,random,O1,15.994915000,RC2_0018_ICR-1_p08
387.175585477,403.170499535,15.994914058,Other,random,O1,15.994915000,RC2_0018_ICR-1_p08
499.145616854,515.140530912,15.994914058,Other,random,O1,15.994915000,RC2_0018_ICR-1_p08
269.030407824,285.025322882,15.994915058,Other,random,O1,15.994915000,RC2_0018_ICR-1_p08
319.168133892,335.163048951,15.994915058,Other,random,O1,15.994915000,RC2_0018_ICR-1_p08
540.245187745,556.240102804,15.994915058,Other,random,O1,15.994915000,RC2_0018_ICR-1_p08
332.077574301,348.072489359,15.994915058,Other,random,O1,15.994915000,RC2_0018_ICR-1_p08
417.118983101,433.113898159,15.994915058,Other,random,O1,15.994915000,RC2_0018_ICR-1_p08
480.049652233,496.044567292,15.994915058,Other,random,O1,15.994915000,RC2_0018_ICR-1_p08
575.190121245,591.185037304,15.994916058,Other,random,O1,15.994915000,RC2_0018_ICR-1_p08
449.158141940,465.153057999,15.994916058,Other,random,O1,15.994915000,RC2_0018_ICR-1_p08
377.173350721,393.168266779,15.994916058,Other,random,O1,15.994915000,RC2_0018_ICR-1_p08
447.093056553,463.087972611,15.994916058,Other,random,O1,15.994915000,RC2_0018_ICR-1_p08
473.158290984,489.153207043,15.994916058,Other,random,O1,15.994915000,RC2_0018_ICR-1_p08
407.134489245,423.129405304,15.994916058,Other,random,O1,15.994915000,RC2_0018_ICR-1_p08
419.207264358,435.202180417,15.994916058,Other,random,O1,15.994915000,RC2_0018_ICR-1_p08
369.128589958,385.123507016,15.994917058,Other,random,O1,15.994915000,RC2_0018_ICR-1_p08
415.139809230,431.134726289,15.994917058,Other,random,O1,15.994915000,RC2_0018_ICR-1_p08
423.121467348,439.116384407,15.994917058,Other,random,O1,15.994915000,RC2_0018_ICR-1_p08
475.124497928,491.119414986,15.994917058,Other,random,O1,15.994915000,RC2_0018_ICR-1_p08
483.041557409,499.036474468,15.994917058,Other,random,O1,15.994915000,RC2_0018_ICR-1_p08
353.051318362,369.046235421,15.994917058,Other,random,O1,15.994915000,RC2_0018_ICR-1_p08
395.147681649,411.142598707,15.994917058,Other,random,O1,15.994915000,RC2_0018_ICR-1_p08
415.197044908,431.191961967,15.994917058,Other,random,O1,15.994915000,RC2_0018_ICR-1_p08
511.181897172,527.176814231,15.994917058,Other,random,O1,15.994915000,RC2_0018_ICR-1_p08
633.109988554,649.104905612,15.994917058,Other,random,O1,15.994915000,RC2_0018_ICR-1_p08
381.168303257,397.163221315,15.994918058,Other,random,O1,15.994915000,RC2_0018_ICR-1_p08
239.056189373,255.051107431,15.994918058,Other,random,O1,15.994915000,RC2_0018_ICR-1_p08
262.035823155,278.030741214,15.994918058,Other,random,O1,15.994915000,RC2_0018_ICR-1_p08
353.116060998,369.110979057,15.994918058,Other,random,O1,15.994915000,RC2_0018_ICR-1_p08
371.090062928,387.084980986,15.994918058,Other,random,O1,15.994915000,RC2_0018_ICR-1_p08
583.130433596,599.125351654,15.994918058,Other,random,O1,15.994915000,RC2_0018_ICR-1_p08
539.132600002,555.127519060,15.994919058,Other,random,O1,15.994915000,RC2_0018_ICR-1_p08
499.160877768,515.155796827,15.994919058,Other,random,O1,15.994915000,RC2_0018_ICR-1_p08
433.113898159,449.108817218,15.994919058,Other,random,O1,15.994915000,RC2_0018_ICR-1_p08
477.262278907,493.257197965,15.994919058,Other,random,O1,15.994915000,RC2_0018_ICR-1_p08
523.283240125,539.278159183,15.994919058,Other,random,O1,15.994915000,RC2_0018_ICR-1_p08
531.259936271,547.254855329,15.994919058,Other,random,O1,15.994915000,RC2_0018_ICR-1_p08
547.218552533,563.213471592,15.994919058,Other,random,O1,15.994915000,RC2_0018_ICR-1_p08
617.224202882,633.219121940,15.994919058,Other,random,O1,15.994915000,RC2_0018_ICR-1_p08
261.040570752,277.035490810,15.994920058,Other,random,O1,15.994915000,RC2_0018_ICR-1_p08
371.040600206,387.035520265,15.994920058,Other,random,O1,15.994915000,RC2_0018_ICR-1_p08
395.126523768,411.121443826,15.994920058,Other,random,O1,15.994915000,RC2_0018_ICR-1_p08
407.147606172,423.142526230,15.994920058,Other,random,O1,15.994915000,RC2_0018_ICR-1_p08
469.163378448,485.158298507,15.994920058,Other,random,O1,15.994915000,RC2_0018_ICR-1_p08
553.221032780,569.215952839,15.994920058,Other,random,O1,15.994915000,RC2_0018_ICR-1_p08
237.076959502,253.071879561,15.994920058,Other,random,O1,15.994915000,RC2_0018_ICR-1_p08
323.069143956,339.064064015,15.994920058,Other,random,O1,15.994915000,RC2_0018_ICR-1_p08
453.204752186,469.199672244,15.994920058,Other,random,O1,15.994915000,RC2_0018_ICR-1_p08
455.046568829,471.041488887,15.994920058,Other,random,O1,15.994915000,RC2_0018_ICR-1_p08
331.082224898,347.077144956,15.994920058,Other,random,O1,15.994915000,RC2_0018_ICR-1_p08
573.234105244,589.229026303,15.994921058,Other,random,O1,15.994915000,RC2_0018_ICR-1_p08
259.061289881,275.056210940,15.994921058,Other,random,O1,15.994915000,RC2_0018_ICR-1_p08
329.030249436,345.025170495,15.994921058,Other,random,O1,15.994915000,RC2_0018_ICR-1_p08
385.069458320,401.064379378,15.994921058,Other,random,O1,15.994915000,RC2_0018_ICR-1_p08
462.140552939,478.135473997,15.994921058,Other,random,O1,15.994915000,RC2_0018_ICR-1_p08
573.270583039,589.265504097,15.994921058,Other,random,O1,15.994915000,RC2_0018_ICR-1_p08
293.175787051,309.170708109,15.994921058,Other,random,O1,15.994915000,RC2_0018_ICR-1_p08
591.208353172,607.203274231,15.994921058,Other,random,O1,15.994915000,RC2_0018_ICR-1_p08
567.163948378,583.158869436,15.994921058,Other,random,O1,15.994915000,RC2_0018_ICR-1_p08
417.113416132,433.108338191,15.994922058,Other,random,O1,15.994915000,RC2_0018_ICR-1_p08
639.156893551,655.151815610,15.994922058,Other,random,O1,15.994915000,RC2_0018_ICR-1_p08
273.134387746,289.129309805,15.994922058,Other,random,O1,15.994915000,RC2_0018_ICR-1_p08
319.058918506,335.053840565,15.994922058,Other,random,O1,15.994915000,RC2_0018_ICR-1_p08
464.119708810,480.114630868,15.994922058,Other,random,O1,15.994915000,RC2_0018_ICR-1_p08
473.145175058,489.140097116,15.994922058,Other,random,O1,15.994915000,RC2_0018_ICR-1_p08
497.145213103,513.140135161,15.994922058,Other,random,O1,15.994915000,RC2_0018_ICR-1_p08
509.166284506,525.161206565,15.994922058,Other,random,O1,15.994915000,RC2_0018_ICR-1_p08
331.045794103,347.040717161,15.994923058,Other,random,O1,15.994915000,RC2_0018_ICR-1_p08
369.064613317,385.059536376,15.994923058,Other,random,O1,15.994915000,RC2_0018_ICR-1_p08
409.041086524,425.036009583,15.994923058,Other,random,O1,15.994915000,RC2_0018_ICR-1_p08
347.149943547,363.144866605,15.994923058,Other,random,O1,15.994915000,RC2_0018_ICR-1_p08
365.209890993,381.204814051,15.994923058,Other,random,O1,15.994915000,RC2_0018_ICR-1_p08
512.083552102,528.078475161,15.994923058,Other,random,O1,15.994915000,RC2_0018_ICR-1_p08
639.209078258,655.204001316,15.994923058,Other,random,O1,15.994915000,RC2_0018_ICR-1_p08
431.183931012,447.178854070,15.994923058,Other,random,O1,15.994915000,RC2_0018_ICR-1_p08
504.188064500,520.182988558,15.994924058,Other,random,O1,15.994915000,RC2_0018_ICR-1_p08
513.080473496,529.075397555,15.994924058,Other,random,O1,15.994915000,RC2_0018_ICR-1_p08
567.135509537,583.130433596,15.994924058,Other,random,O1,15.994915000,RC2_0018_ICR-1_p08
428.062313565,444.057237624,15.994924058,Other,random,O1,15.994915000,RC2_0018_ICR-1_p08
235.024899041,251.019823100,15.994924058,Other,random,O1,15.994915000,RC2_0018_ICR-1_p08
301.035399855,317.030323914,15.994924058,Other,random,O1,15.994915000,RC2_0018_ICR-1_p08
323.124849643,339.119773701,15.994924058,Other,random,O1,15.994915000,RC2_0018_ICR-1_p08
399.056774667,415.051698726,15.994924058,Other,random,O1,15.994915000,RC2_0018_ICR-1_p08
399.111412360,415.106336419,15.994924058,Other,random,O1,15.994915000,RC2_0018_ICR-1_p08
418.114236505,434.109160563,15.994924058,Other,random,O1,15.994915000,RC2_0018_ICR-1_p08
531.114355089,547.109279148,15.994924058,Other,random,O1,15.994915000,RC2_0018_ICR-1_p08
539.140498957,555.144923962,16.004425005,Other,random,H1O1P1S_1,16.004431000,RC2_0018_ICR-1_p08
375.165934009,391.170361014,16.004427005,Other,random,H1O1P1S_1,16.004431000,RC2_0018_ICR-1_p08
425.145109969,441.149540974,16.004431005,Other,random,H1O1P1S_1,16.004431000,RC2_0018_ICR-1_p08
471.133048373,487.137480377,16.004432005,Other,random,H1O1P1S_1,16.004431000,RC2_0018_ICR-1_p08
459.187075546,475.191508551,16.004433005,Other,random,H1O1P1S_1,16.004431000,RC2_0018_ICR-1_p08
297.080265095,313.084699100,16.004434005,Other,random,H1O1P1S_1,16.004431000,RC2_0018_ICR-1_p08
429.067400914,445.071835918,16.004435005,Other,random,H1O1P1S_1,16.004431000,RC2_0018_ICR-1_p08
373.113906548,389.118343553,16.004437005,Other,random,H1O1P1S_1,16.004431000,RC2_0018_ICR-1_p08
345.082692171,361.087129176,16.004437005,Other,random,H1O1P1S_1,16.004431000,RC2_0018_ICR-1_p08
613.278631068,629.297352993,16.018721925,Other,random,H2N1,16.018724000,RC2_0018_ICR-1_p08
611.117146223,627.135873147,16.018726924,Other,random,H2N1,16.018724000,RC2_0018_ICR-1_p08
671.247610101,687.266337025,16.018726924,Other,random,H2N1,16.018724000,RC2_0018_ICR-1_p08
613.278631068,629.297352993,16.018721925,Other,random,primary amine,16.018724080,RC2_0018_ICR-1_p08
611.117146223,627.135873147,16.018726924,Other,random,primary amine,16.018724080,RC2_0018_ICR-1_p08
671.247610101,687.266337025,16.018726924,Other,random,primary amine,16.018724080,RC2_0018_ICR-1_p08
555.135496015,571.166786869,16.031290854,Other,random,C1H4,16.031300000,RC2_0018_ICR-1_p08
681.195910160,697.227201014,16.031290854,Other,random,C1H4,16.031300000,RC2_0018_ICR-1_p08
293.077986601,309.109277455,16.031290854,Other,random,C1H4,16.031300000,RC2_0018_ICR-1_p08
403.079860045,419.111150899,16.031290854,Other,random,C1H4,16.031300000,RC2_0018_ICR-1_p08
431.074818626,447.106109479,16.031290854,Other,random,C1H4,16.031300000,RC2_0018_ICR-1_p08
475.137479855,491.168770709,16.031290854,Other,random,C1H4,16.031300000,RC2_0018_ICR-1_p08
485.275414848,501.306705702,16.031290854,Other,random,C1H4,16.031300000,RC2_0018_ICR-1_p08
527.249668821,543.280959675,16.031290854,Other,random,C1H4,16.031300000,RC2_0018_ICR-1_p08
553.229192735,569.260483588,16.031290854,Other,random,C1H4,16.031300000,RC2_0018_ICR-1_p08
557.057391208,573.088682062,16.031290854,Other,random,C1H4,16.031300000,RC2_0018_ICR-1_p08
591.099457785,607.130748639,16.031290854,Other,random,C1H4,16.031300000,RC2_0018_ICR-1_p08
445.108201714,461.139493568,16.031291854,Other,random,C1H4,16.031300000,RC2_0018_ICR-1_p08
279.014714681,295.046006534,16.031291854,Other,random,C1H4,16.031300000,RC2_0018_ICR-1_p08
279.051098476,295.082390330,16.031291854,Other,random,C1H4,16.031300000,RC2_0018_ICR-1_p08
421.144589465,437.175881318,16.031291854,Other,random,C1H4,16.031300000,RC2_0018_ICR-1_p08
525.067599091,541.098890945,16.031291854,Other,random,C1H4,16.031300000,RC2_0018_ICR-1_p08
443.092610048,459.123901902,16.031291854,Other,random,C1H4,16.031300000,RC2_0018_ICR-1_p08
503.119455509,519.150747362,16.031291854,Other,random,C1H4,16.031300000,RC2_0018_ICR-1_p08
325.111450472,341.142743326,16.031292854,Other,random,C1H4,16.031300000,RC2_0018_ICR-1_p08
385.150271866,401.181564719,16.031292854,Other,random,C1H4,16.031300000,RC2_0018_ICR-1_p08
511.088238699,527.119531553,16.031292854,Other,random,C1H4,16.031300000,RC2_0018_ICR-1_p08
287.040877548,303.072170402,16.031292854,Other,random,C1H4,16.031300000,RC2_0018_ICR-1_p08
419.147673694,435.178966547,16.031292854,Other,random,C1H4,16.031300000,RC2_0018_ICR-1_p08
459.093205074,475.124497928,16.031292854,Other,random,C1H4,16.031300000,RC2_0018_ICR-1_p08
539.213403547,555.244696401,16.031292854,Other,random,C1H4,16.031300000,RC2_0018_ICR-1_p08
627.099382352,643.130675206,16.031292854,Other,random,C1H4,16.031300000,RC2_0018_ICR-1_p08
499.160877768,515.192170622,16.031292854,Other,random,C1H4,16.031300000,RC2_0018_ICR-1_p08
231.051120386,247.082414240,16.031293854,Other,random,C1H4,16.031300000,RC2_0018_ICR-1_p08
352.061635928,368.092929781,16.031293854,Other,random,C1H4,16.031300000,RC2_0018_ICR-1_p08
445.163371404,461.194665257,16.031293854,Other,random,C1H4,16.031300000,RC2_0018_ICR-1_p08
471.114236478,487.145530332,16.031293854,Other,random,C1H4,16.031300000,RC2_0018_ICR-1_p08
567.200309173,583.231603027,16.031293854,Other,random,C1H4,16.031300000,RC2_0018_ICR-1_p08
511.101302626,527.132596479,16.031293854,Other,random,C1H4,16.031300000,RC2_0018_ICR-1_p08
268.046363357,284.077658211,16.031294854,Other,random,C1H4,16.031300000,RC2_0018_ICR-1_p08
343.070048489,359.101343342,16.031294854,Other,random,C1H4,16.031300000,RC2_0018_ICR-1_p08
401.087688247,417.118983101,16.031294854,Other,random,C1H4,16.031300000,RC2_0018_ICR-1_p08
533.215976272,549.247271125,16.031294854,Other,random,C1H4,16.031300000,RC2_0018_ICR-1_p08
621.255680212,637.286975066,16.031294854,Other,random,C1H4,16.031300000,RC2_0018_ICR-1_p08
555.187015725,571.218311579,16.031295854,Other,random,C1H4,16.031300000,RC2_0018_ICR-1_p08
337.020022509,353.051318362,16.031295854,Other,random,C1H4,16.031300000,RC2_0018_ICR-1_p08
373.041127957,389.072423811,16.031295854,Other,random,C1H4,16.031300000,RC2_0018_ICR-1_p08
631.130652684,647.161948538,16.031295854,Other,random,C1H4,16.031300000,RC2_0018_ICR-1_p08
275.056210940,291.087506794,16.031295854,Other,random,C1H4,16.031300000,RC2_0018_ICR-1_p08
313.056482259,329.087778113,16.031295854,Other,random,C1H4,16.031300000,RC2_0018_ICR-1_p08
411.056826189,427.088122043,16.031295854,Other,random,C1H4,16.031300000,RC2_0018_ICR-1_p08
437.137212536,453.168508390,16.031295854,Other,random,C1H4,16.031300000,RC2_0018_ICR-1_p08
459.056776279,475.088072133,16.031295854,Other,random,C1H4,16.031300000,RC2_0018_ICR-1_p08
799.282734141,815.314029995,16.031295854,Other,random,C1H4,16.031300000,RC2_0018_ICR-1_p08
427.197336429,443.228633283,16.031296854,Other,random,C1H4,16.031300000,RC2_0018_ICR-1_p08
457.199825721,473.231122575,16.031296854,Other,random,C1H4,16.031300000,RC2_0018_ICR-1_p08
623.125596697,639.156893551,16.031296854,Other,random,C1H4,16.031300000,RC2_0018_ICR-1_p08
263.056167418,279.087464271,16.031296854,Other,random,C1H4,16.031300000,RC2_0018_ICR-1_p08
429.140164504,445.171461358,16.031296854,Other,random,C1H4,16.031300000,RC2_0018_ICR-1_p08
495.142567364,511.173864217,16.031296854,Other,random,C1H4,16.031300000,RC2_0018_ICR-1_p08
473.049020599,489.080318453,16.031297854,Other,random,C1H4,16.031300000,RC2_0018_ICR-1_p08
479.205187982,495.236485836,16.031297854,Other,random,C1H4,16.031300000,RC2_0018_ICR-1_p08
411.121443826,427.152741680,16.031297854,Other,random,C1H4,16.031300000,RC2_0018_ICR-1_p08
259.082407763,275.113706616,16.031298854,Other,random,C1H4,16.031300000,RC2_0018_ICR-1_p08
462.067852347,478.099151201,16.031298854,Other,random,C1H4,16.031300000,RC2_0018_ICR-1_p08
509.121894756,525.153193610,16.031298854,Other,random,C1H4,16.031300000,RC2_0018_ICR-1_p08
541.047081236,557.078380090,16.031298854,Other,random,C1H4,16.031300000,RC2_0018_ICR-1_p08
357.082606694,373.113906548,16.031299854,Other,random,C1H4,16.031300000,RC2_0018_ICR-1_p08
573.161486653,589.192786506,16.031299854,Other,random,C1H4,16.031300000,RC2_0018_ICR-1_p08
427.139545754,443.170845608,16.031299854,Other,random,C1H4,16.031300000,RC2_0018_ICR-1_p08
558.089031407,574.120331261,16.031299854,Other,random,C1H4,16.031300000,RC2_0018_ICR-1_p08
357.046121899,373.077421753,16.031299854,Other,random,C1H4,16.031300000,RC2_0018_ICR-1_p08
427.088122043,443.119421897,16.031299854,Other,random,C1H4,16.031300000,RC2_0018_ICR-1_p08
445.041127091,461.072426945,16.031299854,Other,random,C1H4,16.031300000,RC2_0018_ICR-1_p08
456.086122983,472.117422837,16.031299854,Other,random,C1H4,16.031300000,RC2_0018_ICR-1_p08
427.080041089,443.111341942,16.031300854,Other,random,C1H4,16.031300000,RC2_0018_ICR-1_p08
747.251422721,763.282723574,16.031300854,Other,random,C1H4,16.031300000,RC2_0018_ICR-1_p08
303.051037521,319.082338375,16.031300854,Other,random,C1H4,16.031300000,RC2_0018_ICR-1_p08
355.103325824,371.134626678,16.031300854,Other,random,C1H4,16.031300000,RC2_0018_ICR-1_p08
369.046235421,385.077536275,16.031300854,Other,random,C1H4,16.031300000,RC2_0018_ICR-1_p08
403.043515249,419.074816103,16.031300854,Other,random,C1H4,16.031300000,RC2_0018_ICR-1_p08
455.111377465,471.142678318,16.031300854,Other,random,C1H4,16.031300000,RC2_0018_ICR-1_p08
309.134276314,325.165577168,16.031300854,Other,random,C1H4,16.031300000,RC2_0018_ICR-1_p08
345.074575217,361.105876071,16.031300854,Other,random,C1H4,16.031300000,RC2_0018_ICR-1_p08
399.129537258,415.160838112,16.031300854,Other,random,C1H4,16.031300000,RC2_0018_ICR-1_p08
425.036009583,441.067310436,16.031300854,Other,random,C1H4,16.031300000,RC2_0018_ICR-1_p08
567.208492127,583.239792981,16.031300854,Other,random,C1H4,16.031300000,RC2_0018_ICR-1_p08
545.239232663,561.270534517,16.031301854,Other,random,C1H4,16.031300000,RC2_0018_ICR-1_p08
281.103129937,297.134431791,16.031301854,Other,random,C1H4,16.031300000,RC2_0018_ICR-1_p08
319.131747097,335.163048951,16.031301854,Other,random,C1H4,16.031300000,RC2_0018_ICR-1_p08
348.085444286,364.116746140,16.031301854,Other,random,C1H4,16.031300000,RC2_0018_ICR-1_p08
349.142133344,365.173435198,16.031301854,Other,random,C1H4,16.031300000,RC2_0018_ICR-1_p08
438.075754258,454.107056112,16.031301854,Other,random,C1H4,16.031300000,RC2_0018_ICR-1_p08
513.124954246,529.156256100,16.031301854,Other,random,C1H4,16.031300000,RC2_0018_ICR-1_p08
471.160331219,487.191634073,16.031302854,Other,random,C1H4,16.031300000,RC2_0018_ICR-1_p08
571.057584483,587.088887337,16.031302854,Other,random,C1H4,16.031300000,RC2_0018_ICR-1_p08
271.082377285,287.113680139,16.031302854,Other,random,C1H4,16.031300000,RC2_0018_ICR-1_p08
275.019802144,291.051104998,16.031302854,Other,random,C1H4,16.031300000,RC2_0018_ICR-1_p08
257.066755097,273.098058951,16.031303854,Other,random,C1H4,16.031300000,RC2_0018_ICR-1_p08
381.147183376,397.178487229,16.031303854,Other,random,C1H4,16.031300000,RC2_0018_ICR-1_p08
427.189229475,443.220533328,16.031303854,Other,random,C1H4,16.031300000,RC2_0018_ICR-1_p08
321.061522246,337.092826099,16.031303854,Other,random,C1H4,16.031300000,RC2_0018_ICR-1_p08
359.040778683,375.072082537,16.031303854,Other,random,C1H4,16.031300000,RC2_0018_ICR-1_p08
327.144865038,343.176169892,16.031304854,Other,random,C1H4,16.031300000,RC2_0018_ICR-1_p08
424.137889633,440.169194487,16.031304854,Other,random,C1H4,16.031300000,RC2_0018_ICR-1_p08
425.137064014,441.168368868,16.031304854,Other,random,C1H4,16.031300000,RC2_0018_ICR-1_p08
675.157073117,691.188377971,16.031304854,Other,random,C1H4,16.031300000,RC2_0018_ICR-1_p08
390.046627333,406.077932186,16.031304854,Other,random,C1H4,16.031300000,RC2_0018_ICR-1_p08
359.126616200,375.157922054,16.031305854,Other,random,C1H4,16.031300000,RC2_0018_ICR-1_p08
425.108645174,441.139951028,16.031305854,Other,random,C1H4,16.031300000,RC2_0018_ICR-1_p08
313.084699100,329.116004954,16.031305854,Other,random,C1H4,16.031300000,RC2_0018_ICR-1_p08
321.097860041,337.129165895,16.031305854,Other,random,C1H4,16.031300000,RC2_0018_ICR-1_p08
401.027953583,417.059259437,16.031305854,Other,random,C1H4,16.031300000,RC2_0018_ICR-1_p08
455.082930625,471.114236478,16.031305854,Other,random,C1H4,16.031300000,RC2_0018_ICR-1_p08
493.062323061,509.093628915,16.031305854,Other,random,C1H4,16.031300000,RC2_0018_ICR-1_p08
617.078682700,633.109988554,16.031305854,Other,random,C1H4,16.031300000,RC2_0018_ICR-1_p08
327.181309833,343.212616687,16.031306854,Other,random,C1H4,16.031300000,RC2_0018_ICR-1_p08
411.142598707,427.173905561,16.031306854,Other,random,C1H4,16.031300000,RC2_0018_ICR-1_p08
339.035559175,355.066866029,16.031306854,Other,random,C1H4,16.031300000,RC2_0018_ICR-1_p08
381.149691361,397.180998215,16.031306854,Other,random,C1H4,16.031300000,RC2_0018_ICR-1_p08
489.153207043,505.184513896,16.031306854,Other,random,C1H4,16.031300000,RC2_0018_ICR-1_p08
409.163329837,425.194636691,16.031306854,Other,random,C1H4,16.031300000,RC2_0018_ICR-1_p08
497.139654134,513.170961988,16.031307854,Other,random,C1H4,16.031300000,RC2_0018_ICR-1_p08
318.098286908,334.129594762,16.031307854,Other,random,C1H4,16.031300000,RC2_0018_ICR-1_p08
439.189155997,455.220463851,16.031307854,Other,random,C1H4,16.031300000,RC2_0018_ICR-1_p08
439.152651203,455.183960056,16.031308854,Other,random,C1H4,16.031300000,RC2_0018_ICR-1_p08
359.053821610,375.085130463,16.031308854,Other,random,C1H4,16.031300000,RC2_0018_ICR-1_p08
527.140592434,543.171901288,16.031308854,Other,random,C1H4,16.031300000,RC2_0018_ICR-1_p08
513.176471957,529.207780810,16.031308854,Other,random,C1H4,16.031300000,RC2_0018_ICR-1_p08
572.125750477,588.157059330,16.031308854,Other,random,C1H4,16.031300000,RC2_0018_ICR-1_p08
613.133391885,629.164700739,16.031308854,Other,random,C1H4,16.031300000,RC2_0018_ICR-1_p08
615.221780142,631.253088995,16.031308854,Other,random,C1H4,16.031300000,RC2_0018_ICR-1_p08
379.175962460,395.207272314,16.031309854,Other,random,C1H4,16.031300000,RC2_0018_ICR-1_p08
483.142676841,499.173986694,16.031309854,Other,random,C1H4,16.031300000,RC2_0018_ICR-1_p08
253.108223356,269.139533210,16.031309854,Other,random,C1H4,16.031300000,RC2_0018_ICR-1_p08
391.043650726,407.074960580,16.031309854,Other,random,C1H4,16.031300000,RC2_0018_ICR-1_p08
587.213506636,603.244816490,16.031309854,Other,random,C1H4,16.031300000,RC2_0018_ICR-1_p08
661.105235133,677.136544986,16.031309854,Other,random,C1H4,16.031300000,RC2_0018_ICR-1_p08
498.067705915,514.099015769,16.031309854,Other,random,C1H4,16.031300000,RC2_0018_ICR-1_p08
357.053440858,373.095967649,16.042526791,Other,random,O_1H4N2,16.042533000,RC2_0018_ICR-1_p08
335.040857638,351.083384428,16.042526791,Other,random,O_1H4N2,16.042533000,RC2_0018_ICR-1_p08
295.046006534,311.088545325,16.042538791,Other,random,O_1H4N2,16.042533000,RC2_0018_ICR-1_p08
541.083562031,557.151237680,16.067675649,Other,random,C2H8O_1,16.067685000,RC2_0018_ICR-1_p08
279.014714681,295.082390330,16.067675649,Other,random,C2H8O_1,16.067685000,RC2_0018_ICR-1_p08
345.118953967,361.186629616,16.067675649,Other,random,C2H8O_1,16.067685000,RC2_0018_ICR-1_p08
401.072481333,417.140156982,16.067675649,Other,random,C2H8O_1,16.067685000,RC2_0018_ICR-1_p08
493.111883783,509.179559432,16.067675649,Other,random,C2H8O_1,16.067685000,RC2_0018_ICR-1_p08
534.162019952,550.229696601,16.067676649,Other,random,C2H8O_1,16.067685000,RC2_0018_ICR-1_p08
399.102804409,415.170481058,16.067676649,Other,random,C2H8O_1,16.067685000,RC2_0018_ICR-1_p08
403.066921118,419.134597767,16.067676649,Other,random,C2H8O_1,16.067685000,RC2_0018_ICR-1_p08
413.145006447,429.212683097,16.067676649,Other,random,C2H8O_1,16.067685000,RC2_0018_ICR-1_p08
303.051037521,319.118714170,16.067676649,Other,random,C2H8O_1,16.067685000,RC2_0018_ICR-1_p08
275.056210940,291.123888589,16.067677649,Other,random,C2H8O_1,16.067685000,RC2_0018_ICR-1_p08
404.074960449,420.142638099,16.067677649,Other,random,C2H8O_1,16.067685000,RC2_0018_ICR-1_p08
251.092540691,267.160218340,16.067677649,Other,random,C2H8O_1,16.067685000,RC2_0018_ICR-1_p08
349.129169417,365.196847066,16.067677649,Other,random,C2H8O_1,16.067685000,RC2_0018_ICR-1_p08
559.094192755,575.161870404,16.067677649,Other,random,C2H8O_1,16.067685000,RC2_0018_ICR-1_p08
733.126555147,749.194232796,16.067677649,Other,random,C2H8O_1,16.067685000,RC2_0018_ICR-1_p08
559.231504983,575.299182632,16.067677649,Other,random,C2H8O_1,16.067685000,RC2_0018_ICR-1_p08
579.208368650,595.276046299,16.067677649,Other,random,C2H8O_1,16.067685000,RC2_0018_ICR-1_p08
589.205801433,605.273480082,16.067678649,Other,random,C2H8O_1,16.067685000,RC2_0018_ICR-1_p08
603.172138898,619.239817548,16.067678649,Other,random,C2H8O_1,16.067685000,RC2_0018_ICR-1_p08
389.123890521,405.191569171,16.067678649,Other,random,C2H8O_1,16.067685000,RC2_0018_ICR-1_p08
531.041600498,547.109279148,16.067678649,Other,random,C2H8O_1,16.067685000,RC2_0018_ICR-1_p08
619.057953570,635.125632220,16.067678649,Other,random,C2H8O_1,16.067685000,RC2_0018_ICR-1_p08
271.046000490,287.113680139,16.067679649,Other,random,C2H8O_1,16.067685000,RC2_0018_ICR-1_p08
361.056382349,377.124061998,16.067679649,Other,random,C2H8O_1,16.067685000,RC2_0018_ICR-1_p08
401.064379378,417.132059028,16.067679649,Other,random,C2H8O_1,16.067685000,RC2_0018_ICR-1_p08
501.067369048,517.135048697,16.067679649,Other,random,C2H8O_1,16.067685000,RC2_0018_ICR-1_p08
543.114389612,559.182069261,16.067679649,Other,random,C2H8O_1,16.067685000,RC2_0018_ICR-1_p08
559.036623079,575.104302728,16.067679649,Other,random,C2H8O_1,16.067685000,RC2_0018_ICR-1_p08
315.108484720,331.176165369,16.067680649,Other,random,C2H8O_1,16.067685000,RC2_0018_ICR-1_p08
495.223426909,511.291107558,16.067680649,Other,random,C2H8O_1,16.067685000,RC2_0018_ICR-1_p08
579.063062467,595.130743116,16.067680649,Other,random,C2H8O_1,16.067685000,RC2_0018_ICR-1_p08
401.118398075,417.186078724,16.067680649,Other,random,C2H8O_1,16.067685000,RC2_0018_ICR-1_p08
411.085060031,427.152741680,16.067681649,Other,random,C2H8O_1,16.067685000,RC2_0018_ICR-1_p08
391.152622114,407.220303763,16.067681649,Other,random,C2H8O_1,16.067685000,RC2_0018_ICR-1_p08
475.137479855,491.205161504,16.067681649,Other,random,C2H8O_1,16.067685000,RC2_0018_ICR-1_p08
393.009766671,409.077449320,16.067682649,Other,random,C2H8O_1,16.067685000,RC2_0018_ICR-1_p08
559.145854464,575.213537114,16.067682649,Other,random,C2H8O_1,16.067685000,RC2_0018_ICR-1_p08
239.056189373,255.123872022,16.067682649,Other,random,C2H8O_1,16.067685000,RC2_0018_ICR-1_p08
299.056124985,315.123807634,16.067682649,Other,random,C2H8O_1,16.067685000,RC2_0018_ICR-1_p08
377.124061998,393.191744647,16.067682649,Other,random,C2H8O_1,16.067685000,RC2_0018_ICR-1_p08
516.099657519,532.167340168,16.067682649,Other,random,C2H8O_1,16.067685000,RC2_0018_ICR-1_p08
543.187192202,559.254874851,16.067682649,Other,random,C2H8O_1,16.067685000,RC2_0018_ICR-1_p08
419.056203208,435.123886857,16.067683649,Other,random,C2H8O_1,16.067685000,RC2_0018_ICR-1_p08
375.035555742,391.103239391,16.067683649,Other,random,C2H8O_1,16.067685000,RC2_0018_ICR-1_p08
631.253088995,647.320772645,16.067683649,Other,random,C2H8O_1,16.067685000,RC2_0018_ICR-1_p08
279.051098476,295.118783125,16.067684649,Other,random,C2H8O_1,16.067685000,RC2_0018_ICR-1_p08
417.067288392,433.134973041,16.067684649,Other,random,C2H8O_1,16.067685000,RC2_0018_ICR-1_p08
471.093025598,487.160710247,16.067684649,Other,random,C2H8O_1,16.067685000,RC2_0018_ICR-1_p08
529.062426628,545.130111277,16.067684649,Other,random,C2H8O_1,16.067685000,RC2_0018_ICR-1_p08
631.094263888,647.161948538,16.067684649,Other,random,C2H8O_1,16.067685000,RC2_0018_ICR-1_p08
301.056502737,317.124188386,16.067685649,Other,random,C2H8O_1,16.067685000,RC2_0018_ICR-1_p08
306.061955590,322.129641239,16.067685649,Other,random,C2H8O_1,16.067685000,RC2_0018_ICR-1_p08
323.040768116,339.108453765,16.067685649,Other,random,C2H8O_1,16.067685000,RC2_0018_ICR-1_p08
341.043135886,357.110821535,16.067685649,Other,random,C2H8O_1,16.067685000,RC2_0018_ICR-1_p08
389.100655652,405.168341301,16.067685649,Other,random,C2H8O_1,16.067685000,RC2_0018_ICR-1_p08
407.098263449,423.165949098,16.067685649,Other,random,C2H8O_1,16.067685000,RC2_0018_ICR-1_p08
481.171365926,497.239051575,16.067685649,Other,random,C2H8O_1,16.067685000,RC2_0018_ICR-1_p08
553.192797939,569.260483588,16.067685649,Other,random,C2H8O_1,16.067685000,RC2_0018_ICR-1_p08
621.219289417,637.286975066,16.067685649,Other,random,C2H8O_1,16.067685000,RC2_0018_ICR-1_p08
377.087578203,393.155263852,16.067685649,Other,random,C2H8O_1,16.067685000,RC2_0018_ICR-1_p08
371.025306292,387.092992941,16.067686649,Other,random,C2H8O_1,16.067685000,RC2_0018_ICR-1_p08
509.057255119,525.124941769,16.067686649,Other,random,C2H8O_1,16.067685000,RC2_0018_ICR-1_p08
779.241251837,795.308938487,16.067686649,Other,random,C2H8O_1,16.067685000,RC2_0018_ICR-1_p08
279.087464271,295.155150921,16.067686649,Other,random,C2H8O_1,16.067685000,RC2_0018_ICR-1_p08
417.095571233,433.163257882,16.067686649,Other,random,C2H8O_1,16.067685000,RC2_0018_ICR-1_p08
733.199635736,749.267322385,16.067686649,Other,random,C2H8O_1,16.067685000,RC2_0018_ICR-1_p08
547.036475557,563.104163206,16.067687649,Other,random,C2H8O_1,16.067685000,RC2_0018_ICR-1_p08
583.195278231,599.262965880,16.067687649,Other,random,C2H8O_1,16.067685000,RC2_0018_ICR-1_p08
285.098011473,301.165699122,16.067687649,Other,random,C2H8O_1,16.067685000,RC2_0018_ICR-1_p08
313.071773173,329.139460822,16.067687649,Other,random,C2H8O_1,16.067685000,RC2_0018_ICR-1_p08
319.009446785,335.077134434,16.067687649,Other,random,C2H8O_1,16.067685000,RC2_0018_ICR-1_p08
371.040600206,387.108287855,16.067687649,Other,random,C2H8O_1,16.067685000,RC2_0018_ICR-1_p08
377.064416333,393.132103983,16.067687649,Other,random,C2H8O_1,16.067685000,RC2_0018_ICR-1_p08
361.087129176,377.154817825,16.067688649,Other,random,C2H8O_1,16.067685000,RC2_0018_ICR-1_p08
423.121467348,439.189155997,16.067688649,Other,random,C2H8O_1,16.067685000,RC2_0018_ICR-1_p08
471.087422629,487.155111278,16.067688649,Other,random,C2H8O_1,16.067685000,RC2_0018_ICR-1_p08
419.129046798,435.196735447,16.067688649,Other,random,C2H8O_1,16.067685000,RC2_0018_ICR-1_p08
451.173820606,467.241510255,16.067689649,Other,random,C2H8O_1,16.067685000,RC2_0018_ICR-1_p08
347.126554678,363.194244327,16.067689649,Other,random,C2H8O_1,16.067685000,RC2_0018_ICR-1_p08
525.116956814,541.184646463,16.067689649,Other,random,C2H8O_1,16.067685000,RC2_0018_ICR-1_p08
571.195149710,587.262839359,16.067689649,Other,random,C2H8O_1,16.067685000,RC2_0018_ICR-1_p08
269.066697620,285.134387269,16.067689649,Other,random,C2H8O_1,16.067685000,RC2_0018_ICR-1_p08
455.128979366,471.196669015,16.067689649,Other,random,C2H8O_1,16.067685000,RC2_0018_ICR-1_p08
461.066728977,477.134418626,16.067689649,Other,random,C2H8O_1,16.067685000,RC2_0018_ICR-1_p08
483.114298000,499.181987649,16.067689649,Other,random,C2H8O_1,16.067685000,RC2_0018_ICR-1_p08
411.142598707,427.210289356,16.067690649,Other,random,C2H8O_1,16.067685000,RC2_0018_ICR-1_p08
445.041127091,461.108817740,16.067690649,Other,random,C2H8O_1,16.067685000,RC2_0018_ICR-1_p08
503.132590435,519.200281084,16.067690649,Other,random,C2H8O_1,16.067685000,RC2_0018_ICR-1_p08
403.116300840,419.183991489,16.067690649,Other,random,C2H8O_1,16.067685000,RC2_0018_ICR-1_p08
421.071940873,437.139631522,16.067690649,Other,random,C2H8O_1,16.067685000,RC2_0018_ICR-1_p08
425.100678219,441.168368868,16.067690649,Other,random,C2H8O_1,16.067685000,RC2_0018_ICR-1_p08
457.041030614,473.108721263,16.067690649,Other,random,C2H8O_1,16.067685000,RC2_0018_ICR-1_p08
549.124948813,565.192639462,16.067690649,Other,random,C2H8O_1,16.067685000,RC2_0018_ICR-1_p08
272.041255893,288.108947542,16.067691649,Other,random,C2H8O_1,16.067685000,RC2_0018_ICR-1_p08
483.223435387,499.291127036,16.067691649,Other,random,C2H8O_1,16.067685000,RC2_0018_ICR-1_p08
587.104447249,603.172138898,16.067691649,Other,random,C2H8O_1,16.067685000,RC2_0018_ICR-1_p08
298.056867604,314.124560253,16.067692649,Other,random,C2H8O_1,16.067685000,RC2_0018_ICR-1_p08
263.095976194,279.163668843,16.067692649,Other,random,C2H8O_1,16.067685000,RC2_0018_ICR-1_p08
326.088097980,342.155790630,16.067692649,Other,random,C2H8O_1,16.067685000,RC2_0018_ICR-1_p08
417.103645187,433.171337837,16.067692649,Other,random,C2H8O_1,16.067685000,RC2_0018_ICR-1_p08
387.108287855,403.175981505,16.067693649,Other,random,C2H8O_1,16.067685000,RC2_0018_ICR-1_p08
335.077134434,351.144828083,16.067693649,Other,random,C2H8O_1,16.067685000,RC2_0018_ICR-1_p08
415.043661771,431.111355420,16.067693649,Other,random,C2H8O_1,16.067685000,RC2_0018_ICR-1_p08
451.051605293,467.119298942,16.067693649,Other,random,C2H8O_1,16.067685000,RC2_0018_ICR-1_p08
471.077836683,487.145530332,16.067693649,Other,random,C2H8O_1,16.067685000,RC2_0018_ICR-1_p08
361.019884554,377.087578203,16.067693649,Other,random,C2H8O_1,16.067685000,RC2_0018_ICR-1_p08
545.202839868,561.270534517,16.067694649,Other,random,C2H8O_1,16.067685000,RC2_0018_ICR-1_p08
351.100419333,367.168113982,16.067694649,Other,random,C2H8O_1,16.067685000,RC2_0018_ICR-1_p08
453.131977595,469.199672244,16.067694649,Other,random,C2H8O_1,16.067685000,RC2_0018_ICR-1_p08
473.145175058,489.212869707,16.067694649,Other,random,C2H8O_1,16.067685000,RC2_0018_ICR-1_p08
329.066630232,345.134324881,16.067694649,Other,random,C2H8O_1,16.067685000,RC2_0018_ICR-1_p08
538.120272694,554.187967343,16.067694649,Other,random,C2H8O_1,16.067685000,RC2_0018_ICR-1_p08
283.045949012,299.113643661,16.067694649,Other,random,C2H8O_1,16.067685000,RC2_0018_ICR-1_p08
383.090035451,399.157730100,16.067694649,Other,random,C2H8O_1,16.067685000,RC2_0018_ICR-1_p08
401.051288452,417.118983101,16.067694649,Other,random,C2H8O_1,16.067685000,RC2_0018_ICR-1_p08
501.080459974,517.148154623,16.067694649,Other,random,C2H8O_1,16.067685000,RC2_0018_ICR-1_p08
517.129368729,533.197063378,16.067694649,Other,random,C2H8O_1,16.067685000,RC2_0018_ICR-1_p08
389.014903134,405.140094460,16.125191326,Other,random,H16,16.125200000,RC2_0018_ICR-1_p08
319.045898580,335.171093905,16.125195326,Other,random,H16,16.125200000,RC2_0018_ICR-1_p08
511.124473495,527.249668821,16.125195326,Other,random,H16,16.125200000,RC2_0018_ICR-1_p08
345.061430291,361.186629616,16.125199326,Other,random,H16,16.125200000,RC2_0018_ICR-1_p08
485.072425989,501.197629315,16.125203326,Other,random,H16,16.125200000,RC2_0018_ICR-1_p08
414.059753304,431.038674829,16.978921525,Other,random,H_1O2N_1,16.978931000,RC2_0018_ICR-1_p08
416.111508766,433.090430291,16.978921525,Other,random,H_1O2N_1,16.978931000,RC2_0018_ICR-1_p08
552.135944882,569.114867407,16.978922525,Other,random,H_1O2N_1,16.978931000,RC2_0018_ICR-1_p08
306.025548795,323.004471320,16.978922525,Other,random,H_1O2N_1,16.978931000,RC2_0018_ICR-1_p08
368.090535795,385.069458320,16.978922525,Other,random,H_1O2N_1,16.978931000,RC2_0018_ICR-1_p08
508.109697448,525.088620973,16.978923525,Other,random,H_1O2N_1,16.978931000,RC2_0018_ICR-1_p08
296.041188938,313.020112463,16.978923525,Other,random,H_1O2N_1,16.978931000,RC2_0018_ICR-1_p08
320.041097984,337.020022509,16.978924525,Other,random,H_1O2N_1,16.978931000,RC2_0018_ICR-1_p08
422.109127041,439.088051566,16.978924525,Other,random,H_1O2N_1,16.978931000,RC2_0018_ICR-1_p08
293.077986601,310.056912126,16.978925525,Other,random,H_1O2N_1,16.978931000,RC2_0018_ICR-1_p08
442.127318476,459.106246001,16.978927525,Other,random,H_1O2N_1,16.978931000,RC2_0018_ICR-1_p08
622.141701230,639.120628755,16.978927525,Other,random,H_1O2N_1,16.978931000,RC2_0018_ICR-1_p08
344.077454824,361.056382349,16.978927525,Other,random,H_1O2N_1,16.978931000,RC2_0018_ICR-1_p08
376.080328867,393.059256392,16.978927525,Other,random,H_1O2N_1,16.978931000,RC2_0018_ICR-1_p08
380.062170477,397.041098002,16.978927525,Other,random,H_1O2N_1,16.978931000,RC2_0018_ICR-1_p08
546.089065884,563.067994410,16.978928525,Other,random,H_1O2N_1,16.978931000,RC2_0018_ICR-1_p08
646.141939273,663.120867798,16.978928525,Other,random,H_1O2N_1,16.978931000,RC2_0018_ICR-1_p08
348.085444286,365.064373811,16.978929525,Other,random,H_1O2N_1,16.978931000,RC2_0018_ICR-1_p08
280.046341880,297.025272405,16.978930525,Other,random,H_1O2N_1,16.978931000,RC2_0018_ICR-1_p08
304.046225925,321.025158450,16.978932525,Other,random,H_1O2N_1,16.978931000,RC2_0018_ICR-1_p08
446.122201012,463.101134537,16.978933525,Other,random,H_1O2N_1,16.978931000,RC2_0018_ICR-1_p08
482.057540943,499.036474468,16.978933525,Other,random,H_1O2N_1,16.978931000,RC2_0018_ICR-1_p08
308.126951978,325.105888503,16.978936525,Other,random,H_1O2N_1,16.978931000,RC2_0018_ICR-1_p08
478.062559407,495.041495932,16.978936525,Other,random,H_1O2N_1,16.978931000,RC2_0018_ICR-1_p08
502.062709451,519.041645976,16.978936525,Other,random,H_1O2N_1,16.978931000,RC2_0018_ICR-1_p08
444.142874142,461.121811667,16.978937525,Other,random,H_1O2N_1,16.978931000,RC2_0018_ICR-1_p08
474.140476461,491.119414986,16.978938525,Other,random,H_1O2N_1,16.978931000,RC2_0018_ICR-1_p08
312.072382793,329.051322318,16.978939525,Other,random,H_1O2N_1,16.978931000,RC2_0018_ICR-1_p08
298.056867604,315.035808129,16.978940525,Other,random,H_1O2N_1,16.978931000,RC2_0018_ICR-1_p08
261.098025429,278.103435805,17.005410376,Other,random,C3H_1N1O_2,17.005419000,RC2_0018_ICR-1_p08
497.057176598,514.062586974,17.005410376,Other,random,C3H_1N1O_2,17.005419000,RC2_0018_ICR-1_p08
375.056765623,392.062176999,17.005411376,Other,random,C3H_1N1O_2,17.005419000,RC2_0018_ICR-1_p08
386.064741723,403.070154100,17.005412376,Other,random,C3H_1N1O_2,17.005419000,RC2_0018_ICR-1_p08
473.166421939,490.171835315,17.005413376,Other,random,C3H_1N1O_2,17.005419000,RC2_0018_ICR-1_p08
426.132526417,443.137942793,17.005416376,Other,random,C3H_1N1O_2,17.005419000,RC2_0018_ICR-1_p08
275.077344821,292.082762197,17.005417376,Other,random,C3H_1N1O_2,17.005419000,RC2_0018_ICR-1_p08
345.082692171,362.088110547,17.005418376,Other,random,C3H_1N1O_2,17.005419000,RC2_0018_ICR-1_p08
431.155765170,448.161186547,17.005421376,Other,random,C3H_1N1O_2,17.005419000,RC2_0018_ICR-1_p08
315.072151925,332.077574301,17.005422376,Other,random,C3H_1N1O_2,17.005419000,RC2_0018_ICR-1_p08
319.103334257,336.108756633,17.005422376,Other,random,C3H_1N1O_2,17.005419000,RC2_0018_ICR-1_p08
285.025322882,302.030747258,17.005424376,Other,random,C3H_1N1O_2,17.005419000,RC2_0018_ICR-1_p08
531.062760379,548.068184756,17.005424376,Other,random,C3H_1N1O_2,17.005419000,RC2_0018_ICR-1_p08
305.087715068,322.093142445,17.005427376,Other,random,C3H_1N1O_2,17.005419000,RC2_0018_ICR-1_p08
290.088142413,307.093570789,17.005428376,Other,random,C3H_1N1O_2,17.005419000,RC2_0018_ICR-1_p08
601.104894523,618.110322899,17.005428376,Other,random,C3H_1N1O_2,17.005419000,RC2_0018_ICR-1_p08
361.092720145,378.119259402,17.026539257,Other,random,H3N1,17.026549000,RC2_0018_ICR-1_p08
563.067994410,580.094533667,17.026539257,Other,random,H3N1,17.026549000,RC2_0018_ICR-1_p08
379.079975000,396.106515257,17.026540257,Other,random,H3N1,17.026549000,RC2_0018_ICR-1_p08
251.019823100,268.046363357,17.026540257,Other,random,H3N1,17.026549000,RC2_0018_ICR-1_p08
321.025158450,338.051698707,17.026540257,Other,random,H3N1,17.026549000,RC2_0018_ICR-1_p08
293.103072460,310.129613717,17.026541257,Other,random,H3N1,17.026549000,RC2_0018_ICR-1_p08
357.025106017,374.051647275,17.026541257,Other,random,H3N1,17.026549000,RC2_0018_ICR-1_p08
261.040570752,278.067113009,17.026542257,Other,random,H3N1,17.026549000,RC2_0018_ICR-1_p08
609.182713100,626.209255358,17.026542257,Other,random,H3N1,17.026549000,RC2_0018_ICR-1_p08
281.030325346,298.056867604,17.026542257,Other,random,H3N1,17.026549000,RC2_0018_ICR-1_p08
361.050712381,378.077255638,17.026543257,Other,random,H3N1,17.026549000,RC2_0018_ICR-1_p08
342.074800085,359.101343342,17.026543257,Other,random,H3N1,17.026549000,RC2_0018_ICR-1_p08
289.056493214,306.083037472,17.026544257,Other,random,H3N1,17.026549000,RC2_0018_ICR-1_p08
319.139710052,336.166254310,17.026544257,Other,random,H3N1,17.026549000,RC2_0018_ICR-1_p08
599.161923448,616.188467706,17.026544257,Other,random,H3N1,17.026549000,RC2_0018_ICR-1_p08
619.130517162,636.157061420,17.026544257,Other,random,H3N1,17.026549000,RC2_0018_ICR-1_p08
277.071783606,294.098328863,17.026545257,Other,random,H3N1,17.026549000,RC2_0018_ICR-1_p08
541.062486150,558.089031407,17.026545257,Other,random,H3N1,17.026549000,RC2_0018_ICR-1_p08
575.104302728,592.130848985,17.026546257,Other,random,H3N1,17.026549000,RC2_0018_ICR-1_p08
595.203330708,612.229876966,17.026546257,Other,random,H3N1,17.026549000,RC2_0018_ICR-1_p08
457.113929204,474.140476461,17.026547257,Other,random,H3N1,17.026549000,RC2_0018_ICR-1_p08
413.015025178,430.041572436,17.026547257,Other,random,H3N1,17.026549000,RC2_0018_ICR-1_p08
335.077134434,352.103682691,17.026548257,Other,random,H3N1,17.026549000,RC2_0018_ICR-1_p08
353.100663085,370.127211342,17.026548257,Other,random,H3N1,17.026549000,RC2_0018_ICR-1_p08
401.087688247,418.114236505,17.026548257,Other,random,H3N1,17.026549000,RC2_0018_ICR-1_p08
465.030992685,482.057540943,17.026548257,Other,random,H3N1,17.026549000,RC2_0018_ICR-1_p08
289.092914009,306.119462267,17.026548257,Other,random,H3N1,17.026549000,RC2_0018_ICR-1_p08
313.056482259,330.083030516,17.026548257,Other,random,H3N1,17.026549000,RC2_0018_ICR-1_p08
515.119257032,532.145806289,17.026549257,Other,random,H3N1,17.026549000,RC2_0018_ICR-1_p08
375.121390259,392.147940517,17.026550257,Other,random,H3N1,17.026549000,RC2_0018_ICR-1_p08
275.056210940,292.082762197,17.026551257,Other,random,H3N1,17.026549000,RC2_0018_ICR-1_p08
333.061472768,350.088024025,17.026551257,Other,random,H3N1,17.026549000,RC2_0018_ICR-1_p08
235.024899041,252.051450299,17.026551257,Other,random,H3N1,17.026549000,RC2_0018_ICR-1_p08
267.051106954,284.077658211,17.026551257,Other,random,H3N1,17.026549000,RC2_0018_ICR-1_p08
265.035476288,282.062028545,17.026552257,Other,random,H3N1,17.026549000,RC2_0018_ICR-1_p08
302.067113054,319.093665311,17.026552257,Other,random,H3N1,17.026549000,RC2_0018_ICR-1_p08
663.229768186,680.256320443,17.026552257,Other,random,H3N1,17.026549000,RC2_0018_ICR-1_p08
363.035617219,380.062170477,17.026553257,Other,random,H3N1,17.026549000,RC2_0018_ICR-1_p08
306.098296386,323.124849643,17.026553257,Other,random,H3N1,17.026549000,RC2_0018_ICR-1_p08
547.072917352,564.099472609,17.026555257,Other,random,H3N1,17.026549000,RC2_0018_ICR-1_p08
269.066697620,286.093252877,17.026555257,Other,random,H3N1,17.026549000,RC2_0018_ICR-1_p08
287.113680139,304.140236396,17.026556257,Other,random,H3N1,17.026549000,RC2_0018_ICR-1_p08
573.161486653,590.188043910,17.026557257,Other,random,H3N1,17.026549000,RC2_0018_ICR-1_p08
343.058958551,360.085515808,17.026557257,Other,random,H3N1,17.026549000,RC2_0018_ICR-1_p08
441.095719277,458.122276534,17.026557257,Other,random,H3N1,17.026549000,RC2_0018_ICR-1_p08
485.072425989,502.098983247,17.026557257,Other,random,H3N1,17.026549000,RC2_0018_ICR-1_p08
259.082407763,276.108965020,17.026557257,Other,random,H3N1,17.026549000,RC2_0018_ICR-1_p08
431.155765170,449.121856145,17.966090974,Other,random,H_1Cl1O_1,17.966100000,RC2_0018_ICR-1_p08
363.144866605,381.110959579,17.966092974,Other,random,H_1Cl1O_1,17.966100000,RC2_0018_ICR-1_p08
361.186629616,379.152723591,17.966093974,Other,random,H_1Cl1O_1,17.966100000,RC2_0018_ICR-1_p08
369.155296808,387.121390782,17.966093974,Other,random,H_1Cl1O_1,17.966100000,RC2_0018_ICR-1_p08
557.187665476,575.153759450,17.966093974,Other,random,H_1Cl1O_1,17.966100000,RC2_0018_ICR-1_p08
333.134325358,351.100419333,17.966093974,Other,random,H_1Cl1O_1,17.966100000,RC2_0018_ICR-1_p08
394.114237460,412.080331434,17.966093974,Other,random,H_1Cl1O_1,17.966100000,RC2_0018_ICR-1_p08
411.129514781,429.095608755,17.966093974,Other,random,H_1Cl1O_1,17.966100000,RC2_0018_ICR-1_p08
503.140690389,521.106785363,17.966094974,Other,random,H_1Cl1O_1,17.966100000,RC2_0018_ICR-1_p08
569.224025793,587.190120768,17.966094974,Other,random,H_1Cl1O_1,17.966100000,RC2_0018_ICR-1_p08
389.145163402,407.111262376,17.966098974,Other,random,H_1Cl1O_1,17.966100000,RC2_0018_ICR-1_p08
449.145128014,467.111226988,17.966098974,Other,random,H_1Cl1O_1,17.966100000,RC2_0018_ICR-1_p08
453.140016550,471.106115524,17.966098974,Other,random,H_1Cl1O_1,17.966100000,RC2_0018_ICR-1_p08
413.254367832,431.220466807,17.966098974,Other,random,H_1Cl1O_1,17.966100000,RC2_0018_ICR-1_p08
307.155049444,325.121149418,17.966099974,Other,random,H_1Cl1O_1,17.966100000,RC2_0018_ICR-1_p08
329.124132908,347.090232882,17.966099974,Other,random,H_1Cl1O_1,17.966100000,RC2_0018_ICR-1_p08
519.187212157,537.153312131,17.966099974,Other,random,H_1Cl1O_1,17.966100000,RC2_0018_ICR-1_p08
305.124117864,323.090217838,17.966099974,Other,random,H_1Cl1O_1,17.966100000,RC2_0018_ICR-1_p08
569.296738385,587.262839359,17.966100974,Other,random,H_1Cl1O_1,17.966100000,RC2_0018_ICR-1_p08
347.186304342,365.152406316,17.966101974,Other,random,H_1Cl1O_1,17.966100000,RC2_0018_ICR-1_p08
413.217829038,431.183931012,17.966101974,Other,random,H_1Cl1O_1,17.966100000,RC2_0018_ICR-1_p08
445.207702154,463.173805128,17.966102974,Other,random,H_1Cl1O_1,17.966100000,RC2_0018_ICR-1_p08
521.166497028,539.132600002,17.966102974,Other,random,H_1Cl1O_1,17.966100000,RC2_0018_ICR-1_p08
511.254704763,529.220810737,17.966105974,Other,random,H_1Cl1O_1,17.966100000,RC2_0018_ICR-1_p08
375.093150418,393.059256392,17.966105974,Other,random,H_1Cl1O_1,17.966100000,RC2_0018_ICR-1_p08
467.192190533,485.158298507,17.966107974,Other,random,H_1Cl1O_1,17.966100000,RC2_0018_ICR-1_p08
459.187075546,477.153183520,17.966107974,Other,random,H_1Cl1O_1,17.966100000,RC2_0018_ICR-1_p08
441.176390823,459.142498797,17.966107974,Other,random,H_1Cl1O_1,17.966100000,RC2_0018_ICR-1_p08
401.181564719,419.147673694,17.966108974,Other,random,H_1Cl1O_1,17.966100000,RC2_0018_ICR-1_p08
559.275933733,577.242042707,17.966108974,Other,random,H_1Cl1O_1,17.966100000,RC2_0018_ICR-1_p08
465.212867663,483.178977637,17.966109974,Other,random,H_1Cl1O_1,17.966100000,RC2_0018_ICR-1_p08
449.145128014,467.119298942,17.974170929,Other,random,C_1H_2O2,17.974180000,RC2_0018_ICR-1_p08
398.137337838,416.111508766,17.974170929,Other,random,C_1H_2O2,17.974180000,RC2_0018_ICR-1_p08
499.160877768,517.135048697,17.974170929,Other,random,C_1H_2O2,17.974180000,RC2_0018_ICR-1_p08
372.108733200,390.082904129,17.974170929,Other,random,C_1H_2O2,17.974180000,RC2_0018_ICR-1_p08
478.099151201,496.073322130,17.974170929,Other,random,C_1H_2O2,17.974180000,RC2_0018_ICR-1_p08
241.144638629,259.118810558,17.974171929,Other,random,C_1H_2O2,17.974180000,RC2_0018_ICR-1_p08
317.139331301,335.113503229,17.974171929,Other,random,C_1H_2O2,17.974180000,RC2_0018_ICR-1_p08
413.181593242,431.155765170,17.974171929,Other,random,C_1H_2O2,17.974180000,RC2_0018_ICR-1_p08
249.113355820,267.087528749,17.974172929,Other,random,C_1H_2O2,17.974180000,RC2_0018_ICR-1_p08
332.113851097,350.088024025,17.974172929,Other,random,C_1H_2O2,17.974180000,RC2_0018_ICR-1_p08
233.154789557,251.128963486,17.974173929,Other,random,C_1H_2O2,17.974180000,RC2_0018_ICR-1_p08
275.092516736,293.066690664,17.974173929,Other,random,C_1H_2O2,17.974180000,RC2_0018_ICR-1_p08
277.144609196,295.118783125,17.974173929,Other,random,C_1H_2O2,17.974180000,RC2_0018_ICR-1_p08
279.051098476,297.025272405,17.974173929,Other,random,C_1H_2O2,17.974180000,RC2_0018_ICR-1_p08
311.077148389,329.051322318,17.974173929,Other,random,C_1H_2O2,17.974180000,RC2_0018_ICR-1_p08
385.092747189,403.066921118,17.974173929,Other,random,C_1H_2O2,17.974180000,RC2_0018_ICR-1_p08
633.255395736,651.229570665,17.974174929,Other,random,C_1H_2O2,17.974180000,RC2_0018_ICR-1_p08
499.145616854,517.119791783,17.974174929,Other,random,C_1H_2O2,17.974180000,RC2_0018_ICR-1_p08
327.100399288,345.074575217,17.974175929,Other,random,C_1H_2O2,17.974180000,RC2_0018_ICR-1_p08
399.202232849,417.176408778,17.974175929,Other,random,C_1H_2O2,17.974180000,RC2_0018_ICR-1_p08
453.067312959,471.041488887,17.974175929,Other,random,C_1H_2O2,17.974180000,RC2_0018_ICR-1_p08
403.139730708,421.113906637,17.974175929,Other,random,C_1H_2O2,17.974180000,RC2_0018_ICR-1_p08
421.223101023,439.197276952,17.974175929,Other,random,C_1H_2O2,17.974180000,RC2_0018_ICR-1_p08
761.304131700,779.278308629,17.974176929,Other,random,C_1H_2O2,17.974180000,RC2_0018_ICR-1_p08
313.129155850,331.103332779,17.974176929,Other,random,C_1H_2O2,17.974180000,RC2_0018_ICR-1_p08
325.129201372,343.103378301,17.974176929,Other,random,C_1H_2O2,17.974180000,RC2_0018_ICR-1_p08
395.220430240,413.194608168,17.974177929,Other,random,C_1H_2O2,17.974180000,RC2_0018_ICR-1_p08
418.077798710,436.051976638,17.974177929,Other,random,C_1H_2O2,17.974180000,RC2_0018_ICR-1_p08
461.121811667,479.095989596,17.974177929,Other,random,C_1H_2O2,17.974180000,RC2_0018_ICR-1_p08
335.149938024,353.124115953,17.974177929,Other,random,C_1H_2O2,17.974180000,RC2_0018_ICR-1_p08
399.108337377,417.082515306,17.974177929,Other,random,C_1H_2O2,17.974180000,RC2_0018_ICR-1_p08
513.153266087,531.127444016,17.974177929,Other,random,C_1H_2O2,17.974180000,RC2_0018_ICR-1_p08
493.207717244,511.181897172,17.974179929,Other,random,C_1H_2O2,17.974180000,RC2_0018_ICR-1_p08
679.297494835,697.271674764,17.974179929,Other,random,C_1H_2O2,17.974180000,RC2_0018_ICR-1_p08
269.066697620,287.040877548,17.974179929,Other,random,C_1H_2O2,17.974180000,RC2_0018_ICR-1_p08
403.175981505,421.150161433,17.974179929,Other,random,C_1H_2O2,17.974180000,RC2_0018_ICR-1_p08
267.123830545,285.098011473,17.974180929,Other,random,C_1H_2O2,17.974180000,RC2_0018_ICR-1_p08
523.072900308,541.047081236,17.974180929,Other,random,C_1H_2O2,17.974180000,RC2_0018_ICR-1_p08
345.101190067,363.075370996,17.974180929,Other,random,C_1H_2O2,17.974180000,RC2_0018_ICR-1_p08
431.165428116,449.139610045,17.974181929,Other,random,C_1H_2O2,17.974180000,RC2_0018_ICR-1_p08
459.215459387,477.189641315,17.974181929,Other,random,C_1H_2O2,17.974180000,RC2_0018_ICR-1_p08
375.157922054,393.132103983,17.974181929,Other,random,C_1H_2O2,17.974180000,RC2_0018_ICR-1_p08
581.151169725,599.125351654,17.974181929,Other,random,C_1H_2O2,17.974180000,RC2_0018_ICR-1_p08
278.103435805,296.077618733,17.974182929,Other,random,C_1H_2O2,17.974180000,RC2_0018_ICR-1_p08
421.150161433,439.124344362,17.974182929,Other,random,C_1H_2O2,17.974180000,RC2_0018_ICR-1_p08
535.182220215,553.156403144,17.974182929,Other,random,C_1H_2O2,17.974180000,RC2_0018_ICR-1_p08
306.061955590,324.036139519,17.974183929,Other,random,C_1H_2O2,17.974180000,RC2_0018_ICR-1_p08
335.077134434,353.051318362,17.974183929,Other,random,C_1H_2O2,17.974180000,RC2_0018_ICR-1_p08
567.114809654,585.088993582,17.974183929,Other,random,C_1H_2O2,17.974180000,RC2_0018_ICR-1_p08
461.231004053,479.205187982,17.974183929,Other,random,C_1H_2O2,17.974180000,RC2_0018_ICR-1_p08
532.109604493,550.083789422,17.974184929,Other,random,C_1H_2O2,17.974180000,RC2_0018_ICR-1_p08
427.139545754,445.113730683,17.974184929,Other,random,C_1H_2O2,17.974180000,RC2_0018_ICR-1_p08
273.076920070,291.051104998,17.974184929,Other,random,C_1H_2O2,17.974180000,RC2_0018_ICR-1_p08
281.066734142,299.040919070,17.974184929,Other,random,C_1H_2O2,17.974180000,RC2_0018_ICR-1_p08
405.168341301,423.142526230,17.974184929,Other,random,C_1H_2O2,17.974180000,RC2_0018_ICR-1_p08
488.156299648,506.130484577,17.974184929,Other,random,C_1H_2O2,17.974180000,RC2_0018_ICR-1_p08
317.116081431,335.090267360,17.974185929,Other,random,C_1H_2O2,17.974180000,RC2_0018_ICR-1_p08
377.154817825,395.129003754,17.974185929,Other,random,C_1H_2O2,17.974180000,RC2_0018_ICR-1_p08
459.056776279,477.030962208,17.974185929,Other,random,C_1H_2O2,17.974180000,RC2_0018_ICR-1_p08
543.236606924,561.210792853,17.974185929,Other,random,C_1H_2O2,17.974180000,RC2_0018_ICR-1_p08
255.123872022,273.098058951,17.974186929,Other,random,C_1H_2O2,17.974180000,RC2_0018_ICR-1_p08
385.105673116,403.079860045,17.974186929,Other,random,C_1H_2O2,17.974180000,RC2_0018_ICR-1_p08
451.087895089,469.062082018,17.974186929,Other,random,C_1H_2O2,17.974180000,RC2_0018_ICR-1_p08
543.078023816,561.052210745,17.974186929,Other,random,C_1H_2O2,17.974180000,RC2_0018_ICR-1_p08
549.226122244,567.200309173,17.974186929,Other,random,C_1H_2O2,17.974180000,RC2_0018_ICR-1_p08
345.061430291,363.035617219,17.974186929,Other,random,C_1H_2O2,17.974180000,RC2_0018_ICR-1_p08
391.189141908,409.163329837,17.974187929,Other,random,C_1H_2O2,17.974180000,RC2_0018_ICR-1_p08
511.088238699,529.062426628,17.974187929,Other,random,C_1H_2O2,17.974180000,RC2_0018_ICR-1_p08
321.097860041,339.072047970,17.974187929,Other,random,C_1H_2O2,17.974180000,RC2_0018_ICR-1_p08
423.093122508,441.067310436,17.974187929,Other,random,C_1H_2O2,17.974180000,RC2_0018_ICR-1_p08
451.160825679,469.135013608,17.974187929,Other,random,C_1H_2O2,17.974180000,RC2_0018_ICR-1_p08
455.082930625,473.057118553,17.974187929,Other,random,C_1H_2O2,17.974180000,RC2_0018_ICR-1_p08
443.147622738,461.121811667,17.974188929,Other,random,C_1H_2O2,17.974180000,RC2_0018_ICR-1_p08
499.191613595,517.165802524,17.974188929,Other,random,C_1H_2O2,17.974180000,RC2_0018_ICR-1_p08
653.188523649,671.162712578,17.974188929,Other,random,C_1H_2O2,17.974180000,RC2_0018_ICR-1_p08
261.076909547,279.051098476,17.974188929,Other,random,C_1H_2O2,17.974180000,RC2_0018_ICR-1_p08
471.160331219,489.134521148,17.974189929,Other,random,C_1H_2O2,17.974180000,RC2_0018_ICR-1_p08
533.202791346,551.176981274,17.974189929,Other,random,C_1H_2O2,17.974180000,RC2_0018_ICR-1_p08
551.176981274,569.151171203,17.974189929,Other,random,C_1H_2O2,17.974180000,RC2_0018_ICR-1_p08
361.142082867,379.116272796,17.974189929,Other,random,C_1H_2O2,17.974180000,RC2_0018_ICR-1_p08
365.051176886,383.043974710,17.992797824,Other,random,H2O_1S1,17.992807000,RC2_0018_ICR-1_p08
443.165255639,461.158054463,17.992798824,Other,random,H2O_1S1,17.992807000,RC2_0018_ICR-1_p08
307.118651648,325.111450472,17.992798824,Other,random,H2O_1S1,17.992807000,RC2_0018_ICR-1_p08
445.071835918,463.064634742,17.992798824,Other,random,H2O_1S1,17.992807000,RC2_0018_ICR-1_p08
327.108390243,345.101190067,17.992799824,Other,random,H2O_1S1,17.992807000,RC2_0018_ICR-1_p08
309.134276314,327.127076138,17.992799824,Other,random,H2O_1S1,17.992807000,RC2_0018_ICR-1_p08
369.128589958,387.121390782,17.992800824,Other,random,H2O_1S1,17.992807000,RC2_0018_ICR-1_p08
279.087464271,297.080265095,17.992800824,Other,random,H2O_1S1,17.992807000,RC2_0018_ICR-1_p08
545.124533308,563.117335132,17.992801824,Other,random,H2O_1S1,17.992807000,RC2_0018_ICR-1_p08
369.082494217,387.075297041,17.992802824,Other,random,H2O_1S1,17.992807000,RC2_0018_ICR-1_p08
253.071879561,271.064682385,17.992802824,Other,random,H2O_1S1,17.992807000,RC2_0018_ICR-1_p08
459.123901902,477.116705726,17.992803824,Other,random,H2O_1S1,17.992807000,RC2_0018_ICR-1_p08
371.071500032,389.064304856,17.992804824,Other,random,H2O_1S1,17.992807000,RC2_0018_ICR-1_p08
467.165492683,485.158298507,17.992805824,Other,random,H2O_1S1,17.992807000,RC2_0018_ICR-1_p08
459.087640106,477.080445930,17.992805824,Other,random,H2O_1S1,17.992807000,RC2_0018_ICR-1_p08
311.077148389,329.069955213,17.992806824,Other,random,H2O_1S1,17.992807000,RC2_0018_ICR-1_p08
355.066866029,373.059672853,17.992806824,Other,random,H2O_1S1,17.992807000,RC2_0018_ICR-1_p08
381.082419740,399.075226564,17.992806824,Other,random,H2O_1S1,17.992807000,RC2_0018_ICR-1_p08
399.139250204,417.132059028,17.992808824,Other,random,H2O_1S1,17.992807000,RC2_0018_ICR-1_p08
397.150170389,415.142981212,17.992810824,Other,random,H2O_1S1,17.992807000,RC2_0018_ICR-1_p08
311.113506185,329.106317009,17.992810824,Other,random,H2O_1S1,17.992807000,RC2_0018_ICR-1_p08
257.066755097,275.059571921,17.992816824,Other,random,H2O_1S1,17.992807000,RC2_0018_ICR-1_p08
471.114236478,489.124791202,18.010554724,Other,random,condensation/dehydration,18.010564710,RC2_0018_ICR-1_p08
353.196901544,371.207456268,18.010554724,Other,random,condensation/dehydration,18.010564710,RC2_0018_ICR-1_p08
579.208368650,597.218923374,18.010554724,Other,random,condensation/dehydration,18.010564710,RC2_0018_ICR-1_p08
588.099506654,606.110061378,18.010554724,Other,random,condensation/dehydration,18.010564710,RC2_0018_ICR-1_p08
595.203330708,613.213885432,18.010554724,Other,random,condensation/dehydration,18.010564710,RC2_0018_ICR-1_p08
261.076909547,279.087464271,18.010554724,Other,random,condensation/dehydration,18.010564710,RC2_0018_ICR-1_p08
369.046235421,387.056790145,18.010554724,Other,random,condensation/dehydration,18.010564710,RC2_0018_ICR-1_p08
377.137126925,395.147681649,18.010554724,Other,random,condensation/dehydration,18.010564710,RC2_0018_ICR-1_p08
241.108254834,259.118810558,18.010555724,Other,random,condensation/dehydration,18.010564710,RC2_0018_ICR-1_p08
531.223724474,549.234280199,18.010555724,Other,random,condensation/dehydration,18.010564710,RC2_0018_ICR-1_p08
645.146390871,663.156946596,18.010555724,Other,random,condensation/dehydration,18.010564710,RC2_0018_ICR-1_p08
275.092516736,293.103072460,18.010555724,Other,random,condensation/dehydration,18.010564710,RC2_0018_ICR-1_p08
355.066866029,373.077421753,18.010555724,Other,random,condensation/dehydration,18.010564710,RC2_0018_ICR-1_p08
263.092574213,281.103129937,18.010555724,Other,random,condensation/dehydration,18.010564710,RC2_0018_ICR-1_p08
393.082475262,411.093030986,18.010555724,Other,random,condensation/dehydration,18.010564710,RC2_0018_ICR-1_p08
447.165896143,465.176451867,18.010555724,Other,random,condensation/dehydration,18.010564710,RC2_0018_ICR-1_p08
267.123830545,285.134387269,18.010556724,Other,random,condensation/dehydration,18.010564710,RC2_0018_ICR-1_p08
277.108226401,295.118783125,18.010556724,Other,random,condensation/dehydration,18.010564710,RC2_0018_ICR-1_p08
296.041188938,314.051745662,18.010556724,Other,random,condensation/dehydration,18.010564710,RC2_0018_ICR-1_p08
361.056382349,379.066939073,18.010556724,Other,random,condensation/dehydration,18.010564710,RC2_0018_ICR-1_p08
395.207272314,413.217829038,18.010556724,Other,random,condensation/dehydration,18.010564710,RC2_0018_ICR-1_p08
439.197276952,457.207833676,18.010556724,Other,random,condensation/dehydration,18.010564710,RC2_0018_ICR-1_p08
717.131399090,735.141955814,18.010556724,Other,random,condensation/dehydration,18.010564710,RC2_0018_ICR-1_p08
727.261337128,745.271893852,18.010556724,Other,random,condensation/dehydration,18.010564710,RC2_0018_ICR-1_p08
243.123870500,261.134428224,18.010557724,Other,random,condensation/dehydration,18.010564710,RC2_0018_ICR-1_p08
385.142215911,403.152773635,18.010557724,Other,random,condensation/dehydration,18.010564710,RC2_0018_ICR-1_p08
279.014714681,297.025272405,18.010557724,Other,random,condensation/dehydration,18.010564710,RC2_0018_ICR-1_p08
343.168110937,361.178668661,18.010557724,Other,random,condensation/dehydration,18.010564710,RC2_0018_ICR-1_p08
383.053821654,401.064379378,18.010557724,Other,random,condensation/dehydration,18.010564710,RC2_0018_ICR-1_p08
414.112048010,432.122605734,18.010557724,Other,random,condensation/dehydration,18.010564710,RC2_0018_ICR-1_p08
433.186487751,451.197045475,18.010557724,Other,random,condensation/dehydration,18.010564710,RC2_0018_ICR-1_p08
535.145845420,553.156403144,18.010557724,Other,random,condensation/dehydration,18.010564710,RC2_0018_ICR-1_p08
573.125126857,591.135684581,18.010557724,Other,random,condensation/dehydration,18.010564710,RC2_0018_ICR-1_p08
719.183469551,737.194027275,18.010557724,Other,random,condensation/dehydration,18.010564710,RC2_0018_ICR-1_p08
275.095889717,293.106447441,18.010557724,Other,random,condensation/dehydration,18.010564710,RC2_0018_ICR-1_p08
397.178487229,415.189045953,18.010558724,Other,random,condensation/dehydration,18.010564710,RC2_0018_ICR-1_p08
485.072425989,503.082984714,18.010558724,Other,random,condensation/dehydration,18.010564710,RC2_0018_ICR-1_p08
269.139533210,287.150091934,18.010558724,Other,random,condensation/dehydration,18.010564710,RC2_0018_ICR-1_p08
293.077986601,311.088545325,18.010558724,Other,random,condensation/dehydration,18.010564710,RC2_0018_ICR-1_p08
339.072047970,357.082606694,18.010558724,Other,random,condensation/dehydration,18.010564710,RC2_0018_ICR-1_p08
389.087704725,407.098263449,18.010558724,Other,random,condensation/dehydration,18.010564710,RC2_0018_ICR-1_p08
425.137064014,443.147622738,18.010558724,Other,random,condensation/dehydration,18.010564710,RC2_0018_ICR-1_p08
431.098258494,449.108817218,18.010558724,Other,random,condensation/dehydration,18.010564710,RC2_0018_ICR-1_p08
563.047168527,581.057727251,18.010558724,Other,random,condensation/dehydration,18.010564710,RC2_0018_ICR-1_p08
543.163951333,561.174511057,18.010559724,Other,random,condensation/dehydration,18.010564710,RC2_0018_ICR-1_p08
323.077086912,341.087646636,18.010559724,Other,random,condensation/dehydration,18.010564710,RC2_0018_ICR-1_p08
347.107917783,365.118477507,18.010559724,Other,random,condensation/dehydration,18.010564710,RC2_0018_ICR-1_p08
351.100419333,369.110979057,18.010559724,Other,random,condensation/dehydration,18.010564710,RC2_0018_ICR-1_p08
391.139706186,409.150265910,18.010559724,Other,random,condensation/dehydration,18.010564710,RC2_0018_ICR-1_p08
433.150265955,451.160825679,18.010559724,Other,random,condensation/dehydration,18.010564710,RC2_0018_ICR-1_p08
457.098694290,475.109254014,18.010559724,Other,random,condensation/dehydration,18.010564710,RC2_0018_ICR-1_p08
645.219208462,663.229768186,18.010559724,Other,random,condensation/dehydration,18.010564710,RC2_0018_ICR-1_p08
337.020022509,355.030582233,18.010559724,Other,random,condensation/dehydration,18.010564710,RC2_0018_ICR-1_p08
519.223541953,537.234101677,18.010559724,Other,random,condensation/dehydration,18.010564710,RC2_0018_ICR-1_p08
467.119298942,485.129858667,18.010559724,Other,random,condensation/dehydration,18.010564710,RC2_0018_ICR-1_p08
491.155723782,509.166284506,18.010560724,Other,random,condensation/dehydration,18.010564710,RC2_0018_ICR-1_p08
268.046363357,286.056924081,18.010560724,Other,random,condensation/dehydration,18.010564710,RC2_0018_ICR-1_p08
279.051098476,297.061659200,18.010560724,Other,random,condensation/dehydration,18.010564710,RC2_0018_ICR-1_p08
373.033090002,391.043650726,18.010560724,Other,random,condensation/dehydration,18.010564710,RC2_0018_ICR-1_p08
383.134591200,401.145151924,18.010560724,Other,random,condensation/dehydration,18.010564710,RC2_0018_ICR-1_p08
549.124948813,567.135509537,18.010560724,Other,random,condensation/dehydration,18.010564710,RC2_0018_ICR-1_p08
317.160532181,335.171093905,18.010561724,Other,random,condensation/dehydration,18.010564710,RC2_0018_ICR-1_p08
357.092265640,375.102827364,18.010561724,Other,random,condensation/dehydration,18.010564710,RC2_0018_ICR-1_p08
369.118928012,387.129489736,18.010561724,Other,random,condensation/dehydration,18.010564710,RC2_0018_ICR-1_p08
253.144585152,271.155146876,18.010561724,Other,random,condensation/dehydration,18.010564710,RC2_0018_ICR-1_p08
351.035673697,369.046235421,18.010561724,Other,random,condensation/dehydration,18.010564710,RC2_0018_ICR-1_p08
403.116300840,421.126862564,18.010561724,Other,random,condensation/dehydration,18.010564710,RC2_0018_ICR-1_p08
473.139552090,491.150113814,18.010561724,Other,random,condensation/dehydration,18.010564710,RC2_0018_ICR-1_p08
487.197097042,505.207658766,18.010561724,Other,random,condensation/dehydration,18.010564710,RC2_0018_ICR-1_p08
513.124954246,531.135515970,18.010561724,Other,random,condensation/dehydration,18.010564710,RC2_0018_ICR-1_p08
613.156524755,631.167086479,18.010561724,Other,random,condensation/dehydration,18.010564710,RC2_0018_ICR-1_p08
309.072827660,327.083390384,18.010562724,Other,random,condensation/dehydration,18.010564710,RC2_0018_ICR-1_p08
316.082511243,334.093073967,18.010562724,Other,random,condensation/dehydration,18.010564710,RC2_0018_ICR-1_p08
331.095213825,349.105776549,18.010562724,Other,random,condensation/dehydration,18.010564710,RC2_0018_ICR-1_p08
339.035559175,357.046121899,18.010562724,Other,random,condensation/dehydration,18.010564710,RC2_0018_ICR-1_p08
381.082419740,399.092982464,18.010562724,Other,random,condensation/dehydration,18.010564710,RC2_0018_ICR-1_p08
467.111226988,485.121789712,18.010562724,Other,random,condensation/dehydration,18.010564710,RC2_0018_ICR-1_p08
533.057331164,551.067893888,18.010562724,Other,random,condensation/dehydration,18.010564710,RC2_0018_ICR-1_p08
567.127525582,585.138088306,18.010562724,Other,random,condensation/dehydration,18.010564710,RC2_0018_ICR-1_p08
569.166623116,587.177185840,18.010562724,Other,random,condensation/dehydration,18.010564710,RC2_0018_ICR-1_p08
433.163257882,451.173820606,18.010562724,Other,random,condensation/dehydration,18.010564710,RC2_0018_ICR-1_p08
313.165601645,331.176165369,18.010563724,Other,random,condensation/dehydration,18.010564710,RC2_0018_ICR-1_p08
327.108390243,345.118953967,18.010563724,Other,random,condensation/dehydration,18.010564710,RC2_0018_ICR-1_p08
406.127325909,424.137889633,18.010563724,Other,random,condensation/dehydration,18.010564710,RC2_0018_ICR-1_p08
625.141348363,643.151912087,18.010563724,Other,random,condensation/dehydration,18.010564710,RC2_0018_ICR-1_p08
374.124444865,392.135009589,18.010564724,Other,random,condensation/dehydration,18.010564710,RC2_0018_ICR-1_p08
548.068184756,566.078749480,18.010564724,Other,random,condensation/dehydration,18.010564710,RC2_0018_ICR-1_p08
285.040472797,303.051037521,18.010564724,Other,random,condensation/dehydration,18.010564710,RC2_0018_ICR-1_p08
391.175910983,409.186475707,18.010564724,Other,random,condensation/dehydration,18.010564710,RC2_0018_ICR-1_p08
465.030992685,483.041557409,18.010564724,Other,random,condensation/dehydration,18.010564710,RC2_0018_ICR-1_p08
399.157730100,417.168295824,18.010565724,Other,random,condensation/dehydration,18.010564710,RC2_0018_ICR-1_p08
441.131933073,459.142498797,18.010565724,Other,random,condensation/dehydration,18.010564710,RC2_0018_ICR-1_p08
239.056189373,257.066755097,18.010565724,Other,random,condensation/dehydration,18.010564710,RC2_0018_ICR-1_p08
257.139457688,275.150023412,18.010565724,Other,random,condensation/dehydration,18.010564710,RC2_0018_ICR-1_p08
677.245580373,695.256146097,18.010565724,Other,random,condensation/dehydration,18.010564710,RC2_0018_ICR-1_p08
405.077009815,423.087576539,18.010566724,Other,random,condensation/dehydration,18.010564710,RC2_0018_ICR-1_p08
467.155823737,485.166390461,18.010566724,Other,random,condensation/dehydration,18.010564710,RC2_0018_ICR-1_p08
537.161278087,555.171844811,18.010566724,Other,random,condensation/dehydration,18.010564710,RC2_0018_ICR-1_p08
301.108147446,319.118714170,18.010566724,Other,random,condensation/dehydration,18.010564710,RC2_0018_ICR-1_p08
395.061853131,413.072419856,18.010566724,Other,random,condensation/dehydration,18.010564710,RC2_0018_ICR-1_p08
500.119645377,518.130212101,18.010566724,Other,random,condensation/dehydration,18.010564710,RC2_0018_ICR-1_p08
263.056167418,281.066734142,18.010566724,Other,random,condensation/dehydration,18.010564710,RC2_0018_ICR-1_p08
333.074561695,351.085128419,18.010566724,Other,random,condensation/dehydration,18.010564710,RC2_0018_ICR-1_p08
379.131628709,397.142196433,18.010567724,Other,random,condensation/dehydration,18.010564710,RC2_0018_ICR-1_p08
465.212867663,483.223435387,18.010567724,Other,random,condensation/dehydration,18.010564710,RC2_0018_ICR-1_p08
443.025247427,461.035815151,18.010567724,Other,random,condensation/dehydration,18.010564710,RC2_0018_ICR-1_p08
483.123809947,501.134377671,18.010567724,Other,random,condensation/dehydration,18.010564710,RC2_0018_ICR-1_p08
369.100973113,387.111541837,18.010568724,Other,random,condensation/dehydration,18.010564710,RC2_0018_ICR-1_p08
422.080730201,440.091298925,18.010568724,Other,random,condensation/dehydration,18.010564710,RC2_0018_ICR-1_p08
505.135115174,523.145683898,18.010568724,Other,random,condensation/dehydration,18.010564710,RC2_0018_ICR-1_p08
519.041645976,537.052214700,18.010568724,Other,random,condensation/dehydration,18.010564710,RC2_0018_ICR-1_p08
735.251448198,753.262016922,18.010568724,Other,random,condensation/dehydration,18.010564710,RC2_0018_ICR-1_p08
457.113929204,475.124497928,18.010568724,Other,random,condensation/dehydration,18.010564710,RC2_0018_ICR-1_p08
327.123756157,345.134324881,18.010568724,Other,random,condensation/dehydration,18.010564710,RC2_0018_ICR-1_p08
495.223426909,513.233995633,18.010568724,Other,random,condensation/dehydration,18.010564710,RC2_0018_ICR-1_p08
357.110821535,375.121390259,18.010568724,Other,random,condensation/dehydration,18.010564710,RC2_0018_ICR-1_p08
373.178573184,391.189141908,18.010568724,Other,random,condensation/dehydration,18.010564710,RC2_0018_ICR-1_p08
451.160825679,469.171394403,18.010568724,Other,random,condensation/dehydration,18.010564710,RC2_0018_ICR-1_p08
765.225671649,783.236240373,18.010568724,Other,random,condensation/dehydration,18.010564710,RC2_0018_ICR-1_p08
308.113932052,326.124501776,18.010569724,Other,random,condensation/dehydration,18.010564710,RC2_0018_ICR-1_p08
336.036064042,354.046633766,18.010569724,Other,random,condensation/dehydration,18.010564710,RC2_0018_ICR-1_p08
363.194244327,381.204814051,18.010569724,Other,random,condensation/dehydration,18.010564710,RC2_0018_ICR-1_p08
377.082055234,395.092624958,18.010569724,Other,random,condensation/dehydration,18.010564710,RC2_0018_ICR-1_p08
441.212932618,459.223502342,18.010569724,Other,random,condensation/dehydration,18.010564710,RC2_0018_ICR-1_p08
513.088487451,531.099057175,18.010569724,Other,random,condensation/dehydration,18.010564710,RC2_0018_ICR-1_p08
597.182695578,615.193265302,18.010569724,Other,random,condensation/dehydration,18.010564710,RC2_0018_ICR-1_p08
599.262965880,617.273535604,18.010569724,Other,random,condensation/dehydration,18.010564710,RC2_0018_ICR-1_p08
637.141245885,655.151815610,18.010569724,Other,random,condensation/dehydration,18.010564710,RC2_0018_ICR-1_p08
251.128963486,269.139533210,18.010569724,Other,random,condensation/dehydration,18.010564710,RC2_0018_ICR-1_p08
373.092669667,391.103239391,18.010569724,Other,random,condensation/dehydration,18.010564710,RC2_0018_ICR-1_p08
377.087578203,395.098147927,18.010569724,Other,random,condensation/dehydration,18.010564710,RC2_0018_ICR-1_p08
627.208637738,645.219208462,18.010570724,Other,random,condensation/dehydration,18.010564710,RC2_0018_ICR-1_p08
507.236636357,525.247207081,18.010570724,Other,random,condensation/dehydration,18.010564710,RC2_0018_ICR-1_p08
467.184183578,485.194754302,18.010570724,Other,random,condensation/dehydration,18.010564710,RC2_0018_ICR-1_p08
735.214694405,753.225265129,18.010570724,Other,random,condensation/dehydration,18.010564710,RC2_0018_ICR-1_p08
271.061260404,289.071831128,18.010570724,Other,random,condensation/dehydration,18.010564710,RC2_0018_ICR-1_p08
345.074575217,363.085145941,18.010570724,Other,random,condensation/dehydration,18.010564710,RC2_0018_ICR-1_p08
367.131645187,385.142215911,18.010570724,Other,random,condensation/dehydration,18.010564710,RC2_0018_ICR-1_p08
445.144684509,463.155256233,18.010571724,Other,random,condensation/dehydration,18.010564710,RC2_0018_ICR-1_p08
405.204664097,423.215235821,18.010571724,Other,random,condensation/dehydration,18.010564710,RC2_0018_ICR-1_p08
315.100332766,333.110905490,18.010572724,Other,random,condensation/dehydration,18.010564710,RC2_0018_ICR-1_p08
381.046201943,399.056774667,18.010572724,Other,random,condensation/dehydration,18.010564710,RC2_0018_ICR-1_p08
465.176451867,483.187024591,18.010572724,Other,random,condensation/dehydration,18.010564710,RC2_0018_ICR-1_p08
316.095593170,334.106165894,18.010572724,Other,random,condensation/dehydration,18.010564710,RC2_0018_ICR-1_p08
455.128979366,473.139552090,18.010572724,Other,random,condensation/dehydration,18.010564710,RC2_0018_ICR-1_p08
471.069744729,489.080318453,18.010573724,Other,random,condensation/dehydration,18.010564710,RC2_0018_ICR-1_p08
503.241538822,521.252112546,18.010573724,Other,random,condensation/dehydration,18.010564710,RC2_0018_ICR-1_p08
541.119899827,559.130473551,18.010573724,Other,random,condensation/dehydration,18.010564710,RC2_0018_ICR-1_p08
347.113430752,365.124004476,18.010573724,Other,random,condensation/dehydration,18.010564710,RC2_0018_ICR-1_p08
360.085515808,378.096089532,18.010573724,Other,random,condensation/dehydration,18.010564710,RC2_0018_ICR-1_p08
489.189632838,507.200206562,18.010573724,Other,random,condensation/dehydration,18.010564710,RC2_0018_ICR-1_p08
241.108254834,259.118810558,18.010555724,Other,random,H2O,18.010565000,RC2_0018_ICR-1_p08
531.223724474,549.234280199,18.010555724,Other,random,H2O,18.010565000,RC2_0018_ICR-1_p08
645.146390871,663.156946596,18.010555724,Other,random,H2O,18.010565000,RC2_0018_ICR-1_p08
275.092516736,293.103072460,18.010555724,Other,random,H2O,18.010565000,RC2_0018_ICR-1_p08
355.066866029,373.077421753,18.010555724,Other,random,H2O,18.010565000,RC2_0018_ICR-1_p08
263.092574213,281.103129937,18.010555724,Other,random,H2O,18.010565000,RC2_0018_ICR-1_p08
393.082475262,411.093030986,18.010555724,Other,random,H2O,18.010565000,RC2_0018_ICR-1_p08
447.165896143,465.176451867,18.010555724,Other,random,H2O,18.010565000,RC2_0018_ICR-1_p08
267.123830545,285.134387269,18.010556724,Other,random,H2O,18.010565000,RC2_0018_ICR-1_p08
277.108226401,295.118783125,18.010556724,Other,random,H2O,18.010565000,RC2_0018_ICR-1_p08
296.041188938,314.051745662,18.010556724,Other,random,H2O,18.010565000,RC2_0018_ICR-1_p08
361.056382349,379.066939073,18.010556724,Other,random,H2O,18.010565000,RC2_0018_ICR-1_p08
395.207272314,413.217829038,18.010556724,Other,random,H2O,18.010565000,RC2_0018_ICR-1_p08
439.197276952,457.207833676,18.010556724,Other,random,H2O,18.010565000,RC2_0018_ICR-1_p08
717.131399090,735.141955814,18.010556724,Other,random,H2O,18.010565000,RC2_0018_ICR-1_p08
727.261337128,745.271893852,18.010556724,Other,random,H2O,18.010565000,RC2_0018_ICR-1_p08
243.123870500,261.134428224,18.010557724,Other,random,H2O,18.010565000,RC2_0018_ICR-1_p08
385.142215911,403.152773635,18.010557724,Other,random,H2O,18.010565000,RC2_0018_ICR-1_p08
279.014714681,297.025272405,18.010557724,Other,random,H2O,18.010565000,RC2_0018_ICR-1_p08
343.168110937,361.178668661,18.010557724,Other,random,H2O,18.010565000,RC2_0018_ICR-1_p08
383.053821654,401.064379378,18.010557724,Other,random,H2O,18.010565000,RC2_0018_ICR-1_p08
414.112048010,432.122605734,18.010557724,Other,random,H2O,18.010565000,RC2_0018_ICR-1_p08
433.186487751,451.197045475,18.010557724,Other,random,H2O,18.010565000,RC2_0018_ICR-1_p08
535.145845420,553.156403144,18.010557724,Other,random,H2O,18.010565000,RC2_0018_ICR-1_p08
573.125126857,591.135684581,18.010557724,Other,random,H2O,18.010565000,RC2_0018_ICR-1_p08
719.183469551,737.194027275,18.010557724,Other,random,H2O,18.010565000,RC2_0018_ICR-1_p08
275.095889717,293.106447441,18.010557724,Other,random,H2O,18.010565000,RC2_0018_ICR-1_p08
397.178487229,415.189045953,18.010558724,Other,random,H2O,18.010565000,RC2_0018_ICR-1_p08
485.072425989,503.082984714,18.010558724,Other,random,H2O,18.010565000,RC2_0018_ICR-1_p08
269.139533210,287.150091934,18.010558724,Other,random,H2O,18.010565000,RC2_0018_ICR-1_p08
293.077986601,311.088545325,18.010558724,Other,random,H2O,18.010565000,RC2_0018_ICR-1_p08
339.072047970,357.082606694,18.010558724,Other,random,H2O,18.010565000,RC2_0018_ICR-1_p08
389.087704725,407.098263449,18.010558724,Other,random,H2O,18.010565000,RC2_0018_ICR-1_p08
425.137064014,443.147622738,18.010558724,Other,random,H2O,18.010565000,RC2_0018_ICR-1_p08
431.098258494,449.108817218,18.010558724,Other,random,H2O,18.010565000,RC2_0018_ICR-1_p08
563.047168527,581.057727251,18.010558724,Other,random,H2O,18.010565000,RC2_0018_ICR-1_p08
543.163951333,561.174511057,18.010559724,Other,random,H2O,18.010565000,RC2_0018_ICR-1_p08
323.077086912,341.087646636,18.010559724,Other,random,H2O,18.010565000,RC2_0018_ICR-1_p08
347.107917783,365.118477507,18.010559724,Other,random,H2O,18.010565000,RC2_0018_ICR-1_p08
351.100419333,369.110979057,18.010559724,Other,random,H2O,18.010565000,RC2_0018_ICR-1_p08
391.139706186,409.150265910,18.010559724,Other,random,H2O,18.010565000,RC2_0018_ICR-1_p08
433.150265955,451.160825679,18.010559724,Other,random,H2O,18.010565000,RC2_0018_ICR-1_p08
457.098694290,475.109254014,18.010559724,Other,random,H2O,18.010565000,RC2_0018_ICR-1_p08
645.219208462,663.229768186,18.010559724,Other,random,H2O,18.010565000,RC2_0018_ICR-1_p08
337.020022509,355.030582233,18.010559724,Other,random,H2O,18.010565000,RC2_0018_ICR-1_p08
519.223541953,537.234101677,18.010559724,Other,random,H2O,18.010565000,RC2_0018_ICR-1_p08
467.119298942,485.129858667,18.010559724,Other,random,H2O,18.010565000,RC2_0018_ICR-1_p08
491.155723782,509.166284506,18.010560724,Other,random,H2O,18.010565000,RC2_0018_ICR-1_p08
268.046363357,286.056924081,18.010560724,Other,random,H2O,18.010565000,RC2_0018_ICR-1_p08
279.051098476,297.061659200,18.010560724,Other,random,H2O,18.010565000,RC2_0018_ICR-1_p08
373.033090002,391.043650726,18.010560724,Other,random,H2O,18.010565000,RC2_0018_ICR-1_p08
383.134591200,401.145151924,18.010560724,Other,random,H2O,18.010565000,RC2_0018_ICR-1_p08
549.124948813,567.135509537,18.010560724,Other,random,H2O,18.010565000,RC2_0018_ICR-1_p08
317.160532181,335.171093905,18.010561724,Other,random,H2O,18.010565000,RC2_0018_ICR-1_p08
357.092265640,375.102827364,18.010561724,Other,random,H2O,18.010565000,RC2_0018_ICR-1_p08
369.118928012,387.129489736,18.010561724,Other,random,H2O,18.010565000,RC2_0018_ICR-1_p08
253.144585152,271.155146876,18.010561724,Other,random,H2O,18.010565000,RC2_0018_ICR-1_p08
351.035673697,369.046235421,18.010561724,Other,random,H2O,18.010565000,RC2_0018_ICR-1_p08
403.116300840,421.126862564,18.010561724,Other,random,H2O,18.010565000,RC2_0018_ICR-1_p08
473.139552090,491.150113814,18.010561724,Other,random,H2O,18.010565000,RC2_0018_ICR-1_p08
487.197097042,505.207658766,18.010561724,Other,random,H2O,18.010565000,RC2_0018_ICR-1_p08
513.124954246,531.135515970,18.010561724,Other,random,H2O,18.010565000,RC2_0018_ICR-1_p08
613.156524755,631.167086479,18.010561724,Other,random,H2O,18.010565000,RC2_0018_ICR-1_p08
309.072827660,327.083390384,18.010562724,Other,random,H2O,18.010565000,RC2_0018_ICR-1_p08
316.082511243,334.093073967,18.010562724,Other,random,H2O,18.010565000,RC2_0018_ICR-1_p08
331.095213825,349.105776549,18.010562724,Other,random,H2O,18.010565000,RC2_0018_ICR-1_p08
339.035559175,357.046121899,18.010562724,Other,random,H2O,18.010565000,RC2_0018_ICR-1_p08
381.082419740,399.092982464,18.010562724,Other,random,H2O,18.010565000,RC2_0018_ICR-1_p08
467.111226988,485.121789712,18.010562724,Other,random,H2O,18.010565000,RC2_0018_ICR-1_p08
533.057331164,551.067893888,18.010562724,Other,random,H2O,18.010565000,RC2_0018_ICR-1_p08
567.127525582,585.138088306,18.010562724,Other,random,H2O,18.010565000,RC2_0018_ICR-1_p08
569.166623116,587.177185840,18.010562724,Other,random,H2O,18.010565000,RC2_0018_ICR-1_p08
433.163257882,451.173820606,18.010562724,Other,random,H2O,18.010565000,RC2_0018_ICR-1_p08
313.165601645,331.176165369,18.010563724,Other,random,H2O,18.010565000,RC2_0018_ICR-1_p08
327.108390243,345.118953967,18.010563724,Other,random,H2O,18.010565000,RC2_0018_ICR-1_p08
406.127325909,424.137889633,18.010563724,Other,random,H2O,18.010565000,RC2_0018_ICR-1_p08
625.141348363,643.151912087,18.010563724,Other,random,H2O,18.010565000,RC2_0018_ICR-1_p08
374.124444865,392.135009589,18.010564724,Other,random,H2O,18.010565000,RC2_0018_ICR-1_p08
548.068184756,566.078749480,18.010564724,Other,random,H2O,18.010565000,RC2_0018_ICR-1_p08
285.040472797,303.051037521,18.010564724,Other,random,H2O,18.010565000,RC2_0018_ICR-1_p08
391.175910983,409.186475707,18.010564724,Other,random,H2O,18.010565000,RC2_0018_ICR-1_p08
465.030992685,483.041557409,18.010564724,Other,random,H2O,18.010565000,RC2_0018_ICR-1_p08
399.157730100,417.168295824,18.010565724,Other,random,H2O,18.010565000,RC2_0018_ICR-1_p08
441.131933073,459.142498797,18.010565724,Other,random,H2O,18.010565000,RC2_0018_ICR-1_p08
239.056189373,257.066755097,18.010565724,Other,random,H2O,18.010565000,RC2_0018_ICR-1_p08
257.139457688,275.150023412,18.010565724,Other,random,H2O,18.010565000,RC2_0018_ICR-1_p08
677.245580373,695.256146097,18.010565724,Other,random,H2O,18.010565000,RC2_0018_ICR-1_p08
405.077009815,423.087576539,18.010566724,Other,random,H2O,18.010565000,RC2_0018_ICR-1_p08
467.155823737,485.166390461,18.010566724,Other,random,H2O,18.010565000,RC2_0018_ICR-1_p08
537.161278087,555.171844811,18.010566724,Other,random,H2O,18.010565000,RC2_0018_ICR-1_p08
301.108147446,319.118714170,18.010566724,Other,random,H2O,18.010565000,RC2_0018_ICR-1_p08
395.061853131,413.072419856,18.010566724,Other,random,H2O,18.010565000,RC2_0018_ICR-1_p08
500.119645377,518.130212101,18.010566724,Other,random,H2O,18.010565000,RC2_0018_ICR-1_p08
263.056167418,281.066734142,18.010566724,Other,random,H2O,18.010565000,RC2_0018_ICR-1_p08
333.074561695,351.085128419,18.010566724,Other,random,H2O,18.010565000,RC2_0018_ICR-1_p08
379.131628709,397.142196433,18.010567724,Other,random,H2O,18.010565000,RC2_0018_ICR-1_p08
465.212867663,483.223435387,18.010567724,Other,random,H2O,18.010565000,RC2_0018_ICR-1_p08
443.025247427,461.035815151,18.010567724,Other,random,H2O,18.010565000,RC2_0018_ICR-1_p08
483.123809947,501.134377671,18.010567724,Other,random,H2O,18.010565000,RC2_0018_ICR-1_p08
369.100973113,387.111541837,18.010568724,Other,random,H2O,18.010565000,RC2_0018_ICR-1_p08
422.080730201,440.091298925,18.010568724,Other,random,H2O,18.010565000,RC2_0018_ICR-1_p08
505.135115174,523.145683898,18.010568724,Other,random,H2O,18.010565000,RC2_0018_ICR-1_p08
519.041645976,537.052214700,18.010568724,Other,random,H2O,18.010565000,RC2_0018_ICR-1_p08
735.251448198,753.262016922,18.010568724,Other,random,H2O,18.010565000,RC2_0018_ICR-1_p08
457.113929204,475.124497928,18.010568724,Other,random,H2O,18.010565000,RC2_0018_ICR-1_p08
327.123756157,345.134324881,18.010568724,Other,random,H2O,18.010565000,RC2_0018_ICR-1_p08
495.223426909,513.233995633,18.010568724,Other,random,H2O,18.010565000,RC2_0018_ICR-1_p08
357.110821535,375.121390259,18.010568724,Other,random,H2O,18.010565000,RC2_0018_ICR-1_p08
373.178573184,391.189141908,18.010568724,Other,random,H2O,18.010565000,RC2_0018_ICR-1_p08
451.160825679,469.171394403,18.010568724,Other,random,H2O,18.010565000,RC2_0018_ICR-1_p08
765.225671649,783.236240373,18.010568724,Other,random,H2O,18.010565000,RC2_0018_ICR-1_p08
308.113932052,326.124501776,18.010569724,Other,random,H2O,18.010565000,RC2_0018_ICR-1_p08
336.036064042,354.046633766,18.010569724,Other,random,H2O,18.010565000,RC2_0018_ICR-1_p08
363.194244327,381.204814051,18.010569724,Other,random,H2O,18.010565000,RC2_0018_ICR-1_p08
377.082055234,395.092624958,18.010569724,Other,random,H2O,18.010565000,RC2_0018_ICR-1_p08
441.212932618,459.223502342,18.010569724,Other,random,H2O,18.010565000,RC2_0018_ICR-1_p08
513.088487451,531.099057175,18.010569724,Other,random,H2O,18.010565000,RC2_0018_ICR-1_p08
597.182695578,615.193265302,18.010569724,Other,random,H2O,18.010565000,RC2_0018_ICR-1_p08
599.262965880,617.273535604,18.010569724,Other,random,H2O,18.010565000,RC2_0018_ICR-1_p08
637.141245885,655.151815610,18.010569724,Other,random,H2O,18.010565000,RC2_0018_ICR-1_p08
251.128963486,269.139533210,18.010569724,Other,random,H2O,18.010565000,RC2_0018_ICR-1_p08
373.092669667,391.103239391,18.010569724,Other,random,H2O,18.010565000,RC2_0018_ICR-1_p08
377.087578203,395.098147927,18.010569724,Other,random,H2O,18.010565000,RC2_0018_ICR-1_p08
627.208637738,645.219208462,18.010570724,Other,random,H2O,18.010565000,RC2_0018_ICR-1_p08
507.236636357,525.247207081,18.010570724,Other,random,H2O,18.010565000,RC2_0018_ICR-1_p08
467.184183578,485.194754302,18.010570724,Other,random,H2O,18.010565000,RC2_0018_ICR-1_p08
735.214694405,753.225265129,18.010570724,Other,random,H2O,18.010565000,RC2_0018_ICR-1_p08
271.061260404,289.071831128,18.010570724,Other,random,H2O,18.010565000,RC2_0018_ICR-1_p08
345.074575217,363.085145941,18.010570724,Other,random,H2O,18.010565000,RC2_0018_ICR-1_p08
367.131645187,385.142215911,18.010570724,Other,random,H2O,18.010565000,RC2_0018_ICR-1_p08
445.144684509,463.155256233,18.010571724,Other,random,H2O,18.010565000,RC2_0018_ICR-1_p08
405.204664097,423.215235821,18.010571724,Other,random,H2O,18.010565000,RC2_0018_ICR-1_p08
315.100332766,333.110905490,18.010572724,Other,random,H2O,18.010565000,RC2_0018_ICR-1_p08
381.046201943,399.056774667,18.010572724,Other,random,H2O,18.010565000,RC2_0018_ICR-1_p08
465.176451867,483.187024591,18.010572724,Other,random,H2O,18.010565000,RC2_0018_ICR-1_p08
316.095593170,334.106165894,18.010572724,Other,random,H2O,18.010565000,RC2_0018_ICR-1_p08
455.128979366,473.139552090,18.010572724,Other,random,H2O,18.010565000,RC2_0018_ICR-1_p08
471.069744729,489.080318453,18.010573724,Other,random,H2O,18.010565000,RC2_0018_ICR-1_p08
503.241538822,521.252112546,18.010573724,Other,random,H2O,18.010565000,RC2_0018_ICR-1_p08
541.119899827,559.130473551,18.010573724,Other,random,H2O,18.010565000,RC2_0018_ICR-1_p08
347.113430752,365.124004476,18.010573724,Other,random,H2O,18.010565000,RC2_0018_ICR-1_p08
360.085515808,378.096089532,18.010573724,Other,random,H2O,18.010565000,RC2_0018_ICR-1_p08
489.189632838,507.200206562,18.010573724,Other,random,H2O,18.010565000,RC2_0018_ICR-1_p08
547.109279148,565.119853872,18.010574724,Other,random,H2O,18.010565000,RC2_0018_ICR-1_p08
589.156487710,607.167062434,18.010574724,Other,random,H2O,18.010565000,RC2_0018_ICR-1_p08
381.118962534,399.129537258,18.010574724,Other,random,H2O,18.010565000,RC2_0018_ICR-1_p08
395.171018518,413.181593242,18.010574724,Other,random,H2O,18.010565000,RC2_0018_ICR-1_p08
411.056826189,429.067400914,18.010574724,Other,random,H2O,18.010565000,RC2_0018_ICR-1_p08
553.221032780,571.231607504,18.010574724,Other,random,H2O,18.010565000,RC2_0018_ICR-1_p08
444.142874142,462.177255732,18.034381590,Other,random,NH4,18.034374000,RC2_0018_ICR-1_p08
497.202610780,515.249551299,18.046940520,Other,random,CH6,18.046950000,RC2_0018_ICR-1_p08
329.043292363,347.090232882,18.046940520,Other,random,CH6,18.046950000,RC2_0018_ICR-1_p08
365.087650681,383.134591200,18.046940520,Other,random,CH6,18.046950000,RC2_0018_ICR-1_p08
373.178573184,391.225513704,18.046940520,Other,random,CH6,18.046950000,RC2_0018_ICR-1_p08
447.215254866,465.262195385,18.046940520,Other,random,CH6,18.046950000,RC2_0018_ICR-1_p08
485.057208075,503.104148595,18.046940520,Other,random,CH6,18.046950000,RC2_0018_ICR-1_p08
292.046318402,310.093259922,18.046941520,Other,random,CH6,18.046950000,RC2_0018_ICR-1_p08
327.144865038,345.191806558,18.046941520,Other,random,CH6,18.046950000,RC2_0018_ICR-1_p08
282.062028545,300.108970065,18.046941520,Other,random,CH6,18.046950000,RC2_0018_ICR-1_p08
296.077618733,314.124560253,18.046941520,Other,random,CH6,18.046950000,RC2_0018_ICR-1_p08
533.143125681,551.190067201,18.046941520,Other,random,CH6,18.046950000,RC2_0018_ICR-1_p08
619.130517162,637.177458682,18.046941520,Other,random,CH6,18.046950000,RC2_0018_ICR-1_p08
347.113430752,365.160373272,18.046942520,Other,random,CH6,18.046950000,RC2_0018_ICR-1_p08
245.045631693,263.092574213,18.046942520,Other,random,CH6,18.046950000,RC2_0018_ICR-1_p08
499.137545899,517.184489419,18.046943520,Other,random,CH6,18.046950000,RC2_0018_ICR-1_p08
334.093073967,352.140017487,18.046943520,Other,random,CH6,18.046950000,RC2_0018_ICR-1_p08
455.228522806,473.275466325,18.046943520,Other,random,CH6,18.046950000,RC2_0018_ICR-1_p08
505.098740379,523.145683898,18.046943520,Other,random,CH6,18.046950000,RC2_0018_ICR-1_p08
561.088644540,579.135588059,18.046943520,Other,random,CH6,18.046950000,RC2_0018_ICR-1_p08
515.150119858,533.197063378,18.046943520,Other,random,CH6,18.046950000,RC2_0018_ICR-1_p08
325.071762695,343.118706215,18.046943520,Other,random,CH6,18.046950000,RC2_0018_ICR-1_p08
431.220466807,449.267411326,18.046944520,Other,random,CH6,18.046950000,RC2_0018_ICR-1_p08
279.014714681,297.061659200,18.046944520,Other,random,CH6,18.046950000,RC2_0018_ICR-1_p08
315.050994044,333.097938563,18.046944520,Other,random,CH6,18.046950000,RC2_0018_ICR-1_p08
499.160877768,517.207822288,18.046944520,Other,random,CH6,18.046950000,RC2_0018_ICR-1_p08
531.187335679,549.234280199,18.046944520,Other,random,CH6,18.046950000,RC2_0018_ICR-1_p08
331.082224898,349.129169417,18.046944520,Other,random,CH6,18.046950000,RC2_0018_ICR-1_p08
529.148295145,547.195239664,18.046944520,Other,random,CH6,18.046950000,RC2_0018_ICR-1_p08
401.035929538,419.082874058,18.046944520,Other,random,CH6,18.046950000,RC2_0018_ICR-1_p08
425.100678219,443.147622738,18.046944520,Other,random,CH6,18.046950000,RC2_0018_ICR-1_p08
357.128658435,375.175603955,18.046945520,Other,random,CH6,18.046950000,RC2_0018_ICR-1_p08
501.067369048,519.114314567,18.046945520,Other,random,CH6,18.046950000,RC2_0018_ICR-1_p08
308.077556256,326.124501776,18.046945520,Other,random,CH6,18.046950000,RC2_0018_ICR-1_p08
309.097919519,327.144865038,18.046945520,Other,random,CH6,18.046950000,RC2_0018_ICR-1_p08
561.052210745,579.099156264,18.046945520,Other,random,CH6,18.046950000,RC2_0018_ICR-1_p08
511.173864217,529.220810737,18.046946520,Other,random,CH6,18.046950000,RC2_0018_ICR-1_p08
281.030325346,299.077271866,18.046946520,Other,random,CH6,18.046950000,RC2_0018_ICR-1_p08
311.040831593,329.087778113,18.046946520,Other,random,CH6,18.046950000,RC2_0018_ICR-1_p08
353.152423794,371.199370313,18.046946520,Other,random,CH6,18.046950000,RC2_0018_ICR-1_p08
479.192105055,497.239051575,18.046946520,Other,random,CH6,18.046950000,RC2_0018_ICR-1_p08
593.114973451,611.161919971,18.046946520,Other,random,CH6,18.046950000,RC2_0018_ICR-1_p08
581.114975929,599.161923448,18.046947520,Other,random,CH6,18.046950000,RC2_0018_ICR-1_p08
349.087113654,367.134061173,18.046947520,Other,random,CH6,18.046950000,RC2_0018_ICR-1_p08
374.051647275,392.098594794,18.046947520,Other,random,CH6,18.046950000,RC2_0018_ICR-1_p08
379.116272796,397.163221315,18.046948520,Other,random,CH6,18.046950000,RC2_0018_ICR-1_p08
447.106109479,465.153057999,18.046948520,Other,random,CH6,18.046950000,RC2_0018_ICR-1_p08
377.082055234,395.129003754,18.046948520,Other,random,CH6,18.046950000,RC2_0018_ICR-1_p08
427.160753635,445.207702154,18.046948520,Other,random,CH6,18.046950000,RC2_0018_ICR-1_p08
455.046568829,473.093517349,18.046948520,Other,random,CH6,18.046950000,RC2_0018_ICR-1_p08
487.160710247,505.207658766,18.046948520,Other,random,CH6,18.046950000,RC2_0018_ICR-1_p08
501.103798843,519.150747362,18.046948520,Other,random,CH6,18.046950000,RC2_0018_ICR-1_p08
591.062990990,609.109939509,18.046948520,Other,random,CH6,18.046950000,RC2_0018_ICR-1_p08
357.155348285,375.202297804,18.046949520,Other,random,CH6,18.046950000,RC2_0018_ICR-1_p08
489.226012633,507.272962153,18.046949520,Other,random,CH6,18.046950000,RC2_0018_ICR-1_p08
497.130112187,515.177061707,18.046949520,Other,random,CH6,18.046950000,RC2_0018_ICR-1_p08
587.177185840,605.224135360,18.046949520,Other,random,CH6,18.046950000,RC2_0018_ICR-1_p08
475.197080520,493.244030039,18.046949520,Other,random,CH6,18.046950000,RC2_0018_ICR-1_p08
251.056215895,269.103165415,18.046949520,Other,random,CH6,18.046950000,RC2_0018_ICR-1_p08
343.082119421,361.129068940,18.046949520,Other,random,CH6,18.046950000,RC2_0018_ICR-1_p08
365.137149402,383.184098922,18.046949520,Other,random,CH6,18.046950000,RC2_0018_ICR-1_p08
371.090062928,389.137012448,18.046949520,Other,random,CH6,18.046950000,RC2_0018_ICR-1_p08
617.078682700,635.125632220,18.046949520,Other,random,CH6,18.046950000,RC2_0018_ICR-1_p08
635.234939605,653.281889124,18.046949520,Other,random,CH6,18.046950000,RC2_0018_ICR-1_p08
389.100655652,407.147606172,18.046950519,Other,random,CH6,18.046950000,RC2_0018_ICR-1_p08
418.077798710,436.124749229,18.046950519,Other,random,CH6,18.046950000,RC2_0018_ICR-1_p08
563.140473002,581.187423522,18.046950519,Other,random,CH6,18.046950000,RC2_0018_ICR-1_p08
387.121390782,405.168341301,18.046950519,Other,random,CH6,18.046950000,RC2_0018_ICR-1_p08
257.066755097,275.113706616,18.046951519,Other,random,CH6,18.046950000,RC2_0018_ICR-1_p08
255.051107431,273.098058951,18.046951519,Other,random,CH6,18.046950000,RC2_0018_ICR-1_p08
391.079897522,409.126849042,18.046951519,Other,random,CH6,18.046950000,RC2_0018_ICR-1_p08
417.076935338,435.123886857,18.046951519,Other,random,CH6,18.046950000,RC2_0018_ICR-1_p08
417.118983101,435.165934621,18.046951519,Other,random,CH6,18.046950000,RC2_0018_ICR-1_p08
497.085478438,515.132429958,18.046951519,Other,random,CH6,18.046950000,RC2_0018_ICR-1_p08
535.145845420,553.192797939,18.046952519,Other,random,CH6,18.046950000,RC2_0018_ICR-1_p08
775.209822507,793.256775026,18.046952519,Other,random,CH6,18.046950000,RC2_0018_ICR-1_p08
317.139331301,335.186283820,18.046952519,Other,random,CH6,18.046950000,RC2_0018_ICR-1_p08
691.224595767,709.271548287,18.046952519,Other,random,CH6,18.046950000,RC2_0018_ICR-1_p08
372.035951609,390.082904129,18.046952519,Other,random,CH6,18.046950000,RC2_0018_ICR-1_p08
495.215294955,513.262247474,18.046952519,Other,random,CH6,18.046950000,RC2_0018_ICR-1_p08
548.068184756,566.115138275,18.046953519,Other,random,CH6,18.046950000,RC2_0018_ICR-1_p08
369.074437262,387.121390782,18.046953519,Other,random,CH6,18.046950000,RC2_0018_ICR-1_p08
481.062199540,499.109153059,18.046953519,Other,random,CH6,18.046950000,RC2_0018_ICR-1_p08
513.067401570,531.114355089,18.046953519,Other,random,CH6,18.046950000,RC2_0018_ICR-1_p08
365.014842090,383.061796609,18.046954519,Other,random,CH6,18.046950000,RC2_0018_ICR-1_p08
374.064626202,392.111580721,18.046954519,Other,random,CH6,18.046950000,RC2_0018_ICR-1_p08
389.160451316,407.207405835,18.046954519,Other,random,CH6,18.046950000,RC2_0018_ICR-1_p08
414.082996173,432.129950692,18.046954519,Other,random,CH6,18.046950000,RC2_0018_ICR-1_p08
471.077836683,489.124791202,18.046954519,Other,random,CH6,18.046950000,RC2_0018_ICR-1_p08
471.142678318,489.189632838,18.046954519,Other,random,CH6,18.046950000,RC2_0018_ICR-1_p08
595.094318321,613.141272841,18.046954519,Other,random,CH6,18.046950000,RC2_0018_ICR-1_p08
387.066365091,405.113319611,18.046954519,Other,random,CH6,18.046950000,RC2_0018_ICR-1_p08
547.109279148,565.156234667,18.046955519,Other,random,CH6,18.046950000,RC2_0018_ICR-1_p08
413.145006447,431.191961967,18.046955519,Other,random,CH6,18.046950000,RC2_0018_ICR-1_p08
355.168088460,373.215043979,18.046955519,Other,random,CH6,18.046950000,RC2_0018_ICR-1_p08
391.152622114,409.199577633,18.046955519,Other,random,CH6,18.046950000,RC2_0018_ICR-1_p08
415.066942640,433.113898159,18.046955519,Other,random,CH6,18.046950000,RC2_0018_ICR-1_p08
419.038470308,437.085425827,18.046955519,Other,random,CH6,18.046950000,RC2_0018_ICR-1_p08
377.124061998,395.171018518,18.046956519,Other,random,CH6,18.046950000,RC2_0018_ICR-1_p08
459.178986592,477.225943111,18.046956519,Other,random,CH6,18.046950000,RC2_0018_ICR-1_p08
511.137567422,529.184523941,18.046956519,Other,random,CH6,18.046950000,RC2_0018_ICR-1_p08
561.234158722,579.281115241,18.046956519,Other,random,CH6,18.046950000,RC2_0018_ICR-1_p08
279.051098476,297.098054995,18.046956519,Other,random,CH6,18.046950000,RC2_0018_ICR-1_p08
491.082961191,509.129917711,18.046956519,Other,random,CH6,18.046950000,RC2_0018_ICR-1_p08
569.093868525,587.140826045,18.046957519,Other,random,CH6,18.046950000,RC2_0018_ICR-1_p08
313.108102969,331.155060488,18.046957519,Other,random,CH6,18.046950000,RC2_0018_ICR-1_p08
389.064304856,407.111262376,18.046957519,Other,random,CH6,18.046950000,RC2_0018_ICR-1_p08
497.145213103,515.192170622,18.046957519,Other,random,CH6,18.046950000,RC2_0018_ICR-1_p08
337.092826099,355.139784619,18.046958519,Other,random,CH6,18.046950000,RC2_0018_ICR-1_p08
404.062168521,422.109127041,18.046958519,Other,random,CH6,18.046950000,RC2_0018_ICR-1_p08
536.141008824,554.187967343,18.046958519,Other,random,CH6,18.046950000,RC2_0018_ICR-1_p08
627.245272532,645.292231051,18.046958519,Other,random,CH6,18.046950000,RC2_0018_ICR-1_p08
525.124941769,543.171901288,18.046959519,Other,random,CH6,18.046950000,RC2_0018_ICR-1_p08
717.167734885,735.214694405,18.046959519,Other,random,CH6,18.046950000,RC2_0018_ICR-1_p08
409.163329837,427.210289356,18.046959519,Other,random,CH6,18.046950000,RC2_0018_ICR-1_p08
275.019802144,293.077986601,18.058184456,Other,random,H6N2O_1,18.058183000,RC2_0018_ICR-1_p08
309.025204927,327.083390384,18.058185456,Other,random,H6N2O_1,18.058183000,RC2_0018_ICR-1_p08
305.066657187,323.124849643,18.058192456,Other,random,H6N2O_1,18.058183000,RC2_0018_ICR-1_p08
355.204494255,374.051647275,18.847153020,Other,random,C_8H_9N1O1P2S1,18.847162000,RC2_0018_ICR-1_p08
619.325864064,638.173021084,18.847157020,Other,random,C_8H_9N1O1P2S1,18.847162000,RC2_0018_ICR-1_p08
507.236636357,526.083793377,18.847157020,Other,random,C_8H_9N1O1P2S1,18.847162000,RC2_0018_ICR-1_p08
351.194251805,370.041414825,18.847163020,Other,random,C_8H_9N1O1P2S1,18.847162000,RC2_0018_ICR-1_p08
298.093205400,317.087776590,18.994571191,Other,random,H1O2N_1,18.994581000,RC2_0018_ICR-1_p08
334.093073967,353.087646158,18.994572191,Other,random,H1O2N_1,18.994581000,RC2_0018_ICR-1_p08
494.130381055,513.124954246,18.994573191,Other,random,H1O2N_1,18.994581000,RC2_0018_ICR-1_p08
442.090909681,461.085483871,18.994574191,Other,random,H1O2N_1,18.994581000,RC2_0018_ICR-1_p08
323.052166052,342.046742243,18.994576191,Other,random,H1O2N_1,18.994581000,RC2_0018_ICR-1_p08
428.111533288,447.106109479,18.994576191,Other,random,H1O2N_1,18.994581000,RC2_0018_ICR-1_p08
488.083442058,507.078018249,18.994576191,Other,random,H1O2N_1,18.994581000,RC2_0018_ICR-1_p08
280.046341880,299.040919070,18.994577191,Other,random,H1O2N_1,18.994581000,RC2_0018_ICR-1_p08
468.057127669,487.051706860,18.994579191,Other,random,H1O2N_1,18.994581000,RC2_0018_ICR-1_p08
550.120288216,569.114867407,18.994579191,Other,random,H1O2N_1,18.994581000,RC2_0018_ICR-1_p08
389.075558793,408.070137984,18.994579191,Other,random,H1O2N_1,18.994581000,RC2_0018_ICR-1_p08
410.036475927,429.031055118,18.994579191,Other,random,H1O2N_1,18.994581000,RC2_0018_ICR-1_p08
422.109127041,441.103707232,18.994580191,Other,random,H1O2N_1,18.994581000,RC2_0018_ICR-1_p08
452.083256492,471.077836683,18.994580191,Other,random,H1O2N_1,18.994581000,RC2_0018_ICR-1_p08
458.109070608,477.103651799,18.994581191,Other,random,H1O2N_1,18.994581000,RC2_0018_ICR-1_p08
372.035951609,391.030533800,18.994582191,Other,random,H1O2N_1,18.994581000,RC2_0018_ICR-1_p08
402.132279373,421.126862564,18.994583191,Other,random,H1O2N_1,18.994581000,RC2_0018_ICR-1_p08
380.134953067,399.129537258,18.994584191,Other,random,H1O2N_1,18.994581000,RC2_0018_ICR-1_p08
380.184215790,399.178801981,18.994586191,Other,random,H1O2N_1,18.994581000,RC2_0018_ICR-1_p08
270.061906023,289.056493214,18.994587191,Other,random,H1O2N_1,18.994581000,RC2_0018_ICR-1_p08
564.172324200,583.166912391,18.994588191,Other,random,H1O2N_1,18.994581000,RC2_0018_ICR-1_p08
464.119708810,483.114298000,18.994589191,Other,random,H1O2N_1,18.994581000,RC2_0018_ICR-1_p08
304.046225925,323.088417848,19.042191923,Other,random,H5N1,19.042199000,RC2_0018_ICR-1_p08
569.114867407,588.157059330,19.042191923,Other,random,H5N1,19.042199000,RC2_0018_ICR-1_p08
313.035381378,332.077574301,19.042192923,Other,random,H5N1,19.042199000,RC2_0018_ICR-1_p08
319.045898580,338.088091503,19.042192923,Other,random,H5N1,19.042199000,RC2_0018_ICR-1_p08
607.167062434,626.209255358,19.042192923,Other,random,H5N1,19.042199000,RC2_0018_ICR-1_p08
285.061651678,304.103845601,19.042193923,Other,random,H5N1,19.042199000,RC2_0018_ICR-1_p08
397.105796638,416.147990561,19.042193923,Other,random,H5N1,19.042199000,RC2_0018_ICR-1_p08
350.051620230,369.093814153,19.042193923,Other,random,H5N1,19.042199000,RC2_0018_ICR-1_p08
271.061260404,290.103455327,19.042194923,Other,random,H5N1,19.042199000,RC2_0018_ICR-1_p08
401.051288452,420.093484375,19.042195923,Other,random,H5N1,19.042199000,RC2_0018_ICR-1_p08
425.100678219,444.142874142,19.042195923,Other,random,H5N1,19.042199000,RC2_0018_ICR-1_p08
503.104148595,522.146346518,19.042197923,Other,random,H5N1,19.042199000,RC2_0018_ICR-1_p08
302.030747258,321.072946181,19.042198923,Other,random,H5N1,19.042199000,RC2_0018_ICR-1_p08
311.040831593,330.083030516,19.042198923,Other,random,H5N1,19.042199000,RC2_0018_ICR-1_p08
547.218552533,566.260751456,19.042198923,Other,random,H5N1,19.042199000,RC2_0018_ICR-1_p08
557.129920800,576.172119723,19.042198923,Other,random,H5N1,19.042199000,RC2_0018_ICR-1_p08
299.113643661,318.155843585,19.042199923,Other,random,H5N1,19.042199000,RC2_0018_ICR-1_p08
619.166933958,638.209133881,19.042199923,Other,random,H5N1,19.042199000,RC2_0018_ICR-1_p08
375.121390259,394.163591182,19.042200923,Other,random,H5N1,19.042199000,RC2_0018_ICR-1_p08
513.067401570,532.109604493,19.042202923,Other,random,H5N1,19.042199000,RC2_0018_ICR-1_p08
461.072426945,480.114630868,19.042203923,Other,random,H5N1,19.042199000,RC2_0018_ICR-1_p08
403.066921118,422.109127041,19.042205923,Other,random,H5N1,19.042199000,RC2_0018_ICR-1_p08
302.067113054,321.109318977,19.042205923,Other,random,H5N1,19.042199000,RC2_0018_ICR-1_p08
267.014717158,286.056924081,19.042206923,Other,random,H5N1,19.042199000,RC2_0018_ICR-1_p08
575.104302728,594.146511651,19.042208923,Other,random,H5N1,19.042199000,RC2_0018_ICR-1_p08
279.051098476,299.040919070,19.989820594,Other,random,C_1O2,19.989830000,RC2_0018_ICR-1_p08
489.140097116,509.129917711,19.989820594,Other,random,C_1O2,19.989830000,RC2_0018_ICR-1_p08
485.158298507,505.148119101,19.989820594,Other,random,C_1O2,19.989830000,RC2_0018_ICR-1_p08
479.119331465,499.109153059,19.989821594,Other,random,C_1O2,19.989830000,RC2_0018_ICR-1_p08
489.212869707,509.202691302,19.989821594,Other,random,C_1O2,19.989830000,RC2_0018_ICR-1_p08
359.149837070,379.139658664,19.989821594,Other,random,C_1O2,19.989830000,RC2_0018_ICR-1_p08
471.215339910,491.205161504,19.989821594,Other,random,C_1O2,19.989830000,RC2_0018_ICR-1_p08
359.144237101,379.134059696,19.989822594,Other,random,C_1O2,19.989830000,RC2_0018_ICR-1_p08
385.150271866,405.140094460,19.989822594,Other,random,C_1O2,19.989830000,RC2_0018_ICR-1_p08
497.202610780,517.192433374,19.989822594,Other,random,C_1O2,19.989830000,RC2_0018_ICR-1_p08
277.144609196,297.134431791,19.989822594,Other,random,C_1O2,19.989830000,RC2_0018_ICR-1_p08
305.139378778,325.129201372,19.989822594,Other,random,C_1O2,19.989830000,RC2_0018_ICR-1_p08
335.113503229,355.103325824,19.989822594,Other,random,C_1O2,19.989830000,RC2_0018_ICR-1_p08
385.087187220,405.077009815,19.989822594,Other,random,C_1O2,19.989830000,RC2_0018_ICR-1_p08
399.144775173,419.134597767,19.989822594,Other,random,C_1O2,19.989830000,RC2_0018_ICR-1_p08
791.241189360,811.231011955,19.989822594,Other,random,C_1O2,19.989830000,RC2_0018_ICR-1_p08
255.066387345,275.056210940,19.989823594,Other,random,C_1O2,19.989830000,RC2_0018_ICR-1_p08
522.125257636,542.115081231,19.989823594,Other,random,C_1O2,19.989830000,RC2_0018_ICR-1_p08
279.123820067,299.113643661,19.989823594,Other,random,C_1O2,19.989830000,RC2_0018_ICR-1_p08
321.025158450,341.014982044,19.989823594,Other,random,C_1O2,19.989830000,RC2_0018_ICR-1_p08
325.165577168,345.155401762,19.989824594,Other,random,C_1O2,19.989830000,RC2_0018_ICR-1_p08
355.103325824,375.093150418,19.989824594,Other,random,C_1O2,19.989830000,RC2_0018_ICR-1_p08
474.067697871,494.057522465,19.989824594,Other,random,C_1O2,19.989830000,RC2_0018_ICR-1_p08
261.076909547,281.066734142,19.989824594,Other,random,C_1O2,19.989830000,RC2_0018_ICR-1_p08
383.090035451,403.079860045,19.989824594,Other,random,C_1O2,19.989830000,RC2_0018_ICR-1_p08
383.134591200,403.124415795,19.989824594,Other,random,C_1O2,19.989830000,RC2_0018_ICR-1_p08
391.225513704,411.215338298,19.989824594,Other,random,C_1O2,19.989830000,RC2_0018_ICR-1_p08
473.158290984,493.148116579,19.989825594,Other,random,C_1O2,19.989830000,RC2_0018_ICR-1_p08
357.134236404,377.124061998,19.989825594,Other,random,C_1O2,19.989830000,RC2_0018_ICR-1_p08
359.071511510,379.061337105,19.989825594,Other,random,C_1O2,19.989830000,RC2_0018_ICR-1_p08
471.129589392,491.119414986,19.989825594,Other,random,C_1O2,19.989830000,RC2_0018_ICR-1_p08
563.047168527,583.036994121,19.989825594,Other,random,C_1O2,19.989830000,RC2_0018_ICR-1_p08
566.188138865,586.177964459,19.989825594,Other,random,C_1O2,19.989830000,RC2_0018_ICR-1_p08
707.183544028,727.173369622,19.989825594,Other,random,C_1O2,19.989830000,RC2_0018_ICR-1_p08
343.045791625,363.035617219,19.989825594,Other,random,C_1O2,19.989830000,RC2_0018_ICR-1_p08
505.135115174,525.124941769,19.989826594,Other,random,C_1O2,19.989830000,RC2_0018_ICR-1_p08
311.113506185,331.103332779,19.989826594,Other,random,C_1O2,19.989830000,RC2_0018_ICR-1_p08
385.129057985,405.118884579,19.989826594,Other,random,C_1O2,19.989830000,RC2_0018_ICR-1_p08
385.178514707,405.168341301,19.989826594,Other,random,C_1O2,19.989830000,RC2_0018_ICR-1_p08
387.071974060,407.061800654,19.989826594,Other,random,C_1O2,19.989830000,RC2_0018_ICR-1_p08
452.091259447,472.081086042,19.989826594,Other,random,C_1O2,19.989830000,RC2_0018_ICR-1_p08
339.144749561,359.134577155,19.989827594,Other,random,C_1O2,19.989830000,RC2_0018_ICR-1_p08
373.056418871,393.046246465,19.989827594,Other,random,C_1O2,19.989830000,RC2_0018_ICR-1_p08
573.197959447,593.187787042,19.989827594,Other,random,C_1O2,19.989830000,RC2_0018_ICR-1_p08
629.115078018,649.104905612,19.989827594,Other,random,C_1O2,19.989830000,RC2_0018_ICR-1_p08
233.045621171,253.035448766,19.989827594,Other,random,C_1O2,19.989830000,RC2_0018_ICR-1_p08
469.163378448,489.153207043,19.989828594,Other,random,C_1O2,19.989830000,RC2_0018_ICR-1_p08
476.119899331,496.109727925,19.989828594,Other,random,C_1O2,19.989830000,RC2_0018_ICR-1_p08
270.098313819,290.088142413,19.989828594,Other,random,C_1O2,19.989830000,RC2_0018_ICR-1_p08
277.108226401,297.098054995,19.989828594,Other,random,C_1O2,19.989830000,RC2_0018_ICR-1_p08
429.113371655,449.103200249,19.989828594,Other,random,C_1O2,19.989830000,RC2_0018_ICR-1_p08
675.302442300,695.292271894,19.989829594,Other,random,C_1O2,19.989830000,RC2_0018_ICR-1_p08
359.090145405,379.079975000,19.989829594,Other,random,C_1O2,19.989830000,RC2_0018_ICR-1_p08
381.191735125,401.181564719,19.989829594,Other,random,C_1O2,19.989830000,RC2_0018_ICR-1_p08
703.224665289,723.214494884,19.989829594,Other,random,C_1O2,19.989830000,RC2_0018_ICR-1_p08
439.189155997,459.178986592,19.989830594,Other,random,C_1O2,19.989830000,RC2_0018_ICR-1_p08
549.226122244,569.215952839,19.989830594,Other,random,C_1O2,19.989830000,RC2_0018_ICR-1_p08
334.056802171,354.046633766,19.989831594,Other,random,C_1O2,19.989830000,RC2_0018_ICR-1_p08
447.093056553,467.082888147,19.989831594,Other,random,C_1O2,19.989830000,RC2_0018_ICR-1_p08
503.046527919,523.036359513,19.989831594,Other,random,C_1O2,19.989830000,RC2_0018_ICR-1_p08
305.030254392,325.020085986,19.989831594,Other,random,C_1O2,19.989830000,RC2_0018_ICR-1_p08
332.113851097,352.103682691,19.989831594,Other,random,C_1O2,19.989830000,RC2_0018_ICR-1_p08
401.087688247,421.077519842,19.989831594,Other,random,C_1O2,19.989830000,RC2_0018_ICR-1_p08
421.223101023,441.212932618,19.989831594,Other,random,C_1O2,19.989830000,RC2_0018_ICR-1_p08
249.149700616,269.139533210,19.989832594,Other,random,C_1O2,19.989830000,RC2_0018_ICR-1_p08
280.119137470,300.108970065,19.989832594,Other,random,C_1O2,19.989830000,RC2_0018_ICR-1_p08
413.064295901,433.054128496,19.989832594,Other,random,C_1O2,19.989830000,RC2_0018_ICR-1_p08
455.092617570,475.082450165,19.989832594,Other,random,C_1O2,19.989830000,RC2_0018_ICR-1_p08
461.108817740,481.098650335,19.989832594,Other,random,C_1O2,19.989830000,RC2_0018_ICR-1_p08
697.250827881,717.240660475,19.989832594,Other,random,C_1O2,19.989830000,RC2_0018_ICR-1_p08
355.168088460,375.157922054,19.989833594,Other,random,C_1O2,19.989830000,RC2_0018_ICR-1_p08
705.277185748,725.267019342,19.989833594,Other,random,C_1O2,19.989830000,RC2_0018_ICR-1_p08
327.100399288,347.090232882,19.989833594,Other,random,C_1O2,19.989830000,RC2_0018_ICR-1_p08
373.087070699,393.076904293,19.989833594,Other,random,C_1O2,19.989830000,RC2_0018_ICR-1_p08
507.078018249,527.067851843,19.989833594,Other,random,C_1O2,19.989830000,RC2_0018_ICR-1_p08
591.281122763,611.270956358,19.989833594,Other,random,C_1O2,19.989830000,RC2_0018_ICR-1_p08
455.165257162,475.155090756,19.989833594,Other,random,C_1O2,19.989830000,RC2_0018_ICR-1_p08
255.123872022,275.113706616,19.989834594,Other,random,C_1O2,19.989830000,RC2_0018_ICR-1_p08
275.128948531,295.118783125,19.989834594,Other,random,C_1O2,19.989830000,RC2_0018_ICR-1_p08
399.071989582,419.061824176,19.989834594,Other,random,C_1O2,19.989830000,RC2_0018_ICR-1_p08
487.246801763,507.236636357,19.989834594,Other,random,C_1O2,19.989830000,RC2_0018_ICR-1_p08
317.139331301,337.129165895,19.989834594,Other,random,C_1O2,19.989830000,RC2_0018_ICR-1_p08
371.090062928,391.079897522,19.989834594,Other,random,C_1O2,19.989830000,RC2_0018_ICR-1_p08
433.222952546,453.212787141,19.989834594,Other,random,C_1O2,19.989830000,RC2_0018_ICR-1_p08
609.283774532,629.273609126,19.989834594,Other,random,C_1O2,19.989830000,RC2_0018_ICR-1_p08
253.108223356,273.098058951,19.989835594,Other,random,C_1O2,19.989830000,RC2_0018_ICR-1_p08
313.108102969,333.097938563,19.989835594,Other,random,C_1O2,19.989830000,RC2_0018_ICR-1_p08
339.100309811,359.090145405,19.989835594,Other,random,C_1O2,19.989830000,RC2_0018_ICR-1_p08
379.066939073,399.056774667,19.989835594,Other,random,C_1O2,19.989830000,RC2_0018_ICR-1_p08
443.183969534,463.173805128,19.989835594,Other,random,C_1O2,19.989830000,RC2_0018_ICR-1_p08
497.145213103,517.135048697,19.989835594,Other,random,C_1O2,19.989830000,RC2_0018_ICR-1_p08
701.136473031,721.126308626,19.989835594,Other,random,C_1O2,19.989830000,RC2_0018_ICR-1_p08
389.137012448,409.126849042,19.989836594,Other,random,C_1O2,19.989830000,RC2_0018_ICR-1_p08
251.092540691,271.082377285,19.989836594,Other,random,C_1O2,19.989830000,RC2_0018_ICR-1_p08
437.173479332,457.163315926,19.989836594,Other,random,C_1O2,19.989830000,RC2_0018_ICR-1_p08
517.062378106,537.052214700,19.989836594,Other,random,C_1O2,19.989830000,RC2_0018_ICR-1_p08
413.108696652,433.098534246,19.989837594,Other,random,C_1O2,19.989830000,RC2_0018_ICR-1_p08
547.109279148,567.099117742,19.989838594,Other,random,C_1O2,19.989830000,RC2_0018_ICR-1_p08
567.187346246,587.177185840,19.989839594,Other,random,C_1O2,19.989830000,RC2_0018_ICR-1_p08
593.151433246,613.141272841,19.989839594,Other,random,C_1O2,19.989830000,RC2_0018_ICR-1_p08
415.103194436,435.093034031,19.989839594,Other,random,C_1O2,19.989830000,RC2_0018_ICR-1_p08
537.153312131,557.143151726,19.989839594,Other,random,C_1O2,19.989830000,RC2_0018_ICR-1_p08
513.176471957,533.166311551,19.989839594,Other,random,C_1O2,19.989830000,RC2_0018_ICR-1_p08
355.139784619,375.144860127,20.005075509,Other,random,C3O_1,20.005085000,RC2_0018_ICR-1_p08
311.077148389,331.082224898,20.005076509,Other,random,C3O_1,20.005085000,RC2_0018_ICR-1_p08
613.068609249,633.073685758,20.005076509,Other,random,C3O_1,20.005085000,RC2_0018_ICR-1_p08
255.123872022,275.128948531,20.005076509,Other,random,C3O_1,20.005085000,RC2_0018_ICR-1_p08
245.139529165,265.144605674,20.005076509,Other,random,C3O_1,20.005085000,RC2_0018_ICR-1_p08
275.113706616,295.118783125,20.005076509,Other,random,C3O_1,20.005085000,RC2_0018_ICR-1_p08
337.056318305,357.061394813,20.005076509,Other,random,C3O_1,20.005085000,RC2_0018_ICR-1_p08
525.088620973,545.093698482,20.005077509,Other,random,C3O_1,20.005085000,RC2_0018_ICR-1_p08
493.062323061,513.067401570,20.005078509,Other,random,C3O_1,20.005085000,RC2_0018_ICR-1_p08
327.144865038,347.149943547,20.005078509,Other,random,C3O_1,20.005085000,RC2_0018_ICR-1_p08
407.184150966,427.189229475,20.005078509,Other,random,C3O_1,20.005085000,RC2_0018_ICR-1_p08
441.176390823,461.181469332,20.005078509,Other,random,C3O_1,20.005085000,RC2_0018_ICR-1_p08
563.140473002,583.145551511,20.005078509,Other,random,C3O_1,20.005085000,RC2_0018_ICR-1_p08
609.182713100,629.187791609,20.005078509,Other,random,C3O_1,20.005085000,RC2_0018_ICR-1_p08
615.221780142,635.226858650,20.005078509,Other,random,C3O_1,20.005085000,RC2_0018_ICR-1_p08
623.125596697,643.130675206,20.005078509,Other,random,C3O_1,20.005085000,RC2_0018_ICR-1_p08
357.132047416,377.137126925,20.005079509,Other,random,C3O_1,20.005085000,RC2_0018_ICR-1_p08
289.056493214,309.061572723,20.005079509,Other,random,C3O_1,20.005085000,RC2_0018_ICR-1_p08
365.173435198,385.178514707,20.005079509,Other,random,C3O_1,20.005085000,RC2_0018_ICR-1_p08
587.190120768,607.195200276,20.005079509,Other,random,C3O_1,20.005085000,RC2_0018_ICR-1_p08
371.134626678,391.139706186,20.005079509,Other,random,C3O_1,20.005085000,RC2_0018_ICR-1_p08
381.131978461,401.137058970,20.005080509,Other,random,C3O_1,20.005085000,RC2_0018_ICR-1_p08
439.124344362,459.129424871,20.005080509,Other,random,C3O_1,20.005085000,RC2_0018_ICR-1_p08
397.180998215,417.186078724,20.005080509,Other,random,C3O_1,20.005085000,RC2_0018_ICR-1_p08
407.074960580,427.080041089,20.005080509,Other,random,C3O_1,20.005085000,RC2_0018_ICR-1_p08
633.073685758,653.078766267,20.005080509,Other,random,C3O_1,20.005085000,RC2_0018_ICR-1_p08
298.093205400,318.098286908,20.005081509,Other,random,C3O_1,20.005085000,RC2_0018_ICR-1_p08
627.193373824,647.198455332,20.005081509,Other,random,C3O_1,20.005085000,RC2_0018_ICR-1_p08
359.134577155,379.139658664,20.005081509,Other,random,C3O_1,20.005085000,RC2_0018_ICR-1_p08
579.099156264,599.104238773,20.005082509,Other,random,C3O_1,20.005085000,RC2_0018_ICR-1_p08
371.061839087,391.066921595,20.005082509,Other,random,C3O_1,20.005085000,RC2_0018_ICR-1_p08
265.071843083,285.076925592,20.005082509,Other,random,C3O_1,20.005085000,RC2_0018_ICR-1_p08
281.066734142,301.071816650,20.005082509,Other,random,C3O_1,20.005085000,RC2_0018_ICR-1_p08
293.066690664,313.071773173,20.005082509,Other,random,C3O_1,20.005085000,RC2_0018_ICR-1_p08
541.083562031,561.088644540,20.005082509,Other,random,C3O_1,20.005085000,RC2_0018_ICR-1_p08
551.190067201,571.195149710,20.005082509,Other,random,C3O_1,20.005085000,RC2_0018_ICR-1_p08
337.020022509,357.025106017,20.005083509,Other,random,C3O_1,20.005085000,RC2_0018_ICR-1_p08
469.135013608,489.140097116,20.005083509,Other,random,C3O_1,20.005085000,RC2_0018_ICR-1_p08
507.163678767,527.168762276,20.005083509,Other,random,C3O_1,20.005085000,RC2_0018_ICR-1_p08
553.156403144,573.161486653,20.005083509,Other,random,C3O_1,20.005085000,RC2_0018_ICR-1_p08
305.124117864,325.129201372,20.005083509,Other,random,C3O_1,20.005085000,RC2_0018_ICR-1_p08
333.183780080,353.188863589,20.005083509,Other,random,C3O_1,20.005085000,RC2_0018_ICR-1_p08
361.105876071,381.110959579,20.005083509,Other,random,C3O_1,20.005085000,RC2_0018_ICR-1_p08
431.191961967,451.197045475,20.005083509,Other,random,C3O_1,20.005085000,RC2_0018_ICR-1_p08
463.051512816,483.056596325,20.005083509,Other,random,C3O_1,20.005085000,RC2_0018_ICR-1_p08
325.020085986,345.025170495,20.005084509,Other,random,C3O_1,20.005085000,RC2_0018_ICR-1_p08
375.165934009,395.171018518,20.005084509,Other,random,C3O_1,20.005085000,RC2_0018_ICR-1_p08
282.062028545,302.067113054,20.005084509,Other,random,C3O_1,20.005085000,RC2_0018_ICR-1_p08
479.095989596,499.101074104,20.005084509,Other,random,C3O_1,20.005085000,RC2_0018_ICR-1_p08
599.089076858,619.094161367,20.005084509,Other,random,C3O_1,20.005085000,RC2_0018_ICR-1_p08
603.120512189,623.125596697,20.005084509,Other,random,C3O_1,20.005085000,RC2_0018_ICR-1_p08
241.035486243,261.040570752,20.005084509,Other,random,C3O_1,20.005085000,RC2_0018_ICR-1_p08
327.072060447,347.077144956,20.005084509,Other,random,C3O_1,20.005085000,RC2_0018_ICR-1_p08
353.124115953,373.129200462,20.005084509,Other,random,C3O_1,20.005085000,RC2_0018_ICR-1_p08
365.064373811,385.069458320,20.005084509,Other,random,C3O_1,20.005085000,RC2_0018_ICR-1_p08
293.106447441,313.111532949,20.005085509,Other,random,C3O_1,20.005085000,RC2_0018_ICR-1_p08
338.088091503,358.093177011,20.005085509,Other,random,C3O_1,20.005085000,RC2_0018_ICR-1_p08
347.098291837,367.103377346,20.005085509,Other,random,C3O_1,20.005085000,RC2_0018_ICR-1_p08
425.108645174,445.113730683,20.005085509,Other,random,C3O_1,20.005085000,RC2_0018_ICR-1_p08
465.116704203,485.121789712,20.005085509,Other,random,C3O_1,20.005085000,RC2_0018_ICR-1_p08
599.271041835,619.276127344,20.005085509,Other,random,C3O_1,20.005085000,RC2_0018_ICR-1_p08
519.150747362,539.155833871,20.005086509,Other,random,C3O_1,20.005085000,RC2_0018_ICR-1_p08
381.046201943,401.051288452,20.005086509,Other,random,C3O_1,20.005085000,RC2_0018_ICR-1_p08
339.144749561,359.149837070,20.005087509,Other,random,C3O_1,20.005085000,RC2_0018_ICR-1_p08
375.056765623,395.061853131,20.005087509,Other,random,C3O_1,20.005085000,RC2_0018_ICR-1_p08
407.061800654,427.066888163,20.005087509,Other,random,C3O_1,20.005085000,RC2_0018_ICR-1_p08
447.077800639,467.082888147,20.005087509,Other,random,C3O_1,20.005085000,RC2_0018_ICR-1_p08
475.137479855,495.142567364,20.005087509,Other,random,C3O_1,20.005085000,RC2_0018_ICR-1_p08
494.093928260,514.099015769,20.005087509,Other,random,C3O_1,20.005085000,RC2_0018_ICR-1_p08
347.171059428,367.176146937,20.005087509,Other,random,C3O_1,20.005085000,RC2_0018_ICR-1_p08
571.239595460,591.244682968,20.005087509,Other,random,C3O_1,20.005085000,RC2_0018_ICR-1_p08
539.249786343,559.254874851,20.005088509,Other,random,C3O_1,20.005085000,RC2_0018_ICR-1_p08
343.067013506,363.072102014,20.005088509,Other,random,C3O_1,20.005085000,RC2_0018_ICR-1_p08
383.025376814,403.030465323,20.005088509,Other,random,C3O_1,20.005085000,RC2_0018_ICR-1_p08
707.219693825,727.224782333,20.005088509,Other,random,C3O_1,20.005085000,RC2_0018_ICR-1_p08
283.045949012,303.051037521,20.005088509,Other,random,C3O_1,20.005085000,RC2_0018_ICR-1_p08
267.014717158,287.019806667,20.005089509,Other,random,C3O_1,20.005085000,RC2_0018_ICR-1_p08
395.061853131,415.066942640,20.005089509,Other,random,C3O_1,20.005085000,RC2_0018_ICR-1_p08
509.202691302,529.207780810,20.005089509,Other,random,C3O_1,20.005085000,RC2_0018_ICR-1_p08
347.126554678,367.131645187,20.005090509,Other,random,C3O_1,20.005085000,RC2_0018_ICR-1_p08
421.163278359,441.168368868,20.005090509,Other,random,C3O_1,20.005085000,RC2_0018_ICR-1_p08
547.072917352,567.078007861,20.005090509,Other,random,C3O_1,20.005085000,RC2_0018_ICR-1_p08
635.234939605,655.240030114,20.005090509,Other,random,C3O_1,20.005085000,RC2_0018_ICR-1_p08
493.111883783,513.116975291,20.005091509,Other,random,C3O_1,20.005085000,RC2_0018_ICR-1_p08
348.085444286,368.090535795,20.005091509,Other,random,C3O_1,20.005085000,RC2_0018_ICR-1_p08
593.151433246,613.156524755,20.005091509,Other,random,C3O_1,20.005085000,RC2_0018_ICR-1_p08
795.308938487,815.314029995,20.005091509,Other,random,C3O_1,20.005085000,RC2_0018_ICR-1_p08
339.157891487,359.162983996,20.005092509,Other,random,C3O_1,20.005085000,RC2_0018_ICR-1_p08
435.123886857,455.128979366,20.005092509,Other,random,C3O_1,20.005085000,RC2_0018_ICR-1_p08
509.143202636,529.148295145,20.005092509,Other,random,C3O_1,20.005085000,RC2_0018_ICR-1_p08
575.161870404,595.166962913,20.005092509,Other,random,C3O_1,20.005085000,RC2_0018_ICR-1_p08
538.083938898,558.089031407,20.005092509,Other,random,C3O_1,20.005085000,RC2_0018_ICR-1_p08
709.162488900,729.167582409,20.005093509,Other,random,C3O_1,20.005085000,RC2_0018_ICR-1_p08
398.044380360,418.049473869,20.005093509,Other,random,C3O_1,20.005085000,RC2_0018_ICR-1_p08
491.168770709,511.173864217,20.005093509,Other,random,C3O_1,20.005085000,RC2_0018_ICR-1_p08
465.176451867,485.181546376,20.005094509,Other,random,C3O_1,20.005085000,RC2_0018_ICR-1_p08
262.035823155,282.062028545,20.026205390,Other,random,H4O,20.026215000,RC2_0018_ICR-1_p08
272.077625689,292.103831079,20.026205390,Other,random,H4O,20.026215000,RC2_0018_ICR-1_p08
327.054279547,347.080484937,20.026205390,Other,random,H4O,20.026215000,RC2_0018_ICR-1_p08
309.061572723,329.087778113,20.026205390,Other,random,H4O,20.026215000,RC2_0018_ICR-1_p08
277.108226401,297.134431791,20.026205390,Other,random,H4O,20.026215000,RC2_0018_ICR-1_p08
306.098296386,326.124501776,20.026205390,Other,random,H4O,20.026215000,RC2_0018_ICR-1_p08
577.120024393,597.146229783,20.026205390,Other,random,H4O,20.026215000,RC2_0018_ICR-1_p08
493.135089652,513.161296042,20.026206390,Other,random,H4O,20.026215000,RC2_0018_ICR-1_p08
495.041495932,515.067702322,20.026206390,Other,random,H4O,20.026215000,RC2_0018_ICR-1_p08
313.084699100,333.110905490,20.026206390,Other,random,H4O,20.026215000,RC2_0018_ICR-1_p08
447.020366961,467.046573351,20.026206390,Other,random,H4O,20.026215000,RC2_0018_ICR-1_p08
409.186475707,429.212683097,20.026207390,Other,random,H4O,20.026215000,RC2_0018_ICR-1_p08
543.223717997,563.249925387,20.026207390,Other,random,H4O,20.026215000,RC2_0018_ICR-1_p08
627.245272532,647.271479922,20.026207390,Other,random,H4O,20.026215000,RC2_0018_ICR-1_p08
629.224233404,649.250440794,20.026207390,Other,random,H4O,20.026215000,RC2_0018_ICR-1_p08
603.244816490,623.271024880,20.026208390,Other,random,H4O,20.026215000,RC2_0018_ICR-1_p08
235.024899041,255.051107431,20.026208390,Other,random,H4O,20.026215000,RC2_0018_ICR-1_p08
380.092979303,400.119187693,20.026208390,Other,random,H4O,20.026215000,RC2_0018_ICR-1_p08
286.093252877,306.119462267,20.026209390,Other,random,H4O,20.026215000,RC2_0018_ICR-1_p08
317.116081431,337.142290821,20.026209390,Other,random,H4O,20.026215000,RC2_0018_ICR-1_p08
331.095213825,351.121423215,20.026209390,Other,random,H4O,20.026215000,RC2_0018_ICR-1_p08
359.144237101,379.170446491,20.026209390,Other,random,H4O,20.026215000,RC2_0018_ICR-1_p08
461.181469332,481.207678722,20.026209390,Other,random,H4O,20.026215000,RC2_0018_ICR-1_p08
487.210426967,507.236636357,20.026209390,Other,random,H4O,20.026215000,RC2_0018_ICR-1_p08
521.130053232,541.156262622,20.026209390,Other,random,H4O,20.026215000,RC2_0018_ICR-1_p08
527.119531553,547.145740943,20.026209390,Other,random,H4O,20.026215000,RC2_0018_ICR-1_p08
415.103194436,435.129403826,20.026209390,Other,random,H4O,20.026215000,RC2_0018_ICR-1_p08
231.030005505,251.056215895,20.026210390,Other,random,H4O,20.026215000,RC2_0018_ICR-1_p08
499.210334490,519.236544880,20.026210390,Other,random,H4O,20.026215000,RC2_0018_ICR-1_p08
445.150241477,465.176451867,20.026210390,Other,random,H4O,20.026215000,RC2_0018_ICR-1_p08
575.140751523,595.166962913,20.026211390,Other,random,H4O,20.026215000,RC2_0018_ICR-1_p08
439.124344362,459.150555752,20.026211390,Other,random,H4O,20.026215000,RC2_0018_ICR-1_p08
245.045631693,265.071843083,20.026211390,Other,random,H4O,20.026215000,RC2_0018_ICR-1_p08
256.082753630,276.108965020,20.026211390,Other,random,H4O,20.026215000,RC2_0018_ICR-1_p08
274.035732678,294.061944068,20.026211390,Other,random,H4O,20.026215000,RC2_0018_ICR-1_p08
427.134158784,447.160370174,20.026211390,Other,random,H4O,20.026215000,RC2_0018_ICR-1_p08
290.088142413,310.114354803,20.026212390,Other,random,H4O,20.026215000,RC2_0018_ICR-1_p08
298.056867604,318.083079994,20.026212390,Other,random,H4O,20.026215000,RC2_0018_ICR-1_p08
317.066613709,337.092826099,20.026212390,Other,random,H4O,20.026215000,RC2_0018_ICR-1_p08
330.098259431,350.124471821,20.026212390,Other,random,H4O,20.026215000,RC2_0018_ICR-1_p08
659.271282445,679.297494835,20.026212390,Other,random,H4O,20.026215000,RC2_0018_ICR-1_p08
439.066991684,459.093205074,20.026213390,Other,random,H4O,20.026215000,RC2_0018_ICR-1_p08
299.056124985,319.082338375,20.026213390,Other,random,H4O,20.026215000,RC2_0018_ICR-1_p08
307.118651648,327.144865038,20.026213390,Other,random,H4O,20.026215000,RC2_0018_ICR-1_p08
309.097919519,329.124132908,20.026213390,Other,random,H4O,20.026215000,RC2_0018_ICR-1_p08
403.189022431,423.215235821,20.026213390,Other,random,H4O,20.026215000,RC2_0018_ICR-1_p08
445.090490813,465.116704203,20.026213390,Other,random,H4O,20.026215000,RC2_0018_ICR-1_p08
451.160825679,471.187039069,20.026213390,Other,random,H4O,20.026215000,RC2_0018_ICR-1_p08
497.145213103,517.171426492,20.026213390,Other,random,H4O,20.026215000,RC2_0018_ICR-1_p08
589.192786506,609.218999896,20.026213390,Other,random,H4O,20.026215000,RC2_0018_ICR-1_p08
323.186402297,343.212616687,20.026214390,Other,random,H4O,20.026215000,RC2_0018_ICR-1_p08
477.030962208,497.057176598,20.026214390,Other,random,H4O,20.026215000,RC2_0018_ICR-1_p08
685.214275564,705.240489954,20.026214390,Other,random,H4O,20.026215000,RC2_0018_ICR-1_p08
495.077955727,515.104171117,20.026215390,Other,random,H4O,20.026215000,RC2_0018_ICR-1_p08
417.113416132,437.139631522,20.026215390,Other,random,H4O,20.026215000,RC2_0018_ICR-1_p08
427.051585249,447.077800639,20.026215390,Other,random,H4O,20.026215000,RC2_0018_ICR-1_p08
465.030992685,485.057208075,20.026215390,Other,random,H4O,20.026215000,RC2_0018_ICR-1_p08
415.116319362,435.142534752,20.026215390,Other,random,H4O,20.026215000,RC2_0018_ICR-1_p08
445.077486887,465.103702276,20.026215390,Other,random,H4O,20.026215000,RC2_0018_ICR-1_p08
663.229768186,683.255983576,20.026215390,Other,random,H4O,20.026215000,RC2_0018_ICR-1_p08
387.121390782,407.147606172,20.026215390,Other,random,H4O,20.026215000,RC2_0018_ICR-1_p08
485.158298507,505.184513896,20.026215390,Other,random,H4O,20.026215000,RC2_0018_ICR-1_p08
483.196730537,503.222946927,20.026216390,Other,random,H4O,20.026215000,RC2_0018_ICR-1_p08
743.147156800,763.173373189,20.026216390,Other,random,H4O,20.026215000,RC2_0018_ICR-1_p08
269.066697620,289.092914009,20.026216390,Other,random,H4O,20.026215000,RC2_0018_ICR-1_p08
390.095942055,410.122159445,20.026217390,Other,random,H4O,20.026215000,RC2_0018_ICR-1_p08
523.145683898,543.171901288,20.026217390,Other,random,H4O,20.026215000,RC2_0018_ICR-1_p08
493.171282449,513.197499838,20.026217390,Other,random,H4O,20.026215000,RC2_0018_ICR-1_p08
502.062709451,522.088926841,20.026217390,Other,random,H4O,20.026215000,RC2_0018_ICR-1_p08
316.046147448,336.072365837,20.026218390,Other,random,H4O,20.026215000,RC2_0018_ICR-1_p08
471.056742802,491.082961191,20.026218390,Other,random,H4O,20.026215000,RC2_0018_ICR-1_p08
549.052398221,569.078616611,20.026218390,Other,random,H4O,20.026215000,RC2_0018_ICR-1_p08
551.067893888,571.094112278,20.026218390,Other,random,H4O,20.026215000,RC2_0018_ICR-1_p08
561.052210745,581.078429134,20.026218390,Other,random,H4O,20.026215000,RC2_0018_ICR-1_p08
239.056189373,259.082407763,20.026218390,Other,random,H4O,20.026215000,RC2_0018_ICR-1_p08
369.074437262,389.100655652,20.026218390,Other,random,H4O,20.026215000,RC2_0018_ICR-1_p08
401.087688247,421.113906637,20.026218390,Other,random,H4O,20.026215000,RC2_0018_ICR-1_p08
403.139730708,423.165949098,20.026218390,Other,random,H4O,20.026215000,RC2_0018_ICR-1_p08
449.072270423,469.098488813,20.026218390,Other,random,H4O,20.026215000,RC2_0018_ICR-1_p08
478.099151201,498.125370591,20.026219390,Other,random,H4O,20.026215000,RC2_0018_ICR-1_p08
489.031035730,509.057255119,20.026219390,Other,random,H4O,20.026215000,RC2_0018_ICR-1_p08
555.223851518,575.250070908,20.026219390,Other,random,H4O,20.026215000,RC2_0018_ICR-1_p08
401.137058970,421.163278359,20.026219390,Other,random,H4O,20.026215000,RC2_0018_ICR-1_p08
401.123941043,421.150161433,20.026220390,Other,random,H4O,20.026215000,RC2_0018_ICR-1_p08
443.207255403,463.233475793,20.026220390,Other,random,H4O,20.026215000,RC2_0018_ICR-1_p08
345.061430291,365.087650681,20.026220390,Other,random,H4O,20.026215000,RC2_0018_ICR-1_p08
535.182220215,555.208440605,20.026220390,Other,random,H4O,20.026215000,RC2_0018_ICR-1_p08
261.076909547,281.103129937,20.026220390,Other,random,H4O,20.026215000,RC2_0018_ICR-1_p08
361.142082867,381.168303257,20.026220390,Other,random,H4O,20.026215000,RC2_0018_ICR-1_p08
549.197804404,569.224025793,20.026221390,Other,random,H4O,20.026215000,RC2_0018_ICR-1_p08
329.102948027,349.129169417,20.026221390,Other,random,H4O,20.026215000,RC2_0018_ICR-1_p08
283.045949012,303.072170402,20.026221390,Other,random,H4O,20.026215000,RC2_0018_ICR-1_p08
393.082475262,413.108696652,20.026221390,Other,random,H4O,20.026215000,RC2_0018_ICR-1_p08
545.057329686,565.083552076,20.026222390,Other,random,H4O,20.026215000,RC2_0018_ICR-1_p08
313.108102969,333.134325358,20.026222390,Other,random,H4O,20.026215000,RC2_0018_ICR-1_p08
347.162923474,367.189145864,20.026222390,Other,random,H4O,20.026215000,RC2_0018_ICR-1_p08
375.108330333,395.134552723,20.026222390,Other,random,H4O,20.026215000,RC2_0018_ICR-1_p08
475.088072133,495.114294523,20.026222390,Other,random,H4O,20.026215000,RC2_0018_ICR-1_p08
479.046519874,499.072742264,20.026222390,Other,random,H4O,20.026215000,RC2_0018_ICR-1_p08
331.058906029,351.085128419,20.026222390,Other,random,H4O,20.026215000,RC2_0018_ICR-1_p08
501.189443361,521.215665751,20.026222390,Other,random,H4O,20.026215000,RC2_0018_ICR-1_p08
539.119632075,559.145854464,20.026222390,Other,random,H4O,20.026215000,RC2_0018_ICR-1_p08
549.124948813,569.151171203,20.026222390,Other,random,H4O,20.026215000,RC2_0018_ICR-1_p08
757.271999374,777.298221763,20.026222390,Other,random,H4O,20.026215000,RC2_0018_ICR-1_p08
263.128969008,283.155192398,20.026223390,Other,random,H4O,20.026215000,RC2_0018_ICR-1_p08
423.129405304,443.155628693,20.026223390,Other,random,H4O,20.026215000,RC2_0018_ICR-1_p08
461.072426945,481.098650335,20.026223390,Other,random,H4O,20.026215000,RC2_0018_ICR-1_p08
237.076959502,257.103183892,20.026224390,Other,random,H4O,20.026215000,RC2_0018_ICR-1_p08
280.046341880,300.072566269,20.026224390,Other,random,H4O,20.026215000,RC2_0018_ICR-1_p08
443.098265016,463.124489406,20.026224390,Other,random,H4O,20.026215000,RC2_0018_ICR-1_p08
455.134775333,477.116705726,21.981930393,Other,random,Na_H,21.981940000,RC2_0018_ICR-1_p08
373.129200462,395.111134854,21.981934393,Other,random,Na_H,21.981940000,RC2_0018_ICR-1_p08
347.149943547,369.131878939,21.981935393,Other,random,Na_H,21.981940000,RC2_0018_ICR-1_p08
377.196865589,399.178801981,21.981936393,Other,random,Na_H,21.981940000,RC2_0018_ICR-1_p08
332.113851097,354.095796489,21.981945392,Other,random,Na_H,21.981940000,RC2_0018_ICR-1_p08
325.071762695,347.053710088,21.981947392,Other,random,Na_H,21.981940000,RC2_0018_ICR-1_p08
392.135009589,414.116958982,21.981949392,Other,random,Na_H,21.981940000,RC2_0018_ICR-1_p08
406.150679777,428.132629170,21.981949392,Other,random,Na_H,21.981940000,RC2_0018_ICR-1_p08
463.064634742,485.048975121,21.984340379,Other,random,C2H_2,21.984350000,RC2_0018_ICR-1_p08
459.178986592,481.163326971,21.984340379,Other,random,C2H_2,21.984350000,RC2_0018_ICR-1_p08
345.191806558,367.176146937,21.984340379,Other,random,C2H_2,21.984350000,RC2_0018_ICR-1_p08
269.103165415,291.087506794,21.984341379,Other,random,C2H_2,21.984350000,RC2_0018_ICR-1_p08
277.071783606,299.056124985,21.984341379,Other,random,C2H_2,21.984350000,RC2_0018_ICR-1_p08
307.082288853,329.066630232,21.984341379,Other,random,C2H_2,21.984350000,RC2_0018_ICR-1_p08
315.108484720,337.092826099,21.984341379,Other,random,C2H_2,21.984350000,RC2_0018_ICR-1_p08
413.181593242,435.165934621,21.984341379,Other,random,C2H_2,21.984350000,RC2_0018_ICR-1_p08
523.109357103,545.093698482,21.984341379,Other,random,C2H_2,21.984350000,RC2_0018_ICR-1_p08
531.172061765,553.156403144,21.984341379,Other,random,C2H_2,21.984350000,RC2_0018_ICR-1_p08
583.239792981,605.224135360,21.984342379,Other,random,C2H_2,21.984350000,RC2_0018_ICR-1_p08
463.246650719,485.230993098,21.984342379,Other,random,C2H_2,21.984350000,RC2_0018_ICR-1_p08
657.167632274,679.151974653,21.984342379,Other,random,C2H_2,21.984350000,RC2_0018_ICR-1_p08
795.308938487,817.293280866,21.984342379,Other,random,C2H_2,21.984350000,RC2_0018_ICR-1_p08
247.118823036,269.103165415,21.984342379,Other,random,C2H_2,21.984350000,RC2_0018_ICR-1_p08
323.077086912,345.061430291,21.984343379,Other,random,C2H_2,21.984350000,RC2_0018_ICR-1_p08
359.126616200,381.110959579,21.984343379,Other,random,C2H_2,21.984350000,RC2_0018_ICR-1_p08
365.051176886,387.035520265,21.984343379,Other,random,C2H_2,21.984350000,RC2_0018_ICR-1_p08
257.066755097,279.051098476,21.984343379,Other,random,C2H_2,21.984350000,RC2_0018_ICR-1_p08
325.105888503,347.090232882,21.984344379,Other,random,C2H_2,21.984350000,RC2_0018_ICR-1_p08
373.142179389,395.126523768,21.984344379,Other,random,C2H_2,21.984350000,RC2_0018_ICR-1_p08
387.238669122,409.223013501,21.984344379,Other,random,C2H_2,21.984350000,RC2_0018_ICR-1_p08
421.163278359,443.147622738,21.984344379,Other,random,C2H_2,21.984350000,RC2_0018_ICR-1_p08
553.119958349,575.104302728,21.984344379,Other,random,C2H_2,21.984350000,RC2_0018_ICR-1_p08
553.229192735,575.213537114,21.984344379,Other,random,C2H_2,21.984350000,RC2_0018_ICR-1_p08
579.135588059,601.119932438,21.984344379,Other,random,C2H_2,21.984350000,RC2_0018_ICR-1_p08
719.292582937,741.276927316,21.984344379,Other,random,C2H_2,21.984350000,RC2_0018_ICR-1_p08
305.087715068,327.072060447,21.984345379,Other,random,C2H_2,21.984350000,RC2_0018_ICR-1_p08
477.189641315,499.173986694,21.984345379,Other,random,C2H_2,21.984350000,RC2_0018_ICR-1_p08
509.057255119,531.041600498,21.984345379,Other,random,C2H_2,21.984350000,RC2_0018_ICR-1_p08
519.099216652,541.083562031,21.984345379,Other,random,C2H_2,21.984350000,RC2_0018_ICR-1_p08
539.286189138,561.270534517,21.984345379,Other,random,C2H_2,21.984350000,RC2_0018_ICR-1_p08
555.244696401,577.229041780,21.984345379,Other,random,C2H_2,21.984350000,RC2_0018_ICR-1_p08
349.069490753,371.053836132,21.984345379,Other,random,C2H_2,21.984350000,RC2_0018_ICR-1_p08
377.137126925,399.121472304,21.984345379,Other,random,C2H_2,21.984350000,RC2_0018_ICR-1_p08
322.106138371,344.090484750,21.984346379,Other,random,C2H_2,21.984350000,RC2_0018_ICR-1_p08
407.111262376,429.095608755,21.984346379,Other,random,C2H_2,21.984350000,RC2_0018_ICR-1_p08
533.151149636,555.135496015,21.984346379,Other,random,C2H_2,21.984350000,RC2_0018_ICR-1_p08
547.145740943,569.130088322,21.984347379,Other,random,C2H_2,21.984350000,RC2_0018_ICR-1_p08
313.129155850,335.113503229,21.984347379,Other,random,C2H_2,21.984350000,RC2_0018_ICR-1_p08
669.240248388,691.224595767,21.984347379,Other,random,C2H_2,21.984350000,RC2_0018_ICR-1_p08
697.271674764,719.256023143,21.984348379,Other,random,C2H_2,21.984350000,RC2_0018_ICR-1_p08
767.240722318,789.225070697,21.984348379,Other,random,C2H_2,21.984350000,RC2_0018_ICR-1_p08
553.156403144,575.140751523,21.984348379,Other,random,C2H_2,21.984350000,RC2_0018_ICR-1_p08
423.179023025,445.163371404,21.984348379,Other,random,C2H_2,21.984350000,RC2_0018_ICR-1_p08
275.113706616,297.098054995,21.984348379,Other,random,C2H_2,21.984350000,RC2_0018_ICR-1_p08
435.178966547,457.163315926,21.984349379,Other,random,C2H_2,21.984350000,RC2_0018_ICR-1_p08
379.066939073,401.051288452,21.984349379,Other,random,C2H_2,21.984350000,RC2_0018_ICR-1_p08
419.129046798,441.113396177,21.984349379,Other,random,C2H_2,21.984350000,RC2_0018_ICR-1_p08
451.160825679,473.145175058,21.984349379,Other,random,C2H_2,21.984350000,RC2_0018_ICR-1_p08
413.254367832,435.238717211,21.984349379,Other,random,C2H_2,21.984350000,RC2_0018_ICR-1_p08
377.064416333,399.048766712,21.984350379,Other,random,C2H_2,21.984350000,RC2_0018_ICR-1_p08
479.046519874,501.030870253,21.984350379,Other,random,C2H_2,21.984350000,RC2_0018_ICR-1_p08
545.215958794,567.200309173,21.984350379,Other,random,C2H_2,21.984350000,RC2_0018_ICR-1_p08
557.151237680,579.135588059,21.984350379,Other,random,C2H_2,21.984350000,RC2_0018_ICR-1_p08
329.051322318,351.035673697,21.984351379,Other,random,C2H_2,21.984350000,RC2_0018_ICR-1_p08
433.171337837,455.155689215,21.984351379,Other,random,C2H_2,21.984350000,RC2_0018_ICR-1_p08
389.145163402,411.129514781,21.984351379,Other,random,C2H_2,21.984350000,RC2_0018_ICR-1_p08
411.196500404,433.180851783,21.984351379,Other,random,C2H_2,21.984350000,RC2_0018_ICR-1_p08
263.092574213,285.076925592,21.984351379,Other,random,C2H_2,21.984350000,RC2_0018_ICR-1_p08
413.217829038,435.202180417,21.984351379,Other,random,C2H_2,21.984350000,RC2_0018_ICR-1_p08
495.127452449,517.111804828,21.984352379,Other,random,C2H_2,21.984350000,RC2_0018_ICR-1_p08
279.087464271,301.071816650,21.984352379,Other,random,C2H_2,21.984350000,RC2_0018_ICR-1_p08
309.170708109,331.155060488,21.984352379,Other,random,C2H_2,21.984350000,RC2_0018_ICR-1_p08
351.072066492,373.056418871,21.984352379,Other,random,C2H_2,21.984350000,RC2_0018_ICR-1_p08
480.114630868,502.098983247,21.984352379,Other,random,C2H_2,21.984350000,RC2_0018_ICR-1_p08
253.035448766,275.019802144,21.984353379,Other,random,C2H_2,21.984350000,RC2_0018_ICR-1_p08
281.030325346,303.014678725,21.984353379,Other,random,C2H_2,21.984350000,RC2_0018_ICR-1_p08
333.061472768,355.045826147,21.984353379,Other,random,C2H_2,21.984350000,RC2_0018_ICR-1_p08
409.199577633,431.183931012,21.984353379,Other,random,C2H_2,21.984350000,RC2_0018_ICR-1_p08
515.205276548,537.189629927,21.984353379,Other,random,C2H_2,21.984350000,RC2_0018_ICR-1_p08
255.123872022,277.108226401,21.984354379,Other,random,C2H_2,21.984350000,RC2_0018_ICR-1_p08
485.057208075,507.041562454,21.984354379,Other,random,C2H_2,21.984350000,RC2_0018_ICR-1_p08
267.051106954,289.035461332,21.984354379,Other,random,C2H_2,21.984350000,RC2_0018_ICR-1_p08
269.139533210,291.123888589,21.984355379,Other,random,C2H_2,21.984350000,RC2_0018_ICR-1_p08
369.191555604,391.175910983,21.984355379,Other,random,C2H_2,21.984350000,RC2_0018_ICR-1_p08
293.139452255,315.123807634,21.984355379,Other,random,C2H_2,21.984350000,RC2_0018_ICR-1_p08
410.072712723,432.057068102,21.984355379,Other,random,C2H_2,21.984350000,RC2_0018_ICR-1_p08
438.067690304,460.052045683,21.984355379,Other,random,C2H_2,21.984350000,RC2_0018_ICR-1_p08
487.109273536,509.093628915,21.984355379,Other,random,C2H_2,21.984350000,RC2_0018_ICR-1_p08
417.168295824,439.152651203,21.984355379,Other,random,C2H_2,21.984350000,RC2_0018_ICR-1_p08
527.140592434,549.124948813,21.984356379,Other,random,C2H_2,21.984350000,RC2_0018_ICR-1_p08
491.096117117,513.080473496,21.984356379,Other,random,C2H_2,21.984350000,RC2_0018_ICR-1_p08
549.088571018,571.072927397,21.984356379,Other,random,C2H_2,21.984350000,RC2_0018_ICR-1_p08
583.130433596,605.114789975,21.984356379,Other,random,C2H_2,21.984350000,RC2_0018_ICR-1_p08
323.090217838,345.074575217,21.984357379,Other,random,C2H_2,21.984350000,RC2_0018_ICR-1_p08
415.124437317,437.108794696,21.984357379,Other,random,C2H_2,21.984350000,RC2_0018_ICR-1_p08
425.036009583,447.020366961,21.984357379,Other,random,C2H_2,21.984350000,RC2_0018_ICR-1_p08
557.114798885,579.099156264,21.984357379,Other,random,C2H_2,21.984350000,RC2_0018_ICR-1_p08
517.156140578,539.140498957,21.984358379,Other,random,C2H_2,21.984350000,RC2_0018_ICR-1_p08
421.113906637,443.098265016,21.984358379,Other,random,C2H_2,21.984350000,RC2_0018_ICR-1_p08
471.179046114,493.163404493,21.984358379,Other,random,C2H_2,21.984350000,RC2_0018_ICR-1_p08
413.194608168,435.178966547,21.984358379,Other,random,C2H_2,21.984350000,RC2_0018_ICR-1_p08
561.174511057,583.158869436,21.984358379,Other,random,C2H_2,21.984350000,RC2_0018_ICR-1_p08
256.082753630,278.067113009,21.984359379,Other,random,C2H_2,21.984350000,RC2_0018_ICR-1_p08
613.141272841,635.125632220,21.984359379,Other,random,C2H_2,21.984350000,RC2_0018_ICR-1_p08
575.161870404,597.146229783,21.984359379,Other,random,C2H_2,21.984350000,RC2_0018_ICR-1_p08
723.251137678,745.235497057,21.984359379,Other,random,C2H_2,21.984350000,RC2_0018_ICR-1_p08
273.076920070,295.082390330,22.005470260,Other,random,C_1H2O2,22.005480000,RC2_0018_ICR-1_p08
475.233581315,497.239051575,22.005470260,Other,random,C_1H2O2,22.005480000,RC2_0018_ICR-1_p08
533.093773959,555.099244219,22.005470260,Other,random,C_1H2O2,22.005480000,RC2_0018_ICR-1_p08
541.208001331,563.213471592,22.005470260,Other,random,C_1H2O2,22.005480000,RC2_0018_ICR-1_p08
275.019802144,297.025272405,22.005470260,Other,random,C_1H2O2,22.005480000,RC2_0018_ICR-1_p08
349.092643623,371.098113883,22.005470260,Other,random,C_1H2O2,22.005480000,RC2_0018_ICR-1_p08
268.082672153,290.088142413,22.005470260,Other,random,C_1H2O2,22.005480000,RC2_0018_ICR-1_p08
479.046519874,501.051991134,22.005471260,Other,random,C_1H2O2,22.005480000,RC2_0018_ICR-1_p08
259.024854086,281.030325346,22.005471260,Other,random,C_1H2O2,22.005480000,RC2_0018_ICR-1_p08
409.077449320,431.082920580,22.005471260,Other,random,C_1H2O2,22.005480000,RC2_0018_ICR-1_p08
476.119899331,498.125370591,22.005471260,Other,random,C_1H2O2,22.005480000,RC2_0018_ICR-1_p08
447.129542348,469.135013608,22.005471260,Other,random,C_1H2O2,22.005480000,RC2_0018_ICR-1_p08
489.226012633,511.231484893,22.005472260,Other,random,C_1H2O2,22.005480000,RC2_0018_ICR-1_p08
521.239067619,543.244539880,22.005472260,Other,random,C_1H2O2,22.005480000,RC2_0018_ICR-1_p08
293.030335869,315.035808129,22.005472260,Other,random,C_1H2O2,22.005480000,RC2_0018_ICR-1_p08
335.077134434,357.082606694,22.005472260,Other,random,C_1H2O2,22.005480000,RC2_0018_ICR-1_p08
453.204752186,475.210224446,22.005472260,Other,random,C_1H2O2,22.005480000,RC2_0018_ICR-1_p08
471.215339910,493.220813170,22.005473260,Other,random,C_1H2O2,22.005480000,RC2_0018_ICR-1_p08
520.109607971,542.115081231,22.005473260,Other,random,C_1H2O2,22.005480000,RC2_0018_ICR-1_p08
547.218552533,569.224025793,22.005473260,Other,random,C_1H2O2,22.005480000,RC2_0018_ICR-1_p08
667.094262456,689.099735716,22.005473260,Other,random,C_1H2O2,22.005480000,RC2_0018_ICR-1_p08
311.069088434,333.074561695,22.005473260,Other,random,C_1H2O2,22.005480000,RC2_0018_ICR-1_p08
661.214170520,683.219643780,22.005473260,Other,random,C_1H2O2,22.005480000,RC2_0018_ICR-1_p08
401.173548765,423.179023025,22.005474260,Other,random,C_1H2O2,22.005480000,RC2_0018_ICR-1_p08
507.041562454,529.047036714,22.005474260,Other,random,C_1H2O2,22.005480000,RC2_0018_ICR-1_p08
249.040526230,271.046000490,22.005474260,Other,random,C_1H2O2,22.005480000,RC2_0018_ICR-1_p08
479.119331465,501.124805725,22.005474260,Other,random,C_1H2O2,22.005480000,RC2_0018_ICR-1_p08
308.077556256,330.083030516,22.005474260,Other,random,C_1H2O2,22.005480000,RC2_0018_ICR-1_p08
533.239222141,555.244696401,22.005474260,Other,random,C_1H2O2,22.005480000,RC2_0018_ICR-1_p08
377.124061998,399.129537258,22.005475260,Other,random,C_1H2O2,22.005480000,RC2_0018_ICR-1_p08
245.045631693,267.051106954,22.005475260,Other,random,C_1H2O2,22.005480000,RC2_0018_ICR-1_p08
305.030254392,327.035729652,22.005475260,Other,random,C_1H2O2,22.005480000,RC2_0018_ICR-1_p08
313.048365305,335.053840565,22.005475260,Other,random,C_1H2O2,22.005480000,RC2_0018_ICR-1_p08
387.071974060,409.077449320,22.005475260,Other,random,C_1H2O2,22.005480000,RC2_0018_ICR-1_p08
455.147708260,477.153183520,22.005475260,Other,random,C_1H2O2,22.005480000,RC2_0018_ICR-1_p08
533.130020755,555.135496015,22.005475260,Other,random,C_1H2O2,22.005480000,RC2_0018_ICR-1_p08
541.148285667,563.153760927,22.005475260,Other,random,C_1H2O2,22.005480000,RC2_0018_ICR-1_p08
313.035381378,335.040857638,22.005476260,Other,random,C_1H2O2,22.005480000,RC2_0018_ICR-1_p08
573.161486653,595.166962913,22.005476260,Other,random,C_1H2O2,22.005480000,RC2_0018_ICR-1_p08
317.152415227,339.157891487,22.005476260,Other,random,C_1H2O2,22.005480000,RC2_0018_ICR-1_p08
505.135115174,527.140592434,22.005477260,Other,random,C_1H2O2,22.005480000,RC2_0018_ICR-1_p08
563.067994410,585.073471670,22.005477260,Other,random,C_1H2O2,22.005480000,RC2_0018_ICR-1_p08
609.182713100,631.188190360,22.005477260,Other,random,C_1H2O2,22.005480000,RC2_0018_ICR-1_p08
397.142196433,419.147673694,22.005477260,Other,random,C_1H2O2,22.005480000,RC2_0018_ICR-1_p08
425.209777605,447.215254866,22.005477260,Other,random,C_1H2O2,22.005480000,RC2_0018_ICR-1_p08
397.129119507,419.134597767,22.005478260,Other,random,C_1H2O2,22.005480000,RC2_0018_ICR-1_p08
409.041086524,431.046564784,22.005478260,Other,random,C_1H2O2,22.005480000,RC2_0018_ICR-1_p08
575.140751523,597.146229783,22.005478260,Other,random,C_1H2O2,22.005480000,RC2_0018_ICR-1_p08
549.270536995,571.276015255,22.005478260,Other,random,C_1H2O2,22.005480000,RC2_0018_ICR-1_p08
593.187787042,615.193265302,22.005478260,Other,random,C_1H2O2,22.005480000,RC2_0018_ICR-1_p08
373.092669667,395.098147927,22.005478260,Other,random,C_1H2O2,22.005480000,RC2_0018_ICR-1_p08
455.220463851,477.225943111,22.005479260,Other,random,C_1H2O2,22.005480000,RC2_0018_ICR-1_p08
267.123830545,289.129309805,22.005479260,Other,random,C_1H2O2,22.005480000,RC2_0018_ICR-1_p08
599.213810157,621.219289417,22.005479260,Other,random,C_1H2O2,22.005480000,RC2_0018_ICR-1_p08
333.170585155,355.176065415,22.005480260,Other,random,C_1H2O2,22.005480000,RC2_0018_ICR-1_p08
381.082419740,403.087900000,22.005480260,Other,random,C_1H2O2,22.005480000,RC2_0018_ICR-1_p08
461.108817740,483.114298000,22.005480260,Other,random,C_1H2O2,22.005480000,RC2_0018_ICR-1_p08
307.118651648,329.124132908,22.005481260,Other,random,C_1H2O2,22.005480000,RC2_0018_ICR-1_p08
515.155796827,537.161278087,22.005481260,Other,random,C_1H2O2,22.005480000,RC2_0018_ICR-1_p08
325.165577168,347.171059428,22.005482260,Other,random,C_1H2O2,22.005480000,RC2_0018_ICR-1_p08
383.053821654,405.059303914,22.005482260,Other,random,C_1H2O2,22.005480000,RC2_0018_ICR-1_p08
251.056215895,273.061698155,22.005482260,Other,random,C_1H2O2,22.005480000,RC2_0018_ICR-1_p08
253.108223356,275.113706616,22.005483260,Other,random,C_1H2O2,22.005480000,RC2_0018_ICR-1_p08
467.082888147,489.088371407,22.005483260,Other,random,C_1H2O2,22.005480000,RC2_0018_ICR-1_p08
503.046527919,525.052011179,22.005483260,Other,random,C_1H2O2,22.005480000,RC2_0018_ICR-1_p08
515.168920753,537.174404013,22.005483260,Other,random,C_1H2O2,22.005480000,RC2_0018_ICR-1_p08
275.128948531,297.134431791,22.005483260,Other,random,C_1H2O2,22.005480000,RC2_0018_ICR-1_p08
360.121730605,382.127214865,22.005484260,Other,random,C_1H2O2,22.005480000,RC2_0018_ICR-1_p08
383.077008524,405.082492784,22.005484260,Other,random,C_1H2O2,22.005480000,RC2_0018_ICR-1_p08
489.140097116,511.145581377,22.005484260,Other,random,C_1H2O2,22.005480000,RC2_0018_ICR-1_p08
263.056167418,285.061651678,22.005484260,Other,random,C_1H2O2,22.005480000,RC2_0018_ICR-1_p08
495.186948114,517.192433374,22.005485260,Other,random,C_1H2O2,22.005480000,RC2_0018_ICR-1_p08
657.255690779,679.261176039,22.005485260,Other,random,C_1H2O2,22.005480000,RC2_0018_ICR-1_p08
365.124004476,387.129489736,22.005485260,Other,random,C_1H2O2,22.005480000,RC2_0018_ICR-1_p08
401.160463838,423.165949098,22.005485260,Other,random,C_1H2O2,22.005480000,RC2_0018_ICR-1_p08
383.090035451,405.095520711,22.005485260,Other,random,C_1H2O2,22.005480000,RC2_0018_ICR-1_p08
549.226122244,571.231607504,22.005485260,Other,random,C_1H2O2,22.005480000,RC2_0018_ICR-1_p08
673.250660837,695.256146097,22.005485260,Other,random,C_1H2O2,22.005480000,RC2_0018_ICR-1_p08
265.144605674,287.150091934,22.005486260,Other,random,C_1H2O2,22.005480000,RC2_0018_ICR-1_p08
503.119455509,525.124941769,22.005486260,Other,random,C_1H2O2,22.005480000,RC2_0018_ICR-1_p08
233.045621171,255.051107431,22.005486260,Other,random,C_1H2O2,22.005480000,RC2_0018_ICR-1_p08
305.139378778,327.144865038,22.005486260,Other,random,C_1H2O2,22.005480000,RC2_0018_ICR-1_p08
409.186475707,431.191961967,22.005486260,Other,random,C_1H2O2,22.005480000,RC2_0018_ICR-1_p08
419.061824176,441.067310436,22.005486260,Other,random,C_1H2O2,22.005480000,RC2_0018_ICR-1_p08
277.071783606,299.077271866,22.005488260,Other,random,C_1H2O2,22.005480000,RC2_0018_ICR-1_p08
360.036101086,382.041589346,22.005488260,Other,random,C_1H2O2,22.005480000,RC2_0018_ICR-1_p08
467.220524373,489.226012633,22.005488260,Other,random,C_1H2O2,22.005480000,RC2_0018_ICR-1_p08
501.030870253,523.036359513,22.005489260,Other,random,C_1H2O2,22.005480000,RC2_0018_ICR-1_p08
343.131660142,365.137149402,22.005489260,Other,random,C_1H2O2,22.005480000,RC2_0018_ICR-1_p08
457.041030614,479.046519874,22.005489260,Other,random,C_1H2O2,22.005480000,RC2_0018_ICR-1_p08
463.233475793,485.238965053,22.005489260,Other,random,C_1H2O2,22.005480000,RC2_0018_ICR-1_p08
307.082288853,329.087778113,22.005489260,Other,random,C_1H2O2,22.005480000,RC2_0018_ICR-1_p08
469.199672244,491.205161504,22.005489260,Other,random,C_1H2O2,22.005480000,RC2_0018_ICR-1_p08
581.166649638,603.172138898,22.005489260,Other,random,C_1H2O2,22.005480000,RC2_0018_ICR-1_p08
303.051037521,325.071762695,22.020725174,Other,random,C3H2O_1,22.020735000,RC2_0018_ICR-1_p08
373.041127957,395.061853131,22.020725174,Other,random,C3H2O_1,22.020735000,RC2_0018_ICR-1_p08
529.156256100,551.176981274,22.020725174,Other,random,C3H2O_1,22.020735000,RC2_0018_ICR-1_p08
609.182713100,631.203438275,22.020725174,Other,random,C3H2O_1,22.020735000,RC2_0018_ICR-1_p08
253.108223356,275.128948531,22.020725174,Other,random,C3H2O_1,22.020735000,RC2_0018_ICR-1_p08
299.150018457,321.170743631,22.020725174,Other,random,C3H2O_1,22.020735000,RC2_0018_ICR-1_p08
275.113706616,297.134431791,22.020725174,Other,random,C3H2O_1,22.020735000,RC2_0018_ICR-1_p08
397.041098002,419.061824176,22.020726174,Other,random,C3H2O_1,22.020735000,RC2_0018_ICR-1_p08
509.093628915,531.114355089,22.020726174,Other,random,C3H2O_1,22.020735000,RC2_0018_ICR-1_p08
705.204056159,727.224782333,22.020726174,Other,random,C3H2O_1,22.020735000,RC2_0018_ICR-1_p08
373.077421753,395.098147927,22.020726174,Other,random,C3H2O_1,22.020735000,RC2_0018_ICR-1_p08
459.077924160,481.098650335,22.020726174,Other,random,C3H2O_1,22.020735000,RC2_0018_ICR-1_p08
471.142678318,493.163404493,22.020726174,Other,random,C3H2O_1,22.020735000,RC2_0018_ICR-1_p08
565.242113184,587.262839359,22.020726174,Other,random,C3H2O_1,22.020735000,RC2_0018_ICR-1_p08
325.165577168,347.186304342,22.020727174,Other,random,C3H2O_1,22.020735000,RC2_0018_ICR-1_p08
347.053710088,369.074437262,22.020727174,Other,random,C3H2O_1,22.020735000,RC2_0018_ICR-1_p08
607.094350843,629.115078018,22.020727174,Other,random,C3H2O_1,22.020735000,RC2_0018_ICR-1_p08
343.030449711,365.051176886,22.020727174,Other,random,C3H2O_1,22.020735000,RC2_0018_ICR-1_p08
353.100663085,375.121390259,22.020727174,Other,random,C3H2O_1,22.020735000,RC2_0018_ICR-1_p08
385.077536275,407.098263449,22.020727174,Other,random,C3H2O_1,22.020735000,RC2_0018_ICR-1_p08
381.082419740,403.103147914,22.020728174,Other,random,C3H2O_1,22.020735000,RC2_0018_ICR-1_p08
573.182602534,595.203330708,22.020728174,Other,random,C3H2O_1,22.020735000,RC2_0018_ICR-1_p08
443.111341942,465.132070117,22.020728174,Other,random,C3H2O_1,22.020735000,RC2_0018_ICR-1_p08
509.239208096,531.259936271,22.020728174,Other,random,C3H2O_1,22.020735000,RC2_0018_ICR-1_p08
305.103027982,327.123756157,22.020728174,Other,random,C3H2O_1,22.020735000,RC2_0018_ICR-1_p08
537.174404013,559.195132187,22.020728174,Other,random,C3H2O_1,22.020735000,RC2_0018_ICR-1_p08
292.103831079,314.124560253,22.020729174,Other,random,C3H2O_1,22.020735000,RC2_0018_ICR-1_p08
370.127211342,392.147940517,22.020729174,Other,random,C3H2O_1,22.020735000,RC2_0018_ICR-1_p08
445.171461358,467.192190533,22.020729174,Other,random,C3H2O_1,22.020735000,RC2_0018_ICR-1_p08
607.167062434,629.187791609,22.020729174,Other,random,C3H2O_1,22.020735000,RC2_0018_ICR-1_p08
315.100332766,337.121062940,22.020730174,Other,random,C3H2O_1,22.020735000,RC2_0018_ICR-1_p08
465.153057999,487.173788173,22.020730174,Other,random,C3H2O_1,22.020735000,RC2_0018_ICR-1_p08
595.166962913,617.187693087,22.020730174,Other,random,C3H2O_1,22.020735000,RC2_0018_ICR-1_p08
511.145581377,533.166311551,22.020730174,Other,random,C3H2O_1,22.020735000,RC2_0018_ICR-1_p08
345.147382807,367.168113982,22.020731174,Other,random,C3H2O_1,22.020735000,RC2_0018_ICR-1_p08
519.236544880,541.257276054,22.020731174,Other,random,C3H2O_1,22.020735000,RC2_0018_ICR-1_p08
539.176951752,561.197682927,22.020731174,Other,random,C3H2O_1,22.020735000,RC2_0018_ICR-1_p08
591.171918377,613.192649552,22.020731174,Other,random,C3H2O_1,22.020735000,RC2_0018_ICR-1_p08
491.132533913,513.153266087,22.020732174,Other,random,C3H2O_1,22.020735000,RC2_0018_ICR-1_p08
383.134591200,405.155323374,22.020732174,Other,random,C3H2O_1,22.020735000,RC2_0018_ICR-1_p08
280.010014084,302.030747258,22.020733174,Other,random,C3H2O_1,22.020735000,RC2_0018_ICR-1_p08
491.241514300,513.262247474,22.020733174,Other,random,C3H2O_1,22.020735000,RC2_0018_ICR-1_p08
335.113503229,357.134236404,22.020733174,Other,random,C3H2O_1,22.020735000,RC2_0018_ICR-1_p08
433.054128496,455.074861670,22.020733174,Other,random,C3H2O_1,22.020735000,RC2_0018_ICR-1_p08
699.178200043,721.198933217,22.020733174,Other,random,C3H2O_1,22.020735000,RC2_0018_ICR-1_p08
249.040526230,271.061260404,22.020734174,Other,random,C3H2O_1,22.020735000,RC2_0018_ICR-1_p08
393.132103983,415.152838157,22.020734174,Other,random,C3H2O_1,22.020735000,RC2_0018_ICR-1_p08
379.079975000,401.100709174,22.020734174,Other,random,C3H2O_1,22.020735000,RC2_0018_ICR-1_p08
243.123870500,265.144605674,22.020735174,Other,random,C3H2O_1,22.020735000,RC2_0018_ICR-1_p08
293.103072460,315.123807634,22.020735174,Other,random,C3H2O_1,22.020735000,RC2_0018_ICR-1_p08
551.140751478,573.161486653,22.020735174,Other,random,C3H2O_1,22.020735000,RC2_0018_ICR-1_p08
589.177605592,611.198340766,22.020735174,Other,random,C3H2O_1,22.020735000,RC2_0018_ICR-1_p08
333.025090973,355.045826147,22.020735174,Other,random,C3H2O_1,22.020735000,RC2_0018_ICR-1_p08
573.218779330,595.239514505,22.020735174,Other,random,C3H2O_1,22.020735000,RC2_0018_ICR-1_p08
647.089273946,669.110009121,22.020735174,Other,random,C3H2O_1,22.020735000,RC2_0018_ICR-1_p08
363.108321811,385.129057985,22.020736174,Other,random,C3H2O_1,22.020735000,RC2_0018_ICR-1_p08
519.163910288,541.184646463,22.020736174,Other,random,C3H2O_1,22.020735000,RC2_0018_ICR-1_p08
317.160532181,339.181268356,22.020736174,Other,random,C3H2O_1,22.020735000,RC2_0018_ICR-1_p08
331.176165369,353.196901544,22.020736174,Other,random,C3H2O_1,22.020735000,RC2_0018_ICR-1_p08
355.103325824,377.124061998,22.020736174,Other,random,C3H2O_1,22.020735000,RC2_0018_ICR-1_p08
445.090490813,467.111226988,22.020736174,Other,random,C3H2O_1,22.020735000,RC2_0018_ICR-1_p08
497.215808706,519.236544880,22.020736174,Other,random,C3H2O_1,22.020735000,RC2_0018_ICR-1_p08
531.172061765,553.192797939,22.020736174,Other,random,C3H2O_1,22.020735000,RC2_0018_ICR-1_p08
573.210768375,595.231504550,22.020736174,Other,random,C3H2O_1,22.020735000,RC2_0018_ICR-1_p08
304.067360806,326.088097980,22.020737174,Other,random,C3H2O_1,22.020735000,RC2_0018_ICR-1_p08
255.123872022,277.144609196,22.020737174,Other,random,C3H2O_1,22.020735000,RC2_0018_ICR-1_p08
405.059303914,427.080041089,22.020737174,Other,random,C3H2O_1,22.020735000,RC2_0018_ICR-1_p08
397.077307798,419.098045973,22.020738174,Other,random,C3H2O_1,22.020735000,RC2_0018_ICR-1_p08
475.064740264,497.085478438,22.020738174,Other,random,C3H2O_1,22.020735000,RC2_0018_ICR-1_p08
393.076904293,415.097642467,22.020738174,Other,random,C3H2O_1,22.020735000,RC2_0018_ICR-1_p08
543.171901288,565.192639462,22.020738174,Other,random,C3H2O_1,22.020735000,RC2_0018_ICR-1_p08
405.132003506,427.152741680,22.020738174,Other,random,C3H2O_1,22.020735000,RC2_0018_ICR-1_p08
553.192797939,575.213537114,22.020739174,Other,random,C3H2O_1,22.020735000,RC2_0018_ICR-1_p08
324.036139519,346.056878693,22.020739174,Other,random,C3H2O_1,22.020735000,RC2_0018_ICR-1_p08
343.095244347,365.115983521,22.020739174,Other,random,C3H2O_1,22.020735000,RC2_0018_ICR-1_p08
365.045625917,387.066365091,22.020739174,Other,random,C3H2O_1,22.020735000,RC2_0018_ICR-1_p08
545.151280158,567.172019332,22.020739174,Other,random,C3H2O_1,22.020735000,RC2_0018_ICR-1_p08
623.198468288,645.219208462,22.020740174,Other,random,C3H2O_1,22.020735000,RC2_0018_ICR-1_p08
501.088616928,523.109357103,22.020740174,Other,random,C3H2O_1,22.020735000,RC2_0018_ICR-1_p08
343.058958551,365.079698725,22.020740174,Other,random,C3H2O_1,22.020735000,RC2_0018_ICR-1_p08
561.161281131,583.182021306,22.020740174,Other,random,C3H2O_1,22.020735000,RC2_0018_ICR-1_p08
647.161948538,669.182688712,22.020740174,Other,random,C3H2O_1,22.020735000,RC2_0018_ICR-1_p08
361.105876071,383.126616245,22.020740174,Other,random,C3H2O_1,22.020735000,RC2_0018_ICR-1_p08
298.093205400,320.113946574,22.020741174,Other,random,C3H2O_1,22.020735000,RC2_0018_ICR-1_p08
586.177964459,608.198705633,22.020741174,Other,random,C3H2O_1,22.020735000,RC2_0018_ICR-1_p08
591.208353172,613.229094347,22.020741174,Other,random,C3H2O_1,22.020735000,RC2_0018_ICR-1_p08
325.129201372,347.149943547,22.020742174,Other,random,C3H2O_1,22.020735000,RC2_0018_ICR-1_p08
467.082888147,489.103630321,22.020742174,Other,random,C3H2O_1,22.020735000,RC2_0018_ICR-1_p08
317.051304796,339.072047970,22.020743174,Other,random,C3H2O_1,22.020735000,RC2_0018_ICR-1_p08
369.131878939,391.152622114,22.020743174,Other,random,C3H2O_1,22.020735000,RC2_0018_ICR-1_p08
471.223286865,493.244030039,22.020743174,Other,random,C3H2O_1,22.020735000,RC2_0018_ICR-1_p08
463.124489406,485.145233580,22.020744174,Other,random,C3H2O_1,22.020735000,RC2_0018_ICR-1_p08
325.056400782,347.077144956,22.020744174,Other,random,C3H2O_1,22.020735000,RC2_0018_ICR-1_p08
329.051322318,351.072066492,22.020744174,Other,random,C3H2O_1,22.020735000,RC2_0018_ICR-1_p08
353.124115953,375.144860127,22.020744174,Other,random,C3H2O_1,22.020735000,RC2_0018_ICR-1_p08
267.014717158,289.035461332,22.020744174,Other,random,C3H2O_1,22.020735000,RC2_0018_ICR-1_p08
437.139631522,461.103236772,23.963605249,Other,random,CH_4O,23.963615000,RC2_0018_ICR-1_p08
405.132003506,429.095608755,23.963605249,Other,random,CH_4O,23.963615000,RC2_0018_ICR-1_p08
415.189045953,439.152651203,23.963605249,Other,random,CH_4O,23.963615000,RC2_0018_ICR-1_p08
421.077519842,445.041127091,23.963607249,Other,random,CH_4O,23.963615000,RC2_0018_ICR-1_p08
445.126798609,469.090405859,23.963607249,Other,random,CH_4O,23.963615000,RC2_0018_ICR-1_p08
255.051107431,279.014714681,23.963607249,Other,random,CH_4O,23.963615000,RC2_0018_ICR-1_p08
305.087715068,329.051322318,23.963607249,Other,random,CH_4O,23.963615000,RC2_0018_ICR-1_p08
526.229516557,550.193123807,23.963607249,Other,random,CH_4O,23.963615000,RC2_0018_ICR-1_p08
574.178005936,598.141613186,23.963607249,Other,random,CH_4O,23.963615000,RC2_0018_ICR-1_p08
275.092516736,299.056124985,23.963608249,Other,random,CH_4O,23.963615000,RC2_0018_ICR-1_p08
417.155313897,441.118922146,23.963608249,Other,random,CH_4O,23.963615000,RC2_0018_ICR-1_p08
485.194754302,509.158362551,23.963608249,Other,random,CH_4O,23.963615000,RC2_0018_ICR-1_p08
422.109127041,446.072735290,23.963608249,Other,random,CH_4O,23.963615000,RC2_0018_ICR-1_p08
461.108817740,485.072425989,23.963608249,Other,random,CH_4O,23.963615000,RC2_0018_ICR-1_p08
543.171901288,567.135509537,23.963608249,Other,random,CH_4O,23.963615000,RC2_0018_ICR-1_p08
495.127452449,519.091061698,23.963609249,Other,random,CH_4O,23.963615000,RC2_0018_ICR-1_p08
533.166311551,557.129920800,23.963609249,Other,random,CH_4O,23.963615000,RC2_0018_ICR-1_p08
450.104088621,474.067697871,23.963609249,Other,random,CH_4O,23.963615000,RC2_0018_ICR-1_p08
451.087895089,475.051504339,23.963609249,Other,random,CH_4O,23.963615000,RC2_0018_ICR-1_p08
311.126658111,335.090267360,23.963609249,Other,random,CH_4O,23.963615000,RC2_0018_ICR-1_p08
423.179023025,447.142632274,23.963609249,Other,random,CH_4O,23.963615000,RC2_0018_ICR-1_p08
579.244851445,603.208461694,23.963610249,Other,random,CH_4O,23.963615000,RC2_0018_ICR-1_p08
325.142166299,349.105776549,23.963610249,Other,random,CH_4O,23.963615000,RC2_0018_ICR-1_p08
477.153183520,501.116793770,23.963610249,Other,random,CH_4O,23.963615000,RC2_0018_ICR-1_p08
265.147964655,289.111575904,23.963611249,Other,random,CH_4O,23.963615000,RC2_0018_ICR-1_p08
253.071879561,277.035490810,23.963611249,Other,random,CH_4O,23.963615000,RC2_0018_ICR-1_p08
237.076959502,261.040570752,23.963611249,Other,random,CH_4O,23.963615000,RC2_0018_ICR-1_p08
419.111150899,443.074762148,23.963611249,Other,random,CH_4O,23.963615000,RC2_0018_ICR-1_p08
437.175881318,461.139493568,23.963612249,Other,random,CH_4O,23.963615000,RC2_0018_ICR-1_p08
481.062199540,505.025811789,23.963612249,Other,random,CH_4O,23.963615000,RC2_0018_ICR-1_p08
421.144589465,445.108201714,23.963612249,Other,random,CH_4O,23.963615000,RC2_0018_ICR-1_p08
461.175933363,485.139545612,23.963612249,Other,random,CH_4O,23.963615000,RC2_0018_ICR-1_p08
327.072060447,351.035673697,23.963613249,Other,random,CH_4O,23.963615000,RC2_0018_ICR-1_p08
341.051228841,365.014842090,23.963613249,Other,random,CH_4O,23.963615000,RC2_0018_ICR-1_p08
355.103325824,379.066939073,23.963613249,Other,random,CH_4O,23.963615000,RC2_0018_ICR-1_p08
417.095571233,441.059184482,23.963613249,Other,random,CH_4O,23.963615000,RC2_0018_ICR-1_p08
681.167788318,705.131401567,23.963613249,Other,random,CH_4O,23.963615000,RC2_0018_ICR-1_p08
465.140017072,489.103630321,23.963613249,Other,random,CH_4O,23.963615000,RC2_0018_ICR-1_p08
357.155348285,381.118962534,23.963614249,Other,random,CH_4O,23.963615000,RC2_0018_ICR-1_p08
415.124437317,439.088051566,23.963614249,Other,random,CH_4O,23.963615000,RC2_0018_ICR-1_p08
465.116704203,489.080318453,23.963614249,Other,random,CH_4O,23.963615000,RC2_0018_ICR-1_p08
719.292582937,743.256197186,23.963614249,Other,random,CH_4O,23.963615000,RC2_0018_ICR-1_p08
397.186547184,421.150161433,23.963614249,Other,random,CH_4O,23.963615000,RC2_0018_ICR-1_p08
461.267378849,485.230993098,23.963614249,Other,random,CH_4O,23.963615000,RC2_0018_ICR-1_p08
521.166497028,545.130111277,23.963614249,Other,random,CH_4O,23.963615000,RC2_0018_ICR-1_p08
579.172082854,603.135697103,23.963614249,Other,random,CH_4O,23.963615000,RC2_0018_ICR-1_p08
301.108147446,325.071762695,23.963615249,Other,random,CH_4O,23.963615000,RC2_0018_ICR-1_p08
475.145537810,499.109153059,23.963615249,Other,random,CH_4O,23.963615000,RC2_0018_ICR-1_p08
357.147344330,381.110959579,23.963615249,Other,random,CH_4O,23.963615000,RC2_0018_ICR-1_p08
437.121868622,461.085483871,23.963615249,Other,random,CH_4O,23.963615000,RC2_0018_ICR-1_p08
489.176519912,513.140135161,23.963615249,Other,random,CH_4O,23.963615000,RC2_0018_ICR-1_p08
277.071783606,301.035399855,23.963616249,Other,random,CH_4O,23.963615000,RC2_0018_ICR-1_p08
302.124480731,326.088097980,23.963617249,Other,random,CH_4O,23.963615000,RC2_0018_ICR-1_p08
499.072742264,523.036359513,23.963617249,Other,random,CH_4O,23.963615000,RC2_0018_ICR-1_p08
309.170708109,333.134325358,23.963617249,Other,random,CH_4O,23.963615000,RC2_0018_ICR-1_p08
367.139622142,391.103239391,23.963617249,Other,random,CH_4O,23.963615000,RC2_0018_ICR-1_p08
533.093773959,557.057391208,23.963617249,Other,random,CH_4O,23.963615000,RC2_0018_ICR-1_p08
537.174404013,561.138021262,23.963617249,Other,random,CH_4O,23.963615000,RC2_0018_ICR-1_p08
543.099252697,567.062869946,23.963617249,Other,random,CH_4O,23.963615000,RC2_0018_ICR-1_p08
573.283671965,597.247289215,23.963617249,Other,random,CH_4O,23.963615000,RC2_0018_ICR-1_p08
317.196837977,341.160455226,23.963617249,Other,random,CH_4O,23.963615000,RC2_0018_ICR-1_p08
323.113527707,347.077144956,23.963617249,Other,random,CH_4O,23.963615000,RC2_0018_ICR-1_p08
373.142179389,397.105796638,23.963617249,Other,random,CH_4O,23.963615000,RC2_0018_ICR-1_p08
534.146750038,558.110367287,23.963617249,Other,random,CH_4O,23.963615000,RC2_0018_ICR-1_p08
265.071843083,289.035461332,23.963618249,Other,random,CH_4O,23.963615000,RC2_0018_ICR-1_p08
327.121510169,351.085128419,23.963618249,Other,random,CH_4O,23.963615000,RC2_0018_ICR-1_p08
389.191147143,413.154765392,23.963618249,Other,random,CH_4O,23.963615000,RC2_0018_ICR-1_p08
423.215235821,447.178854070,23.963618249,Other,random,CH_4O,23.963615000,RC2_0018_ICR-1_p08
463.101134537,487.064752786,23.963618249,Other,random,CH_4O,23.963615000,RC2_0018_ICR-1_p08
543.114389612,567.078007861,23.963618249,Other,random,CH_4O,23.963615000,RC2_0018_ICR-1_p08
645.146390871,669.110009121,23.963618249,Other,random,CH_4O,23.963615000,RC2_0018_ICR-1_p08
289.056493214,313.020112463,23.963619249,Other,random,CH_4O,23.963615000,RC2_0018_ICR-1_p08
331.176165369,355.139784619,23.963619249,Other,random,CH_4O,23.963615000,RC2_0018_ICR-1_p08
361.113917025,385.077536275,23.963619249,Other,random,CH_4O,23.963615000,RC2_0018_ICR-1_p08
401.137058970,425.100678219,23.963619249,Other,random,CH_4O,23.963615000,RC2_0018_ICR-1_p08
345.097855086,369.061474335,23.963619249,Other,random,CH_4O,23.963615000,RC2_0018_ICR-1_p08
275.150023412,299.113643661,23.963620249,Other,random,CH_4O,23.963615000,RC2_0018_ICR-1_p08
383.170868996,407.134489245,23.963620249,Other,random,CH_4O,23.963615000,RC2_0018_ICR-1_p08
469.062082018,493.025702267,23.963620249,Other,random,CH_4O,23.963615000,RC2_0018_ICR-1_p08
520.167405646,544.131025895,23.963620249,Other,random,CH_4O,23.963615000,RC2_0018_ICR-1_p08
581.151169725,605.114789975,23.963620249,Other,random,CH_4O,23.963615000,RC2_0018_ICR-1_p08
509.202691302,533.166311551,23.963620249,Other,random,CH_4O,23.963615000,RC2_0018_ICR-1_p08
553.156403144,577.120024393,23.963621249,Other,random,CH_4O,23.963615000,RC2_0018_ICR-1_p08
615.229743097,639.193364346,23.963621249,Other,random,CH_4O,23.963615000,RC2_0018_ICR-1_p08
271.046000490,295.009621739,23.963621249,Other,random,CH_4O,23.963615000,RC2_0018_ICR-1_p08
325.092754577,349.056375827,23.963621249,Other,random,CH_4O,23.963615000,RC2_0018_ICR-1_p08
333.110905490,357.074526739,23.963621249,Other,random,CH_4O,23.963615000,RC2_0018_ICR-1_p08
463.233475793,487.197097042,23.963621249,Other,random,CH_4O,23.963615000,RC2_0018_ICR-1_p08
319.191344762,343.154967011,23.963622249,Other,random,CH_4O,23.963615000,RC2_0018_ICR-1_p08
417.149773928,441.113396177,23.963622249,Other,random,CH_4O,23.963615000,RC2_0018_ICR-1_p08
457.280466268,481.244088517,23.963622249,Other,random,CH_4O,23.963615000,RC2_0018_ICR-1_p08
303.160133908,327.123756157,23.963622249,Other,random,CH_4O,23.963615000,RC2_0018_ICR-1_p08
513.233995633,537.197617882,23.963622249,Other,random,CH_4O,23.963615000,RC2_0018_ICR-1_p08
587.177185840,611.140808090,23.963622249,Other,random,CH_4O,23.963615000,RC2_0018_ICR-1_p08
615.208632216,639.172254465,23.963622249,Other,random,CH_4O,23.963615000,RC2_0018_ICR-1_p08
350.088024025,374.051647275,23.963623249,Other,random,CH_4O,23.963615000,RC2_0018_ICR-1_p08
373.178573184,397.142196433,23.963623249,Other,random,CH_4O,23.963615000,RC2_0018_ICR-1_p08
375.194106850,399.157730100,23.963623249,Other,random,CH_4O,23.963615000,RC2_0018_ICR-1_p08
403.079860045,427.043483294,23.963623249,Other,random,CH_4O,23.963615000,RC2_0018_ICR-1_p08
471.215339910,495.178963159,23.963623249,Other,random,CH_4O,23.963615000,RC2_0018_ICR-1_p08
589.229026303,613.192649552,23.963623249,Other,random,CH_4O,23.963615000,RC2_0018_ICR-1_p08
375.093150418,399.056774667,23.963624249,Other,random,CH_4O,23.963615000,RC2_0018_ICR-1_p08
541.083562031,565.083552076,23.999990045,Other,random,C2,24.000000000,RC2_0018_ICR-1_p08
553.221032780,577.221022825,23.999990045,Other,random,C2,24.000000000,RC2_0018_ICR-1_p08
539.068004365,563.067994410,23.999990045,Other,random,C2,24.000000000,RC2_0018_ICR-1_p08
241.035486243,265.035476288,23.999990045,Other,random,C2,24.000000000,RC2_0018_ICR-1_p08
347.199379269,371.199370313,23.999991045,Other,random,C2,24.000000000,RC2_0018_ICR-1_p08
397.150170389,421.150161433,23.999991045,Other,random,C2,24.000000000,RC2_0018_ICR-1_p08
255.051107431,279.051098476,23.999991045,Other,random,C2,24.000000000,RC2_0018_ICR-1_p08
389.064304856,413.064295901,23.999991045,Other,random,C2,24.000000000,RC2_0018_ICR-1_p08
419.207264358,443.207255403,23.999991045,Other,random,C2,24.000000000,RC2_0018_ICR-1_p08
423.160379130,447.160370174,23.999991045,Other,random,C2,24.000000000,RC2_0018_ICR-1_p08
443.220533328,467.220524373,23.999991045,Other,random,C2,24.000000000,RC2_0018_ICR-1_p08
459.178986592,483.178977637,23.999991045,Other,random,C2,24.000000000,RC2_0018_ICR-1_p08
493.098788856,517.098779901,23.999991045,Other,random,C2,24.000000000,RC2_0018_ICR-1_p08
433.054128496,457.054120540,23.999992045,Other,random,C2,24.000000000,RC2_0018_ICR-1_p08
481.025819744,505.025811789,23.999992045,Other,random,C2,24.000000000,RC2_0018_ICR-1_p08
319.118714170,343.118706215,23.999992045,Other,random,C2,24.000000000,RC2_0018_ICR-1_p08
395.147681649,419.147673694,23.999992045,Other,random,C2,24.000000000,RC2_0018_ICR-1_p08
395.207272314,419.207264358,23.999992045,Other,random,C2,24.000000000,RC2_0018_ICR-1_p08
256.046348835,280.046341880,23.999993045,Other,random,C2,24.000000000,RC2_0018_ICR-1_p08
269.066697620,293.066690664,23.999993045,Other,random,C2,24.000000000,RC2_0018_ICR-1_p08
272.077625689,296.077618733,23.999993045,Other,random,C2,24.000000000,RC2_0018_ICR-1_p08
331.103332779,355.103325824,23.999993045,Other,random,C2,24.000000000,RC2_0018_ICR-1_p08
485.194754302,509.194747346,23.999993045,Other,random,C2,24.000000000,RC2_0018_ICR-1_p08
361.056382349,385.056375394,23.999993045,Other,random,C2,24.000000000,RC2_0018_ICR-1_p08
306.083037472,330.083030516,23.999993045,Other,random,C2,24.000000000,RC2_0018_ICR-1_p08
304.067360806,328.067354851,23.999994045,Other,random,C2,24.000000000,RC2_0018_ICR-1_p08
327.083390384,351.083384428,23.999994045,Other,random,C2,24.000000000,RC2_0018_ICR-1_p08
347.126554678,371.126548723,23.999994045,Other,random,C2,24.000000000,RC2_0018_ICR-1_p08
385.150271866,409.150265910,23.999994045,Other,random,C2,24.000000000,RC2_0018_ICR-1_p08
545.215958794,569.215952839,23.999994045,Other,random,C2,24.000000000,RC2_0018_ICR-1_p08
275.150023412,299.150018457,23.999995045,Other,random,C2,24.000000000,RC2_0018_ICR-1_p08
391.097647423,415.097642467,23.999995045,Other,random,C2,24.000000000,RC2_0018_ICR-1_p08
407.098263449,431.098258494,23.999995045,Other,random,C2,24.000000000,RC2_0018_ICR-1_p08
641.100249623,665.100244668,23.999995045,Other,random,C2,24.000000000,RC2_0018_ICR-1_p08
251.056215895,275.056210940,23.999995045,Other,random,C2,24.000000000,RC2_0018_ICR-1_p08
290.124565208,314.124560253,23.999995045,Other,random,C2,24.000000000,RC2_0018_ICR-1_p08
321.097860041,345.097855086,23.999995045,Other,random,C2,24.000000000,RC2_0018_ICR-1_p08
367.116402273,391.116397317,23.999995045,Other,random,C2,24.000000000,RC2_0018_ICR-1_p08
399.121472304,423.121467348,23.999995045,Other,random,C2,24.000000000,RC2_0018_ICR-1_p08
530.115361707,554.115356752,23.999995045,Other,random,C2,24.000000000,RC2_0018_ICR-1_p08
589.177605592,613.177600636,23.999995045,Other,random,C2,24.000000000,RC2_0018_ICR-1_p08
247.118823036,271.118818080,23.999995045,Other,random,C2,24.000000000,RC2_0018_ICR-1_p08
305.030254392,329.030249436,23.999995045,Other,random,C2,24.000000000,RC2_0018_ICR-1_p08
441.103707232,465.103702276,23.999995045,Other,random,C2,24.000000000,RC2_0018_ICR-1_p08
329.051322318,353.051318362,23.999996045,Other,random,C2,24.000000000,RC2_0018_ICR-1_p08
526.083793377,550.083789422,23.999996045,Other,random,C2,24.000000000,RC2_0018_ICR-1_p08
389.072423811,413.072419856,23.999996045,Other,random,C2,24.000000000,RC2_0018_ICR-1_p08
469.244033995,493.244030039,23.999996045,Other,random,C2,24.000000000,RC2_0018_ICR-1_p08
521.166497028,545.166493072,23.999996045,Other,random,C2,24.000000000,RC2_0018_ICR-1_p08
537.052214700,561.052210745,23.999996045,Other,random,C2,24.000000000,RC2_0018_ICR-1_p08
273.098058951,297.098054995,23.999996045,Other,random,C2,24.000000000,RC2_0018_ICR-1_p08
331.131665620,355.131661664,23.999996045,Other,random,C2,24.000000000,RC2_0018_ICR-1_p08
367.189145864,391.189141908,23.999996045,Other,random,C2,24.000000000,RC2_0018_ICR-1_p08
373.105800593,397.105796638,23.999996045,Other,random,C2,24.000000000,RC2_0018_ICR-1_p08
499.173986694,523.173982739,23.999996045,Other,random,C2,24.000000000,RC2_0018_ICR-1_p08
490.099018724,514.099015769,23.999997045,Other,random,C2,24.000000000,RC2_0018_ICR-1_p08
543.163951333,567.163948378,23.999997045,Other,random,C2,24.000000000,RC2_0018_ICR-1_p08
311.113506185,335.113503229,23.999997045,Other,random,C2,24.000000000,RC2_0018_ICR-1_p08
341.137152357,365.137149402,23.999997045,Other,random,C2,24.000000000,RC2_0018_ICR-1_p08
427.233648225,451.233645270,23.999997045,Other,random,C2,24.000000000,RC2_0018_ICR-1_p08
431.220466807,455.220463851,23.999997045,Other,random,C2,24.000000000,RC2_0018_ICR-1_p08
529.119961304,553.119958349,23.999997045,Other,random,C2,24.000000000,RC2_0018_ICR-1_p08
571.203333663,595.203330708,23.999997045,Other,random,C2,24.000000000,RC2_0018_ICR-1_p08
347.107917783,371.107915828,23.999998045,Other,random,C2,24.000000000,RC2_0018_ICR-1_p08
445.199674200,469.199672244,23.999998045,Other,random,C2,24.000000000,RC2_0018_ICR-1_p08
569.252553633,593.252551678,23.999998045,Other,random,C2,24.000000000,RC2_0018_ICR-1_p08
683.255983576,707.255981621,23.999998045,Other,random,C2,24.000000000,RC2_0018_ICR-1_p08
267.051106954,291.051104998,23.999998045,Other,random,C2,24.000000000,RC2_0018_ICR-1_p08
380.062170477,404.062168521,23.999998045,Other,random,C2,24.000000000,RC2_0018_ICR-1_p08
343.103378301,367.103377346,23.999999045,Other,random,C2,24.000000000,RC2_0018_ICR-1_p08
385.178514707,409.178513751,23.999999045,Other,random,C2,24.000000000,RC2_0018_ICR-1_p08
394.114237460,418.114236505,23.999999045,Other,random,C2,24.000000000,RC2_0018_ICR-1_p08
461.072426945,485.072425989,23.999999045,Other,random,C2,24.000000000,RC2_0018_ICR-1_p08
563.249925387,587.249924431,23.999999045,Other,random,C2,24.000000000,RC2_0018_ICR-1_p08
278.067113009,302.067113054,24.000000045,Other,random,C2,24.000000000,RC2_0018_ICR-1_p08
348.035951565,372.035951609,24.000000045,Other,random,C2,24.000000000,RC2_0018_ICR-1_p08
359.053821610,383.053821654,24.000000045,Other,random,C2,24.000000000,RC2_0018_ICR-1_p08
359.126616200,383.126616245,24.000000045,Other,random,C2,24.000000000,RC2_0018_ICR-1_p08
409.150265910,433.150265955,24.000000045,Other,random,C2,24.000000000,RC2_0018_ICR-1_p08
481.062199540,505.062199584,24.000000045,Other,random,C2,24.000000000,RC2_0018_ICR-1_p08
529.083422510,553.083422554,24.000000045,Other,random,C2,24.000000000,RC2_0018_ICR-1_p08
551.140751478,575.140751523,24.000000045,Other,random,C2,24.000000000,RC2_0018_ICR-1_p08
775.318931893,799.318931938,24.000000045,Other,random,C2,24.000000000,RC2_0018_ICR-1_p08
348.108732155,372.108733200,24.000001045,Other,random,C2,24.000000000,RC2_0018_ICR-1_p08
351.085128419,375.085130463,24.000002045,Other,random,C2,24.000000000,RC2_0018_ICR-1_p08
465.212867663,489.212869707,24.000002045,Other,random,C2,24.000000000,RC2_0018_ICR-1_p08
537.161278087,561.161281131,24.000003045,Other,random,C2,24.000000000,RC2_0018_ICR-1_p08
253.108223356,277.108226401,24.000003045,Other,random,C2,24.000000000,RC2_0018_ICR-1_p08
259.118810558,283.118813603,24.000003045,Other,random,C2,24.000000000,RC2_0018_ICR-1_p08
337.069330231,361.069333276,24.000003045,Other,random,C2,24.000000000,RC2_0018_ICR-1_p08
343.168110937,367.168113982,24.000003045,Other,random,C2,24.000000000,RC2_0018_ICR-1_p08
393.059256392,417.059259437,24.000003045,Other,random,C2,24.000000000,RC2_0018_ICR-1_p08
403.124415795,427.124418839,24.000003045,Other,random,C2,24.000000000,RC2_0018_ICR-1_p08
411.093030986,435.093034031,24.000003045,Other,random,C2,24.000000000,RC2_0018_ICR-1_p08
341.087646636,365.087650681,24.000004045,Other,random,C2,24.000000000,RC2_0018_ICR-1_p08
431.046564784,455.046568829,24.000004045,Other,random,C2,24.000000000,RC2_0018_ICR-1_p08
501.088616928,525.088620973,24.000004045,Other,random,C2,24.000000000,RC2_0018_ICR-1_p08
245.139529165,269.139533210,24.000004045,Other,random,C2,24.000000000,RC2_0018_ICR-1_p08
271.155146876,295.155150921,24.000004045,Other,random,C2,24.000000000,RC2_0018_ICR-1_p08
563.067994410,587.067998454,24.000004045,Other,random,C2,24.000000000,RC2_0018_ICR-1_p08
363.048707146,387.048711190,24.000004045,Other,random,C2,24.000000000,RC2_0018_ICR-1_p08
383.061796609,407.061800654,24.000004045,Other,random,C2,24.000000000,RC2_0018_ICR-1_p08
419.134597767,443.134601812,24.000004045,Other,random,C2,24.000000000,RC2_0018_ICR-1_p08
475.051504339,499.051508383,24.000004045,Other,random,C2,24.000000000,RC2_0018_ICR-1_p08
467.241510255,491.241514300,24.000004045,Other,random,C2,24.000000000,RC2_0018_ICR-1_p08
545.187576954,569.187580998,24.000004045,Other,random,C2,24.000000000,RC2_0018_ICR-1_p08
276.108965020,300.108970065,24.000005045,Other,random,C2,24.000000000,RC2_0018_ICR-1_p08
483.041557409,507.041562454,24.000005045,Other,random,C2,24.000000000,RC2_0018_ICR-1_p08
247.061255359,271.061260404,24.000005045,Other,random,C2,24.000000000,RC2_0018_ICR-1_p08
401.137058970,425.137064014,24.000005045,Other,random,C2,24.000000000,RC2_0018_ICR-1_p08
491.150113814,515.150119858,24.000006045,Other,random,C2,24.000000000,RC2_0018_ICR-1_p08
429.204746141,453.204752186,24.000006045,Other,random,C2,24.000000000,RC2_0018_ICR-1_p08
271.046000490,295.046006534,24.000006045,Other,random,C2,24.000000000,RC2_0018_ICR-1_p08
278.030741214,302.030747258,24.000006045,Other,random,C2,24.000000000,RC2_0018_ICR-1_p08
303.123750112,327.123756157,24.000006045,Other,random,C2,24.000000000,RC2_0018_ICR-1_p08
503.132590435,527.132596479,24.000006045,Other,random,C2,24.000000000,RC2_0018_ICR-1_p08
432.122605734,456.122611778,24.000006045,Other,random,C2,24.000000000,RC2_0018_ICR-1_p08
447.106109479,471.106115524,24.000006045,Other,random,C2,24.000000000,RC2_0018_ICR-1_p08
327.072060447,351.072066492,24.000006045,Other,random,C2,24.000000000,RC2_0018_ICR-1_p08
405.085732766,429.085738810,24.000006045,Other,random,C2,24.000000000,RC2_0018_ICR-1_p08
487.124467451,511.124473495,24.000006045,Other,random,C2,24.000000000,RC2_0018_ICR-1_p08
286.093252877,310.093259922,24.000007045,Other,random,C2,24.000000000,RC2_0018_ICR-1_p08
445.163371404,469.163378448,24.000007045,Other,random,C2,24.000000000,RC2_0018_ICR-1_p08
675.302442300,699.302449344,24.000007045,Other,random,C2,24.000000000,RC2_0018_ICR-1_p08
375.108330333,399.108337377,24.000007045,Other,random,C2,24.000000000,RC2_0018_ICR-1_p08
471.041488887,495.041495932,24.000007045,Other,random,C2,24.000000000,RC2_0018_ICR-1_p08
525.124941769,549.124948813,24.000007045,Other,random,C2,24.000000000,RC2_0018_ICR-1_p08
391.079897522,415.079904567,24.000007045,Other,random,C2,24.000000000,RC2_0018_ICR-1_p08
411.056826189,435.056833234,24.000007045,Other,random,C2,24.000000000,RC2_0018_ICR-1_p08
577.156302189,601.156309234,24.000007045,Other,random,C2,24.000000000,RC2_0018_ICR-1_p08
311.149929980,335.149938024,24.000008045,Other,random,C2,24.000000000,RC2_0018_ICR-1_p08
433.171337837,457.171345881,24.000008045,Other,random,C2,24.000000000,RC2_0018_ICR-1_p08
479.046519874,503.046527919,24.000008045,Other,random,C2,24.000000000,RC2_0018_ICR-1_p08
343.058958551,367.058966596,24.000008045,Other,random,C2,24.000000000,RC2_0018_ICR-1_p08
368.111572677,392.111580721,24.000008045,Other,random,C2,24.000000000,RC2_0018_ICR-1_p08
399.202232849,423.202240894,24.000008045,Other,random,C2,24.000000000,RC2_0018_ICR-1_p08
427.124418839,451.124426884,24.000008045,Other,random,C2,24.000000000,RC2_0018_ICR-1_p08
474.067697871,498.067705915,24.000008045,Other,random,C2,24.000000000,RC2_0018_ICR-1_p08
375.056765623,399.056774667,24.000009045,Other,random,C2,24.000000000,RC2_0018_ICR-1_p08
385.113696071,409.113705116,24.000009045,Other,random,C2,24.000000000,RC2_0018_ICR-1_p08
450.067688826,474.067697871,24.000009045,Other,random,C2,24.000000000,RC2_0018_ICR-1_p08
535.145845420,559.145854464,24.000009045,Other,random,C2,24.000000000,RC2_0018_ICR-1_p08
561.052210745,585.052219789,24.000009045,Other,random,C2,24.000000000,RC2_0018_ICR-1_p08
347.113430752,371.113439797,24.000009045,Other,random,C2,24.000000000,RC2_0018_ICR-1_p08
492.114866389,516.114875434,24.000009045,Other,random,C2,24.000000000,RC2_0018_ICR-1_p08
313.092795055,337.104026036,24.011230982,Other,random,C1O_1N2,24.011233000,RC2_0018_ICR-1_p08
365.079698725,389.090939707,24.011240981,Other,random,C1O_1N2,24.011233000,RC2_0018_ICR-1_p08
257.066755097,281.077998078,24.011242981,Other,random,C1O_1N2,24.011233000,RC2_0018_ICR-1_p08
249.076938025,273.098058951,24.021120926,Other,random,C_1H4O2,24.021130000,RC2_0018_ICR-1_p08
305.066657187,329.087778113,24.021120926,Other,random,C_1H4O2,24.021130000,RC2_0018_ICR-1_p08
447.020366961,471.041488887,24.021121926,Other,random,C_1H4O2,24.021130000,RC2_0018_ICR-1_p08
369.025124540,393.046246465,24.021121926,Other,random,C_1H4O2,24.021130000,RC2_0018_ICR-1_p08
611.140808090,635.161930015,24.021121926,Other,random,C_1H4O2,24.021130000,RC2_0018_ICR-1_p08
247.061255359,271.082377285,24.021121926,Other,random,C_1H4O2,24.021130000,RC2_0018_ICR-1_p08
347.040717161,371.061839087,24.021121926,Other,random,C_1H4O2,24.021130000,RC2_0018_ICR-1_p08
263.128969008,287.150091934,24.021122926,Other,random,C_1H4O2,24.021130000,RC2_0018_ICR-1_p08
323.113527707,347.134650633,24.021122926,Other,random,C_1H4O2,24.021130000,RC2_0018_ICR-1_p08
317.139331301,341.160455226,24.021123926,Other,random,C_1H4O2,24.021130000,RC2_0018_ICR-1_p08
339.136697606,363.157821532,24.021123926,Other,random,C_1H4O2,24.021130000,RC2_0018_ICR-1_p08
441.131933073,465.153057999,24.021124926,Other,random,C_1H4O2,24.021130000,RC2_0018_ICR-1_p08
501.226082155,525.247207081,24.021124926,Other,random,C_1H4O2,24.021130000,RC2_0018_ICR-1_p08
351.181172879,375.202297804,24.021124926,Other,random,C_1H4O2,24.021130000,RC2_0018_ICR-1_p08
371.071500032,395.092624958,24.021124926,Other,random,C_1H4O2,24.021130000,RC2_0018_ICR-1_p08
339.100309811,363.121434737,24.021124926,Other,random,C_1H4O2,24.021130000,RC2_0018_ICR-1_p08
369.110979057,393.132103983,24.021124926,Other,random,C_1H4O2,24.021130000,RC2_0018_ICR-1_p08
433.041208568,457.062334494,24.021125926,Other,random,C_1H4O2,24.021130000,RC2_0018_ICR-1_p08
489.212869707,513.233995633,24.021125926,Other,random,C_1H4O2,24.021130000,RC2_0018_ICR-1_p08
327.050940566,351.072066492,24.021125926,Other,random,C_1H4O2,24.021130000,RC2_0018_ICR-1_p08
675.157073117,699.178200043,24.021126926,Other,random,C_1H4O2,24.021130000,RC2_0018_ICR-1_p08
318.025615317,342.046742243,24.021126926,Other,random,C_1H4O2,24.021130000,RC2_0018_ICR-1_p08
381.074393785,405.095520711,24.021126926,Other,random,C_1H4O2,24.021130000,RC2_0018_ICR-1_p08
427.116403884,451.137530810,24.021126926,Other,random,C_1H4O2,24.021130000,RC2_0018_ICR-1_p08
275.092516736,299.113643661,24.021126926,Other,random,C_1H4O2,24.021130000,RC2_0018_ICR-1_p08
669.182688712,693.203815638,24.021126926,Other,random,C_1H4O2,24.021130000,RC2_0018_ICR-1_p08
455.074861670,479.095989596,24.021127926,Other,random,C_1H4O2,24.021130000,RC2_0018_ICR-1_p08
607.167062434,631.188190360,24.021127926,Other,random,C_1H4O2,24.021130000,RC2_0018_ICR-1_p08
304.046225925,328.067354851,24.021128926,Other,random,C_1H4O2,24.021130000,RC2_0018_ICR-1_p08
447.202157939,471.223286865,24.021128926,Other,random,C_1H4O2,24.021130000,RC2_0018_ICR-1_p08
399.139250204,423.160379130,24.021128926,Other,random,C_1H4O2,24.021130000,RC2_0018_ICR-1_p08
589.120143915,613.141272841,24.021128926,Other,random,C_1H4O2,24.021130000,RC2_0018_ICR-1_p08
251.056215895,275.077344821,24.021128926,Other,random,C_1H4O2,24.021130000,RC2_0018_ICR-1_p08
413.064295901,437.085425827,24.021129926,Other,random,C_1H4O2,24.021130000,RC2_0018_ICR-1_p08
271.061260404,295.082390330,24.021129926,Other,random,C_1H4O2,24.021130000,RC2_0018_ICR-1_p08
439.116384407,463.137514333,24.021129926,Other,random,C_1H4O2,24.021130000,RC2_0018_ICR-1_p08
277.071783606,301.092914532,24.021130926,Other,random,C_1H4O2,24.021130000,RC2_0018_ICR-1_p08
315.087322839,339.108453765,24.021130926,Other,random,C_1H4O2,24.021130000,RC2_0018_ICR-1_p08
391.139706186,415.160838112,24.021131926,Other,random,C_1H4O2,24.021130000,RC2_0018_ICR-1_p08
381.118962534,405.140094460,24.021131926,Other,random,C_1H4O2,24.021130000,RC2_0018_ICR-1_p08
403.152773635,427.173905561,24.021131926,Other,random,C_1H4O2,24.021130000,RC2_0018_ICR-1_p08
371.126548723,395.147681649,24.021132926,Other,random,C_1H4O2,24.021130000,RC2_0018_ICR-1_p08
430.041572436,454.062705361,24.021132926,Other,random,C_1H4O2,24.021130000,RC2_0018_ICR-1_p08
399.071989582,423.093122508,24.021132926,Other,random,C_1H4O2,24.021130000,RC2_0018_ICR-1_p08
453.168508390,477.189641315,24.021132926,Other,random,C_1H4O2,24.021130000,RC2_0018_ICR-1_p08
497.194532825,521.215665751,24.021132926,Other,random,C_1H4O2,24.021130000,RC2_0018_ICR-1_p08
333.061472768,357.082606694,24.021133926,Other,random,C_1H4O2,24.021130000,RC2_0018_ICR-1_p08
391.175910983,415.197044908,24.021133926,Other,random,C_1H4O2,24.021130000,RC2_0018_ICR-1_p08
233.045621171,257.066755097,24.021133926,Other,random,C_1H4O2,24.021130000,RC2_0018_ICR-1_p08
273.076920070,297.098054995,24.021134926,Other,random,C_1H4O2,24.021130000,RC2_0018_ICR-1_p08
274.035732678,298.056867604,24.021134926,Other,random,C_1H4O2,24.021130000,RC2_0018_ICR-1_p08
294.061944068,318.083079994,24.021135926,Other,random,C_1H4O2,24.021130000,RC2_0018_ICR-1_p08
607.231953070,631.253088995,24.021135926,Other,random,C_1H4O2,24.021130000,RC2_0018_ICR-1_p08
489.067350525,513.088487451,24.021136926,Other,random,C_1H4O2,24.021130000,RC2_0018_ICR-1_p08
465.132070117,489.153207043,24.021136926,Other,random,C_1H4O2,24.021130000,RC2_0018_ICR-1_p08
503.119455509,527.140592434,24.021136926,Other,random,C_1H4O2,24.021130000,RC2_0018_ICR-1_p08
697.214238087,721.235375013,24.021136926,Other,random,C_1H4O2,24.021130000,RC2_0018_ICR-1_p08
473.036038672,497.057176598,24.021137926,Other,random,C_1H4O2,24.021130000,RC2_0018_ICR-1_p08
513.153266087,537.174404013,24.021137926,Other,random,C_1H4O2,24.021130000,RC2_0018_ICR-1_p08
619.203488752,643.224626678,24.021137926,Other,random,C_1H4O2,24.021130000,RC2_0018_ICR-1_p08
383.053821654,407.074960580,24.021138926,Other,random,C_1H4O2,24.021130000,RC2_0018_ICR-1_p08
327.063989493,351.085128419,24.021138926,Other,random,C_1H4O2,24.021130000,RC2_0018_ICR-1_p08
349.019989031,373.041127957,24.021138926,Other,random,C_1H4O2,24.021130000,RC2_0018_ICR-1_p08
315.136751561,339.157891487,24.021139926,Other,random,C_1H4O2,24.021130000,RC2_0018_ICR-1_p08
413.136943493,437.158083418,24.021139926,Other,random,C_1H4O2,24.021130000,RC2_0018_ICR-1_p08
490.070475885,514.091615811,24.021139926,Other,random,C_1H4O2,24.021130000,RC2_0018_ICR-1_p08
519.078013771,543.114389612,24.036375840,Other,random,C3H4O_1,24.036385000,RC2_0018_ICR-1_p08
523.267855211,547.304231051,24.036375840,Other,random,C3H4O_1,24.036385000,RC2_0018_ICR-1_p08
541.192766417,565.229142257,24.036375840,Other,random,C3H4O_1,24.036385000,RC2_0018_ICR-1_p08
607.167062434,631.203438275,24.036375840,Other,random,C3H4O_1,24.036385000,RC2_0018_ICR-1_p08
649.141561406,673.177937246,24.036375840,Other,random,C3H4O_1,24.036385000,RC2_0018_ICR-1_p08
305.030254392,329.066630232,24.036375840,Other,random,C3H4O_1,24.036385000,RC2_0018_ICR-1_p08
447.020366961,471.056742802,24.036375840,Other,random,C3H4O_1,24.036385000,RC2_0018_ICR-1_p08
504.099638997,528.136015837,24.036376840,Other,random,C3H4O_1,24.036385000,RC2_0018_ICR-1_p08
541.156262622,565.192639462,24.036376840,Other,random,C3H4O_1,24.036385000,RC2_0018_ICR-1_p08
467.192190533,491.228567373,24.036376840,Other,random,C3H4O_1,24.036385000,RC2_0018_ICR-1_p08
667.152001131,691.188377971,24.036376840,Other,random,C3H4O_1,24.036385000,RC2_0018_ICR-1_p08
323.040768116,347.077144956,24.036376840,Other,random,C3H4O_1,24.036385000,RC2_0018_ICR-1_p08
361.087129176,385.123507016,24.036377840,Other,random,C3H4O_1,24.036385000,RC2_0018_ICR-1_p08
337.142290821,361.178668661,24.036377840,Other,random,C3H4O_1,24.036385000,RC2_0018_ICR-1_p08
549.156102638,573.192480478,24.036377840,Other,random,C3H4O_1,24.036385000,RC2_0018_ICR-1_p08
519.041645976,543.078023816,24.036377840,Other,random,C3H4O_1,24.036385000,RC2_0018_ICR-1_p08
613.205816478,637.242194318,24.036377840,Other,random,C3H4O_1,24.036385000,RC2_0018_ICR-1_p08
257.103183892,281.139561732,24.036377840,Other,random,C3H4O_1,24.036385000,RC2_0018_ICR-1_p08
463.155256233,487.191634073,24.036377840,Other,random,C3H4O_1,24.036385000,RC2_0018_ICR-1_p08
479.155823259,503.192201099,24.036377840,Other,random,C3H4O_1,24.036385000,RC2_0018_ICR-1_p08
519.236544880,543.272923720,24.036378840,Other,random,C3H4O_1,24.036385000,RC2_0018_ICR-1_p08
340.080367300,364.116746140,24.036378840,Other,random,C3H4O_1,24.036385000,RC2_0018_ICR-1_p08
523.072900308,547.109279148,24.036378840,Other,random,C3H4O_1,24.036385000,RC2_0018_ICR-1_p08
531.172061765,555.208440605,24.036378840,Other,random,C3H4O_1,24.036385000,RC2_0018_ICR-1_p08
579.172082854,603.208461694,24.036378840,Other,random,C3H4O_1,24.036385000,RC2_0018_ICR-1_p08
437.145089492,461.181469332,24.036379840,Other,random,C3H4O_1,24.036385000,RC2_0018_ICR-1_p08
481.025819744,505.062199584,24.036379840,Other,random,C3H4O_1,24.036385000,RC2_0018_ICR-1_p08
370.127211342,394.163591182,24.036379840,Other,random,C3H4O_1,24.036385000,RC2_0018_ICR-1_p08
317.030323914,341.066703754,24.036379840,Other,random,C3H4O_1,24.036385000,RC2_0018_ICR-1_p08
429.103636710,453.140016550,24.036379840,Other,random,C3H4O_1,24.036385000,RC2_0018_ICR-1_p08
475.124497928,499.160877768,24.036379840,Other,random,C3H4O_1,24.036385000,RC2_0018_ICR-1_p08
589.120143915,613.156524755,24.036380840,Other,random,C3H4O_1,24.036385000,RC2_0018_ICR-1_p08
689.245216898,713.281598738,24.036381840,Other,random,C3H4O_1,24.036385000,RC2_0018_ICR-1_p08
231.030005505,255.066387345,24.036381840,Other,random,C3H4O_1,24.036385000,RC2_0018_ICR-1_p08
259.118810558,283.155192398,24.036381840,Other,random,C3H4O_1,24.036385000,RC2_0018_ICR-1_p08
491.119414986,515.155796827,24.036381840,Other,random,C3H4O_1,24.036385000,RC2_0018_ICR-1_p08
735.178206610,759.214588450,24.036381840,Other,random,C3H4O_1,24.036385000,RC2_0018_ICR-1_p08
517.098779901,541.135162741,24.036382840,Other,random,C3H4O_1,24.036385000,RC2_0018_ICR-1_p08
317.087776590,341.124159431,24.036382840,Other,random,C3H4O_1,24.036385000,RC2_0018_ICR-1_p08
450.067688826,474.104071666,24.036382840,Other,random,C3H4O_1,24.036385000,RC2_0018_ICR-1_p08
256.082753630,280.119137470,24.036383840,Other,random,C3H4O_1,24.036385000,RC2_0018_ICR-1_p08
299.150018457,323.186402297,24.036383840,Other,random,C3H4O_1,24.036385000,RC2_0018_ICR-1_p08
487.137480377,511.173864217,24.036383840,Other,random,C3H4O_1,24.036385000,RC2_0018_ICR-1_p08
523.109357103,547.145740943,24.036383840,Other,random,C3H4O_1,24.036385000,RC2_0018_ICR-1_p08
583.057967003,607.094350843,24.036383840,Other,random,C3H4O_1,24.036385000,RC2_0018_ICR-1_p08
342.095855967,366.132240807,24.036384840,Other,random,C3H4O_1,24.036385000,RC2_0018_ICR-1_p08
239.056189373,263.092574213,24.036384840,Other,random,C3H4O_1,24.036385000,RC2_0018_ICR-1_p08
303.087371317,327.123756157,24.036384840,Other,random,C3H4O_1,24.036385000,RC2_0018_ICR-1_p08
435.087517062,459.123901902,24.036384840,Other,random,C3H4O_1,24.036385000,RC2_0018_ICR-1_p08
497.130112187,521.166497028,24.036384840,Other,random,C3H4O_1,24.036385000,RC2_0018_ICR-1_p08
245.066780574,269.103165415,24.036384840,Other,random,C3H4O_1,24.036385000,RC2_0018_ICR-1_p08
529.047036714,553.083422554,24.036385840,Other,random,C3H4O_1,24.036385000,RC2_0018_ICR-1_p08
455.119437419,479.155823259,24.036385840,Other,random,C3H4O_1,24.036385000,RC2_0018_ICR-1_p08
459.033272411,483.069658251,24.036385840,Other,random,C3H4O_1,24.036385000,RC2_0018_ICR-1_p08
253.108223356,277.144609196,24.036385840,Other,random,C3H4O_1,24.036385000,RC2_0018_ICR-1_p08
303.144923993,327.181309833,24.036385840,Other,random,C3H4O_1,24.036385000,RC2_0018_ICR-1_p08
312.035979997,336.072365837,24.036385840,Other,random,C3H4O_1,24.036385000,RC2_0018_ICR-1_p08
321.147396763,345.183782603,24.036385840,Other,random,C3H4O_1,24.036385000,RC2_0018_ICR-1_p08
437.085425827,461.121811667,24.036385840,Other,random,C3H4O_1,24.036385000,RC2_0018_ICR-1_p08
357.155348285,381.191735125,24.036386840,Other,random,C3H4O_1,24.036385000,RC2_0018_ICR-1_p08
375.093150418,399.129537258,24.036386840,Other,random,C3H4O_1,24.036385000,RC2_0018_ICR-1_p08
420.070032507,444.106419347,24.036386840,Other,random,C3H4O_1,24.036385000,RC2_0018_ICR-1_p08
491.132533913,515.168920753,24.036386840,Other,random,C3H4O_1,24.036385000,RC2_0018_ICR-1_p08
565.192639462,589.229026303,24.036386840,Other,random,C3H4O_1,24.036385000,RC2_0018_ICR-1_p08
585.255313647,609.291700487,24.036386840,Other,random,C3H4O_1,24.036385000,RC2_0018_ICR-1_p08
251.019823100,275.056210940,24.036387840,Other,random,C3H4O_1,24.036385000,RC2_0018_ICR-1_p08
245.103145370,269.139533210,24.036387840,Other,random,C3H4O_1,24.036385000,RC2_0018_ICR-1_p08
369.131878939,393.168266779,24.036387840,Other,random,C3H4O_1,24.036385000,RC2_0018_ICR-1_p08
397.199620110,421.236007951,24.036387840,Other,random,C3H4O_1,24.036385000,RC2_0018_ICR-1_p08
450.104088621,474.140476461,24.036387840,Other,random,C3H4O_1,24.036385000,RC2_0018_ICR-1_p08
467.046573351,491.082961191,24.036387840,Other,random,C3H4O_1,24.036385000,RC2_0018_ICR-1_p08
471.187039069,495.223426909,24.036387840,Other,random,C3H4O_1,24.036385000,RC2_0018_ICR-1_p08
539.140498957,563.176886797,24.036387840,Other,random,C3H4O_1,24.036385000,RC2_0018_ICR-1_p08
267.014717158,291.051104998,24.036387840,Other,random,C3H4O_1,24.036385000,RC2_0018_ICR-1_p08
527.140592434,551.176981274,24.036388840,Other,random,C3H4O_1,24.036385000,RC2_0018_ICR-1_p08
374.100948997,398.137337838,24.036388840,Other,random,C3H4O_1,24.036385000,RC2_0018_ICR-1_p08
335.149938024,359.186326864,24.036388840,Other,random,C3H4O_1,24.036385000,RC2_0018_ICR-1_p08
495.236485836,519.272874676,24.036388840,Other,random,C3H4O_1,24.036385000,RC2_0018_ICR-1_p08
517.093007933,541.129396773,24.036388840,Other,random,C3H4O_1,24.036385000,RC2_0018_ICR-1_p08
537.174404013,561.210792853,24.036388840,Other,random,C3H4O_1,24.036385000,RC2_0018_ICR-1_p08
659.162097059,683.198485899,24.036388840,Other,random,C3H4O_1,24.036385000,RC2_0018_ICR-1_p08
805.220701751,829.257090591,24.036388840,Other,random,C3H4O_1,24.036385000,RC2_0018_ICR-1_p08
545.093698482,569.130088322,24.036389840,Other,random,C3H4O_1,24.036385000,RC2_0018_ICR-1_p08
265.071843083,289.108232923,24.036389840,Other,random,C3H4O_1,24.036385000,RC2_0018_ICR-1_p08
383.098099405,407.134489245,24.036389840,Other,random,C3H4O_1,24.036385000,RC2_0018_ICR-1_p08
407.171062040,431.207451880,24.036389840,Other,random,C3H4O_1,24.036385000,RC2_0018_ICR-1_p08
271.046000490,295.082390330,24.036389840,Other,random,C3H4O_1,24.036385000,RC2_0018_ICR-1_p08
441.189609749,465.226000589,24.036390840,Other,random,C3H4O_1,24.036385000,RC2_0018_ICR-1_p08
457.098694290,481.135085130,24.036390840,Other,random,C3H4O_1,24.036385000,RC2_0018_ICR-1_p08
773.266608434,797.302999274,24.036390840,Other,random,C3H4O_1,24.036385000,RC2_0018_ICR-1_p08
311.126658111,335.163048951,24.036390840,Other,random,C3H4O_1,24.036385000,RC2_0018_ICR-1_p08
405.046243988,429.082634828,24.036390840,Other,random,C3H4O_1,24.036385000,RC2_0018_ICR-1_p08
435.093034031,459.129424871,24.036390840,Other,random,C3H4O_1,24.036385000,RC2_0018_ICR-1_p08
235.024899041,259.061289881,24.036390840,Other,random,C3H4O_1,24.036385000,RC2_0018_ICR-1_p08
243.051137909,267.087528749,24.036390840,Other,random,C3H4O_1,24.036385000,RC2_0018_ICR-1_p08
373.069405798,397.105796638,24.036390840,Other,random,C3H4O_1,24.036385000,RC2_0018_ICR-1_p08
477.097986831,501.134377671,24.036390840,Other,random,C3H4O_1,24.036385000,RC2_0018_ICR-1_p08
531.127444016,555.163835856,24.036391840,Other,random,C3H4O_1,24.036385000,RC2_0018_ICR-1_p08
441.067310436,465.103702276,24.036391840,Other,random,C3H4O_1,24.036385000,RC2_0018_ICR-1_p08
341.160455226,365.196847066,24.036391840,Other,random,C3H4O_1,24.036385000,RC2_0018_ICR-1_p08
371.134626678,395.171018518,24.036391840,Other,random,C3H4O_1,24.036385000,RC2_0018_ICR-1_p08
427.134158784,451.170550624,24.036391840,Other,random,C3H4O_1,24.036385000,RC2_0018_ICR-1_p08
487.218312923,511.254704763,24.036391840,Other,random,C3H4O_1,24.036385000,RC2_0018_ICR-1_p08
509.093628915,533.130020755,24.036391840,Other,random,C3H4O_1,24.036385000,RC2_0018_ICR-1_p08
554.115356752,578.151748592,24.036391840,Other,random,C3H4O_1,24.036385000,RC2_0018_ICR-1_p08
413.108696652,437.145089492,24.036392840,Other,random,C3H4O_1,24.036385000,RC2_0018_ICR-1_p08
515.132429958,539.168822798,24.036392840,Other,random,C3H4O_1,24.036385000,RC2_0018_ICR-1_p08
707.219693825,731.256086665,24.036392840,Other,random,C3H4O_1,24.036385000,RC2_0018_ICR-1_p08
343.030449711,367.066843551,24.036393840,Other,random,C3H4O_1,24.036385000,RC2_0018_ICR-1_p08
395.129003754,419.165397594,24.036393840,Other,random,C3H4O_1,24.036385000,RC2_0018_ICR-1_p08
249.040526230,273.076920070,24.036393840,Other,random,C3H4O_1,24.036385000,RC2_0018_ICR-1_p08
323.162985429,347.199379269,24.036393840,Other,random,C3H4O_1,24.036385000,RC2_0018_ICR-1_p08
509.129917711,533.166311551,24.036393840,Other,random,C3H4O_1,24.036385000,RC2_0018_ICR-1_p08
571.130568073,595.166962913,24.036394840,Other,random,C3H4O_1,24.036385000,RC2_0018_ICR-1_p08
407.074960580,431.111355420,24.036394840,Other,random,C3H4O_1,24.036385000,RC2_0018_ICR-1_p08
465.103702276,489.140097116,24.036394840,Other,random,C3H4O_1,24.036385000,RC2_0018_ICR-1_p08
763.173373189,787.209768029,24.036394840,Other,random,C3H4O_1,24.036385000,RC2_0018_ICR-1_p08
533.130020755,558.125261203,24.995240448,Other,random,C1H_1N1,24.995249000,RC2_0018_ICR-1_p08
393.095518188,418.090758637,24.995240448,Other,random,C1H_1N1,24.995249000,RC2_0018_ICR-1_p08
533.115126839,558.110367287,24.995240448,Other,random,C1H_1N1,24.995249000,RC2_0018_ICR-1_p08
271.082377285,296.077618733,24.995241448,Other,random,C1H_1N1,24.995249000,RC2_0018_ICR-1_p08
296.114075528,321.109318977,24.995243448,Other,random,C1H_1N1,24.995249000,RC2_0018_ICR-1_p08
335.040857638,360.036101086,24.995243448,Other,random,C1H_1N1,24.995249000,RC2_0018_ICR-1_p08
347.090232882,372.085476331,24.995243448,Other,random,C1H_1N1,24.995249000,RC2_0018_ICR-1_p08
256.082753630,281.077998078,24.995244448,Other,random,C1H_1N1,24.995249000,RC2_0018_ICR-1_p08
339.121500692,364.116746140,24.995245448,Other,random,C1H_1N1,24.995249000,RC2_0018_ICR-1_p08
449.121856145,474.117101593,24.995245448,Other,random,C1H_1N1,24.995249000,RC2_0018_ICR-1_p08
321.097860041,346.093105489,24.995245448,Other,random,C1H_1N1,24.995249000,RC2_0018_ICR-1_p08
567.208492127,592.203737575,24.995245448,Other,random,C1H_1N1,24.995249000,RC2_0018_ICR-1_p08
453.067312959,478.062559407,24.995246448,Other,random,C1H_1N1,24.995249000,RC2_0018_ICR-1_p08
269.066697620,294.061944068,24.995246448,Other,random,C1H_1N1,24.995249000,RC2_0018_ICR-1_p08
285.098011473,310.093259922,24.995248448,Other,random,C1H_1N1,24.995249000,RC2_0018_ICR-1_p08
335.090267360,360.085515808,24.995248448,Other,random,C1H_1N1,24.995249000,RC2_0018_ICR-1_p08
613.213885432,638.209133881,24.995248448,Other,random,C1H_1N1,24.995249000,RC2_0018_ICR-1_p08
259.082407763,284.077658211,24.995250448,Other,random,C1H_1N1,24.995249000,RC2_0018_ICR-1_p08
289.129309805,314.124560253,24.995250448,Other,random,C1H_1N1,24.995249000,RC2_0018_ICR-1_p08
497.202610780,522.197861228,24.995250448,Other,random,C1H_1N1,24.995249000,RC2_0018_ICR-1_p08
311.113506185,336.108756633,24.995250448,Other,random,C1H_1N1,24.995249000,RC2_0018_ICR-1_p08
289.056493214,314.051745662,24.995252448,Other,random,C1H_1N1,24.995249000,RC2_0018_ICR-1_p08
265.035476288,290.030728736,24.995252448,Other,random,C1H_1N1,24.995249000,RC2_0018_ICR-1_p08
473.072452467,498.067705915,24.995253448,Other,random,C1H_1N1,24.995249000,RC2_0018_ICR-1_p08
365.087650681,390.082904129,24.995253448,Other,random,C1H_1N1,24.995249000,RC2_0018_ICR-1_p08
449.108817218,474.104071666,24.995254448,Other,random,C1H_1N1,24.995249000,RC2_0018_ICR-1_p08
655.261065995,680.256320443,24.995254448,Other,random,C1H_1N1,24.995249000,RC2_0018_ICR-1_p08
302.088134936,327.083390384,24.995255448,Other,random,C1H_1N1,24.995249000,RC2_0018_ICR-1_p08
277.035490810,302.030747258,24.995256448,Other,random,C1H_1N1,24.995249000,RC2_0018_ICR-1_p08
533.093773959,558.089031407,24.995257448,Other,random,C1H_1N1,24.995249000,RC2_0018_ICR-1_p08
271.118818080,296.114075528,24.995257448,Other,random,C1H_1N1,24.995249000,RC2_0018_ICR-1_p08
317.160532181,342.155790630,24.995258448,Other,random,C1H_1N1,24.995249000,RC2_0018_ICR-1_p08
445.077486887,470.072745335,24.995258448,Other,random,C1H_1N1,24.995249000,RC2_0018_ICR-1_p08
275.077344821,300.108970065,25.031625244,Other,random,C2H3NO_1,25.031634000,RC2_0018_ICR-1_p08
375.072082537,400.103707780,25.031625244,Other,random,C2H3NO_1,25.031634000,RC2_0018_ICR-1_p08
327.108390243,352.140017487,25.031627244,Other,random,C2H3NO_1,25.031634000,RC2_0018_ICR-1_p08
355.103325824,380.134953067,25.031627244,Other,random,C2H3NO_1,25.031634000,RC2_0018_ICR-1_p08
365.045625917,390.077254161,25.031628244,Other,random,C2H3NO_1,25.031634000,RC2_0018_ICR-1_p08
493.135089652,518.166719896,25.031630244,Other,random,C2H3NO_1,25.031634000,RC2_0018_ICR-1_p08
281.030325346,306.061955590,25.031630244,Other,random,C2H3NO_1,25.031634000,RC2_0018_ICR-1_p08
555.062903423,580.094533667,25.031630244,Other,random,C2H3NO_1,25.031634000,RC2_0018_ICR-1_p08
269.066697620,294.098328863,25.031631244,Other,random,C2H3NO_1,25.031634000,RC2_0018_ICR-1_p08
395.061853131,420.093484375,25.031631244,Other,random,C2H3NO_1,25.031634000,RC2_0018_ICR-1_p08
367.103377346,392.135009589,25.031632244,Other,random,C2H3NO_1,25.031634000,RC2_0018_ICR-1_p08
581.078429134,606.110061378,25.031632244,Other,random,C2H3NO_1,25.031634000,RC2_0018_ICR-1_p08
231.051120386,256.082753630,25.031633244,Other,random,C2H3NO_1,25.031634000,RC2_0018_ICR-1_p08
403.116300840,428.147935084,25.031634244,Other,random,C2H3NO_1,25.031634000,RC2_0018_ICR-1_p08
383.061796609,408.093431853,25.031635244,Other,random,C2H3NO_1,25.031634000,RC2_0018_ICR-1_p08
555.135496015,580.167133259,25.031637244,Other,random,C2H3NO_1,25.031634000,RC2_0018_ICR-1_p08
325.105888503,350.137525747,25.031637244,Other,random,C2H3NO_1,25.031634000,RC2_0018_ICR-1_p08
559.167020345,584.198657589,25.031637244,Other,random,C2H3NO_1,25.031634000,RC2_0018_ICR-1_p08
575.161870404,600.193508648,25.031638244,Other,random,C2H3NO_1,25.031634000,RC2_0018_ICR-1_p08
421.113906637,446.145545881,25.031639244,Other,random,C2H3NO_1,25.031634000,RC2_0018_ICR-1_p08
312.072382793,337.104026036,25.031643244,Other,random,C2H3NO_1,25.031634000,RC2_0018_ICR-1_p08
369.155296808,395.134552723,25.979255915,Other,random,H_2C1O1,25.979265000,RC2_0018_ICR-1_p08
283.045949012,309.025204927,25.979255915,Other,random,H_2C1O1,25.979265000,RC2_0018_ICR-1_p08
327.108390243,353.087646158,25.979255915,Other,random,H_2C1O1,25.979265000,RC2_0018_ICR-1_p08
347.134650633,373.113906548,25.979255915,Other,random,H_2C1O1,25.979265000,RC2_0018_ICR-1_p08
347.162923474,373.142179389,25.979255915,Other,random,H_2C1O1,25.979265000,RC2_0018_ICR-1_p08
369.131878939,395.111134854,25.979255915,Other,random,H_2C1O1,25.979265000,RC2_0018_ICR-1_p08
483.223435387,509.202691302,25.979255915,Other,random,H_2C1O1,25.979265000,RC2_0018_ICR-1_p08
491.265077167,517.244333082,25.979255915,Other,random,H_2C1O1,25.979265000,RC2_0018_ICR-1_p08
641.115006540,667.094262456,25.979255915,Other,random,H_2C1O1,25.979265000,RC2_0018_ICR-1_p08
525.247207081,551.226462996,25.979255915,Other,random,H_2C1O1,25.979265000,RC2_0018_ICR-1_p08
579.208368650,605.187624565,25.979255915,Other,random,H_2C1O1,25.979265000,RC2_0018_ICR-1_p08
273.134387746,299.113643661,25.979255915,Other,random,H_2C1O1,25.979265000,RC2_0018_ICR-1_p08
413.254367832,439.233623747,25.979255915,Other,random,H_2C1O1,25.979265000,RC2_0018_ICR-1_p08
445.077486887,471.056742802,25.979255915,Other,random,H_2C1O1,25.979265000,RC2_0018_ICR-1_p08
299.126631588,325.105888503,25.979256915,Other,random,H_2C1O1,25.979265000,RC2_0018_ICR-1_p08
285.170673065,311.149929980,25.979256915,Other,random,H_2C1O1,25.979265000,RC2_0018_ICR-1_p08
549.234280199,575.213537114,25.979256915,Other,random,H_2C1O1,25.979265000,RC2_0018_ICR-1_p08
378.082911606,404.062168521,25.979256915,Other,random,H_2C1O1,25.979265000,RC2_0018_ICR-1_p08
263.092574213,289.071831128,25.979256915,Other,random,H_2C1O1,25.979265000,RC2_0018_ICR-1_p08
325.142166299,351.121423215,25.979256915,Other,random,H_2C1O1,25.979265000,RC2_0018_ICR-1_p08
329.043292363,355.022549278,25.979256915,Other,random,H_2C1O1,25.979265000,RC2_0018_ICR-1_p08
347.149943547,373.129200462,25.979256915,Other,random,H_2C1O1,25.979265000,RC2_0018_ICR-1_p08
349.142133344,375.121390259,25.979256915,Other,random,H_2C1O1,25.979265000,RC2_0018_ICR-1_p08
612.229876966,638.209133881,25.979256915,Other,random,H_2C1O1,25.979265000,RC2_0018_ICR-1_p08
261.098025429,287.077283344,25.979257915,Other,random,H_2C1O1,25.979265000,RC2_0018_ICR-1_p08
327.072060447,353.051318362,25.979257915,Other,random,H_2C1O1,25.979265000,RC2_0018_ICR-1_p08
338.088091503,364.067349418,25.979257915,Other,random,H_2C1O1,25.979265000,RC2_0018_ICR-1_p08
339.157891487,365.137149402,25.979257915,Other,random,H_2C1O1,25.979265000,RC2_0018_ICR-1_p08
377.082055234,403.061313149,25.979257915,Other,random,H_2C1O1,25.979265000,RC2_0018_ICR-1_p08
386.101073519,412.080331434,25.979257915,Other,random,H_2C1O1,25.979265000,RC2_0018_ICR-1_p08
407.220303763,433.199561678,25.979257915,Other,random,H_2C1O1,25.979265000,RC2_0018_ICR-1_p08
441.212932618,467.192190533,25.979257915,Other,random,H_2C1O1,25.979265000,RC2_0018_ICR-1_p08
522.088926841,548.068184756,25.979257915,Other,random,H_2C1O1,25.979265000,RC2_0018_ICR-1_p08
665.209120056,691.188377971,25.979257915,Other,random,H_2C1O1,25.979265000,RC2_0018_ICR-1_p08
255.123872022,281.103129937,25.979257915,Other,random,H_2C1O1,25.979265000,RC2_0018_ICR-1_p08
564.099472609,590.078730525,25.979257915,Other,random,H_2C1O1,25.979265000,RC2_0018_ICR-1_p08
563.299126110,589.278385025,25.979258915,Other,random,H_2C1O1,25.979265000,RC2_0018_ICR-1_p08
303.087371317,329.066630232,25.979258915,Other,random,H_2C1O1,25.979265000,RC2_0018_ICR-1_p08
323.126517634,349.105776549,25.979258915,Other,random,H_2C1O1,25.979265000,RC2_0018_ICR-1_p08
371.061839087,397.041098002,25.979258915,Other,random,H_2C1O1,25.979265000,RC2_0018_ICR-1_p08
465.103702276,491.082961191,25.979258915,Other,random,H_2C1O1,25.979265000,RC2_0018_ICR-1_p08
373.095967649,399.075226564,25.979258915,Other,random,H_2C1O1,25.979265000,RC2_0018_ICR-1_p08
513.124954246,539.104213161,25.979258915,Other,random,H_2C1O1,25.979265000,RC2_0018_ICR-1_p08
527.286117616,553.265376531,25.979258915,Other,random,H_2C1O1,25.979265000,RC2_0018_ICR-1_p08
613.105210043,639.084468958,25.979258915,Other,random,H_2C1O1,25.979265000,RC2_0018_ICR-1_p08
615.257805939,641.237065854,25.979259915,Other,random,H_2C1O1,25.979265000,RC2_0018_ICR-1_p08
483.187024591,509.166284506,25.979259915,Other,random,H_2C1O1,25.979265000,RC2_0018_ICR-1_p08
329.051322318,355.030582233,25.979259915,Other,random,H_2C1O1,25.979265000,RC2_0018_ICR-1_p08
369.168421734,395.147681649,25.979259915,Other,random,H_2C1O1,25.979265000,RC2_0018_ICR-1_p08
333.074561695,359.053821610,25.979259915,Other,random,H_2C1O1,25.979265000,RC2_0018_ICR-1_p08
379.134059696,405.113319611,25.979259915,Other,random,H_2C1O1,25.979265000,RC2_0018_ICR-1_p08
477.262278907,503.241538822,25.979259915,Other,random,H_2C1O1,25.979265000,RC2_0018_ICR-1_p08
655.188528403,681.167788318,25.979259915,Other,random,H_2C1O1,25.979265000,RC2_0018_ICR-1_p08
749.339670978,775.318931893,25.979260915,Other,random,H_2C1O1,25.979265000,RC2_0018_ICR-1_p08
371.090062928,397.069323843,25.979260915,Other,random,H_2C1O1,25.979265000,RC2_0018_ICR-1_p08
345.074575217,371.053836132,25.979260915,Other,random,H_2C1O1,25.979265000,RC2_0018_ICR-1_p08
265.071843083,291.051104998,25.979261915,Other,random,H_2C1O1,25.979265000,RC2_0018_ICR-1_p08
293.139452255,319.118714170,25.979261915,Other,random,H_2C1O1,25.979265000,RC2_0018_ICR-1_p08
447.150553229,473.129815144,25.979261915,Other,random,H_2C1O1,25.979265000,RC2_0018_ICR-1_p08
441.067310436,467.046573351,25.979262915,Other,random,H_2C1O1,25.979265000,RC2_0018_ICR-1_p08
251.128963486,277.108226401,25.979262915,Other,random,H_2C1O1,25.979265000,RC2_0018_ICR-1_p08
337.178558617,363.157821532,25.979262915,Other,random,H_2C1O1,25.979265000,RC2_0018_ICR-1_p08
339.139214592,365.118477507,25.979262915,Other,random,H_2C1O1,25.979265000,RC2_0018_ICR-1_p08
374.124444865,400.103707780,25.979262915,Other,random,H_2C1O1,25.979265000,RC2_0018_ICR-1_p08
427.160753635,453.140016550,25.979262915,Other,random,H_2C1O1,25.979265000,RC2_0018_ICR-1_p08
725.194207751,751.173470666,25.979262915,Other,random,H_2C1O1,25.979265000,RC2_0018_ICR-1_p08
263.128969008,289.108232923,25.979263915,Other,random,H_2C1O1,25.979265000,RC2_0018_ICR-1_p08
373.056418871,399.035682786,25.979263915,Other,random,H_2C1O1,25.979265000,RC2_0018_ICR-1_p08
410.072712723,436.051976638,25.979263915,Other,random,H_2C1O1,25.979265000,RC2_0018_ICR-1_p08
489.226012633,515.205276548,25.979263915,Other,random,H_2C1O1,25.979265000,RC2_0018_ICR-1_p08
541.221045258,567.200309173,25.979263915,Other,random,H_2C1O1,25.979265000,RC2_0018_ICR-1_p08
265.035476288,291.014741203,25.979264915,Other,random,H_2C1O1,25.979265000,RC2_0018_ICR-1_p08
417.140156982,443.119421897,25.979264915,Other,random,H_2C1O1,25.979265000,RC2_0018_ICR-1_p08
463.155256233,489.134521148,25.979264915,Other,random,H_2C1O1,25.979265000,RC2_0018_ICR-1_p08
523.145683898,549.124948813,25.979264915,Other,random,H_2C1O1,25.979265000,RC2_0018_ICR-1_p08
532.167340168,558.146605083,25.979264915,Other,random,H_2C1O1,25.979265000,RC2_0018_ICR-1_p08
547.182221738,573.161486653,25.979264915,Other,random,H_2C1O1,25.979265000,RC2_0018_ICR-1_p08
495.223426909,521.202691824,25.979264915,Other,random,H_2C1O1,25.979265000,RC2_0018_ICR-1_p08
504.114541913,530.093806828,25.979264915,Other,random,H_2C1O1,25.979265000,RC2_0018_ICR-1_p08
530.130634621,556.109899536,25.979264915,Other,random,H_2C1O1,25.979265000,RC2_0018_ICR-1_p08
253.035448766,279.014714681,25.979265915,Other,random,H_2C1O1,25.979265000,RC2_0018_ICR-1_p08
293.103072460,319.082338375,25.979265915,Other,random,H_2C1O1,25.979265000,RC2_0018_ICR-1_p08
417.191579693,443.170845608,25.979265915,Other,random,H_2C1O1,25.979265000,RC2_0018_ICR-1_p08
425.072339378,451.051605293,25.979265915,Other,random,H_2C1O1,25.979265000,RC2_0018_ICR-1_p08
437.121868622,463.101134537,25.979265915,Other,random,H_2C1O1,25.979265000,RC2_0018_ICR-1_p08
448.088431956,474.067697871,25.979265915,Other,random,H_2C1O1,25.979265000,RC2_0018_ICR-1_p08
467.155823737,493.135089652,25.979265915,Other,random,H_2C1O1,25.979265000,RC2_0018_ICR-1_p08
473.202721734,499.181987649,25.979265915,Other,random,H_2C1O1,25.979265000,RC2_0018_ICR-1_p08
401.145151924,427.124418839,25.979266915,Other,random,H_2C1O1,25.979265000,RC2_0018_ICR-1_p08
405.204664097,431.183931012,25.979266915,Other,random,H_2C1O1,25.979265000,RC2_0018_ICR-1_p08
333.134325358,359.113592273,25.979266915,Other,random,H_2C1O1,25.979265000,RC2_0018_ICR-1_p08
375.202297804,401.181564719,25.979266915,Other,random,H_2C1O1,25.979265000,RC2_0018_ICR-1_p08
389.051210930,415.030477845,25.979266915,Other,random,H_2C1O1,25.979265000,RC2_0018_ICR-1_p08
475.145537810,501.124805725,25.979267915,Other,random,H_2C1O1,25.979265000,RC2_0018_ICR-1_p08
327.100399288,353.079667203,25.979267915,Other,random,H_2C1O1,25.979265000,RC2_0018_ICR-1_p08
499.072742264,525.052011179,25.979268915,Other,random,H_2C1O1,25.979265000,RC2_0018_ICR-1_p08
413.158028374,439.137297289,25.979268915,Other,random,H_2C1O1,25.979265000,RC2_0018_ICR-1_p08
439.189155997,465.168424912,25.979268915,Other,random,H_2C1O1,25.979265000,RC2_0018_ICR-1_p08
455.082930625,481.062199540,25.979268915,Other,random,H_2C1O1,25.979265000,RC2_0018_ICR-1_p08
461.085483871,487.064752786,25.979268915,Other,random,H_2C1O1,25.979265000,RC2_0018_ICR-1_p08
537.197617882,563.176886797,25.979268915,Other,random,H_2C1O1,25.979265000,RC2_0018_ICR-1_p08
543.200256129,569.179525044,25.979268915,Other,random,H_2C1O1,25.979265000,RC2_0018_ICR-1_p08
485.158298507,511.137567422,25.979268915,Other,random,H_2C1O1,25.979265000,RC2_0018_ICR-1_p08
589.265504097,615.244773012,25.979268915,Other,random,H_2C1O1,25.979265000,RC2_0018_ICR-1_p08
359.144237101,385.123507016,25.979269915,Other,random,H_2C1O1,25.979265000,RC2_0018_ICR-1_p08
411.142598707,437.121868622,25.979269915,Other,random,H_2C1O1,25.979265000,RC2_0018_ICR-1_p08
415.124437317,441.103707232,25.979269915,Other,random,H_2C1O1,25.979265000,RC2_0018_ICR-1_p08
322.056681650,348.035951565,25.979269915,Other,random,H_2C1O1,25.979265000,RC2_0018_ICR-1_p08
459.129424871,485.108694786,25.979269915,Other,random,H_2C1O1,25.979265000,RC2_0018_ICR-1_p08
325.121149418,351.100419333,25.979269915,Other,random,H_2C1O1,25.979265000,RC2_0018_ICR-1_p08
397.113852593,423.093122508,25.979269915,Other,random,H_2C1O1,25.979265000,RC2_0018_ICR-1_p08
543.171901288,569.151171203,25.979269915,Other,random,H_2C1O1,25.979265000,RC2_0018_ICR-1_p08
243.051137909,269.030407824,25.979269915,Other,random,H_2C1O1,25.979265000,RC2_0018_ICR-1_p08
491.132533913,517.111804828,25.979270915,Other,random,H_2C1O1,25.979265000,RC2_0018_ICR-1_p08
503.140690389,529.119961304,25.979270915,Other,random,H_2C1O1,25.979265000,RC2_0018_ICR-1_p08
365.087650681,391.066921595,25.979270915,Other,random,H_2C1O1,25.979265000,RC2_0018_ICR-1_p08
397.142196433,423.121467348,25.979270915,Other,random,H_2C1O1,25.979265000,RC2_0018_ICR-1_p08
406.150679777,432.129950692,25.979270915,Other,random,H_2C1O1,25.979265000,RC2_0018_ICR-1_p08
431.170927085,457.150198000,25.979270915,Other,random,H_2C1O1,25.979265000,RC2_0018_ICR-1_p08
476.091282492,502.070553407,25.979270915,Other,random,H_2C1O1,25.979265000,RC2_0018_ICR-1_p08
503.241538822,529.220810737,25.979271915,Other,random,H_2C1O1,25.979265000,RC2_0018_ICR-1_p08
298.056867604,324.036139519,25.979271915,Other,random,H_2C1O1,25.979265000,RC2_0018_ICR-1_p08
319.045898580,345.025170495,25.979271915,Other,random,H_2C1O1,25.979265000,RC2_0018_ICR-1_p08
361.096025126,387.075297041,25.979271915,Other,random,H_2C1O1,25.979265000,RC2_0018_ICR-1_p08
381.149691361,407.128963276,25.979271915,Other,random,H_2C1O1,25.979265000,RC2_0018_ICR-1_p08
411.202157372,437.181429287,25.979271915,Other,random,H_2C1O1,25.979265000,RC2_0018_ICR-1_p08
465.176451867,491.155723782,25.979271915,Other,random,H_2C1O1,25.979265000,RC2_0018_ICR-1_p08
511.072942785,537.052214700,25.979271915,Other,random,H_2C1O1,25.979265000,RC2_0018_ICR-1_p08
271.046000490,297.025272405,25.979271915,Other,random,H_2C1O1,25.979265000,RC2_0018_ICR-1_p08
268.082672153,294.061944068,25.979271915,Other,random,H_2C1O1,25.979265000,RC2_0018_ICR-1_p08
357.147344330,383.126616245,25.979271915,Other,random,H_2C1O1,25.979265000,RC2_0018_ICR-1_p08
323.090217838,349.069490753,25.979272915,Other,random,H_2C1O1,25.979265000,RC2_0018_ICR-1_p08
325.056400782,351.035673697,25.979272915,Other,random,H_2C1O1,25.979265000,RC2_0018_ICR-1_p08
249.076938025,275.056210940,25.979272915,Other,random,H_2C1O1,25.979265000,RC2_0018_ICR-1_p08
551.140751478,577.120024393,25.979272915,Other,random,H_2C1O1,25.979265000,RC2_0018_ICR-1_p08
429.140164504,455.119437419,25.979272915,Other,random,H_2C1O1,25.979265000,RC2_0018_ICR-1_p08
525.088620973,551.067893888,25.979272915,Other,random,H_2C1O1,25.979265000,RC2_0018_ICR-1_p08
759.251202244,785.230475159,25.979272915,Other,random,H_2C1O1,25.979265000,RC2_0018_ICR-1_p08
445.186743272,471.166017187,25.979273915,Other,random,H_2C1O1,25.979265000,RC2_0018_ICR-1_p08
481.257362442,507.236636357,25.979273915,Other,random,H_2C1O1,25.979265000,RC2_0018_ICR-1_p08
503.104148595,529.083422510,25.979273915,Other,random,H_2C1O1,25.979265000,RC2_0018_ICR-1_p08
241.108254834,267.087528749,25.979273915,Other,random,H_2C1O1,25.979265000,RC2_0018_ICR-1_p08
331.103332779,357.082606694,25.979273915,Other,random,H_2C1O1,25.979265000,RC2_0018_ICR-1_p08
347.077144956,373.056418871,25.979273915,Other,random,H_2C1O1,25.979265000,RC2_0018_ICR-1_p08
389.145163402,415.124437317,25.979273915,Other,random,H_2C1O1,25.979265000,RC2_0018_ICR-1_p08
419.170967563,445.150241477,25.979273915,Other,random,H_2C1O1,25.979265000,RC2_0018_ICR-1_p08
693.240549431,719.219823346,25.979273915,Other,random,H_2C1O1,25.979265000,RC2_0018_ICR-1_p08
256.082753630,282.062028545,25.979274915,Other,random,H_2C1O1,25.979265000,RC2_0018_ICR-1_p08
353.160383749,379.139658664,25.979274915,Other,random,H_2C1O1,25.979265000,RC2_0018_ICR-1_p08
581.260192112,607.239467027,25.979274915,Other,random,H_2C1O1,25.979265000,RC2_0018_ICR-1_p08
751.173470666,777.152745581,25.979274915,Other,random,H_2C1O1,25.979265000,RC2_0018_ICR-1_p08
389.072423811,415.051698726,25.979274915,Other,random,H_2C1O1,25.979265000,RC2_0018_ICR-1_p08
251.056215895,277.035490810,25.979274915,Other,random,H_2C1O1,25.979265000,RC2_0018_ICR-1_p08
359.061895564,385.077536275,26.015640710,Other,random,C2H2,26.015650000,RC2_0018_ICR-1_p08
401.072481333,427.088122043,26.015640710,Other,random,C2H2,26.015650000,RC2_0018_ICR-1_p08
528.136015837,554.151656547,26.015640710,Other,random,C2H2,26.015650000,RC2_0018_ICR-1_p08
539.104213161,565.119853872,26.015640710,Other,random,C2H2,26.015650000,RC2_0018_ICR-1_p08
771.287358563,797.302999274,26.015640710,Other,random,C2H2,26.015650000,RC2_0018_ICR-1_p08
275.059571921,301.075212631,26.015640710,Other,random,C2H2,26.015650000,RC2_0018_ICR-1_p08
779.278308629,805.293949340,26.015640710,Other,random,C2H2,26.015650000,RC2_0018_ICR-1_p08
495.223426909,521.239067619,26.015640710,Other,random,C2H2,26.015650000,RC2_0018_ICR-1_p08
293.103072460,319.118714170,26.015641710,Other,random,C2H2,26.015650000,RC2_0018_ICR-1_p08
323.113527707,349.129169417,26.015641710,Other,random,C2H2,26.015650000,RC2_0018_ICR-1_p08
392.098594794,418.114236505,26.015641710,Other,random,C2H2,26.015650000,RC2_0018_ICR-1_p08
367.139622142,393.155263852,26.015641710,Other,random,C2H2,26.015650000,RC2_0018_ICR-1_p08
391.106354374,417.121996084,26.015641710,Other,random,C2H2,26.015650000,RC2_0018_ICR-1_p08
422.044497404,448.060140115,26.015642710,Other,random,C2H2,26.015650000,RC2_0018_ICR-1_p08
533.093773959,559.109416669,26.015642710,Other,random,C2H2,26.015650000,RC2_0018_ICR-1_p08
443.165255639,469.180898350,26.015642710,Other,random,C2H2,26.015650000,RC2_0018_ICR-1_p08
585.255313647,611.270956358,26.015642710,Other,random,C2H2,26.015650000,RC2_0018_ICR-1_p08
443.074762148,469.090405859,26.015643710,Other,random,C2H2,26.015650000,RC2_0018_ICR-1_p08
419.134597767,445.150241477,26.015643710,Other,random,C2H2,26.015650000,RC2_0018_ICR-1_p08
459.123901902,485.139545612,26.015643710,Other,random,C2H2,26.015650000,RC2_0018_ICR-1_p08
465.189517794,491.205161504,26.015643710,Other,random,C2H2,26.015650000,RC2_0018_ICR-1_p08
489.189632838,515.205276548,26.015643710,Other,random,C2H2,26.015650000,RC2_0018_ICR-1_p08
532.167340168,558.182983879,26.015643710,Other,random,C2H2,26.015650000,RC2_0018_ICR-1_p08
546.110105766,572.125750477,26.015644710,Other,random,C2H2,26.015650000,RC2_0018_ICR-1_p08
247.082414240,273.098058951,26.015644710,Other,random,C2H2,26.015650000,RC2_0018_ICR-1_p08
567.208492127,593.224136837,26.015644710,Other,random,C2H2,26.015650000,RC2_0018_ICR-1_p08
601.104894523,627.120540233,26.015645710,Other,random,C2H2,26.015650000,RC2_0018_ICR-1_p08
497.158337029,523.173982739,26.015645710,Other,random,C2H2,26.015650000,RC2_0018_ICR-1_p08
347.171059428,373.186705138,26.015645710,Other,random,C2H2,26.015650000,RC2_0018_ICR-1_p08
517.062378106,543.078023816,26.015645710,Other,random,C2H2,26.015650000,RC2_0018_ICR-1_p08
687.230011229,713.245656940,26.015645710,Other,random,C2H2,26.015650000,RC2_0018_ICR-1_p08
251.128963486,277.144609196,26.015645710,Other,random,C2H2,26.015650000,RC2_0018_ICR-1_p08
437.121868622,463.137514333,26.015645710,Other,random,C2H2,26.015650000,RC2_0018_ICR-1_p08
373.041127957,399.056774667,26.015646710,Other,random,C2H2,26.015650000,RC2_0018_ICR-1_p08
377.137126925,403.152773635,26.015646710,Other,random,C2H2,26.015650000,RC2_0018_ICR-1_p08
445.144684509,471.160331219,26.015646710,Other,random,C2H2,26.015650000,RC2_0018_ICR-1_p08
487.197097042,513.212743753,26.015646710,Other,random,C2H2,26.015650000,RC2_0018_ICR-1_p08
689.209094101,715.224741811,26.015647710,Other,random,C2H2,26.015650000,RC2_0018_ICR-1_p08
371.126548723,397.142196433,26.015647710,Other,random,C2H2,26.015650000,RC2_0018_ICR-1_p08
455.119437419,481.135085130,26.015647710,Other,random,C2H2,26.015650000,RC2_0018_ICR-1_p08
499.137545899,525.153193610,26.015647710,Other,random,C2H2,26.015650000,RC2_0018_ICR-1_p08
406.127325909,432.142973619,26.015647710,Other,random,C2H2,26.015650000,RC2_0018_ICR-1_p08
413.108696652,439.124344362,26.015647710,Other,random,C2H2,26.015650000,RC2_0018_ICR-1_p08
437.103269727,463.118917437,26.015647710,Other,random,C2H2,26.015650000,RC2_0018_ICR-1_p08
293.066690664,319.082338375,26.015647710,Other,random,C2H2,26.015650000,RC2_0018_ICR-1_p08
361.069333276,387.084980986,26.015647710,Other,random,C2H2,26.015650000,RC2_0018_ICR-1_p08
419.111150899,445.126798609,26.015647710,Other,random,C2H2,26.015650000,RC2_0018_ICR-1_p08
319.168133892,345.183782603,26.015648710,Other,random,C2H2,26.015650000,RC2_0018_ICR-1_p08
339.121500692,365.137149402,26.015648710,Other,random,C2H2,26.015650000,RC2_0018_ICR-1_p08
473.202721734,499.218370445,26.015648710,Other,random,C2H2,26.015650000,RC2_0018_ICR-1_p08
345.046190376,371.061839087,26.015648710,Other,random,C2H2,26.015650000,RC2_0018_ICR-1_p08
396.065081490,422.080730201,26.015648710,Other,random,C2H2,26.015650000,RC2_0018_ICR-1_p08
545.215958794,571.231607504,26.015648710,Other,random,C2H2,26.015650000,RC2_0018_ICR-1_p08
253.035448766,279.051098476,26.015649710,Other,random,C2H2,26.015650000,RC2_0018_ICR-1_p08
307.082288853,333.097938563,26.015649710,Other,random,C2H2,26.015650000,RC2_0018_ICR-1_p08
347.162923474,373.178573184,26.015649710,Other,random,C2H2,26.015650000,RC2_0018_ICR-1_p08
459.056776279,485.072425989,26.015649710,Other,random,C2H2,26.015650000,RC2_0018_ICR-1_p08
461.108817740,487.124467451,26.015649710,Other,random,C2H2,26.015650000,RC2_0018_ICR-1_p08
537.174404013,563.190053723,26.015649710,Other,random,C2H2,26.015650000,RC2_0018_ICR-1_p08
345.191806558,371.207456268,26.015649710,Other,random,C2H2,26.015650000,RC2_0018_ICR-1_p08
439.210349878,465.226000589,26.015650710,Other,random,C2H2,26.015650000,RC2_0018_ICR-1_p08
449.181429810,475.197080520,26.015650710,Other,random,C2H2,26.015650000,RC2_0018_ICR-1_p08
338.051698707,364.067349418,26.015650710,Other,random,C2H2,26.015650000,RC2_0018_ICR-1_p08
439.088051566,465.103702276,26.015650710,Other,random,C2H2,26.015650000,RC2_0018_ICR-1_p08
440.091298925,466.106949635,26.015650710,Other,random,C2H2,26.015650000,RC2_0018_ICR-1_p08
489.176519912,515.192170622,26.015650710,Other,random,C2H2,26.015650000,RC2_0018_ICR-1_p08
329.124132908,355.139784619,26.015651710,Other,random,C2H2,26.015650000,RC2_0018_ICR-1_p08
407.147606172,433.163257882,26.015651710,Other,random,C2H2,26.015650000,RC2_0018_ICR-1_p08
441.189609749,467.205261459,26.015651710,Other,random,C2H2,26.015650000,RC2_0018_ICR-1_p08
591.244682968,617.260334679,26.015651710,Other,random,C2H2,26.015650000,RC2_0018_ICR-1_p08
639.156893551,665.172545262,26.015651710,Other,random,C2H2,26.015650000,RC2_0018_ICR-1_p08
335.149938024,361.165589735,26.015651710,Other,random,C2H2,26.015650000,RC2_0018_ICR-1_p08
309.025204927,335.040857638,26.015652710,Other,random,C2H2,26.015650000,RC2_0018_ICR-1_p08
361.050712381,387.066365091,26.015652710,Other,random,C2H2,26.015650000,RC2_0018_ICR-1_p08
383.061796609,409.077449320,26.015652710,Other,random,C2H2,26.015650000,RC2_0018_ICR-1_p08
451.137530810,477.153183520,26.015652710,Other,random,C2H2,26.015650000,RC2_0018_ICR-1_p08
533.239222141,559.254874851,26.015652710,Other,random,C2H2,26.015650000,RC2_0018_ICR-1_p08
579.063062467,605.078715178,26.015652710,Other,random,C2H2,26.015650000,RC2_0018_ICR-1_p08
585.247299692,611.262952403,26.015652710,Other,random,C2H2,26.015650000,RC2_0018_ICR-1_p08
603.172138898,629.187791609,26.015652710,Other,random,C2H2,26.015650000,RC2_0018_ICR-1_p08
239.056189373,265.071843083,26.015653710,Other,random,C2H2,26.015650000,RC2_0018_ICR-1_p08
461.103236772,487.118890482,26.015653710,Other,random,C2H2,26.015650000,RC2_0018_ICR-1_p08
499.210334490,525.225988200,26.015653710,Other,random,C2H2,26.015650000,RC2_0018_ICR-1_p08
669.276618184,695.292271894,26.015653710,Other,random,C2H2,26.015650000,RC2_0018_ICR-1_p08
333.097938563,359.113592273,26.015653710,Other,random,C2H2,26.015650000,RC2_0018_ICR-1_p08
337.105781026,363.121434737,26.015653710,Other,random,C2H2,26.015650000,RC2_0018_ICR-1_p08
369.082494217,395.098147927,26.015653710,Other,random,C2H2,26.015650000,RC2_0018_ICR-1_p08
387.035520265,413.051173975,26.015653710,Other,random,C2H2,26.015650000,RC2_0018_ICR-1_p08
442.148389357,468.164043068,26.015653710,Other,random,C2H2,26.015650000,RC2_0018_ICR-1_p08
641.201154056,667.216807766,26.015653710,Other,random,C2H2,26.015650000,RC2_0018_ICR-1_p08
315.064025970,341.079680681,26.015654710,Other,random,C2H2,26.015650000,RC2_0018_ICR-1_p08
261.098025429,287.113680139,26.015654710,Other,random,C2H2,26.015650000,RC2_0018_ICR-1_p08
304.082604720,330.098259431,26.015654710,Other,random,C2H2,26.015650000,RC2_0018_ICR-1_p08
615.157099505,641.172754216,26.015654710,Other,random,C2H2,26.015650000,RC2_0018_ICR-1_p08
715.298042399,741.313697109,26.015654710,Other,random,C2H2,26.015650000,RC2_0018_ICR-1_p08
370.049425780,396.065081490,26.015655710,Other,random,C2H2,26.015650000,RC2_0018_ICR-1_p08
402.132279373,428.147935084,26.015655710,Other,random,C2H2,26.015650000,RC2_0018_ICR-1_p08
401.035929538,427.051585249,26.015655710,Other,random,C2H2,26.015650000,RC2_0018_ICR-1_p08
513.161296042,539.176951752,26.015655710,Other,random,C2H2,26.015650000,RC2_0018_ICR-1_p08
319.058918506,345.074575217,26.015656710,Other,random,C2H2,26.015650000,RC2_0018_ICR-1_p08
532.109604493,558.125261203,26.015656710,Other,random,C2H2,26.015650000,RC2_0018_ICR-1_p08
611.125589175,637.141245885,26.015656710,Other,random,C2H2,26.015650000,RC2_0018_ICR-1_p08
268.082672153,294.098328863,26.015656710,Other,random,C2H2,26.015650000,RC2_0018_ICR-1_p08
329.116004954,355.131661664,26.015656710,Other,random,C2H2,26.015650000,RC2_0018_ICR-1_p08
421.040962047,447.056618758,26.015656710,Other,random,C2H2,26.015650000,RC2_0018_ICR-1_p08
599.271041835,625.286698545,26.015656710,Other,random,C2H2,26.015650000,RC2_0018_ICR-1_p08
354.095796489,380.111454200,26.015657710,Other,random,C2H2,26.015650000,RC2_0018_ICR-1_p08
384.106501735,410.122159445,26.015657710,Other,random,C2H2,26.015650000,RC2_0018_ICR-1_p08
497.231171619,523.246829330,26.015657710,Other,random,C2H2,26.015650000,RC2_0018_ICR-1_p08
641.136343420,667.152001131,26.015657710,Other,random,C2H2,26.015650000,RC2_0018_ICR-1_p08
239.019818577,265.035476288,26.015657710,Other,random,C2H2,26.015650000,RC2_0018_ICR-1_p08
287.059565443,313.075223154,26.015657710,Other,random,C2H2,26.015650000,RC2_0018_ICR-1_p08
463.087972611,489.103630321,26.015657710,Other,random,C2H2,26.015650000,RC2_0018_ICR-1_p08
493.135089652,519.150747362,26.015657710,Other,random,C2H2,26.015650000,RC2_0018_ICR-1_p08
647.089273946,673.104932657,26.015658710,Other,random,C2H2,26.015650000,RC2_0018_ICR-1_p08
263.092574213,289.108232923,26.015658710,Other,random,C2H2,26.015650000,RC2_0018_ICR-1_p08
289.056493214,315.072151925,26.015658710,Other,random,C2H2,26.015650000,RC2_0018_ICR-1_p08
477.189641315,503.205300026,26.015658710,Other,random,C2H2,26.015650000,RC2_0018_ICR-1_p08
271.046000490,297.061659200,26.015658710,Other,random,C2H2,26.015650000,RC2_0018_ICR-1_p08
313.092795055,339.108453765,26.015658710,Other,random,C2H2,26.015650000,RC2_0018_ICR-1_p08
447.142632274,473.158290984,26.015658710,Other,random,C2H2,26.015650000,RC2_0018_ICR-1_p08
471.142678318,497.158337029,26.015658710,Other,random,C2H2,26.015650000,RC2_0018_ICR-1_p08
553.229192735,579.244851445,26.015658710,Other,random,C2H2,26.015650000,RC2_0018_ICR-1_p08
573.146263738,599.161923448,26.015659710,Other,random,C2H2,26.015650000,RC2_0018_ICR-1_p08
311.113506185,337.129165895,26.015659710,Other,random,C2H2,26.015650000,RC2_0018_ICR-1_p08
402.112035487,428.127695198,26.015659710,Other,random,C2H2,26.015650000,RC2_0018_ICR-1_p08
413.100724696,439.116384407,26.015659710,Other,random,C2H2,26.015650000,RC2_0018_ICR-1_p08
589.177605592,615.193265302,26.015659710,Other,random,C2H2,26.015650000,RC2_0018_ICR-1_p08
311.077148389,337.104026036,26.026877647,Other,random,C1H2O_1N2,26.026883000,RC2_0018_ICR-1_p08
283.045949012,309.072827660,26.026878647,Other,random,C1H2O_1N2,26.026883000,RC2_0018_ICR-1_p08
267.051106954,293.077986601,26.026879647,Other,random,C1H2O_1N2,26.026883000,RC2_0018_ICR-1_p08
301.056502737,327.083390384,26.026887647,Other,random,C1H2O_1N2,26.026883000,RC2_0018_ICR-1_p08
255.051107431,281.077998078,26.026890647,Other,random,C1H2O_1N2,26.026883000,RC2_0018_ICR-1_p08
435.142534752,461.175933363,26.033398611,Other,random,C2H2O2S_1,26.033408000,RC2_0018_ICR-1_p08
373.069405798,399.102804409,26.033398611,Other,random,C2H2O2S_1,26.033408000,RC2_0018_ICR-1_p08
387.075297041,413.108696652,26.033399611,Other,random,C2H2O2S_1,26.033408000,RC2_0018_ICR-1_p08
341.142743326,367.176146937,26.033403611,Other,random,C2H2O2S_1,26.033408000,RC2_0018_ICR-1_p08
463.137514333,489.170918943,26.033404611,Other,random,C2H2O2S_1,26.033408000,RC2_0018_ICR-1_p08
409.163329837,435.196735447,26.033405611,Other,random,C2H2O2S_1,26.033408000,RC2_0018_ICR-1_p08
297.152995686,323.186402297,26.033406611,Other,random,C2H2O2S_1,26.033408000,RC2_0018_ICR-1_p08
461.085483871,487.118890482,26.033406611,Other,random,C2H2O2S_1,26.033408000,RC2_0018_ICR-1_p08
547.086087278,573.119494889,26.033407611,Other,random,C2H2O2S_1,26.033408000,RC2_0018_ICR-1_p08
415.142981212,441.176390823,26.033409611,Other,random,C2H2O2S_1,26.033408000,RC2_0018_ICR-1_p08
465.116704203,491.150113814,26.033409611,Other,random,C2H2O2S_1,26.033408000,RC2_0018_ICR-1_p08
421.054063974,447.087474584,26.033410611,Other,random,C2H2O2S_1,26.033408000,RC2_0018_ICR-1_p08
345.038086422,371.071500032,26.033413611,Other,random,C2H2O2S_1,26.033408000,RC2_0018_ICR-1_p08
383.147482128,409.180896738,26.033414611,Other,random,C2H2O2S_1,26.033408000,RC2_0018_ICR-1_p08
457.163315926,483.196730537,26.033414611,Other,random,C2H2O2S_1,26.033408000,RC2_0018_ICR-1_p08
317.069960691,343.103378301,26.033417610,Other,random,C2H2O2S_1,26.033408000,RC2_0018_ICR-1_p08
503.059664845,529.093082455,26.033417610,Other,random,C2H2O2S_1,26.033408000,RC2_0018_ICR-1_p08
306.025548795,332.077574301,26.052025506,Other,random,C3H6O_1,26.052035000,RC2_0018_ICR-1_p08
336.158224355,362.210249861,26.052025506,Other,random,C3H6O_1,26.052035000,RC2_0018_ICR-1_p08
464.083428014,490.135453519,26.052025506,Other,random,C3H6O_1,26.052035000,RC2_0018_ICR-1_p08
385.163312792,411.215338298,26.052025506,Other,random,C3H6O_1,26.052035000,RC2_0018_ICR-1_p08
388.060021504,414.112048010,26.052026506,Other,random,C3H6O_1,26.052035000,RC2_0018_ICR-1_p08
457.090650335,483.142676841,26.052026506,Other,random,C3H6O_1,26.052035000,RC2_0018_ICR-1_p08
691.115708380,717.167734885,26.052026506,Other,random,C3H6O_1,26.052035000,RC2_0018_ICR-1_p08
493.111883783,519.163910288,26.052026506,Other,random,C3H6O_1,26.052035000,RC2_0018_ICR-1_p08
511.210232013,537.262259519,26.052027506,Other,random,C3H6O_1,26.052035000,RC2_0018_ICR-1_p08
243.051137909,269.103165415,26.052027506,Other,random,C3H6O_1,26.052035000,RC2_0018_ICR-1_p08
495.041495932,521.093523438,26.052027506,Other,random,C3H6O_1,26.052035000,RC2_0018_ICR-1_p08
719.183469551,745.235497057,26.052027506,Other,random,C3H6O_1,26.052035000,RC2_0018_ICR-1_p08
379.079975000,405.132003506,26.052028506,Other,random,C3H6O_1,26.052035000,RC2_0018_ICR-1_p08
685.178092768,711.230121273,26.052028506,Other,random,C3H6O_1,26.052035000,RC2_0018_ICR-1_p08
415.079904567,441.131933073,26.052028506,Other,random,C3H6O_1,26.052035000,RC2_0018_ICR-1_p08
459.093205074,485.145233580,26.052028506,Other,random,C3H6O_1,26.052035000,RC2_0018_ICR-1_p08
559.094192755,585.146221261,26.052028506,Other,random,C3H6O_1,26.052035000,RC2_0018_ICR-1_p08
647.089273946,673.141302452,26.052028506,Other,random,C3H6O_1,26.052035000,RC2_0018_ICR-1_p08
261.040570752,287.092600257,26.052029506,Other,random,C3H6O_1,26.052035000,RC2_0018_ICR-1_p08
317.116081431,343.168110937,26.052029506,Other,random,C3H6O_1,26.052035000,RC2_0018_ICR-1_p08
325.084803622,351.136833128,26.052029506,Other,random,C3H6O_1,26.052035000,RC2_0018_ICR-1_p08
417.046235510,443.098265016,26.052029506,Other,random,C3H6O_1,26.052035000,RC2_0018_ICR-1_p08
463.124489406,489.176519912,26.052030506,Other,random,C3H6O_1,26.052035000,RC2_0018_ICR-1_p08
265.035476288,291.087506794,26.052030506,Other,random,C3H6O_1,26.052035000,RC2_0018_ICR-1_p08
413.181593242,439.233623747,26.052030506,Other,random,C3H6O_1,26.052035000,RC2_0018_ICR-1_p08
547.218552533,573.270583039,26.052030506,Other,random,C3H6O_1,26.052035000,RC2_0018_ICR-1_p08
593.187787042,619.239817548,26.052030506,Other,random,C3H6O_1,26.052035000,RC2_0018_ICR-1_p08
705.204056159,731.256086665,26.052030506,Other,random,C3H6O_1,26.052035000,RC2_0018_ICR-1_p08
338.088091503,364.140123009,26.052031506,Other,random,C3H6O_1,26.052035000,RC2_0018_ICR-1_p08
481.090682379,507.142713885,26.052031506,Other,random,C3H6O_1,26.052035000,RC2_0018_ICR-1_p08
571.057584483,597.109615989,26.052031506,Other,random,C3H6O_1,26.052035000,RC2_0018_ICR-1_p08
401.100709174,427.152741680,26.052032506,Other,random,C3H6O_1,26.052035000,RC2_0018_ICR-1_p08
407.074960580,433.126993086,26.052032506,Other,random,C3H6O_1,26.052035000,RC2_0018_ICR-1_p08
457.098694290,483.150726795,26.052032506,Other,random,C3H6O_1,26.052035000,RC2_0018_ICR-1_p08
469.171394403,495.223426909,26.052032506,Other,random,C3H6O_1,26.052035000,RC2_0018_ICR-1_p08
563.213471592,589.265504097,26.052032506,Other,random,C3H6O_1,26.052035000,RC2_0018_ICR-1_p08
305.103027982,331.155060488,26.052032506,Other,random,C3H6O_1,26.052035000,RC2_0018_ICR-1_p08
425.064480422,451.116512928,26.052032506,Other,random,C3H6O_1,26.052035000,RC2_0018_ICR-1_p08
389.137012448,415.189045953,26.052033506,Other,random,C3H6O_1,26.052035000,RC2_0018_ICR-1_p08
673.068922859,699.120956365,26.052033506,Other,random,C3H6O_1,26.052035000,RC2_0018_ICR-1_p08
693.240549431,719.292582937,26.052033506,Other,random,C3H6O_1,26.052035000,RC2_0018_ICR-1_p08
304.046225925,330.098259431,26.052033506,Other,random,C3H6O_1,26.052035000,RC2_0018_ICR-1_p08
359.098238360,385.150271866,26.052033506,Other,random,C3H6O_1,26.052035000,RC2_0018_ICR-1_p08
423.087576539,449.139610045,26.052033506,Other,random,C3H6O_1,26.052035000,RC2_0018_ICR-1_p08
427.160753635,453.212787141,26.052033506,Other,random,C3H6O_1,26.052035000,RC2_0018_ICR-1_p08
487.160710247,513.212743753,26.052033506,Other,random,C3H6O_1,26.052035000,RC2_0018_ICR-1_p08
579.099156264,605.151190770,26.052034506,Other,random,C3H6O_1,26.052035000,RC2_0018_ICR-1_p08
395.183973445,421.236007951,26.052034506,Other,random,C3H6O_1,26.052035000,RC2_0018_ICR-1_p08
473.057118553,499.109153059,26.052034506,Other,random,C3H6O_1,26.052035000,RC2_0018_ICR-1_p08
493.075460987,519.127495493,26.052034506,Other,random,C3H6O_1,26.052035000,RC2_0018_ICR-1_p08
345.055881322,371.107915828,26.052034506,Other,random,C3H6O_1,26.052035000,RC2_0018_ICR-1_p08
387.071974060,413.124008565,26.052034506,Other,random,C3H6O_1,26.052035000,RC2_0018_ICR-1_p08
335.053840565,361.105876071,26.052035506,Other,random,C3H6O_1,26.052035000,RC2_0018_ICR-1_p08
319.131747097,345.183782603,26.052035506,Other,random,C3H6O_1,26.052035000,RC2_0018_ICR-1_p08
411.121443826,437.173479332,26.052035506,Other,random,C3H6O_1,26.052035000,RC2_0018_ICR-1_p08
443.191998489,469.244033995,26.052035506,Other,random,C3H6O_1,26.052035000,RC2_0018_ICR-1_p08
307.082288853,333.134325358,26.052036506,Other,random,C3H6O_1,26.052035000,RC2_0018_ICR-1_p08
327.144865038,353.196901544,26.052036506,Other,random,C3H6O_1,26.052035000,RC2_0018_ICR-1_p08
410.072712723,436.124749229,26.052036506,Other,random,C3H6O_1,26.052035000,RC2_0018_ICR-1_p08
443.111341942,469.163378448,26.052036506,Other,random,C3H6O_1,26.052035000,RC2_0018_ICR-1_p08
533.160761582,559.212798088,26.052036506,Other,random,C3H6O_1,26.052035000,RC2_0018_ICR-1_p08
541.047081236,567.099117742,26.052036506,Other,random,C3H6O_1,26.052035000,RC2_0018_ICR-1_p08
579.135588059,605.187624565,26.052036506,Other,random,C3H6O_1,26.052035000,RC2_0018_ICR-1_p08
429.067400914,455.119437419,26.052036506,Other,random,C3H6O_1,26.052035000,RC2_0018_ICR-1_p08
511.145581377,537.197617882,26.052036506,Other,random,C3H6O_1,26.052035000,RC2_0018_ICR-1_p08
351.144828083,377.196865589,26.052037506,Other,random,C3H6O_1,26.052035000,RC2_0018_ICR-1_p08
435.178966547,461.231004053,26.052037506,Other,random,C3H6O_1,26.052035000,RC2_0018_ICR-1_p08
583.195278231,609.247315737,26.052037506,Other,random,C3H6O_1,26.052035000,RC2_0018_ICR-1_p08
637.250352272,663.302389778,26.052037506,Other,random,C3H6O_1,26.052035000,RC2_0018_ICR-1_p08
315.064025970,341.116063476,26.052037506,Other,random,C3H6O_1,26.052035000,RC2_0018_ICR-1_p08
245.066780574,271.118818080,26.052037506,Other,random,C3H6O_1,26.052035000,RC2_0018_ICR-1_p08
305.066657187,331.118694693,26.052037506,Other,random,C3H6O_1,26.052035000,RC2_0018_ICR-1_p08
491.096117117,517.148154623,26.052037506,Other,random,C3H6O_1,26.052035000,RC2_0018_ICR-1_p08
541.075488077,567.127525582,26.052037506,Other,random,C3H6O_1,26.052035000,RC2_0018_ICR-1_p08
561.156088161,587.208126666,26.052038506,Other,random,C3H6O_1,26.052035000,RC2_0018_ICR-1_p08
485.129858667,511.181897172,26.052038506,Other,random,C3H6O_1,26.052035000,RC2_0018_ICR-1_p08
548.162293226,574.214331732,26.052038506,Other,random,C3H6O_1,26.052035000,RC2_0018_ICR-1_p08
531.062760379,557.114798885,26.052038506,Other,random,C3H6O_1,26.052035000,RC2_0018_ICR-1_p08
308.077556256,334.129594762,26.052038506,Other,random,C3H6O_1,26.052035000,RC2_0018_ICR-1_p08
340.030947578,366.082986084,26.052038506,Other,random,C3H6O_1,26.052035000,RC2_0018_ICR-1_p08
431.025617902,457.077656408,26.052038506,Other,random,C3H6O_1,26.052035000,RC2_0018_ICR-1_p08
329.043292363,355.095331869,26.052039506,Other,random,C3H6O_1,26.052035000,RC2_0018_ICR-1_p08
361.186629616,387.238669122,26.052039506,Other,random,C3H6O_1,26.052035000,RC2_0018_ICR-1_p08
389.014903134,415.066942640,26.052039506,Other,random,C3H6O_1,26.052035000,RC2_0018_ICR-1_p08
501.197629315,527.249668821,26.052039506,Other,random,C3H6O_1,26.052035000,RC2_0018_ICR-1_p08
525.124941769,551.176981274,26.052039506,Other,random,C3H6O_1,26.052035000,RC2_0018_ICR-1_p08
619.130517162,645.182556668,26.052039506,Other,random,C3H6O_1,26.052035000,RC2_0018_ICR-1_p08
461.072426945,487.124467451,26.052040506,Other,random,C3H6O_1,26.052035000,RC2_0018_ICR-1_p08
337.092826099,363.144866605,26.052040506,Other,random,C3H6O_1,26.052035000,RC2_0018_ICR-1_p08
425.181604764,451.233645270,26.052040506,Other,random,C3H6O_1,26.052035000,RC2_0018_ICR-1_p08
439.116384407,465.168424912,26.052040506,Other,random,C3H6O_1,26.052035000,RC2_0018_ICR-1_p08
547.231631460,573.283671965,26.052040506,Other,random,C3H6O_1,26.052035000,RC2_0018_ICR-1_p08
337.105781026,363.157821532,26.052040506,Other,random,C3H6O_1,26.052035000,RC2_0018_ICR-1_p08
431.065244679,457.117285185,26.052040506,Other,random,C3H6O_1,26.052035000,RC2_0018_ICR-1_p08
563.153760927,589.205801433,26.052040506,Other,random,C3H6O_1,26.052035000,RC2_0018_ICR-1_p08
661.068676338,687.120716844,26.052040506,Other,random,C3H6O_1,26.052035000,RC2_0018_ICR-1_p08
415.087909522,441.139951028,26.052041506,Other,random,C3H6O_1,26.052035000,RC2_0018_ICR-1_p08
389.090939707,415.142981212,26.052041506,Other,random,C3H6O_1,26.052035000,RC2_0018_ICR-1_p08
487.101224581,513.153266087,26.052041506,Other,random,C3H6O_1,26.052035000,RC2_0018_ICR-1_p08
279.123820067,305.175862573,26.052042506,Other,random,C3H6O_1,26.052035000,RC2_0018_ICR-1_p08
340.103690169,366.155732675,26.052042506,Other,random,C3H6O_1,26.052035000,RC2_0018_ICR-1_p08
405.118884579,431.170927085,26.052042506,Other,random,C3H6O_1,26.052035000,RC2_0018_ICR-1_p08
441.059184482,467.111226988,26.052042506,Other,random,C3H6O_1,26.052035000,RC2_0018_ICR-1_p08
241.035486243,267.087528749,26.052042506,Other,random,C3H6O_1,26.052035000,RC2_0018_ICR-1_p08
581.187423522,607.239467027,26.052043506,Other,random,C3H6O_1,26.052035000,RC2_0018_ICR-1_p08
473.158290984,499.210334490,26.052043506,Other,random,C3H6O_1,26.052035000,RC2_0018_ICR-1_p08
565.192639462,591.244682968,26.052043506,Other,random,C3H6O_1,26.052035000,RC2_0018_ICR-1_p08
667.224948721,693.276992226,26.052043506,Other,random,C3H6O_1,26.052035000,RC2_0018_ICR-1_p08
343.030449711,369.082494217,26.052044506,Other,random,C3H6O_1,26.052035000,RC2_0018_ICR-1_p08
351.102773319,377.154817825,26.052044506,Other,random,C3H6O_1,26.052035000,RC2_0018_ICR-1_p08
448.088431956,474.140476461,26.052044506,Other,random,C3H6O_1,26.052035000,RC2_0018_ICR-1_p08
489.124791202,516.124447380,26.999656177,Other,random,C2HN_1O,26.999666000,RC2_0018_ICR-1_p08
548.198854021,575.198510198,26.999656177,Other,random,C2HN_1O,26.999666000,RC2_0018_ICR-1_p08
434.109160563,461.108817740,26.999657177,Other,random,C2HN_1O,26.999666000,RC2_0018_ICR-1_p08
304.067360806,331.067017983,26.999657177,Other,random,C2HN_1O,26.999666000,RC2_0018_ICR-1_p08
596.198811110,623.198468288,26.999657177,Other,random,C2HN_1O,26.999666000,RC2_0018_ICR-1_p08
340.030947578,367.030606755,26.999659177,Other,random,C2HN_1O,26.999666000,RC2_0018_ICR-1_p08
368.090535795,395.090194972,26.999659177,Other,random,C2HN_1O,26.999666000,RC2_0018_ICR-1_p08
360.121730605,387.121390782,26.999660177,Other,random,C2HN_1O,26.999666000,RC2_0018_ICR-1_p08
606.183062968,633.182723145,26.999660177,Other,random,C2HN_1O,26.999666000,RC2_0018_ICR-1_p08
460.052045683,487.051706860,26.999661177,Other,random,C2HN_1O,26.999666000,RC2_0018_ICR-1_p08
508.109697448,535.109358625,26.999661177,Other,random,C2HN_1O,26.999666000,RC2_0018_ICR-1_p08
680.256320443,707.255981621,26.999661177,Other,random,C2HN_1O,26.999666000,RC2_0018_ICR-1_p08
312.108791588,339.108453765,26.999662177,Other,random,C2HN_1O,26.999666000,RC2_0018_ICR-1_p08
272.041255893,299.040919070,26.999663177,Other,random,C2HN_1O,26.999666000,RC2_0018_ICR-1_p08
411.093030986,438.092695163,26.999664177,Other,random,C2HN_1O,26.999666000,RC2_0018_ICR-1_p08
408.070137984,435.069803161,26.999665177,Other,random,C2HN_1O,26.999666000,RC2_0018_ICR-1_p08
312.072382793,339.072047970,26.999665177,Other,random,C2HN_1O,26.999666000,RC2_0018_ICR-1_p08
324.072401315,351.072066492,26.999665177,Other,random,C2HN_1O,26.999666000,RC2_0018_ICR-1_p08
446.036372495,473.036038672,26.999666177,Other,random,C2HN_1O,26.999666000,RC2_0018_ICR-1_p08
440.046907174,467.046573351,26.999666177,Other,random,C2HN_1O,26.999666000,RC2_0018_ICR-1_p08
348.145192950,375.144860127,26.999667177,Other,random,C2HN_1O,26.999666000,RC2_0018_ICR-1_p08
274.035732678,301.035399855,26.999667177,Other,random,C2HN_1O,26.999666000,RC2_0018_ICR-1_p08
406.127325909,433.126993086,26.999667177,Other,random,C2HN_1O,26.999666000,RC2_0018_ICR-1_p08
318.046522199,345.046190376,26.999668177,Other,random,C2HN_1O,26.999666000,RC2_0018_ICR-1_p08
592.130848985,619.130517162,26.999668177,Other,random,C2HN_1O,26.999666000,RC2_0018_ICR-1_p08
394.114237460,421.113906637,26.999669177,Other,random,C2HN_1O,26.999666000,RC2_0018_ICR-1_p08
378.155653197,405.155323374,26.999670177,Other,random,C2HN_1O,26.999666000,RC2_0018_ICR-1_p08
474.067697871,501.067369048,26.999671177,Other,random,C2HN_1O,26.999666000,RC2_0018_ICR-1_p08
520.109607971,547.109279148,26.999671177,Other,random,C2HN_1O,26.999666000,RC2_0018_ICR-1_p08
524.104782505,551.104454682,26.999672177,Other,random,C2HN_1O,26.999666000,RC2_0018_ICR-1_p08
494.130381055,521.130053232,26.999672177,Other,random,C2HN_1O,26.999666000,RC2_0018_ICR-1_p08
580.239793850,607.239467027,26.999673177,Other,random,C2HN_1O,26.999666000,RC2_0018_ICR-1_p08
236.056493241,263.056167418,26.999674177,Other,random,C2HN_1O,26.999666000,RC2_0018_ICR-1_p08
409.041086524,436.051976638,27.010890114,Other,random,C1H1N1,27.010900000,RC2_0018_ICR-1_p08
477.103651799,504.114541913,27.010890114,Other,random,C1H1N1,27.010900000,RC2_0018_ICR-1_p08
427.066888163,454.077780277,27.010892114,Other,random,C1H1N1,27.010900000,RC2_0018_ICR-1_p08
253.035448766,280.046341880,27.010893114,Other,random,C1H1N1,27.010900000,RC2_0018_ICR-1_p08
283.082364808,310.093259922,27.010895114,Other,random,C1H1N1,27.010900000,RC2_0018_ICR-1_p08
251.092540691,278.103435805,27.010895114,Other,random,C1H1N1,27.010900000,RC2_0018_ICR-1_p08
313.092795055,340.103690169,27.010895114,Other,random,C1H1N1,27.010900000,RC2_0018_ICR-1_p08
449.072270423,476.083166537,27.010896114,Other,random,C1H1N1,27.010900000,RC2_0018_ICR-1_p08
407.098263449,434.109160563,27.010897114,Other,random,C1H1N1,27.010900000,RC2_0018_ICR-1_p08
251.056215895,278.067113009,27.010897114,Other,random,C1H1N1,27.010900000,RC2_0018_ICR-1_p08
505.062199584,532.073097698,27.010898114,Other,random,C1H1N1,27.010900000,RC2_0018_ICR-1_p08
424.076995975,451.087895089,27.010899114,Other,random,C1H1N1,27.010900000,RC2_0018_ICR-1_p08
345.074575217,372.085476331,27.010901114,Other,random,C1H1N1,27.010900000,RC2_0018_ICR-1_p08
275.056210940,302.067113054,27.010902114,Other,random,C1H1N1,27.010900000,RC2_0018_ICR-1_p08
517.098779901,544.109683015,27.010903114,Other,random,C1H1N1,27.010900000,RC2_0018_ICR-1_p08
257.066755097,284.077658211,27.010903114,Other,random,C1H1N1,27.010900000,RC2_0018_ICR-1_p08
292.082762197,319.093665311,27.010903114,Other,random,C1H1N1,27.010900000,RC2_0018_ICR-1_p08
361.092720145,388.103624258,27.010904114,Other,random,C1H1N1,27.010900000,RC2_0018_ICR-1_p08
327.035729652,354.046633766,27.010904114,Other,random,C1H1N1,27.010900000,RC2_0018_ICR-1_p08
579.099156264,606.110061378,27.010905114,Other,random,C1H1N1,27.010900000,RC2_0018_ICR-1_p08
531.114355089,558.125261203,27.010906114,Other,random,C1H1N1,27.010900000,RC2_0018_ICR-1_p08
573.182602534,600.193508648,27.010906114,Other,random,C1H1N1,27.010900000,RC2_0018_ICR-1_p08
371.162854519,398.173762633,27.010908114,Other,random,C1H1N1,27.010900000,RC2_0018_ICR-1_p08
325.020085986,352.030995100,27.010909114,Other,random,C1H1N1,27.010900000,RC2_0018_ICR-1_p08
371.090062928,398.137337838,27.047274909,Other,random,C2H5O_1N1,27.047284000,RC2_0018_ICR-1_p08
287.077283344,314.124560253,27.047276909,Other,random,C2H5O_1N1,27.047284000,RC2_0018_ICR-1_p08
339.108453765,366.155732675,27.047278909,Other,random,C2H5O_1N1,27.047284000,RC2_0018_ICR-1_p08
433.041208568,460.088487478,27.047278909,Other,random,C2H5O_1N1,27.047284000,RC2_0018_ICR-1_p08
467.168733664,494.216012574,27.047278909,Other,random,C2H5O_1N1,27.047284000,RC2_0018_ICR-1_p08
503.046527919,530.093806828,27.047278909,Other,random,C2H5O_1N1,27.047284000,RC2_0018_ICR-1_p08
421.113906637,448.161186547,27.047279909,Other,random,C2H5O_1N1,27.047284000,RC2_0018_ICR-1_p08
489.031035730,516.078316639,27.047280909,Other,random,C2H5O_1N1,27.047284000,RC2_0018_ICR-1_p08
325.056400782,352.103682691,27.047281909,Other,random,C2H5O_1N1,27.047284000,RC2_0018_ICR-1_p08
646.130653337,673.177937246,27.047283909,Other,random,C2H5O_1N1,27.047284000,RC2_0018_ICR-1_p08
493.062323061,520.109607971,27.047284909,Other,random,C2H5O_1N1,27.047284000,RC2_0018_ICR-1_p08
395.134552723,422.181837632,27.047284909,Other,random,C2H5O_1N1,27.047284000,RC2_0018_ICR-1_p08
265.035476288,292.082762197,27.047285909,Other,random,C2H5O_1N1,27.047284000,RC2_0018_ICR-1_p08
319.168133892,346.215419802,27.047285909,Other,random,C2H5O_1N1,27.047284000,RC2_0018_ICR-1_p08
505.025811789,532.073097698,27.047285909,Other,random,C2H5O_1N1,27.047284000,RC2_0018_ICR-1_p08
363.035617219,390.082904129,27.047286909,Other,random,C2H5O_1N1,27.047284000,RC2_0018_ICR-1_p08
263.056167418,290.103455327,27.047287909,Other,random,C2H5O_1N1,27.047284000,RC2_0018_ICR-1_p08
449.035877628,476.083166537,27.047288909,Other,random,C2H5O_1N1,27.047284000,RC2_0018_ICR-1_p08
373.056418871,400.103707780,27.047288909,Other,random,C2H5O_1N1,27.047284000,RC2_0018_ICR-1_p08
403.043515249,430.090805159,27.047289909,Other,random,C2H5O_1N1,27.047284000,RC2_0018_ICR-1_p08
417.046235510,444.093525420,27.047289909,Other,random,C2H5O_1N1,27.047284000,RC2_0018_ICR-1_p08
251.019823100,278.067113009,27.047289909,Other,random,C2H5O_1N1,27.047284000,RC2_0018_ICR-1_p08
389.087704725,416.134994634,27.047289909,Other,random,C2H5O_1N1,27.047284000,RC2_0018_ICR-1_p08
551.104454682,578.151748592,27.047293909,Other,random,C2H5O_1N1,27.047284000,RC2_0018_ICR-1_p08
435.196735447,463.155256233,27.958520785,Other,random,H_4O2,27.958530000,RC2_0018_ICR-1_p08
275.092516736,303.051037521,27.958520785,Other,random,H_4O2,27.958530000,RC2_0018_ICR-1_p08
296.077618733,324.036139519,27.958520785,Other,random,H_4O2,27.958530000,RC2_0018_ICR-1_p08
361.056382349,389.014903134,27.958520785,Other,random,H_4O2,27.958530000,RC2_0018_ICR-1_p08
399.202232849,427.160753635,27.958520785,Other,random,H_4O2,27.958530000,RC2_0018_ICR-1_p08
503.222946927,531.181467712,27.958520785,Other,random,H_4O2,27.958530000,RC2_0018_ICR-1_p08
555.135496015,583.094016801,27.958520785,Other,random,H_4O2,27.958530000,RC2_0018_ICR-1_p08
665.245294853,693.203815638,27.958520785,Other,random,H_4O2,27.958530000,RC2_0018_ICR-1_p08
336.158224355,364.116746140,27.958521785,Other,random,H_4O2,27.958530000,RC2_0018_ICR-1_p08
345.110884013,373.069405798,27.958521785,Other,random,H_4O2,27.958530000,RC2_0018_ICR-1_p08
469.126956653,497.085478438,27.958521785,Other,random,H_4O2,27.958530000,RC2_0018_ICR-1_p08
269.139533210,297.098054995,27.958521785,Other,random,H_4O2,27.958530000,RC2_0018_ICR-1_p08
327.072060447,355.030582233,27.958521785,Other,random,H_4O2,27.958530000,RC2_0018_ICR-1_p08
329.116004954,357.074526739,27.958521785,Other,random,H_4O2,27.958530000,RC2_0018_ICR-1_p08
439.088051566,467.046573351,27.958521785,Other,random,H_4O2,27.958530000,RC2_0018_ICR-1_p08
489.189632838,517.148154623,27.958521785,Other,random,H_4O2,27.958530000,RC2_0018_ICR-1_p08
541.229059213,569.187580998,27.958521785,Other,random,H_4O2,27.958530000,RC2_0018_ICR-1_p08
705.277185748,733.235707533,27.958521785,Other,random,H_4O2,27.958530000,RC2_0018_ICR-1_p08
247.118823036,275.077344821,27.958521785,Other,random,H_4O2,27.958530000,RC2_0018_ICR-1_p08
445.108201714,473.066724499,27.958522785,Other,random,H_4O2,27.958530000,RC2_0018_ICR-1_p08
631.239751070,659.198273856,27.958522785,Other,random,H_4O2,27.958530000,RC2_0018_ICR-1_p08
486.169551820,514.128074606,27.958522785,Other,random,H_4O2,27.958530000,RC2_0018_ICR-1_p08
275.150023412,303.108547198,27.958523785,Other,random,H_4O2,27.958530000,RC2_0018_ICR-1_p08
309.183767036,337.142290821,27.958523785,Other,random,H_4O2,27.958530000,RC2_0018_ICR-1_p08
311.149929980,339.108453765,27.958523785,Other,random,H_4O2,27.958530000,RC2_0018_ICR-1_p08
317.139331301,345.097855086,27.958523785,Other,random,H_4O2,27.958530000,RC2_0018_ICR-1_p08
337.056318305,365.014842090,27.958523785,Other,random,H_4O2,27.958530000,RC2_0018_ICR-1_p08
449.145128014,477.103651799,27.958523785,Other,random,H_4O2,27.958530000,RC2_0018_ICR-1_p08
287.077283344,315.035808129,27.958524785,Other,random,H_4O2,27.958530000,RC2_0018_ICR-1_p08
564.172324200,592.130848985,27.958524785,Other,random,H_4O2,27.958530000,RC2_0018_ICR-1_p08
593.151433246,621.109958032,27.958524785,Other,random,H_4O2,27.958530000,RC2_0018_ICR-1_p08
454.143312908,482.101837694,27.958524785,Other,random,H_4O2,27.958530000,RC2_0018_ICR-1_p08
530.188080298,558.146605083,27.958524785,Other,random,H_4O2,27.958530000,RC2_0018_ICR-1_p08
249.149700616,277.108226401,27.958525785,Other,random,H_4O2,27.958530000,RC2_0018_ICR-1_p08
355.176065415,383.134591200,27.958525785,Other,random,H_4O2,27.958530000,RC2_0018_ICR-1_p08
402.132279373,430.090805159,27.958525785,Other,random,H_4O2,27.958530000,RC2_0018_ICR-1_p08
446.145545881,474.104071666,27.958525785,Other,random,H_4O2,27.958530000,RC2_0018_ICR-1_p08
447.160370174,475.118895960,27.958525785,Other,random,H_4O2,27.958530000,RC2_0018_ICR-1_p08
367.139622142,395.098147927,27.958525785,Other,random,H_4O2,27.958530000,RC2_0018_ICR-1_p08
273.134387746,301.092914532,27.958526785,Other,random,H_4O2,27.958530000,RC2_0018_ICR-1_p08
332.077574301,360.036101086,27.958526785,Other,random,H_4O2,27.958530000,RC2_0018_ICR-1_p08
377.209814516,405.168341301,27.958526785,Other,random,H_4O2,27.958530000,RC2_0018_ICR-1_p08
379.175962460,407.134489245,27.958526785,Other,random,H_4O2,27.958530000,RC2_0018_ICR-1_p08
555.244696401,583.203223186,27.958526785,Other,random,H_4O2,27.958530000,RC2_0018_ICR-1_p08
637.214018476,665.172545262,27.958526785,Other,random,H_4O2,27.958530000,RC2_0018_ICR-1_p08
241.144638629,269.103165415,27.958526785,Other,random,H_4O2,27.958530000,RC2_0018_ICR-1_p08
491.132533913,519.091061698,27.958527785,Other,random,H_4O2,27.958530000,RC2_0018_ICR-1_p08
239.056189373,267.014717158,27.958527785,Other,random,H_4O2,27.958530000,RC2_0018_ICR-1_p08
349.087113654,377.045641439,27.958527785,Other,random,H_4O2,27.958530000,RC2_0018_ICR-1_p08
355.168088460,383.126616245,27.958527785,Other,random,H_4O2,27.958530000,RC2_0018_ICR-1_p08
403.139730708,431.098258494,27.958527785,Other,random,H_4O2,27.958530000,RC2_0018_ICR-1_p08
433.236137472,461.194665257,27.958527785,Other,random,H_4O2,27.958530000,RC2_0018_ICR-1_p08
423.157985143,451.116512928,27.958527785,Other,random,H_4O2,27.958530000,RC2_0018_ICR-1_p08
409.150265910,437.108794696,27.958528785,Other,random,H_4O2,27.958530000,RC2_0018_ICR-1_p08
501.306705702,529.265234487,27.958528785,Other,random,H_4O2,27.958530000,RC2_0018_ICR-1_p08
315.108484720,343.067013506,27.958528785,Other,random,H_4O2,27.958530000,RC2_0018_ICR-1_p08
357.128658435,385.087187220,27.958528785,Other,random,H_4O2,27.958530000,RC2_0018_ICR-1_p08
391.152622114,419.111150899,27.958528785,Other,random,H_4O2,27.958530000,RC2_0018_ICR-1_p08
407.207405835,435.165934621,27.958528785,Other,random,H_4O2,27.958530000,RC2_0018_ICR-1_p08
433.113898159,461.072426945,27.958528785,Other,random,H_4O2,27.958530000,RC2_0018_ICR-1_p08
489.176519912,517.135048697,27.958528785,Other,random,H_4O2,27.958530000,RC2_0018_ICR-1_p08
519.187212157,547.145740943,27.958528785,Other,random,H_4O2,27.958530000,RC2_0018_ICR-1_p08
245.139529165,273.098058951,27.958529785,Other,random,H_4O2,27.958530000,RC2_0018_ICR-1_p08
487.155111278,515.113641064,27.958529785,Other,random,H_4O2,27.958530000,RC2_0018_ICR-1_p08
499.197161564,527.155691349,27.958529785,Other,random,H_4O2,27.958530000,RC2_0018_ICR-1_p08
547.182221738,575.140751523,27.958529785,Other,random,H_4O2,27.958530000,RC2_0018_ICR-1_p08
677.209119578,705.167649364,27.958529785,Other,random,H_4O2,27.958530000,RC2_0018_ICR-1_p08
373.142179389,401.100709174,27.958529785,Other,random,H_4O2,27.958530000,RC2_0018_ICR-1_p08
429.140164504,457.098694290,27.958529785,Other,random,H_4O2,27.958530000,RC2_0018_ICR-1_p08
445.090490813,473.049020599,27.958529785,Other,random,H_4O2,27.958530000,RC2_0018_ICR-1_p08
447.129542348,475.088072133,27.958529785,Other,random,H_4O2,27.958530000,RC2_0018_ICR-1_p08
447.196560971,475.155090756,27.958529785,Other,random,H_4O2,27.958530000,RC2_0018_ICR-1_p08
495.092925643,523.051456428,27.958530785,Other,random,H_4O2,27.958530000,RC2_0018_ICR-1_p08
263.092574213,291.051104998,27.958530785,Other,random,H_4O2,27.958530000,RC2_0018_ICR-1_p08
416.134994634,444.093525420,27.958530785,Other,random,H_4O2,27.958530000,RC2_0018_ICR-1_p08
435.123886857,463.082417642,27.958530785,Other,random,H_4O2,27.958530000,RC2_0018_ICR-1_p08
381.191735125,409.150265910,27.958530785,Other,random,H_4O2,27.958530000,RC2_0018_ICR-1_p08
389.087704725,417.046235510,27.958530785,Other,random,H_4O2,27.958530000,RC2_0018_ICR-1_p08
569.130088322,597.088619107,27.958530785,Other,random,H_4O2,27.958530000,RC2_0018_ICR-1_p08
522.125257636,550.083789422,27.958531785,Other,random,H_4O2,27.958530000,RC2_0018_ICR-1_p08
331.155060488,359.113592273,27.958531785,Other,random,H_4O2,27.958530000,RC2_0018_ICR-1_p08
389.160451316,417.118983101,27.958531785,Other,random,H_4O2,27.958530000,RC2_0018_ICR-1_p08
391.189141908,419.147673694,27.958531785,Other,random,H_4O2,27.958530000,RC2_0018_ICR-1_p08
449.267411326,477.225943111,27.958531785,Other,random,H_4O2,27.958530000,RC2_0018_ICR-1_p08
519.150747362,547.109279148,27.958531785,Other,random,H_4O2,27.958530000,RC2_0018_ICR-1_p08
731.292670459,759.251202244,27.958531785,Other,random,H_4O2,27.958530000,RC2_0018_ICR-1_p08
381.155172331,409.113705116,27.958532785,Other,random,H_4O2,27.958530000,RC2_0018_ICR-1_p08
565.257514098,593.216046883,27.958532785,Other,random,H_4O2,27.958530000,RC2_0018_ICR-1_p08
609.182713100,637.141245885,27.958532785,Other,random,H_4O2,27.958530000,RC2_0018_ICR-1_p08
461.108817740,489.067350525,27.958532785,Other,random,H_4O2,27.958530000,RC2_0018_ICR-1_p08
329.152287750,357.110821535,27.958533785,Other,random,H_4O2,27.958530000,RC2_0018_ICR-1_p08
361.186629616,389.145163402,27.958533785,Other,random,H_4O2,27.958530000,RC2_0018_ICR-1_p08
543.200256129,571.158789914,27.958533785,Other,random,H_4O2,27.958530000,RC2_0018_ICR-1_p08
609.255484691,637.214018476,27.958533785,Other,random,H_4O2,27.958530000,RC2_0018_ICR-1_p08
305.124117864,333.082651649,27.958533785,Other,random,H_4O2,27.958530000,RC2_0018_ICR-1_p08
533.215976272,561.174511057,27.958534785,Other,random,H_4O2,27.958530000,RC2_0018_ICR-1_p08
323.124849643,351.083384428,27.958534785,Other,random,H_4O2,27.958530000,RC2_0018_ICR-1_p08
505.257441486,533.215976272,27.958534785,Other,random,H_4O2,27.958530000,RC2_0018_ICR-1_p08
785.303836747,813.262371532,27.958534785,Other,random,H_4O2,27.958530000,RC2_0018_ICR-1_p08
485.238965053,513.197499838,27.958534785,Other,random,H_4O2,27.958530000,RC2_0018_ICR-1_p08
353.152423794,381.110959579,27.958535785,Other,random,H_4O2,27.958530000,RC2_0018_ICR-1_p08
555.187015725,583.145551511,27.958535785,Other,random,H_4O2,27.958530000,RC2_0018_ICR-1_p08
673.177937246,701.136473031,27.958535785,Other,random,H_4O2,27.958530000,RC2_0018_ICR-1_p08
326.088097980,354.046633766,27.958535785,Other,random,H_4O2,27.958530000,RC2_0018_ICR-1_p08
367.189145864,395.147681649,27.958535785,Other,random,H_4O2,27.958530000,RC2_0018_ICR-1_p08
529.192700895,557.151237680,27.958536785,Other,random,H_4O2,27.958530000,RC2_0018_ICR-1_p08
411.129514781,439.088051566,27.958536785,Other,random,H_4O2,27.958530000,RC2_0018_ICR-1_p08
432.129950692,460.088487478,27.958536785,Other,random,H_4O2,27.958530000,RC2_0018_ICR-1_p08
457.077656408,485.036193193,27.958536785,Other,random,H_4O2,27.958530000,RC2_0018_ICR-1_p08
239.128991963,267.087528749,27.958536785,Other,random,H_4O2,27.958530000,RC2_0018_ICR-1_p08
523.109357103,551.067893888,27.958536785,Other,random,H_4O2,27.958530000,RC2_0018_ICR-1_p08
555.236741446,583.195278231,27.958536785,Other,random,H_4O2,27.958530000,RC2_0018_ICR-1_p08
263.128969008,291.087506794,27.958537785,Other,random,H_4O2,27.958530000,RC2_0018_ICR-1_p08
411.202157372,439.160695158,27.958537785,Other,random,H_4O2,27.958530000,RC2_0018_ICR-1_p08
537.234101677,565.192639462,27.958537785,Other,random,H_4O2,27.958530000,RC2_0018_ICR-1_p08
567.099117742,595.057655527,27.958537785,Other,random,H_4O2,27.958530000,RC2_0018_ICR-1_p08
441.139951028,469.098488813,27.958537785,Other,random,H_4O2,27.958530000,RC2_0018_ICR-1_p08
543.114389612,571.072927397,27.958537785,Other,random,H_4O2,27.958530000,RC2_0018_ICR-1_p08
325.165577168,353.124115953,27.958538785,Other,random,H_4O2,27.958530000,RC2_0018_ICR-1_p08
469.113834727,497.072373512,27.958538785,Other,random,H_4O2,27.958530000,RC2_0018_ICR-1_p08
581.114975929,609.073514714,27.958538785,Other,random,H_4O2,27.958530000,RC2_0018_ICR-1_p08
589.120143915,617.078682700,27.958538785,Other,random,H_4O2,27.958530000,RC2_0018_ICR-1_p08
697.308480557,725.267019342,27.958538785,Other,random,H_4O2,27.958530000,RC2_0018_ICR-1_p08
323.113527707,351.072066492,27.958538785,Other,random,H_4O2,27.958530000,RC2_0018_ICR-1_p08
343.085475402,371.044014187,27.958538785,Other,random,H_4O2,27.958530000,RC2_0018_ICR-1_p08
379.152723591,407.111262376,27.958538785,Other,random,H_4O2,27.958530000,RC2_0018_ICR-1_p08
409.163329837,437.121868622,27.958538785,Other,random,H_4O2,27.958530000,RC2_0018_ICR-1_p08
547.218552533,575.177091318,27.958538785,Other,random,H_4O2,27.958530000,RC2_0018_ICR-1_p08
307.093570789,335.052110575,27.958539785,Other,random,H_4O2,27.958530000,RC2_0018_ICR-1_p08
401.173548765,429.132088550,27.958539785,Other,random,H_4O2,27.958530000,RC2_0018_ICR-1_p08
507.127485971,535.086025756,27.958539785,Other,random,H_4O2,27.958530000,RC2_0018_ICR-1_p08
331.118694693,359.101343342,27.982648650,Other,random,C_4H1N2O1P1,27.982651000,RC2_0018_ICR-1_p08
323.040768116,351.035673697,27.994905581,Other,random,Formic Acid (-H2O),27.994914640,RC2_0018_ICR-1_p08
262.035823155,290.030728736,27.994905581,Other,random,Formic Acid (-H2O),27.994914640,RC2_0018_ICR-1_p08
323.126517634,351.121423215,27.994905581,Other,random,Formic Acid (-H2O),27.994914640,RC2_0018_ICR-1_p08
331.103332779,359.098238360,27.994905581,Other,random,Formic Acid (-H2O),27.994914640,RC2_0018_ICR-1_p08
437.231095008,465.226000589,27.994905581,Other,random,Formic Acid (-H2O),27.994914640,RC2_0018_ICR-1_p08
471.077836683,499.072742264,27.994905581,Other,random,Formic Acid (-H2O),27.994914640,RC2_0018_ICR-1_p08
485.166390461,513.161296042,27.994905581,Other,random,Formic Acid (-H2O),27.994914640,RC2_0018_ICR-1_p08
505.135115174,533.130020755,27.994905581,Other,random,Formic Acid (-H2O),27.994914640,RC2_0018_ICR-1_p08
565.221141302,593.216046883,27.994905581,Other,random,Formic Acid (-H2O),27.994914640,RC2_0018_ICR-1_p08
579.208368650,607.203274231,27.994905581,Other,random,Formic Acid (-H2O),27.994914640,RC2_0018_ICR-1_p08
607.231953070,635.226858650,27.994905581,Other,random,Formic Acid (-H2O),27.994914640,RC2_0018_ICR-1_p08
387.108287855,415.103194436,27.994906581,Other,random,Formic Acid (-H2O),27.994914640,RC2_0018_ICR-1_p08
425.145109969,453.140016550,27.994906581,Other,random,Formic Acid (-H2O),27.994914640,RC2_0018_ICR-1_p08
489.176519912,517.171426492,27.994906581,Other,random,Formic Acid (-H2O),27.994914640,RC2_0018_ICR-1_p08
253.108223356,281.103129937,27.994906581,Other,random,Formic Acid (-H2O),27.994914640,RC2_0018_ICR-1_p08
309.097919519,337.092826099,27.994906581,Other,random,Formic Acid (-H2O),27.994914640,RC2_0018_ICR-1_p08
589.192786506,617.187693087,27.994906581,Other,random,Formic Acid (-H2O),27.994914640,RC2_0018_ICR-1_p08
405.082492784,433.077400365,27.994907581,Other,random,Formic Acid (-H2O),27.994914640,RC2_0018_ICR-1_p08
407.220303763,435.215211344,27.994907581,Other,random,Formic Acid (-H2O),27.994914640,RC2_0018_ICR-1_p08
437.108794696,465.103702276,27.994907581,Other,random,Formic Acid (-H2O),27.994914640,RC2_0018_ICR-1_p08
473.202721734,501.197629315,27.994907581,Other,random,Formic Acid (-H2O),27.994914640,RC2_0018_ICR-1_p08
541.221045258,569.215952839,27.994907581,Other,random,Formic Acid (-H2O),27.994914640,RC2_0018_ICR-1_p08
615.208632216,643.203539796,27.994907581,Other,random,Formic Acid (-H2O),27.994914640,RC2_0018_ICR-1_p08
439.137297289,467.132204870,27.994907581,Other,random,Formic Acid (-H2O),27.994914640,RC2_0018_ICR-1_p08
315.136751561,343.131660142,27.994908581,Other,random,Formic Acid (-H2O),27.994914640,RC2_0018_ICR-1_p08
541.156262622,569.151171203,27.994908581,Other,random,Formic Acid (-H2O),27.994914640,RC2_0018_ICR-1_p08
249.149700616,277.144609196,27.994908581,Other,random,Formic Acid (-H2O),27.994914640,RC2_0018_ICR-1_p08
285.040472797,313.035381378,27.994908581,Other,random,Formic Acid (-H2O),27.994914640,RC2_0018_ICR-1_p08
387.056790145,415.051698726,27.994908581,Other,random,Formic Acid (-H2O),27.994914640,RC2_0018_ICR-1_p08
399.139250204,427.134158784,27.994908581,Other,random,Formic Acid (-H2O),27.994914640,RC2_0018_ICR-1_p08
403.189022431,431.183931012,27.994908581,Other,random,Formic Acid (-H2O),27.994914640,RC2_0018_ICR-1_p08
503.104148595,531.099057175,27.994908581,Other,random,Formic Acid (-H2O),27.994914640,RC2_0018_ICR-1_p08
619.325864064,647.320772645,27.994908581,Other,random,Formic Acid (-H2O),27.994914640,RC2_0018_ICR-1_p08
453.204752186,481.199660767,27.994908581,Other,random,Formic Acid (-H2O),27.994914640,RC2_0018_ICR-1_p08
373.105800593,401.100709174,27.994908581,Other,random,Formic Acid (-H2O),27.994914640,RC2_0018_ICR-1_p08
333.061472768,361.056382349,27.994909581,Other,random,Formic Acid (-H2O),27.994914640,RC2_0018_ICR-1_p08
347.107917783,375.102827364,27.994909581,Other,random,Formic Acid (-H2O),27.994914640,RC2_0018_ICR-1_p08
405.095520711,433.090430291,27.994909581,Other,random,Formic Acid (-H2O),27.994914640,RC2_0018_ICR-1_p08
375.035555742,403.030465323,27.994909581,Other,random,Formic Acid (-H2O),27.994914640,RC2_0018_ICR-1_p08
677.245580373,705.240489954,27.994909581,Other,random,Formic Acid (-H2O),27.994914640,RC2_0018_ICR-1_p08
765.189893850,793.184803431,27.994909581,Other,random,Formic Acid (-H2O),27.994914640,RC2_0018_ICR-1_p08
241.108254834,269.103165415,27.994910581,Other,random,Formic Acid (-H2O),27.994914640,RC2_0018_ICR-1_p08
285.080312573,313.075223154,27.994910581,Other,random,Formic Acid (-H2O),27.994914640,RC2_0018_ICR-1_p08
323.090217838,351.085128419,27.994910581,Other,random,Formic Acid (-H2O),27.994914640,RC2_0018_ICR-1_p08
371.134626678,399.129537258,27.994910581,Other,random,Formic Acid (-H2O),27.994914640,RC2_0018_ICR-1_p08
375.121390259,403.116300840,27.994910581,Other,random,Formic Acid (-H2O),27.994914640,RC2_0018_ICR-1_p08
416.111508766,444.106419347,27.994910581,Other,random,Formic Acid (-H2O),27.994914640,RC2_0018_ICR-1_p08
417.149773928,445.144684509,27.994910581,Other,random,Formic Acid (-H2O),27.994914640,RC2_0018_ICR-1_p08
421.113906637,449.108817218,27.994910581,Other,random,Formic Acid (-H2O),27.994914640,RC2_0018_ICR-1_p08
305.103027982,333.097938563,27.994910581,Other,random,Formic Acid (-H2O),27.994914640,RC2_0018_ICR-1_p08
315.100332766,343.095244347,27.994911581,Other,random,Formic Acid (-H2O),27.994914640,RC2_0018_ICR-1_p08
347.053710088,375.048621669,27.994911581,Other,random,Formic Acid (-H2O),27.994914640,RC2_0018_ICR-1_p08
439.210349878,467.205261459,27.994911581,Other,random,Formic Acid (-H2O),27.994914640,RC2_0018_ICR-1_p08
643.130675206,671.125586787,27.994911581,Other,random,Formic Acid (-H2O),27.994914640,RC2_0018_ICR-1_p08
645.146390871,673.141302452,27.994911581,Other,random,Formic Acid (-H2O),27.994914640,RC2_0018_ICR-1_p08
777.225790171,805.220701751,27.994911581,Other,random,Formic Acid (-H2O),27.994914640,RC2_0018_ICR-1_p08
325.121149418,353.116060998,27.994911581,Other,random,Formic Acid (-H2O),27.994914640,RC2_0018_ICR-1_p08
397.041098002,425.036009583,27.994911581,Other,random,Formic Acid (-H2O),27.994914640,RC2_0018_ICR-1_p08
445.041127091,473.036038672,27.994911581,Other,random,Formic Acid (-H2O),27.994914640,RC2_0018_ICR-1_p08
474.104071666,502.098983247,27.994911581,Other,random,Formic Acid (-H2O),27.994914640,RC2_0018_ICR-1_p08
475.088072133,503.082984714,27.994912581,Other,random,Formic Acid (-H2O),27.994914640,RC2_0018_ICR-1_p08
365.100605608,393.095518188,27.994912581,Other,random,Formic Acid (-H2O),27.994914640,RC2_0018_ICR-1_p08
455.228522806,483.223435387,27.994912581,Other,random,Formic Acid (-H2O),27.994914640,RC2_0018_ICR-1_p08
359.134577155,387.129489736,27.994912581,Other,random,Formic Acid (-H2O),27.994914640,RC2_0018_ICR-1_p08
395.129003754,423.123916335,27.994912581,Other,random,Formic Acid (-H2O),27.994914640,RC2_0018_ICR-1_p08
425.181604764,453.176517345,27.994912581,Other,random,Formic Acid (-H2O),27.994914640,RC2_0018_ICR-1_p08
441.118922146,469.113834727,27.994912581,Other,random,Formic Acid (-H2O),27.994914640,RC2_0018_ICR-1_p08
541.062486150,569.057398730,27.994912581,Other,random,Formic Acid (-H2O),27.994914640,RC2_0018_ICR-1_p08
245.103145370,273.098058951,27.994913581,Other,random,Formic Acid (-H2O),27.994914640,RC2_0018_ICR-1_p08
359.080383460,387.075297041,27.994913581,Other,random,Formic Acid (-H2O),27.994914640,RC2_0018_ICR-1_p08
377.090819185,405.085732766,27.994913581,Other,random,Formic Acid (-H2O),27.994914640,RC2_0018_ICR-1_p08
378.046484811,406.041398392,27.994913581,Other,random,Formic Acid (-H2O),27.994914640,RC2_0018_ICR-1_p08
425.137064014,453.131977595,27.994913581,Other,random,Formic Acid (-H2O),27.994914640,RC2_0018_ICR-1_p08
439.197276952,467.192190533,27.994913581,Other,random,Formic Acid (-H2O),27.994914640,RC2_0018_ICR-1_p08
582.146830127,610.141743707,27.994913581,Other,random,Formic Acid (-H2O),27.994914640,RC2_0018_ICR-1_p08
615.282084803,643.276998383,27.994913581,Other,random,Formic Acid (-H2O),27.994914640,RC2_0018_ICR-1_p08
413.124008565,441.118922146,27.994913581,Other,random,Formic Acid (-H2O),27.994914640,RC2_0018_ICR-1_p08
325.129201372,353.124115953,27.994914581,Other,random,Formic Acid (-H2O),27.994914640,RC2_0018_ICR-1_p08
361.096025126,389.090939707,27.994914581,Other,random,Formic Acid (-H2O),27.994914640,RC2_0018_ICR-1_p08
377.087578203,405.082492784,27.994914581,Other,random,Formic Acid (-H2O),27.994914640,RC2_0018_ICR-1_p08
493.257197965,521.252112546,27.994914581,Other,random,Formic Acid (-H2O),27.994914640,RC2_0018_ICR-1_p08
321.134254837,349.129169417,27.994914581,Other,random,Formic Acid (-H2O),27.994914640,RC2_0018_ICR-1_p08
407.134489245,435.129403826,27.994914581,Other,random,Formic Acid (-H2O),27.994914640,RC2_0018_ICR-1_p08
429.119014623,457.113929204,27.994914581,Other,random,Formic Acid (-H2O),27.994914640,RC2_0018_ICR-1_p08
440.091298925,468.086213505,27.994914581,Other,random,Formic Acid (-H2O),27.994914640,RC2_0018_ICR-1_p08
451.051605293,479.046519874,27.994914581,Other,random,Formic Acid (-H2O),27.994914640,RC2_0018_ICR-1_p08
389.100655652,417.095571233,27.994915581,Other,random,Formic Acid (-H2O),27.994914640,RC2_0018_ICR-1_p08
427.066888163,455.061803743,27.994915581,Other,random,Formic Acid (-H2O),27.994914640,RC2_0018_ICR-1_p08
699.229866753,727.224782333,27.994915581,Other,random,Formic Acid (-H2O),27.994914640,RC2_0018_ICR-1_p08
317.087776590,345.082692171,27.994915581,Other,random,Formic Acid (-H2O),27.994914640,RC2_0018_ICR-1_p08
331.058906029,359.053821610,27.994915581,Other,random,Formic Acid (-H2O),27.994914640,RC2_0018_ICR-1_p08
331.176165369,359.171080950,27.994915581,Other,random,Formic Acid (-H2O),27.994914640,RC2_0018_ICR-1_p08
341.116063476,369.110979057,27.994915581,Other,random,Formic Acid (-H2O),27.994914640,RC2_0018_ICR-1_p08
375.194106850,403.189022431,27.994915581,Other,random,Formic Acid (-H2O),27.994914640,RC2_0018_ICR-1_p08
421.040962047,449.035877628,27.994915581,Other,random,Formic Acid (-H2O),27.994914640,RC2_0018_ICR-1_p08
479.147798304,507.142713885,27.994915581,Other,random,Formic Acid (-H2O),27.994914640,RC2_0018_ICR-1_p08
503.096080640,531.090996221,27.994915581,Other,random,Formic Acid (-H2O),27.994914640,RC2_0018_ICR-1_p08
557.239490184,585.234405765,27.994915581,Other,random,Formic Acid (-H2O),27.994914640,RC2_0018_ICR-1_p08
345.110884013,373.105800593,27.994916581,Other,random,Formic Acid (-H2O),27.994914640,RC2_0018_ICR-1_p08
347.149943547,375.144860127,27.994916581,Other,random,Formic Acid (-H2O),27.994914640,RC2_0018_ICR-1_p08
363.035617219,391.030533800,27.994916581,Other,random,Formic Acid (-H2O),27.994914640,RC2_0018_ICR-1_p08
405.168341301,433.163257882,27.994916581,Other,random,Formic Acid (-H2O),27.994914640,RC2_0018_ICR-1_p08
428.127695198,456.122611778,27.994916581,Other,random,Formic Acid (-H2O),27.994914640,RC2_0018_ICR-1_p08
471.114236478,499.109153059,27.994916581,Other,random,Formic Acid (-H2O),27.994914640,RC2_0018_ICR-1_p08
473.072452467,501.067369048,27.994916581,Other,random,Formic Acid (-H2O),27.994914640,RC2_0018_ICR-1_p08
543.135651492,571.130568073,27.994916581,Other,random,Formic Acid (-H2O),27.994914640,RC2_0018_ICR-1_p08
387.092992941,415.087909522,27.994916581,Other,random,Formic Acid (-H2O),27.994914640,RC2_0018_ICR-1_p08
325.056400782,353.051318362,27.994917581,Other,random,Formic Acid (-H2O),27.994914640,RC2_0018_ICR-1_p08
239.056189373,267.051106954,27.994917581,Other,random,Formic Acid (-H2O),27.994914640,RC2_0018_ICR-1_p08
330.098259431,358.093177011,27.994917581,Other,random,Formic Acid (-H2O),27.994914640,RC2_0018_ICR-1_p08
363.108321811,391.103239391,27.994917581,Other,random,Formic Acid (-H2O),27.994914640,RC2_0018_ICR-1_p08
655.261065995,683.255983576,27.994917581,Other,random,Formic Acid (-H2O),27.994914640,RC2_0018_ICR-1_p08
511.145581377,539.140498957,27.994917581,Other,random,Formic Acid (-H2O),27.994914640,RC2_0018_ICR-1_p08
245.066780574,273.061698155,27.994917581,Other,random,Formic Acid (-H2O),27.994914640,RC2_0018_ICR-1_p08
335.126517156,363.121434737,27.994917581,Other,random,Formic Acid (-H2O),27.994914640,RC2_0018_ICR-1_p08
573.218779330,601.213696911,27.994917581,Other,random,Formic Acid (-H2O),27.994914640,RC2_0018_ICR-1_p08
271.046000490,299.040919070,27.994918581,Other,random,Formic Acid (-H2O),27.994914640,RC2_0018_ICR-1_p08
309.147372240,337.142290821,27.994918581,Other,random,Formic Acid (-H2O),27.994914640,RC2_0018_ICR-1_p08
330.111208358,358.106126939,27.994918581,Other,random,Formic Acid (-H2O),27.994914640,RC2_0018_ICR-1_p08
353.154772781,381.149691361,27.994918581,Other,random,Formic Acid (-H2O),27.994914640,RC2_0018_ICR-1_p08
391.079897522,419.074816103,27.994918581,Other,random,Formic Acid (-H2O),27.994914640,RC2_0018_ICR-1_p08
405.191569171,433.186487751,27.994918581,Other,random,Formic Acid (-H2O),27.994914640,RC2_0018_ICR-1_p08
425.108645174,453.103563755,27.994918581,Other,random,Formic Acid (-H2O),27.994914640,RC2_0018_ICR-1_p08
465.095808321,493.090726901,27.994918581,Other,random,Formic Acid (-H2O),27.994914640,RC2_0018_ICR-1_p08
481.171365926,509.166284506,27.994918581,Other,random,Formic Acid (-H2O),27.994914640,RC2_0018_ICR-1_p08
517.098779901,545.093698482,27.994918581,Other,random,Formic Acid (-H2O),27.994914640,RC2_0018_ICR-1_p08
263.128969008,291.123888589,27.994919581,Other,random,Formic Acid (-H2O),27.994914640,RC2_0018_ICR-1_p08
327.144865038,355.139784619,27.994919581,Other,random,Formic Acid (-H2O),27.994914640,RC2_0018_ICR-1_p08
401.072481333,429.067400914,27.994919581,Other,random,Formic Acid (-H2O),27.994914640,RC2_0018_ICR-1_p08
433.113898159,461.108817740,27.994919581,Other,random,Formic Acid (-H2O),27.994914640,RC2_0018_ICR-1_p08
417.095571233,445.090490813,27.994919581,Other,random,Formic Acid (-H2O),27.994914640,RC2_0018_ICR-1_p08
445.163371404,473.158290984,27.994919581,Other,random,Formic Acid (-H2O),27.994914640,RC2_0018_ICR-1_p08
693.276992226,721.271911807,27.994919581,Other,random,Formic Acid (-H2O),27.994914640,RC2_0018_ICR-1_p08
312.072382793,340.067302373,27.994919581,Other,random,Formic Acid (-H2O),27.994914640,RC2_0018_ICR-1_p08
496.073322130,524.068242711,27.994920581,Other,random,Formic Acid (-H2O),27.994914640,RC2_0018_ICR-1_p08
337.121062940,365.115983521,27.994920581,Other,random,Formic Acid (-H2O),27.994914640,RC2_0018_ICR-1_p08
409.199577633,437.194498214,27.994920581,Other,random,Formic Acid (-H2O),27.994914640,RC2_0018_ICR-1_p08
415.233712702,443.228633283,27.994920581,Other,random,Formic Acid (-H2O),27.994914640,RC2_0018_ICR-1_p08
465.080540407,493.075460987,27.994920581,Other,random,Formic Acid (-H2O),27.994914640,RC2_0018_ICR-1_p08
611.234688562,639.229610142,27.994921581,Other,random,Formic Acid (-H2O),27.994914640,RC2_0018_ICR-1_p08
441.249112414,469.244033995,27.994921581,Other,random,Formic Acid (-H2O),27.994914640,RC2_0018_ICR-1_p08
491.150113814,519.145035394,27.994921581,Other,random,Formic Acid (-H2O),27.994914640,RC2_0018_ICR-1_p08
357.092265640,385.087187220,27.994921581,Other,random,Formic Acid (-H2O),27.994914640,RC2_0018_ICR-1_p08
733.271900329,761.266821910,27.994921581,Other,random,Formic Acid (-H2O),27.994914640,RC2_0018_ICR-1_p08
241.035486243,269.030407824,27.994921581,Other,random,Formic Acid (-H2O),27.994914640,RC2_0018_ICR-1_p08
261.076909547,289.071831128,27.994921581,Other,random,Formic Acid (-H2O),27.994914640,RC2_0018_ICR-1_p08
431.207451880,459.202373460,27.994921581,Other,random,Formic Acid (-H2O),27.994914640,RC2_0018_ICR-1_p08
527.132596479,555.127519060,27.994922581,Other,random,Formic Acid (-H2O),27.994914640,RC2_0018_ICR-1_p08
447.202157939,475.197080520,27.994922581,Other,random,Formic Acid (-H2O),27.994914640,RC2_0018_ICR-1_p08
467.046573351,495.041495932,27.994922581,Other,random,Formic Acid (-H2O),27.994914640,RC2_0018_ICR-1_p08
379.030413278,407.025335859,27.994922581,Other,random,Formic Acid (-H2O),27.994914640,RC2_0018_ICR-1_p08
339.108453765,367.103377346,27.994923581,Other,random,Formic Acid (-H2O),27.994914640,RC2_0018_ICR-1_p08
371.126548723,399.121472304,27.994923581,Other,random,Formic Acid (-H2O),27.994914640,RC2_0018_ICR-1_p08
461.072426945,489.067350525,27.994923581,Other,random,Formic Acid (-H2O),27.994914640,RC2_0018_ICR-1_p08
507.041562454,535.036486035,27.994923581,Other,random,Formic Acid (-H2O),27.994914640,RC2_0018_ICR-1_p08
251.092540691,279.087464271,27.994923581,Other,random,Formic Acid (-H2O),27.994914640,RC2_0018_ICR-1_p08
357.155348285,385.150271866,27.994923581,Other,random,Formic Acid (-H2O),27.994914640,RC2_0018_ICR-1_p08
383.134591200,411.129514781,27.994923581,Other,random,Formic Acid (-H2O),27.994914640,RC2_0018_ICR-1_p08
387.084980986,415.079904567,27.994923581,Other,random,Formic Acid (-H2O),27.994914640,RC2_0018_ICR-1_p08
403.066921118,431.061844698,27.994923581,Other,random,Formic Acid (-H2O),27.994914640,RC2_0018_ICR-1_p08
407.128963276,435.123886857,27.994923581,Other,random,Formic Acid (-H2O),27.994914640,RC2_0018_ICR-1_p08
415.189045953,443.183969534,27.994923581,Other,random,Formic Acid (-H2O),27.994914640,RC2_0018_ICR-1_p08
431.170927085,459.165850666,27.994923581,Other,random,Formic Acid (-H2O),27.994914640,RC2_0018_ICR-1_p08
457.134935086,485.129858667,27.994923581,Other,random,Formic Acid (-H2O),27.994914640,RC2_0018_ICR-1_p08
539.205385592,567.200309173,27.994923581,Other,random,Formic Acid (-H2O),27.994914640,RC2_0018_ICR-1_p08
661.214170520,689.209094101,27.994923581,Other,random,Formic Acid (-H2O),27.994914640,RC2_0018_ICR-1_p08
775.245957304,803.240880884,27.994923581,Other,random,Formic Acid (-H2O),27.994914640,RC2_0018_ICR-1_p08
369.118928012,397.113852593,27.994924581,Other,random,Formic Acid (-H2O),27.994914640,RC2_0018_ICR-1_p08
475.064740264,503.059664845,27.994924581,Other,random,Formic Acid (-H2O),27.994914640,RC2_0018_ICR-1_p08
505.184513896,533.179438477,27.994924581,Other,random,Formic Acid (-H2O),27.994914640,RC2_0018_ICR-1_p08
385.040961480,413.035886061,27.994924581,Other,random,Formic Acid (-H2O),27.994914640,RC2_0018_ICR-1_p08
365.014842090,393.009766671,27.994924581,Other,random,Formic Acid (-H2O),27.994914640,RC2_0018_ICR-1_p08
575.213537114,603.208461694,27.994924581,Other,random,Formic Acid (-H2O),27.994914640,RC2_0018_ICR-1_p08
323.040768116,351.035673697,27.994905581,Other,random,Formic Acid_(_H2O)_CO,27.994915000,RC2_0018_ICR-1_p08
262.035823155,290.030728736,27.994905581,Other,random,Formic Acid_(_H2O)_CO,27.994915000,RC2_0018_ICR-1_p08
323.126517634,351.121423215,27.994905581,Other,random,Formic Acid_(_H2O)_CO,27.994915000,RC2_0018_ICR-1_p08
331.103332779,359.098238360,27.994905581,Other,random,Formic Acid_(_H2O)_CO,27.994915000,RC2_0018_ICR-1_p08
437.231095008,465.226000589,27.994905581,Other,random,Formic Acid_(_H2O)_CO,27.994915000,RC2_0018_ICR-1_p08
471.077836683,499.072742264,27.994905581,Other,random,Formic Acid_(_H2O)_CO,27.994915000,RC2_0018_ICR-1_p08
485.166390461,513.161296042,27.994905581,Other,random,Formic Acid_(_H2O)_CO,27.994915000,RC2_0018_ICR-1_p08
505.135115174,533.130020755,27.994905581,Other,random,Formic Acid_(_H2O)_CO,27.994915000,RC2_0018_ICR-1_p08
565.221141302,593.216046883,27.994905581,Other,random,Formic Acid_(_H2O)_CO,27.994915000,RC2_0018_ICR-1_p08
579.208368650,607.203274231,27.994905581,Other,random,Formic Acid_(_H2O)_CO,27.994915000,RC2_0018_ICR-1_p08
607.231953070,635.226858650,27.994905581,Other,random,Formic Acid_(_H2O)_CO,27.994915000,RC2_0018_ICR-1_p08
387.108287855,415.103194436,27.994906581,Other,random,Formic Acid_(_H2O)_CO,27.994915000,RC2_0018_ICR-1_p08
425.145109969,453.140016550,27.994906581,Other,random,Formic Acid_(_H2O)_CO,27.994915000,RC2_0018_ICR-1_p08
489.176519912,517.171426492,27.994906581,Other,random,Formic Acid_(_H2O)_CO,27.994915000,RC2_0018_ICR-1_p08
253.108223356,281.103129937,27.994906581,Other,random,Formic Acid_(_H2O)_CO,27.994915000,RC2_0018_ICR-1_p08
309.097919519,337.092826099,27.994906581,Other,random,Formic Acid_(_H2O)_CO,27.994915000,RC2_0018_ICR-1_p08
589.192786506,617.187693087,27.994906581,Other,random,Formic Acid_(_H2O)_CO,27.994915000,RC2_0018_ICR-1_p08
405.082492784,433.077400365,27.994907581,Other,random,Formic Acid_(_H2O)_CO,27.994915000,RC2_0018_ICR-1_p08
407.220303763,435.215211344,27.994907581,Other,random,Formic Acid_(_H2O)_CO,27.994915000,RC2_0018_ICR-1_p08
437.108794696,465.103702276,27.994907581,Other,random,Formic Acid_(_H2O)_CO,27.994915000,RC2_0018_ICR-1_p08
473.202721734,501.197629315,27.994907581,Other,random,Formic Acid_(_H2O)_CO,27.994915000,RC2_0018_ICR-1_p08
541.221045258,569.215952839,27.994907581,Other,random,Formic Acid_(_H2O)_CO,27.994915000,RC2_0018_ICR-1_p08
615.208632216,643.203539796,27.994907581,Other,random,Formic Acid_(_H2O)_CO,27.994915000,RC2_0018_ICR-1_p08
439.137297289,467.132204870,27.994907581,Other,random,Formic Acid_(_H2O)_CO,27.994915000,RC2_0018_ICR-1_p08
315.136751561,343.131660142,27.994908581,Other,random,Formic Acid_(_H2O)_CO,27.994915000,RC2_0018_ICR-1_p08
541.156262622,569.151171203,27.994908581,Other,random,Formic Acid_(_H2O)_CO,27.994915000,RC2_0018_ICR-1_p08
249.149700616,277.144609196,27.994908581,Other,random,Formic Acid_(_H2O)_CO,27.994915000,RC2_0018_ICR-1_p08
285.040472797,313.035381378,27.994908581,Other,random,Formic Acid_(_H2O)_CO,27.994915000,RC2_0018_ICR-1_p08
387.056790145,415.051698726,27.994908581,Other,random,Formic Acid_(_H2O)_CO,27.994915000,RC2_0018_ICR-1_p08
399.139250204,427.134158784,27.994908581,Other,random,Formic Acid_(_H2O)_CO,27.994915000,RC2_0018_ICR-1_p08
403.189022431,431.183931012,27.994908581,Other,random,Formic Acid_(_H2O)_CO,27.994915000,RC2_0018_ICR-1_p08
503.104148595,531.099057175,27.994908581,Other,random,Formic Acid_(_H2O)_CO,27.994915000,RC2_0018_ICR-1_p08
619.325864064,647.320772645,27.994908581,Other,random,Formic Acid_(_H2O)_CO,27.994915000,RC2_0018_ICR-1_p08
453.204752186,481.199660767,27.994908581,Other,random,Formic Acid_(_H2O)_CO,27.994915000,RC2_0018_ICR-1_p08
373.105800593,401.100709174,27.994908581,Other,random,Formic Acid_(_H2O)_CO,27.994915000,RC2_0018_ICR-1_p08
333.061472768,361.056382349,27.994909581,Other,random,Formic Acid_(_H2O)_CO,27.994915000,RC2_0018_ICR-1_p08
347.107917783,375.102827364,27.994909581,Other,random,Formic Acid_(_H2O)_CO,27.994915000,RC2_0018_ICR-1_p08
405.095520711,433.090430291,27.994909581,Other,random,Formic Acid_(_H2O)_CO,27.994915000,RC2_0018_ICR-1_p08
375.035555742,403.030465323,27.994909581,Other,random,Formic Acid_(_H2O)_CO,27.994915000,RC2_0018_ICR-1_p08
677.245580373,705.240489954,27.994909581,Other,random,Formic Acid_(_H2O)_CO,27.994915000,RC2_0018_ICR-1_p08
765.189893850,793.184803431,27.994909581,Other,random,Formic Acid_(_H2O)_CO,27.994915000,RC2_0018_ICR-1_p08
241.108254834,269.103165415,27.994910581,Other,random,Formic Acid_(_H2O)_CO,27.994915000,RC2_0018_ICR-1_p08
285.080312573,313.075223154,27.994910581,Other,random,Formic Acid_(_H2O)_CO,27.994915000,RC2_0018_ICR-1_p08
323.090217838,351.085128419,27.994910581,Other,random,Formic Acid_(_H2O)_CO,27.994915000,RC2_0018_ICR-1_p08
371.134626678,399.129537258,27.994910581,Other,random,Formic Acid_(_H2O)_CO,27.994915000,RC2_0018_ICR-1_p08
375.121390259,403.116300840,27.994910581,Other,random,Formic Acid_(_H2O)_CO,27.994915000,RC2_0018_ICR-1_p08
416.111508766,444.106419347,27.994910581,Other,random,Formic Acid_(_H2O)_CO,27.994915000,RC2_0018_ICR-1_p08
417.149773928,445.144684509,27.994910581,Other,random,Formic Acid_(_H2O)_CO,27.994915000,RC2_0018_ICR-1_p08
421.113906637,449.108817218,27.994910581,Other,random,Formic Acid_(_H2O)_CO,27.994915000,RC2_0018_ICR-1_p08
305.103027982,333.097938563,27.994910581,Other,random,Formic Acid_(_H2O)_CO,27.994915000,RC2_0018_ICR-1_p08
315.100332766,343.095244347,27.994911581,Other,random,Formic Acid_(_H2O)_CO,27.994915000,RC2_0018_ICR-1_p08
347.053710088,375.048621669,27.994911581,Other,random,Formic Acid_(_H2O)_CO,27.994915000,RC2_0018_ICR-1_p08
439.210349878,467.205261459,27.994911581,Other,random,Formic Acid_(_H2O)_CO,27.994915000,RC2_0018_ICR-1_p08
643.130675206,671.125586787,27.994911581,Other,random,Formic Acid_(_H2O)_CO,27.994915000,RC2_0018_ICR-1_p08
645.146390871,673.141302452,27.994911581,Other,random,Formic Acid_(_H2O)_CO,27.994915000,RC2_0018_ICR-1_p08
777.225790171,805.220701751,27.994911581,Other,random,Formic Acid_(_H2O)_CO,27.994915000,RC2_0018_ICR-1_p08
325.121149418,353.116060998,27.994911581,Other,random,Formic Acid_(_H2O)_CO,27.994915000,RC2_0018_ICR-1_p08
397.041098002,425.036009583,27.994911581,Other,random,Formic Acid_(_H2O)_CO,27.994915000,RC2_0018_ICR-1_p08
445.041127091,473.036038672,27.994911581,Other,random,Formic Acid_(_H2O)_CO,27.994915000,RC2_0018_ICR-1_p08
474.104071666,502.098983247,27.994911581,Other,random,Formic Acid_(_H2O)_CO,27.994915000,RC2_0018_ICR-1_p08
475.088072133,503.082984714,27.994912581,Other,random,Formic Acid_(_H2O)_CO,27.994915000,RC2_0018_ICR-1_p08
365.100605608,393.095518188,27.994912581,Other,random,Formic Acid_(_H2O)_CO,27.994915000,RC2_0018_ICR-1_p08
455.228522806,483.223435387,27.994912581,Other,random,Formic Acid_(_H2O)_CO,27.994915000,RC2_0018_ICR-1_p08
359.134577155,387.129489736,27.994912581,Other,random,Formic Acid_(_H2O)_CO,27.994915000,RC2_0018_ICR-1_p08
395.129003754,423.123916335,27.994912581,Other,random,Formic Acid_(_H2O)_CO,27.994915000,RC2_0018_ICR-1_p08
425.181604764,453.176517345,27.994912581,Other,random,Formic Acid_(_H2O)_CO,27.994915000,RC2_0018_ICR-1_p08
441.118922146,469.113834727,27.994912581,Other,random,Formic Acid_(_H2O)_CO,27.994915000,RC2_0018_ICR-1_p08
541.062486150,569.057398730,27.994912581,Other,random,Formic Acid_(_H2O)_CO,27.994915000,RC2_0018_ICR-1_p08
245.103145370,273.098058951,27.994913581,Other,random,Formic Acid_(_H2O)_CO,27.994915000,RC2_0018_ICR-1_p08
359.080383460,387.075297041,27.994913581,Other,random,Formic Acid_(_H2O)_CO,27.994915000,RC2_0018_ICR-1_p08
377.090819185,405.085732766,27.994913581,Other,random,Formic Acid_(_H2O)_CO,27.994915000,RC2_0018_ICR-1_p08
378.046484811,406.041398392,27.994913581,Other,random,Formic Acid_(_H2O)_CO,27.994915000,RC2_0018_ICR-1_p08
425.137064014,453.131977595,27.994913581,Other,random,Formic Acid_(_H2O)_CO,27.994915000,RC2_0018_ICR-1_p08
439.197276952,467.192190533,27.994913581,Other,random,Formic Acid_(_H2O)_CO,27.994915000,RC2_0018_ICR-1_p08
582.146830127,610.141743707,27.994913581,Other,random,Formic Acid_(_H2O)_CO,27.994915000,RC2_0018_ICR-1_p08
615.282084803,643.276998383,27.994913581,Other,random,Formic Acid_(_H2O)_CO,27.994915000,RC2_0018_ICR-1_p08
413.124008565,441.118922146,27.994913581,Other,random,Formic Acid_(_H2O)_CO,27.994915000,RC2_0018_ICR-1_p08
325.129201372,353.124115953,27.994914581,Other,random,Formic Acid_(_H2O)_CO,27.994915000,RC2_0018_ICR-1_p08
361.096025126,389.090939707,27.994914581,Other,random,Formic Acid_(_H2O)_CO,27.994915000,RC2_0018_ICR-1_p08
377.087578203,405.082492784,27.994914581,Other,random,Formic Acid_(_H2O)_CO,27.994915000,RC2_0018_ICR-1_p08
493.257197965,521.252112546,27.994914581,Other,random,Formic Acid_(_H2O)_CO,27.994915000,RC2_0018_ICR-1_p08
321.134254837,349.129169417,27.994914581,Other,random,Formic Acid_(_H2O)_CO,27.994915000,RC2_0018_ICR-1_p08
407.134489245,435.129403826,27.994914581,Other,random,Formic Acid_(_H2O)_CO,27.994915000,RC2_0018_ICR-1_p08
429.119014623,457.113929204,27.994914581,Other,random,Formic Acid_(_H2O)_CO,27.994915000,RC2_0018_ICR-1_p08
440.091298925,468.086213505,27.994914581,Other,random,Formic Acid_(_H2O)_CO,27.994915000,RC2_0018_ICR-1_p08
451.051605293,479.046519874,27.994914581,Other,random,Formic Acid_(_H2O)_CO,27.994915000,RC2_0018_ICR-1_p08
389.100655652,417.095571233,27.994915581,Other,random,Formic Acid_(_H2O)_CO,27.994915000,RC2_0018_ICR-1_p08
427.066888163,455.061803743,27.994915581,Other,random,Formic Acid_(_H2O)_CO,27.994915000,RC2_0018_ICR-1_p08
699.229866753,727.224782333,27.994915581,Other,random,Formic Acid_(_H2O)_CO,27.994915000,RC2_0018_ICR-1_p08
317.087776590,345.082692171,27.994915581,Other,random,Formic Acid_(_H2O)_CO,27.994915000,RC2_0018_ICR-1_p08
331.058906029,359.053821610,27.994915581,Other,random,Formic Acid_(_H2O)_CO,27.994915000,RC2_0018_ICR-1_p08
331.176165369,359.171080950,27.994915581,Other,random,Formic Acid_(_H2O)_CO,27.994915000,RC2_0018_ICR-1_p08
341.116063476,369.110979057,27.994915581,Other,random,Formic Acid_(_H2O)_CO,27.994915000,RC2_0018_ICR-1_p08
375.194106850,403.189022431,27.994915581,Other,random,Formic Acid_(_H2O)_CO,27.994915000,RC2_0018_ICR-1_p08
421.040962047,449.035877628,27.994915581,Other,random,Formic Acid_(_H2O)_CO,27.994915000,RC2_0018_ICR-1_p08
479.147798304,507.142713885,27.994915581,Other,random,Formic Acid_(_H2O)_CO,27.994915000,RC2_0018_ICR-1_p08
503.096080640,531.090996221,27.994915581,Other,random,Formic Acid_(_H2O)_CO,27.994915000,RC2_0018_ICR-1_p08
557.239490184,585.234405765,27.994915581,Other,random,Formic Acid_(_H2O)_CO,27.994915000,RC2_0018_ICR-1_p08
345.110884013,373.105800593,27.994916581,Other,random,Formic Acid_(_H2O)_CO,27.994915000,RC2_0018_ICR-1_p08
347.149943547,375.144860127,27.994916581,Other,random,Formic Acid_(_H2O)_CO,27.994915000,RC2_0018_ICR-1_p08
363.035617219,391.030533800,27.994916581,Other,random,Formic Acid_(_H2O)_CO,27.994915000,RC2_0018_ICR-1_p08
405.168341301,433.163257882,27.994916581,Other,random,Formic Acid_(_H2O)_CO,27.994915000,RC2_0018_ICR-1_p08
428.127695198,456.122611778,27.994916581,Other,random,Formic Acid_(_H2O)_CO,27.994915000,RC2_0018_ICR-1_p08
471.114236478,499.109153059,27.994916581,Other,random,Formic Acid_(_H2O)_CO,27.994915000,RC2_0018_ICR-1_p08
473.072452467,501.067369048,27.994916581,Other,random,Formic Acid_(_H2O)_CO,27.994915000,RC2_0018_ICR-1_p08
543.135651492,571.130568073,27.994916581,Other,random,Formic Acid_(_H2O)_CO,27.994915000,RC2_0018_ICR-1_p08
387.092992941,415.087909522,27.994916581,Other,random,Formic Acid_(_H2O)_CO,27.994915000,RC2_0018_ICR-1_p08
325.056400782,353.051318362,27.994917581,Other,random,Formic Acid_(_H2O)_CO,27.994915000,RC2_0018_ICR-1_p08
239.056189373,267.051106954,27.994917581,Other,random,Formic Acid_(_H2O)_CO,27.994915000,RC2_0018_ICR-1_p08
330.098259431,358.093177011,27.994917581,Other,random,Formic Acid_(_H2O)_CO,27.994915000,RC2_0018_ICR-1_p08
363.108321811,391.103239391,27.994917581,Other,random,Formic Acid_(_H2O)_CO,27.994915000,RC2_0018_ICR-1_p08
655.261065995,683.255983576,27.994917581,Other,random,Formic Acid_(_H2O)_CO,27.994915000,RC2_0018_ICR-1_p08
511.145581377,539.140498957,27.994917581,Other,random,Formic Acid_(_H2O)_CO,27.994915000,RC2_0018_ICR-1_p08
245.066780574,273.061698155,27.994917581,Other,random,Formic Acid_(_H2O)_CO,27.994915000,RC2_0018_ICR-1_p08
335.126517156,363.121434737,27.994917581,Other,random,Formic Acid_(_H2O)_CO,27.994915000,RC2_0018_ICR-1_p08
573.218779330,601.213696911,27.994917581,Other,random,Formic Acid_(_H2O)_CO,27.994915000,RC2_0018_ICR-1_p08
271.046000490,299.040919070,27.994918581,Other,random,Formic Acid_(_H2O)_CO,27.994915000,RC2_0018_ICR-1_p08
309.147372240,337.142290821,27.994918581,Other,random,Formic Acid_(_H2O)_CO,27.994915000,RC2_0018_ICR-1_p08
330.111208358,358.106126939,27.994918581,Other,random,Formic Acid_(_H2O)_CO,27.994915000,RC2_0018_ICR-1_p08
353.154772781,381.149691361,27.994918581,Other,random,Formic Acid_(_H2O)_CO,27.994915000,RC2_0018_ICR-1_p08
391.079897522,419.074816103,27.994918581,Other,random,Formic Acid_(_H2O)_CO,27.994915000,RC2_0018_ICR-1_p08
405.191569171,433.186487751,27.994918581,Other,random,Formic Acid_(_H2O)_CO,27.994915000,RC2_0018_ICR-1_p08
425.108645174,453.103563755,27.994918581,Other,random,Formic Acid_(_H2O)_CO,27.994915000,RC2_0018_ICR-1_p08
465.095808321,493.090726901,27.994918581,Other,random,Formic Acid_(_H2O)_CO,27.994915000,RC2_0018_ICR-1_p08
481.171365926,509.166284506,27.994918581,Other,random,Formic Acid_(_H2O)_CO,27.994915000,RC2_0018_ICR-1_p08
517.098779901,545.093698482,27.994918581,Other,random,Formic Acid_(_H2O)_CO,27.994915000,RC2_0018_ICR-1_p08
263.128969008,291.123888589,27.994919581,Other,random,Formic Acid_(_H2O)_CO,27.994915000,RC2_0018_ICR-1_p08
327.144865038,355.139784619,27.994919581,Other,random,Formic Acid_(_H2O)_CO,27.994915000,RC2_0018_ICR-1_p08
401.072481333,429.067400914,27.994919581,Other,random,Formic Acid_(_H2O)_CO,27.994915000,RC2_0018_ICR-1_p08
433.113898159,461.108817740,27.994919581,Other,random,Formic Acid_(_H2O)_CO,27.994915000,RC2_0018_ICR-1_p08
417.095571233,445.090490813,27.994919581,Other,random,Formic Acid_(_H2O)_CO,27.994915000,RC2_0018_ICR-1_p08
445.163371404,473.158290984,27.994919581,Other,random,Formic Acid_(_H2O)_CO,27.994915000,RC2_0018_ICR-1_p08
693.276992226,721.271911807,27.994919581,Other,random,Formic Acid_(_H2O)_CO,27.994915000,RC2_0018_ICR-1_p08
312.072382793,340.067302373,27.994919581,Other,random,Formic Acid_(_H2O)_CO,27.994915000,RC2_0018_ICR-1_p08
496.073322130,524.068242711,27.994920581,Other,random,Formic Acid_(_H2O)_CO,27.994915000,RC2_0018_ICR-1_p08
337.121062940,365.115983521,27.994920581,Other,random,Formic Acid_(_H2O)_CO,27.994915000,RC2_0018_ICR-1_p08
409.199577633,437.194498214,27.994920581,Other,random,Formic Acid_(_H2O)_CO,27.994915000,RC2_0018_ICR-1_p08
415.233712702,443.228633283,27.994920581,Other,random,Formic Acid_(_H2O)_CO,27.994915000,RC2_0018_ICR-1_p08
465.080540407,493.075460987,27.994920581,Other,random,Formic Acid_(_H2O)_CO,27.994915000,RC2_0018_ICR-1_p08
611.234688562,639.229610142,27.994921581,Other,random,Formic Acid_(_H2O)_CO,27.994915000,RC2_0018_ICR-1_p08
441.249112414,469.244033995,27.994921581,Other,random,Formic Acid_(_H2O)_CO,27.994915000,RC2_0018_ICR-1_p08
491.150113814,519.145035394,27.994921581,Other,random,Formic Acid_(_H2O)_CO,27.994915000,RC2_0018_ICR-1_p08
357.092265640,385.087187220,27.994921581,Other,random,Formic Acid_(_H2O)_CO,27.994915000,RC2_0018_ICR-1_p08
733.271900329,761.266821910,27.994921581,Other,random,Formic Acid_(_H2O)_CO,27.994915000,RC2_0018_ICR-1_p08
241.035486243,269.030407824,27.994921581,Other,random,Formic Acid_(_H2O)_CO,27.994915000,RC2_0018_ICR-1_p08
261.076909547,289.071831128,27.994921581,Other,random,Formic Acid_(_H2O)_CO,27.994915000,RC2_0018_ICR-1_p08
431.207451880,459.202373460,27.994921581,Other,random,Formic Acid_(_H2O)_CO,27.994915000,RC2_0018_ICR-1_p08
527.132596479,555.127519060,27.994922581,Other,random,Formic Acid_(_H2O)_CO,27.994915000,RC2_0018_ICR-1_p08
447.202157939,475.197080520,27.994922581,Other,random,Formic Acid_(_H2O)_CO,27.994915000,RC2_0018_ICR-1_p08
467.046573351,495.041495932,27.994922581,Other,random,Formic Acid_(_H2O)_CO,27.994915000,RC2_0018_ICR-1_p08
379.030413278,407.025335859,27.994922581,Other,random,Formic Acid_(_H2O)_CO,27.994915000,RC2_0018_ICR-1_p08
339.108453765,367.103377346,27.994923581,Other,random,Formic Acid_(_H2O)_CO,27.994915000,RC2_0018_ICR-1_p08
371.126548723,399.121472304,27.994923581,Other,random,Formic Acid_(_H2O)_CO,27.994915000,RC2_0018_ICR-1_p08
461.072426945,489.067350525,27.994923581,Other,random,Formic Acid_(_H2O)_CO,27.994915000,RC2_0018_ICR-1_p08
507.041562454,535.036486035,27.994923581,Other,random,Formic Acid_(_H2O)_CO,27.994915000,RC2_0018_ICR-1_p08
251.092540691,279.087464271,27.994923581,Other,random,Formic Acid_(_H2O)_CO,27.994915000,RC2_0018_ICR-1_p08
357.155348285,385.150271866,27.994923581,Other,random,Formic Acid_(_H2O)_CO,27.994915000,RC2_0018_ICR-1_p08
383.134591200,411.129514781,27.994923581,Other,random,Formic Acid_(_H2O)_CO,27.994915000,RC2_0018_ICR-1_p08
387.084980986,415.079904567,27.994923581,Other,random,Formic Acid_(_H2O)_CO,27.994915000,RC2_0018_ICR-1_p08
403.066921118,431.061844698,27.994923581,Other,random,Formic Acid_(_H2O)_CO,27.994915000,RC2_0018_ICR-1_p08
407.128963276,435.123886857,27.994923581,Other,random,Formic Acid_(_H2O)_CO,27.994915000,RC2_0018_ICR-1_p08
415.189045953,443.183969534,27.994923581,Other,random,Formic Acid_(_H2O)_CO,27.994915000,RC2_0018_ICR-1_p08
431.170927085,459.165850666,27.994923581,Other,random,Formic Acid_(_H2O)_CO,27.994915000,RC2_0018_ICR-1_p08
457.134935086,485.129858667,27.994923581,Other,random,Formic Acid_(_H2O)_CO,27.994915000,RC2_0018_ICR-1_p08
539.205385592,567.200309173,27.994923581,Other,random,Formic Acid_(_H2O)_CO,27.994915000,RC2_0018_ICR-1_p08
661.214170520,689.209094101,27.994923581,Other,random,Formic Acid_(_H2O)_CO,27.994915000,RC2_0018_ICR-1_p08
775.245957304,803.240880884,27.994923581,Other,random,Formic Acid_(_H2O)_CO,27.994915000,RC2_0018_ICR-1_p08
369.118928012,397.113852593,27.994924581,Other,random,Formic Acid_(_H2O)_CO,27.994915000,RC2_0018_ICR-1_p08
475.064740264,503.059664845,27.994924581,Other,random,Formic Acid_(_H2O)_CO,27.994915000,RC2_0018_ICR-1_p08
505.184513896,533.179438477,27.994924581,Other,random,Formic Acid_(_H2O)_CO,27.994915000,RC2_0018_ICR-1_p08
385.040961480,413.035886061,27.994924581,Other,random,Formic Acid_(_H2O)_CO,27.994915000,RC2_0018_ICR-1_p08
365.014842090,393.009766671,27.994924581,Other,random,Formic Acid_(_H2O)_CO,27.994915000,RC2_0018_ICR-1_p08
575.213537114,603.208461694,27.994924581,Other,random,Formic Acid_(_H2O)_CO,27.994915000,RC2_0018_ICR-1_p08
265.071843083,293.077986601,28.006143518,Other,random,N2,28.006148000,RC2_0018_ICR-1_p08
281.103129937,309.109277455,28.006147518,Other,random,N2,28.006148000,RC2_0018_ICR-1_p08
391.030533800,419.061824176,28.031290376,Other,random,ethyl addition_(_H2O)_C2H4,28.031300000,RC2_0018_ICR-1_p08
397.178487229,425.209777605,28.031290376,Other,random,ethyl addition_(_H2O)_C2H4,28.031300000,RC2_0018_ICR-1_p08
439.051597771,467.082888147,28.031290376,Other,random,ethyl addition_(_H2O)_C2H4,28.031300000,RC2_0018_ICR-1_p08
623.125596697,651.156887074,28.031290376,Other,random,ethyl addition_(_H2O)_C2H4,28.031300000,RC2_0018_ICR-1_p08
496.195111445,524.226401821,28.031290376,Other,random,ethyl addition_(_H2O)_C2H4,28.031300000,RC2_0018_ICR-1_p08
561.174511057,589.205801433,28.031290376,Other,random,ethyl addition_(_H2O)_C2H4,28.031300000,RC2_0018_ICR-1_p08
293.139452255,321.170743631,28.031291376,Other,random,ethyl addition_(_H2O)_C2H4,28.031300000,RC2_0018_ICR-1_p08
299.150018457,327.181309833,28.031291376,Other,random,ethyl addition_(_H2O)_C2H4,28.031300000,RC2_0018_ICR-1_p08
333.025090973,361.056382349,28.031291376,Other,random,ethyl addition_(_H2O)_C2H4,28.031300000,RC2_0018_ICR-1_p08
350.051620230,378.082911606,28.031291376,Other,random,ethyl addition_(_H2O)_C2H4,28.031300000,RC2_0018_ICR-1_p08
395.092624958,423.123916335,28.031291376,Other,random,ethyl addition_(_H2O)_C2H4,28.031300000,RC2_0018_ICR-1_p08
247.082414240,275.113706616,28.031292376,Other,random,ethyl addition_(_H2O)_C2H4,28.031300000,RC2_0018_ICR-1_p08
353.079667203,381.110959579,28.031292376,Other,random,ethyl addition_(_H2O)_C2H4,28.031300000,RC2_0018_ICR-1_p08
371.162854519,399.194146895,28.031292376,Other,random,ethyl addition_(_H2O)_C2H4,28.031300000,RC2_0018_ICR-1_p08
429.095608755,457.126902131,28.031293376,Other,random,ethyl addition_(_H2O)_C2H4,28.031300000,RC2_0018_ICR-1_p08
419.074816103,447.106109479,28.031293376,Other,random,ethyl addition_(_H2O)_C2H4,28.031300000,RC2_0018_ICR-1_p08
379.103195869,407.134489245,28.031293376,Other,random,ethyl addition_(_H2O)_C2H4,28.031300000,RC2_0018_ICR-1_p08
417.176408778,445.207702154,28.031293376,Other,random,ethyl addition_(_H2O)_C2H4,28.031300000,RC2_0018_ICR-1_p08
421.054063974,449.085357350,28.031293376,Other,random,ethyl addition_(_H2O)_C2H4,28.031300000,RC2_0018_ICR-1_p08
429.067400914,457.098694290,28.031293376,Other,random,ethyl addition_(_H2O)_C2H4,28.031300000,RC2_0018_ICR-1_p08
369.147192853,397.178487229,28.031294376,Other,random,ethyl addition_(_H2O)_C2H4,28.031300000,RC2_0018_ICR-1_p08
429.082634828,457.113929204,28.031294376,Other,random,ethyl addition_(_H2O)_C2H4,28.031300000,RC2_0018_ICR-1_p08
639.185513390,667.216807766,28.031294376,Other,random,ethyl addition_(_H2O)_C2H4,28.031300000,RC2_0018_ICR-1_p08
423.142526230,451.173820606,28.031294376,Other,random,ethyl addition_(_H2O)_C2H4,28.031300000,RC2_0018_ICR-1_p08
663.193301391,691.224595767,28.031294376,Other,random,ethyl addition_(_H2O)_C2H4,28.031300000,RC2_0018_ICR-1_p08
435.202180417,463.233475793,28.031295376,Other,random,ethyl addition_(_H2O)_C2H4,28.031300000,RC2_0018_ICR-1_p08
551.249819865,579.281115241,28.031295376,Other,random,ethyl addition_(_H2O)_C2H4,28.031300000,RC2_0018_ICR-1_p08
345.110884013,373.142179389,28.031295376,Other,random,ethyl addition_(_H2O)_C2H4,28.031300000,RC2_0018_ICR-1_p08
385.163312792,413.194608168,28.031295376,Other,random,ethyl addition_(_H2O)_C2H4,28.031300000,RC2_0018_ICR-1_p08
465.189517794,493.220813170,28.031295376,Other,random,ethyl addition_(_H2O)_C2H4,28.031300000,RC2_0018_ICR-1_p08
469.041078136,497.072373512,28.031295376,Other,random,ethyl addition_(_H2O)_C2H4,28.031300000,RC2_0018_ICR-1_p08
651.266199459,679.297494835,28.031295376,Other,random,ethyl addition_(_H2O)_C2H4,28.031300000,RC2_0018_ICR-1_p08
313.108102969,341.139398345,28.031295376,Other,random,ethyl addition_(_H2O)_C2H4,28.031300000,RC2_0018_ICR-1_p08
473.181647853,501.212943229,28.031295376,Other,random,ethyl addition_(_H2O)_C2H4,28.031300000,RC2_0018_ICR-1_p08
298.093205400,326.124501776,28.031296376,Other,random,ethyl addition_(_H2O)_C2H4,28.031300000,RC2_0018_ICR-1_p08
389.054478912,417.085775288,28.031296376,Other,random,ethyl addition_(_H2O)_C2H4,28.031300000,RC2_0018_ICR-1_p08
469.144603554,497.175899930,28.031296376,Other,random,ethyl addition_(_H2O)_C2H4,28.031300000,RC2_0018_ICR-1_p08
503.046527919,531.077824295,28.031296376,Other,random,ethyl addition_(_H2O)_C2H4,28.031300000,RC2_0018_ICR-1_p08
539.104213161,567.135509537,28.031296376,Other,random,ethyl addition_(_H2O)_C2H4,28.031300000,RC2_0018_ICR-1_p08
421.077519842,449.108817218,28.031297376,Other,random,ethyl addition_(_H2O)_C2H4,28.031300000,RC2_0018_ICR-1_p08
511.101302626,539.132600002,28.031297376,Other,random,ethyl addition_(_H2O)_C2H4,28.031300000,RC2_0018_ICR-1_p08
305.103027982,333.134325358,28.031297376,Other,random,ethyl addition_(_H2O)_C2H4,28.031300000,RC2_0018_ICR-1_p08
523.145683898,551.176981274,28.031297376,Other,random,ethyl addition_(_H2O)_C2H4,28.031300000,RC2_0018_ICR-1_p08
574.178005936,602.209303313,28.031297376,Other,random,ethyl addition_(_H2O)_C2H4,28.031300000,RC2_0018_ICR-1_p08
365.051176886,393.082475262,28.031298376,Other,random,ethyl addition_(_H2O)_C2H4,28.031300000,RC2_0018_ICR-1_p08
637.105014089,665.136312465,28.031298376,Other,random,ethyl addition_(_H2O)_C2H4,28.031300000,RC2_0018_ICR-1_p08
687.230011229,715.261309606,28.031298376,Other,random,ethyl addition_(_H2O)_C2H4,28.031300000,RC2_0018_ICR-1_p08
323.040768116,351.072066492,28.031298376,Other,random,ethyl addition_(_H2O)_C2H4,28.031300000,RC2_0018_ICR-1_p08
341.079680681,369.110979057,28.031298376,Other,random,ethyl addition_(_H2O)_C2H4,28.031300000,RC2_0018_ICR-1_p08
419.134597767,447.165896143,28.031298376,Other,random,ethyl addition_(_H2O)_C2H4,28.031300000,RC2_0018_ICR-1_p08
429.103636710,457.134935086,28.031298376,Other,random,ethyl addition_(_H2O)_C2H4,28.031300000,RC2_0018_ICR-1_p08
499.218370445,527.249668821,28.031298376,Other,random,ethyl addition_(_H2O)_C2H4,28.031300000,RC2_0018_ICR-1_p08
306.098296386,334.129594762,28.031298376,Other,random,ethyl addition_(_H2O)_C2H4,28.031300000,RC2_0018_ICR-1_p08
761.231228110,789.262526486,28.031298376,Other,random,ethyl addition_(_H2O)_C2H4,28.031300000,RC2_0018_ICR-1_p08
483.187024591,511.218323967,28.031299376,Other,random,ethyl addition_(_H2O)_C2H4,28.031300000,RC2_0018_ICR-1_p08
503.241538822,531.272838198,28.031299376,Other,random,ethyl addition_(_H2O)_C2H4,28.031300000,RC2_0018_ICR-1_p08
537.210813808,565.242113184,28.031299376,Other,random,ethyl addition_(_H2O)_C2H4,28.031300000,RC2_0018_ICR-1_p08
603.172138898,631.203438275,28.031299376,Other,random,ethyl addition_(_H2O)_C2H4,28.031300000,RC2_0018_ICR-1_p08
270.061906023,298.093205400,28.031299376,Other,random,ethyl addition_(_H2O)_C2H4,28.031300000,RC2_0018_ICR-1_p08
313.129155850,341.160455226,28.031299376,Other,random,ethyl addition_(_H2O)_C2H4,28.031300000,RC2_0018_ICR-1_p08
425.100678219,453.131977595,28.031299376,Other,random,ethyl addition_(_H2O)_C2H4,28.031300000,RC2_0018_ICR-1_p08
440.132743692,468.164043068,28.031299376,Other,random,ethyl addition_(_H2O)_C2H4,28.031300000,RC2_0018_ICR-1_p08
455.111377465,483.142676841,28.031299376,Other,random,ethyl addition_(_H2O)_C2H4,28.031300000,RC2_0018_ICR-1_p08
493.220813170,521.252112546,28.031299376,Other,random,ethyl addition_(_H2O)_C2H4,28.031300000,RC2_0018_ICR-1_p08
637.141245885,665.172545262,28.031299376,Other,random,ethyl addition_(_H2O)_C2H4,28.031300000,RC2_0018_ICR-1_p08
285.040472797,313.071773173,28.031300376,Other,random,ethyl addition_(_H2O)_C2H4,28.031300000,RC2_0018_ICR-1_p08
351.121423215,379.152723591,28.031300376,Other,random,ethyl addition_(_H2O)_C2H4,28.031300000,RC2_0018_ICR-1_p08
323.113527707,351.144828083,28.031300376,Other,random,ethyl addition_(_H2O)_C2H4,28.031300000,RC2_0018_ICR-1_p08
317.116081431,345.147382807,28.031301376,Other,random,ethyl addition_(_H2O)_C2H4,28.031300000,RC2_0018_ICR-1_p08
341.043135886,369.074437262,28.031301376,Other,random,ethyl addition_(_H2O)_C2H4,28.031300000,RC2_0018_ICR-1_p08
453.212787141,481.244088517,28.031301376,Other,random,ethyl addition_(_H2O)_C2H4,28.031300000,RC2_0018_ICR-1_p08
545.252370589,573.283671965,28.031301376,Other,random,ethyl addition_(_H2O)_C2H4,28.031300000,RC2_0018_ICR-1_p08
819.272509736,847.303811112,28.031301376,Other,random,ethyl addition_(_H2O)_C2H4,28.031300000,RC2_0018_ICR-1_p08
339.064064015,367.095366391,28.031302376,Other,random,ethyl addition_(_H2O)_C2H4,28.031300000,RC2_0018_ICR-1_p08
489.176519912,517.207822288,28.031302376,Other,random,ethyl addition_(_H2O)_C2H4,28.031300000,RC2_0018_ICR-1_p08
345.155401762,373.186705138,28.031303376,Other,random,ethyl addition_(_H2O)_C2H4,28.031300000,RC2_0018_ICR-1_p08
381.155172331,409.186475707,28.031303376,Other,random,ethyl addition_(_H2O)_C2H4,28.031300000,RC2_0018_ICR-1_p08
403.043515249,431.074818626,28.031303376,Other,random,ethyl addition_(_H2O)_C2H4,28.031300000,RC2_0018_ICR-1_p08
425.036009583,453.067312959,28.031303376,Other,random,ethyl addition_(_H2O)_C2H4,28.031300000,RC2_0018_ICR-1_p08
441.168368868,469.199672244,28.031303376,Other,random,ethyl addition_(_H2O)_C2H4,28.031300000,RC2_0018_ICR-1_p08
373.069405798,401.100709174,28.031303376,Other,random,ethyl addition_(_H2O)_C2H4,28.031300000,RC2_0018_ICR-1_p08
381.118962534,409.150265910,28.031303376,Other,random,ethyl addition_(_H2O)_C2H4,28.031300000,RC2_0018_ICR-1_p08
415.116319362,443.147622738,28.031303376,Other,random,ethyl addition_(_H2O)_C2H4,28.031300000,RC2_0018_ICR-1_p08
603.244816490,631.276119866,28.031303376,Other,random,ethyl addition_(_H2O)_C2H4,28.031300000,RC2_0018_ICR-1_p08
363.035617219,391.066921595,28.031304376,Other,random,ethyl addition_(_H2O)_C2H4,28.031300000,RC2_0018_ICR-1_p08
423.093122508,451.124426884,28.031304376,Other,random,ethyl addition_(_H2O)_C2H4,28.031300000,RC2_0018_ICR-1_p08
427.116403884,455.147708260,28.031304376,Other,random,ethyl addition_(_H2O)_C2H4,28.031300000,RC2_0018_ICR-1_p08
457.113929204,485.145233580,28.031304376,Other,random,ethyl addition_(_H2O)_C2H4,28.031300000,RC2_0018_ICR-1_p08
565.229142257,593.260446633,28.031304376,Other,random,ethyl addition_(_H2O)_C2H4,28.031300000,RC2_0018_ICR-1_p08
611.125589175,639.156893551,28.031304376,Other,random,ethyl addition_(_H2O)_C2H4,28.031300000,RC2_0018_ICR-1_p08
340.030947578,368.062251954,28.031304376,Other,random,ethyl addition_(_H2O)_C2H4,28.031300000,RC2_0018_ICR-1_p08
371.071500032,399.102804409,28.031304376,Other,random,ethyl addition_(_H2O)_C2H4,28.031300000,RC2_0018_ICR-1_p08
417.140156982,445.171461358,28.031304376,Other,random,ethyl addition_(_H2O)_C2H4,28.031300000,RC2_0018_ICR-1_p08
423.087576539,451.118880915,28.031304376,Other,random,ethyl addition_(_H2O)_C2H4,28.031300000,RC2_0018_ICR-1_p08
495.223426909,523.254731285,28.031304376,Other,random,ethyl addition_(_H2O)_C2H4,28.031300000,RC2_0018_ICR-1_p08
319.154999966,347.186304342,28.031304376,Other,random,ethyl addition_(_H2O)_C2H4,28.031300000,RC2_0018_ICR-1_p08
335.126517156,363.157821532,28.031304376,Other,random,ethyl addition_(_H2O)_C2H4,28.031300000,RC2_0018_ICR-1_p08
343.095244347,371.126548723,28.031304376,Other,random,ethyl addition_(_H2O)_C2H4,28.031300000,RC2_0018_ICR-1_p08
367.066843551,395.098147927,28.031304376,Other,random,ethyl addition_(_H2O)_C2H4,28.031300000,RC2_0018_ICR-1_p08
389.051210930,417.082515306,28.031304376,Other,random,ethyl addition_(_H2O)_C2H4,28.031300000,RC2_0018_ICR-1_p08
431.082920580,459.114224956,28.031304376,Other,random,ethyl addition_(_H2O)_C2H4,28.031300000,RC2_0018_ICR-1_p08
445.098510768,473.129815144,28.031304376,Other,random,ethyl addition_(_H2O)_C2H4,28.031300000,RC2_0018_ICR-1_p08
477.067436003,505.098740379,28.031304376,Other,random,ethyl addition_(_H2O)_C2H4,28.031300000,RC2_0018_ICR-1_p08
311.077148389,339.108453765,28.031305376,Other,random,ethyl addition_(_H2O)_C2H4,28.031300000,RC2_0018_ICR-1_p08
335.053840565,363.085145941,28.031305376,Other,random,ethyl addition_(_H2O)_C2H4,28.031300000,RC2_0018_ICR-1_p08
459.114224956,487.145530332,28.031305376,Other,random,ethyl addition_(_H2O)_C2H4,28.031300000,RC2_0018_ICR-1_p08
541.083562031,569.114867407,28.031305376,Other,random,ethyl addition_(_H2O)_C2H4,28.031300000,RC2_0018_ICR-1_p08
609.182713100,637.214018476,28.031305376,Other,random,ethyl addition_(_H2O)_C2H4,28.031300000,RC2_0018_ICR-1_p08
609.109939509,637.141245885,28.031306376,Other,random,ethyl addition_(_H2O)_C2H4,28.031300000,RC2_0018_ICR-1_p08
377.087578203,405.118884579,28.031306376,Other,random,ethyl addition_(_H2O)_C2H4,28.031300000,RC2_0018_ICR-1_p08
541.184646463,569.215952839,28.031306376,Other,random,ethyl addition_(_H2O)_C2H4,28.031300000,RC2_0018_ICR-1_p08
441.103707232,469.135013608,28.031306376,Other,random,ethyl addition_(_H2O)_C2H4,28.031300000,RC2_0018_ICR-1_p08
286.093252877,314.124560253,28.031307376,Other,random,ethyl addition_(_H2O)_C2H4,28.031300000,RC2_0018_ICR-1_p08
316.046147448,344.077454824,28.031307376,Other,random,ethyl addition_(_H2O)_C2H4,28.031300000,RC2_0018_ICR-1_p08
521.166497028,549.197804404,28.031307376,Other,random,ethyl addition_(_H2O)_C2H4,28.031300000,RC2_0018_ICR-1_p08
312.072382793,340.103690169,28.031307376,Other,random,ethyl addition_(_H2O)_C2H4,28.031300000,RC2_0018_ICR-1_p08
392.062176999,420.093484375,28.031307376,Other,random,ethyl addition_(_H2O)_C2H4,28.031300000,RC2_0018_ICR-1_p08
737.230826068,765.262134444,28.031308376,Other,random,ethyl addition_(_H2O)_C2H4,28.031300000,RC2_0018_ICR-1_p08
334.056802171,362.088110547,28.031308376,Other,random,ethyl addition_(_H2O)_C2H4,28.031300000,RC2_0018_ICR-1_p08
381.074393785,409.105702161,28.031308376,Other,random,ethyl addition_(_H2O)_C2H4,28.031300000,RC2_0018_ICR-1_p08
421.040962047,449.072270423,28.031308376,Other,random,ethyl addition_(_H2O)_C2H4,28.031300000,RC2_0018_ICR-1_p08
471.142678318,499.173986694,28.031308376,Other,random,ethyl addition_(_H2O)_C2H4,28.031300000,RC2_0018_ICR-1_p08
499.197161564,527.228469940,28.031308376,Other,random,ethyl addition_(_H2O)_C2H4,28.031300000,RC2_0018_ICR-1_p08
501.270596905,529.301905281,28.031308376,Other,random,ethyl addition_(_H2O)_C2H4,28.031300000,RC2_0018_ICR-1_p08
589.229026303,617.260334679,28.031308376,Other,random,ethyl addition_(_H2O)_C2H4,28.031300000,RC2_0018_ICR-1_p08
627.229757619,655.261065995,28.031308376,Other,random,ethyl addition_(_H2O)_C2H4,28.031300000,RC2_0018_ICR-1_p08
513.124954246,541.156262622,28.031308376,Other,random,ethyl addition_(_H2O)_C2H4,28.031300000,RC2_0018_ICR-1_p08
256.046348835,284.077658211,28.031309376,Other,random,ethyl addition_(_H2O)_C2H4,28.031300000,RC2_0018_ICR-1_p08
299.092446781,327.123756157,28.031309376,Other,random,ethyl addition_(_H2O)_C2H4,28.031300000,RC2_0018_ICR-1_p08
731.219892868,759.251202244,28.031309376,Other,random,ethyl addition_(_H2O)_C2H4,28.031300000,RC2_0018_ICR-1_p08
535.086025756,563.117335132,28.031309376,Other,random,ethyl addition_(_H2O)_C2H4,28.031300000,RC2_0018_ICR-1_p08
321.097860041,349.129169417,28.031309376,Other,random,ethyl addition_(_H2O)_C2H4,28.031300000,RC2_0018_ICR-1_p08
465.067479480,493.098788856,28.031309376,Other,random,ethyl addition_(_H2O)_C2H4,28.031300000,RC2_0018_ICR-1_p08
418.114236505,446.145545881,28.031309376,Other,random,ethyl addition_(_H2O)_C2H4,28.031300000,RC2_0018_ICR-1_p08
391.030533800,419.061824176,28.031290376,Other,random,ethyl addition (-H2O),28.031300150,RC2_0018_ICR-1_p08
397.178487229,425.209777605,28.031290376,Other,random,ethyl addition (-H2O),28.031300150,RC2_0018_ICR-1_p08
439.051597771,467.082888147,28.031290376,Other,random,ethyl addition (-H2O),28.031300150,RC2_0018_ICR-1_p08
623.125596697,651.156887074,28.031290376,Other,random,ethyl addition (-H2O),28.031300150,RC2_0018_ICR-1_p08
496.195111445,524.226401821,28.031290376,Other,random,ethyl addition (-H2O),28.031300150,RC2_0018_ICR-1_p08
561.174511057,589.205801433,28.031290376,Other,random,ethyl addition (-H2O),28.031300150,RC2_0018_ICR-1_p08
293.139452255,321.170743631,28.031291376,Other,random,ethyl addition (-H2O),28.031300150,RC2_0018_ICR-1_p08
299.150018457,327.181309833,28.031291376,Other,random,ethyl addition (-H2O),28.031300150,RC2_0018_ICR-1_p08
333.025090973,361.056382349,28.031291376,Other,random,ethyl addition (-H2O),28.031300150,RC2_0018_ICR-1_p08
350.051620230,378.082911606,28.031291376,Other,random,ethyl addition (-H2O),28.031300150,RC2_0018_ICR-1_p08
395.092624958,423.123916335,28.031291376,Other,random,ethyl addition (-H2O),28.031300150,RC2_0018_ICR-1_p08
247.082414240,275.113706616,28.031292376,Other,random,ethyl addition (-H2O),28.031300150,RC2_0018_ICR-1_p08
353.079667203,381.110959579,28.031292376,Other,random,ethyl addition (-H2O),28.031300150,RC2_0018_ICR-1_p08
371.162854519,399.194146895,28.031292376,Other,random,ethyl addition (-H2O),28.031300150,RC2_0018_ICR-1_p08
429.095608755,457.126902131,28.031293376,Other,random,ethyl addition (-H2O),28.031300150,RC2_0018_ICR-1_p08
419.074816103,447.106109479,28.031293376,Other,random,ethyl addition (-H2O),28.031300150,RC2_0018_ICR-1_p08
379.103195869,407.134489245,28.031293376,Other,random,ethyl addition (-H2O),28.031300150,RC2_0018_ICR-1_p08
417.176408778,445.207702154,28.031293376,Other,random,ethyl addition (-H2O),28.031300150,RC2_0018_ICR-1_p08
421.054063974,449.085357350,28.031293376,Other,random,ethyl addition (-H2O),28.031300150,RC2_0018_ICR-1_p08
429.067400914,457.098694290,28.031293376,Other,random,ethyl addition (-H2O),28.031300150,RC2_0018_ICR-1_p08
369.147192853,397.178487229,28.031294376,Other,random,ethyl addition (-H2O),28.031300150,RC2_0018_ICR-1_p08
429.082634828,457.113929204,28.031294376,Other,random,ethyl addition (-H2O),28.031300150,RC2_0018_ICR-1_p08
639.185513390,667.216807766,28.031294376,Other,random,ethyl addition (-H2O),28.031300150,RC2_0018_ICR-1_p08
423.142526230,451.173820606,28.031294376,Other,random,ethyl addition (-H2O),28.031300150,RC2_0018_ICR-1_p08
663.193301391,691.224595767,28.031294376,Other,random,ethyl addition (-H2O),28.031300150,RC2_0018_ICR-1_p08
435.202180417,463.233475793,28.031295376,Other,random,ethyl addition (-H2O),28.031300150,RC2_0018_ICR-1_p08
551.249819865,579.281115241,28.031295376,Other,random,ethyl addition (-H2O),28.031300150,RC2_0018_ICR-1_p08
345.110884013,373.142179389,28.031295376,Other,random,ethyl addition (-H2O),28.031300150,RC2_0018_ICR-1_p08
385.163312792,413.194608168,28.031295376,Other,random,ethyl addition (-H2O),28.031300150,RC2_0018_ICR-1_p08
465.189517794,493.220813170,28.031295376,Other,random,ethyl addition (-H2O),28.031300150,RC2_0018_ICR-1_p08
469.041078136,497.072373512,28.031295376,Other,random,ethyl addition (-H2O),28.031300150,RC2_0018_ICR-1_p08
651.266199459,679.297494835,28.031295376,Other,random,ethyl addition (-H2O),28.031300150,RC2_0018_ICR-1_p08
313.108102969,341.139398345,28.031295376,Other,random,ethyl addition (-H2O),28.031300150,RC2_0018_ICR-1_p08
473.181647853,501.212943229,28.031295376,Other,random,ethyl addition (-H2O),28.031300150,RC2_0018_ICR-1_p08
298.093205400,326.124501776,28.031296376,Other,random,ethyl addition (-H2O),28.031300150,RC2_0018_ICR-1_p08
389.054478912,417.085775288,28.031296376,Other,random,ethyl addition (-H2O),28.031300150,RC2_0018_ICR-1_p08
469.144603554,497.175899930,28.031296376,Other,random,ethyl addition (-H2O),28.031300150,RC2_0018_ICR-1_p08
503.046527919,531.077824295,28.031296376,Other,random,ethyl addition (-H2O),28.031300150,RC2_0018_ICR-1_p08
539.104213161,567.135509537,28.031296376,Other,random,ethyl addition (-H2O),28.031300150,RC2_0018_ICR-1_p08
421.077519842,449.108817218,28.031297376,Other,random,ethyl addition (-H2O),28.031300150,RC2_0018_ICR-1_p08
511.101302626,539.132600002,28.031297376,Other,random,ethyl addition (-H2O),28.031300150,RC2_0018_ICR-1_p08
305.103027982,333.134325358,28.031297376,Other,random,ethyl addition (-H2O),28.031300150,RC2_0018_ICR-1_p08
523.145683898,551.176981274,28.031297376,Other,random,ethyl addition (-H2O),28.031300150,RC2_0018_ICR-1_p08
574.178005936,602.209303313,28.031297376,Other,random,ethyl addition (-H2O),28.031300150,RC2_0018_ICR-1_p08
365.051176886,393.082475262,28.031298376,Other,random,ethyl addition (-H2O),28.031300150,RC2_0018_ICR-1_p08
637.105014089,665.136312465,28.031298376,Other,random,ethyl addition (-H2O),28.031300150,RC2_0018_ICR-1_p08
687.230011229,715.261309606,28.031298376,Other,random,ethyl addition (-H2O),28.031300150,RC2_0018_ICR-1_p08
323.040768116,351.072066492,28.031298376,Other,random,ethyl addition (-H2O),28.031300150,RC2_0018_ICR-1_p08
341.079680681,369.110979057,28.031298376,Other,random,ethyl addition (-H2O),28.031300150,RC2_0018_ICR-1_p08
419.134597767,447.165896143,28.031298376,Other,random,ethyl addition (-H2O),28.031300150,RC2_0018_ICR-1_p08
429.103636710,457.134935086,28.031298376,Other,random,ethyl addition (-H2O),28.031300150,RC2_0018_ICR-1_p08
499.218370445,527.249668821,28.031298376,Other,random,ethyl addition (-H2O),28.031300150,RC2_0018_ICR-1_p08
306.098296386,334.129594762,28.031298376,Other,random,ethyl addition (-H2O),28.031300150,RC2_0018_ICR-1_p08
761.231228110,789.262526486,28.031298376,Other,random,ethyl addition (-H2O),28.031300150,RC2_0018_ICR-1_p08
483.187024591,511.218323967,28.031299376,Other,random,ethyl addition (-H2O),28.031300150,RC2_0018_ICR-1_p08
503.241538822,531.272838198,28.031299376,Other,random,ethyl addition (-H2O),28.031300150,RC2_0018_ICR-1_p08
537.210813808,565.242113184,28.031299376,Other,random,ethyl addition (-H2O),28.031300150,RC2_0018_ICR-1_p08
603.172138898,631.203438275,28.031299376,Other,random,ethyl addition (-H2O),28.031300150,RC2_0018_ICR-1_p08
270.061906023,298.093205400,28.031299376,Other,random,ethyl addition (-H2O),28.031300150,RC2_0018_ICR-1_p08
313.129155850,341.160455226,28.031299376,Other,random,ethyl addition (-H2O),28.031300150,RC2_0018_ICR-1_p08
425.100678219,453.131977595,28.031299376,Other,random,ethyl addition (-H2O),28.031300150,RC2_0018_ICR-1_p08
440.132743692,468.164043068,28.031299376,Other,random,ethyl addition (-H2O),28.031300150,RC2_0018_ICR-1_p08
455.111377465,483.142676841,28.031299376,Other,random,ethyl addition (-H2O),28.031300150,RC2_0018_ICR-1_p08
493.220813170,521.252112546,28.031299376,Other,random,ethyl addition (-H2O),28.031300150,RC2_0018_ICR-1_p08
637.141245885,665.172545262,28.031299376,Other,random,ethyl addition (-H2O),28.031300150,RC2_0018_ICR-1_p08
285.040472797,313.071773173,28.031300376,Other,random,ethyl addition (-H2O),28.031300150,RC2_0018_ICR-1_p08
351.121423215,379.152723591,28.031300376,Other,random,ethyl addition (-H2O),28.031300150,RC2_0018_ICR-1_p08
323.113527707,351.144828083,28.031300376,Other,random,ethyl addition (-H2O),28.031300150,RC2_0018_ICR-1_p08
317.116081431,345.147382807,28.031301376,Other,random,ethyl addition (-H2O),28.031300150,RC2_0018_ICR-1_p08
341.043135886,369.074437262,28.031301376,Other,random,ethyl addition (-H2O),28.031300150,RC2_0018_ICR-1_p08
453.212787141,481.244088517,28.031301376,Other,random,ethyl addition (-H2O),28.031300150,RC2_0018_ICR-1_p08
545.252370589,573.283671965,28.031301376,Other,random,ethyl addition (-H2O),28.031300150,RC2_0018_ICR-1_p08
819.272509736,847.303811112,28.031301376,Other,random,ethyl addition (-H2O),28.031300150,RC2_0018_ICR-1_p08
339.064064015,367.095366391,28.031302376,Other,random,ethyl addition (-H2O),28.031300150,RC2_0018_ICR-1_p08
489.176519912,517.207822288,28.031302376,Other,random,ethyl addition (-H2O),28.031300150,RC2_0018_ICR-1_p08
345.155401762,373.186705138,28.031303376,Other,random,ethyl addition (-H2O),28.031300150,RC2_0018_ICR-1_p08
381.155172331,409.186475707,28.031303376,Other,random,ethyl addition (-H2O),28.031300150,RC2_0018_ICR-1_p08
403.043515249,431.074818626,28.031303376,Other,random,ethyl addition (-H2O),28.031300150,RC2_0018_ICR-1_p08
425.036009583,453.067312959,28.031303376,Other,random,ethyl addition (-H2O),28.031300150,RC2_0018_ICR-1_p08
441.168368868,469.199672244,28.031303376,Other,random,ethyl addition (-H2O),28.031300150,RC2_0018_ICR-1_p08
373.069405798,401.100709174,28.031303376,Other,random,ethyl addition (-H2O),28.031300150,RC2_0018_ICR-1_p08
381.118962534,409.150265910,28.031303376,Other,random,ethyl addition (-H2O),28.031300150,RC2_0018_ICR-1_p08
415.116319362,443.147622738,28.031303376,Other,random,ethyl addition (-H2O),28.031300150,RC2_0018_ICR-1_p08
603.244816490,631.276119866,28.031303376,Other,random,ethyl addition (-H2O),28.031300150,RC2_0018_ICR-1_p08
363.035617219,391.066921595,28.031304376,Other,random,ethyl addition (-H2O),28.031300150,RC2_0018_ICR-1_p08
423.093122508,451.124426884,28.031304376,Other,random,ethyl addition (-H2O),28.031300150,RC2_0018_ICR-1_p08
427.116403884,455.147708260,28.031304376,Other,random,ethyl addition (-H2O),28.031300150,RC2_0018_ICR-1_p08
457.113929204,485.145233580,28.031304376,Other,random,ethyl addition (-H2O),28.031300150,RC2_0018_ICR-1_p08
565.229142257,593.260446633,28.031304376,Other,random,ethyl addition (-H2O),28.031300150,RC2_0018_ICR-1_p08
611.125589175,639.156893551,28.031304376,Other,random,ethyl addition (-H2O),28.031300150,RC2_0018_ICR-1_p08
340.030947578,368.062251954,28.031304376,Other,random,ethyl addition (-H2O),28.031300150,RC2_0018_ICR-1_p08
371.071500032,399.102804409,28.031304376,Other,random,ethyl addition (-H2O),28.031300150,RC2_0018_ICR-1_p08
417.140156982,445.171461358,28.031304376,Other,random,ethyl addition (-H2O),28.031300150,RC2_0018_ICR-1_p08
423.087576539,451.118880915,28.031304376,Other,random,ethyl addition (-H2O),28.031300150,RC2_0018_ICR-1_p08
495.223426909,523.254731285,28.031304376,Other,random,ethyl addition (-H2O),28.031300150,RC2_0018_ICR-1_p08
319.154999966,347.186304342,28.031304376,Other,random,ethyl addition (-H2O),28.031300150,RC2_0018_ICR-1_p08
335.126517156,363.157821532,28.031304376,Other,random,ethyl addition (-H2O),28.031300150,RC2_0018_ICR-1_p08
343.095244347,371.126548723,28.031304376,Other,random,ethyl addition (-H2O),28.031300150,RC2_0018_ICR-1_p08
367.066843551,395.098147927,28.031304376,Other,random,ethyl addition (-H2O),28.031300150,RC2_0018_ICR-1_p08
389.051210930,417.082515306,28.031304376,Other,random,ethyl addition (-H2O),28.031300150,RC2_0018_ICR-1_p08
431.082920580,459.114224956,28.031304376,Other,random,ethyl addition (-H2O),28.031300150,RC2_0018_ICR-1_p08
445.098510768,473.129815144,28.031304376,Other,random,ethyl addition (-H2O),28.031300150,RC2_0018_ICR-1_p08
477.067436003,505.098740379,28.031304376,Other,random,ethyl addition (-H2O),28.031300150,RC2_0018_ICR-1_p08
311.077148389,339.108453765,28.031305376,Other,random,ethyl addition (-H2O),28.031300150,RC2_0018_ICR-1_p08
335.053840565,363.085145941,28.031305376,Other,random,ethyl addition (-H2O),28.031300150,RC2_0018_ICR-1_p08
459.114224956,487.145530332,28.031305376,Other,random,ethyl addition (-H2O),28.031300150,RC2_0018_ICR-1_p08
541.083562031,569.114867407,28.031305376,Other,random,ethyl addition (-H2O),28.031300150,RC2_0018_ICR-1_p08
609.182713100,637.214018476,28.031305376,Other,random,ethyl addition (-H2O),28.031300150,RC2_0018_ICR-1_p08
609.109939509,637.141245885,28.031306376,Other,random,ethyl addition (-H2O),28.031300150,RC2_0018_ICR-1_p08
377.087578203,405.118884579,28.031306376,Other,random,ethyl addition (-H2O),28.031300150,RC2_0018_ICR-1_p08
541.184646463,569.215952839,28.031306376,Other,random,ethyl addition (-H2O),28.031300150,RC2_0018_ICR-1_p08
441.103707232,469.135013608,28.031306376,Other,random,ethyl addition (-H2O),28.031300150,RC2_0018_ICR-1_p08
286.093252877,314.124560253,28.031307376,Other,random,ethyl addition (-H2O),28.031300150,RC2_0018_ICR-1_p08
316.046147448,344.077454824,28.031307376,Other,random,ethyl addition (-H2O),28.031300150,RC2_0018_ICR-1_p08
521.166497028,549.197804404,28.031307376,Other,random,ethyl addition (-H2O),28.031300150,RC2_0018_ICR-1_p08
312.072382793,340.103690169,28.031307376,Other,random,ethyl addition (-H2O),28.031300150,RC2_0018_ICR-1_p08
392.062176999,420.093484375,28.031307376,Other,random,ethyl addition (-H2O),28.031300150,RC2_0018_ICR-1_p08
737.230826068,765.262134444,28.031308376,Other,random,ethyl addition (-H2O),28.031300150,RC2_0018_ICR-1_p08
334.056802171,362.088110547,28.031308376,Other,random,ethyl addition (-H2O),28.031300150,RC2_0018_ICR-1_p08
381.074393785,409.105702161,28.031308376,Other,random,ethyl addition (-H2O),28.031300150,RC2_0018_ICR-1_p08
421.040962047,449.072270423,28.031308376,Other,random,ethyl addition (-H2O),28.031300150,RC2_0018_ICR-1_p08
471.142678318,499.173986694,28.031308376,Other,random,ethyl addition (-H2O),28.031300150,RC2_0018_ICR-1_p08
499.197161564,527.228469940,28.031308376,Other,random,ethyl addition (-H2O),28.031300150,RC2_0018_ICR-1_p08
501.270596905,529.301905281,28.031308376,Other,random,ethyl addition (-H2O),28.031300150,RC2_0018_ICR-1_p08
589.229026303,617.260334679,28.031308376,Other,random,ethyl addition (-H2O),28.031300150,RC2_0018_ICR-1_p08
627.229757619,655.261065995,28.031308376,Other,random,ethyl addition (-H2O),28.031300150,RC2_0018_ICR-1_p08
513.124954246,541.156262622,28.031308376,Other,random,ethyl addition (-H2O),28.031300150,RC2_0018_ICR-1_p08
256.046348835,284.077658211,28.031309376,Other,random,ethyl addition (-H2O),28.031300150,RC2_0018_ICR-1_p08
299.092446781,327.123756157,28.031309376,Other,random,ethyl addition (-H2O),28.031300150,RC2_0018_ICR-1_p08
731.219892868,759.251202244,28.031309376,Other,random,ethyl addition (-H2O),28.031300150,RC2_0018_ICR-1_p08
535.086025756,563.117335132,28.031309376,Other,random,ethyl addition (-H2O),28.031300150,RC2_0018_ICR-1_p08
321.097860041,349.129169417,28.031309376,Other,random,ethyl addition (-H2O),28.031300150,RC2_0018_ICR-1_p08
465.067479480,493.098788856,28.031309376,Other,random,ethyl addition (-H2O),28.031300150,RC2_0018_ICR-1_p08
418.114236505,446.145545881,28.031309376,Other,random,ethyl addition (-H2O),28.031300150,RC2_0018_ICR-1_p08
306.061955590,335.052110575,28.990154984,Other,random,H_1N1O1,28.990164000,RC2_0018_ICR-1_p08
323.113527707,352.103682691,28.990154984,Other,random,H_1N1O1,28.990164000,RC2_0018_ICR-1_p08
365.173435198,394.163591182,28.990155984,Other,random,H_1N1O1,28.990164000,RC2_0018_ICR-1_p08
261.040570752,290.030728736,28.990157984,Other,random,H_1N1O1,28.990164000,RC2_0018_ICR-1_p08
310.129613717,339.119773701,28.990159984,Other,random,H_1N1O1,28.990164000,RC2_0018_ICR-1_p08
337.092826099,366.082986084,28.990159984,Other,random,H_1N1O1,28.990164000,RC2_0018_ICR-1_p08
343.045791625,372.035951609,28.990159984,Other,random,H_1N1O1,28.990164000,RC2_0018_ICR-1_p08
317.116081431,346.106242416,28.990160984,Other,random,H_1N1O1,28.990164000,RC2_0018_ICR-1_p08
485.072425989,514.062586974,28.990160984,Other,random,H_1N1O1,28.990164000,RC2_0018_ICR-1_p08
283.155192398,312.145353382,28.990160984,Other,random,H_1N1O1,28.990164000,RC2_0018_ICR-1_p08
273.040585274,302.030747258,28.990161984,Other,random,H_1N1O1,28.990164000,RC2_0018_ICR-1_p08
505.135115174,534.125277159,28.990161984,Other,random,H_1N1O1,28.990164000,RC2_0018_ICR-1_p08
359.040778683,388.030941667,28.990162984,Other,random,H_1N1O1,28.990164000,RC2_0018_ICR-1_p08
379.079975000,408.070137984,28.990162984,Other,random,H_1N1O1,28.990164000,RC2_0018_ICR-1_p08
321.097860041,350.088024025,28.990163984,Other,random,H_1N1O1,28.990164000,RC2_0018_ICR-1_p08
289.092914009,318.083079994,28.990165984,Other,random,H_1N1O1,28.990164000,RC2_0018_ICR-1_p08
363.102799842,392.092965826,28.990165984,Other,random,H_1N1O1,28.990164000,RC2_0018_ICR-1_p08
493.135089652,522.125257636,28.990167984,Other,random,H_1N1O1,28.990164000,RC2_0018_ICR-1_p08
421.077519842,450.067688826,28.990168984,Other,random,H_1N1O1,28.990164000,RC2_0018_ICR-1_p08
257.066755097,286.056924081,28.990168984,Other,random,H_1N1O1,28.990164000,RC2_0018_ICR-1_p08
429.095608755,458.085777739,28.990168984,Other,random,H_1N1O1,28.990164000,RC2_0018_ICR-1_p08
269.066697620,298.056867604,28.990169984,Other,random,H_1N1O1,28.990164000,RC2_0018_ICR-1_p08
519.078013771,548.068184756,28.990170984,Other,random,H_1N1O1,28.990164000,RC2_0018_ICR-1_p08
333.097938563,362.088110547,28.990171984,Other,random,H_1N1O1,28.990164000,RC2_0018_ICR-1_p08
277.071783606,306.061955590,28.990171984,Other,random,H_1N1O1,28.990164000,RC2_0018_ICR-1_p08
309.097919519,338.088091503,28.990171984,Other,random,H_1N1O1,28.990164000,RC2_0018_ICR-1_p08
285.134387269,314.124560253,28.990172984,Other,random,H_1N1O1,28.990164000,RC2_0018_ICR-1_p08
239.056189373,268.046363357,28.990173984,Other,random,H_1N1O1,28.990164000,RC2_0018_ICR-1_p08
251.128963486,280.119137470,28.990173984,Other,random,H_1N1O1,28.990164000,RC2_0018_ICR-1_p08
259.082407763,288.108947542,29.026539780,Other,random,CH3N,29.026549000,RC2_0018_ICR-1_p08
261.098025429,290.124565208,29.026539780,Other,random,CH3N,29.026549000,RC2_0018_ICR-1_p08
345.038086422,374.064626202,29.026539780,Other,random,CH3N,29.026549000,RC2_0018_ICR-1_p08
283.118813603,312.145353382,29.026539780,Other,random,CH3N,29.026549000,RC2_0018_ICR-1_p08
311.077148389,340.103690169,29.026541780,Other,random,CH3N,29.026549000,RC2_0018_ICR-1_p08
361.050712381,390.077254161,29.026541780,Other,random,CH3N,29.026549000,RC2_0018_ICR-1_p08
493.135089652,522.161631432,29.026541780,Other,random,CH3N,29.026549000,RC2_0018_ICR-1_p08
415.043661771,444.070206551,29.026544780,Other,random,CH3N,29.026549000,RC2_0018_ICR-1_p08
239.019818577,268.046363357,29.026544780,Other,random,CH3N,29.026549000,RC2_0018_ICR-1_p08
431.074818626,460.101363405,29.026544780,Other,random,CH3N,29.026549000,RC2_0018_ICR-1_p08
261.076909547,290.103455327,29.026545780,Other,random,CH3N,29.026549000,RC2_0018_ICR-1_p08
267.087528749,296.114075528,29.026546780,Other,random,CH3N,29.026549000,RC2_0018_ICR-1_p08
329.066630232,358.093177011,29.026546780,Other,random,CH3N,29.026549000,RC2_0018_ICR-1_p08
357.074526739,386.101073519,29.026546780,Other,random,CH3N,29.026549000,RC2_0018_ICR-1_p08
325.020085986,354.046633766,29.026547780,Other,random,CH3N,29.026549000,RC2_0018_ICR-1_p08
447.056618758,476.083166537,29.026547780,Other,random,CH3N,29.026549000,RC2_0018_ICR-1_p08
359.077076479,388.103624258,29.026547780,Other,random,CH3N,29.026549000,RC2_0018_ICR-1_p08
495.199854042,524.226401821,29.026547780,Other,random,CH3N,29.026549000,RC2_0018_ICR-1_p08
252.051450299,281.077998078,29.026547780,Other,random,CH3N,29.026549000,RC2_0018_ICR-1_p08
305.030254392,334.056802171,29.026547780,Other,random,CH3N,29.026549000,RC2_0018_ICR-1_p08
285.098011473,314.124560253,29.026548780,Other,random,CH3N,29.026549000,RC2_0018_ICR-1_p08
443.074762148,472.101310928,29.026548780,Other,random,CH3N,29.026549000,RC2_0018_ICR-1_p08
591.135684581,620.162233361,29.026548780,Other,random,CH3N,29.026549000,RC2_0018_ICR-1_p08
255.051107431,284.077658211,29.026550780,Other,random,CH3N,29.026549000,RC2_0018_ICR-1_p08
368.062251954,397.088802734,29.026550780,Other,random,CH3N,29.026549000,RC2_0018_ICR-1_p08
247.082414240,276.108965020,29.026550780,Other,random,CH3N,29.026549000,RC2_0018_ICR-1_p08
413.015025178,442.041576958,29.026551780,Other,random,CH3N,29.026549000,RC2_0018_ICR-1_p08
353.100663085,382.127214865,29.026551780,Other,random,CH3N,29.026549000,RC2_0018_ICR-1_p08
549.052398221,578.078951001,29.026552780,Other,random,CH3N,29.026549000,RC2_0018_ICR-1_p08
317.030323914,346.056878693,29.026554780,Other,random,CH3N,29.026549000,RC2_0018_ICR-1_p08
477.030962208,506.057516987,29.026554780,Other,random,CH3N,29.026549000,RC2_0018_ICR-1_p08
415.116319362,444.142874142,29.026554780,Other,random,CH3N,29.026549000,RC2_0018_ICR-1_p08
555.099244219,584.125800999,29.026556780,Other,random,CH3N,29.026549000,RC2_0018_ICR-1_p08
292.082762197,321.109318977,29.026556780,Other,random,CH3N,29.026549000,RC2_0018_ICR-1_p08
338.088091503,367.114650282,29.026558780,Other,random,CH3N,29.026549000,RC2_0018_ICR-1_p08
237.076959502,266.103518282,29.026558780,Other,random,CH3N,29.026549000,RC2_0018_ICR-1_p08
443.038386353,472.101310928,29.062924575,Other,random,C2H7N1O_1,29.062934000,RC2_0018_ICR-1_p08
329.030249436,358.093177011,29.062927575,Other,random,C2H7N1O_1,29.062934000,RC2_0018_ICR-1_p08
289.092914009,318.155843585,29.062929575,Other,random,C2H7N1O_1,29.062934000,RC2_0018_ICR-1_p08
569.151171203,598.214100778,29.062929575,Other,random,C2H7N1O_1,29.062934000,RC2_0018_ICR-1_p08
323.077086912,352.140017487,29.062930575,Other,random,C2H7N1O_1,29.062934000,RC2_0018_ICR-1_p08
353.043211408,382.106141983,29.062930575,Other,random,C2H7N1O_1,29.062934000,RC2_0018_ICR-1_p08
551.067893888,580.130826463,29.062932575,Other,random,C2H7N1O_1,29.062934000,RC2_0018_ICR-1_p08
413.015025178,442.077958753,29.062933575,Other,random,C2H7N1O_1,29.062934000,RC2_0018_ICR-1_p08
647.125330744,676.188264319,29.062933575,Other,random,C2H7N1O_1,29.062934000,RC2_0018_ICR-1_p08
281.030325346,310.093259922,29.062934575,Other,random,C2H7N1O_1,29.062934000,RC2_0018_ICR-1_p08
493.062323061,522.125257636,29.062934575,Other,random,C2H7N1O_1,29.062934000,RC2_0018_ICR-1_p08
465.030992685,494.093928260,29.062935575,Other,random,C2H7N1O_1,29.062934000,RC2_0018_ICR-1_p08
535.072765831,564.135701406,29.062935575,Other,random,C2H7N1O_1,29.062934000,RC2_0018_ICR-1_p08
280.046341880,309.109277455,29.062935575,Other,random,C2H7N1O_1,29.062934000,RC2_0018_ICR-1_p08
290.030728736,319.093665311,29.062936575,Other,random,C2H7N1O_1,29.062934000,RC2_0018_ICR-1_p08
501.030870253,530.093806828,29.062936575,Other,random,C2H7N1O_1,29.062934000,RC2_0018_ICR-1_p08
305.066657187,334.129594762,29.062937575,Other,random,C2H7N1O_1,29.062934000,RC2_0018_ICR-1_p08
569.114867407,598.177806982,29.062939575,Other,random,C2H7N1O_1,29.062934000,RC2_0018_ICR-1_p08
379.066939073,408.129878648,29.062939575,Other,random,C2H7N1O_1,29.062934000,RC2_0018_ICR-1_p08
445.054161018,474.117101593,29.062940575,Other,random,C2H7N1O_1,29.062934000,RC2_0018_ICR-1_p08
571.130568073,600.193508648,29.062940575,Other,random,C2H7N1O_1,29.062934000,RC2_0018_ICR-1_p08
417.059259437,446.122201012,29.062941575,Other,random,C2H7N1O_1,29.062934000,RC2_0018_ICR-1_p08
343.045791625,372.108733200,29.062941575,Other,random,C2H7N1O_1,29.062934000,RC2_0018_ICR-1_p08
391.097647423,421.054063974,29.956416551,Other,random,H_2S1,29.956422000,RC2_0018_ICR-1_p08
459.123901902,489.080318453,29.956416551,Other,random,H_2S1,29.956422000,RC2_0018_ICR-1_p08
357.118880490,387.075297041,29.956416551,Other,random,H_2S1,29.956422000,RC2_0018_ICR-1_p08
387.066365091,417.022781642,29.956416551,Other,random,H_2S1,29.956422000,RC2_0018_ICR-1_p08
359.144237101,389.100655652,29.956418551,Other,random,H_2S1,29.956422000,RC2_0018_ICR-1_p08
401.118398075,431.074818626,29.956420551,Other,random,H_2S1,29.956422000,RC2_0018_ICR-1_p08
485.176008407,515.132429958,29.956421551,Other,random,H_2S1,29.956422000,RC2_0018_ICR-1_p08
245.103145370,275.059571921,29.956426551,Other,random,H_2S1,29.956422000,RC2_0018_ICR-1_p08
241.108254834,271.064682385,29.956427551,Other,random,H_2S1,29.956422000,RC2_0018_ICR-1_p08
361.113917025,391.070345576,29.956428551,Other,random,H_2S1,29.956422000,RC2_0018_ICR-1_p08
385.186550662,415.142981212,29.956430551,Other,random,H_2S1,29.956422000,RC2_0018_ICR-1_p08
447.124015379,477.080445930,29.956430551,Other,random,H_2S1,29.956422000,RC2_0018_ICR-1_p08
345.118953967,375.075385518,29.956431551,Other,random,H_2S1,29.956422000,RC2_0018_ICR-1_p08
261.040570752,291.014741203,29.974170451,Other,random,H_2O2,29.974180000,RC2_0018_ICR-1_p08
256.082753630,286.056924081,29.974170451,Other,random,H_2O2,29.974180000,RC2_0018_ICR-1_p08
361.129068940,391.103239391,29.974170451,Other,random,H_2O2,29.974180000,RC2_0018_ICR-1_p08
245.045631693,275.019802144,29.974170451,Other,random,H_2O2,29.974180000,RC2_0018_ICR-1_p08
274.035732678,304.009903129,29.974170451,Other,random,H_2O2,29.974180000,RC2_0018_ICR-1_p08
467.192190533,497.166360984,29.974170451,Other,random,H_2O2,29.974180000,RC2_0018_ICR-1_p08
595.094318321,625.068488772,29.974170451,Other,random,H_2O2,29.974180000,RC2_0018_ICR-1_p08
319.191344762,349.165516213,29.974171451,Other,random,H_2O2,29.974180000,RC2_0018_ICR-1_p08
341.160455226,371.134626678,29.974171451,Other,random,H_2O2,29.974180000,RC2_0018_ICR-1_p08
365.196847066,395.171018518,29.974171451,Other,random,H_2O2,29.974180000,RC2_0018_ICR-1_p08
259.061289881,289.035461332,29.974171451,Other,random,H_2O2,29.974180000,RC2_0018_ICR-1_p08
311.105509230,341.079680681,29.974171451,Other,random,H_2O2,29.974180000,RC2_0018_ICR-1_p08
415.116319362,445.090490813,29.974171451,Other,random,H_2O2,29.974180000,RC2_0018_ICR-1_p08
503.168954230,533.143125681,29.974171451,Other,random,H_2O2,29.974180000,RC2_0018_ICR-1_p08
315.181230311,345.155401762,29.974171451,Other,random,H_2O2,29.974180000,RC2_0018_ICR-1_p08
457.108306236,487.082477687,29.974171451,Other,random,H_2O2,29.974180000,RC2_0018_ICR-1_p08
429.191678215,459.165850666,29.974172451,Other,random,H_2O2,29.974180000,RC2_0018_ICR-1_p08
444.093525420,474.067697871,29.974172451,Other,random,H_2O2,29.974180000,RC2_0018_ICR-1_p08
506.093609784,536.067782236,29.974172451,Other,random,H_2O2,29.974180000,RC2_0018_ICR-1_p08
378.119259402,408.093431853,29.974172451,Other,random,H_2O2,29.974180000,RC2_0018_ICR-1_p08
398.173762633,428.147935084,29.974172451,Other,random,H_2O2,29.974180000,RC2_0018_ICR-1_p08
459.215459387,489.189632838,29.974173451,Other,random,H_2O2,29.974180000,RC2_0018_ICR-1_p08
625.157051274,655.131224725,29.974173451,Other,random,H_2O2,29.974180000,RC2_0018_ICR-1_p08
239.128991963,269.103165415,29.974173451,Other,random,H_2O2,29.974180000,RC2_0018_ICR-1_p08
346.056878693,376.031052144,29.974173451,Other,random,H_2O2,29.974180000,RC2_0018_ICR-1_p08
375.085130463,405.059303914,29.974173451,Other,random,H_2O2,29.974180000,RC2_0018_ICR-1_p08
371.040600206,401.014774657,29.974174451,Other,random,H_2O2,29.974180000,RC2_0018_ICR-1_p08
441.249112414,471.223286865,29.974174451,Other,random,H_2O2,29.974180000,RC2_0018_ICR-1_p08
367.058966596,397.033141047,29.974174451,Other,random,H_2O2,29.974180000,RC2_0018_ICR-1_p08
459.187075546,489.161249997,29.974174451,Other,random,H_2O2,29.974180000,RC2_0018_ICR-1_p08
307.118651648,337.092826099,29.974174451,Other,random,H_2O2,29.974180000,RC2_0018_ICR-1_p08
388.103624258,418.077798710,29.974174451,Other,random,H_2O2,29.974180000,RC2_0018_ICR-1_p08
493.090726901,523.064902353,29.974175451,Other,random,H_2O2,29.974180000,RC2_0018_ICR-1_p08
315.050994044,345.025170495,29.974176451,Other,random,H_2O2,29.974180000,RC2_0018_ICR-1_p08
355.113010769,385.087187220,29.974176451,Other,random,H_2O2,29.974180000,RC2_0018_ICR-1_p08
516.078316639,546.052493090,29.974176451,Other,random,H_2O2,29.974180000,RC2_0018_ICR-1_p08
725.194207751,755.168384203,29.974176451,Other,random,H_2O2,29.974180000,RC2_0018_ICR-1_p08
245.139529165,275.113706616,29.974177451,Other,random,H_2O2,29.974180000,RC2_0018_ICR-1_p08
265.144605674,295.118783125,29.974177451,Other,random,H_2O2,29.974180000,RC2_0018_ICR-1_p08
309.134276314,339.108453765,29.974177451,Other,random,H_2O2,29.974180000,RC2_0018_ICR-1_p08
383.040847727,413.015025178,29.974177451,Other,random,H_2O2,29.974180000,RC2_0018_ICR-1_p08
473.231122575,503.205300026,29.974177451,Other,random,H_2O2,29.974180000,RC2_0018_ICR-1_p08
376.103754735,406.077932186,29.974177451,Other,random,H_2O2,29.974180000,RC2_0018_ICR-1_p08
389.118343553,419.092521004,29.974177451,Other,random,H_2O2,29.974180000,RC2_0018_ICR-1_p08
507.236636357,537.210813808,29.974177451,Other,random,H_2O2,29.974180000,RC2_0018_ICR-1_p08
539.213403547,569.187580998,29.974177451,Other,random,H_2O2,29.974180000,RC2_0018_ICR-1_p08
577.221022825,607.195200276,29.974177451,Other,random,H_2O2,29.974180000,RC2_0018_ICR-1_p08
691.261197561,721.235375013,29.974177451,Other,random,H_2O2,29.974180000,RC2_0018_ICR-1_p08
441.067310436,471.041488887,29.974178451,Other,random,H_2O2,29.974180000,RC2_0018_ICR-1_p08
271.155146876,301.129325327,29.974178451,Other,random,H_2O2,29.974180000,RC2_0018_ICR-1_p08
337.178558617,367.152737068,29.974178451,Other,random,H_2O2,29.974180000,RC2_0018_ICR-1_p08
339.144749561,369.118928012,29.974178451,Other,random,H_2O2,29.974180000,RC2_0018_ICR-1_p08
371.199370313,401.173548765,29.974178451,Other,random,H_2O2,29.974180000,RC2_0018_ICR-1_p08
632.242623431,662.216801882,29.974178451,Other,random,H_2O2,29.974180000,RC2_0018_ICR-1_p08
633.219121940,663.193301391,29.974179451,Other,random,H_2O2,29.974180000,RC2_0018_ICR-1_p08
233.154789557,263.128969008,29.974179451,Other,random,H_2O2,29.974180000,RC2_0018_ICR-1_p08
293.077986601,323.052166052,29.974179451,Other,random,H_2O2,29.974180000,RC2_0018_ICR-1_p08
365.160373272,395.134552723,29.974179451,Other,random,H_2O2,29.974180000,RC2_0018_ICR-1_p08
479.192105055,509.166284506,29.974179451,Other,random,H_2O2,29.974180000,RC2_0018_ICR-1_p08
487.088198655,517.062378106,29.974179451,Other,random,H_2O2,29.974180000,RC2_0018_ICR-1_p08
348.108732155,378.082911606,29.974179451,Other,random,H_2O2,29.974180000,RC2_0018_ICR-1_p08
685.141868971,715.116048422,29.974179451,Other,random,H_2O2,29.974180000,RC2_0018_ICR-1_p08
241.144638629,271.118818080,29.974179451,Other,random,H_2O2,29.974180000,RC2_0018_ICR-1_p08
573.197959447,603.172138898,29.974179451,Other,random,H_2O2,29.974180000,RC2_0018_ICR-1_p08
609.182713100,639.156893551,29.974180451,Other,random,H_2O2,29.974180000,RC2_0018_ICR-1_p08
387.121390782,417.095571233,29.974180451,Other,random,H_2O2,29.974180000,RC2_0018_ICR-1_p08
461.175933363,491.150113814,29.974180451,Other,random,H_2O2,29.974180000,RC2_0018_ICR-1_p08
569.151171203,599.125351654,29.974180451,Other,random,H_2O2,29.974180000,RC2_0018_ICR-1_p08
635.234939605,665.209120056,29.974180451,Other,random,H_2O2,29.974180000,RC2_0018_ICR-1_p08
520.109607971,550.083789422,29.974181451,Other,random,H_2O2,29.974180000,RC2_0018_ICR-1_p08
325.056400782,355.030582233,29.974181451,Other,random,H_2O2,29.974180000,RC2_0018_ICR-1_p08
427.160753635,457.134935086,29.974181451,Other,random,H_2O2,29.974180000,RC2_0018_ICR-1_p08
469.144603554,499.118785005,29.974181451,Other,random,H_2O2,29.974180000,RC2_0018_ICR-1_p08
497.130112187,527.104293638,29.974181451,Other,random,H_2O2,29.974180000,RC2_0018_ICR-1_p08
325.121149418,355.095331869,29.974182451,Other,random,H_2O2,29.974180000,RC2_0018_ICR-1_p08
388.116576186,418.090758637,29.974182451,Other,random,H_2O2,29.974180000,RC2_0018_ICR-1_p08
419.147673694,449.121856145,29.974182451,Other,random,H_2O2,29.974180000,RC2_0018_ICR-1_p08
425.209777605,455.183960056,29.974182451,Other,random,H_2O2,29.974180000,RC2_0018_ICR-1_p08
441.131933073,471.106115524,29.974182451,Other,random,H_2O2,29.974180000,RC2_0018_ICR-1_p08
375.102827364,405.077009815,29.974182451,Other,random,H_2O2,29.974180000,RC2_0018_ICR-1_p08
299.092446781,329.066630232,29.974183451,Other,random,H_2O2,29.974180000,RC2_0018_ICR-1_p08
347.090232882,377.064416333,29.974183451,Other,random,H_2O2,29.974180000,RC2_0018_ICR-1_p08
357.082606694,387.056790145,29.974183451,Other,random,H_2O2,29.974180000,RC2_0018_ICR-1_p08
607.167062434,637.141245885,29.974183451,Other,random,H_2O2,29.974180000,RC2_0018_ICR-1_p08
425.100678219,455.074861670,29.974183451,Other,random,H_2O2,29.974180000,RC2_0018_ICR-1_p08
505.111842305,535.086025756,29.974183451,Other,random,H_2O2,29.974180000,RC2_0018_ICR-1_p08
357.074526739,387.048711190,29.974184451,Other,random,H_2O2,29.974180000,RC2_0018_ICR-1_p08
401.108736129,431.082920580,29.974184451,Other,random,H_2O2,29.974180000,RC2_0018_ICR-1_p08
671.125586787,701.099771238,29.974184451,Other,random,H_2O2,29.974180000,RC2_0018_ICR-1_p08
415.066942640,445.041127091,29.974184451,Other,random,H_2O2,29.974180000,RC2_0018_ICR-1_p08
457.171345881,487.145530332,29.974184451,Other,random,H_2O2,29.974180000,RC2_0018_ICR-1_p08
607.203274231,637.177458682,29.974184451,Other,random,H_2O2,29.974180000,RC2_0018_ICR-1_p08
633.109988554,663.084173005,29.974184451,Other,random,H_2O2,29.974180000,RC2_0018_ICR-1_p08
393.204837574,423.179023025,29.974185451,Other,random,H_2O2,29.974180000,RC2_0018_ICR-1_p08
511.101302626,541.075488077,29.974185451,Other,random,H_2O2,29.974180000,RC2_0018_ICR-1_p08
359.098238360,389.072423811,29.974185451,Other,random,H_2O2,29.974180000,RC2_0018_ICR-1_p08
427.233648225,457.207833676,29.974185451,Other,random,H_2O2,29.974180000,RC2_0018_ICR-1_p08
547.254855329,577.229041780,29.974186451,Other,random,H_2O2,29.974180000,RC2_0018_ICR-1_p08
596.198811110,626.172997561,29.974186451,Other,random,H_2O2,29.974180000,RC2_0018_ICR-1_p08
373.095967649,403.070154100,29.974186451,Other,random,H_2O2,29.974180000,RC2_0018_ICR-1_p08
443.155628693,473.129815144,29.974186451,Other,random,H_2O2,29.974180000,RC2_0018_ICR-1_p08
587.213506636,617.187693087,29.974186451,Other,random,H_2O2,29.974180000,RC2_0018_ICR-1_p08
443.098265016,473.072452467,29.974187451,Other,random,H_2O2,29.974180000,RC2_0018_ICR-1_p08
339.072047970,369.046235421,29.974187451,Other,random,H_2O2,29.974180000,RC2_0018_ICR-1_p08
564.172324200,594.146511651,29.974187451,Other,random,H_2O2,29.974180000,RC2_0018_ICR-1_p08
715.261309606,745.235497057,29.974187451,Other,random,H_2O2,29.974180000,RC2_0018_ICR-1_p08
243.123870500,273.098058951,29.974188451,Other,random,H_2O2,29.974180000,RC2_0018_ICR-1_p08
401.173548765,431.147737215,29.974188451,Other,random,H_2O2,29.974180000,RC2_0018_ICR-1_p08
565.229142257,595.203330708,29.974188451,Other,random,H_2O2,29.974180000,RC2_0018_ICR-1_p08
303.123750112,333.097938563,29.974188451,Other,random,H_2O2,29.974180000,RC2_0018_ICR-1_p08
249.040526230,279.014714681,29.974188451,Other,random,H_2O2,29.974180000,RC2_0018_ICR-1_p08
351.157790010,381.131978461,29.974188451,Other,random,H_2O2,29.974180000,RC2_0018_ICR-1_p08
387.175585477,417.149773928,29.974188451,Other,random,H_2O2,29.974180000,RC2_0018_ICR-1_p08
551.176981274,581.151169725,29.974188451,Other,random,H_2O2,29.974180000,RC2_0018_ICR-1_p08
463.051512816,493.025702267,29.974189451,Other,random,H_2O2,29.974180000,RC2_0018_ICR-1_p08
499.210334490,529.184523941,29.974189451,Other,random,H_2O2,29.974180000,RC2_0018_ICR-1_p08
590.188043910,620.162233361,29.974189451,Other,random,H_2O2,29.974180000,RC2_0018_ICR-1_p08
373.150226344,403.124415795,29.974189451,Other,random,H_2O2,29.974180000,RC2_0018_ICR-1_p08
382.106141983,412.080331434,29.974189451,Other,random,H_2O2,29.974180000,RC2_0018_ICR-1_p08
483.114298000,513.088487451,29.974189451,Other,random,H_2O2,29.974180000,RC2_0018_ICR-1_p08
597.247289215,627.245272532,29.997983317,Other,random,O1N1,29.997989000,RC2_0018_ICR-1_p08
523.173982739,553.171977056,29.997994317,Other,random,O1N1,29.997989000,RC2_0018_ICR-1_p08
729.253205927,759.251202244,29.997996317,Other,random,O1N1,29.997989000,RC2_0018_ICR-1_p08
525.207101307,555.217656553,30.010555246,Other,random,C1H2O1,30.010565000,RC2_0018_ICR-1_p08
527.132596479,557.143151726,30.010555246,Other,random,C1H2O1,30.010565000,RC2_0018_ICR-1_p08
267.014717158,297.025272405,30.010555246,Other,random,C1H2O1,30.010565000,RC2_0018_ICR-1_p08
345.074575217,375.085130463,30.010555246,Other,random,C1H2O1,30.010565000,RC2_0018_ICR-1_p08
347.116715734,377.127270980,30.010555246,Other,random,C1H2O1,30.010565000,RC2_0018_ICR-1_p08
351.121423215,381.131978461,30.010555246,Other,random,C1H2O1,30.010565000,RC2_0018_ICR-1_p08
353.116060998,383.126616245,30.010555246,Other,random,C1H2O1,30.010565000,RC2_0018_ICR-1_p08
691.188377971,721.198933217,30.010555246,Other,random,C1H2O1,30.010565000,RC2_0018_ICR-1_p08
343.095244347,373.105800593,30.010556246,Other,random,C1H2O1,30.010565000,RC2_0018_ICR-1_p08
359.080383460,389.090939707,30.010556246,Other,random,C1H2O1,30.010565000,RC2_0018_ICR-1_p08
499.254678241,529.265234487,30.010556246,Other,random,C1H2O1,30.010565000,RC2_0018_ICR-1_p08
501.103798843,531.114355089,30.010556246,Other,random,C1H2O1,30.010565000,RC2_0018_ICR-1_p08
528.078475161,558.089031407,30.010556246,Other,random,C1H2O1,30.010565000,RC2_0018_ICR-1_p08
271.061260404,301.071816650,30.010556246,Other,random,C1H2O1,30.010565000,RC2_0018_ICR-1_p08
401.051288452,431.061844698,30.010556246,Other,random,C1H2O1,30.010565000,RC2_0018_ICR-1_p08
519.078013771,549.088571018,30.010557246,Other,random,C1H2O1,30.010565000,RC2_0018_ICR-1_p08
705.167649364,735.178206610,30.010557246,Other,random,C1H2O1,30.010565000,RC2_0018_ICR-1_p08
285.170673065,315.181230311,30.010557246,Other,random,C1H2O1,30.010565000,RC2_0018_ICR-1_p08
266.103518282,296.114075528,30.010557246,Other,random,C1H2O1,30.010565000,RC2_0018_ICR-1_p08
305.078038123,335.088595369,30.010557246,Other,random,C1H2O1,30.010565000,RC2_0018_ICR-1_p08
375.194106850,405.204664097,30.010557246,Other,random,C1H2O1,30.010565000,RC2_0018_ICR-1_p08
403.124415795,433.134973041,30.010557246,Other,random,C1H2O1,30.010565000,RC2_0018_ICR-1_p08
611.270956358,641.281513604,30.010557246,Other,random,C1H2O1,30.010565000,RC2_0018_ICR-1_p08
395.134552723,425.145109969,30.010557246,Other,random,C1H2O1,30.010565000,RC2_0018_ICR-1_p08
369.025124540,399.035682786,30.010558246,Other,random,C1H2O1,30.010565000,RC2_0018_ICR-1_p08
555.236741446,585.247299692,30.010558246,Other,random,C1H2O1,30.010565000,RC2_0018_ICR-1_p08
569.260483588,599.271041835,30.010558246,Other,random,C1H2O1,30.010565000,RC2_0018_ICR-1_p08
373.087070699,403.097628945,30.010558246,Other,random,C1H2O1,30.010565000,RC2_0018_ICR-1_p08
430.090805159,460.101363405,30.010558246,Other,random,C1H2O1,30.010565000,RC2_0018_ICR-1_p08
417.168295824,447.178854070,30.010558246,Other,random,C1H2O1,30.010565000,RC2_0018_ICR-1_p08
443.101391998,473.111950245,30.010558246,Other,random,C1H2O1,30.010565000,RC2_0018_ICR-1_p08
305.139378778,335.149938024,30.010559246,Other,random,C1H2O1,30.010565000,RC2_0018_ICR-1_p08
323.077086912,353.087646158,30.010559246,Other,random,C1H2O1,30.010565000,RC2_0018_ICR-1_p08
417.085775288,447.096334534,30.010559246,Other,random,C1H2O1,30.010565000,RC2_0018_ICR-1_p08
417.118983101,447.129542348,30.010559246,Other,random,C1H2O1,30.010565000,RC2_0018_ICR-1_p08
425.036009583,455.046568829,30.010559246,Other,random,C1H2O1,30.010565000,RC2_0018_ICR-1_p08
431.098258494,461.108817740,30.010559246,Other,random,C1H2O1,30.010565000,RC2_0018_ICR-1_p08
465.212867663,495.223426909,30.010559246,Other,random,C1H2O1,30.010565000,RC2_0018_ICR-1_p08
523.246829330,553.257388576,30.010559246,Other,random,C1H2O1,30.010565000,RC2_0018_ICR-1_p08
285.126192315,315.136751561,30.010559246,Other,random,C1H2O1,30.010565000,RC2_0018_ICR-1_p08
403.160778590,433.171337837,30.010559246,Other,random,C1H2O1,30.010565000,RC2_0018_ICR-1_p08
415.097642467,445.108201714,30.010559246,Other,random,C1H2O1,30.010565000,RC2_0018_ICR-1_p08
485.202792256,515.213351503,30.010559246,Other,random,C1H2O1,30.010565000,RC2_0018_ICR-1_p08
483.223435387,513.233995633,30.010560246,Other,random,C1H2O1,30.010565000,RC2_0018_ICR-1_p08
243.051137909,273.061698155,30.010560246,Other,random,C1H2O1,30.010565000,RC2_0018_ICR-1_p08
309.170708109,339.181268356,30.010560246,Other,random,C1H2O1,30.010565000,RC2_0018_ICR-1_p08
441.059184482,471.069744729,30.010560246,Other,random,C1H2O1,30.010565000,RC2_0018_ICR-1_p08
547.145740943,577.156302189,30.010561246,Other,random,C1H2O1,30.010565000,RC2_0018_ICR-1_p08
245.103145370,275.113706616,30.010561246,Other,random,C1H2O1,30.010565000,RC2_0018_ICR-1_p08
347.186304342,377.196865589,30.010561246,Other,random,C1H2O1,30.010565000,RC2_0018_ICR-1_p08
553.257388576,583.267949822,30.010561246,Other,random,C1H2O1,30.010565000,RC2_0018_ICR-1_p08
655.188528403,685.199089650,30.010561246,Other,random,C1H2O1,30.010565000,RC2_0018_ICR-1_p08
351.194251805,381.204814051,30.010562246,Other,random,C1H2O1,30.010565000,RC2_0018_ICR-1_p08
433.186487751,463.197049998,30.010562246,Other,random,C1H2O1,30.010565000,RC2_0018_ICR-1_p08
525.116956814,555.127519060,30.010562246,Other,random,C1H2O1,30.010565000,RC2_0018_ICR-1_p08
499.036474468,529.047036714,30.010562246,Other,random,C1H2O1,30.010565000,RC2_0018_ICR-1_p08
351.181172879,381.191735125,30.010562246,Other,random,C1H2O1,30.010565000,RC2_0018_ICR-1_p08
441.204777663,471.215339910,30.010562246,Other,random,C1H2O1,30.010565000,RC2_0018_ICR-1_p08
485.108694786,515.119257032,30.010562246,Other,random,C1H2O1,30.010565000,RC2_0018_ICR-1_p08
491.082961191,521.093523438,30.010562246,Other,random,C1H2O1,30.010565000,RC2_0018_ICR-1_p08
541.221045258,571.231607504,30.010562246,Other,random,C1H2O1,30.010565000,RC2_0018_ICR-1_p08
241.108254834,271.118818080,30.010563246,Other,random,C1H2O1,30.010565000,RC2_0018_ICR-1_p08
349.056375827,379.066939073,30.010563246,Other,random,C1H2O1,30.010565000,RC2_0018_ICR-1_p08
419.129046798,449.139610045,30.010563246,Other,random,C1H2O1,30.010565000,RC2_0018_ICR-1_p08
476.156369126,506.166932372,30.010563246,Other,random,C1H2O1,30.010565000,RC2_0018_ICR-1_p08
531.114355089,561.124918336,30.010563246,Other,random,C1H2O1,30.010565000,RC2_0018_ICR-1_p08
335.186283820,365.196847066,30.010563246,Other,random,C1H2O1,30.010565000,RC2_0018_ICR-1_p08
485.145233580,515.155796827,30.010563246,Other,random,C1H2O1,30.010565000,RC2_0018_ICR-1_p08
583.231603027,613.242166273,30.010563246,Other,random,C1H2O1,30.010565000,RC2_0018_ICR-1_p08
483.215245433,513.225809679,30.010564246,Other,random,C1H2O1,30.010565000,RC2_0018_ICR-1_p08
549.197804404,579.208368650,30.010564246,Other,random,C1H2O1,30.010565000,RC2_0018_ICR-1_p08
621.291620010,651.302184257,30.010564246,Other,random,C1H2O1,30.010565000,RC2_0018_ICR-1_p08
361.069333276,391.079897522,30.010564246,Other,random,C1H2O1,30.010565000,RC2_0018_ICR-1_p08
749.230687591,779.241251837,30.010564246,Other,random,C1H2O1,30.010565000,RC2_0018_ICR-1_p08
245.066780574,275.077344821,30.010564246,Other,random,C1H2O1,30.010565000,RC2_0018_ICR-1_p08
479.147798304,509.158362551,30.010564246,Other,random,C1H2O1,30.010565000,RC2_0018_ICR-1_p08
462.177255732,492.187820979,30.010565246,Other,random,C1H2O1,30.010565000,RC2_0018_ICR-1_p08
477.189641315,507.200206562,30.010565246,Other,random,C1H2O1,30.010565000,RC2_0018_ICR-1_p08
535.246948851,565.257514098,30.010565246,Other,random,C1H2O1,30.010565000,RC2_0018_ICR-1_p08
231.030005505,261.040570752,30.010565246,Other,random,C1H2O1,30.010565000,RC2_0018_ICR-1_p08
503.119455509,533.130020755,30.010565246,Other,random,C1H2O1,30.010565000,RC2_0018_ICR-1_p08
381.168303257,411.178869503,30.010566246,Other,random,C1H2O1,30.010565000,RC2_0018_ICR-1_p08
385.150271866,415.160838112,30.010566246,Other,random,C1H2O1,30.010565000,RC2_0018_ICR-1_p08
397.113852593,427.124418839,30.010566246,Other,random,C1H2O1,30.010565000,RC2_0018_ICR-1_p08
459.114224956,489.124791202,30.010566246,Other,random,C1H2O1,30.010565000,RC2_0018_ICR-1_p08
505.062199584,535.072765831,30.010566246,Other,random,C1H2O1,30.010565000,RC2_0018_ICR-1_p08
455.128979366,485.139545612,30.010566246,Other,random,C1H2O1,30.010565000,RC2_0018_ICR-1_p08
541.192766417,571.203333663,30.010567246,Other,random,C1H2O1,30.010565000,RC2_0018_ICR-1_p08
303.087371317,333.097938563,30.010567246,Other,random,C1H2O1,30.010565000,RC2_0018_ICR-1_p08
385.056375394,415.066942640,30.010567246,Other,random,C1H2O1,30.010565000,RC2_0018_ICR-1_p08
399.102804409,429.113371655,30.010567246,Other,random,C1H2O1,30.010565000,RC2_0018_ICR-1_p08
405.113319611,435.123886857,30.010567246,Other,random,C1H2O1,30.010565000,RC2_0018_ICR-1_p08
504.099638997,534.110206243,30.010567246,Other,random,C1H2O1,30.010565000,RC2_0018_ICR-1_p08
491.113851018,521.124418264,30.010567246,Other,random,C1H2O1,30.010565000,RC2_0018_ICR-1_p08
539.205385592,569.215952839,30.010567246,Other,random,C1H2O1,30.010565000,RC2_0018_ICR-1_p08
313.165601645,343.176169892,30.010568246,Other,random,C1H2O1,30.010565000,RC2_0018_ICR-1_p08
423.165949098,453.176517345,30.010568246,Other,random,C1H2O1,30.010565000,RC2_0018_ICR-1_p08
493.098788856,523.109357103,30.010568246,Other,random,C1H2O1,30.010565000,RC2_0018_ICR-1_p08
555.062903423,585.073471670,30.010568246,Other,random,C1H2O1,30.010565000,RC2_0018_ICR-1_p08
571.158789914,601.169358160,30.010568246,Other,random,C1H2O1,30.010565000,RC2_0018_ICR-1_p08
357.110821535,387.121390782,30.010569246,Other,random,C1H2O1,30.010565000,RC2_0018_ICR-1_p08
398.122059923,428.132629170,30.010569246,Other,random,C1H2O1,30.010565000,RC2_0018_ICR-1_p08
469.113834727,499.124403973,30.010569246,Other,random,C1H2O1,30.010565000,RC2_0018_ICR-1_p08
471.114236478,501.124805725,30.010569246,Other,random,C1H2O1,30.010565000,RC2_0018_ICR-1_p08
535.086025756,565.096595003,30.010569246,Other,random,C1H2O1,30.010565000,RC2_0018_ICR-1_p08
436.051976638,466.062545885,30.010569246,Other,random,C1H2O1,30.010565000,RC2_0018_ICR-1_p08
483.150726795,513.161296042,30.010569246,Other,random,C1H2O1,30.010565000,RC2_0018_ICR-1_p08
237.076959502,267.087528749,30.010569246,Other,random,C1H2O1,30.010565000,RC2_0018_ICR-1_p08
555.127519060,585.138088306,30.010569246,Other,random,C1H2O1,30.010565000,RC2_0018_ICR-1_p08
553.221032780,583.231603027,30.010570246,Other,random,C1H2O1,30.010565000,RC2_0018_ICR-1_p08
402.112035487,432.122605734,30.010570246,Other,random,C1H2O1,30.010565000,RC2_0018_ICR-1_p08
429.082634828,459.093205074,30.010570246,Other,random,C1H2O1,30.010565000,RC2_0018_ICR-1_p08
280.046341880,310.056912126,30.010570246,Other,random,C1H2O1,30.010565000,RC2_0018_ICR-1_p08
387.066365091,417.076935338,30.010570246,Other,random,C1H2O1,30.010565000,RC2_0018_ICR-1_p08
401.087688247,431.098258494,30.010570246,Other,random,C1H2O1,30.010565000,RC2_0018_ICR-1_p08
403.079860045,433.090430291,30.010570246,Other,random,C1H2O1,30.010565000,RC2_0018_ICR-1_p08
573.125126857,603.135697103,30.010570246,Other,random,C1H2O1,30.010565000,RC2_0018_ICR-1_p08
373.041127957,403.051699203,30.010571246,Other,random,C1H2O1,30.010565000,RC2_0018_ICR-1_p08
325.092754577,355.103325824,30.010571246,Other,random,C1H2O1,30.010565000,RC2_0018_ICR-1_p08
481.199660767,511.210232013,30.010571246,Other,random,C1H2O1,30.010565000,RC2_0018_ICR-1_p08
549.234280199,579.244851445,30.010571246,Other,random,C1H2O1,30.010565000,RC2_0018_ICR-1_p08
319.058918506,349.069490753,30.010572246,Other,random,C1H2O1,30.010565000,RC2_0018_ICR-1_p08
347.126554678,377.137126925,30.010572246,Other,random,C1H2O1,30.010565000,RC2_0018_ICR-1_p08
439.116384407,469.126956653,30.010572246,Other,random,C1H2O1,30.010565000,RC2_0018_ICR-1_p08
249.040526230,279.051098476,30.010572246,Other,random,C1H2O1,30.010565000,RC2_0018_ICR-1_p08
427.088122043,457.098694290,30.010572246,Other,random,C1H2O1,30.010565000,RC2_0018_ICR-1_p08
433.077400365,463.087972611,30.010572246,Other,random,C1H2O1,30.010565000,RC2_0018_ICR-1_p08
677.136544986,707.147117233,30.010572246,Other,random,C1H2O1,30.010565000,RC2_0018_ICR-1_p08
497.194532825,527.205106072,30.010573246,Other,random,C1H2O1,30.010565000,RC2_0018_ICR-1_p08
329.051322318,359.061895564,30.010573246,Other,random,C1H2O1,30.010565000,RC2_0018_ICR-1_p08
417.132059028,447.142632274,30.010573246,Other,random,C1H2O1,30.010565000,RC2_0018_ICR-1_p08
443.134601812,473.145175058,30.010573246,Other,random,C1H2O1,30.010565000,RC2_0018_ICR-1_p08
321.134254837,351.144828083,30.010573246,Other,random,C1H2O1,30.010565000,RC2_0018_ICR-1_p08
567.114809654,597.125382900,30.010573246,Other,random,C1H2O1,30.010565000,RC2_0018_ICR-1_p08
485.139545612,515.150119858,30.010574246,Other,random,C1H2O1,30.010565000,RC2_0018_ICR-1_p08
269.066697620,299.077271866,30.010574246,Other,random,C1H2O1,30.010565000,RC2_0018_ICR-1_p08
427.152741680,457.163315926,30.010574246,Other,random,C1H2O1,30.010565000,RC2_0018_ICR-1_p08
457.090650335,487.101224581,30.010574246,Other,random,C1H2O1,30.010565000,RC2_0018_ICR-1_p08
459.056776279,489.067350525,30.010574246,Other,random,C1H2O1,30.010565000,RC2_0018_ICR-1_p08
524.104782505,554.115356752,30.010574246,Other,random,C1H2O1,30.010565000,RC2_0018_ICR-1_p08
677.209119578,707.219693825,30.010574246,Other,random,C1H2O1,30.010565000,RC2_0018_ICR-1_p08
713.136582553,743.147156800,30.010574246,Other,random,C1H2O1,30.010565000,RC2_0018_ICR-1_p08
781.256485506,811.267059752,30.010574246,Other,random,C1H2O1,30.010565000,RC2_0018_ICR-1_p08
315.144827516,345.155401762,30.010574246,Other,random,C1H2O1,30.010565000,RC2_0018_ICR-1_p08
353.173524675,383.184098922,30.010574246,Other,random,C1H2O1,30.010565000,RC2_0018_ICR-1_p08
501.116793770,532.081036654,30.964242884,Other,random,H_1S1,30.964247000,RC2_0018_ICR-1_p08
429.132088550,460.096342433,30.964253884,Other,random,H_1S1,30.964247000,RC2_0018_ICR-1_p08
508.109697448,539.083452278,30.973754830,Other,random,Inorganic Phosphate,30.973763400,RC2_0018_ICR-1_p08
394.090718592,425.064480422,30.973761830,Other,random,Inorganic Phosphate,30.973763400,RC2_0018_ICR-1_p08
500.088994549,531.062760379,30.973765830,Other,random,Inorganic Phosphate,30.973763400,RC2_0018_ICR-1_p08
422.158205765,453.131977595,30.973771830,Other,random,Inorganic Phosphate,30.973763400,RC2_0018_ICR-1_p08
622.214751819,653.188523649,30.973771830,Other,random,Inorganic Phosphate,30.973763400,RC2_0018_ICR-1_p08
297.072783138,328.067354851,30.994571713,Other,random,CHN_1O2,30.994581000,RC2_0018_ICR-1_p08
374.100948997,405.095520711,30.994571713,Other,random,CHN_1O2,30.994581000,RC2_0018_ICR-1_p08
488.083442058,519.078013771,30.994571713,Other,random,CHN_1O2,30.994581000,RC2_0018_ICR-1_p08
298.093205400,329.087778113,30.994572713,Other,random,CHN_1O2,30.994581000,RC2_0018_ICR-1_p08
352.140017487,383.134591200,30.994573713,Other,random,CHN_1O2,30.994581000,RC2_0018_ICR-1_p08
388.116576186,419.111150899,30.994574713,Other,random,CHN_1O2,30.994581000,RC2_0018_ICR-1_p08
320.041097984,351.035673697,30.994575713,Other,random,CHN_1O2,30.994581000,RC2_0018_ICR-1_p08
580.094533667,611.089109380,30.994575713,Other,random,CHN_1O2,30.994581000,RC2_0018_ICR-1_p08
440.062167088,471.056742802,30.994575713,Other,random,CHN_1O2,30.994581000,RC2_0018_ICR-1_p08
334.093073967,365.087650681,30.994576713,Other,random,CHN_1O2,30.994581000,RC2_0018_ICR-1_p08
534.125277159,565.119853872,30.994576713,Other,random,CHN_1O2,30.994581000,RC2_0018_ICR-1_p08
343.070048489,374.064626202,30.994577713,Other,random,CHN_1O2,30.994581000,RC2_0018_ICR-1_p08
418.114236505,449.108817218,30.994580713,Other,random,CHN_1O2,30.994581000,RC2_0018_ICR-1_p08
350.051620230,381.046201943,30.994581713,Other,random,CHN_1O2,30.994581000,RC2_0018_ICR-1_p08
440.046907174,471.041488887,30.994581713,Other,random,CHN_1O2,30.994581000,RC2_0018_ICR-1_p08
618.110322899,649.104905612,30.994582713,Other,random,CHN_1O2,30.994581000,RC2_0018_ICR-1_p08
382.106141983,413.100724696,30.994582713,Other,random,CHN_1O2,30.994581000,RC2_0018_ICR-1_p08
478.171700793,509.166284506,30.994583713,Other,random,CHN_1O2,30.994581000,RC2_0018_ICR-1_p08
492.151100185,523.145683898,30.994583713,Other,random,CHN_1O2,30.994581000,RC2_0018_ICR-1_p08
392.147940517,423.142526230,30.994585713,Other,random,CHN_1O2,30.994581000,RC2_0018_ICR-1_p08
464.119708810,495.114294523,30.994585713,Other,random,CHN_1O2,30.994581000,RC2_0018_ICR-1_p08
448.051934161,479.046519874,30.994585713,Other,random,CHN_1O2,30.994581000,RC2_0018_ICR-1_p08
312.108791588,343.103378301,30.994586713,Other,random,CHN_1O2,30.994581000,RC2_0018_ICR-1_p08
526.083793377,557.078380090,30.994586713,Other,random,CHN_1O2,30.994581000,RC2_0018_ICR-1_p08
362.210249861,393.204837574,30.994587713,Other,random,CHN_1O2,30.994581000,RC2_0018_ICR-1_p08
485.129858667,516.124447380,30.994588713,Other,random,CHN_1O2,30.994581000,RC2_0018_ICR-1_p08
446.036372495,477.030962208,30.994589713,Other,random,CHN_1O2,30.994581000,RC2_0018_ICR-1_p08
498.125370591,529.119961304,30.994590713,Other,random,CHN_1O2,30.994581000,RC2_0018_ICR-1_p08
269.103165415,300.108970065,31.005804650,Other,random,H1N1O1,31.005814000,RC2_0018_ICR-1_p08
447.165896143,478.171700793,31.005804650,Other,random,H1N1O1,31.005814000,RC2_0018_ICR-1_p08
525.104094886,556.109899536,31.005804650,Other,random,H1N1O1,31.005814000,RC2_0018_ICR-1_p08
261.098025429,292.103831079,31.005805650,Other,random,H1N1O1,31.005814000,RC2_0018_ICR-1_p08
501.103798843,532.109604493,31.005805650,Other,random,H1N1O1,31.005814000,RC2_0018_ICR-1_p08
443.098265016,474.104071666,31.005806650,Other,random,H1N1O1,31.005814000,RC2_0018_ICR-1_p08
363.144866605,394.150673255,31.005806650,Other,random,H1N1O1,31.005814000,RC2_0018_ICR-1_p08
331.176165369,362.181972020,31.005806650,Other,random,H1N1O1,31.005814000,RC2_0018_ICR-1_p08
517.062378106,548.068184756,31.005806650,Other,random,H1N1O1,31.005814000,RC2_0018_ICR-1_p08
287.019806667,318.025615317,31.005808650,Other,random,H1N1O1,31.005814000,RC2_0018_ICR-1_p08
305.030254392,336.036064042,31.005809650,Other,random,H1N1O1,31.005814000,RC2_0018_ICR-1_p08
433.113898159,464.119708810,31.005810650,Other,random,H1N1O1,31.005814000,RC2_0018_ICR-1_p08
469.113834727,500.119645377,31.005810650,Other,random,H1N1O1,31.005814000,RC2_0018_ICR-1_p08
251.056215895,282.062028545,31.005812650,Other,random,H1N1O1,31.005814000,RC2_0018_ICR-1_p08
299.092446781,330.098259431,31.005812650,Other,random,H1N1O1,31.005814000,RC2_0018_ICR-1_p08
279.051098476,310.056912126,31.005813650,Other,random,H1N1O1,31.005814000,RC2_0018_ICR-1_p08
449.108817218,480.114630868,31.005813650,Other,random,H1N1O1,31.005814000,RC2_0018_ICR-1_p08
459.093205074,490.099018724,31.005813650,Other,random,H1N1O1,31.005814000,RC2_0018_ICR-1_p08
249.040526230,280.046341880,31.005815650,Other,random,H1N1O1,31.005814000,RC2_0018_ICR-1_p08
399.157730100,430.163545750,31.005815650,Other,random,H1N1O1,31.005814000,RC2_0018_ICR-1_p08
366.082986084,397.088802734,31.005816650,Other,random,H1N1O1,31.005814000,RC2_0018_ICR-1_p08
255.051107431,286.056924081,31.005816650,Other,random,H1N1O1,31.005814000,RC2_0018_ICR-1_p08
357.097807608,388.103624258,31.005816650,Other,random,H1N1O1,31.005814000,RC2_0018_ICR-1_p08
377.124061998,408.129878648,31.005816650,Other,random,H1N1O1,31.005814000,RC2_0018_ICR-1_p08
231.030005505,262.035823155,31.005817650,Other,random,H1N1O1,31.005814000,RC2_0018_ICR-1_p08
245.103145370,276.108965020,31.005819650,Other,random,H1N1O1,31.005814000,RC2_0018_ICR-1_p08
375.144860127,406.150679777,31.005819650,Other,random,H1N1O1,31.005814000,RC2_0018_ICR-1_p08
409.041086524,440.046907174,31.005820650,Other,random,H1N1O1,31.005814000,RC2_0018_ICR-1_p08
473.108721263,504.114541913,31.005820650,Other,random,H1N1O1,31.005814000,RC2_0018_ICR-1_p08
393.059256392,424.065078042,31.005821650,Other,random,H1N1O1,31.005814000,RC2_0018_ICR-1_p08
503.119455509,534.125277159,31.005821650,Other,random,H1N1O1,31.005814000,RC2_0018_ICR-1_p08
543.078023816,574.083845466,31.005821650,Other,random,H1N1O1,31.005814000,RC2_0018_ICR-1_p08
557.151237680,588.157059330,31.005821650,Other,random,H1N1O1,31.005814000,RC2_0018_ICR-1_p08
487.088198655,518.094021304,31.005822650,Other,random,H1N1O1,31.005814000,RC2_0018_ICR-1_p08
321.097860041,352.103682691,31.005822650,Other,random,H1N1O1,31.005814000,RC2_0018_ICR-1_p08
261.040570752,292.082762197,31.042191445,Other,random,C1H5N1,31.042200000,RC2_0018_ICR-1_p08
257.066755097,288.108947542,31.042192445,Other,random,C1H5N1,31.042200000,RC2_0018_ICR-1_p08
355.022549278,386.064741723,31.042192445,Other,random,C1H5N1,31.042200000,RC2_0018_ICR-1_p08
447.020366961,478.062559407,31.042192445,Other,random,C1H5N1,31.042200000,RC2_0018_ICR-1_p08
429.046294032,460.088487478,31.042193445,Other,random,C1H5N1,31.042200000,RC2_0018_ICR-1_p08
347.040717161,378.082911606,31.042194445,Other,random,C1H5N1,31.042200000,RC2_0018_ICR-1_p08
283.082364808,314.124560253,31.042195445,Other,random,C1H5N1,31.042200000,RC2_0018_ICR-1_p08
413.181593242,444.223788687,31.042195445,Other,random,C1H5N1,31.042200000,RC2_0018_ICR-1_p08
485.202792256,516.244987702,31.042195445,Other,random,C1H5N1,31.042200000,RC2_0018_ICR-1_p08
375.085130463,406.127325909,31.042195445,Other,random,C1H5N1,31.042200000,RC2_0018_ICR-1_p08
417.046235510,448.088431956,31.042196445,Other,random,C1H5N1,31.042200000,RC2_0018_ICR-1_p08
279.014714681,310.056912126,31.042197445,Other,random,C1H5N1,31.042200000,RC2_0018_ICR-1_p08
531.244893355,562.287090801,31.042197445,Other,random,C1H5N1,31.042200000,RC2_0018_ICR-1_p08
249.076938025,280.119137470,31.042199445,Other,random,C1H5N1,31.042200000,RC2_0018_ICR-1_p08
455.061803743,486.104004189,31.042200445,Other,random,C1H5N1,31.042200000,RC2_0018_ICR-1_p08
296.041188938,327.083390384,31.042201445,Other,random,C1H5N1,31.042200000,RC2_0018_ICR-1_p08
287.040877548,318.083079994,31.042202445,Other,random,C1H5N1,31.042200000,RC2_0018_ICR-1_p08
417.118983101,448.161186547,31.042203445,Other,random,C1H5N1,31.042200000,RC2_0018_ICR-1_p08
280.046341880,311.088545325,31.042203445,Other,random,C1H5N1,31.042200000,RC2_0018_ICR-1_p08
561.088644540,592.130848985,31.042204445,Other,random,C1H5N1,31.042200000,RC2_0018_ICR-1_p08
251.019823100,282.062028545,31.042205445,Other,random,C1H5N1,31.042200000,RC2_0018_ICR-1_p08
391.066921595,422.109127041,31.042205445,Other,random,C1H5N1,31.042200000,RC2_0018_ICR-1_p08
463.173805128,494.216012574,31.042207445,Other,random,C1H5N1,31.042200000,RC2_0018_ICR-1_p08
535.218544011,566.260751456,31.042207445,Other,random,C1H5N1,31.042200000,RC2_0018_ICR-1_p08
304.009903129,335.052110575,31.042207445,Other,random,C1H5N1,31.042200000,RC2_0018_ICR-1_p08
253.035448766,284.077658211,31.042209445,Other,random,C1H5N1,31.042200000,RC2_0018_ICR-1_p08
397.069323843,428.111533288,31.042209445,Other,random,C1H5N1,31.042200000,RC2_0018_ICR-1_p08
401.108736129,433.054128496,31.945392367,Other,random,H_3Cl1,31.945400000,RC2_0018_ICR-1_p08
411.165945576,443.111341942,31.945396367,Other,random,H_3Cl1,31.945400000,RC2_0018_ICR-1_p08
373.113906548,405.059303914,31.945397367,Other,random,H_3Cl1,31.945400000,RC2_0018_ICR-1_p08
473.202721734,505.148119101,31.945397367,Other,random,H_3Cl1,31.945400000,RC2_0018_ICR-1_p08
333.170585155,365.115983521,31.945398367,Other,random,H_3Cl1,31.945400000,RC2_0018_ICR-1_p08
469.171394403,501.116793770,31.945399367,Other,random,H_3Cl1,31.945400000,RC2_0018_ICR-1_p08
439.124344362,471.069744729,31.945400367,Other,random,H_3Cl1,31.945400000,RC2_0018_ICR-1_p08
439.197276952,471.142678318,31.945401367,Other,random,H_3Cl1,31.945400000,RC2_0018_ICR-1_p08
371.098113883,403.043515249,31.945401367,Other,random,H_3Cl1,31.945400000,RC2_0018_ICR-1_p08
379.139658664,411.085060031,31.945401367,Other,random,H_3Cl1,31.945400000,RC2_0018_ICR-1_p08
377.160298794,409.105702161,31.945403367,Other,random,H_3Cl1,31.945400000,RC2_0018_ICR-1_p08
309.134276314,341.079680681,31.945404367,Other,random,H_3Cl1,31.945400000,RC2_0018_ICR-1_p08
535.218544011,567.163948378,31.945404367,Other,random,H_3Cl1,31.945400000,RC2_0018_ICR-1_p08
483.187024591,515.132429958,31.945405367,Other,random,H_3Cl1,31.945400000,RC2_0018_ICR-1_p08
315.144827516,347.090232882,31.945405367,Other,random,H_3Cl1,31.945400000,RC2_0018_ICR-1_p08
421.223101023,453.168508390,31.945407367,Other,random,H_3Cl1,31.945400000,RC2_0018_ICR-1_p08
285.170673065,317.116081431,31.945408367,Other,random,H_3Cl1,31.945400000,RC2_0018_ICR-1_p08
457.098694290,489.044103656,31.945409367,Other,random,H_3Cl1,31.945400000,RC2_0018_ICR-1_p08
469.244033995,501.189443361,31.945409367,Other,random,H_3Cl1,31.945400000,RC2_0018_ICR-1_p08
733.344260923,765.298565239,31.954304317,Other,random,O_2S2,31.954314000,RC2_0018_ICR-1_p08
599.104238773,631.058558089,31.954319316,Other,random,O_2S2,31.954314000,RC2_0018_ICR-1_p08
753.276152843,785.230475159,31.954322316,Other,random,O_2S2,31.954314000,RC2_0018_ICR-1_p08
255.123872022,287.095934239,31.972062217,Other,random,S1,31.972072000,RC2_0018_ICR-1_p08
309.097919519,341.069981735,31.972062217,Other,random,S1,31.972072000,RC2_0018_ICR-1_p08
417.186078724,449.158141940,31.972063217,Other,random,S1,31.972072000,RC2_0018_ICR-1_p08
385.123507016,417.095571233,31.972064217,Other,random,S1,31.972072000,RC2_0018_ICR-1_p08
437.212226114,469.184293331,31.972067217,Other,random,S1,31.972072000,RC2_0018_ICR-1_p08
443.201690434,475.173757651,31.972067217,Other,random,S1,31.972072000,RC2_0018_ICR-1_p08
405.186014202,437.158083418,31.972069217,Other,random,S1,31.972072000,RC2_0018_ICR-1_p08
385.087187220,417.059259437,31.972072217,Other,random,S1,31.972072000,RC2_0018_ICR-1_p08
385.113696071,417.085775288,31.972079217,Other,random,S1,31.972072000,RC2_0018_ICR-1_p08
303.051037521,335.040857638,31.989820117,Other,random,O2,31.989830000,RC2_0018_ICR-1_p08
475.124497928,507.114318045,31.989820117,Other,random,O2,31.989830000,RC2_0018_ICR-1_p08
292.046318402,324.036139519,31.989821117,Other,random,O2,31.989830000,RC2_0018_ICR-1_p08
401.145151924,433.134973041,31.989821117,Other,random,O2,31.989830000,RC2_0018_ICR-1_p08
270.098313819,302.088134936,31.989821117,Other,random,O2,31.989830000,RC2_0018_ICR-1_p08
481.207678722,513.197499838,31.989821117,Other,random,O2,31.989830000,RC2_0018_ICR-1_p08
467.165492683,499.155314799,31.989822117,Other,random,O2,31.989830000,RC2_0018_ICR-1_p08
633.182723145,665.172545262,31.989822117,Other,random,O2,31.989830000,RC2_0018_ICR-1_p08
639.100045871,671.089867988,31.989822117,Other,random,O2,31.989830000,RC2_0018_ICR-1_p08
769.308764689,801.298586806,31.989822117,Other,random,O2,31.989830000,RC2_0018_ICR-1_p08
315.087322839,347.077144956,31.989822117,Other,random,O2,31.989830000,RC2_0018_ICR-1_p08
489.212869707,521.202691824,31.989822117,Other,random,O2,31.989830000,RC2_0018_ICR-1_p08
485.139545612,517.129368729,31.989823117,Other,random,O2,31.989830000,RC2_0018_ICR-1_p08
315.144827516,347.134650633,31.989823117,Other,random,O2,31.989830000,RC2_0018_ICR-1_p08
331.045794103,363.035617219,31.989823117,Other,random,O2,31.989830000,RC2_0018_ICR-1_p08
373.092669667,405.082492784,31.989823117,Other,random,O2,31.989830000,RC2_0018_ICR-1_p08
615.208632216,647.198455332,31.989823117,Other,random,O2,31.989830000,RC2_0018_ICR-1_p08
699.156907163,731.146730280,31.989823117,Other,random,O2,31.989830000,RC2_0018_ICR-1_p08
278.103435805,310.093259922,31.989824117,Other,random,O2,31.989830000,RC2_0018_ICR-1_p08
373.142179389,405.132003506,31.989824117,Other,random,O2,31.989830000,RC2_0018_ICR-1_p08
445.150241477,477.140065594,31.989824117,Other,random,O2,31.989830000,RC2_0018_ICR-1_p08
446.072735290,478.062559407,31.989824117,Other,random,O2,31.989830000,RC2_0018_ICR-1_p08
251.092540691,283.082364808,31.989824117,Other,random,O2,31.989830000,RC2_0018_ICR-1_p08
387.144773650,419.134597767,31.989824117,Other,random,O2,31.989830000,RC2_0018_ICR-1_p08
551.169045319,583.158869436,31.989824117,Other,random,O2,31.989830000,RC2_0018_ICR-1_p08
341.152354272,373.142179389,31.989825117,Other,random,O2,31.989830000,RC2_0018_ICR-1_p08
373.056418871,405.046243988,31.989825117,Other,random,O2,31.989830000,RC2_0018_ICR-1_p08
443.207255403,475.197080520,31.989825117,Other,random,O2,31.989830000,RC2_0018_ICR-1_p08
569.057398730,601.047223847,31.989825117,Other,random,O2,31.989830000,RC2_0018_ICR-1_p08
363.102799842,395.092624958,31.989825117,Other,random,O2,31.989830000,RC2_0018_ICR-1_p08
425.145109969,457.134935086,31.989825117,Other,random,O2,31.989830000,RC2_0018_ICR-1_p08
298.093205400,330.083030516,31.989825117,Other,random,O2,31.989830000,RC2_0018_ICR-1_p08
239.128991963,271.118818080,31.989826117,Other,random,O2,31.989830000,RC2_0018_ICR-1_p08
265.144605674,297.134431791,31.989826117,Other,random,O2,31.989830000,RC2_0018_ICR-1_p08
342.074800085,374.064626202,31.989826117,Other,random,O2,31.989830000,RC2_0018_ICR-1_p08
349.056375827,381.046201943,31.989826117,Other,random,O2,31.989830000,RC2_0018_ICR-1_p08
363.108321811,395.098147927,31.989826117,Other,random,O2,31.989830000,RC2_0018_ICR-1_p08
509.057255119,541.047081236,31.989826117,Other,random,O2,31.989830000,RC2_0018_ICR-1_p08
539.286189138,571.276015255,31.989826117,Other,random,O2,31.989830000,RC2_0018_ICR-1_p08
555.273013242,587.262839359,31.989826117,Other,random,O2,31.989830000,RC2_0018_ICR-1_p08
286.093252877,318.083079994,31.989827117,Other,random,O2,31.989830000,RC2_0018_ICR-1_p08
411.093030986,443.082858103,31.989827117,Other,random,O2,31.989830000,RC2_0018_ICR-1_p08
565.439299075,597.429126192,31.989827117,Other,random,O2,31.989830000,RC2_0018_ICR-1_p08
367.131645187,399.121472304,31.989827117,Other,random,O2,31.989830000,RC2_0018_ICR-1_p08
319.191344762,351.181172879,31.989828117,Other,random,O2,31.989830000,RC2_0018_ICR-1_p08
431.165428116,463.155256233,31.989828117,Other,random,O2,31.989830000,RC2_0018_ICR-1_p08
462.140552939,494.130381055,31.989828117,Other,random,O2,31.989830000,RC2_0018_ICR-1_p08
445.186743272,477.176571389,31.989828117,Other,random,O2,31.989830000,RC2_0018_ICR-1_p08
473.158290984,505.148119101,31.989828117,Other,random,O2,31.989830000,RC2_0018_ICR-1_p08
544.240291280,576.230119397,31.989828117,Other,random,O2,31.989830000,RC2_0018_ICR-1_p08
707.219693825,739.209521941,31.989828117,Other,random,O2,31.989830000,RC2_0018_ICR-1_p08
319.154999966,351.144828083,31.989828117,Other,random,O2,31.989830000,RC2_0018_ICR-1_p08
455.183960056,487.173788173,31.989828117,Other,random,O2,31.989830000,RC2_0018_ICR-1_p08
315.181230311,347.171059428,31.989829117,Other,random,O2,31.989830000,RC2_0018_ICR-1_p08
359.053821610,391.043650726,31.989829117,Other,random,O2,31.989830000,RC2_0018_ICR-1_p08
419.134597767,451.124426884,31.989829117,Other,random,O2,31.989830000,RC2_0018_ICR-1_p08
419.183991489,451.173820606,31.989829117,Other,random,O2,31.989830000,RC2_0018_ICR-1_p08
653.135959945,685.125789062,31.989829117,Other,random,O2,31.989830000,RC2_0018_ICR-1_p08
673.250660837,705.240489954,31.989829117,Other,random,O2,31.989830000,RC2_0018_ICR-1_p08
747.251422721,779.241251837,31.989829117,Other,random,O2,31.989830000,RC2_0018_ICR-1_p08
310.056912126,342.046742243,31.989830117,Other,random,O2,31.989830000,RC2_0018_ICR-1_p08
559.145854464,591.135684581,31.989830117,Other,random,O2,31.989830000,RC2_0018_ICR-1_p08
319.095298302,351.085128419,31.989830117,Other,random,O2,31.989830000,RC2_0018_ICR-1_p08
375.085130463,407.074960580,31.989830117,Other,random,O2,31.989830000,RC2_0018_ICR-1_p08
428.111533288,460.101363405,31.989830117,Other,random,O2,31.989830000,RC2_0018_ICR-1_p08
671.125586787,703.115417904,31.989831117,Other,random,O2,31.989830000,RC2_0018_ICR-1_p08
481.127144174,513.116975291,31.989831117,Other,random,O2,31.989830000,RC2_0018_ICR-1_p08
443.170845608,475.160676725,31.989831117,Other,random,O2,31.989830000,RC2_0018_ICR-1_p08
483.123809947,515.113641064,31.989831117,Other,random,O2,31.989830000,RC2_0018_ICR-1_p08
607.167062434,639.156893551,31.989831117,Other,random,O2,31.989830000,RC2_0018_ICR-1_p08
415.097642467,447.087474584,31.989832117,Other,random,O2,31.989830000,RC2_0018_ICR-1_p08
443.119421897,475.109254014,31.989832117,Other,random,O2,31.989830000,RC2_0018_ICR-1_p08
455.098366538,487.088198655,31.989832117,Other,random,O2,31.989830000,RC2_0018_ICR-1_p08
493.098788856,525.088620973,31.989832117,Other,random,O2,31.989830000,RC2_0018_ICR-1_p08
327.063989493,359.053821610,31.989832117,Other,random,O2,31.989830000,RC2_0018_ICR-1_p08
389.173446243,421.163278359,31.989832117,Other,random,O2,31.989830000,RC2_0018_ICR-1_p08
533.130020755,565.119853872,31.989833117,Other,random,O2,31.989830000,RC2_0018_ICR-1_p08
449.108817218,481.098650335,31.989833117,Other,random,O2,31.989830000,RC2_0018_ICR-1_p08
303.181260789,335.171093905,31.989833117,Other,random,O2,31.989830000,RC2_0018_ICR-1_p08
387.102687887,419.092521004,31.989833117,Other,random,O2,31.989830000,RC2_0018_ICR-1_p08
569.179525044,601.169358160,31.989833117,Other,random,O2,31.989830000,RC2_0018_ICR-1_p08
381.155172331,413.145006447,31.989834117,Other,random,O2,31.989830000,RC2_0018_ICR-1_p08
419.129046798,451.118880915,31.989834117,Other,random,O2,31.989830000,RC2_0018_ICR-1_p08
357.110821535,389.100655652,31.989834117,Other,random,O2,31.989830000,RC2_0018_ICR-1_p08
405.204664097,437.194498214,31.989834117,Other,random,O2,31.989830000,RC2_0018_ICR-1_p08
417.118983101,449.108817218,31.989834117,Other,random,O2,31.989830000,RC2_0018_ICR-1_p08
605.187624565,637.177458682,31.989834117,Other,random,O2,31.989830000,RC2_0018_ICR-1_p08
539.176951752,571.166786869,31.989835117,Other,random,O2,31.989830000,RC2_0018_ICR-1_p08
387.084980986,419.074816103,31.989835117,Other,random,O2,31.989830000,RC2_0018_ICR-1_p08
463.246650719,495.236485836,31.989835117,Other,random,O2,31.989830000,RC2_0018_ICR-1_p08
511.254704763,543.244539880,31.989835117,Other,random,O2,31.989830000,RC2_0018_ICR-1_p08
327.072060447,359.061895564,31.989835117,Other,random,O2,31.989830000,RC2_0018_ICR-1_p08
379.103195869,411.093030986,31.989835117,Other,random,O2,31.989830000,RC2_0018_ICR-1_p08
443.165255639,475.155090756,31.989835117,Other,random,O2,31.989830000,RC2_0018_ICR-1_p08
445.041127091,477.030962208,31.989835117,Other,random,O2,31.989830000,RC2_0018_ICR-1_p08
243.123870500,275.113706616,31.989836117,Other,random,O2,31.989830000,RC2_0018_ICR-1_p08
417.149773928,449.139610045,31.989836117,Other,random,O2,31.989830000,RC2_0018_ICR-1_p08
541.192766417,573.182602534,31.989836117,Other,random,O2,31.989830000,RC2_0018_ICR-1_p08
327.123756157,359.113592273,31.989836117,Other,random,O2,31.989830000,RC2_0018_ICR-1_p08
455.119437419,487.109273536,31.989836117,Other,random,O2,31.989830000,RC2_0018_ICR-1_p08
441.059184482,473.049020599,31.989836117,Other,random,O2,31.989830000,RC2_0018_ICR-1_p08
339.157891487,371.147728604,31.989837117,Other,random,O2,31.989830000,RC2_0018_ICR-1_p08
487.101224581,519.091061698,31.989837117,Other,random,O2,31.989830000,RC2_0018_ICR-1_p08
457.186682795,489.176519912,31.989837117,Other,random,O2,31.989830000,RC2_0018_ICR-1_p08
469.126956653,501.116793770,31.989837117,Other,random,O2,31.989830000,RC2_0018_ICR-1_p08
481.098650335,513.088487451,31.989837117,Other,random,O2,31.989830000,RC2_0018_ICR-1_p08
579.244851445,611.234688562,31.989837117,Other,random,O2,31.989830000,RC2_0018_ICR-1_p08
579.172082854,611.161919971,31.989837117,Other,random,O2,31.989830000,RC2_0018_ICR-1_p08
304.046225925,336.036064042,31.989838117,Other,random,O2,31.989830000,RC2_0018_ICR-1_p08
425.137064014,457.126902131,31.989838117,Other,random,O2,31.989830000,RC2_0018_ICR-1_p08
317.139331301,349.129169417,31.989838117,Other,random,O2,31.989830000,RC2_0018_ICR-1_p08
443.111341942,475.101180059,31.989838117,Other,random,O2,31.989830000,RC2_0018_ICR-1_p08
327.050940566,359.040778683,31.989838117,Other,random,O2,31.989830000,RC2_0018_ICR-1_p08
387.066365091,419.056203208,31.989838117,Other,random,O2,31.989830000,RC2_0018_ICR-1_p08
413.118363597,445.108201714,31.989838117,Other,random,O2,31.989830000,RC2_0018_ICR-1_p08
479.046519874,511.036358991,31.989839117,Other,random,O2,31.989830000,RC2_0018_ICR-1_p08
503.241538822,535.231377939,31.989839117,Other,random,O2,31.989830000,RC2_0018_ICR-1_p08
689.209094101,721.198933217,31.989839117,Other,random,O2,31.989830000,RC2_0018_ICR-1_p08
263.056167418,295.046006534,31.989839117,Other,random,O2,31.989830000,RC2_0018_ICR-1_p08
369.082494217,401.090943229,32.008449012,Other,random,C1H4O_1S1,32.008457000,RC2_0018_ICR-1_p08
359.061895564,391.070345576,32.008450012,Other,random,C1H4O_1S1,32.008457000,RC2_0018_ICR-1_p08
373.087070699,405.095520711,32.008450012,Other,random,C1H4O_1S1,32.008457000,RC2_0018_ICR-1_p08
413.145006447,445.153456459,32.008450012,Other,random,C1H4O_1S1,32.008457000,RC2_0018_ICR-1_p08
279.087464271,311.095915284,32.008451012,Other,random,C1H4O_1S1,32.008457000,RC2_0018_ICR-1_p08
387.066365091,419.074816103,32.008451012,Other,random,C1H4O_1S1,32.008457000,RC2_0018_ICR-1_p08
429.077029859,461.085483871,32.008454012,Other,random,C1H4O_1S1,32.008457000,RC2_0018_ICR-1_p08
339.035559175,371.044014187,32.008455012,Other,random,C1H4O_1S1,32.008457000,RC2_0018_ICR-1_p08
459.160313697,491.168770709,32.008457012,Other,random,C1H4O_1S1,32.008457000,RC2_0018_ICR-1_p08
255.051107431,287.059565443,32.008458012,Other,random,C1H4O_1S1,32.008457000,RC2_0018_ICR-1_p08
457.108306236,489.116768248,32.008462012,Other,random,C1H4O_1S1,32.008457000,RC2_0018_ICR-1_p08
387.102687887,419.111150899,32.008463012,Other,random,C1H4O_1S1,32.008457000,RC2_0018_ICR-1_p08
421.144589465,453.153052477,32.008463012,Other,random,C1H4O_1S1,32.008457000,RC2_0018_ICR-1_p08
325.056400782,357.082606694,32.026205912,Other,random,C1H4O1,32.026215000,RC2_0018_ICR-1_p08
407.134489245,439.160695158,32.026205912,Other,random,C1H4O1,32.026215000,RC2_0018_ICR-1_p08
414.082996173,446.109202085,32.026205912,Other,random,C1H4O1,32.026215000,RC2_0018_ICR-1_p08
555.150979928,587.177185840,32.026205912,Other,random,C1H4O1,32.026215000,RC2_0018_ICR-1_p08
237.076959502,269.103165415,32.026205912,Other,random,C1H4O1,32.026215000,RC2_0018_ICR-1_p08
425.173619809,457.199825721,32.026205912,Other,random,C1H4O1,32.026215000,RC2_0018_ICR-1_p08
249.113355820,281.139561732,32.026205912,Other,random,C1H4O1,32.026215000,RC2_0018_ICR-1_p08
441.067310436,473.093517349,32.026206912,Other,random,C1H4O1,32.026215000,RC2_0018_ICR-1_p08
315.064025970,347.090232882,32.026206912,Other,random,C1H4O1,32.026215000,RC2_0018_ICR-1_p08
345.097855086,377.124061998,32.026206912,Other,random,C1H4O1,32.026215000,RC2_0018_ICR-1_p08
389.100655652,421.126862564,32.026206912,Other,random,C1H4O1,32.026215000,RC2_0018_ICR-1_p08
429.077029859,461.103236772,32.026206912,Other,random,C1H4O1,32.026215000,RC2_0018_ICR-1_p08
567.062869946,599.089076858,32.026206912,Other,random,C1H4O1,32.026215000,RC2_0018_ICR-1_p08
629.224233404,661.250440316,32.026206912,Other,random,C1H4O1,32.026215000,RC2_0018_ICR-1_p08
243.051137909,275.077344821,32.026206912,Other,random,C1H4O1,32.026215000,RC2_0018_ICR-1_p08
235.024899041,267.051106954,32.026207912,Other,random,C1H4O1,32.026215000,RC2_0018_ICR-1_p08
249.040526230,281.066734142,32.026207912,Other,random,C1H4O1,32.026215000,RC2_0018_ICR-1_p08
252.051450299,284.077658211,32.026207912,Other,random,C1H4O1,32.026215000,RC2_0018_ICR-1_p08
355.030582233,387.056790145,32.026207912,Other,random,C1H4O1,32.026215000,RC2_0018_ICR-1_p08
398.137337838,430.163545750,32.026207912,Other,random,C1H4O1,32.026215000,RC2_0018_ICR-1_p08
486.104004189,518.130212101,32.026207912,Other,random,C1H4O1,32.026215000,RC2_0018_ICR-1_p08
563.205296638,595.231504550,32.026207912,Other,random,C1H4O1,32.026215000,RC2_0018_ICR-1_p08
263.092574213,295.118783125,32.026208912,Other,random,C1H4O1,32.026215000,RC2_0018_ICR-1_p08
447.165896143,479.192105055,32.026208912,Other,random,C1H4O1,32.026215000,RC2_0018_ICR-1_p08
621.255680212,653.281889124,32.026208912,Other,random,C1H4O1,32.026215000,RC2_0018_ICR-1_p08
247.061255359,279.087464271,32.026208912,Other,random,C1H4O1,32.026215000,RC2_0018_ICR-1_p08
335.149938024,367.176146937,32.026208912,Other,random,C1H4O1,32.026215000,RC2_0018_ICR-1_p08
395.090194972,427.116403884,32.026208912,Other,random,C1H4O1,32.026215000,RC2_0018_ICR-1_p08
415.189045953,447.215254866,32.026208912,Other,random,C1H4O1,32.026215000,RC2_0018_ICR-1_p08
313.048365305,345.074575217,32.026209912,Other,random,C1H4O1,32.026215000,RC2_0018_ICR-1_p08
360.121730605,392.147940517,32.026209912,Other,random,C1H4O1,32.026215000,RC2_0018_ICR-1_p08
463.137514333,495.163724245,32.026209912,Other,random,C1H4O1,32.026215000,RC2_0018_ICR-1_p08
313.056482259,345.082692171,32.026209912,Other,random,C1H4O1,32.026215000,RC2_0018_ICR-1_p08
319.058918506,351.085128419,32.026209912,Other,random,C1H4O1,32.026215000,RC2_0018_ICR-1_p08
332.090536228,364.116746140,32.026209912,Other,random,C1H4O1,32.026215000,RC2_0018_ICR-1_p08
401.087688247,433.113898159,32.026209912,Other,random,C1H4O1,32.026215000,RC2_0018_ICR-1_p08
443.201690434,475.227900347,32.026209912,Other,random,C1H4O1,32.026215000,RC2_0018_ICR-1_p08
459.093205074,491.119414986,32.026209912,Other,random,C1H4O1,32.026215000,RC2_0018_ICR-1_p08
437.158083418,469.184293331,32.026209912,Other,random,C1H4O1,32.026215000,RC2_0018_ICR-1_p08
599.226879083,631.253088995,32.026209912,Other,random,C1H4O1,32.026215000,RC2_0018_ICR-1_p08
343.082119421,375.108330333,32.026210912,Other,random,C1H4O1,32.026215000,RC2_0018_ICR-1_p08
459.087640106,491.113851018,32.026210912,Other,random,C1H4O1,32.026215000,RC2_0018_ICR-1_p08
481.135085130,513.161296042,32.026210912,Other,random,C1H4O1,32.026215000,RC2_0018_ICR-1_p08
391.061364627,423.087576539,32.026211912,Other,random,C1H4O1,32.026215000,RC2_0018_ICR-1_p08
405.186014202,437.212226114,32.026211912,Other,random,C1H4O1,32.026215000,RC2_0018_ICR-1_p08
463.246650719,495.272862631,32.026211912,Other,random,C1H4O1,32.026215000,RC2_0018_ICR-1_p08
535.254761807,567.280973719,32.026211912,Other,random,C1H4O1,32.026215000,RC2_0018_ICR-1_p08
241.035486243,273.061698155,32.026211912,Other,random,C1H4O1,32.026215000,RC2_0018_ICR-1_p08
265.071843083,297.098054995,32.026211912,Other,random,C1H4O1,32.026215000,RC2_0018_ICR-1_p08
459.123901902,491.150113814,32.026211912,Other,random,C1H4O1,32.026215000,RC2_0018_ICR-1_p08
337.020022509,369.046235421,32.026212912,Other,random,C1H4O1,32.026215000,RC2_0018_ICR-1_p08
365.115983521,397.142196433,32.026212912,Other,random,C1H4O1,32.026215000,RC2_0018_ICR-1_p08
477.212995184,509.239208096,32.026212912,Other,random,C1H4O1,32.026215000,RC2_0018_ICR-1_p08
537.153312131,569.179525044,32.026212912,Other,random,C1H4O1,32.026215000,RC2_0018_ICR-1_p08
255.066387345,287.092600257,32.026212912,Other,random,C1H4O1,32.026215000,RC2_0018_ICR-1_p08
349.019989031,381.046201943,32.026212912,Other,random,C1H4O1,32.026215000,RC2_0018_ICR-1_p08
308.113932052,340.140145964,32.026213912,Other,random,C1H4O1,32.026215000,RC2_0018_ICR-1_p08
503.241538822,535.267752734,32.026213912,Other,random,C1H4O1,32.026215000,RC2_0018_ICR-1_p08
533.130020755,565.156234667,32.026213912,Other,random,C1H4O1,32.026215000,RC2_0018_ICR-1_p08
369.061474335,401.087688247,32.026213912,Other,random,C1H4O1,32.026215000,RC2_0018_ICR-1_p08
373.033090002,405.059303914,32.026213912,Other,random,C1H4O1,32.026215000,RC2_0018_ICR-1_p08
311.092492303,343.118706215,32.026213912,Other,random,C1H4O1,32.026215000,RC2_0018_ICR-1_p08
631.167086479,663.193301391,32.026214912,Other,random,C1H4O1,32.026215000,RC2_0018_ICR-1_p08
625.193327070,657.219541982,32.026214912,Other,random,C1H4O1,32.026215000,RC2_0018_ICR-1_p08
357.134236404,389.160451316,32.026214912,Other,random,C1H4O1,32.026215000,RC2_0018_ICR-1_p08
567.172019332,599.198234244,32.026214912,Other,random,C1H4O1,32.026215000,RC2_0018_ICR-1_p08
763.282723574,795.308938487,32.026214912,Other,random,C1H4O1,32.026215000,RC2_0018_ICR-1_p08
373.092669667,405.118884579,32.026214912,Other,random,C1H4O1,32.026215000,RC2_0018_ICR-1_p08
407.171062040,439.197276952,32.026214912,Other,random,C1H4O1,32.026215000,RC2_0018_ICR-1_p08
445.090490813,477.116705726,32.026214912,Other,random,C1H4O1,32.026215000,RC2_0018_ICR-1_p08
457.108306236,489.134521148,32.026214912,Other,random,C1H4O1,32.026215000,RC2_0018_ICR-1_p08
565.047196280,597.073411192,32.026214912,Other,random,C1H4O1,32.026215000,RC2_0018_ICR-1_p08
529.148295145,561.174511057,32.026215912,Other,random,C1H4O1,32.026215000,RC2_0018_ICR-1_p08
574.083845466,606.110061378,32.026215912,Other,random,C1H4O1,32.026215000,RC2_0018_ICR-1_p08
327.144865038,359.171080950,32.026215912,Other,random,C1H4O1,32.026215000,RC2_0018_ICR-1_p08
375.121390259,407.147606172,32.026215912,Other,random,C1H4O1,32.026215000,RC2_0018_ICR-1_p08
491.155723782,523.181939694,32.026215912,Other,random,C1H4O1,32.026215000,RC2_0018_ICR-1_p08
280.119137470,312.145353382,32.026215912,Other,random,C1H4O1,32.026215000,RC2_0018_ICR-1_p08
385.178514707,417.204730619,32.026215912,Other,random,C1H4O1,32.026215000,RC2_0018_ICR-1_p08
511.218323967,543.244539880,32.026215912,Other,random,C1H4O1,32.026215000,RC2_0018_ICR-1_p08
445.108201714,477.134418626,32.026216912,Other,random,C1H4O1,32.026215000,RC2_0018_ICR-1_p08
259.061289881,291.087506794,32.026216912,Other,random,C1H4O1,32.026215000,RC2_0018_ICR-1_p08
269.066697620,301.092914532,32.026216912,Other,random,C1H4O1,32.026215000,RC2_0018_ICR-1_p08
357.183486127,389.209703039,32.026216912,Other,random,C1H4O1,32.026215000,RC2_0018_ICR-1_p08
398.044380360,430.070597272,32.026216912,Other,random,C1H4O1,32.026215000,RC2_0018_ICR-1_p08
431.092700525,463.118917437,32.026216912,Other,random,C1H4O1,32.026215000,RC2_0018_ICR-1_p08
659.234980649,691.261197561,32.026216912,Other,random,C1H4O1,32.026215000,RC2_0018_ICR-1_p08
372.035951609,404.062168521,32.026216912,Other,random,C1H4O1,32.026215000,RC2_0018_ICR-1_p08
327.100399288,359.126616200,32.026216912,Other,random,C1H4O1,32.026215000,RC2_0018_ICR-1_p08
605.224135360,637.250352272,32.026216912,Other,random,C1H4O1,32.026215000,RC2_0018_ICR-1_p08
719.219823346,751.246041258,32.026217912,Other,random,C1H4O1,32.026215000,RC2_0018_ICR-1_p08
381.046201943,413.072419856,32.026217912,Other,random,C1H4O1,32.026215000,RC2_0018_ICR-1_p08
353.051318362,385.077536275,32.026217912,Other,random,C1H4O1,32.026215000,RC2_0018_ICR-1_p08
395.126523768,427.152741680,32.026217912,Other,random,C1H4O1,32.026215000,RC2_0018_ICR-1_p08
407.207405835,439.233623747,32.026217912,Other,random,C1H4O1,32.026215000,RC2_0018_ICR-1_p08
529.062426628,561.088644540,32.026217912,Other,random,C1H4O1,32.026215000,RC2_0018_ICR-1_p08
341.152354272,373.178573184,32.026218912,Other,random,C1H4O1,32.026215000,RC2_0018_ICR-1_p08
348.035951565,380.062170477,32.026218912,Other,random,C1H4O1,32.026215000,RC2_0018_ICR-1_p08
349.165516213,381.191735125,32.026218912,Other,random,C1H4O1,32.026215000,RC2_0018_ICR-1_p08
477.140065594,509.166284506,32.026218912,Other,random,C1H4O1,32.026215000,RC2_0018_ICR-1_p08
479.192105055,511.218323967,32.026218912,Other,random,C1H4O1,32.026215000,RC2_0018_ICR-1_p08
543.135651492,575.161870404,32.026218912,Other,random,C1H4O1,32.026215000,RC2_0018_ICR-1_p08
623.125596697,655.151815610,32.026218912,Other,random,C1H4O1,32.026215000,RC2_0018_ICR-1_p08
307.155049444,339.181268356,32.026218912,Other,random,C1H4O1,32.026215000,RC2_0018_ICR-1_p08
437.108794696,469.135013608,32.026218912,Other,random,C1H4O1,32.026215000,RC2_0018_ICR-1_p08
497.275685369,529.301905281,32.026219912,Other,random,C1H4O1,32.026215000,RC2_0018_ICR-1_p08
255.123872022,287.150091934,32.026219912,Other,random,C1H4O1,32.026215000,RC2_0018_ICR-1_p08
272.077625689,304.103845601,32.026219912,Other,random,C1H4O1,32.026215000,RC2_0018_ICR-1_p08
699.229866753,731.256086665,32.026219912,Other,random,C1H4O1,32.026215000,RC2_0018_ICR-1_p08
335.126517156,367.152737068,32.026219912,Other,random,C1H4O1,32.026215000,RC2_0018_ICR-1_p08
533.057331164,565.083552076,32.026220912,Other,random,C1H4O1,32.026215000,RC2_0018_ICR-1_p08
316.082511243,348.108732155,32.026220912,Other,random,C1H4O1,32.026215000,RC2_0018_ICR-1_p08
331.095213825,363.121434737,32.026220912,Other,random,C1H4O1,32.026215000,RC2_0018_ICR-1_p08
348.108732155,380.134953067,32.026220912,Other,random,C1H4O1,32.026215000,RC2_0018_ICR-1_p08
549.124948813,581.151169725,32.026220912,Other,random,C1H4O1,32.026215000,RC2_0018_ICR-1_p08
569.130088322,601.156309234,32.026220912,Other,random,C1H4O1,32.026215000,RC2_0018_ICR-1_p08
595.094318321,627.120540233,32.026221912,Other,random,C1H4O1,32.026215000,RC2_0018_ICR-1_p08
315.100332766,347.126554678,32.026221912,Other,random,C1H4O1,32.026215000,RC2_0018_ICR-1_p08
383.126616245,415.152838157,32.026221912,Other,random,C1H4O1,32.026215000,RC2_0018_ICR-1_p08
233.045621171,265.071843083,32.026221912,Other,random,C1H4O1,32.026215000,RC2_0018_ICR-1_p08
347.040717161,379.066939073,32.026221912,Other,random,C1H4O1,32.026215000,RC2_0018_ICR-1_p08
501.103798843,533.130020755,32.026221912,Other,random,C1H4O1,32.026215000,RC2_0018_ICR-1_p08
313.108102969,345.134324881,32.026221912,Other,random,C1H4O1,32.026215000,RC2_0018_ICR-1_p08
483.106208046,515.132429958,32.026221912,Other,random,C1H4O1,32.026215000,RC2_0018_ICR-1_p08
539.205385592,571.231607504,32.026221912,Other,random,C1H4O1,32.026215000,RC2_0018_ICR-1_p08
390.082904129,422.109127041,32.026222912,Other,random,C1H4O1,32.026215000,RC2_0018_ICR-1_p08
473.217794650,505.244017562,32.026222912,Other,random,C1H4O1,32.026215000,RC2_0018_ICR-1_p08
285.126192315,317.152415227,32.026222912,Other,random,C1H4O1,32.026215000,RC2_0018_ICR-1_p08
473.158290984,505.184513896,32.026222912,Other,random,C1H4O1,32.026215000,RC2_0018_ICR-1_p08
263.056167418,295.082390330,32.026222912,Other,random,C1H4O1,32.026215000,RC2_0018_ICR-1_p08
274.035732678,306.061955590,32.026222912,Other,random,C1H4O1,32.026215000,RC2_0018_ICR-1_p08
516.151587227,548.177810139,32.026222912,Other,random,C1H4O1,32.026215000,RC2_0018_ICR-1_p08
617.078682700,649.104905612,32.026222912,Other,random,C1H4O1,32.026215000,RC2_0018_ICR-1_p08
369.118928012,401.145151924,32.026223912,Other,random,C1H4O1,32.026215000,RC2_0018_ICR-1_p08
395.147681649,427.173905561,32.026223912,Other,random,C1H4O1,32.026215000,RC2_0018_ICR-1_p08
409.041086524,441.067310436,32.026223912,Other,random,C1H4O1,32.026215000,RC2_0018_ICR-1_p08
425.100678219,457.126902131,32.026223912,Other,random,C1H4O1,32.026215000,RC2_0018_ICR-1_p08
517.135048697,549.161272609,32.026223912,Other,random,C1H4O1,32.026215000,RC2_0018_ICR-1_p08
535.246948851,567.273172763,32.026223912,Other,random,C1H4O1,32.026215000,RC2_0018_ICR-1_p08
627.135873147,659.162097059,32.026223912,Other,random,C1H4O1,32.026215000,RC2_0018_ICR-1_p08
454.077780277,486.104004189,32.026223912,Other,random,C1H4O1,32.026215000,RC2_0018_ICR-1_p08
371.126548723,403.152773635,32.026224912,Other,random,C1H4O1,32.026215000,RC2_0018_ICR-1_p08
286.093252877,318.155843585,32.062590708,Other,random,C2H8,32.062600000,RC2_0018_ICR-1_p08
315.100332766,347.162923474,32.062590708,Other,random,C2H8,32.062600000,RC2_0018_ICR-1_p08
457.113929204,489.176519912,32.062590708,Other,random,C2H8,32.062600000,RC2_0018_ICR-1_p08
264.051484821,296.114075528,32.062590708,Other,random,C2H8,32.062600000,RC2_0018_ICR-1_p08
361.019884554,393.082475262,32.062590708,Other,random,C2H8,32.062600000,RC2_0018_ICR-1_p08
663.120867798,695.183459506,32.062591708,Other,random,C2H8,32.062600000,RC2_0018_ICR-1_p08
439.160695158,471.223286865,32.062591708,Other,random,C2H8,32.062600000,RC2_0018_ICR-1_p08
553.135457262,585.198048969,32.062591708,Other,random,C2H8,32.062600000,RC2_0018_ICR-1_p08
603.244816490,635.307408197,32.062591708,Other,random,C2H8,32.062600000,RC2_0018_ICR-1_p08
393.119012056,425.181604764,32.062592708,Other,random,C2H8,32.062600000,RC2_0018_ICR-1_p08
546.110105766,578.172698474,32.062592708,Other,random,C2H8,32.062600000,RC2_0018_ICR-1_p08
709.162488900,741.225082608,32.062593708,Other,random,C2H8,32.062600000,RC2_0018_ICR-1_p08
321.061522246,353.124115953,32.062593708,Other,random,C2H8,32.062600000,RC2_0018_ICR-1_p08
325.092754577,357.155348285,32.062593708,Other,random,C2H8,32.062600000,RC2_0018_ICR-1_p08
371.025306292,403.087900000,32.062593708,Other,random,C2H8,32.062600000,RC2_0018_ICR-1_p08
465.140017072,497.202610780,32.062593708,Other,random,C2H8,32.062600000,RC2_0018_ICR-1_p08
589.229026303,621.291620010,32.062593708,Other,random,C2H8,32.062600000,RC2_0018_ICR-1_p08
329.051322318,361.113917025,32.062594708,Other,random,C2H8,32.062600000,RC2_0018_ICR-1_p08
245.045631693,277.108226401,32.062594708,Other,random,C2H8,32.062600000,RC2_0018_ICR-1_p08
407.111262376,439.173857084,32.062594708,Other,random,C2H8,32.062600000,RC2_0018_ICR-1_p08
489.140097116,521.202691824,32.062594708,Other,random,C2H8,32.062600000,RC2_0018_ICR-1_p08
523.072900308,555.135496015,32.062595708,Other,random,C2H8,32.062600000,RC2_0018_ICR-1_p08
541.098890945,573.161486653,32.062595708,Other,random,C2H8,32.062600000,RC2_0018_ICR-1_p08
715.188827013,747.251422721,32.062595708,Other,random,C2H8,32.062600000,RC2_0018_ICR-1_p08
411.056826189,443.119421897,32.062595708,Other,random,C2H8,32.062600000,RC2_0018_ICR-1_p08
425.072339378,457.134935086,32.062595708,Other,random,C2H8,32.062600000,RC2_0018_ICR-1_p08
379.116272796,411.178869503,32.062596708,Other,random,C2H8,32.062600000,RC2_0018_ICR-1_p08
417.059259437,449.121856145,32.062596708,Other,random,C2H8,32.062600000,RC2_0018_ICR-1_p08
405.082492784,437.145089492,32.062596708,Other,random,C2H8,32.062600000,RC2_0018_ICR-1_p08
251.056215895,283.118813603,32.062597708,Other,random,C2H8,32.062600000,RC2_0018_ICR-1_p08
373.069405798,405.132003506,32.062597708,Other,random,C2H8,32.062600000,RC2_0018_ICR-1_p08
411.093030986,443.155628693,32.062597708,Other,random,C2H8,32.062600000,RC2_0018_ICR-1_p08
439.066991684,471.129589392,32.062597708,Other,random,C2H8,32.062600000,RC2_0018_ICR-1_p08
585.102198508,617.164796216,32.062597708,Other,random,C2H8,32.062600000,RC2_0018_ICR-1_p08
623.198468288,655.261065995,32.062597708,Other,random,C2H8,32.062600000,RC2_0018_ICR-1_p08
689.245216898,721.307814605,32.062597708,Other,random,C2H8,32.062600000,RC2_0018_ICR-1_p08
451.124426884,483.187024591,32.062597708,Other,random,C2H8,32.062600000,RC2_0018_ICR-1_p08
256.046348835,288.108947542,32.062598708,Other,random,C2H8,32.062600000,RC2_0018_ICR-1_p08
259.061289881,291.123888589,32.062598708,Other,random,C2H8,32.062600000,RC2_0018_ICR-1_p08
357.025106017,389.087704725,32.062598708,Other,random,C2H8,32.062600000,RC2_0018_ICR-1_p08
549.088571018,581.151169725,32.062598708,Other,random,C2H8,32.062600000,RC2_0018_ICR-1_p08
465.176451867,497.239051575,32.062599708,Other,random,C2H8,32.062600000,RC2_0018_ICR-1_p08
415.066942640,447.129542348,32.062599708,Other,random,C2H8,32.062600000,RC2_0018_ICR-1_p08
455.082930625,487.145530332,32.062599708,Other,random,C2H8,32.062600000,RC2_0018_ICR-1_p08
457.041030614,489.103630321,32.062599708,Other,random,C2H8,32.062600000,RC2_0018_ICR-1_p08
479.168885186,511.231484893,32.062599708,Other,random,C2H8,32.062600000,RC2_0018_ICR-1_p08
483.142676841,515.205276548,32.062599708,Other,random,C2H8,32.062600000,RC2_0018_ICR-1_p08
583.109210715,615.171810423,32.062599708,Other,random,C2H8,32.062600000,RC2_0018_ICR-1_p08
621.219289417,653.281889124,32.062599708,Other,random,C2H8,32.062600000,RC2_0018_ICR-1_p08
637.214018476,669.276618184,32.062599708,Other,random,C2H8,32.062600000,RC2_0018_ICR-1_p08
417.155313897,449.217913604,32.062599708,Other,random,C2H8,32.062600000,RC2_0018_ICR-1_p08
437.108794696,469.171394403,32.062599708,Other,random,C2H8,32.062600000,RC2_0018_ICR-1_p08
479.192105055,511.254704763,32.062599708,Other,random,C2H8,32.062600000,RC2_0018_ICR-1_p08
416.075003972,448.137604679,32.062600708,Other,random,C2H8,32.062600000,RC2_0018_ICR-1_p08
584.198657589,616.261258297,32.062600708,Other,random,C2H8,32.062600000,RC2_0018_ICR-1_p08
317.116081431,349.178682139,32.062600708,Other,random,C2H8,32.062600000,RC2_0018_ICR-1_p08
385.069458320,417.132059028,32.062600708,Other,random,C2H8,32.062600000,RC2_0018_ICR-1_p08
387.121390782,419.183991489,32.062600708,Other,random,C2H8,32.062600000,RC2_0018_ICR-1_p08
443.147622738,475.210224446,32.062601708,Other,random,C2H8,32.062600000,RC2_0018_ICR-1_p08
311.105509230,343.168110937,32.062601708,Other,random,C2H8,32.062600000,RC2_0018_ICR-1_p08
401.108736129,433.171337837,32.062601708,Other,random,C2H8,32.062600000,RC2_0018_ICR-1_p08
421.040962047,453.103563755,32.062601708,Other,random,C2H8,32.062600000,RC2_0018_ICR-1_p08
433.150265955,465.212867663,32.062601708,Other,random,C2H8,32.062600000,RC2_0018_ICR-1_p08
555.127519060,587.190120768,32.062601708,Other,random,C2H8,32.062600000,RC2_0018_ICR-1_p08
415.051698726,447.114301433,32.062602708,Other,random,C2H8,32.062600000,RC2_0018_ICR-1_p08
419.061824176,451.124426884,32.062602708,Other,random,C2H8,32.062600000,RC2_0018_ICR-1_p08
545.093698482,577.156302189,32.062603708,Other,random,C2H8,32.062600000,RC2_0018_ICR-1_p08
355.176065415,387.238669122,32.062603708,Other,random,C2H8,32.062600000,RC2_0018_ICR-1_p08
532.073097698,564.135701406,32.062603708,Other,random,C2H8,32.062600000,RC2_0018_ICR-1_p08
249.040526230,281.103129937,32.062603708,Other,random,C2H8,32.062600000,RC2_0018_ICR-1_p08
577.047335802,609.109939509,32.062603708,Other,random,C2H8,32.062600000,RC2_0018_ICR-1_p08
401.035929538,433.098534246,32.062604708,Other,random,C2H8,32.062600000,RC2_0018_ICR-1_p08
437.181429287,469.244033995,32.062604708,Other,random,C2H8,32.062600000,RC2_0018_ICR-1_p08
445.199674200,477.262278907,32.062604708,Other,random,C2H8,32.062600000,RC2_0018_ICR-1_p08
395.098147927,427.160753635,32.062605708,Other,random,C2H8,32.062600000,RC2_0018_ICR-1_p08
591.062990990,623.125596697,32.062605708,Other,random,C2H8,32.062600000,RC2_0018_ICR-1_p08
633.146514348,665.209120056,32.062605708,Other,random,C2H8,32.062600000,RC2_0018_ICR-1_p08
408.070137984,440.132743692,32.062605708,Other,random,C2H8,32.062600000,RC2_0018_ICR-1_p08
579.172082854,611.234688562,32.062605708,Other,random,C2H8,32.062600000,RC2_0018_ICR-1_p08
521.215665751,553.278272459,32.062606708,Other,random,C2H8,32.062600000,RC2_0018_ICR-1_p08
268.046363357,300.108970065,32.062606708,Other,random,C2H8,32.062600000,RC2_0018_ICR-1_p08
313.092795055,345.155401762,32.062606708,Other,random,C2H8,32.062600000,RC2_0018_ICR-1_p08
539.096182206,571.158789914,32.062607708,Other,random,C2H8,32.062600000,RC2_0018_ICR-1_p08
554.115356752,586.177964459,32.062607708,Other,random,C2H8,32.062600000,RC2_0018_ICR-1_p08
317.139331301,349.201939008,32.062607708,Other,random,C2H8,32.062600000,RC2_0018_ICR-1_p08
331.095213825,363.157821532,32.062607708,Other,random,C2H8,32.062600000,RC2_0018_ICR-1_p08
385.056375394,417.118983101,32.062607708,Other,random,C2H8,32.062600000,RC2_0018_ICR-1_p08
395.147681649,427.210289356,32.062607708,Other,random,C2H8,32.062600000,RC2_0018_ICR-1_p08
487.051706860,519.114314567,32.062607708,Other,random,C2H8,32.062600000,RC2_0018_ICR-1_p08
493.171282449,525.233890156,32.062607708,Other,random,C2H8,32.062600000,RC2_0018_ICR-1_p08
519.187212157,551.249819865,32.062607708,Other,random,C2H8,32.062600000,RC2_0018_ICR-1_p08
593.151433246,625.214040954,32.062607708,Other,random,C2H8,32.062600000,RC2_0018_ICR-1_p08
363.157821532,395.220430240,32.062608708,Other,random,C2H8,32.062600000,RC2_0018_ICR-1_p08
529.184523941,561.247133649,32.062609708,Other,random,C2H8,32.062600000,RC2_0018_ICR-1_p08
531.127444016,563.190053723,32.062609708,Other,random,C2H8,32.062600000,RC2_0018_ICR-1_p08
451.160825679,483.223435387,32.062609708,Other,random,C2H8,32.062600000,RC2_0018_ICR-1_p08
337.056318305,369.118928012,32.062609708,Other,random,C2H8,32.062600000,RC2_0018_ICR-1_p08
370.049425780,402.112035487,32.062609708,Other,random,C2H8,32.062600000,RC2_0018_ICR-1_p08
401.051288452,433.113898159,32.062609708,Other,random,C2H8,32.062600000,RC2_0018_ICR-1_p08
729.095407814,761.158017522,32.062609708,Other,random,C2H8,32.062600000,RC2_0018_ICR-1_p08
417.186078724,450.189777139,33.003698416,Other,random,H3O_1N1S1,33.003706000,RC2_0018_ICR-1_p08
550.141850095,583.145551511,33.003701416,Other,random,H3O_1N1S1,33.003706000,RC2_0018_ICR-1_p08
359.144237101,392.147940517,33.003703416,Other,random,H3O_1N1S1,33.003706000,RC2_0018_ICR-1_p08
441.113396177,474.117101593,33.003705416,Other,random,H3O_1N1S1,33.003706000,RC2_0018_ICR-1_p08
391.061364627,424.065078042,33.003713416,Other,random,H3O_1N1S1,33.003706000,RC2_0018_ICR-1_p08
355.056308088,388.060021504,33.003713416,Other,random,H3O_1N1S1,33.003706000,RC2_0018_ICR-1_p08
363.102799842,396.106515257,33.003715416,Other,random,H3O_1N1S1,33.003706000,RC2_0018_ICR-1_p08
541.192766417,575.153759450,33.960993033,Other,random,H_1Cl1,33.961000000,RC2_0018_ICR-1_p08
503.213410980,537.174404013,33.960993033,Other,random,H_1Cl1,33.961000000,RC2_0018_ICR-1_p08
477.176571389,511.137567422,33.960996033,Other,random,H_1Cl1,33.961000000,RC2_0018_ICR-1_p08
393.191744647,427.152741680,33.960997033,Other,random,H_1Cl1,33.961000000,RC2_0018_ICR-1_p08
489.249068504,523.210065536,33.960997033,Other,random,H_1Cl1,33.961000000,RC2_0018_ICR-1_p08
423.093122508,457.054120540,33.960998033,Other,random,H_1Cl1,33.961000000,RC2_0018_ICR-1_p08
605.260693154,639.221691187,33.960998033,Other,random,H_1Cl1,33.961000000,RC2_0018_ICR-1_p08
377.124061998,411.085060031,33.960998033,Other,random,H_1Cl1,33.961000000,RC2_0018_ICR-1_p08
429.103636710,463.064634742,33.960998033,Other,random,H_1Cl1,33.961000000,RC2_0018_ICR-1_p08
549.234280199,583.195278231,33.960998033,Other,random,H_1Cl1,33.961000000,RC2_0018_ICR-1_p08
647.234912127,681.195910160,33.960998033,Other,random,H_1Cl1,33.961000000,RC2_0018_ICR-1_p08
323.113527707,357.074526739,33.960999033,Other,random,H_1Cl1,33.961000000,RC2_0018_ICR-1_p08
453.212787141,487.173788173,33.961001033,Other,random,H_1Cl1,33.961000000,RC2_0018_ICR-1_p08
363.108321811,397.069323843,33.961002033,Other,random,H_1Cl1,33.961000000,RC2_0018_ICR-1_p08
435.129403826,469.090405859,33.961002033,Other,random,H_1Cl1,33.961000000,RC2_0018_ICR-1_p08
367.103377346,401.064379378,33.961002033,Other,random,H_1Cl1,33.961000000,RC2_0018_ICR-1_p08
331.118694693,365.079698725,33.961004033,Other,random,H_1Cl1,33.961000000,RC2_0018_ICR-1_p08
369.155296808,403.116300840,33.961004033,Other,random,H_1Cl1,33.961000000,RC2_0018_ICR-1_p08
315.108484720,349.069490753,33.961006033,Other,random,H_1Cl1,33.961000000,RC2_0018_ICR-1_p08
353.160383749,387.121390782,33.961007033,Other,random,H_1Cl1,33.961000000,RC2_0018_ICR-1_p08
393.082475262,427.043483294,33.961008033,Other,random,H_1Cl1,33.961000000,RC2_0018_ICR-1_p08
443.228633283,477.189641315,33.961008033,Other,random,H_1Cl1,33.961000000,RC2_0018_ICR-1_p08
279.123820067,313.111532949,33.987712882,Other,random,H2S,33.987722000,RC2_0018_ICR-1_p08
415.097642467,449.085357350,33.987714882,Other,random,H2S,33.987722000,RC2_0018_ICR-1_p08
237.076959502,271.064682385,33.987722882,Other,random,H2S,33.987722000,RC2_0018_ICR-1_p08
375.175603955,409.163329837,33.987725882,Other,random,H2S,33.987722000,RC2_0018_ICR-1_p08
231.030005505,265.035476288,34.005470783,Other,random,H2O2,34.005480000,RC2_0018_ICR-1_p08
361.056382349,395.061853131,34.005470783,Other,random,H2O2,34.005480000,RC2_0018_ICR-1_p08
375.194106850,409.199577633,34.005470783,Other,random,H2O2,34.005480000,RC2_0018_ICR-1_p08
401.160463838,435.165934621,34.005470783,Other,random,H2O2,34.005480000,RC2_0018_ICR-1_p08
425.181604764,459.187075546,34.005470783,Other,random,H2O2,34.005480000,RC2_0018_ICR-1_p08
439.124344362,473.129815144,34.005470783,Other,random,H2O2,34.005480000,RC2_0018_ICR-1_p08
507.215574476,541.221045258,34.005470783,Other,random,H2O2,34.005480000,RC2_0018_ICR-1_p08
579.244851445,613.250322227,34.005470783,Other,random,H2O2,34.005480000,RC2_0018_ICR-1_p08
251.092540691,285.098011473,34.005470783,Other,random,H2O2,34.005480000,RC2_0018_ICR-1_p08
417.132059028,451.137530810,34.005471783,Other,random,H2O2,34.005480000,RC2_0018_ICR-1_p08
475.246832240,509.252304023,34.005471783,Other,random,H2O2,34.005480000,RC2_0018_ICR-1_p08
615.063260033,649.068731816,34.005471783,Other,random,H2O2,34.005480000,RC2_0018_ICR-1_p08
311.149929980,345.155401762,34.005471783,Other,random,H2O2,34.005480000,RC2_0018_ICR-1_p08
329.066630232,363.072102014,34.005471783,Other,random,H2O2,34.005480000,RC2_0018_ICR-1_p08
527.083172757,561.088644540,34.005471783,Other,random,H2O2,34.005480000,RC2_0018_ICR-1_p08
353.051318362,387.056790145,34.005471783,Other,random,H2O2,34.005480000,RC2_0018_ICR-1_p08
377.137126925,411.142598707,34.005471783,Other,random,H2O2,34.005480000,RC2_0018_ICR-1_p08
387.121390782,421.126862564,34.005471783,Other,random,H2O2,34.005480000,RC2_0018_ICR-1_p08
387.157806577,421.163278359,34.005471783,Other,random,H2O2,34.005480000,RC2_0018_ICR-1_p08
516.078316639,550.083789422,34.005472783,Other,random,H2O2,34.005480000,RC2_0018_ICR-1_p08
304.046225925,338.051698707,34.005472783,Other,random,H2O2,34.005480000,RC2_0018_ICR-1_p08
316.046147448,350.051620230,34.005472783,Other,random,H2O2,34.005480000,RC2_0018_ICR-1_p08
479.155823259,513.161296042,34.005472783,Other,random,H2O2,34.005480000,RC2_0018_ICR-1_p08
505.098740379,539.104213161,34.005472783,Other,random,H2O2,34.005480000,RC2_0018_ICR-1_p08
269.066697620,303.072170402,34.005472783,Other,random,H2O2,34.005480000,RC2_0018_ICR-1_p08
379.030413278,413.035886061,34.005472783,Other,random,H2O2,34.005480000,RC2_0018_ICR-1_p08
252.051450299,286.056924081,34.005473783,Other,random,H2O2,34.005480000,RC2_0018_ICR-1_p08
541.148285667,575.153759450,34.005473783,Other,random,H2O2,34.005480000,RC2_0018_ICR-1_p08
381.118962534,415.124437317,34.005474783,Other,random,H2O2,34.005480000,RC2_0018_ICR-1_p08
429.119014623,463.124489406,34.005474783,Other,random,H2O2,34.005480000,RC2_0018_ICR-1_p08
541.184646463,575.190121245,34.005474783,Other,random,H2O2,34.005480000,RC2_0018_ICR-1_p08
605.224135360,639.229610142,34.005474783,Other,random,H2O2,34.005480000,RC2_0018_ICR-1_p08
401.137058970,435.142534752,34.005475783,Other,random,H2O2,34.005480000,RC2_0018_ICR-1_p08
391.030533800,425.036009583,34.005475783,Other,random,H2O2,34.005480000,RC2_0018_ICR-1_p08
403.189022431,437.194498214,34.005475783,Other,random,H2O2,34.005480000,RC2_0018_ICR-1_p08
433.163257882,467.168733664,34.005475783,Other,random,H2O2,34.005480000,RC2_0018_ICR-1_p08
465.132070117,499.137545899,34.005475783,Other,random,H2O2,34.005480000,RC2_0018_ICR-1_p08
515.155796827,549.161272609,34.005475783,Other,random,H2O2,34.005480000,RC2_0018_ICR-1_p08
581.078429134,615.083904917,34.005475783,Other,random,H2O2,34.005480000,RC2_0018_ICR-1_p08
339.144749561,373.150226344,34.005476782,Other,random,H2O2,34.005480000,RC2_0018_ICR-1_p08
460.052045683,494.057522465,34.005476782,Other,random,H2O2,34.005480000,RC2_0018_ICR-1_p08
545.130111277,579.135588059,34.005476782,Other,random,H2O2,34.005480000,RC2_0018_ICR-1_p08
327.100399288,361.105876071,34.005476782,Other,random,H2O2,34.005480000,RC2_0018_ICR-1_p08
385.178514707,419.183991489,34.005476782,Other,random,H2O2,34.005480000,RC2_0018_ICR-1_p08
415.189045953,449.194522736,34.005476782,Other,random,H2O2,34.005480000,RC2_0018_ICR-1_p08
461.108817740,495.114294523,34.005476782,Other,random,H2O2,34.005480000,RC2_0018_ICR-1_p08
385.105673116,419.111150899,34.005477782,Other,random,H2O2,34.005480000,RC2_0018_ICR-1_p08
432.057068102,466.062545885,34.005477782,Other,random,H2O2,34.005480000,RC2_0018_ICR-1_p08
483.142676841,517.148154623,34.005477782,Other,random,H2O2,34.005480000,RC2_0018_ICR-1_p08
537.153312131,571.158789914,34.005477782,Other,random,H2O2,34.005480000,RC2_0018_ICR-1_p08
538.120272694,572.125750477,34.005477782,Other,random,H2O2,34.005480000,RC2_0018_ICR-1_p08
322.106138371,356.111617154,34.005478782,Other,random,H2O2,34.005480000,RC2_0018_ICR-1_p08
341.160455226,375.165934009,34.005478782,Other,random,H2O2,34.005480000,RC2_0018_ICR-1_p08
461.181469332,495.186948114,34.005478782,Other,random,H2O2,34.005480000,RC2_0018_ICR-1_p08
247.061255359,281.066734142,34.005478782,Other,random,H2O2,34.005480000,RC2_0018_ICR-1_p08
411.093030986,445.098510768,34.005479782,Other,random,H2O2,34.005480000,RC2_0018_ICR-1_p08
523.072900308,557.078380090,34.005479782,Other,random,H2O2,34.005480000,RC2_0018_ICR-1_p08
363.035617219,397.041098002,34.005480782,Other,random,H2O2,34.005480000,RC2_0018_ICR-1_p08
449.108817218,483.114298000,34.005480782,Other,random,H2O2,34.005480000,RC2_0018_ICR-1_p08
549.226122244,583.231603027,34.005480782,Other,random,H2O2,34.005480000,RC2_0018_ICR-1_p08
379.066939073,413.072419856,34.005480782,Other,random,H2O2,34.005480000,RC2_0018_ICR-1_p08
261.076909547,295.082390330,34.005480782,Other,random,H2O2,34.005480000,RC2_0018_ICR-1_p08
263.092574213,297.098054995,34.005480782,Other,random,H2O2,34.005480000,RC2_0018_ICR-1_p08
267.160218340,301.165699122,34.005480782,Other,random,H2O2,34.005480000,RC2_0018_ICR-1_p08
259.024854086,293.030335869,34.005481782,Other,random,H2O2,34.005480000,RC2_0018_ICR-1_p08
339.136697606,373.142179389,34.005481782,Other,random,H2O2,34.005480000,RC2_0018_ICR-1_p08
369.155296808,403.160778590,34.005481782,Other,random,H2O2,34.005480000,RC2_0018_ICR-1_p08
461.231004053,495.236485836,34.005481782,Other,random,H2O2,34.005480000,RC2_0018_ICR-1_p08
465.030992685,499.036474468,34.005481782,Other,random,H2O2,34.005480000,RC2_0018_ICR-1_p08
535.218544011,569.224025793,34.005481782,Other,random,H2O2,34.005480000,RC2_0018_ICR-1_p08
537.125086290,571.130568073,34.005481782,Other,random,H2O2,34.005480000,RC2_0018_ICR-1_p08
281.030325346,315.035808129,34.005482782,Other,random,H2O2,34.005480000,RC2_0018_ICR-1_p08
491.155723782,525.161206565,34.005482782,Other,random,H2O2,34.005480000,RC2_0018_ICR-1_p08
564.172324200,598.177806982,34.005482782,Other,random,H2O2,34.005480000,RC2_0018_ICR-1_p08
423.056851712,457.062334494,34.005482782,Other,random,H2O2,34.005480000,RC2_0018_ICR-1_p08
701.136473031,735.141955814,34.005482782,Other,random,H2O2,34.005480000,RC2_0018_ICR-1_p08
361.129068940,395.134552723,34.005483782,Other,random,H2O2,34.005480000,RC2_0018_ICR-1_p08
785.267025954,819.272509736,34.005483782,Other,random,H2O2,34.005480000,RC2_0018_ICR-1_p08
325.048337827,359.053821610,34.005483782,Other,random,H2O2,34.005480000,RC2_0018_ICR-1_p08
461.267378849,495.272862631,34.005483782,Other,random,H2O2,34.005480000,RC2_0018_ICR-1_p08
325.092754577,359.098238360,34.005483782,Other,random,H2O2,34.005480000,RC2_0018_ICR-1_p08
331.131665620,365.137149402,34.005483782,Other,random,H2O2,34.005480000,RC2_0018_ICR-1_p08
347.040717161,381.046201943,34.005484782,Other,random,H2O2,34.005480000,RC2_0018_ICR-1_p08
549.124948813,583.130433596,34.005484782,Other,random,H2O2,34.005480000,RC2_0018_ICR-1_p08
727.261337128,761.266821910,34.005484782,Other,random,H2O2,34.005480000,RC2_0018_ICR-1_p08
488.083442058,522.088926841,34.005484782,Other,random,H2O2,34.005480000,RC2_0018_ICR-1_p08
341.043135886,375.048621669,34.005485782,Other,random,H2O2,34.005480000,RC2_0018_ICR-1_p08
233.045621171,267.051106954,34.005485782,Other,random,H2O2,34.005480000,RC2_0018_ICR-1_p08
457.113929204,491.119414986,34.005485782,Other,random,H2O2,34.005480000,RC2_0018_ICR-1_p08
337.121062940,371.126548723,34.005485782,Other,random,H2O2,34.005480000,RC2_0018_ICR-1_p08
601.047223847,635.052709630,34.005485782,Other,random,H2O2,34.005480000,RC2_0018_ICR-1_p08
633.146514348,667.152001131,34.005486782,Other,random,H2O2,34.005480000,RC2_0018_ICR-1_p08
311.069088434,345.074575217,34.005486782,Other,random,H2O2,34.005480000,RC2_0018_ICR-1_p08
304.082604720,338.088091503,34.005486782,Other,random,H2O2,34.005480000,RC2_0018_ICR-1_p08
371.162854519,405.168341301,34.005486782,Other,random,H2O2,34.005480000,RC2_0018_ICR-1_p08
517.244333082,551.249819865,34.005486782,Other,random,H2O2,34.005480000,RC2_0018_ICR-1_p08
359.126616200,393.132103983,34.005487782,Other,random,H2O2,34.005480000,RC2_0018_ICR-1_p08
369.118928012,403.124415795,34.005487782,Other,random,H2O2,34.005480000,RC2_0018_ICR-1_p08
433.077400365,467.082888147,34.005487782,Other,random,H2O2,34.005480000,RC2_0018_ICR-1_p08
395.098147927,429.103636710,34.005488782,Other,random,H2O2,34.005480000,RC2_0018_ICR-1_p08
401.118398075,435.123886857,34.005488782,Other,random,H2O2,34.005480000,RC2_0018_ICR-1_p08
365.115983521,399.121472304,34.005488782,Other,random,H2O2,34.005480000,RC2_0018_ICR-1_p08
533.130020755,567.135509537,34.005488782,Other,random,H2O2,34.005480000,RC2_0018_ICR-1_p08
419.061824176,453.067312959,34.005488782,Other,random,H2O2,34.005480000,RC2_0018_ICR-1_p08
393.155263852,427.160753635,34.005489782,Other,random,H2O2,34.005480000,RC2_0018_ICR-1_p08
381.082419740,415.087909522,34.005489782,Other,random,H2O2,34.005480000,RC2_0018_ICR-1_p08
485.139545612,519.145035394,34.005489782,Other,random,H2O2,34.005480000,RC2_0018_ICR-1_p08
333.082651649,367.103377346,34.020725697,Other,random,C4H2O_1,34.020735000,RC2_0018_ICR-1_p08
579.208368650,613.229094347,34.020725697,Other,random,C4H2O_1,34.020735000,RC2_0018_ICR-1_p08
441.139951028,475.160676725,34.020725697,Other,random,C4H2O_1,34.020735000,RC2_0018_ICR-1_p08
459.150555752,493.171282449,34.020726697,Other,random,C4H2O_1,34.020735000,RC2_0018_ICR-1_p08
480.078289072,514.099015769,34.020726697,Other,random,C4H2O_1,34.020735000,RC2_0018_ICR-1_p08
697.199166171,731.219892868,34.020726697,Other,random,C4H2O_1,34.020735000,RC2_0018_ICR-1_p08
347.090232882,381.110959579,34.020726697,Other,random,C4H2O_1,34.020735000,RC2_0018_ICR-1_p08
411.129514781,445.150241477,34.020726697,Other,random,C4H2O_1,34.020735000,RC2_0018_ICR-1_p08
353.100663085,387.121390782,34.020727697,Other,random,C4H2O_1,34.020735000,RC2_0018_ICR-1_p08
453.030979163,487.051706860,34.020727697,Other,random,C4H2O_1,34.020735000,RC2_0018_ICR-1_p08
325.105888503,359.126616200,34.020727697,Other,random,C4H2O_1,34.020735000,RC2_0018_ICR-1_p08
463.173805128,497.194532825,34.020727697,Other,random,C4H2O_1,34.020735000,RC2_0018_ICR-1_p08
399.129537258,433.150265955,34.020728697,Other,random,C4H2O_1,34.020735000,RC2_0018_ICR-1_p08
319.168133892,353.188863589,34.020729697,Other,random,C4H2O_1,34.020735000,RC2_0018_ICR-1_p08
423.087576539,457.108306236,34.020729697,Other,random,C4H2O_1,34.020735000,RC2_0018_ICR-1_p08
387.056790145,421.077519842,34.020729697,Other,random,C4H2O_1,34.020735000,RC2_0018_ICR-1_p08
535.109358625,569.130088322,34.020729697,Other,random,C4H2O_1,34.020735000,RC2_0018_ICR-1_p08
641.136343420,675.157073117,34.020729697,Other,random,C4H2O_1,34.020735000,RC2_0018_ICR-1_p08
239.056189373,273.076920070,34.020730697,Other,random,C4H2O_1,34.020735000,RC2_0018_ICR-1_p08
471.223286865,505.244017562,34.020730697,Other,random,C4H2O_1,34.020735000,RC2_0018_ICR-1_p08
304.067360806,338.088091503,34.020730697,Other,random,C4H2O_1,34.020735000,RC2_0018_ICR-1_p08
553.229192735,587.249924431,34.020731697,Other,random,C4H2O_1,34.020735000,RC2_0018_ICR-1_p08
337.069330231,371.090062928,34.020732697,Other,random,C4H2O_1,34.020735000,RC2_0018_ICR-1_p08
413.035886061,447.056618758,34.020732697,Other,random,C4H2O_1,34.020735000,RC2_0018_ICR-1_p08
521.106785363,555.127519060,34.020733697,Other,random,C4H2O_1,34.020735000,RC2_0018_ICR-1_p08
351.102773319,385.123507016,34.020733697,Other,random,C4H2O_1,34.020735000,RC2_0018_ICR-1_p08
423.165949098,457.186682795,34.020733697,Other,random,C4H2O_1,34.020735000,RC2_0018_ICR-1_p08
457.207833676,491.228567373,34.020733697,Other,random,C4H2O_1,34.020735000,RC2_0018_ICR-1_p08
329.124132908,363.144866605,34.020733697,Other,random,C4H2O_1,34.020735000,RC2_0018_ICR-1_p08
603.120512189,637.141245885,34.020733697,Other,random,C4H2O_1,34.020735000,RC2_0018_ICR-1_p08
685.199089650,719.219823346,34.020733697,Other,random,C4H2O_1,34.020735000,RC2_0018_ICR-1_p08
453.153052477,487.173788173,34.020735697,Other,random,C4H2O_1,34.020735000,RC2_0018_ICR-1_p08
609.109939509,643.130675206,34.020735697,Other,random,C4H2O_1,34.020735000,RC2_0018_ICR-1_p08
584.125800999,618.146536695,34.020735697,Other,random,C4H2O_1,34.020735000,RC2_0018_ICR-1_p08
454.062705361,488.083442058,34.020736697,Other,random,C4H2O_1,34.020735000,RC2_0018_ICR-1_p08
463.118917437,497.139654134,34.020736697,Other,random,C4H2O_1,34.020735000,RC2_0018_ICR-1_p08
601.104894523,635.125632220,34.020737697,Other,random,C4H2O_1,34.020735000,RC2_0018_ICR-1_p08
665.172545262,699.193282958,34.020737697,Other,random,C4H2O_1,34.020735000,RC2_0018_ICR-1_p08
683.146997189,717.167734885,34.020737697,Other,random,C4H2O_1,34.020735000,RC2_0018_ICR-1_p08
367.189145864,401.209883560,34.020737697,Other,random,C4H2O_1,34.020735000,RC2_0018_ICR-1_p08
243.123870500,277.144609196,34.020738697,Other,random,C4H2O_1,34.020735000,RC2_0018_ICR-1_p08
305.087715068,339.108453765,34.020738697,Other,random,C4H2O_1,34.020735000,RC2_0018_ICR-1_p08
309.147372240,343.168110937,34.020738697,Other,random,C4H2O_1,34.020735000,RC2_0018_ICR-1_p08
247.118823036,281.139561732,34.020738697,Other,random,C4H2O_1,34.020735000,RC2_0018_ICR-1_p08
333.110905490,367.131645187,34.020739697,Other,random,C4H2O_1,34.020735000,RC2_0018_ICR-1_p08
437.072285901,471.093025598,34.020739697,Other,random,C4H2O_1,34.020735000,RC2_0018_ICR-1_p08
505.075442510,539.096182206,34.020739697,Other,random,C4H2O_1,34.020735000,RC2_0018_ICR-1_p08
381.046201943,415.066942640,34.020740697,Other,random,C4H2O_1,34.020735000,RC2_0018_ICR-1_p08
425.145109969,459.165850666,34.020740697,Other,random,C4H2O_1,34.020735000,RC2_0018_ICR-1_p08
331.131665620,365.152406316,34.020740697,Other,random,C4H2O_1,34.020735000,RC2_0018_ICR-1_p08
529.083422510,563.104163206,34.020740697,Other,random,C4H2O_1,34.020735000,RC2_0018_ICR-1_p08
541.083562031,575.104302728,34.020740697,Other,random,C4H2O_1,34.020735000,RC2_0018_ICR-1_p08
621.219289417,655.240030114,34.020740697,Other,random,C4H2O_1,34.020735000,RC2_0018_ICR-1_p08
501.088616928,535.109358625,34.020741697,Other,random,C4H2O_1,34.020735000,RC2_0018_ICR-1_p08
515.140530912,549.161272609,34.020741697,Other,random,C4H2O_1,34.020735000,RC2_0018_ICR-1_p08
519.099216652,553.119958349,34.020741697,Other,random,C4H2O_1,34.020735000,RC2_0018_ICR-1_p08
381.168303257,415.189045953,34.020742697,Other,random,C4H2O_1,34.020735000,RC2_0018_ICR-1_p08
597.182695578,631.203438275,34.020742697,Other,random,C4H2O_1,34.020735000,RC2_0018_ICR-1_p08
493.098788856,527.119531553,34.020742697,Other,random,C4H2O_1,34.020735000,RC2_0018_ICR-1_p08
515.177061707,549.197804404,34.020742697,Other,random,C4H2O_1,34.020735000,RC2_0018_ICR-1_p08
545.224108748,579.244851445,34.020742697,Other,random,C4H2O_1,34.020735000,RC2_0018_ICR-1_p08
314.051745662,348.072489359,34.020743697,Other,random,C4H2O_1,34.020735000,RC2_0018_ICR-1_p08
345.110884013,379.131628709,34.020744697,Other,random,C4H2O_1,34.020735000,RC2_0018_ICR-1_p08
313.084699100,347.126554678,34.041855578,Other,random,C1H6O1,34.041865000,RC2_0018_ICR-1_p08
313.092795055,347.134650633,34.041855578,Other,random,C1H6O1,34.041865000,RC2_0018_ICR-1_p08
430.041572436,464.083428014,34.041855578,Other,random,C1H6O1,34.041865000,RC2_0018_ICR-1_p08
441.168368868,475.210224446,34.041855578,Other,random,C1H6O1,34.041865000,RC2_0018_ICR-1_p08
468.057127669,502.098983247,34.041855578,Other,random,C1H6O1,34.041865000,RC2_0018_ICR-1_p08
331.045794103,365.087650681,34.041856578,Other,random,C1H6O1,34.041865000,RC2_0018_ICR-1_p08
413.108696652,447.150553229,34.041856578,Other,random,C1H6O1,34.041865000,RC2_0018_ICR-1_p08
327.072060447,361.113917025,34.041856578,Other,random,C1H6O1,34.041865000,RC2_0018_ICR-1_p08
373.069405798,407.111262376,34.041856578,Other,random,C1H6O1,34.041865000,RC2_0018_ICR-1_p08
631.203438275,665.245294853,34.041856578,Other,random,C1H6O1,34.041865000,RC2_0018_ICR-1_p08
459.129424871,493.171282449,34.041857578,Other,random,C1H6O1,34.041865000,RC2_0018_ICR-1_p08
351.181172879,385.223030456,34.041857578,Other,random,C1H6O1,34.041865000,RC2_0018_ICR-1_p08
431.061844698,465.103702276,34.041857578,Other,random,C1H6O1,34.041865000,RC2_0018_ICR-1_p08
437.181429287,471.223286865,34.041857578,Other,random,C1H6O1,34.041865000,RC2_0018_ICR-1_p08
546.205751228,580.247608806,34.041857578,Other,random,C1H6O1,34.041865000,RC2_0018_ICR-1_p08
596.198811110,630.240668688,34.041857578,Other,random,C1H6O1,34.041865000,RC2_0018_ICR-1_p08
621.109958032,655.151815610,34.041857578,Other,random,C1H6O1,34.041865000,RC2_0018_ICR-1_p08
263.092574213,297.134431791,34.041857578,Other,random,C1H6O1,34.041865000,RC2_0018_ICR-1_p08
293.139452255,327.181309833,34.041857578,Other,random,C1H6O1,34.041865000,RC2_0018_ICR-1_p08
420.106230303,454.148087881,34.041857578,Other,random,C1H6O1,34.041865000,RC2_0018_ICR-1_p08
308.113932052,342.155790630,34.041858578,Other,random,C1H6O1,34.041865000,RC2_0018_ICR-1_p08
339.072047970,373.113906548,34.041858578,Other,random,C1H6O1,34.041865000,RC2_0018_ICR-1_p08
341.116063476,375.157922054,34.041858578,Other,random,C1H6O1,34.041865000,RC2_0018_ICR-1_p08
377.160298794,411.202157372,34.041858578,Other,random,C1H6O1,34.041865000,RC2_0018_ICR-1_p08
461.231004053,495.272862631,34.041858578,Other,random,C1H6O1,34.041865000,RC2_0018_ICR-1_p08
237.076959502,271.118818080,34.041858578,Other,random,C1H6O1,34.041865000,RC2_0018_ICR-1_p08
241.035486243,275.077344821,34.041858578,Other,random,C1H6O1,34.041865000,RC2_0018_ICR-1_p08
385.087187220,419.129046798,34.041859578,Other,random,C1H6O1,34.041865000,RC2_0018_ICR-1_p08
365.160373272,399.202232849,34.041859578,Other,random,C1H6O1,34.041865000,RC2_0018_ICR-1_p08
503.168954230,537.210813808,34.041859578,Other,random,C1H6O1,34.041865000,RC2_0018_ICR-1_p08
509.194747346,543.236606924,34.041859578,Other,random,C1H6O1,34.041865000,RC2_0018_ICR-1_p08
360.121730605,394.163591182,34.041860578,Other,random,C1H6O1,34.041865000,RC2_0018_ICR-1_p08
311.040831593,345.082692171,34.041860578,Other,random,C1H6O1,34.041865000,RC2_0018_ICR-1_p08
437.173479332,471.215339910,34.041860578,Other,random,C1H6O1,34.041865000,RC2_0018_ICR-1_p08
455.082930625,489.124791202,34.041860578,Other,random,C1H6O1,34.041865000,RC2_0018_ICR-1_p08
529.257265532,563.299126110,34.041860578,Other,random,C1H6O1,34.041865000,RC2_0018_ICR-1_p08
541.098890945,575.140751523,34.041860578,Other,random,C1H6O1,34.041865000,RC2_0018_ICR-1_p08
715.188827013,749.230687591,34.041860578,Other,random,C1H6O1,34.041865000,RC2_0018_ICR-1_p08
373.129200462,407.171062040,34.041861578,Other,random,C1H6O1,34.041865000,RC2_0018_ICR-1_p08
431.025617902,465.067479480,34.041861578,Other,random,C1H6O1,34.041865000,RC2_0018_ICR-1_p08
557.166491595,591.208353172,34.041861578,Other,random,C1H6O1,34.041865000,RC2_0018_ICR-1_p08
489.212869707,523.254731285,34.041861578,Other,random,C1H6O1,34.041865000,RC2_0018_ICR-1_p08
381.147183376,415.189045953,34.041862578,Other,random,C1H6O1,34.041865000,RC2_0018_ICR-1_p08
339.035559175,373.077421753,34.041862578,Other,random,C1H6O1,34.041865000,RC2_0018_ICR-1_p08
351.035673697,385.077536275,34.041862578,Other,random,C1H6O1,34.041865000,RC2_0018_ICR-1_p08
549.088571018,583.130433596,34.041862578,Other,random,C1H6O1,34.041865000,RC2_0018_ICR-1_p08
571.072927397,605.114789975,34.041862578,Other,random,C1H6O1,34.041865000,RC2_0018_ICR-1_p08
609.210971941,643.252834519,34.041862578,Other,random,C1H6O1,34.041865000,RC2_0018_ICR-1_p08
497.035961717,531.077824295,34.041862578,Other,random,C1H6O1,34.041865000,RC2_0018_ICR-1_p08
330.098259431,364.140123009,34.041863578,Other,random,C1H6O1,34.041865000,RC2_0018_ICR-1_p08
357.038033945,391.079897522,34.041863578,Other,random,C1H6O1,34.041865000,RC2_0018_ICR-1_p08
445.150241477,479.192105055,34.041863578,Other,random,C1H6O1,34.041865000,RC2_0018_ICR-1_p08
551.205436114,585.247299692,34.041863578,Other,random,C1H6O1,34.041865000,RC2_0018_ICR-1_p08
369.074437262,403.116300840,34.041863578,Other,random,C1H6O1,34.041865000,RC2_0018_ICR-1_p08
489.031035730,523.072900308,34.041864578,Other,random,C1H6O1,34.041865000,RC2_0018_ICR-1_p08
392.111580721,426.153445299,34.041864578,Other,random,C1H6O1,34.041865000,RC2_0018_ICR-1_p08
607.195200276,641.237065854,34.041865578,Other,random,C1H6O1,34.041865000,RC2_0018_ICR-1_p08
535.210688055,569.252553633,34.041865578,Other,random,C1H6O1,34.041865000,RC2_0018_ICR-1_p08
285.040472797,319.082338375,34.041865578,Other,random,C1H6O1,34.041865000,RC2_0018_ICR-1_p08
304.046225925,338.088091503,34.041865578,Other,random,C1H6O1,34.041865000,RC2_0018_ICR-1_p08
415.176048027,449.217913604,34.041865578,Other,random,C1H6O1,34.041865000,RC2_0018_ICR-1_p08
431.038674829,465.080540407,34.041865578,Other,random,C1H6O1,34.041865000,RC2_0018_ICR-1_p08
473.072452467,507.114318045,34.041865578,Other,random,C1H6O1,34.041865000,RC2_0018_ICR-1_p08
379.175962460,413.217829038,34.041866578,Other,random,C1H6O1,34.041865000,RC2_0018_ICR-1_p08
432.065083057,466.106949635,34.041866578,Other,random,C1H6O1,34.041865000,RC2_0018_ICR-1_p08
459.165850666,493.207717244,34.041866578,Other,random,C1H6O1,34.041865000,RC2_0018_ICR-1_p08
469.199672244,503.241538822,34.041866578,Other,random,C1H6O1,34.041865000,RC2_0018_ICR-1_p08
313.048365305,347.090232882,34.041867578,Other,random,C1H6O1,34.041865000,RC2_0018_ICR-1_p08
635.226858650,669.268726228,34.041867578,Other,random,C1H6O1,34.041865000,RC2_0018_ICR-1_p08
461.072426945,495.114294523,34.041867578,Other,random,C1H6O1,34.041865000,RC2_0018_ICR-1_p08
253.108223356,287.150091934,34.041868578,Other,random,C1H6O1,34.041865000,RC2_0018_ICR-1_p08
406.127325909,440.169194487,34.041868578,Other,random,C1H6O1,34.041865000,RC2_0018_ICR-1_p08
629.115078018,663.156946596,34.041868578,Other,random,C1H6O1,34.041865000,RC2_0018_ICR-1_p08
267.123830545,301.165699122,34.041868578,Other,random,C1H6O1,34.041865000,RC2_0018_ICR-1_p08
449.173376855,483.215245433,34.041868578,Other,random,C1H6O1,34.041865000,RC2_0018_ICR-1_p08
457.126902131,491.168770709,34.041868578,Other,random,C1H6O1,34.041865000,RC2_0018_ICR-1_p08
412.080331434,446.122201012,34.041869578,Other,random,C1H6O1,34.041865000,RC2_0018_ICR-1_p08
239.056189373,273.098058951,34.041869578,Other,random,C1H6O1,34.041865000,RC2_0018_ICR-1_p08
339.100309811,373.142179389,34.041869578,Other,random,C1H6O1,34.041865000,RC2_0018_ICR-1_p08
523.254731285,557.296600863,34.041869578,Other,random,C1H6O1,34.041865000,RC2_0018_ICR-1_p08
414.059753304,448.101622881,34.041869578,Other,random,C1H6O1,34.041865000,RC2_0018_ICR-1_p08
493.090726901,527.132596479,34.041869578,Other,random,C1H6O1,34.041865000,RC2_0018_ICR-1_p08
357.074526739,391.116397317,34.041870578,Other,random,C1H6O1,34.041865000,RC2_0018_ICR-1_p08
459.106246001,493.148116579,34.041870578,Other,random,C1H6O1,34.041865000,RC2_0018_ICR-1_p08
389.100655652,423.142526230,34.041870578,Other,random,C1H6O1,34.041865000,RC2_0018_ICR-1_p08
307.082288853,341.124159431,34.041870578,Other,random,C1H6O1,34.041865000,RC2_0018_ICR-1_p08
373.033090002,407.074960580,34.041870578,Other,random,C1H6O1,34.041865000,RC2_0018_ICR-1_p08
391.103239391,425.145109969,34.041870578,Other,random,C1H6O1,34.041865000,RC2_0018_ICR-1_p08
407.171062040,441.212932618,34.041870578,Other,random,C1H6O1,34.041865000,RC2_0018_ICR-1_p08
319.009446785,353.051318362,34.041871578,Other,random,C1H6O1,34.041865000,RC2_0018_ICR-1_p08
463.124489406,497.166360984,34.041871578,Other,random,C1H6O1,34.041865000,RC2_0018_ICR-1_p08
385.178514707,419.220386285,34.041871578,Other,random,C1H6O1,34.041865000,RC2_0018_ICR-1_p08
381.155172331,415.197044908,34.041872578,Other,random,C1H6O1,34.041865000,RC2_0018_ICR-1_p08
329.060927264,363.102799842,34.041872578,Other,random,C1H6O1,34.041865000,RC2_0018_ICR-1_p08
571.231607504,605.273480082,34.041872578,Other,random,C1H6O1,34.041865000,RC2_0018_ICR-1_p08
705.167649364,739.209521941,34.041872578,Other,random,C1H6O1,34.041865000,RC2_0018_ICR-1_p08
481.207678722,515.249551299,34.041872578,Other,random,C1H6O1,34.041865000,RC2_0018_ICR-1_p08
649.068731816,683.110604393,34.041872578,Other,random,C1H6O1,34.041865000,RC2_0018_ICR-1_p08
511.088238699,545.130111277,34.041872578,Other,random,C1H6O1,34.041865000,RC2_0018_ICR-1_p08
387.108287855,421.150161433,34.041873578,Other,random,C1H6O1,34.041865000,RC2_0018_ICR-1_p08
261.076909547,295.118783125,34.041873578,Other,random,C1H6O1,34.041865000,RC2_0018_ICR-1_p08
311.105509230,345.147382807,34.041873578,Other,random,C1H6O1,34.041865000,RC2_0018_ICR-1_p08
403.066921118,437.108794696,34.041873578,Other,random,C1H6O1,34.041865000,RC2_0018_ICR-1_p08
645.146390871,679.188264449,34.041873578,Other,random,C1H6O1,34.041865000,RC2_0018_ICR-1_p08
361.087129176,395.129003754,34.041874578,Other,random,C1H6O1,34.041865000,RC2_0018_ICR-1_p08
367.030606755,401.072481333,34.041874578,Other,random,C1H6O1,34.041865000,RC2_0018_ICR-1_p08
415.066942640,449.108817218,34.041874578,Other,random,C1H6O1,34.041865000,RC2_0018_ICR-1_p08
550.156783011,584.198657589,34.041874578,Other,random,C1H6O1,34.041865000,RC2_0018_ICR-1_p08
247.061255359,281.103129937,34.041874578,Other,random,C1H6O1,34.041865000,RC2_0018_ICR-1_p08
365.087650681,400.080340912,34.992690231,Other,random,H2O_1Cl1N1,34.992700000,RC2_0018_ICR-1_p08
315.144827516,350.137525747,34.992698231,Other,random,H2O_1Cl1N1,34.992700000,RC2_0018_ICR-1_p08
371.134626678,406.127325909,34.992699231,Other,random,H2O_1Cl1N1,34.992700000,RC2_0018_ICR-1_p08
357.118880490,392.111580721,34.992700231,Other,random,H2O_1Cl1N1,34.992700000,RC2_0018_ICR-1_p08
433.171337837,468.164043068,34.992705231,Other,random,H2O_1Cl1N1,34.992700000,RC2_0018_ICR-1_p08
333.074561695,368.090535795,35.015974100,Other,random,C3H1N1O_1,35.015984000,RC2_0018_ICR-1_p08
305.087715068,340.103690169,35.015975100,Other,random,C3H1N1O_1,35.015984000,RC2_0018_ICR-1_p08
243.051137909,278.067113009,35.015975100,Other,random,C3H1N1O_1,35.015984000,RC2_0018_ICR-1_p08
353.087646158,388.103624258,35.015978100,Other,random,C3H1N1O_1,35.015984000,RC2_0018_ICR-1_p08
345.046190376,380.062170477,35.015980100,Other,random,C3H1N1O_1,35.015984000,RC2_0018_ICR-1_p08
349.105776549,384.121756649,35.015980100,Other,random,C3H1N1O_1,35.015984000,RC2_0018_ICR-1_p08
301.129325327,336.145306427,35.015981100,Other,random,C3H1N1O_1,35.015984000,RC2_0018_ICR-1_p08
431.046564784,466.062545885,35.015981100,Other,random,C3H1N1O_1,35.015984000,RC2_0018_ICR-1_p08
487.109273536,522.125257636,35.015984100,Other,random,C3H1N1O_1,35.015984000,RC2_0018_ICR-1_p08
315.108484720,350.124471821,35.015987100,Other,random,C3H1N1O_1,35.015984000,RC2_0018_ICR-1_p08
509.138938660,544.154925760,35.015987100,Other,random,C3H1N1O_1,35.015984000,RC2_0018_ICR-1_p08
357.082606694,392.098594794,35.015988100,Other,random,C3H1N1O_1,35.015984000,RC2_0018_ICR-1_p08
531.062760379,566.078749480,35.015989100,Other,random,C3H1N1O_1,35.015984000,RC2_0018_ICR-1_p08
415.051698726,450.067688826,35.015990100,Other,random,C3H1N1O_1,35.015984000,RC2_0018_ICR-1_p08
329.124132908,364.140123009,35.015990100,Other,random,C3H1N1O_1,35.015984000,RC2_0018_ICR-1_p08
459.041532365,494.057522465,35.015990100,Other,random,C3H1N1O_1,35.015984000,RC2_0018_ICR-1_p08
403.051699203,438.067690304,35.015991100,Other,random,C3H1N1O_1,35.015984000,RC2_0018_ICR-1_p08
491.132533913,526.148525013,35.015991100,Other,random,C3H1N1O_1,35.015984000,RC2_0018_ICR-1_p08
339.108453765,374.124444865,35.015991100,Other,random,C3H1N1O_1,35.015984000,RC2_0018_ICR-1_p08
245.103145370,280.119137470,35.015992100,Other,random,C3H1N1O_1,35.015984000,RC2_0018_ICR-1_p08
483.150726795,518.166719896,35.015993100,Other,random,C3H1N1O_1,35.015984000,RC2_0018_ICR-1_p08
401.027953583,436.088556433,35.060602849,Other,random,C4H4N1P_1,35.060611000,RC2_0018_ICR-1_p08
503.059664845,538.120272694,35.060607849,Other,random,C4H4N1P_1,35.060611000,RC2_0018_ICR-1_p08
371.090062928,406.150679777,35.060616849,Other,random,C4H4N1P_1,35.060611000,RC2_0018_ICR-1_p08
341.043135886,376.103754735,35.060618849,Other,random,C4H4N1P_1,35.060611000,RC2_0018_ICR-1_p08
425.072339378,461.048830078,35.976490699,Other,random,C_1H1O1P1,35.976500000,RC2_0018_ICR-1_p08
249.149700616,285.126192315,35.976491699,Other,random,C_1H1O1P1,35.976500000,RC2_0018_ICR-1_p08
305.175862573,341.152354272,35.976491699,Other,random,C_1H1O1P1,35.976500000,RC2_0018_ICR-1_p08
323.124849643,359.101343342,35.976493699,Other,random,C_1H1O1P1,35.976500000,RC2_0018_ICR-1_p08
345.191806558,381.168303257,35.976496699,Other,random,C_1H1O1P1,35.976500000,RC2_0018_ICR-1_p08
609.218999896,645.195497595,35.976497699,Other,random,C_1H1O1P1,35.976500000,RC2_0018_ICR-1_p08
299.150018457,335.126517156,35.976498699,Other,random,C_1H1O1P1,35.976500000,RC2_0018_ICR-1_p08
333.097938563,369.074437262,35.976498699,Other,random,C_1H1O1P1,35.976500000,RC2_0018_ICR-1_p08
407.098263449,443.074762148,35.976498699,Other,random,C_1H1O1P1,35.976500000,RC2_0018_ICR-1_p08
293.175787051,329.152287750,35.976500699,Other,random,C_1H1O1P1,35.976500000,RC2_0018_ICR-1_p08
431.134726289,467.111226988,35.976500699,Other,random,C_1H1O1P1,35.976500000,RC2_0018_ICR-1_p08
373.129200462,409.105702161,35.976501699,Other,random,C_1H1O1P1,35.976500000,RC2_0018_ICR-1_p08
550.193123807,586.169625506,35.976501699,Other,random,C_1H1O1P1,35.976500000,RC2_0018_ICR-1_p08
285.126192315,321.102695014,35.976502699,Other,random,C_1H1O1P1,35.976500000,RC2_0018_ICR-1_p08
306.098296386,342.074800085,35.976503699,Other,random,C_1H1O1P1,35.976500000,RC2_0018_ICR-1_p08
349.129169417,385.105673116,35.976503699,Other,random,C_1H1O1P1,35.976500000,RC2_0018_ICR-1_p08
325.165577168,361.142082867,35.976505699,Other,random,C_1H1O1P1,35.976500000,RC2_0018_ICR-1_p08
297.098054995,333.074561695,35.976506699,Other,random,C_1H1O1P1,35.976500000,RC2_0018_ICR-1_p08
289.071831128,325.048337827,35.976506699,Other,random,C_1H1O1P1,35.976500000,RC2_0018_ICR-1_p08
433.113898159,469.090405859,35.976507699,Other,random,C_1H1O1P1,35.976500000,RC2_0018_ICR-1_p08
457.207833676,493.184342375,35.976508699,Other,random,C_1H1O1P1,35.976500000,RC2_0018_ICR-1_p08
399.129537258,435.106045957,35.976508699,Other,random,C_1H1O1P1,35.976500000,RC2_0018_ICR-1_p08
355.212632209,391.189141908,35.976509699,Other,random,C_1H1O1P1,35.976500000,RC2_0018_ICR-1_p08
385.150271866,421.126862564,35.976590699,Other,random,H1Cl1,35.976600000,RC2_0018_ICR-1_p08
301.165699122,337.142290821,35.976591699,Other,random,H1Cl1,35.976600000,RC2_0018_ICR-1_p08
361.186629616,397.163221315,35.976591699,Other,random,H1Cl1,35.976600000,RC2_0018_ICR-1_p08
369.118928012,405.095520711,35.976592699,Other,random,H1Cl1,35.976600000,RC2_0018_ICR-1_p08
307.118651648,343.095244347,35.976592699,Other,random,H1Cl1,35.976600000,RC2_0018_ICR-1_p08
541.229059213,577.205652912,35.976593699,Other,random,H1Cl1,35.976600000,RC2_0018_ICR-1_p08
411.129514781,447.106109479,35.976594699,Other,random,H1Cl1,35.976600000,RC2_0018_ICR-1_p08
329.087778113,365.064373811,35.976595699,Other,random,H1Cl1,35.976600000,RC2_0018_ICR-1_p08
315.144827516,351.121423215,35.976595699,Other,random,H1Cl1,35.976600000,RC2_0018_ICR-1_p08
555.208440605,591.185037304,35.976596699,Other,random,H1Cl1,35.976600000,RC2_0018_ICR-1_p08
343.103378301,379.079975000,35.976596699,Other,random,H1Cl1,35.976600000,RC2_0018_ICR-1_p08
393.119012056,429.095608755,35.976596699,Other,random,H1Cl1,35.976600000,RC2_0018_ICR-1_p08
571.255355371,607.231953070,35.976597699,Other,random,H1Cl1,35.976600000,RC2_0018_ICR-1_p08
317.066613709,353.043211408,35.976597699,Other,random,H1Cl1,35.976600000,RC2_0018_ICR-1_p08
363.108321811,399.084921509,35.976599699,Other,random,H1Cl1,35.976600000,RC2_0018_ICR-1_p08
421.077519842,457.054120540,35.976600699,Other,random,H1Cl1,35.976600000,RC2_0018_ICR-1_p08
321.170743631,357.147344330,35.976600699,Other,random,H1Cl1,35.976600000,RC2_0018_ICR-1_p08
439.233623747,475.210224446,35.976600699,Other,random,H1Cl1,35.976600000,RC2_0018_ICR-1_p08
359.171080950,395.147681649,35.976600699,Other,random,H1Cl1,35.976600000,RC2_0018_ICR-1_p08
447.093056553,483.069658251,35.976601699,Other,random,H1Cl1,35.976600000,RC2_0018_ICR-1_p08
293.066690664,329.043292363,35.976601699,Other,random,H1Cl1,35.976600000,RC2_0018_ICR-1_p08
350.124471821,386.101073519,35.976601699,Other,random,H1Cl1,35.976600000,RC2_0018_ICR-1_p08
359.113592273,395.090194972,35.976602699,Other,random,H1Cl1,35.976600000,RC2_0018_ICR-1_p08
361.092720145,397.069323843,35.976603699,Other,random,H1Cl1,35.976600000,RC2_0018_ICR-1_p08
347.113430752,383.090035451,35.976604699,Other,random,H1Cl1,35.976600000,RC2_0018_ICR-1_p08
506.166932372,542.143537071,35.976604699,Other,random,H1Cl1,35.976600000,RC2_0018_ICR-1_p08
595.239514505,631.216120203,35.976605699,Other,random,H1Cl1,35.976600000,RC2_0018_ICR-1_p08
363.144866605,399.121472304,35.976605699,Other,random,H1Cl1,35.976600000,RC2_0018_ICR-1_p08
535.218544011,571.195149710,35.976605699,Other,random,H1Cl1,35.976600000,RC2_0018_ICR-1_p08
361.165589735,397.142196433,35.976606699,Other,random,H1Cl1,35.976600000,RC2_0018_ICR-1_p08
479.155823259,515.132429958,35.976606699,Other,random,H1Cl1,35.976600000,RC2_0018_ICR-1_p08
309.134276314,345.110884013,35.976607699,Other,random,H1Cl1,35.976600000,RC2_0018_ICR-1_p08
333.170585155,369.147192853,35.976607699,Other,random,H1Cl1,35.976600000,RC2_0018_ICR-1_p08
473.238969531,509.215577229,35.976607699,Other,random,H1Cl1,35.976600000,RC2_0018_ICR-1_p08
493.098788856,529.075397555,35.976608699,Other,random,H1Cl1,35.976600000,RC2_0018_ICR-1_p08
381.118962534,417.095571233,35.976608699,Other,random,H1Cl1,35.976600000,RC2_0018_ICR-1_p08
553.229192735,589.205801433,35.976608699,Other,random,H1Cl1,35.976600000,RC2_0018_ICR-1_p08
405.155323374,441.131933073,35.976609699,Other,random,H1Cl1,35.976600000,RC2_0018_ICR-1_p08
355.131661664,391.116397317,35.984735653,Other,random,C_1O3,35.984745000,RC2_0018_ICR-1_p08
341.079680681,377.064416333,35.984735653,Other,random,C_1O3,35.984745000,RC2_0018_ICR-1_p08
371.040600206,407.025335859,35.984735653,Other,random,C_1O3,35.984745000,RC2_0018_ICR-1_p08
539.205385592,575.190121245,35.984735653,Other,random,C_1O3,35.984745000,RC2_0018_ICR-1_p08
481.090682379,517.075419032,35.984736653,Other,random,C_1O3,35.984745000,RC2_0018_ICR-1_p08
331.131665620,367.116402273,35.984736653,Other,random,C_1O3,35.984745000,RC2_0018_ICR-1_p08
371.077064001,407.061800654,35.984736653,Other,random,C_1O3,35.984745000,RC2_0018_ICR-1_p08
337.121062940,373.105800593,35.984737653,Other,random,C_1O3,35.984745000,RC2_0018_ICR-1_p08
459.178986592,495.163724245,35.984737653,Other,random,C_1O3,35.984745000,RC2_0018_ICR-1_p08
547.109279148,583.094016801,35.984737653,Other,random,C_1O3,35.984745000,RC2_0018_ICR-1_p08
404.062168521,440.046907174,35.984738653,Other,random,C_1O3,35.984745000,RC2_0018_ICR-1_p08
527.132596479,563.117335132,35.984738653,Other,random,C_1O3,35.984745000,RC2_0018_ICR-1_p08
237.076959502,273.061698155,35.984738653,Other,random,C_1O3,35.984745000,RC2_0018_ICR-1_p08
431.207451880,467.192190533,35.984738653,Other,random,C_1O3,35.984745000,RC2_0018_ICR-1_p08
455.111377465,491.096117117,35.984739653,Other,random,C_1O3,35.984745000,RC2_0018_ICR-1_p08
521.166497028,557.151237680,35.984740653,Other,random,C_1O3,35.984745000,RC2_0018_ICR-1_p08
337.129165895,373.113906548,35.984740653,Other,random,C_1O3,35.984745000,RC2_0018_ICR-1_p08
469.163378448,505.148119101,35.984740653,Other,random,C_1O3,35.984745000,RC2_0018_ICR-1_p08
359.199232792,395.183973445,35.984740653,Other,random,C_1O3,35.984745000,RC2_0018_ICR-1_p08
536.141008824,572.125750477,35.984741653,Other,random,C_1O3,35.984745000,RC2_0018_ICR-1_p08
643.167233001,679.151974653,35.984741653,Other,random,C_1O3,35.984745000,RC2_0018_ICR-1_p08
475.233581315,511.218323967,35.984742653,Other,random,C_1O3,35.984745000,RC2_0018_ICR-1_p08
251.092540691,287.077283344,35.984742653,Other,random,C_1O3,35.984745000,RC2_0018_ICR-1_p08
473.145175058,509.129917711,35.984742653,Other,random,C_1O3,35.984745000,RC2_0018_ICR-1_p08
375.072082537,411.056826189,35.984743653,Other,random,C_1O3,35.984745000,RC2_0018_ICR-1_p08
417.046235510,453.030979163,35.984743653,Other,random,C_1O3,35.984745000,RC2_0018_ICR-1_p08
233.154789557,269.139533210,35.984743653,Other,random,C_1O3,35.984745000,RC2_0018_ICR-1_p08
315.087322839,351.072066492,35.984743653,Other,random,C_1O3,35.984745000,RC2_0018_ICR-1_p08
419.061824176,455.046568829,35.984744653,Other,random,C_1O3,35.984745000,RC2_0018_ICR-1_p08
521.130053232,557.114798885,35.984745653,Other,random,C_1O3,35.984745000,RC2_0018_ICR-1_p08
572.149898341,608.134643994,35.984745653,Other,random,C_1O3,35.984745000,RC2_0018_ICR-1_p08
321.097860041,357.082606694,35.984746653,Other,random,C_1O3,35.984745000,RC2_0018_ICR-1_p08
327.100399288,363.085145941,35.984746653,Other,random,C_1O3,35.984745000,RC2_0018_ICR-1_p08
395.171018518,431.155765170,35.984746653,Other,random,C_1O3,35.984745000,RC2_0018_ICR-1_p08
425.137064014,461.121811667,35.984747653,Other,random,C_1O3,35.984745000,RC2_0018_ICR-1_p08
433.150265955,469.135013608,35.984747653,Other,random,C_1O3,35.984745000,RC2_0018_ICR-1_p08
579.099156264,615.083904917,35.984748653,Other,random,C_1O3,35.984745000,RC2_0018_ICR-1_p08
519.150747362,555.135496015,35.984748653,Other,random,C_1O3,35.984745000,RC2_0018_ICR-1_p08
461.072426945,497.057176598,35.984749653,Other,random,C_1O3,35.984745000,RC2_0018_ICR-1_p08
261.076909547,297.061659200,35.984749653,Other,random,C_1O3,35.984745000,RC2_0018_ICR-1_p08
467.147840782,503.132590435,35.984749653,Other,random,C_1O3,35.984745000,RC2_0018_ICR-1_p08
451.197045475,487.181796128,35.984750653,Other,random,C_1O3,35.984745000,RC2_0018_ICR-1_p08
473.194808779,509.179559432,35.984750653,Other,random,C_1O3,35.984745000,RC2_0018_ICR-1_p08
503.192201099,539.176951752,35.984750653,Other,random,C_1O3,35.984745000,RC2_0018_ICR-1_p08
459.093205074,495.077955727,35.984750653,Other,random,C_1O3,35.984745000,RC2_0018_ICR-1_p08
263.056167418,299.040919070,35.984751653,Other,random,C_1O3,35.984745000,RC2_0018_ICR-1_p08
371.162854519,407.147606172,35.984751653,Other,random,C_1O3,35.984745000,RC2_0018_ICR-1_p08
365.051176886,401.035929538,35.984752653,Other,random,C_1O3,35.984745000,RC2_0018_ICR-1_p08
629.187791609,665.172545262,35.984753653,Other,random,C_1O3,35.984745000,RC2_0018_ICR-1_p08
385.087187220,421.071940873,35.984753653,Other,random,C_1O3,35.984745000,RC2_0018_ICR-1_p08
535.109358625,571.094112278,35.984753653,Other,random,C_1O3,35.984745000,RC2_0018_ICR-1_p08
573.197959447,609.182713100,35.984753653,Other,random,C_1O3,35.984745000,RC2_0018_ICR-1_p08
603.172138898,639.156893551,35.984754653,Other,random,C_1O3,35.984745000,RC2_0018_ICR-1_p08
481.207678722,517.192433374,35.984754653,Other,random,C_1O3,35.984745000,RC2_0018_ICR-1_p08
389.123890521,425.108645174,35.984754653,Other,random,C_1O3,35.984745000,RC2_0018_ICR-1_p08
363.111421793,399.111412360,35.999990567,Other,random,C3,36.000000000,RC2_0018_ICR-1_p08
247.118823036,283.118813603,35.999990567,Other,random,C3,36.000000000,RC2_0018_ICR-1_p08
351.108297288,387.108287855,35.999990567,Other,random,C3,36.000000000,RC2_0018_ICR-1_p08
361.069333276,397.069323843,35.999990567,Other,random,C3,36.000000000,RC2_0018_ICR-1_p08
398.044380360,434.044370927,35.999990567,Other,random,C3,36.000000000,RC2_0018_ICR-1_p08
447.215254866,483.215245433,35.999990567,Other,random,C3,36.000000000,RC2_0018_ICR-1_p08
435.093034031,471.093025598,35.999991567,Other,random,C3,36.000000000,RC2_0018_ICR-1_p08
319.103334257,355.103325824,35.999991567,Other,random,C3,36.000000000,RC2_0018_ICR-1_p08
413.035886061,449.035877628,35.999991567,Other,random,C3,36.000000000,RC2_0018_ICR-1_p08
495.127452449,531.127444016,35.999991567,Other,random,C3,36.000000000,RC2_0018_ICR-1_p08
653.209102534,689.209094101,35.999991567,Other,random,C3,36.000000000,RC2_0018_ICR-1_p08
491.168770709,527.168762276,35.999991567,Other,random,C3,36.000000000,RC2_0018_ICR-1_p08
395.061853131,431.061844698,35.999991567,Other,random,C3,36.000000000,RC2_0018_ICR-1_p08
381.168303257,417.168295824,35.999992567,Other,random,C3,36.000000000,RC2_0018_ICR-1_p08
616.188467706,652.188460273,35.999992567,Other,random,C3,36.000000000,RC2_0018_ICR-1_p08
353.100663085,389.100655652,35.999992567,Other,random,C3,36.000000000,RC2_0018_ICR-1_p08
365.209890993,401.209883560,35.999992567,Other,random,C3,36.000000000,RC2_0018_ICR-1_p08
406.127325909,442.127318476,35.999992567,Other,random,C3,36.000000000,RC2_0018_ICR-1_p08
503.213410980,539.213403547,35.999992567,Other,random,C3,36.000000000,RC2_0018_ICR-1_p08
551.104454682,587.104447249,35.999992567,Other,random,C3,36.000000000,RC2_0018_ICR-1_p08
354.046633766,390.046627333,35.999993567,Other,random,C3,36.000000000,RC2_0018_ICR-1_p08
401.035929538,437.035923105,35.999993567,Other,random,C3,36.000000000,RC2_0018_ICR-1_p08
531.135515970,567.135509537,35.999993567,Other,random,C3,36.000000000,RC2_0018_ICR-1_p08
461.085483871,497.085478438,35.999994567,Other,random,C3,36.000000000,RC2_0018_ICR-1_p08
378.096089532,414.096084099,35.999994567,Other,random,C3,36.000000000,RC2_0018_ICR-1_p08
257.139457688,293.139452255,35.999994567,Other,random,C3,36.000000000,RC2_0018_ICR-1_p08
328.067354851,364.067349418,35.999994567,Other,random,C3,36.000000000,RC2_0018_ICR-1_p08
392.147940517,428.147935084,35.999994567,Other,random,C3,36.000000000,RC2_0018_ICR-1_p08
435.123886857,471.123881424,35.999994567,Other,random,C3,36.000000000,RC2_0018_ICR-1_p08
513.124954246,549.124948813,35.999994567,Other,random,C3,36.000000000,RC2_0018_ICR-1_p08
521.166497028,557.166491595,35.999994567,Other,random,C3,36.000000000,RC2_0018_ICR-1_p08
335.053840565,371.053836132,35.999995567,Other,random,C3,36.000000000,RC2_0018_ICR-1_p08
463.051512816,499.051508383,35.999995567,Other,random,C3,36.000000000,RC2_0018_ICR-1_p08
339.035559175,375.035555742,35.999996567,Other,random,C3,36.000000000,RC2_0018_ICR-1_p08
447.114301433,483.114298000,35.999996567,Other,random,C3,36.000000000,RC2_0018_ICR-1_p08
311.077148389,347.077144956,35.999996567,Other,random,C3,36.000000000,RC2_0018_ICR-1_p08
493.220813170,529.220810737,35.999997567,Other,random,C3,36.000000000,RC2_0018_ICR-1_p08
255.051107431,291.051104998,35.999997567,Other,random,C3,36.000000000,RC2_0018_ICR-1_p08
379.097644900,415.097642467,35.999997567,Other,random,C3,36.000000000,RC2_0018_ICR-1_p08
369.082494217,405.082492784,35.999998567,Other,random,C3,36.000000000,RC2_0018_ICR-1_p08
281.030325346,317.030323914,35.999998567,Other,random,C3,36.000000000,RC2_0018_ICR-1_p08
323.162985429,359.162983996,35.999998567,Other,random,C3,36.000000000,RC2_0018_ICR-1_p08
379.103195869,415.103194436,35.999998567,Other,random,C3,36.000000000,RC2_0018_ICR-1_p08
404.062168521,440.062167088,35.999998567,Other,random,C3,36.000000000,RC2_0018_ICR-1_p08
631.094263888,667.094262456,35.999998567,Other,random,C3,36.000000000,RC2_0018_ICR-1_p08
349.056375827,385.056375394,35.999999567,Other,random,C3,36.000000000,RC2_0018_ICR-1_p08
332.090536228,368.090535795,35.999999567,Other,random,C3,36.000000000,RC2_0018_ICR-1_p08
559.231504983,595.231504550,35.999999567,Other,random,C3,36.000000000,RC2_0018_ICR-1_p08
385.040961480,421.040962047,36.000000567,Other,random,C3,36.000000000,RC2_0018_ICR-1_p08
411.202157372,447.202157939,36.000000567,Other,random,C3,36.000000000,RC2_0018_ICR-1_p08
315.144827516,351.144828083,36.000000567,Other,random,C3,36.000000000,RC2_0018_ICR-1_p08
415.197044908,451.197045475,36.000000567,Other,random,C3,36.000000000,RC2_0018_ICR-1_p08
333.061472768,369.061474335,36.000001567,Other,random,C3,36.000000000,RC2_0018_ICR-1_p08
491.191988578,527.191990145,36.000001567,Other,random,C3,36.000000000,RC2_0018_ICR-1_p08
327.144865038,363.144866605,36.000001567,Other,random,C3,36.000000000,RC2_0018_ICR-1_p08
396.065081490,432.065083057,36.000001567,Other,random,C3,36.000000000,RC2_0018_ICR-1_p08
407.098263449,443.098265016,36.000001567,Other,random,C3,36.000000000,RC2_0018_ICR-1_p08
393.119012056,429.119014623,36.000002567,Other,random,C3,36.000000000,RC2_0018_ICR-1_p08
453.176517345,489.176519912,36.000002567,Other,random,C3,36.000000000,RC2_0018_ICR-1_p08
376.080328867,412.080331434,36.000002567,Other,random,C3,36.000000000,RC2_0018_ICR-1_p08
381.113413565,417.113416132,36.000002567,Other,random,C3,36.000000000,RC2_0018_ICR-1_p08
522.125257636,558.125261203,36.000003567,Other,random,C3,36.000000000,RC2_0018_ICR-1_p08
727.173369622,763.173373189,36.000003567,Other,random,C3,36.000000000,RC2_0018_ICR-1_p08
379.066939073,415.066942640,36.000003567,Other,random,C3,36.000000000,RC2_0018_ICR-1_p08
261.134428224,297.134431791,36.000003567,Other,random,C3,36.000000000,RC2_0018_ICR-1_p08
537.234101677,573.234105244,36.000003567,Other,random,C3,36.000000000,RC2_0018_ICR-1_p08
241.035486243,277.035490810,36.000004567,Other,random,C3,36.000000000,RC2_0018_ICR-1_p08
363.102799842,399.102804409,36.000004567,Other,random,C3,36.000000000,RC2_0018_ICR-1_p08
593.187787042,629.187791609,36.000004567,Other,random,C3,36.000000000,RC2_0018_ICR-1_p08
507.078018249,543.078023816,36.000005567,Other,random,C3,36.000000000,RC2_0018_ICR-1_p08
365.064373811,401.064379378,36.000005567,Other,random,C3,36.000000000,RC2_0018_ICR-1_p08
533.143125681,569.143131248,36.000005567,Other,random,C3,36.000000000,RC2_0018_ICR-1_p08
557.224130270,593.224136837,36.000006567,Other,random,C3,36.000000000,RC2_0018_ICR-1_p08
599.161923448,635.161930015,36.000006567,Other,random,C3,36.000000000,RC2_0018_ICR-1_p08
699.178200043,735.178206610,36.000006567,Other,random,C3,36.000000000,RC2_0018_ICR-1_p08
383.134591200,419.134597767,36.000006567,Other,random,C3,36.000000000,RC2_0018_ICR-1_p08
391.116397317,427.116403884,36.000006567,Other,random,C3,36.000000000,RC2_0018_ICR-1_p08
438.067690304,474.067697871,36.000007567,Other,random,C3,36.000000000,RC2_0018_ICR-1_p08
475.210224446,511.210232013,36.000007567,Other,random,C3,36.000000000,RC2_0018_ICR-1_p08
303.181260789,339.181268356,36.000007567,Other,random,C3,36.000000000,RC2_0018_ICR-1_p08
394.041564869,430.041572436,36.000007567,Other,random,C3,36.000000000,RC2_0018_ICR-1_p08
409.108194147,445.108201714,36.000007567,Other,random,C3,36.000000000,RC2_0018_ICR-1_p08
256.082753630,292.082762197,36.000008567,Other,random,C3,36.000000000,RC2_0018_ICR-1_p08
345.118953967,381.118962534,36.000008567,Other,random,C3,36.000000000,RC2_0018_ICR-1_p08
431.046564784,467.046573351,36.000008567,Other,random,C3,36.000000000,RC2_0018_ICR-1_p08
293.139452255,329.139460822,36.000008567,Other,random,C3,36.000000000,RC2_0018_ICR-1_p08
317.152415227,353.152423794,36.000008567,Other,random,C3,36.000000000,RC2_0018_ICR-1_p08
369.046235421,405.046243988,36.000008567,Other,random,C3,36.000000000,RC2_0018_ICR-1_p08
447.069649684,483.069658251,36.000008567,Other,random,C3,36.000000000,RC2_0018_ICR-1_p08
253.108223356,289.108232923,36.000009567,Other,random,C3,36.000000000,RC2_0018_ICR-1_p08
503.132590435,539.132600002,36.000009567,Other,random,C3,36.000000000,RC2_0018_ICR-1_p08
451.118880915,487.118890482,36.000009567,Other,random,C3,36.000000000,RC2_0018_ICR-1_p08
349.095792605,385.095802172,36.000009567,Other,random,C3,36.000000000,RC2_0018_ICR-1_p08
307.155049444,343.176169892,36.021120448,Other,random,H4O2,36.021130000,RC2_0018_ICR-1_p08
557.203016389,593.224136837,36.021120448,Other,random,H4O2,36.021130000,RC2_0018_ICR-1_p08
397.113852593,433.134973041,36.021120448,Other,random,H4O2,36.021130000,RC2_0018_ICR-1_p08
469.041078136,505.062199584,36.021121448,Other,random,H4O2,36.021130000,RC2_0018_ICR-1_p08
481.090682379,517.111804828,36.021122448,Other,random,H4O2,36.021130000,RC2_0018_ICR-1_p08
769.272826891,805.293949340,36.021122448,Other,random,H4O2,36.021130000,RC2_0018_ICR-1_p08
479.147798304,515.168920753,36.021122448,Other,random,H4O2,36.021130000,RC2_0018_ICR-1_p08
335.113503229,371.134626678,36.021123448,Other,random,H4O2,36.021130000,RC2_0018_ICR-1_p08
373.087070699,409.108194147,36.021123448,Other,random,H4O2,36.021130000,RC2_0018_ICR-1_p08
475.233581315,511.254704763,36.021123448,Other,random,H4O2,36.021130000,RC2_0018_ICR-1_p08
445.150241477,481.171365926,36.021124448,Other,random,H4O2,36.021130000,RC2_0018_ICR-1_p08
278.103435805,314.124560253,36.021124448,Other,random,H4O2,36.021130000,RC2_0018_ICR-1_p08
371.053836132,407.074960580,36.021124448,Other,random,H4O2,36.021130000,RC2_0018_ICR-1_p08
399.084921509,435.106045957,36.021124448,Other,random,H4O2,36.021130000,RC2_0018_ICR-1_p08
453.168508390,489.189632838,36.021124448,Other,random,H4O2,36.021130000,RC2_0018_ICR-1_p08
313.048365305,349.069490753,36.021125448,Other,random,H4O2,36.021130000,RC2_0018_ICR-1_p08
529.062426628,565.083552076,36.021125448,Other,random,H4O2,36.021130000,RC2_0018_ICR-1_p08
249.040526230,285.061651678,36.021125448,Other,random,H4O2,36.021130000,RC2_0018_ICR-1_p08
309.134276314,345.155401762,36.021125448,Other,random,H4O2,36.021130000,RC2_0018_ICR-1_p08
415.189045953,451.210171402,36.021125448,Other,random,H4O2,36.021130000,RC2_0018_ICR-1_p08
423.165949098,459.187075546,36.021126448,Other,random,H4O2,36.021130000,RC2_0018_ICR-1_p08
633.219121940,669.240248388,36.021126448,Other,random,H4O2,36.021130000,RC2_0018_ICR-1_p08
687.230011229,723.251137678,36.021126448,Other,random,H4O2,36.021130000,RC2_0018_ICR-1_p08
463.124489406,499.145616854,36.021127448,Other,random,H4O2,36.021130000,RC2_0018_ICR-1_p08
415.030477845,451.051605293,36.021127448,Other,random,H4O2,36.021130000,RC2_0018_ICR-1_p08
323.040768116,359.061895564,36.021127448,Other,random,H4O2,36.021130000,RC2_0018_ICR-1_p08
407.025335859,443.046464307,36.021128448,Other,random,H4O2,36.021130000,RC2_0018_ICR-1_p08
251.128963486,287.150091934,36.021128448,Other,random,H4O2,36.021130000,RC2_0018_ICR-1_p08
367.131645187,403.152773635,36.021128448,Other,random,H4O2,36.021130000,RC2_0018_ICR-1_p08
389.051210930,425.072339378,36.021128448,Other,random,H4O2,36.021130000,RC2_0018_ICR-1_p08
433.150265955,469.171394403,36.021128448,Other,random,H4O2,36.021130000,RC2_0018_ICR-1_p08
447.165896143,483.187024591,36.021128448,Other,random,H4O2,36.021130000,RC2_0018_ICR-1_p08
311.149929980,347.171059428,36.021129448,Other,random,H4O2,36.021130000,RC2_0018_ICR-1_p08
599.213810157,635.234939605,36.021129448,Other,random,H4O2,36.021130000,RC2_0018_ICR-1_p08
403.066921118,439.088051566,36.021130448,Other,random,H4O2,36.021130000,RC2_0018_ICR-1_p08
627.208637738,663.229768186,36.021130448,Other,random,H4O2,36.021130000,RC2_0018_ICR-1_p08
432.065083057,468.086213505,36.021130448,Other,random,H4O2,36.021130000,RC2_0018_ICR-1_p08
270.061906023,306.083037472,36.021131448,Other,random,H4O2,36.021130000,RC2_0018_ICR-1_p08
330.061854635,366.082986084,36.021131448,Other,random,H4O2,36.021130000,RC2_0018_ICR-1_p08
413.100724696,449.121856145,36.021131448,Other,random,H4O2,36.021130000,RC2_0018_ICR-1_p08
491.191988578,527.213120027,36.021131448,Other,random,H4O2,36.021130000,RC2_0018_ICR-1_p08
597.125382900,633.146514348,36.021131448,Other,random,H4O2,36.021130000,RC2_0018_ICR-1_p08
305.103027982,341.124159431,36.021131448,Other,random,H4O2,36.021130000,RC2_0018_ICR-1_p08
403.030465323,439.051597771,36.021132448,Other,random,H4O2,36.021130000,RC2_0018_ICR-1_p08
457.077656408,493.098788856,36.021132448,Other,random,H4O2,36.021130000,RC2_0018_ICR-1_p08
361.092720145,397.113852593,36.021132448,Other,random,H4O2,36.021130000,RC2_0018_ICR-1_p08
543.078023816,579.099156264,36.021132448,Other,random,H4O2,36.021130000,RC2_0018_ICR-1_p08
236.056493241,272.077625689,36.021132448,Other,random,H4O2,36.021130000,RC2_0018_ICR-1_p08
541.098890945,577.120024393,36.021133448,Other,random,H4O2,36.021130000,RC2_0018_ICR-1_p08
425.100678219,461.121811667,36.021133448,Other,random,H4O2,36.021130000,RC2_0018_ICR-1_p08
543.223717997,579.244851445,36.021133448,Other,random,H4O2,36.021130000,RC2_0018_ICR-1_p08
303.160133908,339.181268356,36.021134448,Other,random,H4O2,36.021130000,RC2_0018_ICR-1_p08
455.128979366,491.150113814,36.021134448,Other,random,H4O2,36.021130000,RC2_0018_ICR-1_p08
319.009446785,355.030582233,36.021135448,Other,random,H4O2,36.021130000,RC2_0018_ICR-1_p08
387.121390782,423.142526230,36.021135448,Other,random,H4O2,36.021130000,RC2_0018_ICR-1_p08
469.163378448,505.184513896,36.021135448,Other,random,H4O2,36.021130000,RC2_0018_ICR-1_p08
513.140135161,549.161272609,36.021137448,Other,random,H4O2,36.021130000,RC2_0018_ICR-1_p08
465.067479480,501.088616928,36.021137448,Other,random,H4O2,36.021130000,RC2_0018_ICR-1_p08
361.142082867,397.163221315,36.021138448,Other,random,H4O2,36.021130000,RC2_0018_ICR-1_p08
483.160419741,519.181558189,36.021138448,Other,random,H4O2,36.021130000,RC2_0018_ICR-1_p08
537.189629927,573.210768375,36.021138448,Other,random,H4O2,36.021130000,RC2_0018_ICR-1_p08
541.135162741,577.156302189,36.021139448,Other,random,H4O2,36.021130000,RC2_0018_ICR-1_p08
251.092540691,287.113680139,36.021139448,Other,random,H4O2,36.021130000,RC2_0018_ICR-1_p08
407.134489245,443.155628693,36.021139448,Other,random,H4O2,36.021130000,RC2_0018_ICR-1_p08
259.082407763,295.118783125,36.036375362,Other,random,C4H4O_1,36.036385000,RC2_0018_ICR-1_p08
371.098113883,407.134489245,36.036375362,Other,random,C4H4O_1,36.036385000,RC2_0018_ICR-1_p08
503.213410980,539.249786343,36.036375362,Other,random,C4H4O_1,36.036385000,RC2_0018_ICR-1_p08
465.030992685,501.067369048,36.036376362,Other,random,C4H4O_1,36.036385000,RC2_0018_ICR-1_p08
551.226462996,587.262839359,36.036376362,Other,random,C4H4O_1,36.036385000,RC2_0018_ICR-1_p08
537.088750495,573.125126857,36.036376362,Other,random,C4H4O_1,36.036385000,RC2_0018_ICR-1_p08
541.184646463,577.221022825,36.036376362,Other,random,C4H4O_1,36.036385000,RC2_0018_ICR-1_p08
691.261197561,727.297573924,36.036376362,Other,random,C4H4O_1,36.036385000,RC2_0018_ICR-1_p08
321.097860041,357.134236404,36.036376362,Other,random,C4H4O_1,36.036385000,RC2_0018_ICR-1_p08
383.134591200,419.170967563,36.036376362,Other,random,C4H4O_1,36.036385000,RC2_0018_ICR-1_p08
467.155823737,503.192201099,36.036377362,Other,random,C4H4O_1,36.036385000,RC2_0018_ICR-1_p08
308.041076461,344.077454824,36.036378362,Other,random,C4H4O_1,36.036385000,RC2_0018_ICR-1_p08
503.119455509,539.155833871,36.036378362,Other,random,C4H4O_1,36.036385000,RC2_0018_ICR-1_p08
359.090145405,395.126523768,36.036378362,Other,random,C4H4O_1,36.036385000,RC2_0018_ICR-1_p08
431.082920580,467.119298942,36.036378362,Other,random,C4H4O_1,36.036385000,RC2_0018_ICR-1_p08
417.176408778,453.212787141,36.036378362,Other,random,C4H4O_1,36.036385000,RC2_0018_ICR-1_p08
683.219643780,719.256023143,36.036379362,Other,random,C4H4O_1,36.036385000,RC2_0018_ICR-1_p08
319.009446785,355.045826147,36.036379362,Other,random,C4H4O_1,36.036385000,RC2_0018_ICR-1_p08
429.103636710,465.140017072,36.036380362,Other,random,C4H4O_1,36.036385000,RC2_0018_ICR-1_p08
437.108794696,473.145175058,36.036380362,Other,random,C4H4O_1,36.036385000,RC2_0018_ICR-1_p08
463.160781202,499.197161564,36.036380362,Other,random,C4H4O_1,36.036385000,RC2_0018_ICR-1_p08
465.140017072,501.176397435,36.036380362,Other,random,C4H4O_1,36.036385000,RC2_0018_ICR-1_p08
355.103325824,391.139706186,36.036380362,Other,random,C4H4O_1,36.036385000,RC2_0018_ICR-1_p08
565.083552076,601.119932438,36.036380362,Other,random,C4H4O_1,36.036385000,RC2_0018_ICR-1_p08
355.116240751,391.152622114,36.036381362,Other,random,C4H4O_1,36.036385000,RC2_0018_ICR-1_p08
349.142133344,385.178514707,36.036381362,Other,random,C4H4O_1,36.036385000,RC2_0018_ICR-1_p08
407.074960580,443.111341942,36.036381362,Other,random,C4H4O_1,36.036385000,RC2_0018_ICR-1_p08
438.067690304,474.104071666,36.036381362,Other,random,C4H4O_1,36.036385000,RC2_0018_ICR-1_p08
603.120512189,639.156893551,36.036381362,Other,random,C4H4O_1,36.036385000,RC2_0018_ICR-1_p08
411.129514781,447.165896143,36.036381362,Other,random,C4H4O_1,36.036385000,RC2_0018_ICR-1_p08
407.184150966,443.220533328,36.036382362,Other,random,C4H4O_1,36.036385000,RC2_0018_ICR-1_p08
253.035448766,289.071831128,36.036382362,Other,random,C4H4O_1,36.036385000,RC2_0018_ICR-1_p08
403.152773635,439.189155997,36.036382362,Other,random,C4H4O_1,36.036385000,RC2_0018_ICR-1_p08
529.156256100,565.192639462,36.036383362,Other,random,C4H4O_1,36.036385000,RC2_0018_ICR-1_p08
553.156403144,589.192786506,36.036383362,Other,random,C4H4O_1,36.036385000,RC2_0018_ICR-1_p08
351.121423215,387.157806577,36.036383362,Other,random,C4H4O_1,36.036385000,RC2_0018_ICR-1_p08
663.229768186,699.266151549,36.036383362,Other,random,C4H4O_1,36.036385000,RC2_0018_ICR-1_p08
333.025090973,369.061474335,36.036383362,Other,random,C4H4O_1,36.036385000,RC2_0018_ICR-1_p08
347.090232882,383.126616245,36.036383362,Other,random,C4H4O_1,36.036385000,RC2_0018_ICR-1_p08
357.118880490,393.155263852,36.036383362,Other,random,C4H4O_1,36.036385000,RC2_0018_ICR-1_p08
413.035886061,449.072270423,36.036384362,Other,random,C4H4O_1,36.036385000,RC2_0018_ICR-1_p08
582.146830127,618.183214489,36.036384362,Other,random,C4H4O_1,36.036385000,RC2_0018_ICR-1_p08
487.181796128,523.218180491,36.036384362,Other,random,C4H4O_1,36.036385000,RC2_0018_ICR-1_p08
449.048889555,485.085273917,36.036384362,Other,random,C4H4O_1,36.036385000,RC2_0018_ICR-1_p08
251.056215895,287.092600257,36.036384362,Other,random,C4H4O_1,36.036385000,RC2_0018_ICR-1_p08
343.095244347,379.131628709,36.036384362,Other,random,C4H4O_1,36.036385000,RC2_0018_ICR-1_p08
345.074575217,381.110959579,36.036384362,Other,random,C4H4O_1,36.036385000,RC2_0018_ICR-1_p08
475.137479855,511.173864217,36.036384362,Other,random,C4H4O_1,36.036385000,RC2_0018_ICR-1_p08
479.192105055,515.228490418,36.036385362,Other,random,C4H4O_1,36.036385000,RC2_0018_ICR-1_p08
503.067827799,539.104213161,36.036385362,Other,random,C4H4O_1,36.036385000,RC2_0018_ICR-1_p08
296.041188938,332.077574301,36.036385362,Other,random,C4H4O_1,36.036385000,RC2_0018_ICR-1_p08
411.178869503,447.215254866,36.036385362,Other,random,C4H4O_1,36.036385000,RC2_0018_ICR-1_p08
433.126993086,469.163378448,36.036385362,Other,random,C4H4O_1,36.036385000,RC2_0018_ICR-1_p08
439.160695158,475.197080520,36.036385362,Other,random,C4H4O_1,36.036385000,RC2_0018_ICR-1_p08
523.145683898,559.182069261,36.036385362,Other,random,C4H4O_1,36.036385000,RC2_0018_ICR-1_p08
465.153057999,501.189443361,36.036385362,Other,random,C4H4O_1,36.036385000,RC2_0018_ICR-1_p08
405.077009815,441.113396177,36.036386362,Other,random,C4H4O_1,36.036385000,RC2_0018_ICR-1_p08
445.207702154,481.244088517,36.036386362,Other,random,C4H4O_1,36.036385000,RC2_0018_ICR-1_p08
349.019989031,385.056375394,36.036386362,Other,random,C4H4O_1,36.036385000,RC2_0018_ICR-1_p08
353.051318362,389.087704725,36.036386362,Other,random,C4H4O_1,36.036385000,RC2_0018_ICR-1_p08
427.051585249,463.087972611,36.036387362,Other,random,C4H4O_1,36.036385000,RC2_0018_ICR-1_p08
554.151656547,590.188043910,36.036387362,Other,random,C4H4O_1,36.036385000,RC2_0018_ICR-1_p08
381.149691361,417.186078724,36.036387362,Other,random,C4H4O_1,36.036385000,RC2_0018_ICR-1_p08
475.101180059,511.137567422,36.036387362,Other,random,C4H4O_1,36.036385000,RC2_0018_ICR-1_p08
463.124489406,499.160877768,36.036388362,Other,random,C4H4O_1,36.036385000,RC2_0018_ICR-1_p08
276.108965020,312.145353382,36.036388362,Other,random,C4H4O_1,36.036385000,RC2_0018_ICR-1_p08
286.093252877,322.129641239,36.036388362,Other,random,C4H4O_1,36.036385000,RC2_0018_ICR-1_p08
293.103072460,329.139460822,36.036388362,Other,random,C4H4O_1,36.036385000,RC2_0018_ICR-1_p08
325.129201372,361.165589735,36.036388362,Other,random,C4H4O_1,36.036385000,RC2_0018_ICR-1_p08
393.046246465,429.082634828,36.036388362,Other,random,C4H4O_1,36.036385000,RC2_0018_ICR-1_p08
415.124437317,451.160825679,36.036388362,Other,random,C4H4O_1,36.036385000,RC2_0018_ICR-1_p08
341.014982044,377.051371407,36.036389362,Other,random,C4H4O_1,36.036385000,RC2_0018_ICR-1_p08
339.139214592,375.175603955,36.036389362,Other,random,C4H4O_1,36.036385000,RC2_0018_ICR-1_p08
649.177886202,685.214275564,36.036389362,Other,random,C4H4O_1,36.036385000,RC2_0018_ICR-1_p08
283.045949012,319.082338375,36.036389362,Other,random,C4H4O_1,36.036385000,RC2_0018_ICR-1_p08
298.093205400,334.129594762,36.036389362,Other,random,C4H4O_1,36.036385000,RC2_0018_ICR-1_p08
379.139658664,415.176048027,36.036389362,Other,random,C4H4O_1,36.036385000,RC2_0018_ICR-1_p08
270.061906023,306.098296386,36.036390362,Other,random,C4H4O_1,36.036385000,RC2_0018_ICR-1_p08
369.082494217,405.118884579,36.036390362,Other,random,C4H4O_1,36.036385000,RC2_0018_ICR-1_p08
391.043650726,427.080041089,36.036390362,Other,random,C4H4O_1,36.036385000,RC2_0018_ICR-1_p08
447.178854070,483.215245433,36.036391362,Other,random,C4H4O_1,36.036385000,RC2_0018_ICR-1_p08
479.168885186,515.205276548,36.036391362,Other,random,C4H4O_1,36.036385000,RC2_0018_ICR-1_p08
591.062990990,627.099382352,36.036391362,Other,random,C4H4O_1,36.036385000,RC2_0018_ICR-1_p08
429.168543345,465.204934707,36.036391362,Other,random,C4H4O_1,36.036385000,RC2_0018_ICR-1_p08
499.218370445,535.254761807,36.036391362,Other,random,C4H4O_1,36.036385000,RC2_0018_ICR-1_p08
419.038470308,455.074861670,36.036391362,Other,random,C4H4O_1,36.036385000,RC2_0018_ICR-1_p08
377.127270980,413.163663342,36.036392362,Other,random,C4H4O_1,36.036385000,RC2_0018_ICR-1_p08
239.019818577,275.056210940,36.036392362,Other,random,C4H4O_1,36.036385000,RC2_0018_ICR-1_p08
459.150555752,495.186948114,36.036392362,Other,random,C4H4O_1,36.036385000,RC2_0018_ICR-1_p08
455.046568829,491.082961191,36.036392362,Other,random,C4H4O_1,36.036385000,RC2_0018_ICR-1_p08
538.083938898,574.120331261,36.036392362,Other,random,C4H4O_1,36.036385000,RC2_0018_ICR-1_p08
677.100190191,713.136582553,36.036392362,Other,random,C4H4O_1,36.036385000,RC2_0018_ICR-1_p08
349.087113654,385.123507016,36.036393362,Other,random,C4H4O_1,36.036385000,RC2_0018_ICR-1_p08
693.240549431,729.276942794,36.036393362,Other,random,C4H4O_1,36.036385000,RC2_0018_ICR-1_p08
315.064025970,351.100419333,36.036393362,Other,random,C4H4O_1,36.036385000,RC2_0018_ICR-1_p08
627.193373824,663.229768186,36.036394362,Other,random,C4H4O_1,36.036385000,RC2_0018_ICR-1_p08
543.062922901,580.094533667,37.031610766,Other,random,C3H3N1O_1,37.031617600,RC2_0018_ICR-1_p08
353.015015567,390.046627333,37.031611766,Other,random,C3H3N1O_1,37.031617600,RC2_0018_ICR-1_p08
407.111262376,444.142874142,37.031611766,Other,random,C3H3N1O_1,37.031617600,RC2_0018_ICR-1_p08
341.087646636,378.119259402,37.031612766,Other,random,C3H3N1O_1,37.031617600,RC2_0018_ICR-1_p08
551.067893888,588.099506654,37.031612766,Other,random,C3H3N1O_1,37.031617600,RC2_0018_ICR-1_p08
367.103377346,404.134993112,37.031615766,Other,random,C3H3N1O_1,37.031617600,RC2_0018_ICR-1_p08
337.069330231,374.100948997,37.031618766,Other,random,C3H3N1O_1,37.031617600,RC2_0018_ICR-1_p08
337.092826099,374.124444865,37.031618766,Other,random,C3H3N1O_1,37.031617600,RC2_0018_ICR-1_p08
435.106045957,472.137664723,37.031618766,Other,random,C3H3N1O_1,37.031617600,RC2_0018_ICR-1_p08
330.083030516,367.114650282,37.031619766,Other,random,C3H3N1O_1,37.031617600,RC2_0018_ICR-1_p08
327.035729652,364.067349418,37.031619766,Other,random,C3H3N1O_1,37.031617600,RC2_0018_ICR-1_p08
527.067851843,564.099472609,37.031620766,Other,random,C3H3N1O_1,37.031617600,RC2_0018_ICR-1_p08
539.140498957,576.172119723,37.031620766,Other,random,C3H3N1O_1,37.031617600,RC2_0018_ICR-1_p08
477.030962208,514.062586974,37.031624766,Other,random,C3H3N1O_1,37.031617600,RC2_0018_ICR-1_p08
337.020022509,374.051647275,37.031624766,Other,random,C3H3N1O_1,37.031617600,RC2_0018_ICR-1_p08
377.051371407,414.082996173,37.031624766,Other,random,C3H3N1O_1,37.031617600,RC2_0018_ICR-1_p08
241.035486243,278.067113009,37.031626766,Other,random,C3H3N1O_1,37.031617600,RC2_0018_ICR-1_p08
488.156299648,525.233890156,37.077590508,Other,random,C5H2N5O_4P_1,37.077600000,RC2_0018_ICR-1_p08
352.030995100,389.108586607,37.077591508,Other,random,C5H2N5O_4P_1,37.077600000,RC2_0018_ICR-1_p08
452.047199695,489.124791202,37.077591508,Other,random,C5H2N5O_4P_1,37.077600000,RC2_0018_ICR-1_p08
550.193123807,587.270719314,37.077595508,Other,random,C5H2N5O_4P_1,37.077600000,RC2_0018_ICR-1_p08
362.088110547,399.165711055,37.077600508,Other,random,C5H2N5O_4P_1,37.077600000,RC2_0018_ICR-1_p08
476.119899331,513.197499838,37.077600508,Other,random,C5H2N5O_4P_1,37.077600000,RC2_0018_ICR-1_p08
516.151587227,553.229192735,37.077605507,Other,random,C5H2N5O_4P_1,37.077600000,RC2_0018_ICR-1_p08
360.072564881,397.150170389,37.077605507,Other,random,C5H2N5O_4P_1,37.077600000,RC2_0018_ICR-1_p08
506.166932372,543.244539880,37.077607507,Other,random,C5H2N5O_4P_1,37.077600000,RC2_0018_ICR-1_p08
504.188064500,541.265673007,37.077608507,Other,random,C5H2N5O_4P_1,37.077600000,RC2_0018_ICR-1_p08
432.106683823,469.184293331,37.077609507,Other,random,C5H2N5O_4P_1,37.077600000,RC2_0018_ICR-1_p08
389.145163402,427.124418839,37.979255437,Other,random,C2H_2O,37.979265000,RC2_0018_ICR-1_p08
539.249786343,577.229041780,37.979255437,Other,random,C2H_2O,37.979265000,RC2_0018_ICR-1_p08
763.246943776,801.226199213,37.979255437,Other,random,C2H_2O,37.979265000,RC2_0018_ICR-1_p08
275.092516736,313.071773173,37.979256437,Other,random,C2H_2O,37.979265000,RC2_0018_ICR-1_p08
421.077519842,459.056776279,37.979256437,Other,random,C2H_2O,37.979265000,RC2_0018_ICR-1_p08
321.061522246,359.040778683,37.979256437,Other,random,C2H_2O,37.979265000,RC2_0018_ICR-1_p08
337.092826099,375.072082537,37.979256437,Other,random,C2H_2O,37.979265000,RC2_0018_ICR-1_p08
541.119899827,579.099156264,37.979256437,Other,random,C2H_2O,37.979265000,RC2_0018_ICR-1_p08
564.230046875,602.209303313,37.979256437,Other,random,C2H_2O,37.979265000,RC2_0018_ICR-1_p08
483.223435387,521.202691824,37.979256437,Other,random,C2H_2O,37.979265000,RC2_0018_ICR-1_p08
349.142133344,387.121390782,37.979257437,Other,random,C2H_2O,37.979265000,RC2_0018_ICR-1_p08
349.165516213,387.144773650,37.979257437,Other,random,C2H_2O,37.979265000,RC2_0018_ICR-1_p08
411.142598707,449.121856145,37.979257437,Other,random,C2H_2O,37.979265000,RC2_0018_ICR-1_p08
659.234980649,697.214238087,37.979257437,Other,random,C2H_2O,37.979265000,RC2_0018_ICR-1_p08
681.204212113,719.183469551,37.979257437,Other,random,C2H_2O,37.979265000,RC2_0018_ICR-1_p08
325.105888503,363.085145941,37.979257437,Other,random,C2H_2O,37.979265000,RC2_0018_ICR-1_p08
387.157806577,425.137064014,37.979257437,Other,random,C2H_2O,37.979265000,RC2_0018_ICR-1_p08
399.129537258,437.108794696,37.979257437,Other,random,C2H_2O,37.979265000,RC2_0018_ICR-1_p08
527.104293638,565.083552076,37.979258437,Other,random,C2H_2O,37.979265000,RC2_0018_ICR-1_p08
367.134061173,405.113319611,37.979258437,Other,random,C2H_2O,37.979265000,RC2_0018_ICR-1_p08
679.224859243,717.204117681,37.979258437,Other,random,C2H_2O,37.979265000,RC2_0018_ICR-1_p08
419.129046798,457.108306236,37.979259437,Other,random,C2H_2O,37.979265000,RC2_0018_ICR-1_p08
243.123870500,281.103129937,37.979259437,Other,random,C2H_2O,37.979265000,RC2_0018_ICR-1_p08
437.194498214,475.173757651,37.979259437,Other,random,C2H_2O,37.979265000,RC2_0018_ICR-1_p08
373.105800593,411.085060031,37.979259437,Other,random,C2H_2O,37.979265000,RC2_0018_ICR-1_p08
625.214040954,663.193301391,37.979260437,Other,random,C2H_2O,37.979265000,RC2_0018_ICR-1_p08
327.108390243,365.087650681,37.979260437,Other,random,C2H_2O,37.979265000,RC2_0018_ICR-1_p08
409.126849042,447.106109479,37.979260437,Other,random,C2H_2O,37.979265000,RC2_0018_ICR-1_p08
687.266337025,725.245597463,37.979260437,Other,random,C2H_2O,37.979265000,RC2_0018_ICR-1_p08
305.124117864,343.103378301,37.979260437,Other,random,C2H_2O,37.979265000,RC2_0018_ICR-1_p08
366.155732675,404.134993112,37.979260437,Other,random,C2H_2O,37.979265000,RC2_0018_ICR-1_p08
643.188527881,681.167788318,37.979260437,Other,random,C2H_2O,37.979265000,RC2_0018_ICR-1_p08
527.140592434,565.119853872,37.979261437,Other,random,C2H_2O,37.979265000,RC2_0018_ICR-1_p08
280.082586676,318.061848113,37.979261437,Other,random,C2H_2O,37.979265000,RC2_0018_ICR-1_p08
457.098694290,495.077955727,37.979261437,Other,random,C2H_2O,37.979265000,RC2_0018_ICR-1_p08
475.072811219,513.052072656,37.979261437,Other,random,C2H_2O,37.979265000,RC2_0018_ICR-1_p08
501.234142110,539.213403547,37.979261437,Other,random,C2H_2O,37.979265000,RC2_0018_ICR-1_p08
264.051484821,302.030747258,37.979262437,Other,random,C2H_2O,37.979265000,RC2_0018_ICR-1_p08
317.225231818,355.204494255,37.979262437,Other,random,C2H_2O,37.979265000,RC2_0018_ICR-1_p08
367.139622142,405.118884579,37.979262437,Other,random,C2H_2O,37.979265000,RC2_0018_ICR-1_p08
461.121811667,499.101074104,37.979262437,Other,random,C2H_2O,37.979265000,RC2_0018_ICR-1_p08
503.155900304,541.135162741,37.979262437,Other,random,C2H_2O,37.979265000,RC2_0018_ICR-1_p08
615.193265302,653.172527739,37.979262437,Other,random,C2H_2O,37.979265000,RC2_0018_ICR-1_p08
579.172082854,617.151345291,37.979262437,Other,random,C2H_2O,37.979265000,RC2_0018_ICR-1_p08
335.149938024,373.129200462,37.979262437,Other,random,C2H_2O,37.979265000,RC2_0018_ICR-1_p08
402.112035487,440.091298925,37.979263437,Other,random,C2H_2O,37.979265000,RC2_0018_ICR-1_p08
427.160753635,465.140017072,37.979263437,Other,random,C2H_2O,37.979265000,RC2_0018_ICR-1_p08
769.220484186,807.199747623,37.979263437,Other,random,C2H_2O,37.979265000,RC2_0018_ICR-1_p08
421.150161433,459.129424871,37.979263437,Other,random,C2H_2O,37.979265000,RC2_0018_ICR-1_p08
433.134973041,471.114236478,37.979263437,Other,random,C2H_2O,37.979265000,RC2_0018_ICR-1_p08
373.142179389,411.121443826,37.979264437,Other,random,C2H_2O,37.979265000,RC2_0018_ICR-1_p08
437.139631522,475.118895960,37.979264437,Other,random,C2H_2O,37.979265000,RC2_0018_ICR-1_p08
303.160133908,341.139398345,37.979264437,Other,random,C2H_2O,37.979265000,RC2_0018_ICR-1_p08
445.098510768,483.077775206,37.979264437,Other,random,C2H_2O,37.979265000,RC2_0018_ICR-1_p08
445.171461358,483.150726795,37.979265437,Other,random,C2H_2O,37.979265000,RC2_0018_ICR-1_p08
449.194522736,487.173788173,37.979265437,Other,random,C2H_2O,37.979265000,RC2_0018_ICR-1_p08
493.135089652,531.114355089,37.979265437,Other,random,C2H_2O,37.979265000,RC2_0018_ICR-1_p08
719.146135761,757.125401198,37.979265437,Other,random,C2H_2O,37.979265000,RC2_0018_ICR-1_p08
367.152737068,405.132003506,37.979266437,Other,random,C2H_2O,37.979265000,RC2_0018_ICR-1_p08
525.161206565,563.140473002,37.979266437,Other,random,C2H_2O,37.979265000,RC2_0018_ICR-1_p08
535.182220215,573.161486653,37.979266437,Other,random,C2H_2O,37.979265000,RC2_0018_ICR-1_p08
357.118880490,395.098147927,37.979267437,Other,random,C2H_2O,37.979265000,RC2_0018_ICR-1_p08
361.129068940,399.108337377,37.979268437,Other,random,C2H_2O,37.979265000,RC2_0018_ICR-1_p08
325.142166299,363.121434737,37.979268437,Other,random,C2H_2O,37.979265000,RC2_0018_ICR-1_p08
543.171901288,581.151169725,37.979268437,Other,random,C2H_2O,37.979265000,RC2_0018_ICR-1_p08
251.128963486,289.108232923,37.979269437,Other,random,C2H_2O,37.979265000,RC2_0018_ICR-1_p08
347.107917783,385.087187220,37.979269437,Other,random,C2H_2O,37.979265000,RC2_0018_ICR-1_p08
361.092720145,399.071989582,37.979269437,Other,random,C2H_2O,37.979265000,RC2_0018_ICR-1_p08
375.093150418,413.072419856,37.979269437,Other,random,C2H_2O,37.979265000,RC2_0018_ICR-1_p08
479.168885186,517.148154623,37.979269437,Other,random,C2H_2O,37.979265000,RC2_0018_ICR-1_p08
365.087650681,403.066921118,37.979270437,Other,random,C2H_2O,37.979265000,RC2_0018_ICR-1_p08
445.150241477,483.129512915,37.979271437,Other,random,C2H_2O,37.979265000,RC2_0018_ICR-1_p08
451.160825679,489.140097116,37.979271437,Other,random,C2H_2O,37.979265000,RC2_0018_ICR-1_p08
313.092795055,351.072066492,37.979271437,Other,random,C2H_2O,37.979265000,RC2_0018_ICR-1_p08
401.209883560,439.189155997,37.979272437,Other,random,C2H_2O,37.979265000,RC2_0018_ICR-1_p08
409.090377247,447.069649684,37.979272437,Other,random,C2H_2O,37.979265000,RC2_0018_ICR-1_p08
411.178869503,449.158141940,37.979272437,Other,random,C2H_2O,37.979265000,RC2_0018_ICR-1_p08
411.202157372,449.181429810,37.979272437,Other,random,C2H_2O,37.979265000,RC2_0018_ICR-1_p08
319.103334257,357.082606694,37.979272437,Other,random,C2H_2O,37.979265000,RC2_0018_ICR-1_p08
445.062284972,483.041557409,37.979272437,Other,random,C2H_2O,37.979265000,RC2_0018_ICR-1_p08
491.046474397,529.025746834,37.979272437,Other,random,C2H_2O,37.979265000,RC2_0018_ICR-1_p08
695.147282709,733.126555147,37.979272437,Other,random,C2H_2O,37.979265000,RC2_0018_ICR-1_p08
421.223101023,459.202373460,37.979272437,Other,random,C2H_2O,37.979265000,RC2_0018_ICR-1_p08
280.046341880,318.025615317,37.979273437,Other,random,C2H_2O,37.979265000,RC2_0018_ICR-1_p08
293.175787051,331.155060488,37.979273437,Other,random,C2H_2O,37.979265000,RC2_0018_ICR-1_p08
505.135115174,543.114389612,37.979274437,Other,random,C2H_2O,37.979265000,RC2_0018_ICR-1_p08
781.256485506,819.235759943,37.979274437,Other,random,C2H_2O,37.979265000,RC2_0018_ICR-1_p08
492.136087270,530.115361707,37.979274437,Other,random,C2H_2O,37.979265000,RC2_0018_ICR-1_p08
333.074561695,371.053836132,37.979274437,Other,random,C2H_2O,37.979265000,RC2_0018_ICR-1_p08
341.152354272,379.131628709,37.979274437,Other,random,C2H_2O,37.979265000,RC2_0018_ICR-1_p08
363.121434737,401.100709174,37.979274437,Other,random,C2H_2O,37.979265000,RC2_0018_ICR-1_p08
464.119708810,502.098983247,37.979274437,Other,random,C2H_2O,37.979265000,RC2_0018_ICR-1_p08
573.125126857,611.104401294,37.979274437,Other,random,C2H_2O,37.979265000,RC2_0018_ICR-1_p08
493.257197965,531.272838198,38.015640233,Other,random,C3H2,38.015650000,RC2_0018_ICR-1_p08
329.116004954,367.131645187,38.015640233,Other,random,C3H2,38.015650000,RC2_0018_ICR-1_p08
713.266514823,751.282155055,38.015640233,Other,random,C3H2,38.015650000,RC2_0018_ICR-1_p08
312.035979997,350.051620230,38.015640233,Other,random,C3H2,38.015650000,RC2_0018_ICR-1_p08
429.168543345,467.184183578,38.015640233,Other,random,C3H2,38.015650000,RC2_0018_ICR-1_p08
447.077800639,485.093440871,38.015640233,Other,random,C3H2,38.015650000,RC2_0018_ICR-1_p08
451.118880915,489.134521148,38.015640233,Other,random,C3H2,38.015650000,RC2_0018_ICR-1_p08
473.275466325,511.291107558,38.015641233,Other,random,C3H2,38.015650000,RC2_0018_ICR-1_p08
315.064025970,353.079667203,38.015641233,Other,random,C3H2,38.015650000,RC2_0018_ICR-1_p08
431.147737215,469.163378448,38.015641233,Other,random,C3H2,38.015650000,RC2_0018_ICR-1_p08
535.145845420,573.161486653,38.015641233,Other,random,C3H2,38.015650000,RC2_0018_ICR-1_p08
663.229768186,701.245409419,38.015641233,Other,random,C3H2,38.015650000,RC2_0018_ICR-1_p08
312.072382793,350.088024025,38.015641233,Other,random,C3H2,38.015650000,RC2_0018_ICR-1_p08
419.147673694,457.163315926,38.015642233,Other,random,C3H2,38.015650000,RC2_0018_ICR-1_p08
527.140592434,565.156234667,38.015642233,Other,random,C3H2,38.015650000,RC2_0018_ICR-1_p08
571.130568073,609.146210305,38.015642233,Other,random,C3H2,38.015650000,RC2_0018_ICR-1_p08
423.179023025,461.194665257,38.015642233,Other,random,C3H2,38.015650000,RC2_0018_ICR-1_p08
417.067288392,455.082930625,38.015642233,Other,random,C3H2,38.015650000,RC2_0018_ICR-1_p08
607.130748639,645.146390871,38.015642233,Other,random,C3H2,38.015650000,RC2_0018_ICR-1_p08
374.080860110,412.096503343,38.015643233,Other,random,C3H2,38.015650000,RC2_0018_ICR-1_p08
275.095889717,313.111532949,38.015643233,Other,random,C3H2,38.015650000,RC2_0018_ICR-1_p08
333.110905490,371.126548723,38.015643233,Other,random,C3H2,38.015650000,RC2_0018_ICR-1_p08
373.105800593,411.121443826,38.015643233,Other,random,C3H2,38.015650000,RC2_0018_ICR-1_p08
567.208492127,605.224135360,38.015643233,Other,random,C3H2,38.015650000,RC2_0018_ICR-1_p08
611.270956358,649.286599590,38.015643233,Other,random,C3H2,38.015650000,RC2_0018_ICR-1_p08
499.173986694,537.189629927,38.015643233,Other,random,C3H2,38.015650000,RC2_0018_ICR-1_p08
267.160218340,305.175862573,38.015644233,Other,random,C3H2,38.015650000,RC2_0018_ICR-1_p08
545.215958794,583.231603027,38.015644233,Other,random,C3H2,38.015650000,RC2_0018_ICR-1_p08
349.092643623,387.108287855,38.015644233,Other,random,C3H2,38.015650000,RC2_0018_ICR-1_p08
435.069803161,473.085447394,38.015644233,Other,random,C3H2,38.015650000,RC2_0018_ICR-1_p08
459.041532365,497.057176598,38.015644233,Other,random,C3H2,38.015650000,RC2_0018_ICR-1_p08
501.234142110,539.249786343,38.015644233,Other,random,C3H2,38.015650000,RC2_0018_ICR-1_p08
549.234280199,587.249924431,38.015644233,Other,random,C3H2,38.015650000,RC2_0018_ICR-1_p08
645.255707257,683.271351490,38.015644233,Other,random,C3H2,38.015650000,RC2_0018_ICR-1_p08
381.076875771,419.092521004,38.015645233,Other,random,C3H2,38.015650000,RC2_0018_ICR-1_p08
499.210334490,537.225979723,38.015645233,Other,random,C3H2,38.015650000,RC2_0018_ICR-1_p08
563.176886797,601.192532030,38.015645233,Other,random,C3H2,38.015650000,RC2_0018_ICR-1_p08
449.158141940,487.173788173,38.015646233,Other,random,C3H2,38.015650000,RC2_0018_ICR-1_p08
545.187576954,583.203223186,38.015646233,Other,random,C3H2,38.015650000,RC2_0018_ICR-1_p08
651.229570665,689.245216898,38.015646233,Other,random,C3H2,38.015650000,RC2_0018_ICR-1_p08
501.226082155,539.241729388,38.015647233,Other,random,C3H2,38.015650000,RC2_0018_ICR-1_p08
551.067893888,589.083541121,38.015647233,Other,random,C3H2,38.015650000,RC2_0018_ICR-1_p08
259.082407763,297.098054995,38.015647233,Other,random,C3H2,38.015650000,RC2_0018_ICR-1_p08
361.142082867,399.157730100,38.015647233,Other,random,C3H2,38.015650000,RC2_0018_ICR-1_p08
457.163315926,495.178963159,38.015647233,Other,random,C3H2,38.015650000,RC2_0018_ICR-1_p08
509.239208096,547.254855329,38.015647233,Other,random,C3H2,38.015650000,RC2_0018_ICR-1_p08
453.067312959,491.082961191,38.015648233,Other,random,C3H2,38.015650000,RC2_0018_ICR-1_p08
303.123750112,341.139398345,38.015648233,Other,random,C3H2,38.015650000,RC2_0018_ICR-1_p08
375.157922054,413.173570287,38.015648233,Other,random,C3H2,38.015650000,RC2_0018_ICR-1_p08
503.213410980,541.229059213,38.015648233,Other,random,C3H2,38.015650000,RC2_0018_ICR-1_p08
667.152001131,705.167649364,38.015648233,Other,random,C3H2,38.015650000,RC2_0018_ICR-1_p08
491.205161504,529.220810737,38.015649233,Other,random,C3H2,38.015650000,RC2_0018_ICR-1_p08
367.066843551,405.082492784,38.015649233,Other,random,C3H2,38.015650000,RC2_0018_ICR-1_p08
417.132059028,455.147708260,38.015649233,Other,random,C3H2,38.015650000,RC2_0018_ICR-1_p08
505.098740379,543.114389612,38.015649233,Other,random,C3H2,38.015650000,RC2_0018_ICR-1_p08
481.244088517,519.259737750,38.015649233,Other,random,C3H2,38.015650000,RC2_0018_ICR-1_p08
263.056167418,301.071816650,38.015649233,Other,random,C3H2,38.015650000,RC2_0018_ICR-1_p08
388.096543298,426.112193531,38.015650233,Other,random,C3H2,38.015650000,RC2_0018_ICR-1_p08
449.108817218,487.124467451,38.015650233,Other,random,C3H2,38.015650000,RC2_0018_ICR-1_p08
270.061906023,308.077556256,38.015650233,Other,random,C3H2,38.015650000,RC2_0018_ICR-1_p08
369.110979057,407.126629290,38.015650233,Other,random,C3H2,38.015650000,RC2_0018_ICR-1_p08
419.038470308,457.054120540,38.015650233,Other,random,C3H2,38.015650000,RC2_0018_ICR-1_p08
447.165896143,485.181546376,38.015650233,Other,random,C3H2,38.015650000,RC2_0018_ICR-1_p08
509.093628915,547.109279148,38.015650233,Other,random,C3H2,38.015650000,RC2_0018_ICR-1_p08
585.182818055,623.198468288,38.015650233,Other,random,C3H2,38.015650000,RC2_0018_ICR-1_p08
275.059571921,313.075223154,38.015651233,Other,random,C3H2,38.015650000,RC2_0018_ICR-1_p08
593.187787042,631.203438275,38.015651233,Other,random,C3H2,38.015650000,RC2_0018_ICR-1_p08
359.090145405,397.105796638,38.015651233,Other,random,C3H2,38.015650000,RC2_0018_ICR-1_p08
437.181429287,475.197080520,38.015651233,Other,random,C3H2,38.015650000,RC2_0018_ICR-1_p08
505.093096410,543.108747643,38.015651233,Other,random,C3H2,38.015650000,RC2_0018_ICR-1_p08
591.135684581,629.151335814,38.015651233,Other,random,C3H2,38.015650000,RC2_0018_ICR-1_p08
471.187039069,509.202691302,38.015652233,Other,random,C3H2,38.015650000,RC2_0018_ICR-1_p08
543.244539880,581.260192112,38.015652233,Other,random,C3H2,38.015650000,RC2_0018_ICR-1_p08
455.119437419,493.135089652,38.015652233,Other,random,C3H2,38.015650000,RC2_0018_ICR-1_p08
387.092992941,425.108645174,38.015652233,Other,random,C3H2,38.015650000,RC2_0018_ICR-1_p08
440.046907174,478.062559407,38.015652233,Other,random,C3H2,38.015650000,RC2_0018_ICR-1_p08
520.109607971,558.125261203,38.015653233,Other,random,C3H2,38.015650000,RC2_0018_ICR-1_p08
529.148295145,567.163948378,38.015653233,Other,random,C3H2,38.015650000,RC2_0018_ICR-1_p08
411.178869503,449.194522736,38.015653233,Other,random,C3H2,38.015650000,RC2_0018_ICR-1_p08
593.151433246,631.167086479,38.015653233,Other,random,C3H2,38.015650000,RC2_0018_ICR-1_p08
375.056765623,413.072419856,38.015654233,Other,random,C3H2,38.015650000,RC2_0018_ICR-1_p08
415.087909522,453.103563755,38.015654233,Other,random,C3H2,38.015650000,RC2_0018_ICR-1_p08
477.097986831,515.113641064,38.015654233,Other,random,C3H2,38.015650000,RC2_0018_ICR-1_p08
373.069405798,411.085060031,38.015654233,Other,random,C3H2,38.015650000,RC2_0018_ICR-1_p08
721.198933217,759.214588450,38.015655233,Other,random,C3H2,38.015650000,RC2_0018_ICR-1_p08
379.139658664,417.155313897,38.015655233,Other,random,C3H2,38.015650000,RC2_0018_ICR-1_p08
389.123890521,427.139545754,38.015655233,Other,random,C3H2,38.015650000,RC2_0018_ICR-1_p08
325.142166299,363.157821532,38.015655233,Other,random,C3H2,38.015650000,RC2_0018_ICR-1_p08
441.030864641,479.046519874,38.015655233,Other,random,C3H2,38.015650000,RC2_0018_ICR-1_p08
531.135515970,569.151171203,38.015655233,Other,random,C3H2,38.015650000,RC2_0018_ICR-1_p08
253.035448766,291.051104998,38.015656233,Other,random,C3H2,38.015650000,RC2_0018_ICR-1_p08
272.041255893,310.056912126,38.015656233,Other,random,C3H2,38.015650000,RC2_0018_ICR-1_p08
351.157790010,389.173446243,38.015656233,Other,random,C3H2,38.015650000,RC2_0018_ICR-1_p08
358.049425257,396.065081490,38.015656233,Other,random,C3H2,38.015650000,RC2_0018_ICR-1_p08
519.127495493,557.143151726,38.015656233,Other,random,C3H2,38.015650000,RC2_0018_ICR-1_p08
573.146263738,611.161919971,38.015656233,Other,random,C3H2,38.015650000,RC2_0018_ICR-1_p08
517.083586986,555.099244219,38.015657233,Other,random,C3H2,38.015650000,RC2_0018_ICR-1_p08
655.217045243,693.232702475,38.015657233,Other,random,C3H2,38.015650000,RC2_0018_ICR-1_p08
344.090484750,382.106141983,38.015657233,Other,random,C3H2,38.015650000,RC2_0018_ICR-1_p08
323.090217838,361.105876071,38.015658233,Other,random,C3H2,38.015650000,RC2_0018_ICR-1_p08
375.072082537,413.087740769,38.015658233,Other,random,C3H2,38.015650000,RC2_0018_ICR-1_p08
347.040717161,385.056375394,38.015658233,Other,random,C3H2,38.015650000,RC2_0018_ICR-1_p08
415.116319362,453.131977595,38.015658233,Other,random,C3H2,38.015650000,RC2_0018_ICR-1_p08
299.126631588,337.142290821,38.015659233,Other,random,C3H2,38.015650000,RC2_0018_ICR-1_p08
319.009446785,357.025106017,38.015659233,Other,random,C3H2,38.015650000,RC2_0018_ICR-1_p08
334.093073967,372.108733200,38.015659233,Other,random,C3H2,38.015650000,RC2_0018_ICR-1_p08
371.162854519,409.178513751,38.015659233,Other,random,C3H2,38.015650000,RC2_0018_ICR-1_p08
375.165934009,413.181593242,38.015659233,Other,random,C3H2,38.015650000,RC2_0018_ICR-1_p08
381.095491666,419.111150899,38.015659233,Other,random,C3H2,38.015650000,RC2_0018_ICR-1_p08
405.085732766,443.101391998,38.015659233,Other,random,C3H2,38.015650000,RC2_0018_ICR-1_p08
479.132495391,517.148154623,38.015659233,Other,random,C3H2,38.015650000,RC2_0018_ICR-1_p08
463.101134537,501.116793770,38.015659233,Other,random,C3H2,38.015650000,RC2_0018_ICR-1_p08
429.140164504,467.155823737,38.015659233,Other,random,C3H2,38.015650000,RC2_0018_ICR-1_p08
397.142196433,435.178966547,38.036770114,Other,random,O2H6,38.036780000,RC2_0018_ICR-1_p08
379.095287914,417.132059028,38.036771114,Other,random,O2H6,38.036780000,RC2_0018_ICR-1_p08
427.189229475,465.226000589,38.036771114,Other,random,O2H6,38.036780000,RC2_0018_ICR-1_p08
550.120288216,588.157059330,38.036771114,Other,random,O2H6,38.036780000,RC2_0018_ICR-1_p08
335.077134434,373.113906548,38.036772114,Other,random,O2H6,38.036780000,RC2_0018_ICR-1_p08
391.175910983,429.212683097,38.036772114,Other,random,O2H6,38.036780000,RC2_0018_ICR-1_p08
645.110225075,683.146997189,38.036772114,Other,random,O2H6,38.036780000,RC2_0018_ICR-1_p08
355.095331869,393.132103983,38.036772114,Other,random,O2H6,38.036780000,RC2_0018_ICR-1_p08
315.136751561,353.173524675,38.036773114,Other,random,O2H6,38.036780000,RC2_0018_ICR-1_p08
433.150265955,471.187039069,38.036773114,Other,random,O2H6,38.036780000,RC2_0018_ICR-1_p08
587.249924431,625.286698545,38.036774114,Other,random,O2H6,38.036780000,RC2_0018_ICR-1_p08
365.124004476,403.160778590,38.036774114,Other,random,O2H6,38.036780000,RC2_0018_ICR-1_p08
645.219208462,683.255983576,38.036775114,Other,random,O2H6,38.036780000,RC2_0018_ICR-1_p08
377.124061998,415.160838112,38.036776114,Other,random,O2H6,38.036780000,RC2_0018_ICR-1_p08
427.152741680,465.189517794,38.036776114,Other,random,O2H6,38.036780000,RC2_0018_ICR-1_p08
359.077076479,397.113852593,38.036776114,Other,random,O2H6,38.036780000,RC2_0018_ICR-1_p08
441.095719277,479.132495391,38.036776114,Other,random,O2H6,38.036780000,RC2_0018_ICR-1_p08
635.226858650,673.263635764,38.036777114,Other,random,O2H6,38.036780000,RC2_0018_ICR-1_p08
562.156730534,600.193508648,38.036778114,Other,random,O2H6,38.036780000,RC2_0018_ICR-1_p08
487.210426967,525.247207081,38.036780114,Other,random,O2H6,38.036780000,RC2_0018_ICR-1_p08
477.176571389,515.213351503,38.036780114,Other,random,O2H6,38.036780000,RC2_0018_ICR-1_p08
543.114389612,581.151169725,38.036780114,Other,random,O2H6,38.036780000,RC2_0018_ICR-1_p08
371.126548723,409.163329837,38.036781114,Other,random,O2H6,38.036780000,RC2_0018_ICR-1_p08
516.114875434,554.151656547,38.036781114,Other,random,O2H6,38.036780000,RC2_0018_ICR-1_p08
533.057331164,571.094112278,38.036781114,Other,random,O2H6,38.036780000,RC2_0018_ICR-1_p08
435.093034031,473.129815144,38.036781114,Other,random,O2H6,38.036780000,RC2_0018_ICR-1_p08
357.134236404,395.171018518,38.036782114,Other,random,O2H6,38.036780000,RC2_0018_ICR-1_p08
465.095808321,503.132590435,38.036782114,Other,random,O2H6,38.036780000,RC2_0018_ICR-1_p08
567.078007861,605.114789975,38.036782114,Other,random,O2H6,38.036780000,RC2_0018_ICR-1_p08
309.134276314,347.171059428,38.036783114,Other,random,O2H6,38.036780000,RC2_0018_ICR-1_p08
300.108970065,338.145753179,38.036783114,Other,random,O2H6,38.036780000,RC2_0018_ICR-1_p08
445.150241477,483.187024591,38.036783114,Other,random,O2H6,38.036780000,RC2_0018_ICR-1_p08
577.221022825,615.257805939,38.036783114,Other,random,O2H6,38.036780000,RC2_0018_ICR-1_p08
537.125086290,575.161870404,38.036784114,Other,random,O2H6,38.036780000,RC2_0018_ICR-1_p08
269.081867534,307.118651648,38.036784114,Other,random,O2H6,38.036780000,RC2_0018_ICR-1_p08
519.078013771,557.114798885,38.036785114,Other,random,O2H6,38.036780000,RC2_0018_ICR-1_p08
395.134552723,433.171337837,38.036785114,Other,random,O2H6,38.036780000,RC2_0018_ICR-1_p08
575.213537114,613.250322227,38.036785114,Other,random,O2H6,38.036780000,RC2_0018_ICR-1_p08
403.066921118,441.103707232,38.036786114,Other,random,O2H6,38.036780000,RC2_0018_ICR-1_p08
505.135115174,543.171901288,38.036786114,Other,random,O2H6,38.036780000,RC2_0018_ICR-1_p08
371.090062928,409.126849042,38.036786114,Other,random,O2H6,38.036780000,RC2_0018_ICR-1_p08
531.150794884,569.187580998,38.036786114,Other,random,O2H6,38.036780000,RC2_0018_ICR-1_p08
539.155833871,577.192619985,38.036786114,Other,random,O2H6,38.036780000,RC2_0018_ICR-1_p08
435.165934621,473.202721734,38.036787114,Other,random,O2H6,38.036780000,RC2_0018_ICR-1_p08
439.189155997,477.225943111,38.036787114,Other,random,O2H6,38.036780000,RC2_0018_ICR-1_p08
303.087371317,341.124159431,38.036788114,Other,random,O2H6,38.036780000,RC2_0018_ICR-1_p08
559.036623079,597.073411192,38.036788114,Other,random,O2H6,38.036780000,RC2_0018_ICR-1_p08
567.187346246,605.224135360,38.036789114,Other,random,O2H6,38.036780000,RC2_0018_ICR-1_p08
435.202180417,473.238969531,38.036789114,Other,random,O2H6,38.036780000,RC2_0018_ICR-1_p08
369.061474335,407.098263449,38.036789114,Other,random,O2H6,38.036780000,RC2_0018_ICR-1_p08
493.220813170,531.272838198,38.052025028,Other,random,C4H6O_1,38.052035000,RC2_0018_ICR-1_p08
515.213351503,553.265376531,38.052025028,Other,random,C4H6O_1,38.052035000,RC2_0018_ICR-1_p08
587.198177722,625.250202750,38.052025028,Other,random,C4H6O_1,38.052035000,RC2_0018_ICR-1_p08
303.014678725,341.066703754,38.052025028,Other,random,C4H6O_1,38.052035000,RC2_0018_ICR-1_p08
326.088097980,364.140123009,38.052025028,Other,random,C4H6O_1,38.052035000,RC2_0018_ICR-1_p08
451.051605293,489.103630321,38.052025028,Other,random,C4H6O_1,38.052035000,RC2_0018_ICR-1_p08
355.116240751,393.168266779,38.052026028,Other,random,C4H6O_1,38.052035000,RC2_0018_ICR-1_p08
548.162293226,586.214319255,38.052026028,Other,random,C4H6O_1,38.052035000,RC2_0018_ICR-1_p08
445.077486887,483.129512915,38.052026028,Other,random,C4H6O_1,38.052035000,RC2_0018_ICR-1_p08
541.083562031,579.135588059,38.052026028,Other,random,C4H6O_1,38.052035000,RC2_0018_ICR-1_p08
270.061906023,308.113932052,38.052026028,Other,random,C4H6O_1,38.052035000,RC2_0018_ICR-1_p08
357.046121899,395.098147927,38.052026028,Other,random,C4H6O_1,38.052035000,RC2_0018_ICR-1_p08
429.140164504,467.192190533,38.052026028,Other,random,C4H6O_1,38.052035000,RC2_0018_ICR-1_p08
303.087371317,341.139398345,38.052027028,Other,random,C4H6O_1,38.052035000,RC2_0018_ICR-1_p08
455.111377465,493.163404493,38.052027028,Other,random,C4H6O_1,38.052035000,RC2_0018_ICR-1_p08
503.177032185,541.229059213,38.052027028,Other,random,C4H6O_1,38.052035000,RC2_0018_ICR-1_p08
487.145530332,525.197557360,38.052027028,Other,random,C4H6O_1,38.052035000,RC2_0018_ICR-1_p08
513.124954246,551.176981274,38.052027028,Other,random,C4H6O_1,38.052035000,RC2_0018_ICR-1_p08
257.066755097,295.118783125,38.052028028,Other,random,C4H6O_1,38.052035000,RC2_0018_ICR-1_p08
309.134276314,347.186304342,38.052028028,Other,random,C4H6O_1,38.052035000,RC2_0018_ICR-1_p08
561.052210745,599.104238773,38.052028028,Other,random,C4H6O_1,38.052035000,RC2_0018_ICR-1_p08
369.046235421,407.098263449,38.052028028,Other,random,C4H6O_1,38.052035000,RC2_0018_ICR-1_p08
455.155689215,493.207717244,38.052028028,Other,random,C4H6O_1,38.052035000,RC2_0018_ICR-1_p08
427.080041089,465.132070117,38.052029028,Other,random,C4H6O_1,38.052035000,RC2_0018_ICR-1_p08
779.241251837,817.293280866,38.052029028,Other,random,C4H6O_1,38.052035000,RC2_0018_ICR-1_p08
308.041076461,346.093105489,38.052029028,Other,random,C4H6O_1,38.052035000,RC2_0018_ICR-1_p08
501.116793770,539.168822798,38.052029028,Other,random,C4H6O_1,38.052035000,RC2_0018_ICR-1_p08
347.040717161,385.092747189,38.052030028,Other,random,C4H6O_1,38.052035000,RC2_0018_ICR-1_p08
349.105776549,387.157806577,38.052030028,Other,random,C4H6O_1,38.052035000,RC2_0018_ICR-1_p08
517.111804828,555.163835856,38.052031028,Other,random,C4H6O_1,38.052035000,RC2_0018_ICR-1_p08
351.035673697,389.087704725,38.052031028,Other,random,C4H6O_1,38.052035000,RC2_0018_ICR-1_p08
267.123830545,305.175862573,38.052032028,Other,random,C4H6O_1,38.052035000,RC2_0018_ICR-1_p08
360.121730605,398.173762633,38.052032028,Other,random,C4H6O_1,38.052035000,RC2_0018_ICR-1_p08
493.062323061,531.114355089,38.052032028,Other,random,C4H6O_1,38.052035000,RC2_0018_ICR-1_p08
245.066780574,283.118813603,38.052033028,Other,random,C4H6O_1,38.052035000,RC2_0018_ICR-1_p08
313.092795055,351.144828083,38.052033028,Other,random,C4H6O_1,38.052035000,RC2_0018_ICR-1_p08
540.099715563,578.151748592,38.052033028,Other,random,C4H6O_1,38.052035000,RC2_0018_ICR-1_p08
427.124418839,465.176451867,38.052033028,Other,random,C4H6O_1,38.052035000,RC2_0018_ICR-1_p08
551.104454682,589.156487710,38.052033028,Other,random,C4H6O_1,38.052035000,RC2_0018_ICR-1_p08
337.092826099,375.144860127,38.052034028,Other,random,C4H6O_1,38.052035000,RC2_0018_ICR-1_p08
459.142498797,497.194532825,38.052034028,Other,random,C4H6O_1,38.052035000,RC2_0018_ICR-1_p08
501.103798843,539.155833871,38.052035028,Other,random,C4H6O_1,38.052035000,RC2_0018_ICR-1_p08
551.140751478,589.192786506,38.052035028,Other,random,C4H6O_1,38.052035000,RC2_0018_ICR-1_p08
315.064025970,353.116060998,38.052035028,Other,random,C4H6O_1,38.052035000,RC2_0018_ICR-1_p08
435.087517062,473.139552090,38.052035028,Other,random,C4H6O_1,38.052035000,RC2_0018_ICR-1_p08
681.167788318,719.219823346,38.052035028,Other,random,C4H6O_1,38.052035000,RC2_0018_ICR-1_p08
469.098488813,507.150524841,38.052036028,Other,random,C4H6O_1,38.052035000,RC2_0018_ICR-1_p08
631.130652684,669.182688712,38.052036028,Other,random,C4H6O_1,38.052035000,RC2_0018_ICR-1_p08
307.082288853,345.134324881,38.052036028,Other,random,C4H6O_1,38.052035000,RC2_0018_ICR-1_p08
239.056189373,277.108226401,38.052037028,Other,random,C4H6O_1,38.052035000,RC2_0018_ICR-1_p08
509.143202636,547.195239664,38.052037028,Other,random,C4H6O_1,38.052035000,RC2_0018_ICR-1_p08
559.094192755,597.146229783,38.052037028,Other,random,C4H6O_1,38.052035000,RC2_0018_ICR-1_p08
443.147622738,481.199660767,38.052038028,Other,random,C4H6O_1,38.052035000,RC2_0018_ICR-1_p08
373.069405798,411.121443826,38.052038028,Other,random,C4H6O_1,38.052035000,RC2_0018_ICR-1_p08
405.059303914,443.111341942,38.052038028,Other,random,C4H6O_1,38.052035000,RC2_0018_ICR-1_p08
451.118880915,489.170918943,38.052038028,Other,random,C4H6O_1,38.052035000,RC2_0018_ICR-1_p08
779.204620043,817.256658072,38.052038028,Other,random,C4H6O_1,38.052035000,RC2_0018_ICR-1_p08
413.145006447,451.197045475,38.052039028,Other,random,C4H6O_1,38.052035000,RC2_0018_ICR-1_p08
535.218544011,573.270583039,38.052039028,Other,random,C4H6O_1,38.052035000,RC2_0018_ICR-1_p08
373.113906548,411.165945576,38.052039028,Other,random,C4H6O_1,38.052035000,RC2_0018_ICR-1_p08
491.168770709,529.220810737,38.052040028,Other,random,C4H6O_1,38.052035000,RC2_0018_ICR-1_p08
456.122611778,494.174651806,38.052040028,Other,random,C4H6O_1,38.052035000,RC2_0018_ICR-1_p08
607.094350843,645.146390871,38.052040028,Other,random,C4H6O_1,38.052035000,RC2_0018_ICR-1_p08
367.066843551,405.118884579,38.052041028,Other,random,C4H6O_1,38.052035000,RC2_0018_ICR-1_p08
345.074575217,383.126616245,38.052041028,Other,random,C4H6O_1,38.052035000,RC2_0018_ICR-1_p08
591.185037304,629.237078332,38.052041028,Other,random,C4H6O_1,38.052035000,RC2_0018_ICR-1_p08
475.109254014,513.161296042,38.052042028,Other,random,C4H6O_1,38.052035000,RC2_0018_ICR-1_p08
615.120485711,653.172527739,38.052042028,Other,random,C4H6O_1,38.052035000,RC2_0018_ICR-1_p08
623.162127492,661.214170520,38.052043028,Other,random,C4H6O_1,38.052035000,RC2_0018_ICR-1_p08
359.077076479,397.129119507,38.052043028,Other,random,C4H6O_1,38.052035000,RC2_0018_ICR-1_p08
483.187024591,521.239067619,38.052043028,Other,random,C4H6O_1,38.052035000,RC2_0018_ICR-1_p08
417.076935338,455.128979366,38.052044028,Other,random,C4H6O_1,38.052035000,RC2_0018_ICR-1_p08
417.103645187,455.155689215,38.052044028,Other,random,C4H6O_1,38.052035000,RC2_0018_ICR-1_p08
451.160825679,489.212869707,38.052044028,Other,random,C4H6O_1,38.052035000,RC2_0018_ICR-1_p08
379.066939073,417.118983101,38.052044028,Other,random,C4H6O_1,38.052035000,RC2_0018_ICR-1_p08
312.035979997,350.088024025,38.052044028,Other,random,C4H6O_1,38.052035000,RC2_0018_ICR-1_p08
573.182602534,612.229876966,39.047274432,Other,random,C3H5N1O_1,39.047284000,RC2_0018_ICR-1_p08
481.025819744,520.073094176,39.047274432,Other,random,C3H5N1O_1,39.047284000,RC2_0018_ICR-1_p08
283.082364808,322.129641239,39.047276432,Other,random,C3H5N1O_1,39.047284000,RC2_0018_ICR-1_p08
353.051318362,392.098594794,39.047276432,Other,random,C3H5N1O_1,39.047284000,RC2_0018_ICR-1_p08
353.100663085,392.147940517,39.047277432,Other,random,C3H5N1O_1,39.047284000,RC2_0018_ICR-1_p08
319.045898580,358.093177011,39.047278432,Other,random,C3H5N1O_1,39.047284000,RC2_0018_ICR-1_p08
389.100655652,428.147935084,39.047279432,Other,random,C3H5N1O_1,39.047284000,RC2_0018_ICR-1_p08
405.046243988,444.093525420,39.047281432,Other,random,C3H5N1O_1,39.047284000,RC2_0018_ICR-1_p08
493.062323061,532.109604493,39.047281432,Other,random,C3H5N1O_1,39.047284000,RC2_0018_ICR-1_p08
381.046201943,420.093484375,39.047282432,Other,random,C3H5N1O_1,39.047284000,RC2_0018_ICR-1_p08
575.125398609,614.172681041,39.047282432,Other,random,C3H5N1O_1,39.047284000,RC2_0018_ICR-1_p08
407.098263449,446.145545881,39.047282432,Other,random,C3H5N1O_1,39.047284000,RC2_0018_ICR-1_p08
309.025204927,348.072489359,39.047284432,Other,random,C3H5N1O_1,39.047284000,RC2_0018_ICR-1_p08
527.067851843,566.115138275,39.047286432,Other,random,C3H5N1O_1,39.047284000,RC2_0018_ICR-1_p08
629.136084900,668.183372331,39.047287432,Other,random,C3H5N1O_1,39.047284000,RC2_0018_ICR-1_p08
272.041255893,311.088545325,39.047289432,Other,random,C3H5N1O_1,39.047284000,RC2_0018_ICR-1_p08
282.062028545,321.109318977,39.047290432,Other,random,C3H5N1O_1,39.047284000,RC2_0018_ICR-1_p08
551.140751478,590.188043910,39.047292432,Other,random,C3H5N1O_1,39.047284000,RC2_0018_ICR-1_p08
325.142166299,364.225826527,39.083660227,Other,random,C4H9N1O_2,39.083669000,RC2_0018_ICR-1_p08
333.219948877,372.303611104,39.083662227,Other,random,C4H9N1O_2,39.083669000,RC2_0018_ICR-1_p08
547.130655027,586.214319255,39.083664227,Other,random,C4H9N1O_2,39.083669000,RC2_0018_ICR-1_p08
419.025405381,458.109070608,39.083665227,Other,random,C4H9N1O_2,39.083669000,RC2_0018_ICR-1_p08
345.038086422,384.121756649,39.083670227,Other,random,C4H9N1O_2,39.083669000,RC2_0018_ICR-1_p08
327.072060447,366.155732675,39.083672227,Other,random,C4H9N1O_2,39.083669000,RC2_0018_ICR-1_p08
533.093773959,572.177452186,39.083678227,Other,random,C4H9N1O_2,39.083669000,RC2_0018_ICR-1_p08
421.113906637,461.072426945,39.958520308,Other,random,CH_4O2,39.958530000,RC2_0018_ICR-1_p08
447.160370174,487.118890482,39.958520308,Other,random,CH_4O2,39.958530000,RC2_0018_ICR-1_p08
681.167788318,721.126308626,39.958520308,Other,random,CH_4O2,39.958530000,RC2_0018_ICR-1_p08
345.097855086,385.056375394,39.958520308,Other,random,CH_4O2,39.958530000,RC2_0018_ICR-1_p08
583.276293776,623.234814083,39.958520308,Other,random,CH_4O2,39.958530000,RC2_0018_ICR-1_p08
369.118928012,409.077449320,39.958521308,Other,random,CH_4O2,39.958530000,RC2_0018_ICR-1_p08
545.093698482,585.052219789,39.958521308,Other,random,CH_4O2,39.958530000,RC2_0018_ICR-1_p08
393.191744647,433.150265955,39.958521308,Other,random,CH_4O2,39.958530000,RC2_0018_ICR-1_p08
471.179046114,511.137567422,39.958521308,Other,random,CH_4O2,39.958530000,RC2_0018_ICR-1_p08
351.085128419,391.043650726,39.958522308,Other,random,CH_4O2,39.958530000,RC2_0018_ICR-1_p08
555.208440605,595.166962913,39.958522308,Other,random,CH_4O2,39.958530000,RC2_0018_ICR-1_p08
283.045949012,323.004471320,39.958522308,Other,random,CH_4O2,39.958530000,RC2_0018_ICR-1_p08
321.097860041,361.056382349,39.958522308,Other,random,CH_4O2,39.958530000,RC2_0018_ICR-1_p08
349.142133344,389.100655652,39.958522308,Other,random,CH_4O2,39.958530000,RC2_0018_ICR-1_p08
361.186629616,401.145151924,39.958522308,Other,random,CH_4O2,39.958530000,RC2_0018_ICR-1_p08
387.194219372,427.152741680,39.958522308,Other,random,CH_4O2,39.958530000,RC2_0018_ICR-1_p08
406.150679777,446.109202085,39.958522308,Other,random,CH_4O2,39.958530000,RC2_0018_ICR-1_p08
471.077836683,511.036358991,39.958522308,Other,random,CH_4O2,39.958530000,RC2_0018_ICR-1_p08
313.092795055,353.051318362,39.958523308,Other,random,CH_4O2,39.958530000,RC2_0018_ICR-1_p08
417.186078724,457.144602032,39.958523308,Other,random,CH_4O2,39.958530000,RC2_0018_ICR-1_p08
469.171394403,509.129917711,39.958523308,Other,random,CH_4O2,39.958530000,RC2_0018_ICR-1_p08
249.076938025,289.035461332,39.958523308,Other,random,CH_4O2,39.958530000,RC2_0018_ICR-1_p08
315.064025970,355.022549278,39.958523308,Other,random,CH_4O2,39.958530000,RC2_0018_ICR-1_p08
697.308480557,737.267003864,39.958523308,Other,random,CH_4O2,39.958530000,RC2_0018_ICR-1_p08
319.095298302,359.053821610,39.958523308,Other,random,CH_4O2,39.958530000,RC2_0018_ICR-1_p08
471.215339910,511.173864217,39.958524308,Other,random,CH_4O2,39.958530000,RC2_0018_ICR-1_p08
311.077148389,351.035673697,39.958525308,Other,random,CH_4O2,39.958530000,RC2_0018_ICR-1_p08
367.152737068,407.111262376,39.958525308,Other,random,CH_4O2,39.958530000,RC2_0018_ICR-1_p08
239.056189373,279.014714681,39.958525308,Other,random,CH_4O2,39.958530000,RC2_0018_ICR-1_p08
251.056215895,291.014741203,39.958525308,Other,random,CH_4O2,39.958530000,RC2_0018_ICR-1_p08
527.140592434,567.099117742,39.958525308,Other,random,CH_4O2,39.958530000,RC2_0018_ICR-1_p08
607.130748639,647.089273946,39.958525308,Other,random,CH_4O2,39.958530000,RC2_0018_ICR-1_p08
515.228490418,555.187015725,39.958525308,Other,random,CH_4O2,39.958530000,RC2_0018_ICR-1_p08
373.215043979,413.173570287,39.958526308,Other,random,CH_4O2,39.958530000,RC2_0018_ICR-1_p08
329.102948027,369.061474335,39.958526308,Other,random,CH_4O2,39.958530000,RC2_0018_ICR-1_p08
403.079860045,443.038386353,39.958526308,Other,random,CH_4O2,39.958530000,RC2_0018_ICR-1_p08
409.163329837,449.121856145,39.958526308,Other,random,CH_4O2,39.958530000,RC2_0018_ICR-1_p08
417.176408778,457.134935086,39.958526308,Other,random,CH_4O2,39.958530000,RC2_0018_ICR-1_p08
525.189490406,565.148016713,39.958526308,Other,random,CH_4O2,39.958530000,RC2_0018_ICR-1_p08
641.209262010,681.167788318,39.958526308,Other,random,CH_4O2,39.958530000,RC2_0018_ICR-1_p08
459.215459387,499.173986694,39.958527308,Other,random,CH_4O2,39.958530000,RC2_0018_ICR-1_p08
349.056375827,389.014903134,39.958527308,Other,random,CH_4O2,39.958530000,RC2_0018_ICR-1_p08
355.103325824,395.061853131,39.958527308,Other,random,CH_4O2,39.958530000,RC2_0018_ICR-1_p08
381.113413565,421.071940873,39.958527308,Other,random,CH_4O2,39.958530000,RC2_0018_ICR-1_p08
457.207833676,497.166360984,39.958527308,Other,random,CH_4O2,39.958530000,RC2_0018_ICR-1_p08
475.254824195,515.213351503,39.958527308,Other,random,CH_4O2,39.958530000,RC2_0018_ICR-1_p08
519.223541953,559.182069261,39.958527308,Other,random,CH_4O2,39.958530000,RC2_0018_ICR-1_p08
531.099057175,571.057584483,39.958527308,Other,random,CH_4O2,39.958530000,RC2_0018_ICR-1_p08
561.146366215,601.104894523,39.958528308,Other,random,CH_4O2,39.958530000,RC2_0018_ICR-1_p08
679.297494835,719.256023143,39.958528308,Other,random,CH_4O2,39.958530000,RC2_0018_ICR-1_p08
285.170673065,325.129201372,39.958528308,Other,random,CH_4O2,39.958530000,RC2_0018_ICR-1_p08
319.139710052,359.098238360,39.958528308,Other,random,CH_4O2,39.958530000,RC2_0018_ICR-1_p08
333.074561695,373.033090002,39.958528308,Other,random,CH_4O2,39.958530000,RC2_0018_ICR-1_p08
349.105776549,389.064304856,39.958528308,Other,random,CH_4O2,39.958530000,RC2_0018_ICR-1_p08
566.224534660,606.183062968,39.958528308,Other,random,CH_4O2,39.958530000,RC2_0018_ICR-1_p08
541.119899827,581.078429134,39.958529308,Other,random,CH_4O2,39.958530000,RC2_0018_ICR-1_p08
655.224930198,695.183459506,39.958529308,Other,random,CH_4O2,39.958530000,RC2_0018_ICR-1_p08
363.194244327,403.152773635,39.958529308,Other,random,CH_4O2,39.958530000,RC2_0018_ICR-1_p08
473.275466325,513.233995633,39.958529308,Other,random,CH_4O2,39.958530000,RC2_0018_ICR-1_p08
665.209120056,705.167649364,39.958529308,Other,random,CH_4O2,39.958530000,RC2_0018_ICR-1_p08
587.213506636,627.172035944,39.958529308,Other,random,CH_4O2,39.958530000,RC2_0018_ICR-1_p08
495.077955727,535.036486035,39.958530308,Other,random,CH_4O2,39.958530000,RC2_0018_ICR-1_p08
585.182818055,625.141348363,39.958530308,Other,random,CH_4O2,39.958530000,RC2_0018_ICR-1_p08
323.077086912,363.035617219,39.958530308,Other,random,CH_4O2,39.958530000,RC2_0018_ICR-1_p08
457.186682795,497.145213103,39.958530308,Other,random,CH_4O2,39.958530000,RC2_0018_ICR-1_p08
463.101134537,503.059664845,39.958530308,Other,random,CH_4O2,39.958530000,RC2_0018_ICR-1_p08
467.184183578,507.142713885,39.958530308,Other,random,CH_4O2,39.958530000,RC2_0018_ICR-1_p08
549.247271125,589.205801433,39.958530308,Other,random,CH_4O2,39.958530000,RC2_0018_ICR-1_p08
473.238969531,513.197499838,39.958530308,Other,random,CH_4O2,39.958530000,RC2_0018_ICR-1_p08
279.098573209,319.057104517,39.958531308,Other,random,CH_4O2,39.958530000,RC2_0018_ICR-1_p08
380.134953067,420.093484375,39.958531308,Other,random,CH_4O2,39.958530000,RC2_0018_ICR-1_p08
568.240174326,608.198705633,39.958531308,Other,random,CH_4O2,39.958530000,RC2_0018_ICR-1_p08
647.271479922,687.230011229,39.958531308,Other,random,CH_4O2,39.958530000,RC2_0018_ICR-1_p08
237.076959502,277.035490810,39.958531308,Other,random,CH_4O2,39.958530000,RC2_0018_ICR-1_p08
375.085130463,415.043661771,39.958531308,Other,random,CH_4O2,39.958530000,RC2_0018_ICR-1_p08
383.134591200,423.093122508,39.958531308,Other,random,CH_4O2,39.958530000,RC2_0018_ICR-1_p08
409.144668942,449.103200249,39.958531308,Other,random,CH_4O2,39.958530000,RC2_0018_ICR-1_p08
535.182220215,575.140751523,39.958531308,Other,random,CH_4O2,39.958530000,RC2_0018_ICR-1_p08
249.149700616,289.108232923,39.958532308,Other,random,CH_4O2,39.958530000,RC2_0018_ICR-1_p08
417.149773928,457.108306236,39.958532308,Other,random,CH_4O2,39.958530000,RC2_0018_ICR-1_p08
473.166421939,513.124954246,39.958532308,Other,random,CH_4O2,39.958530000,RC2_0018_ICR-1_p08
313.121134895,353.079667203,39.958532308,Other,random,CH_4O2,39.958530000,RC2_0018_ICR-1_p08
365.118477507,405.077009815,39.958532308,Other,random,CH_4O2,39.958530000,RC2_0018_ICR-1_p08
404.134993112,444.093525420,39.958532308,Other,random,CH_4O2,39.958530000,RC2_0018_ICR-1_p08
543.171901288,583.130433596,39.958532308,Other,random,CH_4O2,39.958530000,RC2_0018_ICR-1_p08
355.131661664,395.090194972,39.958533308,Other,random,CH_4O2,39.958530000,RC2_0018_ICR-1_p08
421.163278359,461.121811667,39.958533308,Other,random,CH_4O2,39.958530000,RC2_0018_ICR-1_p08
447.215254866,487.173788173,39.958533308,Other,random,CH_4O2,39.958530000,RC2_0018_ICR-1_p08
449.108817218,489.067350525,39.958533308,Other,random,CH_4O2,39.958530000,RC2_0018_ICR-1_p08
523.181939694,563.140473002,39.958533308,Other,random,CH_4O2,39.958530000,RC2_0018_ICR-1_p08
551.249819865,591.208353172,39.958533308,Other,random,CH_4O2,39.958530000,RC2_0018_ICR-1_p08
313.056482259,353.015015567,39.958533308,Other,random,CH_4O2,39.958530000,RC2_0018_ICR-1_p08
351.181172879,391.139706186,39.958533308,Other,random,CH_4O2,39.958530000,RC2_0018_ICR-1_p08
451.124426884,491.082961191,39.958534308,Other,random,CH_4O2,39.958530000,RC2_0018_ICR-1_p08
612.194015167,652.152549475,39.958534308,Other,random,CH_4O2,39.958530000,RC2_0018_ICR-1_p08
403.139730708,443.098265016,39.958534308,Other,random,CH_4O2,39.958530000,RC2_0018_ICR-1_p08
349.129169417,389.087704725,39.958535308,Other,random,CH_4O2,39.958530000,RC2_0018_ICR-1_p08
439.210349878,479.168885186,39.958535308,Other,random,CH_4O2,39.958530000,RC2_0018_ICR-1_p08
597.218923374,637.177458682,39.958535308,Other,random,CH_4O2,39.958530000,RC2_0018_ICR-1_p08
359.098238360,399.056774667,39.958536308,Other,random,CH_4O2,39.958530000,RC2_0018_ICR-1_p08
449.231096530,489.189632838,39.958536308,Other,random,CH_4O2,39.958530000,RC2_0018_ICR-1_p08
603.172138898,643.130675206,39.958536308,Other,random,CH_4O2,39.958530000,RC2_0018_ICR-1_p08
563.249925387,603.208461694,39.958536308,Other,random,CH_4O2,39.958530000,RC2_0018_ICR-1_p08
383.170868996,423.129405304,39.958536308,Other,random,CH_4O2,39.958530000,RC2_0018_ICR-1_p08
395.220430240,435.178966547,39.958536308,Other,random,CH_4O2,39.958530000,RC2_0018_ICR-1_p08
551.104454682,591.062990990,39.958536308,Other,random,CH_4O2,39.958530000,RC2_0018_ICR-1_p08
434.109160563,474.067697871,39.958537308,Other,random,CH_4O2,39.958530000,RC2_0018_ICR-1_p08
417.140156982,457.098694290,39.958537308,Other,random,CH_4O2,39.958530000,RC2_0018_ICR-1_p08
437.175881318,477.134418626,39.958537308,Other,random,CH_4O2,39.958530000,RC2_0018_ICR-1_p08
647.307799718,687.266337025,39.958537308,Other,random,CH_4O2,39.958530000,RC2_0018_ICR-1_p08
677.245580373,717.204117681,39.958537308,Other,random,CH_4O2,39.958530000,RC2_0018_ICR-1_p08
293.175787051,333.134325358,39.958538308,Other,random,CH_4O2,39.958530000,RC2_0018_ICR-1_p08
423.160379130,463.118917437,39.958538308,Other,random,CH_4O2,39.958530000,RC2_0018_ICR-1_p08
415.152838157,455.111377465,39.958539308,Other,random,CH_4O2,39.958530000,RC2_0018_ICR-1_p08
474.140476461,514.099015769,39.958539308,Other,random,CH_4O2,39.958530000,RC2_0018_ICR-1_p08
378.119259402,418.077798710,39.958539308,Other,random,CH_4O2,39.958530000,RC2_0018_ICR-1_p08
657.292288573,697.250827881,39.958539308,Other,random,CH_4O2,39.958530000,RC2_0018_ICR-1_p08
597.247289215,637.242194318,39.994905103,Other,random,C2O1,39.994915000,RC2_0018_ICR-1_p08
605.297325948,645.292231051,39.994905103,Other,random,C2O1,39.994915000,RC2_0018_ICR-1_p08
317.139331301,357.134236404,39.994905103,Other,random,C2O1,39.994915000,RC2_0018_ICR-1_p08
329.152287750,369.147192853,39.994905103,Other,random,C2O1,39.994915000,RC2_0018_ICR-1_p08
525.247207081,565.242113184,39.994906103,Other,random,C2O1,39.994915000,RC2_0018_ICR-1_p08
361.056382349,401.051288452,39.994906103,Other,random,C2O1,39.994915000,RC2_0018_ICR-1_p08
365.173435198,405.168341301,39.994906103,Other,random,C2O1,39.994915000,RC2_0018_ICR-1_p08
529.119961304,569.114867407,39.994906103,Other,random,C2O1,39.994915000,RC2_0018_ICR-1_p08
535.145845420,575.140751523,39.994906103,Other,random,C2O1,39.994915000,RC2_0018_ICR-1_p08
397.222995979,437.217903082,39.994907103,Other,random,C2O1,39.994915000,RC2_0018_ICR-1_p08
421.077519842,461.072426945,39.994907103,Other,random,C2O1,39.994915000,RC2_0018_ICR-1_p08
425.145109969,465.140017072,39.994907103,Other,random,C2O1,39.994915000,RC2_0018_ICR-1_p08
541.156262622,581.151169725,39.994907103,Other,random,C2O1,39.994915000,RC2_0018_ICR-1_p08
261.076909547,301.071816650,39.994907103,Other,random,C2O1,39.994915000,RC2_0018_ICR-1_p08
545.233433696,585.228340799,39.994907103,Other,random,C2O1,39.994915000,RC2_0018_ICR-1_p08
369.168421734,409.163329837,39.994908103,Other,random,C2O1,39.994915000,RC2_0018_ICR-1_p08
601.156309234,641.151217337,39.994908103,Other,random,C2O1,39.994915000,RC2_0018_ICR-1_p08
533.093773959,573.088682062,39.994908103,Other,random,C2O1,39.994915000,RC2_0018_ICR-1_p08
693.276992226,733.271900329,39.994908103,Other,random,C2O1,39.994915000,RC2_0018_ICR-1_p08
457.180991827,497.175899930,39.994908103,Other,random,C2O1,39.994915000,RC2_0018_ICR-1_p08
395.207272314,435.202180417,39.994908103,Other,random,C2O1,39.994915000,RC2_0018_ICR-1_p08
433.150265955,473.145175058,39.994909103,Other,random,C2O1,39.994915000,RC2_0018_ICR-1_p08
475.233581315,515.228490418,39.994909103,Other,random,C2O1,39.994915000,RC2_0018_ICR-1_p08
239.056189373,279.051098476,39.994909103,Other,random,C2O1,39.994915000,RC2_0018_ICR-1_p08
303.181260789,343.176169892,39.994909103,Other,random,C2O1,39.994915000,RC2_0018_ICR-1_p08
339.144749561,379.139658664,39.994909103,Other,random,C2O1,39.994915000,RC2_0018_ICR-1_p08
315.136751561,355.131661664,39.994910103,Other,random,C2O1,39.994915000,RC2_0018_ICR-1_p08
491.132533913,531.127444016,39.994910103,Other,random,C2O1,39.994915000,RC2_0018_ICR-1_p08
721.271911807,761.266821910,39.994910103,Other,random,C2O1,39.994915000,RC2_0018_ICR-1_p08
311.105509230,351.100419333,39.994910103,Other,random,C2O1,39.994915000,RC2_0018_ICR-1_p08
469.220667126,509.215577229,39.994910103,Other,random,C2O1,39.994915000,RC2_0018_ICR-1_p08
421.113906637,461.108817740,39.994911103,Other,random,C2O1,39.994915000,RC2_0018_ICR-1_p08
255.123872022,295.118783125,39.994911103,Other,random,C2O1,39.994915000,RC2_0018_ICR-1_p08
434.109160563,474.104071666,39.994911103,Other,random,C2O1,39.994915000,RC2_0018_ICR-1_p08
341.154780258,381.149691361,39.994911103,Other,random,C2O1,39.994915000,RC2_0018_ICR-1_p08
395.111134854,435.106045957,39.994911103,Other,random,C2O1,39.994915000,RC2_0018_ICR-1_p08
443.134601812,483.129512915,39.994911103,Other,random,C2O1,39.994915000,RC2_0018_ICR-1_p08
449.139610045,489.134521148,39.994911103,Other,random,C2O1,39.994915000,RC2_0018_ICR-1_p08
489.212869707,529.207780810,39.994911103,Other,random,C2O1,39.994915000,RC2_0018_ICR-1_p08
352.103682691,392.098594794,39.994912103,Other,random,C2O1,39.994915000,RC2_0018_ICR-1_p08
393.095518188,433.090430291,39.994912103,Other,random,C2O1,39.994915000,RC2_0018_ICR-1_p08
399.121472304,439.116384407,39.994912103,Other,random,C2O1,39.994915000,RC2_0018_ICR-1_p08
411.129514781,451.124426884,39.994912103,Other,random,C2O1,39.994915000,RC2_0018_ICR-1_p08
449.121856145,489.116768248,39.994912103,Other,random,C2O1,39.994915000,RC2_0018_ICR-1_p08
459.187075546,499.181987649,39.994912103,Other,random,C2O1,39.994915000,RC2_0018_ICR-1_p08
525.124941769,565.119853872,39.994912103,Other,random,C2O1,39.994915000,RC2_0018_ICR-1_p08
641.245279808,681.240191911,39.994912103,Other,random,C2O1,39.994915000,RC2_0018_ICR-1_p08
329.051322318,369.046235421,39.994913103,Other,random,C2O1,39.994915000,RC2_0018_ICR-1_p08
417.186078724,457.180991827,39.994913103,Other,random,C2O1,39.994915000,RC2_0018_ICR-1_p08
507.041562454,547.036475557,39.994913103,Other,random,C2O1,39.994915000,RC2_0018_ICR-1_p08
359.077076479,399.071989582,39.994913103,Other,random,C2O1,39.994915000,RC2_0018_ICR-1_p08
450.140540416,490.135453519,39.994913103,Other,random,C2O1,39.994915000,RC2_0018_ICR-1_p08
415.189045953,455.183960056,39.994914103,Other,random,C2O1,39.994915000,RC2_0018_ICR-1_p08
349.019989031,389.014903134,39.994914103,Other,random,C2O1,39.994915000,RC2_0018_ICR-1_p08
359.199232792,399.194146895,39.994914103,Other,random,C2O1,39.994915000,RC2_0018_ICR-1_p08
387.071974060,427.066888163,39.994914103,Other,random,C2O1,39.994915000,RC2_0018_ICR-1_p08
515.168920753,555.163835856,39.994915103,Other,random,C2O1,39.994915000,RC2_0018_ICR-1_p08
529.156256100,569.151171203,39.994915103,Other,random,C2O1,39.994915000,RC2_0018_ICR-1_p08
575.104302728,615.099217831,39.994915103,Other,random,C2O1,39.994915000,RC2_0018_ICR-1_p08
309.183767036,349.178682139,39.994915103,Other,random,C2O1,39.994915000,RC2_0018_ICR-1_p08
365.100605608,405.095520711,39.994915103,Other,random,C2O1,39.994915000,RC2_0018_ICR-1_p08
367.176146937,407.171062040,39.994915103,Other,random,C2O1,39.994915000,RC2_0018_ICR-1_p08
483.187024591,523.181939694,39.994915103,Other,random,C2O1,39.994915000,RC2_0018_ICR-1_p08
673.177937246,713.172852349,39.994915103,Other,random,C2O1,39.994915000,RC2_0018_ICR-1_p08
477.161225475,517.156140578,39.994915103,Other,random,C2O1,39.994915000,RC2_0018_ICR-1_p08
419.165397594,459.160313697,39.994916103,Other,random,C2O1,39.994915000,RC2_0018_ICR-1_p08
377.209814516,417.204730619,39.994916103,Other,random,C2O1,39.994915000,RC2_0018_ICR-1_p08
305.030254392,345.025170495,39.994916103,Other,random,C2O1,39.994915000,RC2_0018_ICR-1_p08
375.157922054,415.152838157,39.994916103,Other,random,C2O1,39.994915000,RC2_0018_ICR-1_p08
395.171018518,435.165934621,39.994916103,Other,random,C2O1,39.994915000,RC2_0018_ICR-1_p08
429.155523418,469.150439521,39.994916103,Other,random,C2O1,39.994915000,RC2_0018_ICR-1_p08
431.082920580,471.077836683,39.994916103,Other,random,C2O1,39.994915000,RC2_0018_ICR-1_p08
449.231096530,489.226012633,39.994916103,Other,random,C2O1,39.994915000,RC2_0018_ICR-1_p08
475.109254014,515.104171117,39.994917103,Other,random,C2O1,39.994915000,RC2_0018_ICR-1_p08
506.166932372,546.161849475,39.994917103,Other,random,C2O1,39.994915000,RC2_0018_ICR-1_p08
323.126517634,363.121434737,39.994917103,Other,random,C2O1,39.994915000,RC2_0018_ICR-1_p08
371.098113883,411.093030986,39.994917103,Other,random,C2O1,39.994915000,RC2_0018_ICR-1_p08
443.082858103,483.077775206,39.994917103,Other,random,C2O1,39.994915000,RC2_0018_ICR-1_p08
497.166360984,537.161278087,39.994917103,Other,random,C2O1,39.994915000,RC2_0018_ICR-1_p08
501.234142110,541.229059213,39.994917103,Other,random,C2O1,39.994915000,RC2_0018_ICR-1_p08
527.140592434,567.135509537,39.994917103,Other,random,C2O1,39.994915000,RC2_0018_ICR-1_p08
541.171732535,581.166649638,39.994917103,Other,random,C2O1,39.994915000,RC2_0018_ICR-1_p08
251.019823100,291.014741203,39.994918103,Other,random,C2O1,39.994915000,RC2_0018_ICR-1_p08
361.096025126,401.090943229,39.994918103,Other,random,C2O1,39.994915000,RC2_0018_ICR-1_p08
405.155323374,445.150241477,39.994918103,Other,random,C2O1,39.994915000,RC2_0018_ICR-1_p08
472.081086042,512.076004145,39.994918103,Other,random,C2O1,39.994915000,RC2_0018_ICR-1_p08
529.202273841,569.197191944,39.994918103,Other,random,C2O1,39.994915000,RC2_0018_ICR-1_p08
624.193781691,664.188699794,39.994918103,Other,random,C2O1,39.994915000,RC2_0018_ICR-1_p08
311.077148389,351.072066492,39.994918103,Other,random,C2O1,39.994915000,RC2_0018_ICR-1_p08
543.163951333,583.158869436,39.994918103,Other,random,C2O1,39.994915000,RC2_0018_ICR-1_p08
350.137525747,390.132444850,39.994919103,Other,random,C2O1,39.994915000,RC2_0018_ICR-1_p08
397.150170389,437.145089492,39.994919103,Other,random,C2O1,39.994915000,RC2_0018_ICR-1_p08
659.247966576,699.242885679,39.994919103,Other,random,C2O1,39.994915000,RC2_0018_ICR-1_p08
685.250678359,725.245597463,39.994919103,Other,random,C2O1,39.994915000,RC2_0018_ICR-1_p08
369.191555604,409.186475707,39.994920103,Other,random,C2O1,39.994915000,RC2_0018_ICR-1_p08
550.193123807,590.188043910,39.994920103,Other,random,C2O1,39.994915000,RC2_0018_ICR-1_p08
330.061854635,370.056775738,39.994921103,Other,random,C2O1,39.994915000,RC2_0018_ICR-1_p08
391.079897522,431.074818626,39.994921103,Other,random,C2O1,39.994915000,RC2_0018_ICR-1_p08
398.080833155,438.075754258,39.994921103,Other,random,C2O1,39.994915000,RC2_0018_ICR-1_p08
377.124061998,417.118983101,39.994921103,Other,random,C2O1,39.994915000,RC2_0018_ICR-1_p08
781.292626302,821.287547405,39.994921103,Other,random,C2O1,39.994915000,RC2_0018_ICR-1_p08
399.157730100,439.152651203,39.994921103,Other,random,C2O1,39.994915000,RC2_0018_ICR-1_p08
335.149938024,375.144860127,39.994922103,Other,random,C2O1,39.994915000,RC2_0018_ICR-1_p08
354.095796489,394.090718592,39.994922103,Other,random,C2O1,39.994915000,RC2_0018_ICR-1_p08
375.035555742,415.030477845,39.994922103,Other,random,C2O1,39.994915000,RC2_0018_ICR-1_p08
451.233645270,491.228567373,39.994922103,Other,random,C2O1,39.994915000,RC2_0018_ICR-1_p08
439.051597771,479.046519874,39.994922103,Other,random,C2O1,39.994915000,RC2_0018_ICR-1_p08
306.061955590,346.056878693,39.994923103,Other,random,C2O1,39.994915000,RC2_0018_ICR-1_p08
445.062284972,485.057208075,39.994923103,Other,random,C2O1,39.994915000,RC2_0018_ICR-1_p08
536.104419030,576.099342133,39.994923103,Other,random,C2O1,39.994915000,RC2_0018_ICR-1_p08
607.094350843,647.089273946,39.994923103,Other,random,C2O1,39.994915000,RC2_0018_ICR-1_p08
566.115138275,606.110061378,39.994923103,Other,random,C2O1,39.994915000,RC2_0018_ICR-1_p08
241.144638629,281.139561732,39.994923103,Other,random,C2O1,39.994915000,RC2_0018_ICR-1_p08
391.066921595,431.061844698,39.994923103,Other,random,C2O1,39.994915000,RC2_0018_ICR-1_p08
394.114237460,434.109160563,39.994923103,Other,random,C2O1,39.994915000,RC2_0018_ICR-1_p08
383.184098922,423.179023025,39.994924103,Other,random,C2O1,39.994915000,RC2_0018_ICR-1_p08
431.046564784,471.041488887,39.994924103,Other,random,C2O1,39.994915000,RC2_0018_ICR-1_p08
262.035823155,302.030747258,39.994924103,Other,random,C2O1,39.994915000,RC2_0018_ICR-1_p08
373.105800593,413.100724696,39.994924103,Other,random,C2O1,39.994915000,RC2_0018_ICR-1_p08
413.181593242,453.176517345,39.994924103,Other,random,C2O1,39.994915000,RC2_0018_ICR-1_p08
479.155823259,519.150747362,39.994924103,Other,random,C2O1,39.994915000,RC2_0018_ICR-1_p08
566.188138865,606.183062968,39.994924103,Other,random,C2O1,39.994915000,RC2_0018_ICR-1_p08
275.092516736,315.123807634,40.031290899,Other,random,C3H4,40.031300000,RC2_0018_ICR-1_p08
431.134726289,471.166017187,40.031290899,Other,random,C3H4,40.031300000,RC2_0018_ICR-1_p08
251.056215895,291.087506794,40.031290899,Other,random,C3H4,40.031300000,RC2_0018_ICR-1_p08
331.176165369,371.207456268,40.031290899,Other,random,C3H4,40.031300000,RC2_0018_ICR-1_p08
586.177964459,626.209255358,40.031290899,Other,random,C3H4,40.031300000,RC2_0018_ICR-1_p08
373.041127957,413.072419856,40.031291899,Other,random,C3H4,40.031300000,RC2_0018_ICR-1_p08
503.155900304,543.187192202,40.031291899,Other,random,C3H4,40.031300000,RC2_0018_ICR-1_p08
307.118651648,347.149943547,40.031291899,Other,random,C3H4,40.031300000,RC2_0018_ICR-1_p08
441.168368868,481.199660767,40.031291899,Other,random,C3H4,40.031300000,RC2_0018_ICR-1_p08
497.158337029,537.189629927,40.031292898,Other,random,C3H4,40.031300000,RC2_0018_ICR-1_p08
359.071511510,399.102804409,40.031292898,Other,random,C3H4,40.031300000,RC2_0018_ICR-1_p08
373.087070699,413.118363597,40.031292898,Other,random,C3H4,40.031300000,RC2_0018_ICR-1_p08
409.126849042,449.158141940,40.031292898,Other,random,C3H4,40.031300000,RC2_0018_ICR-1_p08
431.119459374,471.150752273,40.031292898,Other,random,C3H4,40.031300000,RC2_0018_ICR-1_p08
519.187212157,559.218505056,40.031292898,Other,random,C3H4,40.031300000,RC2_0018_ICR-1_p08
525.124941769,565.156234667,40.031292898,Other,random,C3H4,40.031300000,RC2_0018_ICR-1_p08
577.229041780,617.260334679,40.031292898,Other,random,C3H4,40.031300000,RC2_0018_ICR-1_p08
331.103332779,371.134626678,40.031293898,Other,random,C3H4,40.031300000,RC2_0018_ICR-1_p08
377.045641439,417.076935338,40.031293898,Other,random,C3H4,40.031300000,RC2_0018_ICR-1_p08
382.049436302,422.080730201,40.031293898,Other,random,C3H4,40.031300000,RC2_0018_ICR-1_p08
489.044103656,529.075397555,40.031293898,Other,random,C3H4,40.031300000,RC2_0018_ICR-1_p08
245.045631693,285.076925592,40.031293898,Other,random,C3H4,40.031300000,RC2_0018_ICR-1_p08
527.096231684,567.127525582,40.031293898,Other,random,C3H4,40.031300000,RC2_0018_ICR-1_p08
249.076938025,289.108232923,40.031294898,Other,random,C3H4,40.031300000,RC2_0018_ICR-1_p08
459.187075546,499.218370445,40.031294898,Other,random,C3H4,40.031300000,RC2_0018_ICR-1_p08
393.168266779,433.199561678,40.031294898,Other,random,C3H4,40.031300000,RC2_0018_ICR-1_p08
427.189229475,467.220524373,40.031294898,Other,random,C3H4,40.031300000,RC2_0018_ICR-1_p08
450.140540416,490.171835315,40.031294898,Other,random,C3H4,40.031300000,RC2_0018_ICR-1_p08
457.244390470,497.275685369,40.031294898,Other,random,C3H4,40.031300000,RC2_0018_ICR-1_p08
347.162923474,387.194219372,40.031295898,Other,random,C3H4,40.031300000,RC2_0018_ICR-1_p08
421.071940873,461.103236772,40.031295898,Other,random,C3H4,40.031300000,RC2_0018_ICR-1_p08
483.223435387,523.254731285,40.031295898,Other,random,C3H4,40.031300000,RC2_0018_ICR-1_p08
469.171394403,509.202691302,40.031296898,Other,random,C3H4,40.031300000,RC2_0018_ICR-1_p08
473.145175058,513.176471957,40.031296898,Other,random,C3H4,40.031300000,RC2_0018_ICR-1_p08
403.061313149,443.092610048,40.031296898,Other,random,C3H4,40.031300000,RC2_0018_ICR-1_p08
763.173373189,803.204670088,40.031296898,Other,random,C3H4,40.031300000,RC2_0018_ICR-1_p08
305.103027982,345.134324881,40.031296898,Other,random,C3H4,40.031300000,RC2_0018_ICR-1_p08
431.074818626,471.106115524,40.031296898,Other,random,C3H4,40.031300000,RC2_0018_ICR-1_p08
451.124426884,491.155723782,40.031296898,Other,random,C3H4,40.031300000,RC2_0018_ICR-1_p08
421.077519842,461.108817740,40.031297898,Other,random,C3H4,40.031300000,RC2_0018_ICR-1_p08
611.125589175,651.156887074,40.031297898,Other,random,C3H4,40.031300000,RC2_0018_ICR-1_p08
457.144602032,497.175899930,40.031297898,Other,random,C3H4,40.031300000,RC2_0018_ICR-1_p08
370.041414825,410.072712723,40.031297898,Other,random,C3H4,40.031300000,RC2_0018_ICR-1_p08
433.090430291,473.121728190,40.031297898,Other,random,C3H4,40.031300000,RC2_0018_ICR-1_p08
433.126993086,473.158290984,40.031297898,Other,random,C3H4,40.031300000,RC2_0018_ICR-1_p08
359.098238360,399.129537258,40.031298898,Other,random,C3H4,40.031300000,RC2_0018_ICR-1_p08
445.090490813,485.121789712,40.031298898,Other,random,C3H4,40.031300000,RC2_0018_ICR-1_p08
475.124497928,515.155796827,40.031298898,Other,random,C3H4,40.031300000,RC2_0018_ICR-1_p08
233.045621171,273.076920070,40.031298898,Other,random,C3H4,40.031300000,RC2_0018_ICR-1_p08
445.041127091,485.072425989,40.031298898,Other,random,C3H4,40.031300000,RC2_0018_ICR-1_p08
665.281998646,705.313297545,40.031298898,Other,random,C3H4,40.031300000,RC2_0018_ICR-1_p08
315.108484720,355.139784619,40.031299898,Other,random,C3H4,40.031300000,RC2_0018_ICR-1_p08
393.204837574,433.236137472,40.031299898,Other,random,C3H4,40.031300000,RC2_0018_ICR-1_p08
623.198468288,663.229768186,40.031299898,Other,random,C3H4,40.031300000,RC2_0018_ICR-1_p08
369.149596840,409.180896738,40.031299898,Other,random,C3H4,40.031300000,RC2_0018_ICR-1_p08
459.106246001,499.137545899,40.031299898,Other,random,C3H4,40.031300000,RC2_0018_ICR-1_p08
257.066755097,297.098054995,40.031299898,Other,random,C3H4,40.031300000,RC2_0018_ICR-1_p08
261.098025429,301.129325327,40.031299898,Other,random,C3H4,40.031300000,RC2_0018_ICR-1_p08
270.098313819,310.129613717,40.031299898,Other,random,C3H4,40.031300000,RC2_0018_ICR-1_p08
312.072382793,352.103682691,40.031299898,Other,random,C3H4,40.031300000,RC2_0018_ICR-1_p08
313.165601645,353.196901544,40.031299898,Other,random,C3H4,40.031300000,RC2_0018_ICR-1_p08
381.131978461,421.163278359,40.031299898,Other,random,C3H4,40.031300000,RC2_0018_ICR-1_p08
389.173446243,429.204746141,40.031299898,Other,random,C3H4,40.031300000,RC2_0018_ICR-1_p08
459.160313697,499.191613595,40.031299898,Other,random,C3H4,40.031300000,RC2_0018_ICR-1_p08
669.240248388,709.271548287,40.031299898,Other,random,C3H4,40.031300000,RC2_0018_ICR-1_p08
313.048365305,353.079667203,40.031301898,Other,random,C3H4,40.031300000,RC2_0018_ICR-1_p08
317.051304796,357.082606694,40.031301898,Other,random,C3H4,40.031300000,RC2_0018_ICR-1_p08
379.175962460,419.207264358,40.031301898,Other,random,C3H4,40.031300000,RC2_0018_ICR-1_p08
411.178869503,451.210171402,40.031301898,Other,random,C3H4,40.031300000,RC2_0018_ICR-1_p08
465.080540407,505.111842305,40.031301898,Other,random,C3H4,40.031300000,RC2_0018_ICR-1_p08
503.168954230,543.200256129,40.031301898,Other,random,C3H4,40.031300000,RC2_0018_ICR-1_p08
427.051585249,467.082888147,40.031302898,Other,random,C3H4,40.031300000,RC2_0018_ICR-1_p08
551.249819865,591.281122763,40.031302898,Other,random,C3H4,40.031300000,RC2_0018_ICR-1_p08
363.035617219,403.066921118,40.031303898,Other,random,C3H4,40.031300000,RC2_0018_ICR-1_p08
323.126517634,363.157821532,40.031303898,Other,random,C3H4,40.031300000,RC2_0018_ICR-1_p08
431.056118731,471.087422629,40.031303898,Other,random,C3H4,40.031300000,RC2_0018_ICR-1_p08
589.156487710,629.187791609,40.031303898,Other,random,C3H4,40.031300000,RC2_0018_ICR-1_p08
301.035399855,341.066703754,40.031303898,Other,random,C3H4,40.031300000,RC2_0018_ICR-1_p08
389.064304856,429.095608755,40.031303898,Other,random,C3H4,40.031300000,RC2_0018_ICR-1_p08
443.119421897,483.150726795,40.031304898,Other,random,C3H4,40.031300000,RC2_0018_ICR-1_p08
527.249668821,567.280973719,40.031304898,Other,random,C3H4,40.031300000,RC2_0018_ICR-1_p08
445.150241477,485.181546376,40.031304898,Other,random,C3H4,40.031300000,RC2_0018_ICR-1_p08
249.040526230,289.071831128,40.031304898,Other,random,C3H4,40.031300000,RC2_0018_ICR-1_p08
487.072988740,527.104293638,40.031304898,Other,random,C3H4,40.031300000,RC2_0018_ICR-1_p08
315.064025970,355.095331869,40.031305898,Other,random,C3H4,40.031300000,RC2_0018_ICR-1_p08
477.153183520,517.184489419,40.031305898,Other,random,C3H4,40.031300000,RC2_0018_ICR-1_p08
345.055881322,385.087187220,40.031305898,Other,random,C3H4,40.031300000,RC2_0018_ICR-1_p08
361.056382349,401.087688247,40.031305898,Other,random,C3H4,40.031300000,RC2_0018_ICR-1_p08
383.098099405,423.129405304,40.031305898,Other,random,C3H4,40.031300000,RC2_0018_ICR-1_p08
420.057181579,460.088487478,40.031305898,Other,random,C3H4,40.031300000,RC2_0018_ICR-1_p08
483.142676841,523.173982739,40.031305898,Other,random,C3H4,40.031300000,RC2_0018_ICR-1_p08
241.108254834,281.139561732,40.031306898,Other,random,C3H4,40.031300000,RC2_0018_ICR-1_p08
433.186487751,473.217794650,40.031306898,Other,random,C3H4,40.031300000,RC2_0018_ICR-1_p08
503.205300026,543.236606924,40.031306898,Other,random,C3H4,40.031300000,RC2_0018_ICR-1_p08
408.129878648,448.161186547,40.031307898,Other,random,C3H4,40.031300000,RC2_0018_ICR-1_p08
421.150161433,461.181469332,40.031307898,Other,random,C3H4,40.031300000,RC2_0018_ICR-1_p08
534.110206243,574.141514142,40.031307898,Other,random,C3H4,40.031300000,RC2_0018_ICR-1_p08
467.192190533,507.223498431,40.031307898,Other,random,C3H4,40.031300000,RC2_0018_ICR-1_p08
475.246832240,515.278141139,40.031308898,Other,random,C3H4,40.031300000,RC2_0018_ICR-1_p08
379.139658664,419.170967563,40.031308898,Other,random,C3H4,40.031300000,RC2_0018_ICR-1_p08
399.035682786,439.066991684,40.031308898,Other,random,C3H4,40.031300000,RC2_0018_ICR-1_p08
449.139610045,489.170918943,40.031308898,Other,random,C3H4,40.031300000,RC2_0018_ICR-1_p08
450.039166986,490.070475885,40.031308898,Other,random,C3H4,40.031300000,RC2_0018_ICR-1_p08
391.152622114,431.183931012,40.031308898,Other,random,C3H4,40.031300000,RC2_0018_ICR-1_p08
431.147737215,471.179046114,40.031308898,Other,random,C3H4,40.031300000,RC2_0018_ICR-1_p08
481.025819744,521.057128643,40.031308898,Other,random,C3H4,40.031300000,RC2_0018_ICR-1_p08
697.235694966,737.267003864,40.031308898,Other,random,C3H4,40.031300000,RC2_0018_ICR-1_p08
302.124480731,342.155790630,40.031309898,Other,random,C3H4,40.031300000,RC2_0018_ICR-1_p08
309.147372240,349.178682139,40.031309898,Other,random,C3H4,40.031300000,RC2_0018_ICR-1_p08
389.087704725,429.119014623,40.031309898,Other,random,C3H4,40.031300000,RC2_0018_ICR-1_p08
401.137058970,441.168368868,40.031309898,Other,random,C3H4,40.031300000,RC2_0018_ICR-1_p08
461.085483871,501.116793770,40.031309898,Other,random,C3H4,40.031300000,RC2_0018_ICR-1_p08
631.058558089,671.089867988,40.031309898,Other,random,C3H4,40.031300000,RC2_0018_ICR-1_p08
243.051137909,283.118813603,40.067675694,Other,random,C4H8O_1,40.067685000,RC2_0018_ICR-1_p08
255.051107431,295.118783125,40.067675694,Other,random,C4H8O_1,40.067685000,RC2_0018_ICR-1_p08
371.061839087,411.129514781,40.067675694,Other,random,C4H8O_1,40.067685000,RC2_0018_ICR-1_p08
454.062705361,494.130381055,40.067675694,Other,random,C4H8O_1,40.067685000,RC2_0018_ICR-1_p08
457.134935086,497.202610780,40.067675694,Other,random,C4H8O_1,40.067685000,RC2_0018_ICR-1_p08
605.078715178,645.146390871,40.067675694,Other,random,C4H8O_1,40.067685000,RC2_0018_ICR-1_p08
491.205161504,531.272838198,40.067676694,Other,random,C4H8O_1,40.067685000,RC2_0018_ICR-1_p08
435.129403826,475.197080520,40.067676694,Other,random,C4H8O_1,40.067685000,RC2_0018_ICR-1_p08
257.066755097,297.134431791,40.067676694,Other,random,C4H8O_1,40.067685000,RC2_0018_ICR-1_p08
417.140156982,457.207833676,40.067676694,Other,random,C4H8O_1,40.067685000,RC2_0018_ICR-1_p08
435.069803161,475.137479855,40.067676694,Other,random,C4H8O_1,40.067685000,RC2_0018_ICR-1_p08
469.135013608,509.202691302,40.067677694,Other,random,C4H8O_1,40.067685000,RC2_0018_ICR-1_p08
247.082414240,287.150091934,40.067677694,Other,random,C4H8O_1,40.067685000,RC2_0018_ICR-1_p08
413.035886061,453.103563755,40.067677694,Other,random,C4H8O_1,40.067685000,RC2_0018_ICR-1_p08
425.072339378,465.140017072,40.067677694,Other,random,C4H8O_1,40.067685000,RC2_0018_ICR-1_p08
703.152392696,743.220071390,40.067678694,Other,random,C4H8O_1,40.067685000,RC2_0018_ICR-1_p08
447.106109479,487.173788173,40.067678694,Other,random,C4H8O_1,40.067685000,RC2_0018_ICR-1_p08
409.077449320,449.145128014,40.067678694,Other,random,C4H8O_1,40.067685000,RC2_0018_ICR-1_p08
377.100616130,417.168295824,40.067679694,Other,random,C4H8O_1,40.067685000,RC2_0018_ICR-1_p08
311.077148389,351.144828083,40.067679694,Other,random,C4H8O_1,40.067685000,RC2_0018_ICR-1_p08
423.087576539,463.155256233,40.067679694,Other,random,C4H8O_1,40.067685000,RC2_0018_ICR-1_p08
767.204976519,807.272656213,40.067679694,Other,random,C4H8O_1,40.067685000,RC2_0018_ICR-1_p08
347.053710088,387.121390782,40.067680694,Other,random,C4H8O_1,40.067685000,RC2_0018_ICR-1_p08
403.066921118,443.134601812,40.067680694,Other,random,C4H8O_1,40.067685000,RC2_0018_ICR-1_p08
322.114291326,362.181972020,40.067680694,Other,random,C4H8O_1,40.067685000,RC2_0018_ICR-1_p08
413.064295901,453.131977595,40.067681694,Other,random,C4H8O_1,40.067685000,RC2_0018_ICR-1_p08
419.082874058,459.150555752,40.067681694,Other,random,C4H8O_1,40.067685000,RC2_0018_ICR-1_p08
575.177091318,615.244773012,40.067681694,Other,random,C4H8O_1,40.067685000,RC2_0018_ICR-1_p08
397.105796638,437.173479332,40.067682694,Other,random,C4H8O_1,40.067685000,RC2_0018_ICR-1_p08
417.082515306,457.150198000,40.067682694,Other,random,C4H8O_1,40.067685000,RC2_0018_ICR-1_p08
419.074816103,459.142498797,40.067682694,Other,random,C4H8O_1,40.067685000,RC2_0018_ICR-1_p08
473.072452467,513.140135161,40.067682694,Other,random,C4H8O_1,40.067685000,RC2_0018_ICR-1_p08
251.019823100,291.087506794,40.067683694,Other,random,C4H8O_1,40.067685000,RC2_0018_ICR-1_p08
399.121472304,439.189155997,40.067683694,Other,random,C4H8O_1,40.067685000,RC2_0018_ICR-1_p08
489.140097116,529.207780810,40.067683694,Other,random,C4H8O_1,40.067685000,RC2_0018_ICR-1_p08
385.040961480,425.108645174,40.067683694,Other,random,C4H8O_1,40.067685000,RC2_0018_ICR-1_p08
367.103377346,407.171062040,40.067684694,Other,random,C4H8O_1,40.067685000,RC2_0018_ICR-1_p08
415.160838112,455.228522806,40.067684694,Other,random,C4H8O_1,40.067685000,RC2_0018_ICR-1_p08
473.129815144,513.197499838,40.067684694,Other,random,C4H8O_1,40.067685000,RC2_0018_ICR-1_p08
575.190121245,615.257805939,40.067684694,Other,random,C4H8O_1,40.067685000,RC2_0018_ICR-1_p08
703.188512493,743.256197186,40.067684694,Other,random,C4H8O_1,40.067685000,RC2_0018_ICR-1_p08
319.095298302,359.162983996,40.067685694,Other,random,C4H8O_1,40.067685000,RC2_0018_ICR-1_p08
361.050712381,401.118398075,40.067685694,Other,random,C4H8O_1,40.067685000,RC2_0018_ICR-1_p08
557.151237680,597.218923374,40.067685694,Other,random,C4H8O_1,40.067685000,RC2_0018_ICR-1_p08
355.066866029,395.134552723,40.067686694,Other,random,C4H8O_1,40.067685000,RC2_0018_ICR-1_p08
511.231484893,551.299171587,40.067686694,Other,random,C4H8O_1,40.067685000,RC2_0018_ICR-1_p08
496.073322130,536.141008824,40.067686694,Other,random,C4H8O_1,40.067685000,RC2_0018_ICR-1_p08
305.087715068,345.155401762,40.067686694,Other,random,C4H8O_1,40.067685000,RC2_0018_ICR-1_p08
329.043292363,369.110979057,40.067686694,Other,random,C4H8O_1,40.067685000,RC2_0018_ICR-1_p08
373.113906548,413.181593242,40.067686694,Other,random,C4H8O_1,40.067685000,RC2_0018_ICR-1_p08
457.090650335,497.158337029,40.067686694,Other,random,C4H8O_1,40.067685000,RC2_0018_ICR-1_p08
479.205187982,519.272874676,40.067686694,Other,random,C4H8O_1,40.067685000,RC2_0018_ICR-1_p08
599.161923448,639.229610142,40.067686694,Other,random,C4H8O_1,40.067685000,RC2_0018_ICR-1_p08
333.219948877,373.287635571,40.067686694,Other,random,C4H8O_1,40.067685000,RC2_0018_ICR-1_p08
391.103239391,431.170927085,40.067687694,Other,random,C4H8O_1,40.067685000,RC2_0018_ICR-1_p08
657.183140187,697.250827881,40.067687694,Other,random,C4H8O_1,40.067685000,RC2_0018_ICR-1_p08
296.077618733,336.145306427,40.067687694,Other,random,C4H8O_1,40.067685000,RC2_0018_ICR-1_p08
375.093150418,415.160838112,40.067687694,Other,random,C4H8O_1,40.067685000,RC2_0018_ICR-1_p08
305.124117864,345.191806558,40.067688694,Other,random,C4H8O_1,40.067685000,RC2_0018_ICR-1_p08
393.155263852,433.222952546,40.067688694,Other,random,C4H8O_1,40.067685000,RC2_0018_ICR-1_p08
593.151433246,633.219121940,40.067688694,Other,random,C4H8O_1,40.067685000,RC2_0018_ICR-1_p08
585.110064464,625.177754158,40.067689694,Other,random,C4H8O_1,40.067685000,RC2_0018_ICR-1_p08
435.142534752,475.210224446,40.067689694,Other,random,C4H8O_1,40.067685000,RC2_0018_ICR-1_p08
475.064740264,515.132429958,40.067689694,Other,random,C4H8O_1,40.067685000,RC2_0018_ICR-1_p08
459.069856206,499.137545899,40.067689694,Other,random,C4H8O_1,40.067685000,RC2_0018_ICR-1_p08
485.158298507,525.225988200,40.067689694,Other,random,C4H8O_1,40.067685000,RC2_0018_ICR-1_p08
517.265347964,557.333037658,40.067689694,Other,random,C4H8O_1,40.067685000,RC2_0018_ICR-1_p08
477.153183520,517.220874214,40.067690694,Other,random,C4H8O_1,40.067685000,RC2_0018_ICR-1_p08
336.036064042,376.103754735,40.067690694,Other,random,C4H8O_1,40.067685000,RC2_0018_ICR-1_p08
431.111355420,471.179046114,40.067690694,Other,random,C4H8O_1,40.067685000,RC2_0018_ICR-1_p08
463.155256233,503.222946927,40.067690694,Other,random,C4H8O_1,40.067685000,RC2_0018_ICR-1_p08
535.145845420,575.213537114,40.067691694,Other,random,C4H8O_1,40.067685000,RC2_0018_ICR-1_p08
488.148658691,528.216350385,40.067691694,Other,random,C4H8O_1,40.067685000,RC2_0018_ICR-1_p08
667.152001131,707.219693825,40.067692694,Other,random,C4H8O_1,40.067685000,RC2_0018_ICR-1_p08
303.144923993,343.212616687,40.067692694,Other,random,C4H8O_1,40.067685000,RC2_0018_ICR-1_p08
355.103325824,395.171018518,40.067692694,Other,random,C4H8O_1,40.067685000,RC2_0018_ICR-1_p08
425.036009583,465.103702276,40.067692694,Other,random,C4H8O_1,40.067685000,RC2_0018_ICR-1_p08
459.077924160,499.145616854,40.067692694,Other,random,C4H8O_1,40.067685000,RC2_0018_ICR-1_p08
579.258171370,619.325864064,40.067692694,Other,random,C4H8O_1,40.067685000,RC2_0018_ICR-1_p08
585.102198508,625.169891202,40.067692694,Other,random,C4H8O_1,40.067685000,RC2_0018_ICR-1_p08
387.048711190,427.116403884,40.067692694,Other,random,C4H8O_1,40.067685000,RC2_0018_ICR-1_p08
366.082986084,406.150679777,40.067693694,Other,random,C4H8O_1,40.067685000,RC2_0018_ICR-1_p08
417.046235510,457.113929204,40.067693694,Other,random,C4H8O_1,40.067685000,RC2_0018_ICR-1_p08
509.057255119,549.124948813,40.067693694,Other,random,C4H8O_1,40.067685000,RC2_0018_ICR-1_p08
319.045898580,359.113592273,40.067693694,Other,random,C4H8O_1,40.067685000,RC2_0018_ICR-1_p08
451.173820606,491.241514300,40.067693694,Other,random,C4H8O_1,40.067685000,RC2_0018_ICR-1_p08
543.200256129,583.267949822,40.067693694,Other,random,C4H8O_1,40.067685000,RC2_0018_ICR-1_p08
365.045625917,405.113319611,40.067693694,Other,random,C4H8O_1,40.067685000,RC2_0018_ICR-1_p08
353.051318362,393.119012056,40.067693694,Other,random,C4H8O_1,40.067685000,RC2_0018_ICR-1_p08
373.087070699,413.154765392,40.067694694,Other,random,C4H8O_1,40.067685000,RC2_0018_ICR-1_p08
524.226401821,565.229142257,41.002740436,Other,random,C2HO,41.002740000,RC2_0018_ICR-1_p08
611.161919971,652.188460273,41.026540302,Other,random,C2H3N,41.026549000,RC2_0018_ICR-1_p08
307.118651648,348.145192950,41.026541302,Other,random,C2H3N,41.026549000,RC2_0018_ICR-1_p08
261.040570752,302.067113054,41.026542302,Other,random,C2H3N,41.026549000,RC2_0018_ICR-1_p08
241.035486243,282.062028545,41.026542302,Other,random,C2H3N,41.026549000,RC2_0018_ICR-1_p08
453.030979163,494.057522465,41.026543302,Other,random,C2H3N,41.026549000,RC2_0018_ICR-1_p08
571.203333663,612.229876966,41.026543302,Other,random,C2H3N,41.026549000,RC2_0018_ICR-1_p08
387.121390782,428.147935084,41.026544302,Other,random,C2H3N,41.026549000,RC2_0018_ICR-1_p08
379.066939073,420.093484375,41.026545302,Other,random,C2H3N,41.026549000,RC2_0018_ICR-1_p08
251.056215895,292.082762197,41.026546302,Other,random,C2H3N,41.026549000,RC2_0018_ICR-1_p08
327.063989493,368.090535795,41.026546302,Other,random,C2H3N,41.026549000,RC2_0018_ICR-1_p08
481.135085130,522.161631432,41.026546302,Other,random,C2H3N,41.026549000,RC2_0018_ICR-1_p08
312.072382793,353.098929095,41.026546302,Other,random,C2H3N,41.026549000,RC2_0018_ICR-1_p08
419.074816103,460.101363405,41.026547302,Other,random,C2H3N,41.026549000,RC2_0018_ICR-1_p08
473.036038672,514.062586974,41.026548302,Other,random,C2H3N,41.026549000,RC2_0018_ICR-1_p08
543.099252697,584.125800999,41.026548302,Other,random,C2H3N,41.026549000,RC2_0018_ICR-1_p08
353.015015567,394.041564869,41.026549302,Other,random,C2H3N,41.026549000,RC2_0018_ICR-1_p08
363.035617219,404.062168521,41.026551302,Other,random,C2H3N,41.026549000,RC2_0018_ICR-1_p08
387.084980986,428.111533288,41.026552302,Other,random,C2H3N,41.026549000,RC2_0018_ICR-1_p08
278.067113009,319.093665311,41.026552302,Other,random,C2H3N,41.026549000,RC2_0018_ICR-1_p08
309.097919519,350.124471821,41.026552302,Other,random,C2H3N,41.026549000,RC2_0018_ICR-1_p08
326.088097980,367.114650282,41.026552302,Other,random,C2H3N,41.026549000,RC2_0018_ICR-1_p08
553.119958349,594.146511651,41.026553302,Other,random,C2H3N,41.026549000,RC2_0018_ICR-1_p08
264.051484821,305.078038123,41.026553302,Other,random,C2H3N,41.026549000,RC2_0018_ICR-1_p08
417.082515306,458.109070608,41.026555302,Other,random,C2H3N,41.026549000,RC2_0018_ICR-1_p08
365.014842090,406.041398392,41.026556302,Other,random,C2H3N,41.026549000,RC2_0018_ICR-1_p08
461.072426945,502.098983247,41.026556302,Other,random,C2H3N,41.026549000,RC2_0018_ICR-1_p08
333.025090973,374.051647275,41.026556302,Other,random,C2H3N,41.026549000,RC2_0018_ICR-1_p08
533.093773959,574.120331261,41.026557302,Other,random,C2H3N,41.026549000,RC2_0018_ICR-1_p08
353.124115953,394.150673255,41.026557302,Other,random,C2H3N,41.026549000,RC2_0018_ICR-1_p08
278.030741214,319.093665311,41.062924097,Other,random,C3H7N1O_1,41.062934000,RC2_0018_ICR-1_p08
381.046201943,422.109127041,41.062925097,Other,random,C3H7N1O_1,41.062934000,RC2_0018_ICR-1_p08
353.100663085,394.163591182,41.062928097,Other,random,C3H7N1O_1,41.062934000,RC2_0018_ICR-1_p08
409.126849042,450.189777139,41.062928097,Other,random,C3H7N1O_1,41.062934000,RC2_0018_ICR-1_p08
249.040526230,290.103455327,41.062929097,Other,random,C3H7N1O_1,41.062934000,RC2_0018_ICR-1_p08
359.040778683,400.103707780,41.062929097,Other,random,C3H7N1O_1,41.062934000,RC2_0018_ICR-1_p08
280.010014084,321.072946181,41.062932097,Other,random,C3H7N1O_1,41.062934000,RC2_0018_ICR-1_p08
585.110064464,626.172997561,41.062933097,Other,random,C3H7N1O_1,41.062934000,RC2_0018_ICR-1_p08
561.146366215,602.209303313,41.062937097,Other,random,C3H7N1O_1,41.062934000,RC2_0018_ICR-1_p08
251.019823100,292.082762197,41.062939097,Other,random,C3H7N1O_1,41.062934000,RC2_0018_ICR-1_p08
331.045794103,372.108733200,41.062939097,Other,random,C3H7N1O_1,41.062934000,RC2_0018_ICR-1_p08
459.020238485,500.083177582,41.062939097,Other,random,C3H7N1O_1,41.062934000,RC2_0018_ICR-1_p08
401.064379378,442.127318476,41.062939097,Other,random,C3H7N1O_1,41.062934000,RC2_0018_ICR-1_p08
337.056318305,378.119259402,41.062941097,Other,random,C3H7N1O_1,41.062934000,RC2_0018_ICR-1_p08
357.110821535,398.173762633,41.062941097,Other,random,C3H7N1O_1,41.062934000,RC2_0018_ICR-1_p08
351.072066492,392.135009589,41.062943097,Other,random,C3H7N1O_1,41.062934000,RC2_0018_ICR-1_p08
373.159905289,415.116319362,41.956414073,Other,random,H_2S1C1,41.956422000,RC2_0018_ICR-1_p08
419.165397594,461.121811667,41.956414073,Other,random,H_2S1C1,41.956422000,RC2_0018_ICR-1_p08
377.082055234,419.038470308,41.956415073,Other,random,H_2S1C1,41.956422000,RC2_0018_ICR-1_p08
379.170446491,421.126862564,41.956416073,Other,random,H_2S1C1,41.956422000,RC2_0018_ICR-1_p08
379.097644900,421.054063974,41.956419073,Other,random,H_2S1C1,41.956422000,RC2_0018_ICR-1_p08
245.103145370,287.059565443,41.956420073,Other,random,H_2S1C1,41.956422000,RC2_0018_ICR-1_p08
417.186078724,459.142498797,41.956420073,Other,random,H_2S1C1,41.956422000,RC2_0018_ICR-1_p08
415.170481058,457.126902131,41.956421073,Other,random,H_2S1C1,41.956422000,RC2_0018_ICR-1_p08
395.129003754,437.085425827,41.956422073,Other,random,H_2S1C1,41.956422000,RC2_0018_ICR-1_p08
461.103236772,503.059664845,41.956428073,Other,random,H_2S1C1,41.956422000,RC2_0018_ICR-1_p08
363.108321811,405.082492784,41.974170973,Other,random,C1H_2O2,41.974180000,RC2_0018_ICR-1_p08
519.150747362,561.124918336,41.974170973,Other,random,C1H_2O2,41.974180000,RC2_0018_ICR-1_p08
541.156262622,583.130433596,41.974170973,Other,random,C1H_2O2,41.974180000,RC2_0018_ICR-1_p08
547.254855329,589.229026303,41.974170973,Other,random,C1H_2O2,41.974180000,RC2_0018_ICR-1_p08
365.173435198,407.147606172,41.974170973,Other,random,C1H_2O2,41.974180000,RC2_0018_ICR-1_p08
435.142534752,477.116705726,41.974170973,Other,random,C1H_2O2,41.974180000,RC2_0018_ICR-1_p08
439.189155997,481.163326971,41.974170973,Other,random,C1H_2O2,41.974180000,RC2_0018_ICR-1_p08
451.210171402,493.184342375,41.974170973,Other,random,C1H_2O2,41.974180000,RC2_0018_ICR-1_p08
566.224534660,608.198705633,41.974170973,Other,random,C1H_2O2,41.974180000,RC2_0018_ICR-1_p08
609.283774532,651.257945505,41.974170973,Other,random,C1H_2O2,41.974180000,RC2_0018_ICR-1_p08
517.244333082,559.218505056,41.974171973,Other,random,C1H_2O2,41.974180000,RC2_0018_ICR-1_p08
348.108732155,390.082904129,41.974171973,Other,random,C1H_2O2,41.974180000,RC2_0018_ICR-1_p08
405.118884579,447.093056553,41.974171973,Other,random,C1H_2O2,41.974180000,RC2_0018_ICR-1_p08
457.126902131,499.101074104,41.974171973,Other,random,C1H_2O2,41.974180000,RC2_0018_ICR-1_p08
563.286520181,605.260693154,41.974172973,Other,random,C1H_2O2,41.974180000,RC2_0018_ICR-1_p08
253.035448766,295.009621739,41.974172973,Other,random,C1H_2O2,41.974180000,RC2_0018_ICR-1_p08
487.101224581,529.075397555,41.974172973,Other,random,C1H_2O2,41.974180000,RC2_0018_ICR-1_p08
523.231318417,565.205491390,41.974172973,Other,random,C1H_2O2,41.974180000,RC2_0018_ICR-1_p08
501.226082155,543.200256129,41.974173973,Other,random,C1H_2O2,41.974180000,RC2_0018_ICR-1_p08
380.134953067,422.109127041,41.974173973,Other,random,C1H_2O2,41.974180000,RC2_0018_ICR-1_p08
609.182713100,651.156887074,41.974173973,Other,random,C1H_2O2,41.974180000,RC2_0018_ICR-1_p08
532.167340168,574.141514142,41.974173973,Other,random,C1H_2O2,41.974180000,RC2_0018_ICR-1_p08
305.124117864,347.098291837,41.974173973,Other,random,C1H_2O2,41.974180000,RC2_0018_ICR-1_p08
397.150170389,439.124344362,41.974173973,Other,random,C1H_2O2,41.974180000,RC2_0018_ICR-1_p08
433.113898159,475.088072133,41.974173973,Other,random,C1H_2O2,41.974180000,RC2_0018_ICR-1_p08
241.144638629,283.118813603,41.974174973,Other,random,C1H_2O2,41.974180000,RC2_0018_ICR-1_p08
245.045631693,287.019806667,41.974174973,Other,random,C1H_2O2,41.974180000,RC2_0018_ICR-1_p08
327.072060447,369.046235421,41.974174973,Other,random,C1H_2O2,41.974180000,RC2_0018_ICR-1_p08
300.072566269,342.046742243,41.974175973,Other,random,C1H_2O2,41.974180000,RC2_0018_ICR-1_p08
325.129201372,367.103377346,41.974175973,Other,random,C1H_2O2,41.974180000,RC2_0018_ICR-1_p08
371.126548723,413.100724696,41.974175973,Other,random,C1H_2O2,41.974180000,RC2_0018_ICR-1_p08
515.177061707,557.151237680,41.974175973,Other,random,C1H_2O2,41.974180000,RC2_0018_ICR-1_p08
657.255690779,699.229866753,41.974175973,Other,random,C1H_2O2,41.974180000,RC2_0018_ICR-1_p08
477.176571389,519.150747362,41.974175973,Other,random,C1H_2O2,41.974180000,RC2_0018_ICR-1_p08
525.124941769,567.099117742,41.974175973,Other,random,C1H_2O2,41.974180000,RC2_0018_ICR-1_p08
492.151100185,534.125277159,41.974176973,Other,random,C1H_2O2,41.974180000,RC2_0018_ICR-1_p08
369.168421734,411.142598707,41.974176973,Other,random,C1H_2O2,41.974180000,RC2_0018_ICR-1_p08
377.209814516,419.183991489,41.974176973,Other,random,C1H_2O2,41.974180000,RC2_0018_ICR-1_p08
453.225677068,495.199854042,41.974176973,Other,random,C1H_2O2,41.974180000,RC2_0018_ICR-1_p08
505.098740379,547.072917352,41.974176973,Other,random,C1H_2O2,41.974180000,RC2_0018_ICR-1_p08
351.108297288,393.082475262,41.974177973,Other,random,C1H_2O2,41.974180000,RC2_0018_ICR-1_p08
423.142526230,465.116704203,41.974177973,Other,random,C1H_2O2,41.974180000,RC2_0018_ICR-1_p08
567.236792968,609.210971941,41.974178973,Other,random,C1H_2O2,41.974180000,RC2_0018_ICR-1_p08
535.145845420,577.120024393,41.974178973,Other,random,C1H_2O2,41.974180000,RC2_0018_ICR-1_p08
675.193555912,717.167734885,41.974178973,Other,random,C1H_2O2,41.974180000,RC2_0018_ICR-1_p08
463.118917437,505.093096410,41.974178973,Other,random,C1H_2O2,41.974180000,RC2_0018_ICR-1_p08
467.184183578,509.158362551,41.974178973,Other,random,C1H_2O2,41.974180000,RC2_0018_ICR-1_p08
775.282478098,817.256658072,41.974179973,Other,random,C1H_2O2,41.974180000,RC2_0018_ICR-1_p08
351.072066492,393.046246465,41.974179973,Other,random,C1H_2O2,41.974180000,RC2_0018_ICR-1_p08
493.257197965,535.231377939,41.974179973,Other,random,C1H_2O2,41.974180000,RC2_0018_ICR-1_p08
635.234939605,677.209119578,41.974179973,Other,random,C1H_2O2,41.974180000,RC2_0018_ICR-1_p08
375.121390259,417.095571233,41.974180973,Other,random,C1H_2O2,41.974180000,RC2_0018_ICR-1_p08
461.085483871,503.059664845,41.974180973,Other,random,C1H_2O2,41.974180000,RC2_0018_ICR-1_p08
233.045621171,275.019802144,41.974180973,Other,random,C1H_2O2,41.974180000,RC2_0018_ICR-1_p08
509.231255141,551.205436114,41.974180973,Other,random,C1H_2O2,41.974180000,RC2_0018_ICR-1_p08
363.157821532,405.132003506,41.974181973,Other,random,C1H_2O2,41.974180000,RC2_0018_ICR-1_p08
483.187024591,525.161206565,41.974181973,Other,random,C1H_2O2,41.974180000,RC2_0018_ICR-1_p08
556.203625009,598.177806982,41.974181973,Other,random,C1H_2O2,41.974180000,RC2_0018_ICR-1_p08
357.097807608,399.071989582,41.974181973,Other,random,C1H_2O2,41.974180000,RC2_0018_ICR-1_p08
361.069333276,403.043515249,41.974181973,Other,random,C1H_2O2,41.974180000,RC2_0018_ICR-1_p08
647.234912127,689.209094101,41.974181973,Other,random,C1H_2O2,41.974180000,RC2_0018_ICR-1_p08
313.165601645,355.139784619,41.974182973,Other,random,C1H_2O2,41.974180000,RC2_0018_ICR-1_p08
411.178869503,453.153052477,41.974182973,Other,random,C1H_2O2,41.974180000,RC2_0018_ICR-1_p08
453.067312959,495.041495932,41.974182973,Other,random,C1H_2O2,41.974180000,RC2_0018_ICR-1_p08
457.144602032,499.118785005,41.974182973,Other,random,C1H_2O2,41.974180000,RC2_0018_ICR-1_p08
671.212054301,713.186237274,41.974182973,Other,random,C1H_2O2,41.974180000,RC2_0018_ICR-1_p08
255.123872022,297.098054995,41.974182973,Other,random,C1H_2O2,41.974180000,RC2_0018_ICR-1_p08
463.233475793,505.207658766,41.974182973,Other,random,C1H_2O2,41.974180000,RC2_0018_ICR-1_p08
361.087129176,403.061313149,41.974183973,Other,random,C1H_2O2,41.974180000,RC2_0018_ICR-1_p08
269.131325256,311.105509230,41.974183973,Other,random,C1H_2O2,41.974180000,RC2_0018_ICR-1_p08
311.040831593,353.015015567,41.974183973,Other,random,C1H_2O2,41.974180000,RC2_0018_ICR-1_p08
313.048365305,355.022549278,41.974183973,Other,random,C1H_2O2,41.974180000,RC2_0018_ICR-1_p08
331.058906029,373.033090002,41.974183973,Other,random,C1H_2O2,41.974180000,RC2_0018_ICR-1_p08
367.189145864,409.163329837,41.974183973,Other,random,C1H_2O2,41.974180000,RC2_0018_ICR-1_p08
585.174872100,627.149056073,41.974183973,Other,random,C1H_2O2,41.974180000,RC2_0018_ICR-1_p08
351.144828083,393.119012056,41.974183973,Other,random,C1H_2O2,41.974180000,RC2_0018_ICR-1_p08
327.050940566,369.025124540,41.974183973,Other,random,C1H_2O2,41.974180000,RC2_0018_ICR-1_p08
411.121443826,453.095627799,41.974183973,Other,random,C1H_2O2,41.974180000,RC2_0018_ICR-1_p08
569.166623116,611.140808090,41.974184973,Other,random,C1H_2O2,41.974180000,RC2_0018_ICR-1_p08
403.170499535,445.144684509,41.974184973,Other,random,C1H_2O2,41.974180000,RC2_0018_ICR-1_p08
473.093517349,515.067702322,41.974184973,Other,random,C1H_2O2,41.974180000,RC2_0018_ICR-1_p08
623.162127492,665.136312465,41.974184973,Other,random,C1H_2O2,41.974180000,RC2_0018_ICR-1_p08
243.051137909,285.025322882,41.974184973,Other,random,C1H_2O2,41.974180000,RC2_0018_ICR-1_p08
375.108330333,417.082515306,41.974184973,Other,random,C1H_2O2,41.974180000,RC2_0018_ICR-1_p08
311.149929980,353.124115953,41.974185973,Other,random,C1H_2O2,41.974180000,RC2_0018_ICR-1_p08
357.101040590,399.075226564,41.974185973,Other,random,C1H_2O2,41.974180000,RC2_0018_ICR-1_p08
347.040717161,389.014903134,41.974185973,Other,random,C1H_2O2,41.974180000,RC2_0018_ICR-1_p08
257.139457688,299.113643661,41.974185973,Other,random,C1H_2O2,41.974180000,RC2_0018_ICR-1_p08
373.095967649,415.070153622,41.974185973,Other,random,C1H_2O2,41.974180000,RC2_0018_ICR-1_p08
469.171394403,511.145581377,41.974186973,Other,random,C1H_2O2,41.974180000,RC2_0018_ICR-1_p08
395.147681649,437.121868622,41.974186973,Other,random,C1H_2O2,41.974180000,RC2_0018_ICR-1_p08
417.132059028,459.106246001,41.974186973,Other,random,C1H_2O2,41.974180000,RC2_0018_ICR-1_p08
433.126993086,475.101180059,41.974186973,Other,random,C1H_2O2,41.974180000,RC2_0018_ICR-1_p08
611.198340766,653.172527739,41.974186973,Other,random,C1H_2O2,41.974180000,RC2_0018_ICR-1_p08
249.149700616,291.123888589,41.974187973,Other,random,C1H_2O2,41.974180000,RC2_0018_ICR-1_p08
631.253088995,673.227276969,41.974187973,Other,random,C1H_2O2,41.974180000,RC2_0018_ICR-1_p08
385.142215911,427.116403884,41.974187973,Other,random,C1H_2O2,41.974180000,RC2_0018_ICR-1_p08
397.142196433,439.116384407,41.974187973,Other,random,C1H_2O2,41.974180000,RC2_0018_ICR-1_p08
357.155348285,399.129537258,41.974188973,Other,random,C1H_2O2,41.974180000,RC2_0018_ICR-1_p08
375.194106850,417.168295824,41.974188973,Other,random,C1H_2O2,41.974180000,RC2_0018_ICR-1_p08
425.145109969,467.119298942,41.974188973,Other,random,C1H_2O2,41.974180000,RC2_0018_ICR-1_p08
657.204011070,699.178200043,41.974188973,Other,random,C1H_2O2,41.974180000,RC2_0018_ICR-1_p08
433.186487751,475.160676725,41.974188973,Other,random,C1H_2O2,41.974180000,RC2_0018_ICR-1_p08
513.270507428,555.244696401,41.974188973,Other,random,C1H_2O2,41.974180000,RC2_0018_ICR-1_p08
469.163378448,511.137567422,41.974188973,Other,random,C1H_2O2,41.974180000,RC2_0018_ICR-1_p08
617.201236011,659.175424984,41.974188973,Other,random,C1H_2O2,41.974180000,RC2_0018_ICR-1_p08
403.116300840,445.090490813,41.974189973,Other,random,C1H_2O2,41.974180000,RC2_0018_ICR-1_p08
517.229323167,559.203513140,41.974189973,Other,random,C1H_2O2,41.974180000,RC2_0018_ICR-1_p08
393.191744647,435.165934621,41.974189973,Other,random,C1H_2O2,41.974180000,RC2_0018_ICR-1_p08
409.113705116,451.087895089,41.974189973,Other,random,C1H_2O2,41.974180000,RC2_0018_ICR-1_p08
419.129046798,461.103236772,41.974189973,Other,random,C1H_2O2,41.974180000,RC2_0018_ICR-1_p08
427.066888163,469.041078136,41.974189973,Other,random,C1H_2O2,41.974180000,RC2_0018_ICR-1_p08
349.165516213,391.139706186,41.974189973,Other,random,C1H_2O2,41.974180000,RC2_0018_ICR-1_p08
405.204664097,447.178854070,41.974189973,Other,random,C1H_2O2,41.974180000,RC2_0018_ICR-1_p08
505.257441486,547.231631460,41.974189973,Other,random,C1H_2O2,41.974180000,RC2_0018_ICR-1_p08
573.270583039,615.244773012,41.974189973,Other,random,C1H_2O2,41.974180000,RC2_0018_ICR-1_p08
493.257197965,535.267752734,42.010554769,Other,random,acetylation (-H2O),42.010564710,RC2_0018_ICR-1_p08
323.069143956,365.079698725,42.010554769,Other,random,acetylation (-H2O),42.010564710,RC2_0018_ICR-1_p08
352.103682691,394.114237460,42.010554769,Other,random,acetylation (-H2O),42.010564710,RC2_0018_ICR-1_p08
607.094350843,649.104905612,42.010554769,Other,random,acetylation (-H2O),42.010564710,RC2_0018_ICR-1_p08
559.130473551,601.141028320,42.010554769,Other,random,acetylation (-H2O),42.010564710,RC2_0018_ICR-1_p08
277.071783606,319.082338375,42.010554769,Other,random,acetylation (-H2O),42.010564710,RC2_0018_ICR-1_p08
423.194379938,465.204934707,42.010554769,Other,random,acetylation (-H2O),42.010564710,RC2_0018_ICR-1_p08
447.129542348,489.140097116,42.010554769,Other,random,acetylation (-H2O),42.010564710,RC2_0018_ICR-1_p08
379.152723591,421.163278359,42.010554769,Other,random,acetylation (-H2O),42.010564710,RC2_0018_ICR-1_p08
280.082586676,322.093142445,42.010555769,Other,random,acetylation (-H2O),42.010564710,RC2_0018_ICR-1_p08
343.131660142,385.142215911,42.010555769,Other,random,acetylation (-H2O),42.010564710,RC2_0018_ICR-1_p08
425.217735561,467.228291330,42.010555769,Other,random,acetylation (-H2O),42.010564710,RC2_0018_ICR-1_p08
585.182818055,627.193373824,42.010555769,Other,random,acetylation (-H2O),42.010564710,RC2_0018_ICR-1_p08
309.072827660,351.083384428,42.010556769,Other,random,acetylation (-H2O),42.010564710,RC2_0018_ICR-1_p08
350.051620230,392.062176999,42.010556769,Other,random,acetylation (-H2O),42.010564710,RC2_0018_ICR-1_p08
364.140123009,406.150679777,42.010556769,Other,random,acetylation (-H2O),42.010564710,RC2_0018_ICR-1_p08
527.119531553,569.130088322,42.010556769,Other,random,acetylation (-H2O),42.010564710,RC2_0018_ICR-1_p08
536.177359619,578.187916388,42.010556769,Other,random,acetylation (-H2O),42.010564710,RC2_0018_ICR-1_p08
461.072426945,503.082984714,42.010557769,Other,random,acetylation (-H2O),42.010564710,RC2_0018_ICR-1_p08
475.082450165,517.093007933,42.010557769,Other,random,acetylation (-H2O),42.010564710,RC2_0018_ICR-1_p08
497.231171619,539.241729388,42.010557769,Other,random,acetylation (-H2O),42.010564710,RC2_0018_ICR-1_p08
541.221045258,583.231603027,42.010557769,Other,random,acetylation (-H2O),42.010564710,RC2_0018_ICR-1_p08
253.035448766,295.046006534,42.010557769,Other,random,acetylation (-H2O),42.010564710,RC2_0018_ICR-1_p08
359.053821610,401.064379378,42.010557769,Other,random,acetylation (-H2O),42.010564710,RC2_0018_ICR-1_p08
276.051290344,318.061848113,42.010557769,Other,random,acetylation (-H2O),42.010564710,RC2_0018_ICR-1_p08
433.108338191,475.118895960,42.010557769,Other,random,acetylation (-H2O),42.010564710,RC2_0018_ICR-1_p08
241.108254834,283.118813603,42.010558769,Other,random,acetylation (-H2O),42.010564710,RC2_0018_ICR-1_p08
365.196847066,407.207405835,42.010558769,Other,random,acetylation (-H2O),42.010564710,RC2_0018_ICR-1_p08
571.231607504,613.242166273,42.010558769,Other,random,acetylation (-H2O),42.010564710,RC2_0018_ICR-1_p08
605.078715178,647.089273946,42.010558769,Other,random,acetylation (-H2O),42.010564710,RC2_0018_ICR-1_p08
633.146514348,675.157073117,42.010558769,Other,random,acetylation (-H2O),42.010564710,RC2_0018_ICR-1_p08
659.198273856,701.208832625,42.010558769,Other,random,acetylation (-H2O),42.010564710,RC2_0018_ICR-1_p08
301.108147446,343.118706215,42.010558769,Other,random,acetylation (-H2O),42.010564710,RC2_0018_ICR-1_p08
335.113503229,377.124061998,42.010558769,Other,random,acetylation (-H2O),42.010564710,RC2_0018_ICR-1_p08
393.082475262,435.093034031,42.010558769,Other,random,acetylation (-H2O),42.010564710,RC2_0018_ICR-1_p08
449.181429810,491.191988578,42.010558769,Other,random,acetylation (-H2O),42.010564710,RC2_0018_ICR-1_p08
553.156403144,595.166962913,42.010559769,Other,random,acetylation (-H2O),42.010564710,RC2_0018_ICR-1_p08
253.108223356,295.118783125,42.010559769,Other,random,acetylation (-H2O),42.010564710,RC2_0018_ICR-1_p08
347.077144956,389.087704725,42.010559769,Other,random,acetylation (-H2O),42.010564710,RC2_0018_ICR-1_p08
359.080383460,401.090943229,42.010559769,Other,random,acetylation (-H2O),42.010564710,RC2_0018_ICR-1_p08
374.100948997,416.111508766,42.010559769,Other,random,acetylation (-H2O),42.010564710,RC2_0018_ICR-1_p08
391.139706186,433.150265955,42.010559769,Other,random,acetylation (-H2O),42.010564710,RC2_0018_ICR-1_p08
409.150265910,451.160825679,42.010559769,Other,random,acetylation (-H2O),42.010564710,RC2_0018_ICR-1_p08
255.123872022,297.134431791,42.010559769,Other,random,acetylation (-H2O),42.010564710,RC2_0018_ICR-1_p08
567.163948378,609.174508146,42.010559769,Other,random,acetylation (-H2O),42.010564710,RC2_0018_ICR-1_p08
469.199672244,511.210232013,42.010559769,Other,random,acetylation (-H2O),42.010564710,RC2_0018_ICR-1_p08
450.140540416,492.151100185,42.010559769,Other,random,acetylation (-H2O),42.010564710,RC2_0018_ICR-1_p08
550.120288216,592.130848985,42.010560769,Other,random,acetylation (-H2O),42.010564710,RC2_0018_ICR-1_p08
257.139457688,299.150018457,42.010560769,Other,random,acetylation (-H2O),42.010564710,RC2_0018_ICR-1_p08
490.070475885,532.081036654,42.010560769,Other,random,acetylation (-H2O),42.010564710,RC2_0018_ICR-1_p08
349.095792605,391.106354374,42.010561769,Other,random,acetylation (-H2O),42.010564710,RC2_0018_ICR-1_p08
377.045641439,419.056203208,42.010561769,Other,random,acetylation (-H2O),42.010564710,RC2_0018_ICR-1_p08
385.032921525,427.043483294,42.010561769,Other,random,acetylation (-H2O),42.010564710,RC2_0018_ICR-1_p08
547.195239664,589.205801433,42.010561769,Other,random,acetylation (-H2O),42.010564710,RC2_0018_ICR-1_p08
643.188527881,685.199089650,42.010561769,Other,random,acetylation (-H2O),42.010564710,RC2_0018_ICR-1_p08
675.193555912,717.204117681,42.010561769,Other,random,acetylation (-H2O),42.010564710,RC2_0018_ICR-1_p08
245.139529165,287.150091934,42.010562769,Other,random,acetylation (-H2O),42.010564710,RC2_0018_ICR-1_p08
363.108321811,405.118884579,42.010562769,Other,random,acetylation (-H2O),42.010564710,RC2_0018_ICR-1_p08
325.084803622,367.095366391,42.010562769,Other,random,acetylation (-H2O),42.010564710,RC2_0018_ICR-1_p08
771.251808763,813.262371532,42.010562769,Other,random,acetylation (-H2O),42.010564710,RC2_0018_ICR-1_p08
323.077086912,365.087650681,42.010563769,Other,random,acetylation (-H2O),42.010564710,RC2_0018_ICR-1_p08
414.112048010,456.122611778,42.010563769,Other,random,acetylation (-H2O),42.010564710,RC2_0018_ICR-1_p08
425.036009583,467.046573351,42.010563769,Other,random,acetylation (-H2O),42.010564710,RC2_0018_ICR-1_p08
425.173619809,467.184183578,42.010563769,Other,random,acetylation (-H2O),42.010564710,RC2_0018_ICR-1_p08
437.085425827,479.095989596,42.010563769,Other,random,acetylation (-H2O),42.010564710,RC2_0018_ICR-1_p08
467.184183578,509.194747346,42.010563769,Other,random,acetylation (-H2O),42.010564710,RC2_0018_ICR-1_p08
359.090145405,401.100709174,42.010563769,Other,random,acetylation (-H2O),42.010564710,RC2_0018_ICR-1_p08
401.137058970,443.147622738,42.010563769,Other,random,acetylation (-H2O),42.010564710,RC2_0018_ICR-1_p08
405.082492784,447.093056553,42.010563769,Other,random,acetylation (-H2O),42.010564710,RC2_0018_ICR-1_p08
443.264850079,485.275414848,42.010564769,Other,random,acetylation (-H2O),42.010564710,RC2_0018_ICR-1_p08
489.031035730,531.041600498,42.010564769,Other,random,acetylation (-H2O),42.010564710,RC2_0018_ICR-1_p08
519.041645976,561.052210745,42.010564769,Other,random,acetylation (-H2O),42.010564710,RC2_0018_ICR-1_p08
547.182221738,589.192786506,42.010564769,Other,random,acetylation (-H2O),42.010564710,RC2_0018_ICR-1_p08
305.139378778,347.149943547,42.010564769,Other,random,acetylation (-H2O),42.010564710,RC2_0018_ICR-1_p08
433.134973041,475.145537810,42.010564769,Other,random,acetylation (-H2O),42.010564710,RC2_0018_ICR-1_p08
487.088198655,529.098763423,42.010564769,Other,random,acetylation (-H2O),42.010564710,RC2_0018_ICR-1_p08
493.075460987,535.086025756,42.010564769,Other,random,acetylation (-H2O),42.010564710,RC2_0018_ICR-1_p08
359.162983996,401.173548765,42.010564769,Other,random,acetylation (-H2O),42.010564710,RC2_0018_ICR-1_p08
493.220813170,535.231377939,42.010564769,Other,random,acetylation (-H2O),42.010564710,RC2_0018_ICR-1_p08
253.144585152,295.155150921,42.010565769,Other,random,acetylation (-H2O),42.010564710,RC2_0018_ICR-1_p08
403.066921118,445.077486887,42.010565769,Other,random,acetylation (-H2O),42.010564710,RC2_0018_ICR-1_p08
337.121062940,379.131628709,42.010565769,Other,random,acetylation (-H2O),42.010564710,RC2_0018_ICR-1_p08
392.098594794,434.109160563,42.010565769,Other,random,acetylation (-H2O),42.010564710,RC2_0018_ICR-1_p08
413.064295901,455.074861670,42.010565769,Other,random,acetylation (-H2O),42.010564710,RC2_0018_ICR-1_p08
491.113851018,533.124416787,42.010565769,Other,random,acetylation (-H2O),42.010564710,RC2_0018_ICR-1_p08
552.135944882,594.146511651,42.010566769,Other,random,acetylation (-H2O),42.010564710,RC2_0018_ICR-1_p08
560.271561134,602.282127903,42.010566769,Other,random,acetylation (-H2O),42.010564710,RC2_0018_ICR-1_p08
329.152287750,371.162854519,42.010566769,Other,random,acetylation (-H2O),42.010564710,RC2_0018_ICR-1_p08
404.062168521,446.072735290,42.010566769,Other,random,acetylation (-H2O),42.010564710,RC2_0018_ICR-1_p08
566.188138865,608.198705633,42.010566769,Other,random,acetylation (-H2O),42.010564710,RC2_0018_ICR-1_p08
469.135013608,511.145581377,42.010567769,Other,random,acetylation (-H2O),42.010564710,RC2_0018_ICR-1_p08
473.139552090,515.150119858,42.010567769,Other,random,acetylation (-H2O),42.010564710,RC2_0018_ICR-1_p08
341.051228841,383.061796609,42.010567769,Other,random,acetylation (-H2O),42.010564710,RC2_0018_ICR-1_p08
411.085060031,453.095627799,42.010567769,Other,random,acetylation (-H2O),42.010564710,RC2_0018_ICR-1_p08
657.167632274,699.178200043,42.010567769,Other,random,acetylation (-H2O),42.010564710,RC2_0018_ICR-1_p08
525.124941769,567.135509537,42.010567769,Other,random,acetylation (-H2O),42.010564710,RC2_0018_ICR-1_p08
695.183459506,737.194027275,42.010567769,Other,random,acetylation (-H2O),42.010564710,RC2_0018_ICR-1_p08
363.121434737,405.132003506,42.010568769,Other,random,acetylation (-H2O),42.010564710,RC2_0018_ICR-1_p08
400.080340912,442.090909681,42.010568769,Other,random,acetylation (-H2O),42.010564710,RC2_0018_ICR-1_p08
249.076938025,291.087506794,42.010568769,Other,random,acetylation (-H2O),42.010564710,RC2_0018_ICR-1_p08
317.152415227,359.162983996,42.010568769,Other,random,acetylation (-H2O),42.010564710,RC2_0018_ICR-1_p08
333.074561695,375.085130463,42.010568769,Other,random,acetylation (-H2O),42.010564710,RC2_0018_ICR-1_p08
371.113439797,413.124008565,42.010568769,Other,random,acetylation (-H2O),42.010564710,RC2_0018_ICR-1_p08
525.116956814,567.127525582,42.010568769,Other,random,acetylation (-H2O),42.010564710,RC2_0018_ICR-1_p08
550.156783011,592.167351780,42.010568769,Other,random,acetylation (-H2O),42.010564710,RC2_0018_ICR-1_p08
557.187665476,599.198234244,42.010568769,Other,random,acetylation (-H2O),42.010564710,RC2_0018_ICR-1_p08
661.250440316,703.261009085,42.010568769,Other,random,acetylation (-H2O),42.010564710,RC2_0018_ICR-1_p08
245.048995674,287.059565443,42.010569769,Other,random,acetylation (-H2O),42.010564710,RC2_0018_ICR-1_p08
320.077540779,362.088110547,42.010569769,Other,random,acetylation (-H2O),42.010564710,RC2_0018_ICR-1_p08
325.165577168,367.176146937,42.010569769,Other,random,acetylation (-H2O),42.010564710,RC2_0018_ICR-1_p08
352.030995100,394.041564869,42.010569769,Other,random,acetylation (-H2O),42.010564710,RC2_0018_ICR-1_p08
459.202373460,501.212943229,42.010569769,Other,random,acetylation (-H2O),42.010564710,RC2_0018_ICR-1_p08
465.030992685,507.041562454,42.010569769,Other,random,acetylation (-H2O),42.010564710,RC2_0018_ICR-1_p08
493.098788856,535.109358625,42.010569769,Other,random,acetylation (-H2O),42.010564710,RC2_0018_ICR-1_p08
513.153266087,555.163835856,42.010569769,Other,random,acetylation (-H2O),42.010564710,RC2_0018_ICR-1_p08
543.135651492,585.146221261,42.010569769,Other,random,acetylation (-H2O),42.010564710,RC2_0018_ICR-1_p08
635.161930015,677.172499784,42.010569769,Other,random,acetylation (-H2O),42.010564710,RC2_0018_ICR-1_p08
239.128991963,281.139561732,42.010569769,Other,random,acetylation (-H2O),42.010564710,RC2_0018_ICR-1_p08
409.186475707,451.197045475,42.010569769,Other,random,acetylation (-H2O),42.010564710,RC2_0018_ICR-1_p08
455.061803743,497.072373512,42.010569769,Other,random,acetylation (-H2O),42.010564710,RC2_0018_ICR-1_p08
583.231603027,625.242172796,42.010569769,Other,random,acetylation (-H2O),42.010564710,RC2_0018_ICR-1_p08
350.088024025,392.098594794,42.010570769,Other,random,acetylation (-H2O),42.010564710,RC2_0018_ICR-1_p08
373.041127957,415.051698726,42.010570769,Other,random,acetylation (-H2O),42.010564710,RC2_0018_ICR-1_p08
447.077800639,489.088371407,42.010570769,Other,random,acetylation (-H2O),42.010564710,RC2_0018_ICR-1_p08
609.218999896,651.229570665,42.010570769,Other,random,acetylation (-H2O),42.010564710,RC2_0018_ICR-1_p08
325.142166299,367.152737068,42.010570769,Other,random,acetylation (-H2O),42.010564710,RC2_0018_ICR-1_p08
421.054063974,463.064634742,42.010570769,Other,random,acetylation (-H2O),42.010564710,RC2_0018_ICR-1_p08
659.125901263,701.136473031,42.010571769,Other,random,acetylation (-H2O),42.010564710,RC2_0018_ICR-1_p08
351.181172879,393.191744647,42.010571769,Other,random,acetylation (-H2O),42.010564710,RC2_0018_ICR-1_p08
373.033090002,415.043661771,42.010571769,Other,random,acetylation (-H2O),42.010564710,RC2_0018_ICR-1_p08
373.087070699,415.097642467,42.010571769,Other,random,acetylation (-H2O),42.010564710,RC2_0018_ICR-1_p08
377.209814516,419.220386285,42.010571769,Other,random,acetylation (-H2O),42.010564710,RC2_0018_ICR-1_p08
411.165945576,453.176517345,42.010571769,Other,random,acetylation (-H2O),42.010564710,RC2_0018_ICR-1_p08
463.160781202,505.171352970,42.010571769,Other,random,acetylation (-H2O),42.010564710,RC2_0018_ICR-1_p08
378.082911606,420.093484375,42.010572769,Other,random,acetylation (-H2O),42.010564710,RC2_0018_ICR-1_p08
405.155323374,447.165896143,42.010572769,Other,random,acetylation (-H2O),42.010564710,RC2_0018_ICR-1_p08
329.060927264,371.071500032,42.010572769,Other,random,acetylation (-H2O),42.010564710,RC2_0018_ICR-1_p08
351.035673697,393.046246465,42.010572769,Other,random,acetylation (-H2O),42.010564710,RC2_0018_ICR-1_p08
403.097628945,445.108201714,42.010572769,Other,random,acetylation (-H2O),42.010564710,RC2_0018_ICR-1_p08
455.183960056,497.194532825,42.010572769,Other,random,acetylation (-H2O),42.010564710,RC2_0018_ICR-1_p08
331.103332779,373.113906548,42.010573769,Other,random,acetylation (-H2O),42.010564710,RC2_0018_ICR-1_p08
527.104293638,569.114867407,42.010573769,Other,random,acetylation (-H2O),42.010564710,RC2_0018_ICR-1_p08
665.209120056,707.219693825,42.010573769,Other,random,acetylation (-H2O),42.010564710,RC2_0018_ICR-1_p08
447.093056553,489.103630321,42.010573769,Other,random,acetylation (-H2O),42.010564710,RC2_0018_ICR-1_p08
308.126951978,350.137525747,42.010573769,Other,random,acetylation (-H2O),42.010564710,RC2_0018_ICR-1_p08
371.040600206,413.051173975,42.010573769,Other,random,acetylation (-H2O),42.010564710,RC2_0018_ICR-1_p08
481.171365926,523.181939694,42.010573769,Other,random,acetylation (-H2O),42.010564710,RC2_0018_ICR-1_p08
486.205776617,528.216350385,42.010573769,Other,random,acetylation (-H2O),42.010564710,RC2_0018_ICR-1_p08
280.082586676,322.093142445,42.010555769,Other,random,acetylation_(_H2O)_C2H2O,42.010565000,RC2_0018_ICR-1_p08
343.131660142,385.142215911,42.010555769,Other,random,acetylation_(_H2O)_C2H2O,42.010565000,RC2_0018_ICR-1_p08
425.217735561,467.228291330,42.010555769,Other,random,acetylation_(_H2O)_C2H2O,42.010565000,RC2_0018_ICR-1_p08
585.182818055,627.193373824,42.010555769,Other,random,acetylation_(_H2O)_C2H2O,42.010565000,RC2_0018_ICR-1_p08
309.072827660,351.083384428,42.010556769,Other,random,acetylation_(_H2O)_C2H2O,42.010565000,RC2_0018_ICR-1_p08
350.051620230,392.062176999,42.010556769,Other,random,acetylation_(_H2O)_C2H2O,42.010565000,RC2_0018_ICR-1_p08
364.140123009,406.150679777,42.010556769,Other,random,acetylation_(_H2O)_C2H2O,42.010565000,RC2_0018_ICR-1_p08
527.119531553,569.130088322,42.010556769,Other,random,acetylation_(_H2O)_C2H2O,42.010565000,RC2_0018_ICR-1_p08
536.177359619,578.187916388,42.010556769,Other,random,acetylation_(_H2O)_C2H2O,42.010565000,RC2_0018_ICR-1_p08
461.072426945,503.082984714,42.010557769,Other,random,acetylation_(_H2O)_C2H2O,42.010565000,RC2_0018_ICR-1_p08
475.082450165,517.093007933,42.010557769,Other,random,acetylation_(_H2O)_C2H2O,42.010565000,RC2_0018_ICR-1_p08
497.231171619,539.241729388,42.010557769,Other,random,acetylation_(_H2O)_C2H2O,42.010565000,RC2_0018_ICR-1_p08
541.221045258,583.231603027,42.010557769,Other,random,acetylation_(_H2O)_C2H2O,42.010565000,RC2_0018_ICR-1_p08
253.035448766,295.046006534,42.010557769,Other,random,acetylation_(_H2O)_C2H2O,42.010565000,RC2_0018_ICR-1_p08
359.053821610,401.064379378,42.010557769,Other,random,acetylation_(_H2O)_C2H2O,42.010565000,RC2_0018_ICR-1_p08
276.051290344,318.061848113,42.010557769,Other,random,acetylation_(_H2O)_C2H2O,42.010565000,RC2_0018_ICR-1_p08
433.108338191,475.118895960,42.010557769,Other,random,acetylation_(_H2O)_C2H2O,42.010565000,RC2_0018_ICR-1_p08
241.108254834,283.118813603,42.010558769,Other,random,acetylation_(_H2O)_C2H2O,42.010565000,RC2_0018_ICR-1_p08
365.196847066,407.207405835,42.010558769,Other,random,acetylation_(_H2O)_C2H2O,42.010565000,RC2_0018_ICR-1_p08
571.231607504,613.242166273,42.010558769,Other,random,acetylation_(_H2O)_C2H2O,42.010565000,RC2_0018_ICR-1_p08
605.078715178,647.089273946,42.010558769,Other,random,acetylation_(_H2O)_C2H2O,42.010565000,RC2_0018_ICR-1_p08
633.146514348,675.157073117,42.010558769,Other,random,acetylation_(_H2O)_C2H2O,42.010565000,RC2_0018_ICR-1_p08
659.198273856,701.208832625,42.010558769,Other,random,acetylation_(_H2O)_C2H2O,42.010565000,RC2_0018_ICR-1_p08
301.108147446,343.118706215,42.010558769,Other,random,acetylation_(_H2O)_C2H2O,42.010565000,RC2_0018_ICR-1_p08
335.113503229,377.124061998,42.010558769,Other,random,acetylation_(_H2O)_C2H2O,42.010565000,RC2_0018_ICR-1_p08
393.082475262,435.093034031,42.010558769,Other,random,acetylation_(_H2O)_C2H2O,42.010565000,RC2_0018_ICR-1_p08
449.181429810,491.191988578,42.010558769,Other,random,acetylation_(_H2O)_C2H2O,42.010565000,RC2_0018_ICR-1_p08
553.156403144,595.166962913,42.010559769,Other,random,acetylation_(_H2O)_C2H2O,42.010565000,RC2_0018_ICR-1_p08
253.108223356,295.118783125,42.010559769,Other,random,acetylation_(_H2O)_C2H2O,42.010565000,RC2_0018_ICR-1_p08
347.077144956,389.087704725,42.010559769,Other,random,acetylation_(_H2O)_C2H2O,42.010565000,RC2_0018_ICR-1_p08
359.080383460,401.090943229,42.010559769,Other,random,acetylation_(_H2O)_C2H2O,42.010565000,RC2_0018_ICR-1_p08
374.100948997,416.111508766,42.010559769,Other,random,acetylation_(_H2O)_C2H2O,42.010565000,RC2_0018_ICR-1_p08
391.139706186,433.150265955,42.010559769,Other,random,acetylation_(_H2O)_C2H2O,42.010565000,RC2_0018_ICR-1_p08
409.150265910,451.160825679,42.010559769,Other,random,acetylation_(_H2O)_C2H2O,42.010565000,RC2_0018_ICR-1_p08
255.123872022,297.134431791,42.010559769,Other,random,acetylation_(_H2O)_C2H2O,42.010565000,RC2_0018_ICR-1_p08
567.163948378,609.174508146,42.010559769,Other,random,acetylation_(_H2O)_C2H2O,42.010565000,RC2_0018_ICR-1_p08
469.199672244,511.210232013,42.010559769,Other,random,acetylation_(_H2O)_C2H2O,42.010565000,RC2_0018_ICR-1_p08
450.140540416,492.151100185,42.010559769,Other,random,acetylation_(_H2O)_C2H2O,42.010565000,RC2_0018_ICR-1_p08
550.120288216,592.130848985,42.010560769,Other,random,acetylation_(_H2O)_C2H2O,42.010565000,RC2_0018_ICR-1_p08
257.139457688,299.150018457,42.010560769,Other,random,acetylation_(_H2O)_C2H2O,42.010565000,RC2_0018_ICR-1_p08
490.070475885,532.081036654,42.010560769,Other,random,acetylation_(_H2O)_C2H2O,42.010565000,RC2_0018_ICR-1_p08
349.095792605,391.106354374,42.010561769,Other,random,acetylation_(_H2O)_C2H2O,42.010565000,RC2_0018_ICR-1_p08
377.045641439,419.056203208,42.010561769,Other,random,acetylation_(_H2O)_C2H2O,42.010565000,RC2_0018_ICR-1_p08
385.032921525,427.043483294,42.010561769,Other,random,acetylation_(_H2O)_C2H2O,42.010565000,RC2_0018_ICR-1_p08
547.195239664,589.205801433,42.010561769,Other,random,acetylation_(_H2O)_C2H2O,42.010565000,RC2_0018_ICR-1_p08
643.188527881,685.199089650,42.010561769,Other,random,acetylation_(_H2O)_C2H2O,42.010565000,RC2_0018_ICR-1_p08
675.193555912,717.204117681,42.010561769,Other,random,acetylation_(_H2O)_C2H2O,42.010565000,RC2_0018_ICR-1_p08
245.139529165,287.150091934,42.010562769,Other,random,acetylation_(_H2O)_C2H2O,42.010565000,RC2_0018_ICR-1_p08
363.108321811,405.118884579,42.010562769,Other,random,acetylation_(_H2O)_C2H2O,42.010565000,RC2_0018_ICR-1_p08
325.084803622,367.095366391,42.010562769,Other,random,acetylation_(_H2O)_C2H2O,42.010565000,RC2_0018_ICR-1_p08
771.251808763,813.262371532,42.010562769,Other,random,acetylation_(_H2O)_C2H2O,42.010565000,RC2_0018_ICR-1_p08
323.077086912,365.087650681,42.010563769,Other,random,acetylation_(_H2O)_C2H2O,42.010565000,RC2_0018_ICR-1_p08
414.112048010,456.122611778,42.010563769,Other,random,acetylation_(_H2O)_C2H2O,42.010565000,RC2_0018_ICR-1_p08
425.036009583,467.046573351,42.010563769,Other,random,acetylation_(_H2O)_C2H2O,42.010565000,RC2_0018_ICR-1_p08
425.173619809,467.184183578,42.010563769,Other,random,acetylation_(_H2O)_C2H2O,42.010565000,RC2_0018_ICR-1_p08
437.085425827,479.095989596,42.010563769,Other,random,acetylation_(_H2O)_C2H2O,42.010565000,RC2_0018_ICR-1_p08
467.184183578,509.194747346,42.010563769,Other,random,acetylation_(_H2O)_C2H2O,42.010565000,RC2_0018_ICR-1_p08
359.090145405,401.100709174,42.010563769,Other,random,acetylation_(_H2O)_C2H2O,42.010565000,RC2_0018_ICR-1_p08
401.137058970,443.147622738,42.010563769,Other,random,acetylation_(_H2O)_C2H2O,42.010565000,RC2_0018_ICR-1_p08
405.082492784,447.093056553,42.010563769,Other,random,acetylation_(_H2O)_C2H2O,42.010565000,RC2_0018_ICR-1_p08
443.264850079,485.275414848,42.010564769,Other,random,acetylation_(_H2O)_C2H2O,42.010565000,RC2_0018_ICR-1_p08
489.031035730,531.041600498,42.010564769,Other,random,acetylation_(_H2O)_C2H2O,42.010565000,RC2_0018_ICR-1_p08
519.041645976,561.052210745,42.010564769,Other,random,acetylation_(_H2O)_C2H2O,42.010565000,RC2_0018_ICR-1_p08
547.182221738,589.192786506,42.010564769,Other,random,acetylation_(_H2O)_C2H2O,42.010565000,RC2_0018_ICR-1_p08
305.139378778,347.149943547,42.010564769,Other,random,acetylation_(_H2O)_C2H2O,42.010565000,RC2_0018_ICR-1_p08
433.134973041,475.145537810,42.010564769,Other,random,acetylation_(_H2O)_C2H2O,42.010565000,RC2_0018_ICR-1_p08
487.088198655,529.098763423,42.010564769,Other,random,acetylation_(_H2O)_C2H2O,42.010565000,RC2_0018_ICR-1_p08
493.075460987,535.086025756,42.010564769,Other,random,acetylation_(_H2O)_C2H2O,42.010565000,RC2_0018_ICR-1_p08
359.162983996,401.173548765,42.010564769,Other,random,acetylation_(_H2O)_C2H2O,42.010565000,RC2_0018_ICR-1_p08
493.220813170,535.231377939,42.010564769,Other,random,acetylation_(_H2O)_C2H2O,42.010565000,RC2_0018_ICR-1_p08
253.144585152,295.155150921,42.010565769,Other,random,acetylation_(_H2O)_C2H2O,42.010565000,RC2_0018_ICR-1_p08
403.066921118,445.077486887,42.010565769,Other,random,acetylation_(_H2O)_C2H2O,42.010565000,RC2_0018_ICR-1_p08
337.121062940,379.131628709,42.010565769,Other,random,acetylation_(_H2O)_C2H2O,42.010565000,RC2_0018_ICR-1_p08
392.098594794,434.109160563,42.010565769,Other,random,acetylation_(_H2O)_C2H2O,42.010565000,RC2_0018_ICR-1_p08
413.064295901,455.074861670,42.010565769,Other,random,acetylation_(_H2O)_C2H2O,42.010565000,RC2_0018_ICR-1_p08
491.113851018,533.124416787,42.010565769,Other,random,acetylation_(_H2O)_C2H2O,42.010565000,RC2_0018_ICR-1_p08
552.135944882,594.146511651,42.010566769,Other,random,acetylation_(_H2O)_C2H2O,42.010565000,RC2_0018_ICR-1_p08
560.271561134,602.282127903,42.010566769,Other,random,acetylation_(_H2O)_C2H2O,42.010565000,RC2_0018_ICR-1_p08
329.152287750,371.162854519,42.010566769,Other,random,acetylation_(_H2O)_C2H2O,42.010565000,RC2_0018_ICR-1_p08
404.062168521,446.072735290,42.010566769,Other,random,acetylation_(_H2O)_C2H2O,42.010565000,RC2_0018_ICR-1_p08
566.188138865,608.198705633,42.010566769,Other,random,acetylation_(_H2O)_C2H2O,42.010565000,RC2_0018_ICR-1_p08
469.135013608,511.145581377,42.010567769,Other,random,acetylation_(_H2O)_C2H2O,42.010565000,RC2_0018_ICR-1_p08
473.139552090,515.150119858,42.010567769,Other,random,acetylation_(_H2O)_C2H2O,42.010565000,RC2_0018_ICR-1_p08
341.051228841,383.061796609,42.010567769,Other,random,acetylation_(_H2O)_C2H2O,42.010565000,RC2_0018_ICR-1_p08
411.085060031,453.095627799,42.010567769,Other,random,acetylation_(_H2O)_C2H2O,42.010565000,RC2_0018_ICR-1_p08
657.167632274,699.178200043,42.010567769,Other,random,acetylation_(_H2O)_C2H2O,42.010565000,RC2_0018_ICR-1_p08
525.124941769,567.135509537,42.010567769,Other,random,acetylation_(_H2O)_C2H2O,42.010565000,RC2_0018_ICR-1_p08
695.183459506,737.194027275,42.010567769,Other,random,acetylation_(_H2O)_C2H2O,42.010565000,RC2_0018_ICR-1_p08
363.121434737,405.132003506,42.010568769,Other,random,acetylation_(_H2O)_C2H2O,42.010565000,RC2_0018_ICR-1_p08
400.080340912,442.090909681,42.010568769,Other,random,acetylation_(_H2O)_C2H2O,42.010565000,RC2_0018_ICR-1_p08
249.076938025,291.087506794,42.010568769,Other,random,acetylation_(_H2O)_C2H2O,42.010565000,RC2_0018_ICR-1_p08
317.152415227,359.162983996,42.010568769,Other,random,acetylation_(_H2O)_C2H2O,42.010565000,RC2_0018_ICR-1_p08
333.074561695,375.085130463,42.010568769,Other,random,acetylation_(_H2O)_C2H2O,42.010565000,RC2_0018_ICR-1_p08
371.113439797,413.124008565,42.010568769,Other,random,acetylation_(_H2O)_C2H2O,42.010565000,RC2_0018_ICR-1_p08
525.116956814,567.127525582,42.010568769,Other,random,acetylation_(_H2O)_C2H2O,42.010565000,RC2_0018_ICR-1_p08
550.156783011,592.167351780,42.010568769,Other,random,acetylation_(_H2O)_C2H2O,42.010565000,RC2_0018_ICR-1_p08
557.187665476,599.198234244,42.010568769,Other,random,acetylation_(_H2O)_C2H2O,42.010565000,RC2_0018_ICR-1_p08
661.250440316,703.261009085,42.010568769,Other,random,acetylation_(_H2O)_C2H2O,42.010565000,RC2_0018_ICR-1_p08
245.048995674,287.059565443,42.010569769,Other,random,acetylation_(_H2O)_C2H2O,42.010565000,RC2_0018_ICR-1_p08
320.077540779,362.088110547,42.010569769,Other,random,acetylation_(_H2O)_C2H2O,42.010565000,RC2_0018_ICR-1_p08
325.165577168,367.176146937,42.010569769,Other,random,acetylation_(_H2O)_C2H2O,42.010565000,RC2_0018_ICR-1_p08
352.030995100,394.041564869,42.010569769,Other,random,acetylation_(_H2O)_C2H2O,42.010565000,RC2_0018_ICR-1_p08
459.202373460,501.212943229,42.010569769,Other,random,acetylation_(_H2O)_C2H2O,42.010565000,RC2_0018_ICR-1_p08
465.030992685,507.041562454,42.010569769,Other,random,acetylation_(_H2O)_C2H2O,42.010565000,RC2_0018_ICR-1_p08
493.098788856,535.109358625,42.010569769,Other,random,acetylation_(_H2O)_C2H2O,42.010565000,RC2_0018_ICR-1_p08
513.153266087,555.163835856,42.010569769,Other,random,acetylation_(_H2O)_C2H2O,42.010565000,RC2_0018_ICR-1_p08
543.135651492,585.146221261,42.010569769,Other,random,acetylation_(_H2O)_C2H2O,42.010565000,RC2_0018_ICR-1_p08
635.161930015,677.172499784,42.010569769,Other,random,acetylation_(_H2O)_C2H2O,42.010565000,RC2_0018_ICR-1_p08
239.128991963,281.139561732,42.010569769,Other,random,acetylation_(_H2O)_C2H2O,42.010565000,RC2_0018_ICR-1_p08
409.186475707,451.197045475,42.010569769,Other,random,acetylation_(_H2O)_C2H2O,42.010565000,RC2_0018_ICR-1_p08
455.061803743,497.072373512,42.010569769,Other,random,acetylation_(_H2O)_C2H2O,42.010565000,RC2_0018_ICR-1_p08
583.231603027,625.242172796,42.010569769,Other,random,acetylation_(_H2O)_C2H2O,42.010565000,RC2_0018_ICR-1_p08
350.088024025,392.098594794,42.010570769,Other,random,acetylation_(_H2O)_C2H2O,42.010565000,RC2_0018_ICR-1_p08
373.041127957,415.051698726,42.010570769,Other,random,acetylation_(_H2O)_C2H2O,42.010565000,RC2_0018_ICR-1_p08
447.077800639,489.088371407,42.010570769,Other,random,acetylation_(_H2O)_C2H2O,42.010565000,RC2_0018_ICR-1_p08
609.218999896,651.229570665,42.010570769,Other,random,acetylation_(_H2O)_C2H2O,42.010565000,RC2_0018_ICR-1_p08
325.142166299,367.152737068,42.010570769,Other,random,acetylation_(_H2O)_C2H2O,42.010565000,RC2_0018_ICR-1_p08
421.054063974,463.064634742,42.010570769,Other,random,acetylation_(_H2O)_C2H2O,42.010565000,RC2_0018_ICR-1_p08
659.125901263,701.136473031,42.010571769,Other,random,acetylation_(_H2O)_C2H2O,42.010565000,RC2_0018_ICR-1_p08
351.181172879,393.191744647,42.010571769,Other,random,acetylation_(_H2O)_C2H2O,42.010565000,RC2_0018_ICR-1_p08
373.033090002,415.043661771,42.010571769,Other,random,acetylation_(_H2O)_C2H2O,42.010565000,RC2_0018_ICR-1_p08
373.087070699,415.097642467,42.010571769,Other,random,acetylation_(_H2O)_C2H2O,42.010565000,RC2_0018_ICR-1_p08
377.209814516,419.220386285,42.010571769,Other,random,acetylation_(_H2O)_C2H2O,42.010565000,RC2_0018_ICR-1_p08
411.165945576,453.176517345,42.010571769,Other,random,acetylation_(_H2O)_C2H2O,42.010565000,RC2_0018_ICR-1_p08
463.160781202,505.171352970,42.010571769,Other,random,acetylation_(_H2O)_C2H2O,42.010565000,RC2_0018_ICR-1_p08
378.082911606,420.093484375,42.010572769,Other,random,acetylation_(_H2O)_C2H2O,42.010565000,RC2_0018_ICR-1_p08
405.155323374,447.165896143,42.010572769,Other,random,acetylation_(_H2O)_C2H2O,42.010565000,RC2_0018_ICR-1_p08
329.060927264,371.071500032,42.010572769,Other,random,acetylation_(_H2O)_C2H2O,42.010565000,RC2_0018_ICR-1_p08
351.035673697,393.046246465,42.010572769,Other,random,acetylation_(_H2O)_C2H2O,42.010565000,RC2_0018_ICR-1_p08
403.097628945,445.108201714,42.010572769,Other,random,acetylation_(_H2O)_C2H2O,42.010565000,RC2_0018_ICR-1_p08
455.183960056,497.194532825,42.010572769,Other,random,acetylation_(_H2O)_C2H2O,42.010565000,RC2_0018_ICR-1_p08
331.103332779,373.113906548,42.010573769,Other,random,acetylation_(_H2O)_C2H2O,42.010565000,RC2_0018_ICR-1_p08
527.104293638,569.114867407,42.010573769,Other,random,acetylation_(_H2O)_C2H2O,42.010565000,RC2_0018_ICR-1_p08
665.209120056,707.219693825,42.010573769,Other,random,acetylation_(_H2O)_C2H2O,42.010565000,RC2_0018_ICR-1_p08
447.093056553,489.103630321,42.010573769,Other,random,acetylation_(_H2O)_C2H2O,42.010565000,RC2_0018_ICR-1_p08
308.126951978,350.137525747,42.010573769,Other,random,acetylation_(_H2O)_C2H2O,42.010565000,RC2_0018_ICR-1_p08
371.040600206,413.051173975,42.010573769,Other,random,acetylation_(_H2O)_C2H2O,42.010565000,RC2_0018_ICR-1_p08
481.171365926,523.181939694,42.010573769,Other,random,acetylation_(_H2O)_C2H2O,42.010565000,RC2_0018_ICR-1_p08
486.205776617,528.216350385,42.010573769,Other,random,acetylation_(_H2O)_C2H2O,42.010565000,RC2_0018_ICR-1_p08
303.123750112,345.134324881,42.010574769,Other,random,acetylation_(_H2O)_C2H2O,42.010565000,RC2_0018_ICR-1_p08
387.238669122,429.249243891,42.010574769,Other,random,acetylation_(_H2O)_C2H2O,42.010565000,RC2_0018_ICR-1_p08
429.119014623,471.129589392,42.010574769,Other,random,acetylation_(_H2O)_C2H2O,42.010565000,RC2_0018_ICR-1_p08
447.142632274,489.153207043,42.010574769,Other,random,acetylation_(_H2O)_C2H2O,42.010565000,RC2_0018_ICR-1_p08
458.101779649,500.112354418,42.010574769,Other,random,acetylation_(_H2O)_C2H2O,42.010565000,RC2_0018_ICR-1_p08
458.109070608,500.119645377,42.010574769,Other,random,acetylation_(_H2O)_C2H2O,42.010565000,RC2_0018_ICR-1_p08
359.134577155,401.145151924,42.010574769,Other,random,acetylation_(_H2O)_C2H2O,42.010565000,RC2_0018_ICR-1_p08
359.053821610,401.075628315,42.021806706,Other,random,C1H2N2,42.021800000,RC2_0018_ICR-1_p08
239.056189373,281.077998078,42.021808706,Other,random,C1H2N2,42.021800000,RC2_0018_ICR-1_p08
298.093205400,340.140145964,42.046940564,Other,random,C3H6,42.046950000,RC2_0018_ICR-1_p08
306.025548795,348.072489359,42.046940564,Other,random,C3H6,42.046950000,RC2_0018_ICR-1_p08
401.072481333,443.119421897,42.046940564,Other,random,C3H6,42.046950000,RC2_0018_ICR-1_p08
407.134489245,449.181429810,42.046940564,Other,random,C3H6,42.046950000,RC2_0018_ICR-1_p08
438.067690304,480.114630868,42.046940564,Other,random,C3H6,42.046950000,RC2_0018_ICR-1_p08
465.140017072,507.186957636,42.046940564,Other,random,C3H6,42.046950000,RC2_0018_ICR-1_p08
239.056189373,281.103129937,42.046940564,Other,random,C3H6,42.046950000,RC2_0018_ICR-1_p08
393.204837574,435.251779138,42.046941564,Other,random,C3H6,42.046950000,RC2_0018_ICR-1_p08
253.035448766,295.082390330,42.046941564,Other,random,C3H6,42.046950000,RC2_0018_ICR-1_p08
305.124117864,347.171059428,42.046941564,Other,random,C3H6,42.046950000,RC2_0018_ICR-1_p08
395.098147927,437.145089492,42.046941564,Other,random,C3H6,42.046950000,RC2_0018_ICR-1_p08
499.210334490,541.257276054,42.046941564,Other,random,C3H6,42.046950000,RC2_0018_ICR-1_p08
575.140751523,617.187693087,42.046941564,Other,random,C3H6,42.046950000,RC2_0018_ICR-1_p08
268.082672153,310.129613717,42.046941564,Other,random,C3H6,42.046950000,RC2_0018_ICR-1_p08
389.014903134,431.061844698,42.046941564,Other,random,C3H6,42.046950000,RC2_0018_ICR-1_p08
395.061853131,437.108794696,42.046941564,Other,random,C3H6,42.046950000,RC2_0018_ICR-1_p08
537.052214700,579.099156264,42.046941564,Other,random,C3H6,42.046950000,RC2_0018_ICR-1_p08
421.126862564,463.173805128,42.046942564,Other,random,C3H6,42.046950000,RC2_0018_ICR-1_p08
681.277128703,723.324071268,42.046942564,Other,random,C3H6,42.046950000,RC2_0018_ICR-1_p08
337.105781026,379.152723591,42.046942564,Other,random,C3H6,42.046950000,RC2_0018_ICR-1_p08
357.061394813,399.108337377,42.046942564,Other,random,C3H6,42.046950000,RC2_0018_ICR-1_p08
236.056493241,278.103435805,42.046942564,Other,random,C3H6,42.046950000,RC2_0018_ICR-1_p08
337.069330231,379.116272796,42.046942564,Other,random,C3H6,42.046950000,RC2_0018_ICR-1_p08
439.116384407,481.163326971,42.046942564,Other,random,C3H6,42.046950000,RC2_0018_ICR-1_p08
459.160313697,501.207256261,42.046942564,Other,random,C3H6,42.046950000,RC2_0018_ICR-1_p08
589.120143915,631.167086479,42.046942564,Other,random,C3H6,42.046950000,RC2_0018_ICR-1_p08
384.106501735,426.153445299,42.046943564,Other,random,C3H6,42.046950000,RC2_0018_ICR-1_p08
535.109358625,577.156302189,42.046943564,Other,random,C3H6,42.046950000,RC2_0018_ICR-1_p08
321.025158450,363.072102014,42.046943564,Other,random,C3H6,42.046950000,RC2_0018_ICR-1_p08
341.087646636,383.134591200,42.046944564,Other,random,C3H6,42.046950000,RC2_0018_ICR-1_p08
516.078316639,558.125261203,42.046944564,Other,random,C3H6,42.046950000,RC2_0018_ICR-1_p08
799.247367340,841.294311905,42.046944564,Other,random,C3H6,42.046950000,RC2_0018_ICR-1_p08
371.077064001,413.124008565,42.046944564,Other,random,C3H6,42.046950000,RC2_0018_ICR-1_p08
379.097644900,421.144589465,42.046944564,Other,random,C3H6,42.046950000,RC2_0018_ICR-1_p08
393.168266779,435.215211344,42.046944564,Other,random,C3H6,42.046950000,RC2_0018_ICR-1_p08
443.134601812,485.181546376,42.046944564,Other,random,C3H6,42.046950000,RC2_0018_ICR-1_p08
459.142498797,501.189443361,42.046944564,Other,random,C3H6,42.046950000,RC2_0018_ICR-1_p08
357.074526739,399.121472304,42.046945564,Other,random,C3H6,42.046950000,RC2_0018_ICR-1_p08
325.129201372,367.176146937,42.046945564,Other,random,C3H6,42.046950000,RC2_0018_ICR-1_p08
347.053710088,389.100655652,42.046945564,Other,random,C3H6,42.046950000,RC2_0018_ICR-1_p08
351.072066492,393.119012056,42.046945564,Other,random,C3H6,42.046950000,RC2_0018_ICR-1_p08
385.069458320,427.116403884,42.046945564,Other,random,C3H6,42.046950000,RC2_0018_ICR-1_p08
407.184150966,449.231096530,42.046945564,Other,random,C3H6,42.046950000,RC2_0018_ICR-1_p08
465.080540407,507.127485971,42.046945564,Other,random,C3H6,42.046950000,RC2_0018_ICR-1_p08
245.103145370,287.150091934,42.046946564,Other,random,C3H6,42.046950000,RC2_0018_ICR-1_p08
489.134521148,531.181467712,42.046946564,Other,random,C3H6,42.046950000,RC2_0018_ICR-1_p08
519.187212157,561.234158722,42.046946564,Other,random,C3H6,42.046950000,RC2_0018_ICR-1_p08
341.137152357,383.184098922,42.046946564,Other,random,C3H6,42.046950000,RC2_0018_ICR-1_p08
375.102827364,417.149773928,42.046946564,Other,random,C3H6,42.046950000,RC2_0018_ICR-1_p08
427.066888163,469.113834727,42.046946564,Other,random,C3H6,42.046950000,RC2_0018_ICR-1_p08
403.087900000,445.134847564,42.046947564,Other,random,C3H6,42.046950000,RC2_0018_ICR-1_p08
609.109939509,651.156887074,42.046947564,Other,random,C3H6,42.046950000,RC2_0018_ICR-1_p08
629.100054102,671.147001666,42.046947564,Other,random,C3H6,42.046950000,RC2_0018_ICR-1_p08
308.041076461,350.088024025,42.046947564,Other,random,C3H6,42.046950000,RC2_0018_ICR-1_p08
438.153568821,480.200516385,42.046947564,Other,random,C3H6,42.046950000,RC2_0018_ICR-1_p08
255.051107431,297.098054995,42.046947564,Other,random,C3H6,42.046950000,RC2_0018_ICR-1_p08
516.099657519,558.146605083,42.046947564,Other,random,C3H6,42.046950000,RC2_0018_ICR-1_p08
395.111134854,437.158083418,42.046948564,Other,random,C3H6,42.046950000,RC2_0018_ICR-1_p08
445.134847564,487.181796128,42.046948564,Other,random,C3H6,42.046950000,RC2_0018_ICR-1_p08
447.114301433,489.161249997,42.046948564,Other,random,C3H6,42.046950000,RC2_0018_ICR-1_p08
457.113929204,499.160877768,42.046948564,Other,random,C3H6,42.046950000,RC2_0018_ICR-1_p08
623.125596697,665.172545262,42.046948564,Other,random,C3H6,42.046950000,RC2_0018_ICR-1_p08
437.100848740,479.147798304,42.046949564,Other,random,C3H6,42.046950000,RC2_0018_ICR-1_p08
521.093523438,563.140473002,42.046949564,Other,random,C3H6,42.046950000,RC2_0018_ICR-1_p08
318.025615317,360.072564881,42.046949564,Other,random,C3H6,42.046950000,RC2_0018_ICR-1_p08
445.144684509,487.191634073,42.046949564,Other,random,C3H6,42.046950000,RC2_0018_ICR-1_p08
491.150113814,533.197063378,42.046949564,Other,random,C3H6,42.046950000,RC2_0018_ICR-1_p08
375.048621669,417.095571233,42.046949564,Other,random,C3H6,42.046950000,RC2_0018_ICR-1_p08
423.157985143,465.204934707,42.046949564,Other,random,C3H6,42.046950000,RC2_0018_ICR-1_p08
685.104936179,727.151885743,42.046949564,Other,random,C3H6,42.046950000,RC2_0018_ICR-1_p08
589.156487710,631.203438275,42.046950564,Other,random,C3H6,42.046950000,RC2_0018_ICR-1_p08
249.076938025,291.123888589,42.046950564,Other,random,C3H6,42.046950000,RC2_0018_ICR-1_p08
496.073322130,538.120272694,42.046950564,Other,random,C3H6,42.046950000,RC2_0018_ICR-1_p08
547.130655027,589.177605592,42.046950564,Other,random,C3H6,42.046950000,RC2_0018_ICR-1_p08
687.157031640,729.203982204,42.046950564,Other,random,C3H6,42.046950000,RC2_0018_ICR-1_p08
495.127452449,537.174404013,42.046951564,Other,random,C3H6,42.046950000,RC2_0018_ICR-1_p08
582.146830127,624.193781691,42.046951564,Other,random,C3H6,42.046950000,RC2_0018_ICR-1_p08
619.203488752,661.250440316,42.046951564,Other,random,C3H6,42.046950000,RC2_0018_ICR-1_p08
299.092446781,341.139398345,42.046951564,Other,random,C3H6,42.046950000,RC2_0018_ICR-1_p08
436.124749229,478.171700793,42.046951564,Other,random,C3H6,42.046950000,RC2_0018_ICR-1_p08
547.218552533,589.265504097,42.046951564,Other,random,C3H6,42.046950000,RC2_0018_ICR-1_p08
431.046564784,473.093517349,42.046952564,Other,random,C3H6,42.046950000,RC2_0018_ICR-1_p08
334.056802171,376.103754735,42.046952564,Other,random,C3H6,42.046950000,RC2_0018_ICR-1_p08
348.035951565,390.082904129,42.046952564,Other,random,C3H6,42.046950000,RC2_0018_ICR-1_p08
399.048766712,441.095719277,42.046952564,Other,random,C3H6,42.046950000,RC2_0018_ICR-1_p08
523.072900308,565.119853872,42.046953564,Other,random,C3H6,42.046950000,RC2_0018_ICR-1_p08
303.087371317,345.134324881,42.046953564,Other,random,C3H6,42.046950000,RC2_0018_ICR-1_p08
397.041098002,439.088051566,42.046953564,Other,random,C3H6,42.046950000,RC2_0018_ICR-1_p08
313.121134895,355.168088460,42.046953564,Other,random,C3H6,42.046950000,RC2_0018_ICR-1_p08
457.054120540,499.101074104,42.046953564,Other,random,C3H6,42.046950000,RC2_0018_ICR-1_p08
546.110105766,588.157059330,42.046953564,Other,random,C3H6,42.046950000,RC2_0018_ICR-1_p08
574.141514142,616.188467706,42.046953564,Other,random,C3H6,42.046950000,RC2_0018_ICR-1_p08
429.082634828,471.129589392,42.046954564,Other,random,C3H6,42.046950000,RC2_0018_ICR-1_p08
507.114318045,549.161272609,42.046954564,Other,random,C3H6,42.046950000,RC2_0018_ICR-1_p08
585.110064464,627.157019028,42.046954564,Other,random,C3H6,42.046950000,RC2_0018_ICR-1_p08
550.156783011,592.203737575,42.046954564,Other,random,C3H6,42.046950000,RC2_0018_ICR-1_p08
743.220071390,785.267025954,42.046954564,Other,random,C3H6,42.046950000,RC2_0018_ICR-1_p08
715.261309606,757.308264170,42.046954564,Other,random,C3H6,42.046950000,RC2_0018_ICR-1_p08
485.129858667,527.176814231,42.046955564,Other,random,C3H6,42.046950000,RC2_0018_ICR-1_p08
343.045791625,385.092747189,42.046955564,Other,random,C3H6,42.046950000,RC2_0018_ICR-1_p08
395.126523768,437.173479332,42.046955564,Other,random,C3H6,42.046950000,RC2_0018_ICR-1_p08
523.145683898,565.192639462,42.046955564,Other,random,C3H6,42.046950000,RC2_0018_ICR-1_p08
431.155765170,473.202721734,42.046956564,Other,random,C3H6,42.046950000,RC2_0018_ICR-1_p08
443.111341942,485.158298507,42.046956564,Other,random,C3H6,42.046950000,RC2_0018_ICR-1_p08
471.187039069,513.233995633,42.046956564,Other,random,C3H6,42.046950000,RC2_0018_ICR-1_p08
541.184646463,583.231603027,42.046956564,Other,random,C3H6,42.046950000,RC2_0018_ICR-1_p08
593.114973451,635.161930015,42.046956564,Other,random,C3H6,42.046950000,RC2_0018_ICR-1_p08
749.194232796,791.241189360,42.046956564,Other,random,C3H6,42.046950000,RC2_0018_ICR-1_p08
342.074800085,384.121756649,42.046956564,Other,random,C3H6,42.046950000,RC2_0018_ICR-1_p08
380.062170477,422.109127041,42.046956564,Other,random,C3H6,42.046950000,RC2_0018_ICR-1_p08
539.104213161,581.151169725,42.046956564,Other,random,C3H6,42.046950000,RC2_0018_ICR-1_p08
525.140389682,567.187346246,42.046956564,Other,random,C3H6,42.046950000,RC2_0018_ICR-1_p08
515.046459441,557.093417005,42.046957564,Other,random,C3H6,42.046950000,RC2_0018_ICR-1_p08
319.058918506,361.105876071,42.046957564,Other,random,C3H6,42.046950000,RC2_0018_ICR-1_p08
423.121467348,465.168424912,42.046957564,Other,random,C3H6,42.046950000,RC2_0018_ICR-1_p08
429.132088550,471.179046114,42.046957564,Other,random,C3H6,42.046950000,RC2_0018_ICR-1_p08
441.095719277,483.142676841,42.046957564,Other,random,C3H6,42.046950000,RC2_0018_ICR-1_p08
587.190120768,629.237078332,42.046957564,Other,random,C3H6,42.046950000,RC2_0018_ICR-1_p08
365.014842090,407.061800654,42.046958564,Other,random,C3H6,42.046950000,RC2_0018_ICR-1_p08
419.098045973,461.145004537,42.046958564,Other,random,C3H6,42.046950000,RC2_0018_ICR-1_p08
413.027903106,455.074861670,42.046958564,Other,random,C3H6,42.046950000,RC2_0018_ICR-1_p08
530.188080298,572.235038862,42.046958564,Other,random,C3H6,42.046950000,RC2_0018_ICR-1_p08
679.151974653,721.198933217,42.046958564,Other,random,C3H6,42.046950000,RC2_0018_ICR-1_p08
375.035555742,417.082515306,42.046959564,Other,random,C3H6,42.046950000,RC2_0018_ICR-1_p08
397.142196433,439.189155997,42.046959564,Other,random,C3H6,42.046950000,RC2_0018_ICR-1_p08
415.097642467,457.144602032,42.046959564,Other,random,C3H6,42.046950000,RC2_0018_ICR-1_p08
423.215235821,465.262195385,42.046959564,Other,random,C3H6,42.046950000,RC2_0018_ICR-1_p08
425.072339378,467.119298942,42.046959564,Other,random,C3H6,42.046950000,RC2_0018_ICR-1_p08
519.091061698,561.138021262,42.046959564,Other,random,C3H6,42.046950000,RC2_0018_ICR-1_p08
661.250440316,703.297399880,42.046959564,Other,random,C3H6,42.046950000,RC2_0018_ICR-1_p08
429.113371655,471.160331219,42.046959564,Other,random,C3H6,42.046950000,RC2_0018_ICR-1_p08
455.111377465,497.158337029,42.046959564,Other,random,C3H6,42.046950000,RC2_0018_ICR-1_p08
349.105776549,392.111580721,43.005804172,Other,random,C1H1O1N1,43.005814000,RC2_0018_ICR-1_p08
267.051106954,310.056912126,43.005805172,Other,random,C1H1O1N1,43.005814000,RC2_0018_ICR-1_p08
349.142133344,392.147940517,43.005807172,Other,random,C1H1O1N1,43.005814000,RC2_0018_ICR-1_p08
409.077449320,452.083256492,43.005807172,Other,random,C1H1O1N1,43.005814000,RC2_0018_ICR-1_p08
533.166311551,576.172119723,43.005808172,Other,random,C1H1O1N1,43.005814000,RC2_0018_ICR-1_p08
545.093698482,588.099506654,43.005808172,Other,random,C1H1O1N1,43.005814000,RC2_0018_ICR-1_p08
261.134428224,304.140236396,43.005808172,Other,random,C1H1O1N1,43.005814000,RC2_0018_ICR-1_p08
479.155823259,522.161631432,43.005808172,Other,random,C1H1O1N1,43.005814000,RC2_0018_ICR-1_p08
497.215808706,540.221616878,43.005808172,Other,random,C1H1O1N1,43.005814000,RC2_0018_ICR-1_p08
397.041098002,440.046907174,43.005809172,Other,random,C1H1O1N1,43.005814000,RC2_0018_ICR-1_p08
417.046235510,460.052045683,43.005810172,Other,random,C1H1O1N1,43.005814000,RC2_0018_ICR-1_p08
379.116272796,422.122082968,43.005810172,Other,random,C1H1O1N1,43.005814000,RC2_0018_ICR-1_p08
377.051371407,420.057181579,43.005810172,Other,random,C1H1O1N1,43.005814000,RC2_0018_ICR-1_p08
421.090621768,464.096432940,43.005811172,Other,random,C1H1O1N1,43.005814000,RC2_0018_ICR-1_p08
257.066755097,300.072566269,43.005811172,Other,random,C1H1O1N1,43.005814000,RC2_0018_ICR-1_p08
373.142179389,416.147990561,43.005811172,Other,random,C1H1O1N1,43.005814000,RC2_0018_ICR-1_p08
519.114314567,562.120126740,43.005812172,Other,random,C1H1O1N1,43.005814000,RC2_0018_ICR-1_p08
431.098258494,474.104071666,43.005813172,Other,random,C1H1O1N1,43.005814000,RC2_0018_ICR-1_p08
363.144866605,406.150679777,43.005813172,Other,random,C1H1O1N1,43.005814000,RC2_0018_ICR-1_p08
275.019802144,318.025615317,43.005813172,Other,random,C1H1O1N1,43.005814000,RC2_0018_ICR-1_p08
547.072917352,590.078730525,43.005813172,Other,random,C1H1O1N1,43.005814000,RC2_0018_ICR-1_p08
276.051290344,319.057104517,43.005814172,Other,random,C1H1O1N1,43.005814000,RC2_0018_ICR-1_p08
281.030325346,324.036139519,43.005814172,Other,random,C1H1O1N1,43.005814000,RC2_0018_ICR-1_p08
357.074526739,400.080340912,43.005814172,Other,random,C1H1O1N1,43.005814000,RC2_0018_ICR-1_p08
305.139378778,348.145192950,43.005814172,Other,random,C1H1O1N1,43.005814000,RC2_0018_ICR-1_p08
403.066921118,446.072735290,43.005814172,Other,random,C1H1O1N1,43.005814000,RC2_0018_ICR-1_p08
401.137058970,444.142874142,43.005815172,Other,random,C1H1O1N1,43.005814000,RC2_0018_ICR-1_p08
403.139730708,446.145545881,43.005815172,Other,random,C1H1O1N1,43.005814000,RC2_0018_ICR-1_p08
529.171636014,572.177452186,43.005816172,Other,random,C1H1O1N1,43.005814000,RC2_0018_ICR-1_p08
333.097938563,376.103754735,43.005816172,Other,random,C1H1O1N1,43.005814000,RC2_0018_ICR-1_p08
357.025106017,400.030923190,43.005817172,Other,random,C1H1O1N1,43.005814000,RC2_0018_ICR-1_p08
365.160373272,408.166190444,43.005817172,Other,random,C1H1O1N1,43.005814000,RC2_0018_ICR-1_p08
355.116240751,398.122059923,43.005819172,Other,random,C1H1O1N1,43.005814000,RC2_0018_ICR-1_p08
261.098025429,304.103845601,43.005820172,Other,random,C1H1O1N1,43.005814000,RC2_0018_ICR-1_p08
275.150023412,318.155843585,43.005820172,Other,random,C1H1O1N1,43.005814000,RC2_0018_ICR-1_p08
269.139533210,312.145353382,43.005820172,Other,random,C1H1O1N1,43.005814000,RC2_0018_ICR-1_p08
307.118651648,350.124471821,43.005820172,Other,random,C1H1O1N1,43.005814000,RC2_0018_ICR-1_p08
279.123820067,322.129641239,43.005821172,Other,random,C1H1O1N1,43.005814000,RC2_0018_ICR-1_p08
547.182221738,590.188043910,43.005822172,Other,random,C1H1O1N1,43.005814000,RC2_0018_ICR-1_p08
335.090267360,378.096089532,43.005822172,Other,random,C1H1O1N1,43.005814000,RC2_0018_ICR-1_p08
259.061289881,302.067113054,43.005823172,Other,random,C1H1O1N1,43.005814000,RC2_0018_ICR-1_p08
299.040919070,342.046742243,43.005823172,Other,random,C1H1O1N1,43.005814000,RC2_0018_ICR-1_p08
373.105800593,416.147990561,43.042189968,Other,random,C2H5N,43.042199000,RC2_0018_ICR-1_p08
321.025158450,364.067349418,43.042190968,Other,random,C2H5N,43.042199000,RC2_0018_ICR-1_p08
451.173820606,494.216012574,43.042191968,Other,random,C2H5N,43.042199000,RC2_0018_ICR-1_p08
345.061430291,388.103624258,43.042193968,Other,random,C2H5N,43.042199000,RC2_0018_ICR-1_p08
267.014717158,310.056912126,43.042194968,Other,random,C2H5N,43.042199000,RC2_0018_ICR-1_p08
525.052011179,568.094207147,43.042195968,Other,random,C2H5N,43.042199000,RC2_0018_ICR-1_p08
253.071879561,296.114075528,43.042195968,Other,random,C2H5N,43.042199000,RC2_0018_ICR-1_p08
325.048337827,368.090535795,43.042197968,Other,random,C2H5N,43.042199000,RC2_0018_ICR-1_p08
303.014678725,346.056878693,43.042199968,Other,random,C2H5N,43.042199000,RC2_0018_ICR-1_p08
247.061255359,290.103455327,43.042199968,Other,random,C2H5N,43.042199000,RC2_0018_ICR-1_p08
573.146263738,616.188467706,43.042203968,Other,random,C2H5N,43.042199000,RC2_0018_ICR-1_p08
278.030741214,321.072946181,43.042204968,Other,random,C2H5N,43.042199000,RC2_0018_ICR-1_p08
323.113527707,366.155732675,43.042204968,Other,random,C2H5N,43.042199000,RC2_0018_ICR-1_p08
278.067113009,321.109318977,43.042205968,Other,random,C2H5N,43.042199000,RC2_0018_ICR-1_p08
459.056776279,502.098983247,43.042206968,Other,random,C2H5N,43.042199000,RC2_0018_ICR-1_p08
577.120024393,620.162233361,43.042208968,Other,random,C2H5N,43.042199000,RC2_0018_ICR-1_p08
321.025158450,364.067349418,43.042190968,Other,random,C2H5N1,43.042200000,RC2_0018_ICR-1_p08
451.173820606,494.216012574,43.042191968,Other,random,C2H5N1,43.042200000,RC2_0018_ICR-1_p08
345.061430291,388.103624258,43.042193968,Other,random,C2H5N1,43.042200000,RC2_0018_ICR-1_p08
267.014717158,310.056912126,43.042194968,Other,random,C2H5N1,43.042200000,RC2_0018_ICR-1_p08
525.052011179,568.094207147,43.042195968,Other,random,C2H5N1,43.042200000,RC2_0018_ICR-1_p08
253.071879561,296.114075528,43.042195968,Other,random,C2H5N1,43.042200000,RC2_0018_ICR-1_p08
325.048337827,368.090535795,43.042197968,Other,random,C2H5N1,43.042200000,RC2_0018_ICR-1_p08
303.014678725,346.056878693,43.042199968,Other,random,C2H5N1,43.042200000,RC2_0018_ICR-1_p08
247.061255359,290.103455327,43.042199968,Other,random,C2H5N1,43.042200000,RC2_0018_ICR-1_p08
573.146263738,616.188467706,43.042203968,Other,random,C2H5N1,43.042200000,RC2_0018_ICR-1_p08
278.030741214,321.072946181,43.042204968,Other,random,C2H5N1,43.042200000,RC2_0018_ICR-1_p08
323.113527707,366.155732675,43.042204968,Other,random,C2H5N1,43.042200000,RC2_0018_ICR-1_p08
278.067113009,321.109318977,43.042205968,Other,random,C2H5N1,43.042200000,RC2_0018_ICR-1_p08
459.056776279,502.098983247,43.042206968,Other,random,C2H5N1,43.042200000,RC2_0018_ICR-1_p08
577.120024393,620.162233361,43.042208968,Other,random,C2H5N1,43.042200000,RC2_0018_ICR-1_p08
393.009766671,436.051976638,43.042209968,Other,random,C2H5N1,43.042200000,RC2_0018_ICR-1_p08
239.019818577,282.062028545,43.042209968,Other,random,C2H5N1,43.042200000,RC2_0018_ICR-1_p08
233.154789557,277.144609196,43.989819639,Other,random,Carboxylation,43.989829280,RC2_0018_ICR-1_p08
251.128963486,295.118783125,43.989819639,Other,random,Carboxylation,43.989829280,RC2_0018_ICR-1_p08
311.113506185,355.103325824,43.989819639,Other,random,Carboxylation,43.989829280,RC2_0018_ICR-1_p08
398.101090041,442.090909681,43.989819639,Other,random,Carboxylation,43.989829280,RC2_0018_ICR-1_p08
449.194522736,493.184342375,43.989819639,Other,random,Carboxylation,43.989829280,RC2_0018_ICR-1_p08
485.275414848,529.265234487,43.989819639,Other,random,Carboxylation,43.989829280,RC2_0018_ICR-1_p08
533.239222141,577.229041780,43.989819639,Other,random,Carboxylation,43.989829280,RC2_0018_ICR-1_p08
539.213403547,583.203223186,43.989819639,Other,random,Carboxylation,43.989829280,RC2_0018_ICR-1_p08
417.113416132,461.103236772,43.989820639,Other,random,Carboxylation,43.989829280,RC2_0018_ICR-1_p08
239.128991963,283.118813603,43.989821639,Other,random,Carboxylation,43.989829280,RC2_0018_ICR-1_p08
507.223498431,551.213320070,43.989821639,Other,random,Carboxylation,43.989829280,RC2_0018_ICR-1_p08
275.092516736,319.082338375,43.989821639,Other,random,Carboxylation,43.989829280,RC2_0018_ICR-1_p08
343.085475402,387.075297041,43.989821639,Other,random,Carboxylation,43.989829280,RC2_0018_ICR-1_p08
362.088110547,406.077932186,43.989821639,Other,random,Carboxylation,43.989829280,RC2_0018_ICR-1_p08
439.189155997,483.178977637,43.989821639,Other,random,Carboxylation,43.989829280,RC2_0018_ICR-1_p08
522.088926841,566.078749480,43.989822639,Other,random,Carboxylation,43.989829280,RC2_0018_ICR-1_p08
311.105509230,355.095331869,43.989822639,Other,random,Carboxylation,43.989829280,RC2_0018_ICR-1_p08
323.069143956,367.058966596,43.989822639,Other,random,Carboxylation,43.989829280,RC2_0018_ICR-1_p08
399.194146895,443.183969534,43.989822639,Other,random,Carboxylation,43.989829280,RC2_0018_ICR-1_p08
401.173548765,445.163371404,43.989822639,Other,random,Carboxylation,43.989829280,RC2_0018_ICR-1_p08
381.204814051,425.194636691,43.989822639,Other,random,Carboxylation,43.989829280,RC2_0018_ICR-1_p08
465.212867663,509.202691302,43.989823639,Other,random,Carboxylation,43.989829280,RC2_0018_ICR-1_p08
253.035448766,297.025272405,43.989823639,Other,random,Carboxylation,43.989829280,RC2_0018_ICR-1_p08
439.116384407,483.106208046,43.989823639,Other,random,Carboxylation,43.989829280,RC2_0018_ICR-1_p08
453.212787141,497.202610780,43.989823639,Other,random,Carboxylation,43.989829280,RC2_0018_ICR-1_p08
490.135453519,534.125277159,43.989823639,Other,random,Carboxylation,43.989829280,RC2_0018_ICR-1_p08
544.109683015,588.099506654,43.989823639,Other,random,Carboxylation,43.989829280,RC2_0018_ICR-1_p08
318.098286908,362.088110547,43.989823639,Other,random,Carboxylation,43.989829280,RC2_0018_ICR-1_p08
389.064304856,433.054128496,43.989823639,Other,random,Carboxylation,43.989829280,RC2_0018_ICR-1_p08
503.119455509,547.109279148,43.989823639,Other,random,Carboxylation,43.989829280,RC2_0018_ICR-1_p08
259.024854086,303.014678725,43.989824639,Other,random,Carboxylation,43.989829280,RC2_0018_ICR-1_p08
413.064295901,457.054120540,43.989824639,Other,random,Carboxylation,43.989829280,RC2_0018_ICR-1_p08
431.111355420,475.101180059,43.989824639,Other,random,Carboxylation,43.989829280,RC2_0018_ICR-1_p08
449.035877628,493.025702267,43.989824639,Other,random,Carboxylation,43.989829280,RC2_0018_ICR-1_p08
465.132070117,509.121894756,43.989824639,Other,random,Carboxylation,43.989829280,RC2_0018_ICR-1_p08
391.189141908,435.178966547,43.989824639,Other,random,Carboxylation,43.989829280,RC2_0018_ICR-1_p08
408.093431853,452.083256492,43.989824639,Other,random,Carboxylation,43.989829280,RC2_0018_ICR-1_p08
535.218544011,579.208368650,43.989824639,Other,random,Carboxylation,43.989829280,RC2_0018_ICR-1_p08
607.167062434,651.156887074,43.989824639,Other,random,Carboxylation,43.989829280,RC2_0018_ICR-1_p08
371.053836132,415.043661771,43.989825639,Other,random,Carboxylation,43.989829280,RC2_0018_ICR-1_p08
393.155263852,437.145089492,43.989825639,Other,random,Carboxylation,43.989829280,RC2_0018_ICR-1_p08
517.244333082,561.234158722,43.989825639,Other,random,Carboxylation,43.989829280,RC2_0018_ICR-1_p08
521.215665751,565.205491390,43.989825639,Other,random,Carboxylation,43.989829280,RC2_0018_ICR-1_p08
523.145683898,567.135509537,43.989825639,Other,random,Carboxylation,43.989829280,RC2_0018_ICR-1_p08
587.249924431,631.239751070,43.989826639,Other,random,Carboxylation,43.989829280,RC2_0018_ICR-1_p08
399.144775173,443.134601812,43.989826639,Other,random,Carboxylation,43.989829280,RC2_0018_ICR-1_p08
431.183931012,475.173757651,43.989826639,Other,random,Carboxylation,43.989829280,RC2_0018_ICR-1_p08
507.236636357,551.226462996,43.989826639,Other,random,Carboxylation,43.989829280,RC2_0018_ICR-1_p08
553.156403144,597.146229783,43.989826639,Other,random,Carboxylation,43.989829280,RC2_0018_ICR-1_p08
587.140826045,631.130652684,43.989826639,Other,random,Carboxylation,43.989829280,RC2_0018_ICR-1_p08
627.120540233,671.110366872,43.989826639,Other,random,Carboxylation,43.989829280,RC2_0018_ICR-1_p08
363.121434737,407.111262376,43.989827639,Other,random,Carboxylation,43.989829280,RC2_0018_ICR-1_p08
445.090490813,489.080318453,43.989827639,Other,random,Carboxylation,43.989829280,RC2_0018_ICR-1_p08
459.202373460,503.192201099,43.989827639,Other,random,Carboxylation,43.989829280,RC2_0018_ICR-1_p08
547.254855329,591.244682968,43.989827639,Other,random,Carboxylation,43.989829280,RC2_0018_ICR-1_p08
585.234405765,629.224233404,43.989827639,Other,random,Carboxylation,43.989829280,RC2_0018_ICR-1_p08
641.209262010,685.199089650,43.989827639,Other,random,Carboxylation,43.989829280,RC2_0018_ICR-1_p08
671.089867988,715.079695627,43.989827639,Other,random,Carboxylation,43.989829280,RC2_0018_ICR-1_p08
313.084699100,357.074526739,43.989827639,Other,random,Carboxylation,43.989829280,RC2_0018_ICR-1_p08
383.134591200,427.124418839,43.989827639,Other,random,Carboxylation,43.989829280,RC2_0018_ICR-1_p08
447.165896143,491.155723782,43.989827639,Other,random,Carboxylation,43.989829280,RC2_0018_ICR-1_p08
557.260564066,601.250391705,43.989827639,Other,random,Carboxylation,43.989829280,RC2_0018_ICR-1_p08
691.188377971,735.178206610,43.989828639,Other,random,Carboxylation,43.989829280,RC2_0018_ICR-1_p08
463.124489406,507.114318045,43.989828639,Other,random,Carboxylation,43.989829280,RC2_0018_ICR-1_p08
485.057208075,529.047036714,43.989828639,Other,random,Carboxylation,43.989829280,RC2_0018_ICR-1_p08
533.202791346,577.192619985,43.989828639,Other,random,Carboxylation,43.989829280,RC2_0018_ICR-1_p08
585.174872100,629.164700739,43.989828639,Other,random,Carboxylation,43.989829280,RC2_0018_ICR-1_p08
453.168508390,497.158337029,43.989828639,Other,random,Carboxylation,43.989829280,RC2_0018_ICR-1_p08
479.220235897,523.210065536,43.989829639,Other,random,Carboxylation,43.989829280,RC2_0018_ICR-1_p08
481.199660767,525.189490406,43.989829639,Other,random,Carboxylation,43.989829280,RC2_0018_ICR-1_p08
571.181980784,615.171810423,43.989829639,Other,random,Carboxylation,43.989829280,RC2_0018_ICR-1_p08
325.121149418,369.110979057,43.989829639,Other,random,Carboxylation,43.989829280,RC2_0018_ICR-1_p08
505.257441486,549.247271125,43.989829639,Other,random,Carboxylation,43.989829280,RC2_0018_ICR-1_p08
245.045631693,289.035461332,43.989829639,Other,random,Carboxylation,43.989829280,RC2_0018_ICR-1_p08
447.202157939,491.191988578,43.989830639,Other,random,Carboxylation,43.989829280,RC2_0018_ICR-1_p08
505.098740379,549.088571018,43.989830639,Other,random,Carboxylation,43.989829280,RC2_0018_ICR-1_p08
565.221141302,609.210971941,43.989830639,Other,random,Carboxylation,43.989829280,RC2_0018_ICR-1_p08
621.219289417,665.209120056,43.989830639,Other,random,Carboxylation,43.989829280,RC2_0018_ICR-1_p08
555.281210196,599.271041835,43.989831639,Other,random,Carboxylation,43.989829280,RC2_0018_ICR-1_p08
349.092643623,393.082475262,43.989831639,Other,random,Carboxylation,43.989829280,RC2_0018_ICR-1_p08
253.108223356,297.098054995,43.989831639,Other,random,Carboxylation,43.989829280,RC2_0018_ICR-1_p08
403.189022431,447.178854070,43.989831639,Other,random,Carboxylation,43.989829280,RC2_0018_ICR-1_p08
465.176451867,509.166284506,43.989832639,Other,random,Carboxylation,43.989829280,RC2_0018_ICR-1_p08
382.127214865,426.117047504,43.989832639,Other,random,Carboxylation,43.989829280,RC2_0018_ICR-1_p08
415.170481058,459.160313697,43.989832639,Other,random,Carboxylation,43.989829280,RC2_0018_ICR-1_p08
499.291127036,543.280959675,43.989832639,Other,random,Carboxylation,43.989829280,RC2_0018_ICR-1_p08
517.062378106,561.052210745,43.989832639,Other,random,Carboxylation,43.989829280,RC2_0018_ICR-1_p08
555.099244219,599.089076858,43.989832639,Other,random,Carboxylation,43.989829280,RC2_0018_ICR-1_p08
557.057391208,601.047223847,43.989832639,Other,random,Carboxylation,43.989829280,RC2_0018_ICR-1_p08
415.051698726,459.041532365,43.989833639,Other,random,Carboxylation,43.989829280,RC2_0018_ICR-1_p08
505.135115174,549.124948813,43.989833639,Other,random,Carboxylation,43.989829280,RC2_0018_ICR-1_p08
437.100848740,481.090682379,43.989833639,Other,random,Carboxylation,43.989829280,RC2_0018_ICR-1_p08
450.067688826,494.057522465,43.989833639,Other,random,Carboxylation,43.989829280,RC2_0018_ICR-1_p08
477.262278907,521.252112546,43.989833639,Other,random,Carboxylation,43.989829280,RC2_0018_ICR-1_p08
487.191634073,531.181467712,43.989833639,Other,random,Carboxylation,43.989829280,RC2_0018_ICR-1_p08
415.066942640,459.056776279,43.989833639,Other,random,Carboxylation,43.989829280,RC2_0018_ICR-1_p08
325.056400782,369.046235421,43.989834639,Other,random,Carboxylation,43.989829280,RC2_0018_ICR-1_p08
417.118983101,461.108817740,43.989834639,Other,random,Carboxylation,43.989829280,RC2_0018_ICR-1_p08
459.106246001,503.096080640,43.989834639,Other,random,Carboxylation,43.989829280,RC2_0018_ICR-1_p08
479.192105055,523.181939694,43.989834639,Other,random,Carboxylation,43.989829280,RC2_0018_ICR-1_p08
669.204073592,713.193909231,43.989835639,Other,random,Carboxylation,43.989829280,RC2_0018_ICR-1_p08
445.163371404,489.153207043,43.989835639,Other,random,Carboxylation,43.989829280,RC2_0018_ICR-1_p08
447.124015379,491.113851018,43.989835639,Other,random,Carboxylation,43.989829280,RC2_0018_ICR-1_p08
413.154765392,457.144602032,43.989836639,Other,random,Carboxylation,43.989829280,RC2_0018_ICR-1_p08
445.144684509,489.134521148,43.989836639,Other,random,Carboxylation,43.989829280,RC2_0018_ICR-1_p08
655.240030114,699.229866753,43.989836639,Other,random,Carboxylation,43.989829280,RC2_0018_ICR-1_p08
241.035486243,285.025322882,43.989836639,Other,random,Carboxylation,43.989829280,RC2_0018_ICR-1_p08
405.095520711,449.085357350,43.989836639,Other,random,Carboxylation,43.989829280,RC2_0018_ICR-1_p08
387.084980986,431.074818626,43.989837639,Other,random,Carboxylation,43.989829280,RC2_0018_ICR-1_p08
334.093073967,378.082911606,43.989837639,Other,random,Carboxylation,43.989829280,RC2_0018_ICR-1_p08
455.147708260,499.137545899,43.989837639,Other,random,Carboxylation,43.989829280,RC2_0018_ICR-1_p08
323.040768116,367.030606755,43.989838639,Other,random,Carboxylation,43.989829280,RC2_0018_ICR-1_p08
324.103091142,368.092929781,43.989838639,Other,random,Carboxylation,43.989829280,RC2_0018_ICR-1_p08
379.131628709,423.121467348,43.989838639,Other,random,Carboxylation,43.989829280,RC2_0018_ICR-1_p08
429.095608755,473.085447394,43.989838639,Other,random,Carboxylation,43.989829280,RC2_0018_ICR-1_p08
359.134577155,403.124415795,43.989838639,Other,random,Carboxylation,43.989829280,RC2_0018_ICR-1_p08
401.051288452,445.041127091,43.989838639,Other,random,Carboxylation,43.989829280,RC2_0018_ICR-1_p08
569.260483588,613.250322227,43.989838639,Other,random,Carboxylation,43.989829280,RC2_0018_ICR-1_p08
417.113416132,461.103236772,43.989820639,Other,random,Carboxylation_CO2,43.989830000,RC2_0018_ICR-1_p08
239.128991963,283.118813603,43.989821639,Other,random,Carboxylation_CO2,43.989830000,RC2_0018_ICR-1_p08
507.223498431,551.213320070,43.989821639,Other,random,Carboxylation_CO2,43.989830000,RC2_0018_ICR-1_p08
275.092516736,319.082338375,43.989821639,Other,random,Carboxylation_CO2,43.989830000,RC2_0018_ICR-1_p08
343.085475402,387.075297041,43.989821639,Other,random,Carboxylation_CO2,43.989830000,RC2_0018_ICR-1_p08
362.088110547,406.077932186,43.989821639,Other,random,Carboxylation_CO2,43.989830000,RC2_0018_ICR-1_p08
439.189155997,483.178977637,43.989821639,Other,random,Carboxylation_CO2,43.989830000,RC2_0018_ICR-1_p08
522.088926841,566.078749480,43.989822639,Other,random,Carboxylation_CO2,43.989830000,RC2_0018_ICR-1_p08
311.105509230,355.095331869,43.989822639,Other,random,Carboxylation_CO2,43.989830000,RC2_0018_ICR-1_p08
323.069143956,367.058966596,43.989822639,Other,random,Carboxylation_CO2,43.989830000,RC2_0018_ICR-1_p08
399.194146895,443.183969534,43.989822639,Other,random,Carboxylation_CO2,43.989830000,RC2_0018_ICR-1_p08
401.173548765,445.163371404,43.989822639,Other,random,Carboxylation_CO2,43.989830000,RC2_0018_ICR-1_p08
381.204814051,425.194636691,43.989822639,Other,random,Carboxylation_CO2,43.989830000,RC2_0018_ICR-1_p08
465.212867663,509.202691302,43.989823639,Other,random,Carboxylation_CO2,43.989830000,RC2_0018_ICR-1_p08
253.035448766,297.025272405,43.989823639,Other,random,Carboxylation_CO2,43.989830000,RC2_0018_ICR-1_p08
439.116384407,483.106208046,43.989823639,Other,random,Carboxylation_CO2,43.989830000,RC2_0018_ICR-1_p08
453.212787141,497.202610780,43.989823639,Other,random,Carboxylation_CO2,43.989830000,RC2_0018_ICR-1_p08
490.135453519,534.125277159,43.989823639,Other,random,Carboxylation_CO2,43.989830000,RC2_0018_ICR-1_p08
544.109683015,588.099506654,43.989823639,Other,random,Carboxylation_CO2,43.989830000,RC2_0018_ICR-1_p08
318.098286908,362.088110547,43.989823639,Other,random,Carboxylation_CO2,43.989830000,RC2_0018_ICR-1_p08
389.064304856,433.054128496,43.989823639,Other,random,Carboxylation_CO2,43.989830000,RC2_0018_ICR-1_p08
503.119455509,547.109279148,43.989823639,Other,random,Carboxylation_CO2,43.989830000,RC2_0018_ICR-1_p08
259.024854086,303.014678725,43.989824639,Other,random,Carboxylation_CO2,43.989830000,RC2_0018_ICR-1_p08
413.064295901,457.054120540,43.989824639,Other,random,Carboxylation_CO2,43.989830000,RC2_0018_ICR-1_p08
431.111355420,475.101180059,43.989824639,Other,random,Carboxylation_CO2,43.989830000,RC2_0018_ICR-1_p08
449.035877628,493.025702267,43.989824639,Other,random,Carboxylation_CO2,43.989830000,RC2_0018_ICR-1_p08
465.132070117,509.121894756,43.989824639,Other,random,Carboxylation_CO2,43.989830000,RC2_0018_ICR-1_p08
391.189141908,435.178966547,43.989824639,Other,random,Carboxylation_CO2,43.989830000,RC2_0018_ICR-1_p08
408.093431853,452.083256492,43.989824639,Other,random,Carboxylation_CO2,43.989830000,RC2_0018_ICR-1_p08
535.218544011,579.208368650,43.989824639,Other,random,Carboxylation_CO2,43.989830000,RC2_0018_ICR-1_p08
607.167062434,651.156887074,43.989824639,Other,random,Carboxylation_CO2,43.989830000,RC2_0018_ICR-1_p08
371.053836132,415.043661771,43.989825639,Other,random,Carboxylation_CO2,43.989830000,RC2_0018_ICR-1_p08
393.155263852,437.145089492,43.989825639,Other,random,Carboxylation_CO2,43.989830000,RC2_0018_ICR-1_p08
517.244333082,561.234158722,43.989825639,Other,random,Carboxylation_CO2,43.989830000,RC2_0018_ICR-1_p08
521.215665751,565.205491390,43.989825639,Other,random,Carboxylation_CO2,43.989830000,RC2_0018_ICR-1_p08
523.145683898,567.135509537,43.989825639,Other,random,Carboxylation_CO2,43.989830000,RC2_0018_ICR-1_p08
587.249924431,631.239751070,43.989826639,Other,random,Carboxylation_CO2,43.989830000,RC2_0018_ICR-1_p08
399.144775173,443.134601812,43.989826639,Other,random,Carboxylation_CO2,43.989830000,RC2_0018_ICR-1_p08
431.183931012,475.173757651,43.989826639,Other,random,Carboxylation_CO2,43.989830000,RC2_0018_ICR-1_p08
507.236636357,551.226462996,43.989826639,Other,random,Carboxylation_CO2,43.989830000,RC2_0018_ICR-1_p08
553.156403144,597.146229783,43.989826639,Other,random,Carboxylation_CO2,43.989830000,RC2_0018_ICR-1_p08
587.140826045,631.130652684,43.989826639,Other,random,Carboxylation_CO2,43.989830000,RC2_0018_ICR-1_p08
627.120540233,671.110366872,43.989826639,Other,random,Carboxylation_CO2,43.989830000,RC2_0018_ICR-1_p08
363.121434737,407.111262376,43.989827639,Other,random,Carboxylation_CO2,43.989830000,RC2_0018_ICR-1_p08
445.090490813,489.080318453,43.989827639,Other,random,Carboxylation_CO2,43.989830000,RC2_0018_ICR-1_p08
459.202373460,503.192201099,43.989827639,Other,random,Carboxylation_CO2,43.989830000,RC2_0018_ICR-1_p08
547.254855329,591.244682968,43.989827639,Other,random,Carboxylation_CO2,43.989830000,RC2_0018_ICR-1_p08
585.234405765,629.224233404,43.989827639,Other,random,Carboxylation_CO2,43.989830000,RC2_0018_ICR-1_p08
641.209262010,685.199089650,43.989827639,Other,random,Carboxylation_CO2,43.989830000,RC2_0018_ICR-1_p08
671.089867988,715.079695627,43.989827639,Other,random,Carboxylation_CO2,43.989830000,RC2_0018_ICR-1_p08
313.084699100,357.074526739,43.989827639,Other,random,Carboxylation_CO2,43.989830000,RC2_0018_ICR-1_p08
383.134591200,427.124418839,43.989827639,Other,random,Carboxylation_CO2,43.989830000,RC2_0018_ICR-1_p08
447.165896143,491.155723782,43.989827639,Other,random,Carboxylation_CO2,43.989830000,RC2_0018_ICR-1_p08
557.260564066,601.250391705,43.989827639,Other,random,Carboxylation_CO2,43.989830000,RC2_0018_ICR-1_p08
691.188377971,735.178206610,43.989828639,Other,random,Carboxylation_CO2,43.989830000,RC2_0018_ICR-1_p08
463.124489406,507.114318045,43.989828639,Other,random,Carboxylation_CO2,43.989830000,RC2_0018_ICR-1_p08
485.057208075,529.047036714,43.989828639,Other,random,Carboxylation_CO2,43.989830000,RC2_0018_ICR-1_p08
533.202791346,577.192619985,43.989828639,Other,random,Carboxylation_CO2,43.989830000,RC2_0018_ICR-1_p08
585.174872100,629.164700739,43.989828639,Other,random,Carboxylation_CO2,43.989830000,RC2_0018_ICR-1_p08
453.168508390,497.158337029,43.989828639,Other,random,Carboxylation_CO2,43.989830000,RC2_0018_ICR-1_p08
479.220235897,523.210065536,43.989829639,Other,random,Carboxylation_CO2,43.989830000,RC2_0018_ICR-1_p08
481.199660767,525.189490406,43.989829639,Other,random,Carboxylation_CO2,43.989830000,RC2_0018_ICR-1_p08
571.181980784,615.171810423,43.989829639,Other,random,Carboxylation_CO2,43.989830000,RC2_0018_ICR-1_p08
325.121149418,369.110979057,43.989829639,Other,random,Carboxylation_CO2,43.989830000,RC2_0018_ICR-1_p08
505.257441486,549.247271125,43.989829639,Other,random,Carboxylation_CO2,43.989830000,RC2_0018_ICR-1_p08
245.045631693,289.035461332,43.989829639,Other,random,Carboxylation_CO2,43.989830000,RC2_0018_ICR-1_p08
447.202157939,491.191988578,43.989830639,Other,random,Carboxylation_CO2,43.989830000,RC2_0018_ICR-1_p08
505.098740379,549.088571018,43.989830639,Other,random,Carboxylation_CO2,43.989830000,RC2_0018_ICR-1_p08
565.221141302,609.210971941,43.989830639,Other,random,Carboxylation_CO2,43.989830000,RC2_0018_ICR-1_p08
621.219289417,665.209120056,43.989830639,Other,random,Carboxylation_CO2,43.989830000,RC2_0018_ICR-1_p08
555.281210196,599.271041835,43.989831639,Other,random,Carboxylation_CO2,43.989830000,RC2_0018_ICR-1_p08
349.092643623,393.082475262,43.989831639,Other,random,Carboxylation_CO2,43.989830000,RC2_0018_ICR-1_p08
253.108223356,297.098054995,43.989831639,Other,random,Carboxylation_CO2,43.989830000,RC2_0018_ICR-1_p08
403.189022431,447.178854070,43.989831639,Other,random,Carboxylation_CO2,43.989830000,RC2_0018_ICR-1_p08
465.176451867,509.166284506,43.989832639,Other,random,Carboxylation_CO2,43.989830000,RC2_0018_ICR-1_p08
382.127214865,426.117047504,43.989832639,Other,random,Carboxylation_CO2,43.989830000,RC2_0018_ICR-1_p08
415.170481058,459.160313697,43.989832639,Other,random,Carboxylation_CO2,43.989830000,RC2_0018_ICR-1_p08
499.291127036,543.280959675,43.989832639,Other,random,Carboxylation_CO2,43.989830000,RC2_0018_ICR-1_p08
517.062378106,561.052210745,43.989832639,Other,random,Carboxylation_CO2,43.989830000,RC2_0018_ICR-1_p08
555.099244219,599.089076858,43.989832639,Other,random,Carboxylation_CO2,43.989830000,RC2_0018_ICR-1_p08
557.057391208,601.047223847,43.989832639,Other,random,Carboxylation_CO2,43.989830000,RC2_0018_ICR-1_p08
415.051698726,459.041532365,43.989833639,Other,random,Carboxylation_CO2,43.989830000,RC2_0018_ICR-1_p08
505.135115174,549.124948813,43.989833639,Other,random,Carboxylation_CO2,43.989830000,RC2_0018_ICR-1_p08
437.100848740,481.090682379,43.989833639,Other,random,Carboxylation_CO2,43.989830000,RC2_0018_ICR-1_p08
450.067688826,494.057522465,43.989833639,Other,random,Carboxylation_CO2,43.989830000,RC2_0018_ICR-1_p08
477.262278907,521.252112546,43.989833639,Other,random,Carboxylation_CO2,43.989830000,RC2_0018_ICR-1_p08
487.191634073,531.181467712,43.989833639,Other,random,Carboxylation_CO2,43.989830000,RC2_0018_ICR-1_p08
415.066942640,459.056776279,43.989833639,Other,random,Carboxylation_CO2,43.989830000,RC2_0018_ICR-1_p08
325.056400782,369.046235421,43.989834639,Other,random,Carboxylation_CO2,43.989830000,RC2_0018_ICR-1_p08
417.118983101,461.108817740,43.989834639,Other,random,Carboxylation_CO2,43.989830000,RC2_0018_ICR-1_p08
459.106246001,503.096080640,43.989834639,Other,random,Carboxylation_CO2,43.989830000,RC2_0018_ICR-1_p08
479.192105055,523.181939694,43.989834639,Other,random,Carboxylation_CO2,43.989830000,RC2_0018_ICR-1_p08
669.204073592,713.193909231,43.989835639,Other,random,Carboxylation_CO2,43.989830000,RC2_0018_ICR-1_p08
445.163371404,489.153207043,43.989835639,Other,random,Carboxylation_CO2,43.989830000,RC2_0018_ICR-1_p08
447.124015379,491.113851018,43.989835639,Other,random,Carboxylation_CO2,43.989830000,RC2_0018_ICR-1_p08
413.154765392,457.144602032,43.989836639,Other,random,Carboxylation_CO2,43.989830000,RC2_0018_ICR-1_p08
445.144684509,489.134521148,43.989836639,Other,random,Carboxylation_CO2,43.989830000,RC2_0018_ICR-1_p08
655.240030114,699.229866753,43.989836639,Other,random,Carboxylation_CO2,43.989830000,RC2_0018_ICR-1_p08
241.035486243,285.025322882,43.989836639,Other,random,Carboxylation_CO2,43.989830000,RC2_0018_ICR-1_p08
405.095520711,449.085357350,43.989836639,Other,random,Carboxylation_CO2,43.989830000,RC2_0018_ICR-1_p08
387.084980986,431.074818626,43.989837639,Other,random,Carboxylation_CO2,43.989830000,RC2_0018_ICR-1_p08
334.093073967,378.082911606,43.989837639,Other,random,Carboxylation_CO2,43.989830000,RC2_0018_ICR-1_p08
455.147708260,499.137545899,43.989837639,Other,random,Carboxylation_CO2,43.989830000,RC2_0018_ICR-1_p08
323.040768116,367.030606755,43.989838639,Other,random,Carboxylation_CO2,43.989830000,RC2_0018_ICR-1_p08
324.103091142,368.092929781,43.989838639,Other,random,Carboxylation_CO2,43.989830000,RC2_0018_ICR-1_p08
379.131628709,423.121467348,43.989838639,Other,random,Carboxylation_CO2,43.989830000,RC2_0018_ICR-1_p08
429.095608755,473.085447394,43.989838639,Other,random,Carboxylation_CO2,43.989830000,RC2_0018_ICR-1_p08
359.134577155,403.124415795,43.989838639,Other,random,Carboxylation_CO2,43.989830000,RC2_0018_ICR-1_p08
401.051288452,445.041127091,43.989838639,Other,random,Carboxylation_CO2,43.989830000,RC2_0018_ICR-1_p08
569.260483588,613.250322227,43.989838639,Other,random,Carboxylation_CO2,43.989830000,RC2_0018_ICR-1_p08
479.046519874,523.036359513,43.989839639,Other,random,Carboxylation_CO2,43.989830000,RC2_0018_ICR-1_p08
309.134276314,353.124115953,43.989839639,Other,random,Carboxylation_CO2,43.989830000,RC2_0018_ICR-1_p08
450.104088621,494.093928260,43.989839639,Other,random,Carboxylation_CO2,43.989830000,RC2_0018_ICR-1_p08
457.041030614,501.030870253,43.989839639,Other,random,Carboxylation_CO2,43.989830000,RC2_0018_ICR-1_p08
554.187967343,598.177806982,43.989839639,Other,random,Carboxylation_CO2,43.989830000,RC2_0018_ICR-1_p08
637.250352272,681.240191911,43.989839639,Other,random,Carboxylation_CO2,43.989830000,RC2_0018_ICR-1_p08
270.061906023,314.051745662,43.989839639,Other,random,Carboxylation_CO2,43.989830000,RC2_0018_ICR-1_p08
429.176582300,473.166421939,43.989839639,Other,random,Carboxylation_CO2,43.989830000,RC2_0018_ICR-1_p08
519.127495493,563.117335132,43.989839639,Other,random,Carboxylation_CO2,43.989830000,RC2_0018_ICR-1_p08
577.205652912,621.219289417,44.013636505,Other,random,carbamoyl P transfer (-H2PO4),44.013638720,RC2_0018_ICR-1_p08
577.242042707,621.255680212,44.013637505,Other,random,carbamoyl P transfer (-H2PO4),44.013638720,RC2_0018_ICR-1_p08
519.272874676,563.286520181,44.013645505,Other,random,carbamoyl P transfer (-H2PO4),44.013638720,RC2_0018_ICR-1_p08
523.231318417,567.244964922,44.013646505,Other,random,carbamoyl P transfer (-H2PO4),44.013638720,RC2_0018_ICR-1_p08
231.030005505,275.056210940,44.026205435,Other,random,C2H4O1,44.026215000,RC2_0018_ICR-1_p08
574.120331261,618.146536695,44.026205435,Other,random,C2H4O1,44.026215000,RC2_0018_ICR-1_p08
278.103435805,322.129641239,44.026205435,Other,random,C2H4O1,44.026215000,RC2_0018_ICR-1_p08
377.064416333,421.090621768,44.026205435,Other,random,C2H4O1,44.026215000,RC2_0018_ICR-1_p08
587.104447249,631.130652684,44.026205435,Other,random,C2H4O1,44.026215000,RC2_0018_ICR-1_p08
335.126517156,379.152723591,44.026206435,Other,random,C2H4O1,44.026215000,RC2_0018_ICR-1_p08
353.087646158,397.113852593,44.026206435,Other,random,C2H4O1,44.026215000,RC2_0018_ICR-1_p08
457.244390470,501.270596905,44.026206435,Other,random,C2H4O1,44.026215000,RC2_0018_ICR-1_p08
557.143151726,601.169358160,44.026206435,Other,random,C2H4O1,44.026215000,RC2_0018_ICR-1_p08
573.161486653,617.187693087,44.026206435,Other,random,C2H4O1,44.026215000,RC2_0018_ICR-1_p08
543.223717997,587.249924431,44.026206435,Other,random,C2H4O1,44.026215000,RC2_0018_ICR-1_p08
625.214040954,669.240248388,44.026207435,Other,random,C2H4O1,44.026215000,RC2_0018_ICR-1_p08
423.142526230,467.168733664,44.026207435,Other,random,C2H4O1,44.026215000,RC2_0018_ICR-1_p08
471.129589392,515.155796827,44.026207435,Other,random,C2H4O1,44.026215000,RC2_0018_ICR-1_p08
339.157891487,383.184098922,44.026207435,Other,random,C2H4O1,44.026215000,RC2_0018_ICR-1_p08
401.027953583,445.054161018,44.026207435,Other,random,C2H4O1,44.026215000,RC2_0018_ICR-1_p08
459.056776279,503.082984714,44.026208435,Other,random,C2H4O1,44.026215000,RC2_0018_ICR-1_p08
383.025376814,427.051585249,44.026208435,Other,random,C2H4O1,44.026215000,RC2_0018_ICR-1_p08
505.098740379,549.124948813,44.026208435,Other,random,C2H4O1,44.026215000,RC2_0018_ICR-1_p08
621.182911621,665.209120056,44.026208435,Other,random,C2H4O1,44.026215000,RC2_0018_ICR-1_p08
253.108223356,297.134431791,44.026208435,Other,random,C2H4O1,44.026215000,RC2_0018_ICR-1_p08
677.136544986,721.162753421,44.026208435,Other,random,C2H4O1,44.026215000,RC2_0018_ICR-1_p08
507.272962153,551.299171587,44.026209435,Other,random,C2H4O1,44.026215000,RC2_0018_ICR-1_p08
313.121134895,357.147344330,44.026209435,Other,random,C2H4O1,44.026215000,RC2_0018_ICR-1_p08
345.118953967,389.145163402,44.026209435,Other,random,C2H4O1,44.026215000,RC2_0018_ICR-1_p08
419.129046798,463.155256233,44.026209435,Other,random,C2H4O1,44.026215000,RC2_0018_ICR-1_p08
508.072982654,552.099192089,44.026209435,Other,random,C2H4O1,44.026215000,RC2_0018_ICR-1_p08
379.103195869,423.129405304,44.026209435,Other,random,C2H4O1,44.026215000,RC2_0018_ICR-1_p08
253.035448766,297.061659200,44.026210435,Other,random,C2H4O1,44.026215000,RC2_0018_ICR-1_p08
522.088926841,566.115138275,44.026211435,Other,random,C2H4O1,44.026215000,RC2_0018_ICR-1_p08
551.140751478,595.166962913,44.026211435,Other,random,C2H4O1,44.026215000,RC2_0018_ICR-1_p08
607.195200276,651.221411711,44.026211435,Other,random,C2H4O1,44.026215000,RC2_0018_ICR-1_p08
355.103325824,399.129537258,44.026211435,Other,random,C2H4O1,44.026215000,RC2_0018_ICR-1_p08
419.207264358,463.233475793,44.026211435,Other,random,C2H4O1,44.026215000,RC2_0018_ICR-1_p08
371.134626678,415.160838112,44.026211435,Other,random,C2H4O1,44.026215000,RC2_0018_ICR-1_p08
429.085738810,473.111950245,44.026211435,Other,random,C2H4O1,44.026215000,RC2_0018_ICR-1_p08
481.207678722,525.233890156,44.026211435,Other,random,C2H4O1,44.026215000,RC2_0018_ICR-1_p08
515.168920753,559.195132187,44.026211435,Other,random,C2H4O1,44.026215000,RC2_0018_ICR-1_p08
545.057329686,589.083541121,44.026211435,Other,random,C2H4O1,44.026215000,RC2_0018_ICR-1_p08
455.074861670,499.101074104,44.026212435,Other,random,C2H4O1,44.026215000,RC2_0018_ICR-1_p08
397.041098002,441.067310436,44.026212435,Other,random,C2H4O1,44.026215000,RC2_0018_ICR-1_p08
460.124953273,504.151165707,44.026212435,Other,random,C2H4O1,44.026215000,RC2_0018_ICR-1_p08
592.130848985,636.157061420,44.026212435,Other,random,C2H4O1,44.026215000,RC2_0018_ICR-1_p08
459.202373460,503.228586895,44.026213435,Other,random,C2H4O1,44.026215000,RC2_0018_ICR-1_p08
491.077391223,535.103604657,44.026213435,Other,random,C2H4O1,44.026215000,RC2_0018_ICR-1_p08
350.088024025,394.114237460,44.026213435,Other,random,C2H4O1,44.026215000,RC2_0018_ICR-1_p08
607.058149047,651.084362481,44.026213435,Other,random,C2H4O1,44.026215000,RC2_0018_ICR-1_p08
471.041488887,515.067702322,44.026213435,Other,random,C2H4O1,44.026215000,RC2_0018_ICR-1_p08
385.223030456,429.249243891,44.026213435,Other,random,C2H4O1,44.026215000,RC2_0018_ICR-1_p08
569.215952839,613.242166273,44.026213435,Other,random,C2H4O1,44.026215000,RC2_0018_ICR-1_p08
663.229768186,707.255981621,44.026213435,Other,random,C2H4O1,44.026215000,RC2_0018_ICR-1_p08
419.056203208,463.082417642,44.026214435,Other,random,C2H4O1,44.026215000,RC2_0018_ICR-1_p08
485.057208075,529.083422510,44.026214435,Other,random,C2H4O1,44.026215000,RC2_0018_ICR-1_p08
533.179438477,577.205652912,44.026214435,Other,random,C2H4O1,44.026215000,RC2_0018_ICR-1_p08
537.052214700,581.078429134,44.026214435,Other,random,C2H4O1,44.026215000,RC2_0018_ICR-1_p08
575.104302728,619.130517162,44.026214435,Other,random,C2H4O1,44.026215000,RC2_0018_ICR-1_p08
657.146815391,701.173029826,44.026214435,Other,random,C2H4O1,44.026215000,RC2_0018_ICR-1_p08
407.147606172,451.173820606,44.026214435,Other,random,C2H4O1,44.026215000,RC2_0018_ICR-1_p08
489.140097116,533.166311551,44.026214435,Other,random,C2H4O1,44.026215000,RC2_0018_ICR-1_p08
378.082911606,422.109127041,44.026215434,Other,random,C2H4O1,44.026215000,RC2_0018_ICR-1_p08
465.103702276,509.129917711,44.026215434,Other,random,C2H4O1,44.026215000,RC2_0018_ICR-1_p08
593.224136837,637.250352272,44.026215434,Other,random,C2H4O1,44.026215000,RC2_0018_ICR-1_p08
441.204777663,485.230993098,44.026215434,Other,random,C2H4O1,44.026215000,RC2_0018_ICR-1_p08
511.101302626,555.127519060,44.026216434,Other,random,C2H4O1,44.026215000,RC2_0018_ICR-1_p08
256.082753630,300.108970065,44.026216434,Other,random,C2H4O1,44.026215000,RC2_0018_ICR-1_p08
517.111804828,561.138021262,44.026216434,Other,random,C2H4O1,44.026215000,RC2_0018_ICR-1_p08
357.155348285,401.181564719,44.026216434,Other,random,C2H4O1,44.026215000,RC2_0018_ICR-1_p08
491.205161504,535.231377939,44.026216434,Other,random,C2H4O1,44.026215000,RC2_0018_ICR-1_p08
355.022549278,399.048766712,44.026217434,Other,random,C2H4O1,44.026215000,RC2_0018_ICR-1_p08
256.046348835,300.072566269,44.026217434,Other,random,C2H4O1,44.026215000,RC2_0018_ICR-1_p08
396.065081490,440.091298925,44.026217434,Other,random,C2H4O1,44.026215000,RC2_0018_ICR-1_p08
413.027903106,457.054120540,44.026217434,Other,random,C2H4O1,44.026215000,RC2_0018_ICR-1_p08
513.031173774,557.057391208,44.026217434,Other,random,C2H4O1,44.026215000,RC2_0018_ICR-1_p08
523.072900308,567.099117742,44.026217434,Other,random,C2H4O1,44.026215000,RC2_0018_ICR-1_p08
539.205385592,583.231603027,44.026217434,Other,random,C2H4O1,44.026215000,RC2_0018_ICR-1_p08
589.047468323,633.073685758,44.026217434,Other,random,C2H4O1,44.026215000,RC2_0018_ICR-1_p08
327.121510169,371.147728604,44.026218434,Other,random,C2H4O1,44.026215000,RC2_0018_ICR-1_p08
345.038086422,389.064304856,44.026218434,Other,random,C2H4O1,44.026215000,RC2_0018_ICR-1_p08
471.087422629,515.113641064,44.026218434,Other,random,C2H4O1,44.026215000,RC2_0018_ICR-1_p08
347.162923474,391.189141908,44.026218434,Other,random,C2H4O1,44.026215000,RC2_0018_ICR-1_p08
435.215211344,479.241429778,44.026218434,Other,random,C2H4O1,44.026215000,RC2_0018_ICR-1_p08
521.231295663,565.257514098,44.026218434,Other,random,C2H4O1,44.026215000,RC2_0018_ICR-1_p08
573.125126857,617.151345291,44.026218434,Other,random,C2H4O1,44.026215000,RC2_0018_ICR-1_p08
367.030606755,411.056826189,44.026219434,Other,random,C2H4O1,44.026215000,RC2_0018_ICR-1_p08
422.080730201,466.106949635,44.026219434,Other,random,C2H4O1,44.026215000,RC2_0018_ICR-1_p08
572.235038862,616.261258297,44.026219434,Other,random,C2H4O1,44.026215000,RC2_0018_ICR-1_p08
323.126517634,367.152737068,44.026219434,Other,random,C2H4O1,44.026215000,RC2_0018_ICR-1_p08
375.102827364,419.129046798,44.026219434,Other,random,C2H4O1,44.026215000,RC2_0018_ICR-1_p08
383.053821654,427.080041089,44.026219434,Other,random,C2H4O1,44.026215000,RC2_0018_ICR-1_p08
487.101224581,531.127444016,44.026219434,Other,random,C2H4O1,44.026215000,RC2_0018_ICR-1_p08
619.057953570,663.084173005,44.026219434,Other,random,C2H4O1,44.026215000,RC2_0018_ICR-1_p08
397.150170389,441.176390823,44.026220434,Other,random,C2H4O1,44.026215000,RC2_0018_ICR-1_p08
539.104213161,583.130433596,44.026220434,Other,random,C2H4O1,44.026215000,RC2_0018_ICR-1_p08
539.241729388,583.267949822,44.026220434,Other,random,C2H4O1,44.026215000,RC2_0018_ICR-1_p08
370.056775738,414.082996173,44.026220434,Other,random,C2H4O1,44.026215000,RC2_0018_ICR-1_p08
243.123870500,287.150091934,44.026221434,Other,random,C2H4O1,44.026215000,RC2_0018_ICR-1_p08
333.110905490,377.137126925,44.026221434,Other,random,C2H4O1,44.026215000,RC2_0018_ICR-1_p08
435.178966547,479.205187982,44.026221434,Other,random,C2H4O1,44.026215000,RC2_0018_ICR-1_p08
455.082930625,499.109153059,44.026222434,Other,random,C2H4O1,44.026215000,RC2_0018_ICR-1_p08
323.069143956,367.095366391,44.026222434,Other,random,C2H4O1,44.026215000,RC2_0018_ICR-1_p08
429.249243891,473.275466325,44.026222434,Other,random,C2H4O1,44.026215000,RC2_0018_ICR-1_p08
571.145587988,615.171810423,44.026222434,Other,random,C2H4O1,44.026215000,RC2_0018_ICR-1_p08
683.271351490,727.297573924,44.026222434,Other,random,C2H4O1,44.026215000,RC2_0018_ICR-1_p08
373.077421753,417.103645187,44.026223434,Other,random,C2H4O1,44.026215000,RC2_0018_ICR-1_p08
550.120288216,594.146511651,44.026223434,Other,random,C2H4O1,44.026215000,RC2_0018_ICR-1_p08
445.041127091,489.067350525,44.026223434,Other,random,C2H4O1,44.026215000,RC2_0018_ICR-1_p08
467.205261459,511.231484893,44.026223434,Other,random,C2H4O1,44.026215000,RC2_0018_ICR-1_p08
331.058906029,375.085130463,44.026224434,Other,random,C2H4O1,44.026215000,RC2_0018_ICR-1_p08
262.093237832,306.119462267,44.026224434,Other,random,C2H4O1,44.026215000,RC2_0018_ICR-1_p08
417.059259437,461.085483871,44.026224434,Other,random,C2H4O1,44.026215000,RC2_0018_ICR-1_p08
420.093484375,464.119708810,44.026224434,Other,random,C2H4O1,44.026215000,RC2_0018_ICR-1_p08
459.069856206,503.096080640,44.026224434,Other,random,C2H4O1,44.026215000,RC2_0018_ICR-1_p08
459.077924160,503.104148595,44.026224434,Other,random,C2H4O1,44.026215000,RC2_0018_ICR-1_p08
555.236741446,599.262965880,44.026224434,Other,random,C2H4O1,44.026215000,RC2_0018_ICR-1_p08
629.115078018,673.141302452,44.026224434,Other,random,C2H4O1,44.026215000,RC2_0018_ICR-1_p08
231.051120386,275.077344821,44.026224434,Other,random,C2H4O1,44.026215000,RC2_0018_ICR-1_p08
322.093142445,366.155732675,44.062590230,Other,random,C3H8,44.062600000,RC2_0018_ICR-1_p08
330.061854635,374.124444865,44.062590230,Other,random,C3H8,44.062600000,RC2_0018_ICR-1_p08
347.162923474,391.225513704,44.062590230,Other,random,C3H8,44.062600000,RC2_0018_ICR-1_p08
405.155323374,449.217913604,44.062590230,Other,random,C3H8,44.062600000,RC2_0018_ICR-1_p08
315.064025970,359.126616200,44.062590230,Other,random,C3H8,44.062600000,RC2_0018_ICR-1_p08
575.213537114,619.276127344,44.062590230,Other,random,C3H8,44.062600000,RC2_0018_ICR-1_p08
597.218923374,641.281513604,44.062590230,Other,random,C3H8,44.062600000,RC2_0018_ICR-1_p08
663.229768186,707.292358416,44.062590230,Other,random,C3H8,44.062600000,RC2_0018_ICR-1_p08
367.095366391,411.157957621,44.062591230,Other,random,C3H8,44.062600000,RC2_0018_ICR-1_p08
491.205161504,535.267752734,44.062591230,Other,random,C3H8,44.062600000,RC2_0018_ICR-1_p08
327.144865038,371.207456268,44.062591230,Other,random,C3H8,44.062600000,RC2_0018_ICR-1_p08
369.110979057,413.173570287,44.062591230,Other,random,C3H8,44.062600000,RC2_0018_ICR-1_p08
403.030465323,447.093056553,44.062591230,Other,random,C3H8,44.062600000,RC2_0018_ICR-1_p08
413.100724696,457.163315926,44.062591230,Other,random,C3H8,44.062600000,RC2_0018_ICR-1_p08
603.062739514,647.125330744,44.062591230,Other,random,C3H8,44.062600000,RC2_0018_ICR-1_p08
392.111580721,436.174171951,44.062591230,Other,random,C3H8,44.062600000,RC2_0018_ICR-1_p08
321.134254837,365.196847066,44.062592230,Other,random,C3H8,44.062600000,RC2_0018_ICR-1_p08
557.166491595,601.229084825,44.062593230,Other,random,C3H8,44.062600000,RC2_0018_ICR-1_p08
439.116384407,483.178977637,44.062593230,Other,random,C3H8,44.062600000,RC2_0018_ICR-1_p08
381.147183376,425.209777605,44.062594230,Other,random,C3H8,44.062600000,RC2_0018_ICR-1_p08
415.079904567,459.142498797,44.062594230,Other,random,C3H8,44.062600000,RC2_0018_ICR-1_p08
597.125382900,641.187977130,44.062594230,Other,random,C3H8,44.062600000,RC2_0018_ICR-1_p08
371.040600206,415.103194436,44.062594230,Other,random,C3H8,44.062600000,RC2_0018_ICR-1_p08
403.043515249,447.106109479,44.062594230,Other,random,C3H8,44.062600000,RC2_0018_ICR-1_p08
439.152651203,483.215245433,44.062594230,Other,random,C3H8,44.062600000,RC2_0018_ICR-1_p08
447.020366961,491.082961191,44.062594230,Other,random,C3H8,44.062600000,RC2_0018_ICR-1_p08
453.140016550,497.202610780,44.062594230,Other,random,C3H8,44.062600000,RC2_0018_ICR-1_p08
635.198580809,679.261176039,44.062595230,Other,random,C3H8,44.062600000,RC2_0018_ICR-1_p08
315.108484720,359.171080950,44.062596230,Other,random,C3H8,44.062600000,RC2_0018_ICR-1_p08
487.088198655,531.150794884,44.062596230,Other,random,C3H8,44.062600000,RC2_0018_ICR-1_p08
473.072452467,517.135048697,44.062596230,Other,random,C3H8,44.062600000,RC2_0018_ICR-1_p08
585.161637174,629.224233404,44.062596230,Other,random,C3H8,44.062600000,RC2_0018_ICR-1_p08
345.097855086,389.160451316,44.062596230,Other,random,C3H8,44.062600000,RC2_0018_ICR-1_p08
389.123890521,433.186487751,44.062597230,Other,random,C3H8,44.062600000,RC2_0018_ICR-1_p08
627.120540233,671.183137463,44.062597230,Other,random,C3H8,44.062600000,RC2_0018_ICR-1_p08
597.088619107,641.151217337,44.062598230,Other,random,C3H8,44.062600000,RC2_0018_ICR-1_p08
427.152741680,471.215339910,44.062598230,Other,random,C3H8,44.062600000,RC2_0018_ICR-1_p08
299.150018457,343.212616687,44.062598230,Other,random,C3H8,44.062600000,RC2_0018_ICR-1_p08
315.050994044,359.113592273,44.062598230,Other,random,C3H8,44.062600000,RC2_0018_ICR-1_p08
339.121500692,383.184098922,44.062598230,Other,random,C3H8,44.062600000,RC2_0018_ICR-1_p08
339.144749561,383.207347791,44.062598230,Other,random,C3H8,44.062600000,RC2_0018_ICR-1_p08
371.061839087,415.124437317,44.062598230,Other,random,C3H8,44.062600000,RC2_0018_ICR-1_p08
456.049756188,500.112354418,44.062598230,Other,random,C3H8,44.062600000,RC2_0018_ICR-1_p08
467.119298942,511.181897172,44.062598230,Other,random,C3H8,44.062600000,RC2_0018_ICR-1_p08
471.142678318,515.205276548,44.062598230,Other,random,C3H8,44.062600000,RC2_0018_ICR-1_p08
517.165802524,561.228400754,44.062598230,Other,random,C3H8,44.062600000,RC2_0018_ICR-1_p08
533.130020755,577.192619985,44.062599230,Other,random,C3H8,44.062600000,RC2_0018_ICR-1_p08
413.173570287,457.236169517,44.062599230,Other,random,C3H8,44.062600000,RC2_0018_ICR-1_p08
471.150752273,515.213351503,44.062599230,Other,random,C3H8,44.062600000,RC2_0018_ICR-1_p08
405.077009815,449.139610045,44.062600230,Other,random,C3H8,44.062600000,RC2_0018_ICR-1_p08
449.181429810,493.244030039,44.062600230,Other,random,C3H8,44.062600000,RC2_0018_ICR-1_p08
541.075488077,585.138088306,44.062600230,Other,random,C3H8,44.062600000,RC2_0018_ICR-1_p08
455.061803743,499.124403973,44.062600230,Other,random,C3H8,44.062600000,RC2_0018_ICR-1_p08
469.171394403,513.233995633,44.062601230,Other,random,C3H8,44.062600000,RC2_0018_ICR-1_p08
555.208440605,599.271041835,44.062601230,Other,random,C3H8,44.062600000,RC2_0018_ICR-1_p08
647.234912127,691.297513357,44.062601230,Other,random,C3H8,44.062600000,RC2_0018_ICR-1_p08
245.045631693,289.108232923,44.062601230,Other,random,C3H8,44.062600000,RC2_0018_ICR-1_p08
331.103332779,375.165934009,44.062601230,Other,random,C3H8,44.062600000,RC2_0018_ICR-1_p08
367.152737068,411.215338298,44.062601230,Other,random,C3H8,44.062600000,RC2_0018_ICR-1_p08
375.121390259,419.183991489,44.062601230,Other,random,C3H8,44.062600000,RC2_0018_ICR-1_p08
409.126849042,453.189450272,44.062601230,Other,random,C3H8,44.062600000,RC2_0018_ICR-1_p08
451.160825679,495.223426909,44.062601230,Other,random,C3H8,44.062600000,RC2_0018_ICR-1_p08
553.099115466,597.161716696,44.062601230,Other,random,C3H8,44.062600000,RC2_0018_ICR-1_p08
389.100655652,433.163257882,44.062602230,Other,random,C3H8,44.062600000,RC2_0018_ICR-1_p08
403.051699203,447.114301433,44.062602230,Other,random,C3H8,44.062600000,RC2_0018_ICR-1_p08
517.075419032,561.138021262,44.062602230,Other,random,C3H8,44.062600000,RC2_0018_ICR-1_p08
548.104749550,592.167351780,44.062602230,Other,random,C3H8,44.062600000,RC2_0018_ICR-1_p08
237.076959502,281.139561732,44.062602230,Other,random,C3H8,44.062600000,RC2_0018_ICR-1_p08
400.030923190,444.093525420,44.062602230,Other,random,C3H8,44.062600000,RC2_0018_ICR-1_p08
371.025306292,415.087909522,44.062603230,Other,random,C3H8,44.062600000,RC2_0018_ICR-1_p08
361.092720145,405.155323374,44.062603230,Other,random,C3H8,44.062600000,RC2_0018_ICR-1_p08
455.228522806,499.291127036,44.062604230,Other,random,C3H8,44.062600000,RC2_0018_ICR-1_p08
521.194909868,565.257514098,44.062604230,Other,random,C3H8,44.062600000,RC2_0018_ICR-1_p08
533.179438477,577.242042707,44.062604230,Other,random,C3H8,44.062600000,RC2_0018_ICR-1_p08
633.146514348,677.209119578,44.062605230,Other,random,C3H8,44.062600000,RC2_0018_ICR-1_p08
233.045621171,277.108226401,44.062605230,Other,random,C3H8,44.062600000,RC2_0018_ICR-1_p08
441.059184482,485.121789712,44.062605230,Other,random,C3H8,44.062600000,RC2_0018_ICR-1_p08
513.233995633,557.296600863,44.062605230,Other,random,C3H8,44.062600000,RC2_0018_ICR-1_p08
395.171018518,439.233623747,44.062605230,Other,random,C3H8,44.062600000,RC2_0018_ICR-1_p08
308.041076461,352.103682691,44.062606230,Other,random,C3H8,44.062600000,RC2_0018_ICR-1_p08
413.064295901,457.126902131,44.062606230,Other,random,C3H8,44.062600000,RC2_0018_ICR-1_p08
417.132059028,461.194665257,44.062606230,Other,random,C3H8,44.062600000,RC2_0018_ICR-1_p08
253.035448766,297.098054995,44.062606230,Other,random,C3H8,44.062600000,RC2_0018_ICR-1_p08
520.073094176,564.135701406,44.062607230,Other,random,C3H8,44.062600000,RC2_0018_ICR-1_p08
365.014842090,409.077449320,44.062607230,Other,random,C3H8,44.062600000,RC2_0018_ICR-1_p08
445.054161018,489.116768248,44.062607230,Other,random,C3H8,44.062600000,RC2_0018_ICR-1_p08
713.245656940,757.308264170,44.062607230,Other,random,C3H8,44.062600000,RC2_0018_ICR-1_p08
361.050712381,405.113319611,44.062607230,Other,random,C3H8,44.062600000,RC2_0018_ICR-1_p08
491.168770709,535.231377939,44.062607230,Other,random,C3H8,44.062600000,RC2_0018_ICR-1_p08
559.145854464,603.208461694,44.062607230,Other,random,C3H8,44.062600000,RC2_0018_ICR-1_p08
406.077932186,450.140540416,44.062608230,Other,random,C3H8,44.062600000,RC2_0018_ICR-1_p08
425.137064014,469.199672244,44.062608230,Other,random,C3H8,44.062600000,RC2_0018_ICR-1_p08
358.069671144,402.132279373,44.062608230,Other,random,C3H8,44.062600000,RC2_0018_ICR-1_p08
361.019884554,405.082492784,44.062608230,Other,random,C3H8,44.062600000,RC2_0018_ICR-1_p08
479.119331465,523.181939694,44.062608230,Other,random,C3H8,44.062600000,RC2_0018_ICR-1_p08
371.113439797,415.176048027,44.062608230,Other,random,C3H8,44.062600000,RC2_0018_ICR-1_p08
323.040768116,367.103377346,44.062609230,Other,random,C3H8,44.062600000,RC2_0018_ICR-1_p08
397.041098002,441.103707232,44.062609230,Other,random,C3H8,44.062600000,RC2_0018_ICR-1_p08
455.111377465,499.173986694,44.062609230,Other,random,C3H8,44.062600000,RC2_0018_ICR-1_p08
523.072900308,567.135509537,44.062609230,Other,random,C3H8,44.062600000,RC2_0018_ICR-1_p08
629.151335814,673.213945044,44.062609230,Other,random,C3H8,44.062600000,RC2_0018_ICR-1_p08
397.069323843,441.131933073,44.062609230,Other,random,C3H8,44.062600000,RC2_0018_ICR-1_p08
589.192786506,633.255395736,44.062609230,Other,random,C3H8,44.062600000,RC2_0018_ICR-1_p08
351.108297288,395.207272314,44.098975025,Other,random,C4H12O_1,44.098985000,RC2_0018_ICR-1_p08
343.095244347,387.194219372,44.098975025,Other,random,C4H12O_1,44.098985000,RC2_0018_ICR-1_p08
387.056790145,431.155765170,44.098975025,Other,random,C4H12O_1,44.098985000,RC2_0018_ICR-1_p08
403.066921118,447.165896143,44.098975025,Other,random,C4H12O_1,44.098985000,RC2_0018_ICR-1_p08
605.187624565,649.286599590,44.098975025,Other,random,C4H12O_1,44.098985000,RC2_0018_ICR-1_p08
317.066613709,361.165589735,44.098976025,Other,random,C4H12O_1,44.098985000,RC2_0018_ICR-1_p08
528.078475161,572.177452186,44.098977025,Other,random,C4H12O_1,44.098985000,RC2_0018_ICR-1_p08
393.076904293,437.175881318,44.098977025,Other,random,C4H12O_1,44.098985000,RC2_0018_ICR-1_p08
419.147673694,463.246650719,44.098977025,Other,random,C4H12O_1,44.098985000,RC2_0018_ICR-1_p08
507.127485971,551.226462996,44.098977025,Other,random,C4H12O_1,44.098985000,RC2_0018_ICR-1_p08
329.060927264,373.159905289,44.098978025,Other,random,C4H12O_1,44.098985000,RC2_0018_ICR-1_p08
546.089065884,590.188043910,44.098978025,Other,random,C4H12O_1,44.098985000,RC2_0018_ICR-1_p08
589.120143915,633.219121940,44.098978025,Other,random,C4H12O_1,44.098985000,RC2_0018_ICR-1_p08
785.230475159,829.329453185,44.098978025,Other,random,C4H12O_1,44.098985000,RC2_0018_ICR-1_p08
313.048365305,357.147344330,44.098979025,Other,random,C4H12O_1,44.098985000,RC2_0018_ICR-1_p08
517.148154623,561.247133649,44.098979025,Other,random,C4H12O_1,44.098985000,RC2_0018_ICR-1_p08
401.072481333,445.171461358,44.098980025,Other,random,C4H12O_1,44.098985000,RC2_0018_ICR-1_p08
561.052210745,605.151190770,44.098980025,Other,random,C4H12O_1,44.098985000,RC2_0018_ICR-1_p08
561.088644540,605.187624565,44.098980025,Other,random,C4H12O_1,44.098985000,RC2_0018_ICR-1_p08
393.095518188,437.194498214,44.098980025,Other,random,C4H12O_1,44.098985000,RC2_0018_ICR-1_p08
371.071500032,415.170481058,44.098981025,Other,random,C4H12O_1,44.098985000,RC2_0018_ICR-1_p08
397.105796638,441.204777663,44.098981025,Other,random,C4H12O_1,44.098985000,RC2_0018_ICR-1_p08
469.135013608,513.233995633,44.098982025,Other,random,C4H12O_1,44.098985000,RC2_0018_ICR-1_p08
491.168770709,535.267752734,44.098982025,Other,random,C4H12O_1,44.098985000,RC2_0018_ICR-1_p08
309.097919519,353.196901544,44.098982025,Other,random,C4H12O_1,44.098985000,RC2_0018_ICR-1_p08
343.045791625,387.144773650,44.098982025,Other,random,C4H12O_1,44.098985000,RC2_0018_ICR-1_p08
383.043974710,427.142956735,44.098982025,Other,random,C4H12O_1,44.098985000,RC2_0018_ICR-1_p08
371.090062928,415.189045953,44.098983025,Other,random,C4H12O_1,44.098985000,RC2_0018_ICR-1_p08
253.035448766,297.134431791,44.098983025,Other,random,C4H12O_1,44.098985000,RC2_0018_ICR-1_p08
423.142526230,467.241510255,44.098984025,Other,random,C4H12O_1,44.098985000,RC2_0018_ICR-1_p08
371.077064001,415.176048027,44.098984025,Other,random,C4H12O_1,44.098985000,RC2_0018_ICR-1_p08
569.078616611,613.177600636,44.098984025,Other,random,C4H12O_1,44.098985000,RC2_0018_ICR-1_p08
463.087972611,507.186957636,44.098985025,Other,random,C4H12O_1,44.098985000,RC2_0018_ICR-1_p08
311.105509230,355.204494255,44.098985025,Other,random,C4H12O_1,44.098985000,RC2_0018_ICR-1_p08
353.043211408,397.142196433,44.098985025,Other,random,C4H12O_1,44.098985000,RC2_0018_ICR-1_p08
449.085357350,493.184342375,44.098985025,Other,random,C4H12O_1,44.098985000,RC2_0018_ICR-1_p08
489.031035730,533.130020755,44.098985025,Other,random,C4H12O_1,44.098985000,RC2_0018_ICR-1_p08
571.036497602,615.135482627,44.098985025,Other,random,C4H12O_1,44.098985000,RC2_0018_ICR-1_p08
603.099469307,647.198455332,44.098986025,Other,random,C4H12O_1,44.098985000,RC2_0018_ICR-1_p08
691.115708380,735.214694405,44.098986025,Other,random,C4H12O_1,44.098985000,RC2_0018_ICR-1_p08
373.077421753,417.176408778,44.098987025,Other,random,C4H12O_1,44.098985000,RC2_0018_ICR-1_p08
385.113696071,429.212683097,44.098987025,Other,random,C4H12O_1,44.098985000,RC2_0018_ICR-1_p08
321.097860041,365.196847066,44.098987025,Other,random,C4H12O_1,44.098985000,RC2_0018_ICR-1_p08
548.104749550,592.203737575,44.098988025,Other,random,C4H12O_1,44.098985000,RC2_0018_ICR-1_p08
285.040472797,329.139460822,44.098988025,Other,random,C4H12O_1,44.098985000,RC2_0018_ICR-1_p08
292.046318402,336.145306427,44.098988025,Other,random,C4H12O_1,44.098985000,RC2_0018_ICR-1_p08
233.045621171,277.144609196,44.098988025,Other,random,C4H12O_1,44.098985000,RC2_0018_ICR-1_p08
359.071511510,403.170499535,44.098988025,Other,random,C4H12O_1,44.098985000,RC2_0018_ICR-1_p08
517.111804828,561.210792853,44.098988025,Other,random,C4H12O_1,44.098985000,RC2_0018_ICR-1_p08
518.188102775,562.287090801,44.098988025,Other,random,C4H12O_1,44.098985000,RC2_0018_ICR-1_p08
649.141561406,693.240549431,44.098988025,Other,random,C4H12O_1,44.098985000,RC2_0018_ICR-1_p08
419.074816103,463.173805128,44.098989025,Other,random,C4H12O_1,44.098985000,RC2_0018_ICR-1_p08
465.103702276,509.202691302,44.098989025,Other,random,C4H12O_1,44.098985000,RC2_0018_ICR-1_p08
455.155689215,499.254678241,44.098989025,Other,random,C4H12O_1,44.098985000,RC2_0018_ICR-1_p08
347.040717161,391.139706186,44.098989025,Other,random,C4H12O_1,44.098985000,RC2_0018_ICR-1_p08
487.082477687,531.181467712,44.098990025,Other,random,C4H12O_1,44.098985000,RC2_0018_ICR-1_p08
435.056833234,479.155823259,44.098990025,Other,random,C4H12O_1,44.098985000,RC2_0018_ICR-1_p08
268.046363357,312.145353382,44.098990025,Other,random,C4H12O_1,44.098985000,RC2_0018_ICR-1_p08
555.099244219,599.198234244,44.098990025,Other,random,C4H12O_1,44.098985000,RC2_0018_ICR-1_p08
585.138088306,629.237078332,44.098990025,Other,random,C4H12O_1,44.098985000,RC2_0018_ICR-1_p08
367.058966596,411.157957621,44.098991025,Other,random,C4H12O_1,44.098985000,RC2_0018_ICR-1_p08
393.132103983,437.231095008,44.098991025,Other,random,C4H12O_1,44.098985000,RC2_0018_ICR-1_p08
587.104447249,631.203438275,44.098991025,Other,random,C4H12O_1,44.098985000,RC2_0018_ICR-1_p08
401.064379378,445.163371404,44.098992025,Other,random,C4H12O_1,44.098985000,RC2_0018_ICR-1_p08
519.091061698,563.190053723,44.098992025,Other,random,C4H12O_1,44.098985000,RC2_0018_ICR-1_p08
379.030413278,423.129405304,44.098992025,Other,random,C4H12O_1,44.098985000,RC2_0018_ICR-1_p08
619.057953570,663.156946596,44.098993025,Other,random,C4H12O_1,44.098985000,RC2_0018_ICR-1_p08
421.054063974,465.153057999,44.098994025,Other,random,C4H12O_1,44.098985000,RC2_0018_ICR-1_p08
425.100678219,469.199672244,44.098994025,Other,random,C4H12O_1,44.098985000,RC2_0018_ICR-1_p08
563.140473002,607.239467027,44.098994025,Other,random,C4H12O_1,44.098985000,RC2_0018_ICR-1_p08
403.079860045,447.178854070,44.098994025,Other,random,C4H12O_1,44.098985000,RC2_0018_ICR-1_p08
441.030864641,485.129858667,44.098994025,Other,random,C4H12O_1,44.098985000,RC2_0018_ICR-1_p08
237.076959502,282.062028545,44.985069043,Other,random,H_1N1O2,44.985079000,RC2_0018_ICR-1_p08
265.071843083,310.056912126,44.985069043,Other,random,H_1N1O2,44.985079000,RC2_0018_ICR-1_p08
381.131978461,426.117047504,44.985069043,Other,random,H_1N1O2,44.985079000,RC2_0018_ICR-1_p08
473.181647853,518.166719896,44.985072043,Other,random,H_1N1O2,44.985079000,RC2_0018_ICR-1_p08
313.108102969,358.093177011,44.985074043,Other,random,H_1N1O2,44.985079000,RC2_0018_ICR-1_p08
344.090484750,389.075558793,44.985074043,Other,random,H_1N1O2,44.985079000,RC2_0018_ICR-1_p08
243.123870500,288.108947542,44.985077043,Other,random,H_1N1O2,44.985079000,RC2_0018_ICR-1_p08
327.100399288,372.085476331,44.985077043,Other,random,H_1N1O2,44.985079000,RC2_0018_ICR-1_p08
517.135048697,562.120126740,44.985078043,Other,random,H_1N1O2,44.985079000,RC2_0018_ICR-1_p08
251.092540691,296.077618733,44.985078043,Other,random,H_1N1O2,44.985079000,RC2_0018_ICR-1_p08
337.121062940,382.106141983,44.985079043,Other,random,H_1N1O2,44.985079000,RC2_0018_ICR-1_p08
583.203223186,628.188302229,44.985079043,Other,random,H_1N1O2,44.985079000,RC2_0018_ICR-1_p08
369.131878939,414.116958982,44.985080043,Other,random,H_1N1O2,44.985079000,RC2_0018_ICR-1_p08
438.092695163,483.077775206,44.985080043,Other,random,H_1N1O2,44.985079000,RC2_0018_ICR-1_p08
441.118922146,486.104004189,44.985082043,Other,random,H_1N1O2,44.985079000,RC2_0018_ICR-1_p08
401.160463838,446.145545881,44.985082043,Other,random,H_1N1O2,44.985079000,RC2_0018_ICR-1_p08
529.098763423,574.083845466,44.985082043,Other,random,H_1N1O2,44.985079000,RC2_0018_ICR-1_p08
297.061659200,342.046742243,44.985083043,Other,random,H_1N1O2,44.985079000,RC2_0018_ICR-1_p08
401.051288452,446.036372495,44.985084043,Other,random,H_1N1O2,44.985079000,RC2_0018_ICR-1_p08
521.130053232,566.115138275,44.985085043,Other,random,H_1N1O2,44.985079000,RC2_0018_ICR-1_p08
424.076995975,469.062082018,44.985086043,Other,random,H_1N1O2,44.985079000,RC2_0018_ICR-1_p08
306.098296386,351.083384428,44.985088043,Other,random,H_1N1O2,44.985079000,RC2_0018_ICR-1_p08
496.195111445,541.192766417,44.997654972,Other,random,CHO2,44.997654320,RC2_0018_ICR-1_p08
436.051976638,481.062199540,45.010222901,Other,random,C2H3N_1O2,45.010231000,RC2_0018_ICR-1_p08
548.104749550,593.114973451,45.010223901,Other,random,C2H3N_1O2,45.010231000,RC2_0018_ICR-1_p08
312.072382793,357.082606694,45.010223901,Other,random,C2H3N_1O2,45.010231000,RC2_0018_ICR-1_p08
308.126951978,353.137176880,45.010224901,Other,random,C2H3N_1O2,45.010231000,RC2_0018_ICR-1_p08
446.072735290,491.082961191,45.010225901,Other,random,C2H3N_1O2,45.010231000,RC2_0018_ICR-1_p08
586.177964459,631.188190360,45.010225901,Other,random,C2H3N_1O2,45.010231000,RC2_0018_ICR-1_p08
330.061854635,375.072082537,45.010227901,Other,random,C2H3N_1O2,45.010231000,RC2_0018_ICR-1_p08
276.051290344,321.061522246,45.010231901,Other,random,C2H3N_1O2,45.010231000,RC2_0018_ICR-1_p08
350.051620230,395.061853131,45.010232901,Other,random,C2H3N_1O2,45.010231000,RC2_0018_ICR-1_p08
340.067302373,385.077536275,45.010233901,Other,random,C2H3N_1O2,45.010231000,RC2_0018_ICR-1_p08
322.093142445,367.103377346,45.010234901,Other,random,C2H3N_1O2,45.010231000,RC2_0018_ICR-1_p08
316.046147448,361.056382349,45.010234901,Other,random,C2H3N_1O2,45.010231000,RC2_0018_ICR-1_p08
478.171700793,523.181939694,45.010238901,Other,random,C2H3N_1O2,45.010231000,RC2_0018_ICR-1_p08
496.073322130,541.083562031,45.010239901,Other,random,C2H3N_1O2,45.010231000,RC2_0018_ICR-1_p08
442.077958753,487.088198655,45.010239901,Other,random,C2H3N_1O2,45.010231000,RC2_0018_ICR-1_p08
236.056493241,281.066734142,45.010240901,Other,random,C2H3N_1O2,45.010231000,RC2_0018_ICR-1_p08
572.177452186,617.187693087,45.010240901,Other,random,C2H3N_1O2,45.010231000,RC2_0018_ICR-1_p08
273.134387746,318.155843585,45.021455838,Other,random,CH3NO,45.021464000,RC2_0018_ICR-1_p08
435.056833234,480.078289072,45.021455838,Other,random,CH3NO,45.021464000,RC2_0018_ICR-1_p08
389.087704725,434.109160563,45.021455838,Other,random,CH3NO,45.021464000,RC2_0018_ICR-1_p08
403.139730708,448.161186547,45.021455838,Other,random,CH3NO,45.021464000,RC2_0018_ICR-1_p08
407.061800654,452.083256492,45.021455838,Other,random,CH3NO,45.021464000,RC2_0018_ICR-1_p08
345.025170495,390.046627333,45.021456838,Other,random,CH3NO,45.021464000,RC2_0018_ICR-1_p08
527.104293638,572.125750477,45.021456838,Other,random,CH3NO,45.021464000,RC2_0018_ICR-1_p08
349.142133344,394.163591182,45.021457838,Other,random,CH3NO,45.021464000,RC2_0018_ICR-1_p08
357.110821535,402.132279373,45.021457838,Other,random,CH3NO,45.021464000,RC2_0018_ICR-1_p08
491.082961191,536.104419030,45.021457838,Other,random,CH3NO,45.021464000,RC2_0018_ICR-1_p08
555.208440605,600.229898443,45.021457838,Other,random,CH3NO,45.021464000,RC2_0018_ICR-1_p08
519.078013771,564.099472609,45.021458838,Other,random,CH3NO,45.021464000,RC2_0018_ICR-1_p08
415.079904567,460.101363405,45.021458838,Other,random,CH3NO,45.021464000,RC2_0018_ICR-1_p08
255.051107431,300.072566269,45.021458838,Other,random,CH3NO,45.021464000,RC2_0018_ICR-1_p08
347.040717161,392.062176999,45.021459838,Other,random,CH3NO,45.021464000,RC2_0018_ICR-1_p08
429.119014623,474.140476461,45.021461838,Other,random,CH3NO,45.021464000,RC2_0018_ICR-1_p08
321.061522246,366.082986084,45.021463838,Other,random,CH3NO,45.021464000,RC2_0018_ICR-1_p08
393.132103983,438.153568821,45.021464838,Other,random,CH3NO,45.021464000,RC2_0018_ICR-1_p08
383.040847727,428.062313565,45.021465838,Other,random,CH3NO,45.021464000,RC2_0018_ICR-1_p08
377.100616130,422.122082968,45.021466838,Other,random,CH3NO,45.021464000,RC2_0018_ICR-1_p08
381.131978461,426.153445299,45.021466838,Other,random,CH3NO,45.021464000,RC2_0018_ICR-1_p08
535.109358625,580.130826463,45.021467838,Other,random,CH3NO,45.021464000,RC2_0018_ICR-1_p08
403.030465323,448.051934161,45.021468838,Other,random,CH3NO,45.021464000,RC2_0018_ICR-1_p08
239.056189373,284.077658211,45.021468838,Other,random,CH3NO,45.021464000,RC2_0018_ICR-1_p08
297.025272405,342.046742243,45.021469838,Other,random,CH3NO,45.021464000,RC2_0018_ICR-1_p08
463.051512816,508.072982654,45.021469838,Other,random,CH3NO,45.021464000,RC2_0018_ICR-1_p08
345.061430291,390.082904129,45.021473838,Other,random,CH3NO,45.021464000,RC2_0018_ICR-1_p08
239.019818577,284.077658211,45.057839634,Other,random,C2H7N1,45.057849000,RC2_0018_ICR-1_p08
429.082634828,474.140476461,45.057841634,Other,random,C2H7N1,45.057849000,RC2_0018_ICR-1_p08
455.061803743,500.119645377,45.057841634,Other,random,C2H7N1,45.057849000,RC2_0018_ICR-1_p08
399.035682786,444.093525420,45.057842634,Other,random,C2H7N1,45.057849000,RC2_0018_ICR-1_p08
481.090682379,526.148525013,45.057842634,Other,random,C2H7N1,45.057849000,RC2_0018_ICR-1_p08
503.213410980,548.271253614,45.057842634,Other,random,C2H7N1,45.057849000,RC2_0018_ICR-1_p08
413.100724696,458.158568330,45.057843634,Other,random,C2H7N1,45.057849000,RC2_0018_ICR-1_p08
549.161272609,594.219116243,45.057843634,Other,random,C2H7N1,45.057849000,RC2_0018_ICR-1_p08
660.146212525,705.204056159,45.057843634,Other,random,C2H7N1,45.057849000,RC2_0018_ICR-1_p08
405.046243988,450.104088621,45.057844634,Other,random,C2H7N1,45.057849000,RC2_0018_ICR-1_p08
231.051120386,276.108965020,45.057844634,Other,random,C2H7N1,45.057849000,RC2_0018_ICR-1_p08
523.036359513,568.094207147,45.057847633,Other,random,C2H7N1,45.057849000,RC2_0018_ICR-1_p08
553.119958349,598.177806982,45.057848633,Other,random,C2H7N1,45.057849000,RC2_0018_ICR-1_p08
515.104171117,560.162020750,45.057849633,Other,random,C2H7N1,45.057849000,RC2_0018_ICR-1_p08
561.052210745,606.110061378,45.057850633,Other,random,C2H7N1,45.057849000,RC2_0018_ICR-1_p08
585.182818055,630.240668688,45.057850633,Other,random,C2H7N1,45.057849000,RC2_0018_ICR-1_p08
308.041076461,353.098929095,45.057852633,Other,random,C2H7N1,45.057849000,RC2_0018_ICR-1_p08
463.137514333,508.195368966,45.057854633,Other,random,C2H7N1,45.057849000,RC2_0018_ICR-1_p08
573.088682062,618.146536695,45.057854633,Other,random,C2H7N1,45.057849000,RC2_0018_ICR-1_p08
543.171901288,588.229755922,45.057854633,Other,random,C2H7N1,45.057849000,RC2_0018_ICR-1_p08
345.038086422,390.095942055,45.057855633,Other,random,C2H7N1,45.057849000,RC2_0018_ICR-1_p08
567.172019332,612.229876966,45.057857633,Other,random,C2H7N1,45.057849000,RC2_0018_ICR-1_p08
513.031173774,558.089031407,45.057857633,Other,random,C2H7N1,45.057849000,RC2_0018_ICR-1_p08
277.071783606,322.129641239,45.057857633,Other,random,C2H7N1,45.057849000,RC2_0018_ICR-1_p08
401.087688247,446.145545881,45.057857633,Other,random,C2H7N1,45.057849000,RC2_0018_ICR-1_p08
363.194244327,409.163329837,45.969085509,Other,random,H_2O3,45.969095000,RC2_0018_ICR-1_p08
427.197336429,473.166421939,45.969085509,Other,random,H_2O3,45.969095000,RC2_0018_ICR-1_p08
443.098265016,489.067350525,45.969085509,Other,random,H_2O3,45.969095000,RC2_0018_ICR-1_p08
455.147708260,501.116793770,45.969085509,Other,random,H_2O3,45.969095000,RC2_0018_ICR-1_p08
647.161948538,693.131034047,45.969085509,Other,random,H_2O3,45.969095000,RC2_0018_ICR-1_p08
415.097642467,461.066728977,45.969086509,Other,random,H_2O3,45.969095000,RC2_0018_ICR-1_p08
307.045929057,353.015015567,45.969086509,Other,random,H_2O3,45.969095000,RC2_0018_ICR-1_p08
355.176065415,401.145151924,45.969086509,Other,random,H_2O3,45.969095000,RC2_0018_ICR-1_p08
403.139730708,449.108817218,45.969086509,Other,random,H_2O3,45.969095000,RC2_0018_ICR-1_p08
447.215254866,493.184342375,45.969087509,Other,random,H_2O3,45.969095000,RC2_0018_ICR-1_p08
481.127144174,527.096231684,45.969087509,Other,random,H_2O3,45.969095000,RC2_0018_ICR-1_p08
387.111541837,433.080629347,45.969087509,Other,random,H_2O3,45.969095000,RC2_0018_ICR-1_p08
579.281115241,625.250202750,45.969087509,Other,random,H_2O3,45.969095000,RC2_0018_ICR-1_p08
391.139706186,437.108794696,45.969088509,Other,random,H_2O3,45.969095000,RC2_0018_ICR-1_p08
509.194747346,555.163835856,45.969088509,Other,random,H_2O3,45.969095000,RC2_0018_ICR-1_p08
389.173446243,435.142534752,45.969088509,Other,random,H_2O3,45.969095000,RC2_0018_ICR-1_p08
381.074393785,427.043483294,45.969089509,Other,random,H_2O3,45.969095000,RC2_0018_ICR-1_p08
599.250118953,645.219208462,45.969089509,Other,random,H_2O3,45.969095000,RC2_0018_ICR-1_p08
621.182911621,667.152001131,45.969089509,Other,random,H_2O3,45.969095000,RC2_0018_ICR-1_p08
257.139457688,303.108547198,45.969089509,Other,random,H_2O3,45.969095000,RC2_0018_ICR-1_p08
315.144827516,361.113917025,45.969089509,Other,random,H_2O3,45.969095000,RC2_0018_ICR-1_p08
421.223101023,467.192190533,45.969089509,Other,random,H_2O3,45.969095000,RC2_0018_ICR-1_p08
429.140164504,475.109254014,45.969089509,Other,random,H_2O3,45.969095000,RC2_0018_ICR-1_p08
319.240800484,365.209890993,45.969090509,Other,random,H_2O3,45.969095000,RC2_0018_ICR-1_p08
431.111355420,477.080445930,45.969090509,Other,random,H_2O3,45.969095000,RC2_0018_ICR-1_p08
448.088431956,494.057522465,45.969090509,Other,random,H_2O3,45.969095000,RC2_0018_ICR-1_p08
429.132088550,475.101180059,45.969091509,Other,random,H_2O3,45.969095000,RC2_0018_ICR-1_p08
343.082119421,389.051210930,45.969091509,Other,random,H_2O3,45.969095000,RC2_0018_ICR-1_p08
478.099151201,524.068242711,45.969091509,Other,random,H_2O3,45.969095000,RC2_0018_ICR-1_p08
381.204814051,427.173905561,45.969091509,Other,random,H_2O3,45.969095000,RC2_0018_ICR-1_p08
251.128963486,297.098054995,45.969091509,Other,random,H_2O3,45.969095000,RC2_0018_ICR-1_p08
357.082606694,403.051699203,45.969092509,Other,random,H_2O3,45.969095000,RC2_0018_ICR-1_p08
562.156730534,608.125823043,45.969092509,Other,random,H_2O3,45.969095000,RC2_0018_ICR-1_p08
486.104004189,532.073097698,45.969093509,Other,random,H_2O3,45.969095000,RC2_0018_ICR-1_p08
233.045621171,279.014714681,45.969093509,Other,random,H_2O3,45.969095000,RC2_0018_ICR-1_p08
497.139654134,543.108747643,45.969093509,Other,random,H_2O3,45.969095000,RC2_0018_ICR-1_p08
541.171732535,587.140826045,45.969093509,Other,random,H_2O3,45.969095000,RC2_0018_ICR-1_p08
701.282329211,747.251422721,45.969093509,Other,random,H_2O3,45.969095000,RC2_0018_ICR-1_p08
249.040526230,295.009621739,45.969095509,Other,random,H_2O3,45.969095000,RC2_0018_ICR-1_p08
392.098594794,438.067690304,45.969095509,Other,random,H_2O3,45.969095000,RC2_0018_ICR-1_p08
404.134993112,450.104088621,45.969095509,Other,random,H_2O3,45.969095000,RC2_0018_ICR-1_p08
735.287389996,781.256485506,45.969095509,Other,random,H_2O3,45.969095000,RC2_0018_ICR-1_p08
334.093073967,380.062170477,45.969096509,Other,random,H_2O3,45.969095000,RC2_0018_ICR-1_p08
439.124344362,485.093440871,45.969096509,Other,random,H_2O3,45.969095000,RC2_0018_ICR-1_p08
625.214040954,671.183137463,45.969096509,Other,random,H_2O3,45.969095000,RC2_0018_ICR-1_p08
683.198485899,729.167582409,45.969096509,Other,random,H_2O3,45.969095000,RC2_0018_ICR-1_p08
445.199674200,491.168770709,45.969096509,Other,random,H_2O3,45.969095000,RC2_0018_ICR-1_p08
453.131977595,499.101074104,45.969096509,Other,random,H_2O3,45.969095000,RC2_0018_ICR-1_p08
653.209102534,699.178200043,45.969097509,Other,random,H_2O3,45.969095000,RC2_0018_ICR-1_p08
519.223541953,565.192639462,45.969097509,Other,random,H_2O3,45.969095000,RC2_0018_ICR-1_p08
385.092747189,431.061844698,45.969097509,Other,random,H_2O3,45.969095000,RC2_0018_ICR-1_p08
617.224202882,663.193301391,45.969098509,Other,random,H_2O3,45.969095000,RC2_0018_ICR-1_p08
365.196847066,411.165945576,45.969098509,Other,random,H_2O3,45.969095000,RC2_0018_ICR-1_p08
377.154817825,423.123916335,45.969098509,Other,random,H_2O3,45.969095000,RC2_0018_ICR-1_p08
427.124418839,473.093517349,45.969098509,Other,random,H_2O3,45.969095000,RC2_0018_ICR-1_p08
353.079667203,399.048766712,45.969099509,Other,random,H_2O3,45.969095000,RC2_0018_ICR-1_p08
453.176517345,499.145616854,45.969099509,Other,random,H_2O3,45.969095000,RC2_0018_ICR-1_p08
443.220533328,489.189632838,45.969099509,Other,random,H_2O3,45.969095000,RC2_0018_ICR-1_p08
519.127495493,565.096595003,45.969099509,Other,random,H_2O3,45.969095000,RC2_0018_ICR-1_p08
473.181647853,519.150747362,45.969099509,Other,random,H_2O3,45.969095000,RC2_0018_ICR-1_p08
515.168920753,561.138021262,45.969100509,Other,random,H_2O3,45.969095000,RC2_0018_ICR-1_p08
327.063989493,373.033090002,45.969100509,Other,random,H_2O3,45.969095000,RC2_0018_ICR-1_p08
311.113506185,357.082606694,45.969100509,Other,random,H_2O3,45.969095000,RC2_0018_ICR-1_p08
313.092795055,359.061895564,45.969100509,Other,random,H_2O3,45.969095000,RC2_0018_ICR-1_p08
373.178573184,419.147673694,45.969100509,Other,random,H_2O3,45.969095000,RC2_0018_ICR-1_p08
347.077144956,393.046246465,45.969101509,Other,random,H_2O3,45.969095000,RC2_0018_ICR-1_p08
471.187039069,517.156140578,45.969101509,Other,random,H_2O3,45.969095000,RC2_0018_ICR-1_p08
473.194808779,519.163910288,45.969101509,Other,random,H_2O3,45.969095000,RC2_0018_ICR-1_p08
477.225943111,523.195044621,45.969101509,Other,random,H_2O3,45.969095000,RC2_0018_ICR-1_p08
481.199660767,527.168762276,45.969101509,Other,random,H_2O3,45.969095000,RC2_0018_ICR-1_p08
597.198131491,643.167233001,45.969101509,Other,random,H_2O3,45.969095000,RC2_0018_ICR-1_p08
479.192105055,525.161206565,45.969101509,Other,random,H_2O3,45.969095000,RC2_0018_ICR-1_p08
609.182713100,655.151815610,45.969102509,Other,random,H_2O3,45.969095000,RC2_0018_ICR-1_p08
329.152287750,375.121390259,45.969102509,Other,random,H_2O3,45.969095000,RC2_0018_ICR-1_p08
483.160419741,529.129522250,45.969102509,Other,random,H_2O3,45.969095000,RC2_0018_ICR-1_p08
405.155323374,451.124426884,45.969103509,Other,random,H_2O3,45.969095000,RC2_0018_ICR-1_p08
551.249819865,597.218923374,45.969103509,Other,random,H_2O3,45.969095000,RC2_0018_ICR-1_p08
345.061430291,391.030533800,45.969103509,Other,random,H_2O3,45.969095000,RC2_0018_ICR-1_p08
451.170550624,497.139654134,45.969103509,Other,random,H_2O3,45.969095000,RC2_0018_ICR-1_p08
507.114318045,553.083422554,45.969104509,Other,random,H_2O3,45.969095000,RC2_0018_ICR-1_p08
449.181429810,495.150534319,45.969104509,Other,random,H_2O3,45.969095000,RC2_0018_ICR-1_p08
452.156266082,498.125370591,45.969104509,Other,random,H_2O3,45.969095000,RC2_0018_ICR-1_p08
419.134597767,465.103702276,45.969104509,Other,random,H_2O3,45.969095000,RC2_0018_ICR-1_p08
253.035448766,299.040919070,46.005470305,Other,random,C1H2O2,46.005480000,RC2_0018_ICR-1_p08
417.191579693,463.197049998,46.005470305,Other,random,C1H2O2,46.005480000,RC2_0018_ICR-1_p08
434.109160563,480.114630868,46.005470305,Other,random,C1H2O2,46.005480000,RC2_0018_ICR-1_p08
453.176517345,499.181987649,46.005470305,Other,random,C1H2O2,46.005480000,RC2_0018_ICR-1_p08
458.109070608,504.114541913,46.005471305,Other,random,C1H2O2,46.005480000,RC2_0018_ICR-1_p08
471.160331219,517.165802524,46.005471305,Other,random,C1H2O2,46.005480000,RC2_0018_ICR-1_p08
391.116397317,437.121868622,46.005471305,Other,random,C1H2O2,46.005480000,RC2_0018_ICR-1_p08
460.052045683,506.057516987,46.005471305,Other,random,C1H2O2,46.005480000,RC2_0018_ICR-1_p08
587.249924431,633.255395736,46.005471305,Other,random,C1H2O2,46.005480000,RC2_0018_ICR-1_p08
467.155823737,513.161296042,46.005472305,Other,random,C1H2O2,46.005480000,RC2_0018_ICR-1_p08
473.194808779,519.200281084,46.005472305,Other,random,C1H2O2,46.005480000,RC2_0018_ICR-1_p08
361.165589735,407.171062040,46.005472305,Other,random,C1H2O2,46.005480000,RC2_0018_ICR-1_p08
375.121390259,421.126862564,46.005472305,Other,random,C1H2O2,46.005480000,RC2_0018_ICR-1_p08
383.126616245,429.132088550,46.005472305,Other,random,C1H2O2,46.005480000,RC2_0018_ICR-1_p08
418.114236505,464.119708810,46.005472305,Other,random,C1H2O2,46.005480000,RC2_0018_ICR-1_p08
509.158362551,555.163835856,46.005473305,Other,random,C1H2O2,46.005480000,RC2_0018_ICR-1_p08
285.126192315,331.131665620,46.005473305,Other,random,C1H2O2,46.005480000,RC2_0018_ICR-1_p08
469.126956653,515.132429958,46.005473305,Other,random,C1H2O2,46.005480000,RC2_0018_ICR-1_p08
593.224136837,639.229610142,46.005473305,Other,random,C1H2O2,46.005480000,RC2_0018_ICR-1_p08
245.045631693,291.051104998,46.005473305,Other,random,C1H2O2,46.005480000,RC2_0018_ICR-1_p08
457.199825721,503.205300026,46.005474305,Other,random,C1H2O2,46.005480000,RC2_0018_ICR-1_p08
445.077486887,491.082961191,46.005474305,Other,random,C1H2O2,46.005480000,RC2_0018_ICR-1_p08
541.184646463,587.190120768,46.005474305,Other,random,C1H2O2,46.005480000,RC2_0018_ICR-1_p08
434.072813767,480.078289072,46.005475305,Other,random,C1H2O2,46.005480000,RC2_0018_ICR-1_p08
651.266199459,697.271674764,46.005475305,Other,random,C1H2O2,46.005480000,RC2_0018_ICR-1_p08
787.318783416,833.324258721,46.005475305,Other,random,C1H2O2,46.005480000,RC2_0018_ICR-1_p08
381.204814051,427.210289356,46.005475305,Other,random,C1H2O2,46.005480000,RC2_0018_ICR-1_p08
502.062709451,548.068184756,46.005475305,Other,random,C1H2O2,46.005480000,RC2_0018_ICR-1_p08
583.231603027,629.237078332,46.005475305,Other,random,C1H2O2,46.005480000,RC2_0018_ICR-1_p08
431.220466807,477.225943111,46.005476305,Other,random,C1H2O2,46.005480000,RC2_0018_ICR-1_p08
405.191569171,451.197045475,46.005476305,Other,random,C1H2O2,46.005480000,RC2_0018_ICR-1_p08
471.142678318,517.148154623,46.005476305,Other,random,C1H2O2,46.005480000,RC2_0018_ICR-1_p08
349.056375827,395.061853131,46.005477305,Other,random,C1H2O2,46.005480000,RC2_0018_ICR-1_p08
449.108817218,495.114294523,46.005477305,Other,random,C1H2O2,46.005480000,RC2_0018_ICR-1_p08
619.239817548,665.245294853,46.005477305,Other,random,C1H2O2,46.005480000,RC2_0018_ICR-1_p08
233.045621171,279.051098476,46.005477305,Other,random,C1H2O2,46.005480000,RC2_0018_ICR-1_p08
337.056318305,383.061796609,46.005478305,Other,random,C1H2O2,46.005480000,RC2_0018_ICR-1_p08
429.204746141,475.210224446,46.005478305,Other,random,C1H2O2,46.005480000,RC2_0018_ICR-1_p08
453.168508390,499.173986694,46.005478305,Other,random,C1H2O2,46.005480000,RC2_0018_ICR-1_p08
551.140751478,597.146229783,46.005478305,Other,random,C1H2O2,46.005480000,RC2_0018_ICR-1_p08
327.050940566,373.056418871,46.005478305,Other,random,C1H2O2,46.005480000,RC2_0018_ICR-1_p08
425.036009583,471.041488887,46.005479305,Other,random,C1H2O2,46.005480000,RC2_0018_ICR-1_p08
483.041557409,529.047036714,46.005479305,Other,random,C1H2O2,46.005480000,RC2_0018_ICR-1_p08
599.177077363,645.182556668,46.005479305,Other,random,C1H2O2,46.005480000,RC2_0018_ICR-1_p08
512.083552102,558.089031407,46.005479305,Other,random,C1H2O2,46.005480000,RC2_0018_ICR-1_p08
573.088682062,619.094161367,46.005479305,Other,random,C1H2O2,46.005480000,RC2_0018_ICR-1_p08
313.165601645,359.171080950,46.005479305,Other,random,C1H2O2,46.005480000,RC2_0018_ICR-1_p08
357.110821535,403.116300840,46.005479305,Other,random,C1H2O2,46.005480000,RC2_0018_ICR-1_p08
405.168341301,451.173820606,46.005479305,Other,random,C1H2O2,46.005480000,RC2_0018_ICR-1_p08
443.220533328,489.226012633,46.005479305,Other,random,C1H2O2,46.005480000,RC2_0018_ICR-1_p08
348.145192950,394.150673255,46.005480305,Other,random,C1H2O2,46.005480000,RC2_0018_ICR-1_p08
249.040526230,295.046006534,46.005480305,Other,random,C1H2O2,46.005480000,RC2_0018_ICR-1_p08
377.051371407,423.056851712,46.005480305,Other,random,C1H2O2,46.005480000,RC2_0018_ICR-1_p08
501.103798843,547.109279148,46.005480305,Other,random,C1H2O2,46.005480000,RC2_0018_ICR-1_p08
357.038033945,403.043515249,46.005481305,Other,random,C1H2O2,46.005480000,RC2_0018_ICR-1_p08
293.175787051,339.181268356,46.005481305,Other,random,C1H2O2,46.005480000,RC2_0018_ICR-1_p08
313.121134895,359.126616200,46.005481305,Other,random,C1H2O2,46.005480000,RC2_0018_ICR-1_p08
409.077449320,455.082930625,46.005481305,Other,random,C1H2O2,46.005480000,RC2_0018_ICR-1_p08
409.041086524,455.046568829,46.005482305,Other,random,C1H2O2,46.005480000,RC2_0018_ICR-1_p08
359.053821610,405.059303914,46.005482305,Other,random,C1H2O2,46.005480000,RC2_0018_ICR-1_p08
397.178487229,443.183969534,46.005482305,Other,random,C1H2O2,46.005480000,RC2_0018_ICR-1_p08
417.149773928,463.155256233,46.005482305,Other,random,C1H2O2,46.005480000,RC2_0018_ICR-1_p08
361.178668661,407.184150966,46.005482305,Other,random,C1H2O2,46.005480000,RC2_0018_ICR-1_p08
397.129119507,443.134601812,46.005482305,Other,random,C1H2O2,46.005480000,RC2_0018_ICR-1_p08
413.181593242,459.187075546,46.005482305,Other,random,C1H2O2,46.005480000,RC2_0018_ICR-1_p08
417.076935338,463.082417642,46.005482305,Other,random,C1H2O2,46.005480000,RC2_0018_ICR-1_p08
445.150241477,491.155723782,46.005482305,Other,random,C1H2O2,46.005480000,RC2_0018_ICR-1_p08
422.080730201,468.086213505,46.005483305,Other,random,C1H2O2,46.005480000,RC2_0018_ICR-1_p08
645.110225075,691.115708380,46.005483305,Other,random,C1H2O2,46.005480000,RC2_0018_ICR-1_p08
345.055881322,391.061364627,46.005483305,Other,random,C1H2O2,46.005480000,RC2_0018_ICR-1_p08
387.129489736,433.134973041,46.005483305,Other,random,C1H2O2,46.005480000,RC2_0018_ICR-1_p08
389.160451316,435.165934621,46.005483305,Other,random,C1H2O2,46.005480000,RC2_0018_ICR-1_p08
429.119014623,475.124497928,46.005483305,Other,random,C1H2O2,46.005480000,RC2_0018_ICR-1_p08
442.077958753,488.083442058,46.005483305,Other,random,C1H2O2,46.005480000,RC2_0018_ICR-1_p08
473.139552090,519.145035394,46.005483305,Other,random,C1H2O2,46.005480000,RC2_0018_ICR-1_p08
479.228406851,525.233890156,46.005483305,Other,random,C1H2O2,46.005480000,RC2_0018_ICR-1_p08
455.183960056,501.189443361,46.005483305,Other,random,C1H2O2,46.005480000,RC2_0018_ICR-1_p08
447.142632274,493.148116579,46.005484305,Other,random,C1H2O2,46.005480000,RC2_0018_ICR-1_p08
343.154967011,389.160451316,46.005484305,Other,random,C1H2O2,46.005480000,RC2_0018_ICR-1_p08
465.226000589,511.231484893,46.005484305,Other,random,C1H2O2,46.005480000,RC2_0018_ICR-1_p08
515.155796827,561.161281131,46.005484305,Other,random,C1H2O2,46.005480000,RC2_0018_ICR-1_p08
415.066942640,461.072426945,46.005484305,Other,random,C1H2O2,46.005480000,RC2_0018_ICR-1_p08
419.170967563,465.176451867,46.005484305,Other,random,C1H2O2,46.005480000,RC2_0018_ICR-1_p08
435.215211344,481.220695648,46.005484305,Other,random,C1H2O2,46.005480000,RC2_0018_ICR-1_p08
618.183214489,664.188699794,46.005485305,Other,random,C1H2O2,46.005480000,RC2_0018_ICR-1_p08
231.030005505,277.035490810,46.005485305,Other,random,C1H2O2,46.005480000,RC2_0018_ICR-1_p08
497.108903307,543.114389612,46.005486305,Other,random,C1H2O2,46.005480000,RC2_0018_ICR-1_p08
509.231255141,555.236741446,46.005486305,Other,random,C1H2O2,46.005480000,RC2_0018_ICR-1_p08
359.149837070,405.155323374,46.005486305,Other,random,C1H2O2,46.005480000,RC2_0018_ICR-1_p08
469.090405859,515.095892163,46.005486305,Other,random,C1H2O2,46.005480000,RC2_0018_ICR-1_p08
475.233581315,521.239067619,46.005486305,Other,random,C1H2O2,46.005480000,RC2_0018_ICR-1_p08
400.080340912,446.085828217,46.005487305,Other,random,C1H2O2,46.005480000,RC2_0018_ICR-1_p08
471.123881424,517.129368729,46.005487305,Other,random,C1H2O2,46.005480000,RC2_0018_ICR-1_p08
519.150747362,565.156234667,46.005487305,Other,random,C1H2O2,46.005480000,RC2_0018_ICR-1_p08
556.276640598,602.282127903,46.005487305,Other,random,C1H2O2,46.005480000,RC2_0018_ICR-1_p08
445.199674200,491.205161504,46.005487305,Other,random,C1H2O2,46.005480000,RC2_0018_ICR-1_p08
523.145683898,569.151171203,46.005487305,Other,random,C1H2O2,46.005480000,RC2_0018_ICR-1_p08
317.066613709,363.072102014,46.005488305,Other,random,C1H2O2,46.005480000,RC2_0018_ICR-1_p08
339.072047970,385.077536275,46.005488305,Other,random,C1H2O2,46.005480000,RC2_0018_ICR-1_p08
447.178854070,493.184342375,46.005488305,Other,random,C1H2O2,46.005480000,RC2_0018_ICR-1_p08
461.181469332,507.186957636,46.005488305,Other,random,C1H2O2,46.005480000,RC2_0018_ICR-1_p08
539.132600002,585.138088306,46.005488305,Other,random,C1H2O2,46.005480000,RC2_0018_ICR-1_p08
589.120143915,635.125632220,46.005488305,Other,random,C1H2O2,46.005480000,RC2_0018_ICR-1_p08
509.239208096,555.244696401,46.005488305,Other,random,C1H2O2,46.005480000,RC2_0018_ICR-1_p08
497.239051575,543.244539880,46.005488305,Other,random,C1H2O2,46.005480000,RC2_0018_ICR-1_p08
369.191555604,415.197044908,46.005489305,Other,random,C1H2O2,46.005480000,RC2_0018_ICR-1_p08
518.130212101,564.135701406,46.005489305,Other,random,C1H2O2,46.005480000,RC2_0018_ICR-1_p08
577.265535575,623.271024880,46.005489305,Other,random,C1H2O2,46.005480000,RC2_0018_ICR-1_p08
346.093105489,392.098594794,46.005489305,Other,random,C1H2O2,46.005480000,RC2_0018_ICR-1_p08
423.121467348,469.126956653,46.005489305,Other,random,C1H2O2,46.005480000,RC2_0018_ICR-1_p08
437.072285901,483.077775206,46.005489305,Other,random,C1H2O2,46.005480000,RC2_0018_ICR-1_p08
313.108102969,359.113592273,46.005489305,Other,random,C1H2O2,46.005480000,RC2_0018_ICR-1_p08
321.061522246,367.103377346,46.041855100,Other,random,C2H6O1,46.041865000,RC2_0018_ICR-1_p08
441.131933073,487.173788173,46.041855100,Other,random,C2H6O1,46.041865000,RC2_0018_ICR-1_p08
516.114875434,562.156730534,46.041855100,Other,random,C2H6O1,46.041865000,RC2_0018_ICR-1_p08
741.276927316,787.318783416,46.041856100,Other,random,C2H6O1,46.041865000,RC2_0018_ICR-1_p08
359.098238360,405.140094460,46.041856100,Other,random,C2H6O1,46.041865000,RC2_0018_ICR-1_p08
511.072942785,557.114798885,46.041856100,Other,random,C2H6O1,46.041865000,RC2_0018_ICR-1_p08
528.078475161,574.120331261,46.041856100,Other,random,C2H6O1,46.041865000,RC2_0018_ICR-1_p08
534.125277159,580.167133259,46.041856100,Other,random,C2H6O1,46.041865000,RC2_0018_ICR-1_p08
515.205276548,561.247133649,46.041857100,Other,random,C2H6O1,46.041865000,RC2_0018_ICR-1_p08
567.200309173,613.242166273,46.041857100,Other,random,C2H6O1,46.041865000,RC2_0018_ICR-1_p08
359.090145405,405.132003506,46.041858100,Other,random,C2H6O1,46.041865000,RC2_0018_ICR-1_p08
371.107915828,417.149773928,46.041858100,Other,random,C2H6O1,46.041865000,RC2_0018_ICR-1_p08
573.197959447,619.239817548,46.041858100,Other,random,C2H6O1,46.041865000,RC2_0018_ICR-1_p08
406.041398392,452.083256492,46.041858100,Other,random,C2H6O1,46.041865000,RC2_0018_ICR-1_p08
369.110979057,415.152838157,46.041859100,Other,random,C2H6O1,46.041865000,RC2_0018_ICR-1_p08
413.108696652,459.150555752,46.041859100,Other,random,C2H6O1,46.041865000,RC2_0018_ICR-1_p08
593.143654290,639.185513390,46.041859100,Other,random,C2H6O1,46.041865000,RC2_0018_ICR-1_p08
400.080340912,446.122201012,46.041860100,Other,random,C2H6O1,46.041865000,RC2_0018_ICR-1_p08
507.041562454,553.083422554,46.041860100,Other,random,C2H6O1,46.041865000,RC2_0018_ICR-1_p08
406.049399347,452.091259447,46.041860100,Other,random,C2H6O1,46.041865000,RC2_0018_ICR-1_p08
545.166493072,591.208353172,46.041860100,Other,random,C2H6O1,46.041865000,RC2_0018_ICR-1_p08
605.151190770,651.193050870,46.041860100,Other,random,C2H6O1,46.041865000,RC2_0018_ICR-1_p08
675.157073117,721.198933217,46.041860100,Other,random,C2H6O1,46.041865000,RC2_0018_ICR-1_p08
301.165699122,347.207560223,46.041861100,Other,random,C2H6O1,46.041865000,RC2_0018_ICR-1_p08
433.054128496,479.095989596,46.041861100,Other,random,C2H6O1,46.041865000,RC2_0018_ICR-1_p08
477.153183520,523.195044621,46.041861100,Other,random,C2H6O1,46.041865000,RC2_0018_ICR-1_p08
377.082055234,423.123916335,46.041861100,Other,random,C2H6O1,46.041865000,RC2_0018_ICR-1_p08
527.205106072,573.246967172,46.041861100,Other,random,C2H6O1,46.041865000,RC2_0018_ICR-1_p08
643.167233001,689.209094101,46.041861100,Other,random,C2H6O1,46.041865000,RC2_0018_ICR-1_p08
468.086213505,514.128074606,46.041861100,Other,random,C2H6O1,46.041865000,RC2_0018_ICR-1_p08
355.045826147,401.087688247,46.041862100,Other,random,C2H6O1,46.041865000,RC2_0018_ICR-1_p08
473.072452467,519.114314567,46.041862100,Other,random,C2H6O1,46.041865000,RC2_0018_ICR-1_p08
538.083938898,584.125800999,46.041862100,Other,random,C2H6O1,46.041865000,RC2_0018_ICR-1_p08
546.125489680,592.167351780,46.041862100,Other,random,C2H6O1,46.041865000,RC2_0018_ICR-1_p08
552.135944882,598.177806982,46.041862100,Other,random,C2H6O1,46.041865000,RC2_0018_ICR-1_p08
789.262526486,835.304388587,46.041862100,Other,random,C2H6O1,46.041865000,RC2_0018_ICR-1_p08
493.135089652,539.176951752,46.041862100,Other,random,C2H6O1,46.041865000,RC2_0018_ICR-1_p08
429.082634828,475.124497928,46.041863100,Other,random,C2H6O1,46.041865000,RC2_0018_ICR-1_p08
491.119414986,537.161278087,46.041863100,Other,random,C2H6O1,46.041865000,RC2_0018_ICR-1_p08
249.040526230,295.082390330,46.041864100,Other,random,C2H6O1,46.041865000,RC2_0018_ICR-1_p08
349.019989031,395.061853131,46.041864100,Other,random,C2H6O1,46.041865000,RC2_0018_ICR-1_p08
365.087650681,411.129514781,46.041864100,Other,random,C2H6O1,46.041865000,RC2_0018_ICR-1_p08
483.041557409,529.083422510,46.041865100,Other,random,C2H6O1,46.041865000,RC2_0018_ICR-1_p08
309.097919519,355.139784619,46.041865100,Other,random,C2H6O1,46.041865000,RC2_0018_ICR-1_p08
341.152354272,387.194219372,46.041865100,Other,random,C2H6O1,46.041865000,RC2_0018_ICR-1_p08
391.170361014,437.212226114,46.041865100,Other,random,C2H6O1,46.041865000,RC2_0018_ICR-1_p08
399.092982464,445.134847564,46.041865100,Other,random,C2H6O1,46.041865000,RC2_0018_ICR-1_p08
442.041576958,488.083442058,46.041865100,Other,random,C2H6O1,46.041865000,RC2_0018_ICR-1_p08
555.042116540,601.083981640,46.041865100,Other,random,C2H6O1,46.041865000,RC2_0018_ICR-1_p08
443.111341942,489.153207043,46.041865100,Other,random,C2H6O1,46.041865000,RC2_0018_ICR-1_p08
365.152406316,411.194271417,46.041865100,Other,random,C2H6O1,46.041865000,RC2_0018_ICR-1_p08
454.077780277,500.119645377,46.041865100,Other,random,C2H6O1,46.041865000,RC2_0018_ICR-1_p08
505.135115174,551.176981274,46.041866100,Other,random,C2H6O1,46.041865000,RC2_0018_ICR-1_p08
567.172019332,613.213885432,46.041866100,Other,random,C2H6O1,46.041865000,RC2_0018_ICR-1_p08
429.077029859,475.118895960,46.041866100,Other,random,C2H6O1,46.041865000,RC2_0018_ICR-1_p08
513.153266087,559.195132187,46.041866100,Other,random,C2H6O1,46.041865000,RC2_0018_ICR-1_p08
304.082604720,350.124471821,46.041867100,Other,random,C2H6O1,46.041865000,RC2_0018_ICR-1_p08
347.077144956,393.119012056,46.041867100,Other,random,C2H6O1,46.041865000,RC2_0018_ICR-1_p08
387.121390782,433.163257882,46.041867100,Other,random,C2H6O1,46.041865000,RC2_0018_ICR-1_p08
461.121811667,507.163678767,46.041867100,Other,random,C2H6O1,46.041865000,RC2_0018_ICR-1_p08
509.093628915,555.135496015,46.041867100,Other,random,C2H6O1,46.041865000,RC2_0018_ICR-1_p08
585.102198508,631.144065608,46.041867100,Other,random,C2H6O1,46.041865000,RC2_0018_ICR-1_p08
647.161948538,693.203815638,46.041867100,Other,random,C2H6O1,46.041865000,RC2_0018_ICR-1_p08
431.056118731,477.097986831,46.041868100,Other,random,C2H6O1,46.041865000,RC2_0018_ICR-1_p08
449.121856145,495.163724245,46.041868100,Other,random,C2H6O1,46.041865000,RC2_0018_ICR-1_p08
497.166360984,543.208229084,46.041868100,Other,random,C2H6O1,46.041865000,RC2_0018_ICR-1_p08
567.163948378,613.205816478,46.041868100,Other,random,C2H6O1,46.041865000,RC2_0018_ICR-1_p08
411.056826189,457.098694290,46.041868100,Other,random,C2H6O1,46.041865000,RC2_0018_ICR-1_p08
411.157957621,457.199825721,46.041868100,Other,random,C2H6O1,46.041865000,RC2_0018_ICR-1_p08
433.199561678,479.241429778,46.041868100,Other,random,C2H6O1,46.041865000,RC2_0018_ICR-1_p08
363.102799842,409.144668942,46.041869100,Other,random,C2H6O1,46.041865000,RC2_0018_ICR-1_p08
385.129057985,431.170927085,46.041869100,Other,random,C2H6O1,46.041865000,RC2_0018_ICR-1_p08
569.078616611,615.120485711,46.041869100,Other,random,C2H6O1,46.041865000,RC2_0018_ICR-1_p08
393.082475262,439.124344362,46.041869100,Other,random,C2H6O1,46.041865000,RC2_0018_ICR-1_p08
491.132533913,537.174404013,46.041870100,Other,random,C2H6O1,46.041865000,RC2_0018_ICR-1_p08
355.066866029,401.108736129,46.041870100,Other,random,C2H6O1,46.041865000,RC2_0018_ICR-1_p08
367.152737068,413.194608168,46.041871100,Other,random,C2H6O1,46.041865000,RC2_0018_ICR-1_p08
405.077009815,451.118880915,46.041871100,Other,random,C2H6O1,46.041865000,RC2_0018_ICR-1_p08
421.126862564,467.168733664,46.041871100,Other,random,C2H6O1,46.041865000,RC2_0018_ICR-1_p08
429.095608755,475.137479855,46.041871100,Other,random,C2H6O1,46.041865000,RC2_0018_ICR-1_p08
347.090232882,393.132103983,46.041871100,Other,random,C2H6O1,46.041865000,RC2_0018_ICR-1_p08
401.035929538,447.077800639,46.041871100,Other,random,C2H6O1,46.041865000,RC2_0018_ICR-1_p08
487.118890482,533.160761582,46.041871100,Other,random,C2H6O1,46.041865000,RC2_0018_ICR-1_p08
465.176451867,511.218323967,46.041872100,Other,random,C2H6O1,46.041865000,RC2_0018_ICR-1_p08
529.135219218,575.177091318,46.041872100,Other,random,C2H6O1,46.041865000,RC2_0018_ICR-1_p08
325.092754577,371.134626678,46.041872100,Other,random,C2H6O1,46.041865000,RC2_0018_ICR-1_p08
388.030941667,434.072813767,46.041872100,Other,random,C2H6O1,46.041865000,RC2_0018_ICR-1_p08
447.202157939,493.244030039,46.041872100,Other,random,C2H6O1,46.041865000,RC2_0018_ICR-1_p08
411.121443826,457.163315926,46.041872100,Other,random,C2H6O1,46.041865000,RC2_0018_ICR-1_p08
515.168920753,561.210792853,46.041872100,Other,random,C2H6O1,46.041865000,RC2_0018_ICR-1_p08
351.108297288,397.150170389,46.041873100,Other,random,C2H6O1,46.041865000,RC2_0018_ICR-1_p08
459.106246001,505.148119101,46.041873100,Other,random,C2H6O1,46.041865000,RC2_0018_ICR-1_p08
539.176951752,585.218824852,46.041873100,Other,random,C2H6O1,46.041865000,RC2_0018_ICR-1_p08
683.198485899,729.240358999,46.041873100,Other,random,C2H6O1,46.041865000,RC2_0018_ICR-1_p08
391.066921595,437.108794696,46.041873100,Other,random,C2H6O1,46.041865000,RC2_0018_ICR-1_p08
493.090726901,539.132600002,46.041873100,Other,random,C2H6O1,46.041865000,RC2_0018_ICR-1_p08
373.105800593,419.147673694,46.041873100,Other,random,C2H6O1,46.041865000,RC2_0018_ICR-1_p08
371.113439797,417.155313897,46.041874100,Other,random,C2H6O1,46.041865000,RC2_0018_ICR-1_p08
396.106515257,442.148389357,46.041874100,Other,random,C2H6O1,46.041865000,RC2_0018_ICR-1_p08
477.140065594,523.181939694,46.041874100,Other,random,C2H6O1,46.041865000,RC2_0018_ICR-1_p08
313.035381378,360.036101086,47.000719708,Other,random,H1O2N1,47.000729000,RC2_0018_ICR-1_p08
249.113355820,296.114075528,47.000719708,Other,random,H1O2N1,47.000729000,RC2_0018_ICR-1_p08
233.045621171,280.046341880,47.000720708,Other,random,H1O2N1,47.000729000,RC2_0018_ICR-1_p08
337.105781026,384.106501735,47.000720708,Other,random,H1O2N1,47.000729000,RC2_0018_ICR-1_p08
303.123750112,350.124471821,47.000721708,Other,random,H1O2N1,47.000729000,RC2_0018_ICR-1_p08
379.152723591,426.153445299,47.000721708,Other,random,H1O2N1,47.000729000,RC2_0018_ICR-1_p08
419.061824176,466.062545885,47.000721708,Other,random,H1O2N1,47.000729000,RC2_0018_ICR-1_p08
401.160463838,448.161186547,47.000722708,Other,random,H1O2N1,47.000729000,RC2_0018_ICR-1_p08
517.229323167,564.230046875,47.000723708,Other,random,H1O2N1,47.000729000,RC2_0018_ICR-1_p08
363.121434737,410.122159445,47.000724708,Other,random,H1O2N1,47.000729000,RC2_0018_ICR-1_p08
383.040847727,430.041572436,47.000724708,Other,random,H1O2N1,47.000729000,RC2_0018_ICR-1_p08
513.161296042,560.162020750,47.000724708,Other,random,H1O2N1,47.000729000,RC2_0018_ICR-1_p08
417.118983101,464.119708810,47.000725708,Other,random,H1O2N1,47.000729000,RC2_0018_ICR-1_p08
255.066387345,302.067113054,47.000725708,Other,random,H1O2N1,47.000729000,RC2_0018_ICR-1_p08
389.173446243,436.174171951,47.000725708,Other,random,H1O2N1,47.000729000,RC2_0018_ICR-1_p08
479.147798304,526.148525013,47.000726708,Other,random,H1O2N1,47.000729000,RC2_0018_ICR-1_p08
399.121472304,446.122201012,47.000728708,Other,random,H1O2N1,47.000729000,RC2_0018_ICR-1_p08
267.123830545,314.124560253,47.000729708,Other,random,H1O2N1,47.000729000,RC2_0018_ICR-1_p08
321.061522246,368.062251954,47.000729708,Other,random,H1O2N1,47.000729000,RC2_0018_ICR-1_p08
347.149943547,394.150673255,47.000729708,Other,random,H1O2N1,47.000729000,RC2_0018_ICR-1_p08
335.040857638,382.041589346,47.000731708,Other,random,H1O2N1,47.000729000,RC2_0018_ICR-1_p08
319.154999966,366.155732675,47.000732708,Other,random,H1O2N1,47.000729000,RC2_0018_ICR-1_p08
433.113898159,480.114630868,47.000732708,Other,random,H1O2N1,47.000729000,RC2_0018_ICR-1_p08
565.229142257,612.229876966,47.000734708,Other,random,H1O2N1,47.000729000,RC2_0018_ICR-1_p08
239.056189373,286.056924081,47.000734708,Other,random,H1O2N1,47.000729000,RC2_0018_ICR-1_p08
549.247271125,596.248005834,47.000734708,Other,random,H1O2N1,47.000729000,RC2_0018_ICR-1_p08
371.077064001,418.077798710,47.000734708,Other,random,H1O2N1,47.000729000,RC2_0018_ICR-1_p08
519.078013771,566.078749480,47.000735708,Other,random,H1O2N1,47.000729000,RC2_0018_ICR-1_p08
231.030005505,278.030741214,47.000735708,Other,random,H1O2N1,47.000729000,RC2_0018_ICR-1_p08
295.046006534,342.046742243,47.000735708,Other,random,H1O2N1,47.000729000,RC2_0018_ICR-1_p08
317.066613709,364.067349418,47.000735708,Other,random,H1O2N1,47.000729000,RC2_0018_ICR-1_p08
465.067479480,512.068216188,47.000736708,Other,random,H1O2N1,47.000729000,RC2_0018_ICR-1_p08
545.130111277,592.130848985,47.000737708,Other,random,H1O2N1,47.000729000,RC2_0018_ICR-1_p08
363.085145941,410.085883649,47.000737708,Other,random,H1O2N1,47.000729000,RC2_0018_ICR-1_p08
349.105776549,396.106515257,47.000738708,Other,random,H1O2N1,47.000729000,RC2_0018_ICR-1_p08
345.055881322,392.075233926,47.019352604,Other,random,C1H5N1O_1S1,47.019356000,RC2_0018_ICR-1_p08
357.055602846,404.074960449,47.019357604,Other,random,C1H5N1O_1S1,47.019356000,RC2_0018_ICR-1_p08
363.102799842,410.122159445,47.019359604,Other,random,C1H5N1O_1S1,47.019356000,RC2_0018_ICR-1_p08
397.066987856,444.086350460,47.019362604,Other,random,C1H5N1O_1S1,47.019356000,RC2_0018_ICR-1_p08
417.186078724,465.153057999,47.966979275,Other,random,O1S1,47.966987000,RC2_0018_ICR-1_p08
369.128589958,417.095571233,47.966981275,Other,random,O1S1,47.966987000,RC2_0018_ICR-1_p08
253.108223356,301.075212631,47.966989275,Other,random,O1S1,47.966987000,RC2_0018_ICR-1_p08
415.097642467,463.064634742,47.966992275,Other,random,O1S1,47.966987000,RC2_0018_ICR-1_p08
373.087070699,421.054063974,47.966993275,Other,random,O1S1,47.966987000,RC2_0018_ICR-1_p08
379.175962460,427.142956735,47.966994275,Other,random,O1S1,47.966987000,RC2_0018_ICR-1_p08
327.108390243,375.075385518,47.966995275,Other,random,O1S1,47.966987000,RC2_0018_ICR-1_p08
451.170550624,499.137545899,47.966995275,Other,random,O1S1,47.966987000,RC2_0018_ICR-1_p08
307.155049444,355.139784619,47.984735175,Other,random,O3,47.984745000,RC2_0018_ICR-1_p08
413.145006447,461.129741623,47.984735175,Other,random,O3,47.984745000,RC2_0018_ICR-1_p08
405.046243988,453.030979163,47.984735175,Other,random,O3,47.984745000,RC2_0018_ICR-1_p08
359.186326864,407.171062040,47.984735175,Other,random,O3,47.984745000,RC2_0018_ICR-1_p08
498.125370591,546.110105766,47.984735175,Other,random,O3,47.984745000,RC2_0018_ICR-1_p08
539.205385592,587.190120768,47.984735175,Other,random,O3,47.984745000,RC2_0018_ICR-1_p08
683.271351490,731.256086665,47.984735175,Other,random,O3,47.984745000,RC2_0018_ICR-1_p08
305.139378778,353.124115953,47.984737175,Other,random,O3,47.984745000,RC2_0018_ICR-1_p08
343.131660142,391.116397317,47.984737175,Other,random,O3,47.984745000,RC2_0018_ICR-1_p08
483.196730537,531.181467712,47.984737175,Other,random,O3,47.984745000,RC2_0018_ICR-1_p08
525.140389682,573.125126857,47.984737175,Other,random,O3,47.984745000,RC2_0018_ICR-1_p08
427.134158784,475.118895960,47.984737175,Other,random,O3,47.984745000,RC2_0018_ICR-1_p08
467.184183578,515.168920753,47.984737175,Other,random,O3,47.984745000,RC2_0018_ICR-1_p08
427.152741680,475.137479855,47.984738175,Other,random,O3,47.984745000,RC2_0018_ICR-1_p08
398.101090041,446.085828217,47.984738175,Other,random,O3,47.984745000,RC2_0018_ICR-1_p08
547.072917352,595.057655527,47.984738175,Other,random,O3,47.984745000,RC2_0018_ICR-1_p08
383.126616245,431.111355420,47.984739175,Other,random,O3,47.984745000,RC2_0018_ICR-1_p08
343.154967011,391.139706186,47.984739175,Other,random,O3,47.984745000,RC2_0018_ICR-1_p08
377.196865589,425.181604764,47.984739175,Other,random,O3,47.984745000,RC2_0018_ICR-1_p08
705.313297545,753.298037720,47.984740175,Other,random,O3,47.984745000,RC2_0018_ICR-1_p08
339.144749561,387.129489736,47.984740175,Other,random,O3,47.984745000,RC2_0018_ICR-1_p08
253.144585152,301.129325327,47.984740175,Other,random,O3,47.984745000,RC2_0018_ICR-1_p08
329.066630232,377.051371407,47.984741175,Other,random,O3,47.984745000,RC2_0018_ICR-1_p08
408.065015013,456.049756188,47.984741175,Other,random,O3,47.984745000,RC2_0018_ICR-1_p08
547.182221738,595.166962913,47.984741175,Other,random,O3,47.984745000,RC2_0018_ICR-1_p08
681.268464752,729.253205927,47.984741175,Other,random,O3,47.984745000,RC2_0018_ICR-1_p08
313.121134895,361.105876071,47.984741175,Other,random,O3,47.984745000,RC2_0018_ICR-1_p08
365.115983521,413.100724696,47.984741175,Other,random,O3,47.984745000,RC2_0018_ICR-1_p08
435.093034031,483.077775206,47.984741175,Other,random,O3,47.984745000,RC2_0018_ICR-1_p08
419.183991489,467.168733664,47.984742175,Other,random,O3,47.984745000,RC2_0018_ICR-1_p08
353.043211408,401.027953583,47.984742175,Other,random,O3,47.984745000,RC2_0018_ICR-1_p08
339.072047970,387.056790145,47.984742175,Other,random,O3,47.984745000,RC2_0018_ICR-1_p08
343.045791625,391.030533800,47.984742175,Other,random,O3,47.984745000,RC2_0018_ICR-1_p08
565.229142257,613.213885432,47.984743175,Other,random,O3,47.984745000,RC2_0018_ICR-1_p08
323.162985429,371.147728604,47.984743175,Other,random,O3,47.984745000,RC2_0018_ICR-1_p08
385.178514707,433.163257882,47.984743175,Other,random,O3,47.984745000,RC2_0018_ICR-1_p08
575.250070908,623.234814083,47.984743175,Other,random,O3,47.984745000,RC2_0018_ICR-1_p08
587.177185840,635.161930015,47.984744175,Other,random,O3,47.984745000,RC2_0018_ICR-1_p08
357.092265640,405.077009815,47.984744175,Other,random,O3,47.984745000,RC2_0018_ICR-1_p08
460.124953273,508.109697448,47.984744175,Other,random,O3,47.984745000,RC2_0018_ICR-1_p08
445.163371404,493.148116579,47.984745175,Other,random,O3,47.984745000,RC2_0018_ICR-1_p08
357.155348285,405.140094460,47.984746175,Other,random,O3,47.984745000,RC2_0018_ICR-1_p08
365.196847066,413.181593242,47.984746175,Other,random,O3,47.984745000,RC2_0018_ICR-1_p08
387.108287855,435.093034031,47.984746175,Other,random,O3,47.984745000,RC2_0018_ICR-1_p08
469.171394403,517.156140578,47.984746175,Other,random,O3,47.984745000,RC2_0018_ICR-1_p08
249.040526230,297.025272405,47.984746175,Other,random,O3,47.984745000,RC2_0018_ICR-1_p08
269.081867534,317.066613709,47.984746175,Other,random,O3,47.984745000,RC2_0018_ICR-1_p08
459.215459387,507.200206562,47.984747175,Other,random,O3,47.984745000,RC2_0018_ICR-1_p08
418.077798710,466.062545885,47.984747175,Other,random,O3,47.984745000,RC2_0018_ICR-1_p08
531.187335679,579.172082854,47.984747175,Other,random,O3,47.984745000,RC2_0018_ICR-1_p08
311.077148389,359.061895564,47.984747175,Other,random,O3,47.984745000,RC2_0018_ICR-1_p08
403.103147914,451.087895089,47.984747175,Other,random,O3,47.984745000,RC2_0018_ICR-1_p08
387.194219372,435.178966547,47.984747175,Other,random,O3,47.984745000,RC2_0018_ICR-1_p08
407.126629290,455.111377465,47.984748175,Other,random,O3,47.984745000,RC2_0018_ICR-1_p08
603.172138898,651.156887074,47.984748175,Other,random,O3,47.984745000,RC2_0018_ICR-1_p08
489.212869707,537.197617882,47.984748175,Other,random,O3,47.984745000,RC2_0018_ICR-1_p08
344.090484750,392.075233926,47.984749175,Other,random,O3,47.984745000,RC2_0018_ICR-1_p08
376.080328867,424.065078042,47.984749175,Other,random,O3,47.984745000,RC2_0018_ICR-1_p08
375.102827364,423.087576539,47.984749175,Other,random,O3,47.984745000,RC2_0018_ICR-1_p08
419.061824176,467.046573351,47.984749175,Other,random,O3,47.984745000,RC2_0018_ICR-1_p08
601.083981640,649.068731816,47.984750175,Other,random,O3,47.984745000,RC2_0018_ICR-1_p08
372.108733200,420.093484375,47.984751175,Other,random,O3,47.984745000,RC2_0018_ICR-1_p08
509.093628915,557.078380090,47.984751175,Other,random,O3,47.984745000,RC2_0018_ICR-1_p08
551.169045319,599.153796494,47.984751175,Other,random,O3,47.984745000,RC2_0018_ICR-1_p08
247.061255359,295.046006534,47.984751175,Other,random,O3,47.984745000,RC2_0018_ICR-1_p08
323.077086912,371.061839087,47.984752175,Other,random,O3,47.984745000,RC2_0018_ICR-1_p08
325.048337827,373.033090002,47.984752175,Other,random,O3,47.984745000,RC2_0018_ICR-1_p08
433.113898159,481.098650335,47.984752175,Other,random,O3,47.984745000,RC2_0018_ICR-1_p08
467.220524373,515.205276548,47.984752175,Other,random,O3,47.984745000,RC2_0018_ICR-1_p08
447.129542348,495.114294523,47.984752175,Other,random,O3,47.984745000,RC2_0018_ICR-1_p08
371.090062928,419.074816103,47.984753175,Other,random,O3,47.984745000,RC2_0018_ICR-1_p08
607.167062434,655.151815610,47.984753175,Other,random,O3,47.984745000,RC2_0018_ICR-1_p08
379.095287914,427.080041089,47.984753175,Other,random,O3,47.984745000,RC2_0018_ICR-1_p08
485.176008407,533.160761582,47.984753175,Other,random,O3,47.984745000,RC2_0018_ICR-1_p08
337.178558617,385.163312792,47.984754175,Other,random,O3,47.984745000,RC2_0018_ICR-1_p08
603.244816490,651.229570665,47.984754175,Other,random,O3,47.984745000,RC2_0018_ICR-1_p08
623.125596697,671.125586787,47.999990089,Other,random,C4,48.000000000,RC2_0018_ICR-1_p08
335.040857638,383.040847727,47.999990089,Other,random,C4,48.000000000,RC2_0018_ICR-1_p08
392.062176999,440.062167088,47.999990089,Other,random,C4,48.000000000,RC2_0018_ICR-1_p08
443.191998489,491.191988578,47.999990089,Other,random,C4,48.000000000,RC2_0018_ICR-1_p08
317.152415227,365.152406316,47.999991089,Other,random,C4,48.000000000,RC2_0018_ICR-1_p08
302.124480731,350.124471821,47.999991089,Other,random,C4,48.000000000,RC2_0018_ICR-1_p08
557.114798885,605.114789975,47.999991089,Other,random,C4,48.000000000,RC2_0018_ICR-1_p08
425.158298895,473.158290984,47.999992089,Other,random,C4,48.000000000,RC2_0018_ICR-1_p08
515.104171117,563.104163206,47.999992089,Other,random,C4,48.000000000,RC2_0018_ICR-1_p08
443.119421897,491.119414986,47.999993089,Other,random,C4,48.000000000,RC2_0018_ICR-1_p08
410.036475927,458.036469016,47.999993089,Other,random,C4,48.000000000,RC2_0018_ICR-1_p08
447.114301433,495.114294523,47.999993089,Other,random,C4,48.000000000,RC2_0018_ICR-1_p08
453.189450272,501.189443361,47.999993089,Other,random,C4,48.000000000,RC2_0018_ICR-1_p08
519.078013771,567.078007861,47.999994089,Other,random,C4,48.000000000,RC2_0018_ICR-1_p08
340.030947578,388.030941667,47.999994089,Other,random,C4,48.000000000,RC2_0018_ICR-1_p08
385.150271866,433.150265955,47.999994089,Other,random,C4,48.000000000,RC2_0018_ICR-1_p08
539.068004365,587.067998454,47.999994089,Other,random,C4,48.000000000,RC2_0018_ICR-1_p08
327.144865038,375.144860127,47.999995089,Other,random,C4,48.000000000,RC2_0018_ICR-1_p08
403.087900000,451.087895089,47.999995089,Other,random,C4,48.000000000,RC2_0018_ICR-1_p08
627.266552412,675.266547502,47.999995089,Other,random,C4,48.000000000,RC2_0018_ICR-1_p08
435.196735447,483.196730537,47.999995089,Other,random,C4,48.000000000,RC2_0018_ICR-1_p08
471.150752273,519.150747362,47.999995089,Other,random,C4,48.000000000,RC2_0018_ICR-1_p08
395.183973445,443.183969534,47.999996089,Other,random,C4,48.000000000,RC2_0018_ICR-1_p08
341.160455226,389.160451316,47.999996089,Other,random,C4,48.000000000,RC2_0018_ICR-1_p08
459.223502342,507.223498431,47.999996089,Other,random,C4,48.000000000,RC2_0018_ICR-1_p08
475.246832240,523.246829330,47.999997089,Other,random,C4,48.000000000,RC2_0018_ICR-1_p08
365.051176886,413.051173975,47.999997089,Other,random,C4,48.000000000,RC2_0018_ICR-1_p08
489.189632838,537.189629927,47.999997089,Other,random,C4,48.000000000,RC2_0018_ICR-1_p08
561.174511057,609.174508146,47.999997089,Other,random,C4,48.000000000,RC2_0018_ICR-1_p08
305.124117864,353.124115953,47.999998089,Other,random,C4,48.000000000,RC2_0018_ICR-1_p08
413.145006447,461.145004537,47.999998089,Other,random,C4,48.000000000,RC2_0018_ICR-1_p08
485.202792256,533.202791346,47.999999089,Other,random,C4,48.000000000,RC2_0018_ICR-1_p08
325.129201372,373.129200462,47.999999089,Other,random,C4,48.000000000,RC2_0018_ICR-1_p08
497.130112187,545.130111277,47.999999089,Other,random,C4,48.000000000,RC2_0018_ICR-1_p08
369.046235421,417.046235510,48.000000089,Other,random,C4,48.000000000,RC2_0018_ICR-1_p08
373.113906548,421.113906637,48.000000089,Other,random,C4,48.000000000,RC2_0018_ICR-1_p08
515.168920753,563.168921842,48.000001089,Other,random,C4,48.000000000,RC2_0018_ICR-1_p08
499.036474468,547.036475557,48.000001089,Other,random,C4,48.000000000,RC2_0018_ICR-1_p08
588.157059330,636.157061420,48.000002089,Other,random,C4,48.000000000,RC2_0018_ICR-1_p08
407.061800654,455.061803743,48.000003089,Other,random,C4,48.000000000,RC2_0018_ICR-1_p08
509.129917711,557.129920800,48.000003089,Other,random,C4,48.000000000,RC2_0018_ICR-1_p08
454.062705361,502.062709451,48.000004089,Other,random,C4,48.000000000,RC2_0018_ICR-1_p08
631.115077771,679.115081861,48.000004089,Other,random,C4,48.000000000,RC2_0018_ICR-1_p08
357.118880490,405.118884579,48.000004089,Other,random,C4,48.000000000,RC2_0018_ICR-1_p08
365.124004476,413.124008565,48.000004089,Other,random,C4,48.000000000,RC2_0018_ICR-1_p08
557.224130270,605.224135360,48.000005089,Other,random,C4,48.000000000,RC2_0018_ICR-1_p08
399.129537258,447.129542348,48.000005089,Other,random,C4,48.000000000,RC2_0018_ICR-1_p08
415.197044908,463.197049998,48.000005089,Other,random,C4,48.000000000,RC2_0018_ICR-1_p08
537.052214700,585.052219789,48.000005089,Other,random,C4,48.000000000,RC2_0018_ICR-1_p08
473.093517349,521.093523438,48.000006089,Other,random,C4,48.000000000,RC2_0018_ICR-1_p08
685.235700444,733.235707533,48.000007089,Other,random,C4,48.000000000,RC2_0018_ICR-1_p08
413.072419856,461.072426945,48.000007089,Other,random,C4,48.000000000,RC2_0018_ICR-1_p08
457.171345881,505.171352970,48.000007089,Other,random,C4,48.000000000,RC2_0018_ICR-1_p08
363.121434737,411.121443826,48.000009089,Other,random,C4,48.000000000,RC2_0018_ICR-1_p08
527.104293638,575.104302728,48.000009089,Other,random,C4,48.000000000,RC2_0018_ICR-1_p08
317.196837977,365.196847066,48.000009089,Other,random,C4,48.000000000,RC2_0018_ICR-1_p08
351.035673697,399.035682786,48.000009089,Other,random,C4,48.000000000,RC2_0018_ICR-1_p08
513.134657192,561.138021262,48.003364070,Other,random,C1H4S1,48.003372000,RC2_0018_ICR-1_p08
459.160313697,507.163678767,48.003365070,Other,random,C1H4S1,48.003372000,RC2_0018_ICR-1_p08
383.098099405,431.101466476,48.003367070,Other,random,C1H4S1,48.003372000,RC2_0018_ICR-1_p08
359.144237101,407.147606172,48.003369070,Other,random,C1H4S1,48.003372000,RC2_0018_ICR-1_p08
441.113396177,489.116768248,48.003372070,Other,random,C1H4S1,48.003372000,RC2_0018_ICR-1_p08
373.159905289,421.163278359,48.003373070,Other,random,C1H4S1,48.003372000,RC2_0018_ICR-1_p08
345.055881322,393.059256392,48.003375070,Other,random,C1H4S1,48.003372000,RC2_0018_ICR-1_p08
239.056189373,287.059565443,48.003376070,Other,random,C1H4S1,48.003372000,RC2_0018_ICR-1_p08
529.202273841,577.205652912,48.003379070,Other,random,C1H4S1,48.003372000,RC2_0018_ICR-1_p08
265.071843083,313.075223154,48.003380070,Other,random,C1H4S1,48.003372000,RC2_0018_ICR-1_p08
387.175585477,435.178966547,48.003381070,Other,random,C1H4S1,48.003372000,RC2_0018_ICR-1_p08
383.126616245,431.147737215,48.021120971,Other,random,C1H4O2,48.021130000,RC2_0018_ICR-1_p08
389.064304856,437.085425827,48.021120971,Other,random,C1H4O2,48.021130000,RC2_0018_ICR-1_p08
399.144775173,447.165896143,48.021120971,Other,random,C1H4O2,48.021130000,RC2_0018_ICR-1_p08
329.030249436,377.051371407,48.021121971,Other,random,C1H4O2,48.021130000,RC2_0018_ICR-1_p08
329.116004954,377.137126925,48.021121971,Other,random,C1H4O2,48.021130000,RC2_0018_ICR-1_p08
347.113430752,395.134552723,48.021121971,Other,random,C1H4O2,48.021130000,RC2_0018_ICR-1_p08
507.142713885,555.163835856,48.021121971,Other,random,C1H4O2,48.021130000,RC2_0018_ICR-1_p08
313.092795055,361.113917025,48.021121971,Other,random,C1H4O2,48.021130000,RC2_0018_ICR-1_p08
397.129119507,445.150241477,48.021121971,Other,random,C1H4O2,48.021130000,RC2_0018_ICR-1_p08
443.134601812,491.155723782,48.021121971,Other,random,C1H4O2,48.021130000,RC2_0018_ICR-1_p08
439.080101611,487.101224581,48.021122971,Other,random,C1H4O2,48.021130000,RC2_0018_ICR-1_p08
419.220386285,467.241510255,48.021123971,Other,random,C1H4O2,48.021130000,RC2_0018_ICR-1_p08
329.043292363,377.064416333,48.021123971,Other,random,C1H4O2,48.021130000,RC2_0018_ICR-1_p08
383.061796609,431.082920580,48.021123971,Other,random,C1H4O2,48.021130000,RC2_0018_ICR-1_p08
390.132444850,438.153568821,48.021123971,Other,random,C1H4O2,48.021130000,RC2_0018_ICR-1_p08
399.157730100,447.178854070,48.021123971,Other,random,C1H4O2,48.021130000,RC2_0018_ICR-1_p08
455.134775333,503.155900304,48.021124971,Other,random,C1H4O2,48.021130000,RC2_0018_ICR-1_p08
353.152423794,401.173548765,48.021124971,Other,random,C1H4O2,48.021130000,RC2_0018_ICR-1_p08
371.126548723,419.147673694,48.021124971,Other,random,C1H4O2,48.021130000,RC2_0018_ICR-1_p08
441.113396177,489.134521148,48.021124971,Other,random,C1H4O2,48.021130000,RC2_0018_ICR-1_p08
459.202373460,507.223498431,48.021124971,Other,random,C1H4O2,48.021130000,RC2_0018_ICR-1_p08
509.057255119,557.078380090,48.021124971,Other,random,C1H4O2,48.021130000,RC2_0018_ICR-1_p08
466.106949635,514.128074606,48.021124971,Other,random,C1H4O2,48.021130000,RC2_0018_ICR-1_p08
388.103624258,436.124749229,48.021124971,Other,random,C1H4O2,48.021130000,RC2_0018_ICR-1_p08
393.155263852,441.176390823,48.021126971,Other,random,C1H4O2,48.021130000,RC2_0018_ICR-1_p08
487.082477687,535.103604657,48.021126971,Other,random,C1H4O2,48.021130000,RC2_0018_ICR-1_p08
603.099469307,651.120596278,48.021126971,Other,random,C1H4O2,48.021130000,RC2_0018_ICR-1_p08
347.126554678,395.147681649,48.021126971,Other,random,C1H4O2,48.021130000,RC2_0018_ICR-1_p08
469.135013608,517.156140578,48.021126971,Other,random,C1H4O2,48.021130000,RC2_0018_ICR-1_p08
531.223724474,579.244851445,48.021126971,Other,random,C1H4O2,48.021130000,RC2_0018_ICR-1_p08
325.165577168,373.186705138,48.021127971,Other,random,C1H4O2,48.021130000,RC2_0018_ICR-1_p08
465.212867663,513.233995633,48.021127971,Other,random,C1H4O2,48.021130000,RC2_0018_ICR-1_p08
329.060927264,377.082055234,48.021127971,Other,random,C1H4O2,48.021130000,RC2_0018_ICR-1_p08
467.046573351,515.067702322,48.021128971,Other,random,C1H4O2,48.021130000,RC2_0018_ICR-1_p08
447.020366961,495.041495932,48.021128971,Other,random,C1H4O2,48.021130000,RC2_0018_ICR-1_p08
529.184523941,577.205652912,48.021128971,Other,random,C1H4O2,48.021130000,RC2_0018_ICR-1_p08
375.194106850,423.215235821,48.021128971,Other,random,C1H4O2,48.021130000,RC2_0018_ICR-1_p08
381.110959579,429.132088550,48.021128971,Other,random,C1H4O2,48.021130000,RC2_0018_ICR-1_p08
401.087688247,449.108817218,48.021128971,Other,random,C1H4O2,48.021130000,RC2_0018_ICR-1_p08
391.066921595,439.088051566,48.021129971,Other,random,C1H4O2,48.021130000,RC2_0018_ICR-1_p08
411.165945576,459.187075546,48.021129971,Other,random,C1H4O2,48.021130000,RC2_0018_ICR-1_p08
413.118363597,461.139493568,48.021129971,Other,random,C1H4O2,48.021130000,RC2_0018_ICR-1_p08
343.045791625,391.066921595,48.021129971,Other,random,C1H4O2,48.021130000,RC2_0018_ICR-1_p08
407.061800654,455.082930625,48.021129971,Other,random,C1H4O2,48.021130000,RC2_0018_ICR-1_p08
527.083172757,575.104302728,48.021129971,Other,random,C1H4O2,48.021130000,RC2_0018_ICR-1_p08
371.107915828,419.129046798,48.021130971,Other,random,C1H4O2,48.021130000,RC2_0018_ICR-1_p08
427.139545754,475.160676725,48.021130971,Other,random,C1H4O2,48.021130000,RC2_0018_ICR-1_p08
346.093105489,394.114237460,48.021131971,Other,random,C1H4O2,48.021130000,RC2_0018_ICR-1_p08
405.118884579,453.140016550,48.021131971,Other,random,C1H4O2,48.021130000,RC2_0018_ICR-1_p08
427.088122043,475.109254014,48.021131971,Other,random,C1H4O2,48.021130000,RC2_0018_ICR-1_p08
643.094576409,691.115708380,48.021131971,Other,random,C1H4O2,48.021130000,RC2_0018_ICR-1_p08
307.118651648,355.139784619,48.021132971,Other,random,C1H4O2,48.021130000,RC2_0018_ICR-1_p08
515.168920753,563.190053723,48.021132971,Other,random,C1H4O2,48.021130000,RC2_0018_ICR-1_p08
557.166491595,605.187624565,48.021132971,Other,random,C1H4O2,48.021130000,RC2_0018_ICR-1_p08
249.040526230,297.061659200,48.021132971,Other,random,C1H4O2,48.021130000,RC2_0018_ICR-1_p08
417.095571233,465.116704203,48.021132971,Other,random,C1H4O2,48.021130000,RC2_0018_ICR-1_p08
441.059184482,489.080318453,48.021133971,Other,random,C1H4O2,48.021130000,RC2_0018_ICR-1_p08
369.074437262,417.095571233,48.021133971,Other,random,C1H4O2,48.021130000,RC2_0018_ICR-1_p08
374.100948997,422.122082968,48.021133971,Other,random,C1H4O2,48.021130000,RC2_0018_ICR-1_p08
433.199561678,481.220695648,48.021133971,Other,random,C1H4O2,48.021130000,RC2_0018_ICR-1_p08
486.140885981,534.162019952,48.021133971,Other,random,C1H4O2,48.021130000,RC2_0018_ICR-1_p08
537.125086290,585.146221261,48.021134971,Other,random,C1H4O2,48.021130000,RC2_0018_ICR-1_p08
247.061255359,295.082390330,48.021134971,Other,random,C1H4O2,48.021130000,RC2_0018_ICR-1_p08
375.121390259,423.142526230,48.021135971,Other,random,C1H4O2,48.021130000,RC2_0018_ICR-1_p08
433.222952546,481.244088517,48.021135971,Other,random,C1H4O2,48.021130000,RC2_0018_ICR-1_p08
347.040717161,395.061853131,48.021135971,Other,random,C1H4O2,48.021130000,RC2_0018_ICR-1_p08
615.208632216,663.229768186,48.021135971,Other,random,C1H4O2,48.021130000,RC2_0018_ICR-1_p08
439.152651203,487.173788173,48.021136970,Other,random,C1H4O2,48.021130000,RC2_0018_ICR-1_p08
371.162854519,419.183991489,48.021136970,Other,random,C1H4O2,48.021130000,RC2_0018_ICR-1_p08
451.051605293,499.072742264,48.021136970,Other,random,C1H4O2,48.021130000,RC2_0018_ICR-1_p08
669.255552302,717.276689273,48.021136970,Other,random,C1H4O2,48.021130000,RC2_0018_ICR-1_p08
449.217913604,497.239051575,48.021137970,Other,random,C1H4O2,48.021130000,RC2_0018_ICR-1_p08
273.080165051,321.101303022,48.021137970,Other,random,C1H4O2,48.021130000,RC2_0018_ICR-1_p08
318.061848113,366.082986084,48.021137970,Other,random,C1H4O2,48.021130000,RC2_0018_ICR-1_p08
357.025106017,405.046243988,48.021137970,Other,random,C1H4O2,48.021130000,RC2_0018_ICR-1_p08
417.155313897,465.176451867,48.021137970,Other,random,C1H4O2,48.021130000,RC2_0018_ICR-1_p08
485.036193193,533.057331164,48.021137970,Other,random,C1H4O2,48.021130000,RC2_0018_ICR-1_p08
427.080041089,475.101180059,48.021138970,Other,random,C1H4O2,48.021130000,RC2_0018_ICR-1_p08
477.249004982,525.270143952,48.021138970,Other,random,C1H4O2,48.021130000,RC2_0018_ICR-1_p08
359.053821610,407.074960580,48.021138970,Other,random,C1H4O2,48.021130000,RC2_0018_ICR-1_p08
445.199674200,493.220813170,48.021138970,Other,random,C1H4O2,48.021130000,RC2_0018_ICR-1_p08
620.162233361,668.183372331,48.021138970,Other,random,C1H4O2,48.021130000,RC2_0018_ICR-1_p08
403.030465323,451.051605293,48.021139970,Other,random,C1H4O2,48.021130000,RC2_0018_ICR-1_p08
344.077454824,392.098594794,48.021139970,Other,random,C1H4O2,48.021130000,RC2_0018_ICR-1_p08
431.111355420,479.132495391,48.021139970,Other,random,C1H4O2,48.021130000,RC2_0018_ICR-1_p08
485.158298507,533.179438477,48.021139970,Other,random,C1H4O2,48.021130000,RC2_0018_ICR-1_p08
325.056400782,373.113906548,48.057505766,Other,random,C2H8O,48.057515000,RC2_0018_ICR-1_p08
403.066921118,451.124426884,48.057505766,Other,random,C2H8O,48.057515000,RC2_0018_ICR-1_p08
353.087646158,401.145151924,48.057505766,Other,random,C2H8O,48.057515000,RC2_0018_ICR-1_p08
393.132103983,441.189609749,48.057505766,Other,random,C2H8O,48.057515000,RC2_0018_ICR-1_p08
477.067436003,525.124941769,48.057505766,Other,random,C2H8O,48.057515000,RC2_0018_ICR-1_p08
441.030864641,489.088371407,48.057506766,Other,random,C2H8O,48.057515000,RC2_0018_ICR-1_p08
578.151748592,626.209255358,48.057506766,Other,random,C2H8O,48.057515000,RC2_0018_ICR-1_p08
347.162923474,395.220430240,48.057506766,Other,random,C2H8O,48.057515000,RC2_0018_ICR-1_p08
448.137604679,496.195111445,48.057506766,Other,random,C2H8O,48.057515000,RC2_0018_ICR-1_p08
595.231504550,643.289012316,48.057507766,Other,random,C2H8O,48.057515000,RC2_0018_ICR-1_p08
425.036009583,473.093517349,48.057507766,Other,random,C2H8O,48.057515000,RC2_0018_ICR-1_p08
524.068242711,572.125750477,48.057507766,Other,random,C2H8O,48.057515000,RC2_0018_ICR-1_p08
543.041949019,591.099457785,48.057508766,Other,random,C2H8O,48.057515000,RC2_0018_ICR-1_p08
369.061474335,417.118983101,48.057508766,Other,random,C2H8O,48.057515000,RC2_0018_ICR-1_p08
381.191735125,429.249243891,48.057508766,Other,random,C2H8O,48.057515000,RC2_0018_ICR-1_p08
385.032921525,433.090430291,48.057508766,Other,random,C2H8O,48.057515000,RC2_0018_ICR-1_p08
400.030923190,448.088431956,48.057508766,Other,random,C2H8O,48.057515000,RC2_0018_ICR-1_p08
503.168954230,551.226462996,48.057508766,Other,random,C2H8O,48.057515000,RC2_0018_ICR-1_p08
233.045621171,281.103129937,48.057508766,Other,random,C2H8O,48.057515000,RC2_0018_ICR-1_p08
331.095213825,379.152723591,48.057509766,Other,random,C2H8O,48.057515000,RC2_0018_ICR-1_p08
377.137126925,425.194636691,48.057509766,Other,random,C2H8O,48.057515000,RC2_0018_ICR-1_p08
392.075233926,440.132743692,48.057509766,Other,random,C2H8O,48.057515000,RC2_0018_ICR-1_p08
323.090217838,371.147728604,48.057510766,Other,random,C2H8O,48.057515000,RC2_0018_ICR-1_p08
313.048365305,361.105876071,48.057510766,Other,random,C2H8O,48.057515000,RC2_0018_ICR-1_p08
381.155172331,429.212683097,48.057510766,Other,random,C2H8O,48.057515000,RC2_0018_ICR-1_p08
437.217903082,485.275414848,48.057511766,Other,random,C2H8O,48.057515000,RC2_0018_ICR-1_p08
635.125632220,683.183144985,48.057512766,Other,random,C2H8O,48.057515000,RC2_0018_ICR-1_p08
337.020022509,385.077536275,48.057513766,Other,random,C2H8O,48.057515000,RC2_0018_ICR-1_p08
387.035520265,435.093034031,48.057513766,Other,random,C2H8O,48.057515000,RC2_0018_ICR-1_p08
437.173479332,485.230993098,48.057513766,Other,random,C2H8O,48.057515000,RC2_0018_ICR-1_p08
573.234105244,621.291620010,48.057514766,Other,random,C2H8O,48.057515000,RC2_0018_ICR-1_p08
601.229084825,649.286599590,48.057514766,Other,random,C2H8O,48.057515000,RC2_0018_ICR-1_p08
747.251422721,795.308938487,48.057515766,Other,random,C2H8O,48.057515000,RC2_0018_ICR-1_p08
317.139331301,365.196847066,48.057515766,Other,random,C2H8O,48.057515000,RC2_0018_ICR-1_p08
361.069333276,409.126849042,48.057515766,Other,random,C2H8O,48.057515000,RC2_0018_ICR-1_p08
413.064295901,461.121811667,48.057515766,Other,random,C2H8O,48.057515000,RC2_0018_ICR-1_p08
357.097807608,405.155323374,48.057515766,Other,random,C2H8O,48.057515000,RC2_0018_ICR-1_p08
531.187335679,579.244851445,48.057515766,Other,random,C2H8O,48.057515000,RC2_0018_ICR-1_p08
541.148285667,589.205801433,48.057515766,Other,random,C2H8O,48.057515000,RC2_0018_ICR-1_p08
341.087646636,389.145163402,48.057516766,Other,random,C2H8O,48.057515000,RC2_0018_ICR-1_p08
363.157821532,411.215338298,48.057516766,Other,random,C2H8O,48.057515000,RC2_0018_ICR-1_p08
513.067401570,561.124918336,48.057516766,Other,random,C2H8O,48.057515000,RC2_0018_ICR-1_p08
621.174847667,669.232364433,48.057516766,Other,random,C2H8O,48.057515000,RC2_0018_ICR-1_p08
473.145175058,521.202691824,48.057516766,Other,random,C2H8O,48.057515000,RC2_0018_ICR-1_p08
391.030533800,439.088051566,48.057517766,Other,random,C2H8O,48.057515000,RC2_0018_ICR-1_p08
437.035923105,485.093440871,48.057517766,Other,random,C2H8O,48.057515000,RC2_0018_ICR-1_p08
485.139545612,533.197063378,48.057517766,Other,random,C2H8O,48.057515000,RC2_0018_ICR-1_p08
419.183991489,467.241510255,48.057518766,Other,random,C2H8O,48.057515000,RC2_0018_ICR-1_p08
529.184523941,577.242042707,48.057518766,Other,random,C2H8O,48.057515000,RC2_0018_ICR-1_p08
550.120288216,598.177806982,48.057518766,Other,random,C2H8O,48.057515000,RC2_0018_ICR-1_p08
373.087070699,421.144589465,48.057518766,Other,random,C2H8O,48.057515000,RC2_0018_ICR-1_p08
385.092747189,433.150265955,48.057518766,Other,random,C2H8O,48.057515000,RC2_0018_ICR-1_p08
252.051450299,300.108970065,48.057519766,Other,random,C2H8O,48.057515000,RC2_0018_ICR-1_p08
341.043135886,389.100655652,48.057519766,Other,random,C2H8O,48.057515000,RC2_0018_ICR-1_p08
357.110821535,405.168341301,48.057519766,Other,random,C2H8O,48.057515000,RC2_0018_ICR-1_p08
365.051176886,413.108696652,48.057519766,Other,random,C2H8O,48.057515000,RC2_0018_ICR-1_p08
403.116300840,451.173820606,48.057519766,Other,random,C2H8O,48.057515000,RC2_0018_ICR-1_p08
365.196847066,413.254367832,48.057520766,Other,random,C2H8O,48.057515000,RC2_0018_ICR-1_p08
489.140097116,537.197617882,48.057520766,Other,random,C2H8O,48.057515000,RC2_0018_ICR-1_p08
539.132600002,587.190120768,48.057520766,Other,random,C2H8O,48.057515000,RC2_0018_ICR-1_p08
585.088993582,633.146514348,48.057520766,Other,random,C2H8O,48.057515000,RC2_0018_ICR-1_p08
339.136697606,387.194219372,48.057521766,Other,random,C2H8O,48.057515000,RC2_0018_ICR-1_p08
387.066365091,435.123886857,48.057521766,Other,random,C2H8O,48.057515000,RC2_0018_ICR-1_p08
305.139378778,353.196901544,48.057522766,Other,random,C2H8O,48.057515000,RC2_0018_ICR-1_p08
327.100399288,375.157922054,48.057522766,Other,random,C2H8O,48.057515000,RC2_0018_ICR-1_p08
385.056375394,433.113898159,48.057522766,Other,random,C2H8O,48.057515000,RC2_0018_ICR-1_p08
441.113396177,489.170918943,48.057522766,Other,random,C2H8O,48.057515000,RC2_0018_ICR-1_p08
483.160419741,531.217942507,48.057522766,Other,random,C2H8O,48.057515000,RC2_0018_ICR-1_p08
461.158054463,509.215577229,48.057522766,Other,random,C2H8O,48.057515000,RC2_0018_ICR-1_p08
675.266547502,723.324071268,48.057523766,Other,random,C2H8O,48.057515000,RC2_0018_ICR-1_p08
405.082492784,453.140016550,48.057523766,Other,random,C2H8O,48.057515000,RC2_0018_ICR-1_p08
445.199674200,493.257197965,48.057523766,Other,random,C2H8O,48.057515000,RC2_0018_ICR-1_p08
411.093030986,459.150555752,48.057524766,Other,random,C2H8O,48.057515000,RC2_0018_ICR-1_p08
527.132596479,575.190121245,48.057524766,Other,random,C2H8O,48.057515000,RC2_0018_ICR-1_p08
399.157730100,447.215254866,48.057524766,Other,random,C2H8O,48.057515000,RC2_0018_ICR-1_p08
471.166017187,519.223541953,48.057524766,Other,random,C2H8O,48.057515000,RC2_0018_ICR-1_p08
586.169625506,635.198580809,49.028955303,Other,random,C1H5O2,49.028955000,RC2_0018_ICR-1_p08
529.135219218,579.135588059,50.000368841,Other,random,H2O3,50.000378800,RC2_0018_ICR-1_p08
445.041127091,495.041495932,50.000368841,Other,random,H2O3,50.000378800,RC2_0018_ICR-1_p08
519.187212157,569.187580998,50.000368841,Other,random,H2O3,50.000378800,RC2_0018_ICR-1_p08
547.218552533,597.218923374,50.000370841,Other,random,H2O3,50.000378800,RC2_0018_ICR-1_p08
321.134254837,371.134626678,50.000371841,Other,random,H2O3,50.000378800,RC2_0018_ICR-1_p08
309.170708109,359.171080950,50.000372841,Other,random,H2O3,50.000378800,RC2_0018_ICR-1_p08
359.077076479,409.077449320,50.000372841,Other,random,H2O3,50.000378800,RC2_0018_ICR-1_p08
385.105673116,435.106045957,50.000372841,Other,random,H2O3,50.000378800,RC2_0018_ICR-1_p08
417.082515306,467.082888147,50.000372841,Other,random,H2O3,50.000378800,RC2_0018_ICR-1_p08
605.260693154,655.261065995,50.000372841,Other,random,H2O3,50.000378800,RC2_0018_ICR-1_p08
443.183969534,493.184342375,50.000372841,Other,random,H2O3,50.000378800,RC2_0018_ICR-1_p08
455.098366538,505.098740379,50.000373841,Other,random,H2O3,50.000378800,RC2_0018_ICR-1_p08
251.092540691,301.092914532,50.000373841,Other,random,H2O3,50.000378800,RC2_0018_ICR-1_p08
548.141239345,598.141613186,50.000373841,Other,random,H2O3,50.000378800,RC2_0018_ICR-1_p08
475.246832240,525.247207081,50.000374841,Other,random,H2O3,50.000378800,RC2_0018_ICR-1_p08
363.108321811,413.108696652,50.000374841,Other,random,H2O3,50.000378800,RC2_0018_ICR-1_p08
435.056833234,485.057208075,50.000374841,Other,random,H2O3,50.000378800,RC2_0018_ICR-1_p08
477.030962208,527.031337049,50.000374841,Other,random,H2O3,50.000378800,RC2_0018_ICR-1_p08
245.045631693,295.046006534,50.000374841,Other,random,H2O3,50.000378800,RC2_0018_ICR-1_p08
360.036101086,410.036475927,50.000374841,Other,random,H2O3,50.000378800,RC2_0018_ICR-1_p08
433.077400365,483.077775206,50.000374841,Other,random,H2O3,50.000378800,RC2_0018_ICR-1_p08
531.150794884,581.151169725,50.000374841,Other,random,H2O3,50.000378800,RC2_0018_ICR-1_p08
437.100848740,487.101224581,50.000375841,Other,random,H2O3,50.000378800,RC2_0018_ICR-1_p08
535.145845420,585.146221261,50.000375841,Other,random,H2O3,50.000378800,RC2_0018_ICR-1_p08
339.072047970,389.072423811,50.000375841,Other,random,H2O3,50.000378800,RC2_0018_ICR-1_p08
399.194146895,449.194522736,50.000375841,Other,random,H2O3,50.000378800,RC2_0018_ICR-1_p08
497.108903307,547.109279148,50.000375841,Other,random,H2O3,50.000378800,RC2_0018_ICR-1_p08
383.126616245,433.126993086,50.000376841,Other,random,H2O3,50.000378800,RC2_0018_ICR-1_p08
501.212943229,551.213320070,50.000376841,Other,random,H2O3,50.000378800,RC2_0018_ICR-1_p08
375.157922054,425.158298895,50.000376841,Other,random,H2O3,50.000378800,RC2_0018_ICR-1_p08
503.046527919,553.046904760,50.000376841,Other,random,H2O3,50.000378800,RC2_0018_ICR-1_p08
551.213320070,601.213696911,50.000376841,Other,random,H2O3,50.000378800,RC2_0018_ICR-1_p08
496.109727925,546.110105766,50.000377841,Other,random,H2O3,50.000378800,RC2_0018_ICR-1_p08
323.113527707,373.113906548,50.000378841,Other,random,H2O3,50.000378800,RC2_0018_ICR-1_p08
369.074437262,419.074816103,50.000378841,Other,random,H2O3,50.000378800,RC2_0018_ICR-1_p08
451.124426884,501.124805725,50.000378841,Other,random,H2O3,50.000378800,RC2_0018_ICR-1_p08
369.082494217,419.082874058,50.000379841,Other,random,H2O3,50.000378800,RC2_0018_ICR-1_p08
385.123507016,435.123886857,50.000379841,Other,random,H2O3,50.000378800,RC2_0018_ICR-1_p08
400.103707780,450.104088621,50.000380841,Other,random,H2O3,50.000378800,RC2_0018_ICR-1_p08
429.095608755,479.095989596,50.000380841,Other,random,H2O3,50.000378800,RC2_0018_ICR-1_p08
457.199825721,507.200206562,50.000380841,Other,random,H2O3,50.000378800,RC2_0018_ICR-1_p08
501.226082155,551.226462996,50.000380841,Other,random,H2O3,50.000378800,RC2_0018_ICR-1_p08
347.040717161,397.041098002,50.000380841,Other,random,H2O3,50.000378800,RC2_0018_ICR-1_p08
505.135115174,555.135496015,50.000380841,Other,random,H2O3,50.000378800,RC2_0018_ICR-1_p08
601.083981640,651.084362481,50.000380841,Other,random,H2O3,50.000378800,RC2_0018_ICR-1_p08
353.051318362,403.051699203,50.000380841,Other,random,H2O3,50.000378800,RC2_0018_ICR-1_p08
383.134591200,433.134973041,50.000381841,Other,random,H2O3,50.000378800,RC2_0018_ICR-1_p08
293.175787051,343.176169892,50.000382841,Other,random,H2O3,50.000378800,RC2_0018_ICR-1_p08
393.082475262,443.082858103,50.000382841,Other,random,H2O3,50.000378800,RC2_0018_ICR-1_p08
397.150170389,447.150553229,50.000382841,Other,random,H2O3,50.000378800,RC2_0018_ICR-1_p08
527.046951961,577.047335802,50.000383841,Other,random,H2O3,50.000378800,RC2_0018_ICR-1_p08
399.121472304,449.121856145,50.000383841,Other,random,H2O3,50.000378800,RC2_0018_ICR-1_p08
439.116384407,489.116768248,50.000383841,Other,random,H2O3,50.000378800,RC2_0018_ICR-1_p08
441.204777663,491.205161504,50.000383841,Other,random,H2O3,50.000378800,RC2_0018_ICR-1_p08
285.040472797,335.040857638,50.000384841,Other,random,H2O3,50.000378800,RC2_0018_ICR-1_p08
485.230993098,535.231377939,50.000384841,Other,random,H2O3,50.000378800,RC2_0018_ICR-1_p08
550.193123807,600.193508648,50.000384841,Other,random,H2O3,50.000378800,RC2_0018_ICR-1_p08
415.116319362,465.116704203,50.000384841,Other,random,H2O3,50.000378800,RC2_0018_ICR-1_p08
509.194747346,559.195132187,50.000384841,Other,random,H2O3,50.000378800,RC2_0018_ICR-1_p08
473.217794650,523.218180491,50.000385841,Other,random,H2O3,50.000378800,RC2_0018_ICR-1_p08
578.187916388,628.188302229,50.000385841,Other,random,H2O3,50.000378800,RC2_0018_ICR-1_p08
451.051605293,501.051991134,50.000385841,Other,random,H2O3,50.000378800,RC2_0018_ICR-1_p08
471.056742802,521.057128643,50.000385841,Other,random,H2O3,50.000378800,RC2_0018_ICR-1_p08
389.051210930,439.051597771,50.000386841,Other,random,H2O3,50.000378800,RC2_0018_ICR-1_p08
487.210426967,537.210813808,50.000386841,Other,random,H2O3,50.000378800,RC2_0018_ICR-1_p08
237.076959502,287.092600257,50.015640755,Other,random,C4H2,50.015650000,RC2_0018_ICR-1_p08
269.066697620,319.082338375,50.015640755,Other,random,C4H2,50.015650000,RC2_0018_ICR-1_p08
279.123820067,329.139460822,50.015640755,Other,random,C4H2,50.015650000,RC2_0018_ICR-1_p08
303.181260789,353.196901544,50.015640755,Other,random,C4H2,50.015650000,RC2_0018_ICR-1_p08
247.082414240,297.098054995,50.015640755,Other,random,C4H2,50.015650000,RC2_0018_ICR-1_p08
327.035729652,377.051371407,50.015641755,Other,random,C4H2,50.015650000,RC2_0018_ICR-1_p08
347.126554678,397.142196433,50.015641755,Other,random,C4H2,50.015650000,RC2_0018_ICR-1_p08
239.056189373,289.071831128,50.015641755,Other,random,C4H2,50.015650000,RC2_0018_ICR-1_p08
517.229323167,567.244964922,50.015641755,Other,random,C4H2,50.015650000,RC2_0018_ICR-1_p08
239.019818577,289.035461332,50.015642755,Other,random,C4H2,50.015650000,RC2_0018_ICR-1_p08
381.046201943,431.061844698,50.015642755,Other,random,C4H2,50.015650000,RC2_0018_ICR-1_p08
351.108297288,401.123941043,50.015643755,Other,random,C4H2,50.015650000,RC2_0018_ICR-1_p08
569.260483588,619.276127344,50.015643755,Other,random,C4H2,50.015650000,RC2_0018_ICR-1_p08
649.214222997,699.229866753,50.015643755,Other,random,C4H2,50.015650000,RC2_0018_ICR-1_p08
371.207456268,421.223101023,50.015644755,Other,random,C4H2,50.015650000,RC2_0018_ICR-1_p08
409.144668942,459.160313697,50.015644755,Other,random,C4H2,50.015650000,RC2_0018_ICR-1_p08
348.085444286,398.101090041,50.015645755,Other,random,C4H2,50.015650000,RC2_0018_ICR-1_p08
463.124489406,513.140135161,50.015645755,Other,random,C4H2,50.015650000,RC2_0018_ICR-1_p08
382.049436302,432.065083057,50.015646755,Other,random,C4H2,50.015650000,RC2_0018_ICR-1_p08
364.067349418,414.082996173,50.015646755,Other,random,C4H2,50.015650000,RC2_0018_ICR-1_p08
399.157730100,449.173376855,50.015646755,Other,random,C4H2,50.015650000,RC2_0018_ICR-1_p08
413.217829038,463.233475793,50.015646755,Other,random,C4H2,50.015650000,RC2_0018_ICR-1_p08
427.124418839,477.140065594,50.015646755,Other,random,C4H2,50.015650000,RC2_0018_ICR-1_p08
693.240549431,743.256197186,50.015647755,Other,random,C4H2,50.015650000,RC2_0018_ICR-1_p08
595.130743116,645.146390871,50.015647755,Other,random,C4H2,50.015650000,RC2_0018_ICR-1_p08
459.106246001,509.121894756,50.015648755,Other,random,C4H2,50.015650000,RC2_0018_ICR-1_p08
511.231484893,561.247133649,50.015648755,Other,random,C4H2,50.015650000,RC2_0018_ICR-1_p08
523.231318417,573.246967172,50.015648755,Other,random,C4H2,50.015650000,RC2_0018_ICR-1_p08
409.126849042,459.142498797,50.015649755,Other,random,C4H2,50.015650000,RC2_0018_ICR-1_p08
569.114867407,619.130517162,50.015649755,Other,random,C4H2,50.015650000,RC2_0018_ICR-1_p08
315.100332766,365.115983521,50.015650755,Other,random,C4H2,50.015650000,RC2_0018_ICR-1_p08
441.067310436,491.082961191,50.015650755,Other,random,C4H2,50.015650000,RC2_0018_ICR-1_p08
519.099216652,569.114867407,50.015650755,Other,random,C4H2,50.015650000,RC2_0018_ICR-1_p08
323.040768116,373.056418871,50.015650755,Other,random,C4H2,50.015650000,RC2_0018_ICR-1_p08
337.069330231,387.084980986,50.015650755,Other,random,C4H2,50.015650000,RC2_0018_ICR-1_p08
339.035559175,389.051210930,50.015651755,Other,random,C4H2,50.015650000,RC2_0018_ICR-1_p08
630.240668688,680.256320443,50.015651755,Other,random,C4H2,50.015650000,RC2_0018_ICR-1_p08
667.188465926,717.204117681,50.015651755,Other,random,C4H2,50.015650000,RC2_0018_ICR-1_p08
451.082206121,501.097858876,50.015652755,Other,random,C4H2,50.015650000,RC2_0018_ICR-1_p08
310.056912126,360.072564881,50.015652755,Other,random,C4H2,50.015650000,RC2_0018_ICR-1_p08
471.187039069,521.202691824,50.015652755,Other,random,C4H2,50.015650000,RC2_0018_ICR-1_p08
489.197750792,539.213403547,50.015652755,Other,random,C4H2,50.015650000,RC2_0018_ICR-1_p08
381.204814051,431.220466807,50.015652755,Other,random,C4H2,50.015650000,RC2_0018_ICR-1_p08
443.155628693,493.171282449,50.015653755,Other,random,C4H2,50.015650000,RC2_0018_ICR-1_p08
417.103645187,467.119298942,50.015653755,Other,random,C4H2,50.015650000,RC2_0018_ICR-1_p08
427.210289356,477.225943111,50.015653755,Other,random,C4H2,50.015650000,RC2_0018_ICR-1_p08
385.163312792,435.178966547,50.015653755,Other,random,C4H2,50.015650000,RC2_0018_ICR-1_p08
531.135515970,581.151169725,50.015653755,Other,random,C4H2,50.015650000,RC2_0018_ICR-1_p08
315.136751561,365.152406316,50.015654755,Other,random,C4H2,50.015650000,RC2_0018_ICR-1_p08
337.056318305,387.071974060,50.015655755,Other,random,C4H2,50.015650000,RC2_0018_ICR-1_p08
371.025306292,421.040962047,50.015655755,Other,random,C4H2,50.015650000,RC2_0018_ICR-1_p08
513.153266087,563.168921842,50.015655755,Other,random,C4H2,50.015650000,RC2_0018_ICR-1_p08
541.156262622,591.171918377,50.015655755,Other,random,C4H2,50.015650000,RC2_0018_ICR-1_p08
579.244851445,629.260507200,50.015655755,Other,random,C4H2,50.015650000,RC2_0018_ICR-1_p08
417.095571233,467.111226988,50.015655755,Other,random,C4H2,50.015650000,RC2_0018_ICR-1_p08
499.145616854,549.161272609,50.015655755,Other,random,C4H2,50.015650000,RC2_0018_ICR-1_p08
461.108817740,511.124473495,50.015655755,Other,random,C4H2,50.015650000,RC2_0018_ICR-1_p08
339.072047970,389.087704725,50.015656755,Other,random,C4H2,50.015650000,RC2_0018_ICR-1_p08
357.082606694,407.098263449,50.015656755,Other,random,C4H2,50.015650000,RC2_0018_ICR-1_p08
463.173805128,513.189461884,50.015656755,Other,random,C4H2,50.015650000,RC2_0018_ICR-1_p08
326.088097980,376.103754735,50.015656755,Other,random,C4H2,50.015650000,RC2_0018_ICR-1_p08
367.116402273,417.132059028,50.015656755,Other,random,C4H2,50.015650000,RC2_0018_ICR-1_p08
409.163329837,459.178986592,50.015656755,Other,random,C4H2,50.015650000,RC2_0018_ICR-1_p08
547.231631460,597.247289215,50.015657755,Other,random,C4H2,50.015650000,RC2_0018_ICR-1_p08
613.105210043,663.120867798,50.015657755,Other,random,C4H2,50.015650000,RC2_0018_ICR-1_p08
325.129201372,375.144860127,50.015658755,Other,random,C4H2,50.015650000,RC2_0018_ICR-1_p08
427.197336429,477.212995184,50.015658755,Other,random,C4H2,50.015650000,RC2_0018_ICR-1_p08
429.140164504,479.155823259,50.015658755,Other,random,C4H2,50.015650000,RC2_0018_ICR-1_p08
435.123886857,485.139545612,50.015658755,Other,random,C4H2,50.015650000,RC2_0018_ICR-1_p08
405.113319611,455.128979366,50.015659755,Other,random,C4H2,50.015650000,RC2_0018_ICR-1_p08
311.149929980,361.165589735,50.015659755,Other,random,C4H2,50.015650000,RC2_0018_ICR-1_p08
411.020155396,461.035815151,50.015659755,Other,random,C4H2,50.015650000,RC2_0018_ICR-1_p08
317.087776590,367.114650282,50.026873692,Other,random,C3H2N2O_1,50.026883000,RC2_0018_ICR-1_p08
282.062028545,332.088903237,50.026874692,Other,random,C3H2N2O_1,50.026883000,RC2_0018_ICR-1_p08
339.064064015,389.090939707,50.026875692,Other,random,C3H2N2O_1,50.026883000,RC2_0018_ICR-1_p08
231.051120386,281.077998078,50.026877692,Other,random,C3H2N2O_1,50.026883000,RC2_0018_ICR-1_p08
301.056502737,351.083384428,50.026881692,Other,random,C3H2N2O_1,50.026883000,RC2_0018_ICR-1_p08
381.147183376,431.183931012,50.036747636,Other,random,CH6O2,50.036757360,RC2_0018_ICR-1_p08
462.177255732,512.214003369,50.036747636,Other,random,CH6O2,50.036757360,RC2_0018_ICR-1_p08
655.276549908,705.313297545,50.036747636,Other,random,CH6O2,50.036757360,RC2_0018_ICR-1_p08
339.136697606,389.173446243,50.036748636,Other,random,CH6O2,50.036757360,RC2_0018_ICR-1_p08
373.129200462,423.165949098,50.036748636,Other,random,CH6O2,50.036757360,RC2_0018_ICR-1_p08
388.030941667,438.067690304,50.036748636,Other,random,CH6O2,50.036757360,RC2_0018_ICR-1_p08
455.098366538,505.135115174,50.036748636,Other,random,CH6O2,50.036757360,RC2_0018_ICR-1_p08
455.183960056,505.220708693,50.036748636,Other,random,CH6O2,50.036757360,RC2_0018_ICR-1_p08
477.140065594,527.176814231,50.036748636,Other,random,CH6O2,50.036757360,RC2_0018_ICR-1_p08
413.087740769,463.124489406,50.036748636,Other,random,CH6O2,50.036757360,RC2_0018_ICR-1_p08
325.056400782,375.093150418,50.036749636,Other,random,CH6O2,50.036757360,RC2_0018_ICR-1_p08
589.120143915,639.156893551,50.036749636,Other,random,CH6O2,50.036757360,RC2_0018_ICR-1_p08
390.132444850,440.169194487,50.036749636,Other,random,CH6O2,50.036757360,RC2_0018_ICR-1_p08
377.051371407,427.088122043,50.036750636,Other,random,CH6O2,50.036757360,RC2_0018_ICR-1_p08
385.142215911,435.178966547,50.036750636,Other,random,CH6O2,50.036757360,RC2_0018_ICR-1_p08
401.045455485,451.082206121,50.036750636,Other,random,CH6O2,50.036757360,RC2_0018_ICR-1_p08
403.116300840,453.153052477,50.036751636,Other,random,CH6O2,50.036757360,RC2_0018_ICR-1_p08
411.085060031,461.121811667,50.036751636,Other,random,CH6O2,50.036757360,RC2_0018_ICR-1_p08
513.140135161,563.176886797,50.036751636,Other,random,CH6O2,50.036757360,RC2_0018_ICR-1_p08
541.148285667,591.185037304,50.036751636,Other,random,CH6O2,50.036757360,RC2_0018_ICR-1_p08
431.170927085,481.207678722,50.036751636,Other,random,CH6O2,50.036757360,RC2_0018_ICR-1_p08
703.188512493,753.225265129,50.036752636,Other,random,CH6O2,50.036757360,RC2_0018_ICR-1_p08
235.024899041,285.061651678,50.036752636,Other,random,CH6O2,50.036757360,RC2_0018_ICR-1_p08
473.158290984,523.195044621,50.036753636,Other,random,CH6O2,50.036757360,RC2_0018_ICR-1_p08
631.203438275,681.240191911,50.036753636,Other,random,CH6O2,50.036757360,RC2_0018_ICR-1_p08
355.022549278,405.059303914,50.036754636,Other,random,CH6O2,50.036757360,RC2_0018_ICR-1_p08
432.065083057,482.101837694,50.036754636,Other,random,CH6O2,50.036757360,RC2_0018_ICR-1_p08
505.098740379,555.135496015,50.036755636,Other,random,CH6O2,50.036757360,RC2_0018_ICR-1_p08
541.135162741,591.171918377,50.036755636,Other,random,CH6O2,50.036757360,RC2_0018_ICR-1_p08
305.103027982,355.139784619,50.036756636,Other,random,CH6O2,50.036757360,RC2_0018_ICR-1_p08
509.194747346,559.231504983,50.036757636,Other,random,CH6O2,50.036757360,RC2_0018_ICR-1_p08
433.150265955,483.187024591,50.036758636,Other,random,CH6O2,50.036757360,RC2_0018_ICR-1_p08
245.045631693,295.082390330,50.036758636,Other,random,CH6O2,50.036757360,RC2_0018_ICR-1_p08
485.230993098,535.267752734,50.036759636,Other,random,CH6O2,50.036757360,RC2_0018_ICR-1_p08
619.203488752,669.240248388,50.036759636,Other,random,CH6O2,50.036757360,RC2_0018_ICR-1_p08
457.150198000,507.186957636,50.036759636,Other,random,CH6O2,50.036757360,RC2_0018_ICR-1_p08
415.066942640,465.103702276,50.036759636,Other,random,CH6O2,50.036757360,RC2_0018_ICR-1_p08
236.056493241,286.093252877,50.036759636,Other,random,CH6O2,50.036757360,RC2_0018_ICR-1_p08
549.234280199,599.271041835,50.036761636,Other,random,CH6O2,50.036757360,RC2_0018_ICR-1_p08
341.043135886,391.079897522,50.036761636,Other,random,CH6O2,50.036757360,RC2_0018_ICR-1_p08
454.077780277,504.114541913,50.036761636,Other,random,CH6O2,50.036757360,RC2_0018_ICR-1_p08
401.137058970,451.173820606,50.036761636,Other,random,CH6O2,50.036757360,RC2_0018_ICR-1_p08
481.090682379,531.127444016,50.036761636,Other,random,CH6O2,50.036757360,RC2_0018_ICR-1_p08
483.142676841,533.179438477,50.036761636,Other,random,CH6O2,50.036757360,RC2_0018_ICR-1_p08
513.067401570,563.104163206,50.036761636,Other,random,CH6O2,50.036757360,RC2_0018_ICR-1_p08
333.170585155,383.207347791,50.036762636,Other,random,CH6O2,50.036757360,RC2_0018_ICR-1_p08
569.057398730,619.094161367,50.036762636,Other,random,CH6O2,50.036757360,RC2_0018_ICR-1_p08
647.234912127,697.271674764,50.036762636,Other,random,CH6O2,50.036757360,RC2_0018_ICR-1_p08
317.066613709,367.103377346,50.036763636,Other,random,CH6O2,50.036757360,RC2_0018_ICR-1_p08
313.108102969,363.144866605,50.036763636,Other,random,CH6O2,50.036757360,RC2_0018_ICR-1_p08
427.066888163,477.103651799,50.036763636,Other,random,CH6O2,50.036757360,RC2_0018_ICR-1_p08
461.108817740,511.145581377,50.036763636,Other,random,CH6O2,50.036757360,RC2_0018_ICR-1_p08
408.065015013,458.101779649,50.036764636,Other,random,CH6O2,50.036757360,RC2_0018_ICR-1_p08
449.217913604,499.254678241,50.036764636,Other,random,CH6O2,50.036757360,RC2_0018_ICR-1_p08
331.095213825,381.131978461,50.036764636,Other,random,CH6O2,50.036757360,RC2_0018_ICR-1_p08
473.145175058,523.181939694,50.036764636,Other,random,CH6O2,50.036757360,RC2_0018_ICR-1_p08
431.183931012,481.220695648,50.036764636,Other,random,CH6O2,50.036757360,RC2_0018_ICR-1_p08
404.111322245,454.148087881,50.036765636,Other,random,CH6O2,50.036757360,RC2_0018_ICR-1_p08
400.030923190,450.067688826,50.036765636,Other,random,CH6O2,50.036757360,RC2_0018_ICR-1_p08
387.035520265,437.072285901,50.036765636,Other,random,CH6O2,50.036757360,RC2_0018_ICR-1_p08
321.097860041,371.134626678,50.036766636,Other,random,CH6O2,50.036757360,RC2_0018_ICR-1_p08
241.035486243,292.082762197,51.047275954,Other,random,C4H5N1O_1,51.047284000,RC2_0018_ICR-1_p08
503.140690389,554.187967343,51.047276954,Other,random,C4H5N1O_1,51.047284000,RC2_0018_ICR-1_p08
481.025819744,532.073097698,51.047277954,Other,random,C4H5N1O_1,51.047284000,RC2_0018_ICR-1_p08
311.040831593,362.088110547,51.047278954,Other,random,C4H5N1O_1,51.047284000,RC2_0018_ICR-1_p08
393.046246465,444.093525420,51.047278954,Other,random,C4H5N1O_1,51.047284000,RC2_0018_ICR-1_p08
427.124418839,478.171700793,51.047281954,Other,random,C4H5N1O_1,51.047284000,RC2_0018_ICR-1_p08
487.072988740,538.120272694,51.047283954,Other,random,C4H5N1O_1,51.047284000,RC2_0018_ICR-1_p08
479.046519874,530.093806828,51.047286954,Other,random,C4H5N1O_1,51.047284000,RC2_0018_ICR-1_p08
541.083562031,592.130848985,51.047286954,Other,random,C4H5N1O_1,51.047284000,RC2_0018_ICR-1_p08
371.061839087,422.109127041,51.047287954,Other,random,C4H5N1O_1,51.047284000,RC2_0018_ICR-1_p08
473.093517349,524.140806303,51.047288954,Other,random,C4H5N1O_1,51.047284000,RC2_0018_ICR-1_p08
413.072419856,464.119708810,51.047288954,Other,random,C4H5N1O_1,51.047284000,RC2_0018_ICR-1_p08
251.019823100,302.067113054,51.047289954,Other,random,C4H5N1O_1,51.047284000,RC2_0018_ICR-1_p08
537.052214700,588.099506654,51.047291954,Other,random,C4H5N1O_1,51.047284000,RC2_0018_ICR-1_p08
318.046522199,369.093814153,51.047291954,Other,random,C4H5N1O_1,51.047284000,RC2_0018_ICR-1_p08
450.080381755,501.234142110,51.153760355,Other,random,C3H13N7O_6,51.153753000,RC2_0018_ICR-1_p08
420.142638099,471.296398454,51.153760355,Other,random,C3H13N7O_6,51.153753000,RC2_0018_ICR-1_p08
287.150091934,339.121500692,51.971408758,Other,random,C_1H1O2P1,51.971418000,RC2_0018_ICR-1_p08
392.135009589,444.106419347,51.971409758,Other,random,C_1H1O2P1,51.971418000,RC2_0018_ICR-1_p08
441.212932618,493.184342375,51.971409758,Other,random,C_1H1O2P1,51.971418000,RC2_0018_ICR-1_p08
327.181309833,379.152723591,51.971413758,Other,random,C_1H1O2P1,51.971418000,RC2_0018_ICR-1_p08
309.097919519,361.069333276,51.971413758,Other,random,C_1H1O2P1,51.971418000,RC2_0018_ICR-1_p08
325.129201372,377.100616130,51.971414758,Other,random,C_1H1O2P1,51.971418000,RC2_0018_ICR-1_p08
345.191806558,397.163221315,51.971414758,Other,random,C_1H1O2P1,51.971418000,RC2_0018_ICR-1_p08
273.076920070,325.048337827,51.971417758,Other,random,C_1H1O2P1,51.971418000,RC2_0018_ICR-1_p08
415.139809230,467.111226988,51.971417758,Other,random,C_1H1O2P1,51.971418000,RC2_0018_ICR-1_p08
288.108947542,340.080367300,51.971419758,Other,random,C_1H1O2P1,51.971418000,RC2_0018_ICR-1_p08
417.118983101,469.090405859,51.971422757,Other,random,C_1H1O2P1,51.971418000,RC2_0018_ICR-1_p08
347.186304342,399.157730100,51.971425757,Other,random,C_1H1O2P1,51.971418000,RC2_0018_ICR-1_p08
373.077421753,425.072339378,51.994917625,Other,random,C3O,51.994927090,RC2_0018_ICR-1_p08
319.058918506,371.053836132,51.994917625,Other,random,C3O,51.994927090,RC2_0018_ICR-1_p08
347.126554678,399.121472304,51.994917625,Other,random,C3O,51.994927090,RC2_0018_ICR-1_p08
441.249112414,493.244030039,51.994917625,Other,random,C3O,51.994927090,RC2_0018_ICR-1_p08
498.125370591,550.120288216,51.994917625,Other,random,C3O,51.994927090,RC2_0018_ICR-1_p08
357.155348285,409.150265910,51.994917625,Other,random,C3O,51.994927090,RC2_0018_ICR-1_p08
397.222995979,449.217913604,51.994917625,Other,random,C3O,51.994927090,RC2_0018_ICR-1_p08
437.231095008,489.226012633,51.994917625,Other,random,C3O,51.994927090,RC2_0018_ICR-1_p08
531.135515970,583.130433596,51.994917625,Other,random,C3O,51.994927090,RC2_0018_ICR-1_p08
579.258171370,631.253088995,51.994917625,Other,random,C3O,51.994927090,RC2_0018_ICR-1_p08
371.126548723,423.121467348,51.994918625,Other,random,C3O,51.994927090,RC2_0018_ICR-1_p08
381.076875771,433.071794396,51.994918625,Other,random,C3O,51.994927090,RC2_0018_ICR-1_p08
401.100709174,453.095627799,51.994918625,Other,random,C3O,51.994927090,RC2_0018_ICR-1_p08
401.137058970,453.131977595,51.994918625,Other,random,C3O,51.994927090,RC2_0018_ICR-1_p08
522.088926841,574.083845466,51.994918625,Other,random,C3O,51.994927090,RC2_0018_ICR-1_p08
531.077824295,583.072742920,51.994918625,Other,random,C3O,51.994927090,RC2_0018_ICR-1_p08
545.252370589,597.247289215,51.994918625,Other,random,C3O,51.994927090,RC2_0018_ICR-1_p08
587.140826045,639.135744670,51.994918625,Other,random,C3O,51.994927090,RC2_0018_ICR-1_p08
419.061824176,471.056742802,51.994918625,Other,random,C3O,51.994927090,RC2_0018_ICR-1_p08
607.094350843,659.089270469,51.994919625,Other,random,C3O,51.994927090,RC2_0018_ICR-1_p08
377.090819185,429.085738810,51.994919625,Other,random,C3O,51.994927090,RC2_0018_ICR-1_p08
389.137012448,441.131933073,51.994920625,Other,random,C3O,51.994927090,RC2_0018_ICR-1_p08
545.093698482,597.088619107,51.994920625,Other,random,C3O,51.994927090,RC2_0018_ICR-1_p08
397.163221315,449.158141940,51.994920625,Other,random,C3O,51.994927090,RC2_0018_ICR-1_p08
429.140164504,481.135085130,51.994920625,Other,random,C3O,51.994927090,RC2_0018_ICR-1_p08
449.194522736,501.189443361,51.994920625,Other,random,C3O,51.994927090,RC2_0018_ICR-1_p08
457.062334494,509.057255119,51.994920625,Other,random,C3O,51.994927090,RC2_0018_ICR-1_p08
473.238969531,525.233890156,51.994920625,Other,random,C3O,51.994927090,RC2_0018_ICR-1_p08
557.260564066,609.255484691,51.994920625,Other,random,C3O,51.994927090,RC2_0018_ICR-1_p08
457.199825721,509.194747346,51.994921625,Other,random,C3O,51.994927090,RC2_0018_ICR-1_p08
546.146691560,598.141613186,51.994921625,Other,random,C3O,51.994927090,RC2_0018_ICR-1_p08
239.019818577,291.014741203,51.994922625,Other,random,C3O,51.994927090,RC2_0018_ICR-1_p08
389.173446243,441.168368868,51.994922625,Other,random,C3O,51.994927090,RC2_0018_ICR-1_p08
451.051605293,503.046527919,51.994922625,Other,random,C3O,51.994927090,RC2_0018_ICR-1_p08
377.051371407,429.046294032,51.994922625,Other,random,C3O,51.994927090,RC2_0018_ICR-1_p08
361.032979480,413.027903106,51.994923625,Other,random,C3O,51.994927090,RC2_0018_ICR-1_p08
467.155823737,519.150747362,51.994923625,Other,random,C3O,51.994927090,RC2_0018_ICR-1_p08
517.207822288,569.202745913,51.994923625,Other,random,C3O,51.994927090,RC2_0018_ICR-1_p08
563.176886797,615.171810423,51.994923625,Other,random,C3O,51.994927090,RC2_0018_ICR-1_p08
574.214331732,626.209255358,51.994923625,Other,random,C3O,51.994927090,RC2_0018_ICR-1_p08
381.113413565,433.108338191,51.994924625,Other,random,C3O,51.994927090,RC2_0018_ICR-1_p08
537.234101677,589.229026303,51.994924625,Other,random,C3O,51.994927090,RC2_0018_ICR-1_p08
611.270956358,663.265880983,51.994924625,Other,random,C3O,51.994927090,RC2_0018_ICR-1_p08
398.080833155,450.075757781,51.994924625,Other,random,C3O,51.994927090,RC2_0018_ICR-1_p08
349.142133344,401.137058970,51.994925625,Other,random,C3O,51.994927090,RC2_0018_ICR-1_p08
353.051318362,405.046243988,51.994925625,Other,random,C3O,51.994927090,RC2_0018_ICR-1_p08
507.200206562,559.195132187,51.994925625,Other,random,C3O,51.994927090,RC2_0018_ICR-1_p08
487.246801763,539.241729388,51.994927625,Other,random,C3O,51.994927090,RC2_0018_ICR-1_p08
318.061848113,370.056775738,51.994927625,Other,random,C3O,51.994927090,RC2_0018_ICR-1_p08
475.191508551,527.186436177,51.994927625,Other,random,C3O,51.994927090,RC2_0018_ICR-1_p08
503.132590435,555.127519060,51.994928625,Other,random,C3O,51.994927090,RC2_0018_ICR-1_p08
483.041557409,535.036486035,51.994928625,Other,random,C3O,51.994927090,RC2_0018_ICR-1_p08
338.051698707,390.046627333,51.994928625,Other,random,C3O,51.994927090,RC2_0018_ICR-1_p08
396.142676054,448.137604679,51.994928625,Other,random,C3O,51.994927090,RC2_0018_ICR-1_p08
419.074816103,471.069744729,51.994928625,Other,random,C3O,51.994927090,RC2_0018_ICR-1_p08
368.062251954,420.057181579,51.994929625,Other,random,C3O,51.994927090,RC2_0018_ICR-1_p08
317.051304796,369.046235421,51.994930625,Other,random,C3O,51.994927090,RC2_0018_ICR-1_p08
359.061895564,411.056826189,51.994930625,Other,random,C3O,51.994927090,RC2_0018_ICR-1_p08
392.098594794,444.093525420,51.994930625,Other,random,C3O,51.994927090,RC2_0018_ICR-1_p08
377.209814516,429.204746141,51.994931625,Other,random,C3O,51.994927090,RC2_0018_ICR-1_p08
393.076904293,445.071835918,51.994931625,Other,random,C3O,51.994927090,RC2_0018_ICR-1_p08
471.150752273,523.145683898,51.994931625,Other,random,C3O,51.994927090,RC2_0018_ICR-1_p08
601.141028320,653.135959945,51.994931625,Other,random,C3O,51.994927090,RC2_0018_ICR-1_p08
643.188527881,695.183459506,51.994931625,Other,random,C3O,51.994927090,RC2_0018_ICR-1_p08
421.077519842,473.072452467,51.994932625,Other,random,C3O,51.994927090,RC2_0018_ICR-1_p08
349.105776549,401.100709174,51.994932625,Other,random,C3O,51.994927090,RC2_0018_ICR-1_p08
539.286189138,591.281122763,51.994933625,Other,random,C3O,51.994927090,RC2_0018_ICR-1_p08
330.111208358,382.106141983,51.994933625,Other,random,C3O,51.994927090,RC2_0018_ICR-1_p08
392.147940517,444.142874142,51.994933625,Other,random,C3O,51.994927090,RC2_0018_ICR-1_p08
419.165397594,471.160331219,51.994933625,Other,random,C3O,51.994927090,RC2_0018_ICR-1_p08
294.061944068,346.056878693,51.994934625,Other,random,C3O,51.994927090,RC2_0018_ICR-1_p08
355.066866029,407.061800654,51.994934625,Other,random,C3O,51.994927090,RC2_0018_ICR-1_p08
383.098099405,435.093034031,51.994934625,Other,random,C3O,51.994927090,RC2_0018_ICR-1_p08
382.049436302,434.044370927,51.994934625,Other,random,C3O,51.994927090,RC2_0018_ICR-1_p08
391.175910983,443.170845608,51.994934625,Other,random,C3O,51.994927090,RC2_0018_ICR-1_p08
403.152773635,455.147708260,51.994934625,Other,random,C3O,51.994927090,RC2_0018_ICR-1_p08
427.051585249,479.046519874,51.994934625,Other,random,C3O,51.994927090,RC2_0018_ICR-1_p08
457.098694290,509.093628915,51.994934625,Other,random,C3O,51.994927090,RC2_0018_ICR-1_p08
411.178869503,463.173805128,51.994935625,Other,random,C3O,51.994927090,RC2_0018_ICR-1_p08
407.134489245,459.129424871,51.994935625,Other,random,C3O,51.994927090,RC2_0018_ICR-1_p08
381.118962534,433.113898159,51.994935625,Other,random,C3O,51.994927090,RC2_0018_ICR-1_p08
481.135085130,533.130020755,51.994935625,Other,random,C3O,51.994927090,RC2_0018_ICR-1_p08
561.234158722,613.229094347,51.994935625,Other,random,C3O,51.994927090,RC2_0018_ICR-1_p08
311.149929980,363.144866605,51.994936625,Other,random,C3O,51.994927090,RC2_0018_ICR-1_p08
323.162985429,375.157922054,51.994936625,Other,random,C3O,51.994927090,RC2_0018_ICR-1_p08
367.152737068,419.147673694,51.994936625,Other,random,C3O,51.994927090,RC2_0018_ICR-1_p08
387.194219372,439.189155997,51.994936625,Other,random,C3O,51.994927090,RC2_0018_ICR-1_p08
471.179046114,523.173982739,51.994936625,Other,random,C3O,51.994927090,RC2_0018_ICR-1_p08
673.250660837,725.245597463,51.994936625,Other,random,C3O,51.994927090,RC2_0018_ICR-1_p08
331.045794103,383.061796609,52.016002507,Other,random,H4O3,52.016011680,RC2_0018_ICR-1_p08
389.087704725,441.103707232,52.016002507,Other,random,H4O3,52.016011680,RC2_0018_ICR-1_p08
529.062426628,581.078429134,52.016002507,Other,random,H4O3,52.016011680,RC2_0018_ICR-1_p08
361.165589735,413.181593242,52.016003507,Other,random,H4O3,52.016011680,RC2_0018_ICR-1_p08
699.266151549,751.282155055,52.016003507,Other,random,H4O3,52.016011680,RC2_0018_ICR-1_p08
539.083452278,591.099457785,52.016005507,Other,random,H4O3,52.016011680,RC2_0018_ICR-1_p08
439.189155997,491.205161504,52.016005507,Other,random,H4O3,52.016011680,RC2_0018_ICR-1_p08
453.168508390,505.184513896,52.016005507,Other,random,H4O3,52.016011680,RC2_0018_ICR-1_p08
251.092540691,303.108547198,52.016006507,Other,random,H4O3,52.016011680,RC2_0018_ICR-1_p08
317.152415227,369.168421734,52.016006507,Other,random,H4O3,52.016011680,RC2_0018_ICR-1_p08
330.111208358,382.127214865,52.016006507,Other,random,H4O3,52.016011680,RC2_0018_ICR-1_p08
553.221032780,605.237040287,52.016007507,Other,random,H4O3,52.016011680,RC2_0018_ICR-1_p08
313.048365305,365.064373811,52.016008507,Other,random,H4O3,52.016011680,RC2_0018_ICR-1_p08
413.124008565,465.140017072,52.016008507,Other,random,H4O3,52.016011680,RC2_0018_ICR-1_p08
397.129119507,449.145128014,52.016008507,Other,random,H4O3,52.016011680,RC2_0018_ICR-1_p08
457.186682795,509.202691302,52.016008507,Other,random,H4O3,52.016011680,RC2_0018_ICR-1_p08
403.066921118,455.082930625,52.016009507,Other,random,H4O3,52.016011680,RC2_0018_ICR-1_p08
589.265504097,641.281513604,52.016009507,Other,random,H4O3,52.016011680,RC2_0018_ICR-1_p08
357.128658435,409.144668942,52.016010507,Other,random,H4O3,52.016011680,RC2_0018_ICR-1_p08
529.207780810,581.223791317,52.016010507,Other,random,H4O3,52.016011680,RC2_0018_ICR-1_p08
381.118962534,433.134973041,52.016010507,Other,random,H4O3,52.016011680,RC2_0018_ICR-1_p08
383.090035451,435.106045957,52.016010507,Other,random,H4O3,52.016011680,RC2_0018_ICR-1_p08
423.121467348,475.137479855,52.016012507,Other,random,H4O3,52.016011680,RC2_0018_ICR-1_p08
433.222952546,485.238965053,52.016012507,Other,random,H4O3,52.016011680,RC2_0018_ICR-1_p08
547.182221738,599.198234244,52.016012507,Other,random,H4O3,52.016011680,RC2_0018_ICR-1_p08
419.061824176,471.077836683,52.016012507,Other,random,H4O3,52.016011680,RC2_0018_ICR-1_p08
290.030728736,342.046742243,52.016013507,Other,random,H4O3,52.016011680,RC2_0018_ICR-1_p08
407.171062040,459.187075546,52.016013507,Other,random,H4O3,52.016011680,RC2_0018_ICR-1_p08
607.231953070,659.247966576,52.016013507,Other,random,H4O3,52.016011680,RC2_0018_ICR-1_p08
329.102948027,381.118962534,52.016014507,Other,random,H4O3,52.016011680,RC2_0018_ICR-1_p08
487.088198655,539.104213161,52.016014507,Other,random,H4O3,52.016011680,RC2_0018_ICR-1_p08
313.121134895,365.137149402,52.016014507,Other,random,H4O3,52.016011680,RC2_0018_ICR-1_p08
335.178204865,387.194219372,52.016014507,Other,random,H4O3,52.016011680,RC2_0018_ICR-1_p08
398.173762633,450.189777139,52.016014507,Other,random,H4O3,52.016011680,RC2_0018_ICR-1_p08
500.083177582,552.099192089,52.016014507,Other,random,H4O3,52.016011680,RC2_0018_ICR-1_p08
415.139809230,467.155823737,52.016014507,Other,random,H4O3,52.016011680,RC2_0018_ICR-1_p08
429.082634828,481.098650335,52.016015507,Other,random,H4O3,52.016011680,RC2_0018_ICR-1_p08
439.080101611,491.096117117,52.016015507,Other,random,H4O3,52.016011680,RC2_0018_ICR-1_p08
329.152287750,381.168303257,52.016015507,Other,random,H4O3,52.016011680,RC2_0018_ICR-1_p08
623.141057610,675.157073117,52.016015507,Other,random,H4O3,52.016011680,RC2_0018_ICR-1_p08
247.061255359,299.077271866,52.016016507,Other,random,H4O3,52.016011680,RC2_0018_ICR-1_p08
527.278147661,579.294165168,52.016017507,Other,random,H4O3,52.016011680,RC2_0018_ICR-1_p08
293.175787051,345.191806558,52.016019507,Other,random,H4O3,52.016011680,RC2_0018_ICR-1_p08
613.156524755,665.172545262,52.016020507,Other,random,H4O3,52.016011680,RC2_0018_ICR-1_p08
467.220524373,519.236544880,52.016020507,Other,random,H4O3,52.016011680,RC2_0018_ICR-1_p08
585.088993582,637.105014089,52.016020507,Other,random,H4O3,52.016011680,RC2_0018_ICR-1_p08
485.036193193,537.052214700,52.016021507,Other,random,H4O3,52.016011680,RC2_0018_ICR-1_p08
343.131660142,395.147681649,52.016021507,Other,random,H4O3,52.016011680,RC2_0018_ICR-1_p08
425.173619809,477.189641315,52.016021507,Other,random,H4O3,52.016011680,RC2_0018_ICR-1_p08
565.257514098,617.273535604,52.016021507,Other,random,H4O3,52.016011680,RC2_0018_ICR-1_p08
439.197276952,491.228567373,52.031290421,Other,random,C4H4,52.031300090,RC2_0018_ICR-1_p08
589.047468323,641.078758744,52.031290421,Other,random,C4H4,52.031300090,RC2_0018_ICR-1_p08
249.040526230,301.071816650,52.031290421,Other,random,C4H4,52.031300090,RC2_0018_ICR-1_p08
307.009487262,359.040778683,52.031291421,Other,random,C4H4,52.031300090,RC2_0018_ICR-1_p08
371.098113883,423.129405304,52.031291421,Other,random,C4H4,52.031300090,RC2_0018_ICR-1_p08
487.254897717,539.286189138,52.031291421,Other,random,C4H4,52.031300090,RC2_0018_ICR-1_p08
567.062869946,619.094161367,52.031291421,Other,random,C4H4,52.031300090,RC2_0018_ICR-1_p08
319.103334257,371.134626678,52.031292421,Other,random,C4H4,52.031300090,RC2_0018_ICR-1_p08
340.067302373,392.098594794,52.031292421,Other,random,C4H4,52.031300090,RC2_0018_ICR-1_p08
655.261065995,707.292358416,52.031292421,Other,random,C4H4,52.031300090,RC2_0018_ICR-1_p08
475.254824195,527.286117616,52.031293421,Other,random,C4H4,52.031300090,RC2_0018_ICR-1_p08
392.111580721,444.142874142,52.031293421,Other,random,C4H4,52.031300090,RC2_0018_ICR-1_p08
439.160695158,491.191988578,52.031293421,Other,random,C4H4,52.031300090,RC2_0018_ICR-1_p08
519.127495493,571.158789914,52.031294421,Other,random,C4H4,52.031300090,RC2_0018_ICR-1_p08
527.104293638,579.135588059,52.031294421,Other,random,C4H4,52.031300090,RC2_0018_ICR-1_p08
349.129169417,401.160463838,52.031294421,Other,random,C4H4,52.031300090,RC2_0018_ICR-1_p08
371.147728604,423.179023025,52.031294421,Other,random,C4H4,52.031300090,RC2_0018_ICR-1_p08
433.077400365,485.108694786,52.031294421,Other,random,C4H4,52.031300090,RC2_0018_ICR-1_p08
450.067688826,502.098983247,52.031294421,Other,random,C4H4,52.031300090,RC2_0018_ICR-1_p08
457.062334494,509.093628915,52.031294421,Other,random,C4H4,52.031300090,RC2_0018_ICR-1_p08
365.173435198,417.204730619,52.031295421,Other,random,C4H4,52.031300090,RC2_0018_ICR-1_p08
463.101134537,515.132429958,52.031295421,Other,random,C4H4,52.031300090,RC2_0018_ICR-1_p08
405.077009815,457.108306236,52.031296421,Other,random,C4H4,52.031300090,RC2_0018_ICR-1_p08
309.147372240,361.178668661,52.031296421,Other,random,C4H4,52.031300090,RC2_0018_ICR-1_p08
365.118477507,417.149773928,52.031296421,Other,random,C4H4,52.031300090,RC2_0018_ICR-1_p08
507.041562454,559.072858875,52.031296421,Other,random,C4H4,52.031300090,RC2_0018_ICR-1_p08
469.171394403,521.202691824,52.031297421,Other,random,C4H4,52.031300090,RC2_0018_ICR-1_p08
587.104447249,639.135744670,52.031297421,Other,random,C4H4,52.031300090,RC2_0018_ICR-1_p08
349.092643623,401.123941043,52.031297421,Other,random,C4H4,52.031300090,RC2_0018_ICR-1_p08
355.095331869,407.126629290,52.031297421,Other,random,C4H4,52.031300090,RC2_0018_ICR-1_p08
393.076904293,445.108201714,52.031297421,Other,random,C4H4,52.031300090,RC2_0018_ICR-1_p08
359.090145405,411.121443826,52.031298421,Other,random,C4H4,52.031300090,RC2_0018_ICR-1_p08
507.200206562,559.231504983,52.031298421,Other,random,C4H4,52.031300090,RC2_0018_ICR-1_p08
327.063989493,379.095287914,52.031298421,Other,random,C4H4,52.031300090,RC2_0018_ICR-1_p08
354.046633766,406.077932186,52.031298421,Other,random,C4H4,52.031300090,RC2_0018_ICR-1_p08
349.019989031,401.051288452,52.031299421,Other,random,C4H4,52.031300090,RC2_0018_ICR-1_p08
409.108194147,461.139493568,52.031299421,Other,random,C4H4,52.031300090,RC2_0018_ICR-1_p08
409.113705116,461.145004537,52.031299421,Other,random,C4H4,52.031300090,RC2_0018_ICR-1_p08
419.074816103,471.106115524,52.031299421,Other,random,C4H4,52.031300090,RC2_0018_ICR-1_p08
447.124015379,499.155314799,52.031299421,Other,random,C4H4,52.031300090,RC2_0018_ICR-1_p08
296.041188938,348.072489359,52.031300421,Other,random,C4H4,52.031300090,RC2_0018_ICR-1_p08
399.139250204,451.170550624,52.031300421,Other,random,C4H4,52.031300090,RC2_0018_ICR-1_p08
529.220810737,581.252111158,52.031300421,Other,random,C4H4,52.031300090,RC2_0018_ICR-1_p08
777.225790171,829.257090591,52.031300421,Other,random,C4H4,52.031300090,RC2_0018_ICR-1_p08
465.067479480,517.098779901,52.031300421,Other,random,C4H4,52.031300090,RC2_0018_ICR-1_p08
521.215665751,573.246967172,52.031301421,Other,random,C4H4,52.031300090,RC2_0018_ICR-1_p08
669.204073592,721.235375013,52.031301421,Other,random,C4H4,52.031300090,RC2_0018_ICR-1_p08
397.163221315,449.194522736,52.031301421,Other,random,C4H4,52.031300090,RC2_0018_ICR-1_p08
449.158141940,501.189443361,52.031301421,Other,random,C4H4,52.031300090,RC2_0018_ICR-1_p08
563.213471592,615.244773012,52.031301421,Other,random,C4H4,52.031300090,RC2_0018_ICR-1_p08
322.093142445,374.124444865,52.031302421,Other,random,C4H4,52.031300090,RC2_0018_ICR-1_p08
431.165428116,483.196730537,52.031302421,Other,random,C4H4,52.031300090,RC2_0018_ICR-1_p08
437.108794696,489.140097116,52.031302421,Other,random,C4H4,52.031300090,RC2_0018_ICR-1_p08
487.210426967,539.241729388,52.031302421,Other,random,C4H4,52.031300090,RC2_0018_ICR-1_p08
603.120512189,655.151815610,52.031303421,Other,random,C4H4,52.031300090,RC2_0018_ICR-1_p08
685.235700444,737.267003864,52.031303421,Other,random,C4H4,52.031300090,RC2_0018_ICR-1_p08
307.082288853,359.113592273,52.031303421,Other,random,C4H4,52.031300090,RC2_0018_ICR-1_p08
381.118962534,433.150265955,52.031303421,Other,random,C4H4,52.031300090,RC2_0018_ICR-1_p08
523.158817824,575.190121245,52.031303421,Other,random,C4H4,52.031300090,RC2_0018_ICR-1_p08
383.098099405,435.129403826,52.031304421,Other,random,C4H4,52.031300090,RC2_0018_ICR-1_p08
233.045621171,285.076925592,52.031304421,Other,random,C4H4,52.031300090,RC2_0018_ICR-1_p08
370.049425780,422.080730201,52.031304421,Other,random,C4H4,52.031300090,RC2_0018_ICR-1_p08
403.061313149,455.092617570,52.031304421,Other,random,C4H4,52.031300090,RC2_0018_ICR-1_p08
429.059377959,481.090682379,52.031304421,Other,random,C4H4,52.031300090,RC2_0018_ICR-1_p08
439.173857084,491.205161504,52.031304421,Other,random,C4H4,52.031300090,RC2_0018_ICR-1_p08
471.142678318,523.173982739,52.031304421,Other,random,C4H4,52.031300090,RC2_0018_ICR-1_p08
479.046519874,531.077824295,52.031304421,Other,random,C4H4,52.031300090,RC2_0018_ICR-1_p08
527.067851843,579.099156264,52.031304421,Other,random,C4H4,52.031300090,RC2_0018_ICR-1_p08
433.126993086,485.158298507,52.031305421,Other,random,C4H4,52.031300090,RC2_0018_ICR-1_p08
251.059476877,303.090782297,52.031305421,Other,random,C4H4,52.031300090,RC2_0018_ICR-1_p08
511.145581377,563.176886797,52.031305421,Other,random,C4H4,52.031300090,RC2_0018_ICR-1_p08
561.174511057,613.205816478,52.031305421,Other,random,C4H4,52.031300090,RC2_0018_ICR-1_p08
425.194636691,477.225943111,52.031306421,Other,random,C4H4,52.031300090,RC2_0018_ICR-1_p08
435.129403826,487.160710247,52.031306421,Other,random,C4H4,52.031300090,RC2_0018_ICR-1_p08
501.226082155,553.257388576,52.031306421,Other,random,C4H4,52.031300090,RC2_0018_ICR-1_p08
763.282723574,815.314029995,52.031306421,Other,random,C4H4,52.031300090,RC2_0018_ICR-1_p08
463.124489406,515.155796827,52.031307421,Other,random,C4H4,52.031300090,RC2_0018_ICR-1_p08
325.092754577,377.124061998,52.031307421,Other,random,C4H4,52.031300090,RC2_0018_ICR-1_p08
375.157922054,427.189229475,52.031307421,Other,random,C4H4,52.031300090,RC2_0018_ICR-1_p08
509.143202636,561.174511057,52.031308421,Other,random,C4H4,52.031300090,RC2_0018_ICR-1_p08
517.098779901,569.130088322,52.031308421,Other,random,C4H4,52.031300090,RC2_0018_ICR-1_p08
489.197750792,541.229059213,52.031308421,Other,random,C4H4,52.031300090,RC2_0018_ICR-1_p08
394.114237460,446.145545881,52.031308421,Other,random,C4H4,52.031300090,RC2_0018_ICR-1_p08
407.184150966,459.215459387,52.031308421,Other,random,C4H4,52.031300090,RC2_0018_ICR-1_p08
635.161930015,687.193238436,52.031308421,Other,random,C4H4,52.031300090,RC2_0018_ICR-1_p08
365.045625917,417.076935338,52.031309421,Other,random,C4H4,52.031300090,RC2_0018_ICR-1_p08
365.124004476,417.155313897,52.031309421,Other,random,C4H4,52.031300090,RC2_0018_ICR-1_p08
485.202792256,537.234101677,52.031309421,Other,random,C4H4,52.031300090,RC2_0018_ICR-1_p08
505.111842305,557.143151726,52.031309421,Other,random,C4H4,52.031300090,RC2_0018_ICR-1_p08
269.030407824,321.072946181,52.042538358,Other,random,C3H4N2O_1,52.042533000,RC2_0018_ICR-1_p08
423.129405304,475.197080520,52.067675216,Other,random,C5H8O_1,52.067685000,RC2_0018_ICR-1_p08
307.118651648,359.186326864,52.067675216,Other,random,C5H8O_1,52.067685000,RC2_0018_ICR-1_p08
595.057655527,647.125330744,52.067675216,Other,random,C5H8O_1,52.067685000,RC2_0018_ICR-1_p08
721.198933217,773.266608434,52.067675216,Other,random,C5H8O_1,52.067685000,RC2_0018_ICR-1_p08
533.151149636,585.218824852,52.067675216,Other,random,C5H8O_1,52.067685000,RC2_0018_ICR-1_p08
589.083541121,641.151217337,52.067676216,Other,random,C5H8O_1,52.067685000,RC2_0018_ICR-1_p08
361.113917025,413.181593242,52.067676216,Other,random,C5H8O_1,52.067685000,RC2_0018_ICR-1_p08
435.093034031,487.160710247,52.067676216,Other,random,C5H8O_1,52.067685000,RC2_0018_ICR-1_p08
443.082858103,495.150534319,52.067676216,Other,random,C5H8O_1,52.067685000,RC2_0018_ICR-1_p08
597.218923374,649.286599590,52.067676216,Other,random,C5H8O_1,52.067685000,RC2_0018_ICR-1_p08
409.090377247,461.158054463,52.067677216,Other,random,C5H8O_1,52.067685000,RC2_0018_ICR-1_p08
277.071783606,329.139460822,52.067677216,Other,random,C5H8O_1,52.067685000,RC2_0018_ICR-1_p08
353.087646158,405.155323374,52.067677216,Other,random,C5H8O_1,52.067685000,RC2_0018_ICR-1_p08
435.069803161,487.137480377,52.067677216,Other,random,C5H8O_1,52.067685000,RC2_0018_ICR-1_p08
419.056203208,471.123881424,52.067678216,Other,random,C5H8O_1,52.067685000,RC2_0018_ICR-1_p08
443.025247427,495.092925643,52.067678216,Other,random,C5H8O_1,52.067685000,RC2_0018_ICR-1_p08
321.061522246,373.129200462,52.067678216,Other,random,C5H8O_1,52.067685000,RC2_0018_ICR-1_p08
353.100663085,405.168341301,52.067678216,Other,random,C5H8O_1,52.067685000,RC2_0018_ICR-1_p08
469.135013608,521.202691824,52.067678216,Other,random,C5H8O_1,52.067685000,RC2_0018_ICR-1_p08
487.109273536,539.176951752,52.067678216,Other,random,C5H8O_1,52.067685000,RC2_0018_ICR-1_p08
525.124941769,577.192619985,52.067678216,Other,random,C5H8O_1,52.067685000,RC2_0018_ICR-1_p08
543.135651492,595.203330708,52.067679216,Other,random,C5H8O_1,52.067685000,RC2_0018_ICR-1_p08
383.184098922,435.251779138,52.067680216,Other,random,C5H8O_1,52.067685000,RC2_0018_ICR-1_p08
541.192766417,593.260446633,52.067680216,Other,random,C5H8O_1,52.067685000,RC2_0018_ICR-1_p08
339.035559175,391.103239391,52.067680216,Other,random,C5H8O_1,52.067685000,RC2_0018_ICR-1_p08
391.066921595,443.134601812,52.067680216,Other,random,C5H8O_1,52.067685000,RC2_0018_ICR-1_p08
539.068004365,591.135684581,52.067680216,Other,random,C5H8O_1,52.067685000,RC2_0018_ICR-1_p08
525.088620973,577.156302189,52.067681216,Other,random,C5H8O_1,52.067685000,RC2_0018_ICR-1_p08
355.030582233,407.098263449,52.067681216,Other,random,C5H8O_1,52.067685000,RC2_0018_ICR-1_p08
363.102799842,415.170481058,52.067681216,Other,random,C5H8O_1,52.067685000,RC2_0018_ICR-1_p08
463.124489406,515.192170622,52.067681216,Other,random,C5H8O_1,52.067685000,RC2_0018_ICR-1_p08
485.158298507,537.225979723,52.067681216,Other,random,C5H8O_1,52.067685000,RC2_0018_ICR-1_p08
555.127519060,607.195200276,52.067681216,Other,random,C5H8O_1,52.067685000,RC2_0018_ICR-1_p08
337.020022509,389.087704725,52.067682216,Other,random,C5H8O_1,52.067685000,RC2_0018_ICR-1_p08
337.069330231,389.137012448,52.067682216,Other,random,C5H8O_1,52.067685000,RC2_0018_ICR-1_p08
695.256146097,747.323829314,52.067683216,Other,random,C5H8O_1,52.067685000,RC2_0018_ICR-1_p08
351.108297288,403.175981505,52.067684216,Other,random,C5H8O_1,52.067685000,RC2_0018_ICR-1_p08
429.067400914,481.135085130,52.067684216,Other,random,C5H8O_1,52.067685000,RC2_0018_ICR-1_p08
449.085357350,501.153041566,52.067684216,Other,random,C5H8O_1,52.067685000,RC2_0018_ICR-1_p08
469.220667126,521.288351342,52.067684216,Other,random,C5H8O_1,52.067685000,RC2_0018_ICR-1_p08
591.062990990,643.130675206,52.067684216,Other,random,C5H8O_1,52.067685000,RC2_0018_ICR-1_p08
551.104454682,603.172138898,52.067684216,Other,random,C5H8O_1,52.067685000,RC2_0018_ICR-1_p08
441.095719277,493.163404493,52.067685216,Other,random,C5H8O_1,52.067685000,RC2_0018_ICR-1_p08
405.046243988,457.113929204,52.067685216,Other,random,C5H8O_1,52.067685000,RC2_0018_ICR-1_p08
341.137152357,393.204837574,52.067685216,Other,random,C5H8O_1,52.067685000,RC2_0018_ICR-1_p08
365.064373811,417.132059028,52.067685216,Other,random,C5H8O_1,52.067685000,RC2_0018_ICR-1_p08
513.124954246,565.192639462,52.067685216,Other,random,C5H8O_1,52.067685000,RC2_0018_ICR-1_p08
414.116958982,466.184645198,52.067686216,Other,random,C5H8O_1,52.067685000,RC2_0018_ICR-1_p08
415.152838157,467.220524373,52.067686216,Other,random,C5H8O_1,52.067685000,RC2_0018_ICR-1_p08
427.124418839,479.192105055,52.067686216,Other,random,C5H8O_1,52.067685000,RC2_0018_ICR-1_p08
447.114301433,499.181987649,52.067686216,Other,random,C5H8O_1,52.067685000,RC2_0018_ICR-1_p08
587.117827174,639.185513390,52.067686216,Other,random,C5H8O_1,52.067685000,RC2_0018_ICR-1_p08
239.019818577,291.087506794,52.067688216,Other,random,C5H8O_1,52.067685000,RC2_0018_ICR-1_p08
373.077421753,425.145109969,52.067688216,Other,random,C5H8O_1,52.067685000,RC2_0018_ICR-1_p08
681.204212113,733.271900329,52.067688216,Other,random,C5H8O_1,52.067685000,RC2_0018_ICR-1_p08
395.061853131,447.129542348,52.067689216,Other,random,C5H8O_1,52.067685000,RC2_0018_ICR-1_p08
345.061430291,397.129119507,52.067689216,Other,random,C5H8O_1,52.067685000,RC2_0018_ICR-1_p08
473.093517349,525.161206565,52.067689216,Other,random,C5H8O_1,52.067685000,RC2_0018_ICR-1_p08
565.047196280,617.114885496,52.067689216,Other,random,C5H8O_1,52.067685000,RC2_0018_ICR-1_p08
365.100605608,417.168295824,52.067690216,Other,random,C5H8O_1,52.067685000,RC2_0018_ICR-1_p08
399.121472304,451.189162520,52.067690216,Other,random,C5H8O_1,52.067685000,RC2_0018_ICR-1_p08
403.152773635,455.220463851,52.067690216,Other,random,C5H8O_1,52.067685000,RC2_0018_ICR-1_p08
431.056118731,483.123809947,52.067691216,Other,random,C5H8O_1,52.067685000,RC2_0018_ICR-1_p08
391.043650726,443.111341942,52.067691216,Other,random,C5H8O_1,52.067685000,RC2_0018_ICR-1_p08
313.129155850,365.196847066,52.067691216,Other,random,C5H8O_1,52.067685000,RC2_0018_ICR-1_p08
533.115126839,585.182818055,52.067691216,Other,random,C5H8O_1,52.067685000,RC2_0018_ICR-1_p08
571.203333663,623.271024880,52.067691216,Other,random,C5H8O_1,52.067685000,RC2_0018_ICR-1_p08
357.110821535,409.178513751,52.067692216,Other,random,C5H8O_1,52.067685000,RC2_0018_ICR-1_p08
363.085145941,415.152838157,52.067692216,Other,random,C5H8O_1,52.067685000,RC2_0018_ICR-1_p08
471.187039069,523.254731285,52.067692216,Other,random,C5H8O_1,52.067685000,RC2_0018_ICR-1_p08
497.130112187,549.197804404,52.067692216,Other,random,C5H8O_1,52.067685000,RC2_0018_ICR-1_p08
231.051120386,283.118813603,52.067693216,Other,random,C5H8O_1,52.067685000,RC2_0018_ICR-1_p08
401.137058970,453.204752186,52.067693216,Other,random,C5H8O_1,52.067685000,RC2_0018_ICR-1_p08
435.129403826,487.197097042,52.067693216,Other,random,C5H8O_1,52.067685000,RC2_0018_ICR-1_p08
613.177600636,665.245294853,52.067694216,Other,random,C5H8O_1,52.067685000,RC2_0018_ICR-1_p08
361.105876071,413.173570287,52.067694216,Other,random,C5H8O_1,52.067685000,RC2_0018_ICR-1_p08
407.128963276,460.101363405,52.972400129,Other,random,C2H_1O_1N1S1,52.972406000,RC2_0018_ICR-1_p08
343.134114128,396.106515257,52.972401129,Other,random,C2H_1O_1N1S1,52.972406000,RC2_0018_ICR-1_p08
385.142215911,438.114620040,52.972404129,Other,random,C2H_1O_1N1S1,52.972406000,RC2_0018_ICR-1_p08
369.072086275,422.044497404,52.972411129,Other,random,C2H_1O_1N1S1,52.972406000,RC2_0018_ICR-1_p08
393.059256392,446.085828217,53.026571824,Other,random,C3H3N,53.026580880,RC2_0018_ICR-1_p08
239.056189373,292.082762197,53.026572824,Other,random,C3H3N,53.026580880,RC2_0018_ICR-1_p08
367.030606755,420.057181579,53.026574824,Other,random,C3H3N,53.026580880,RC2_0018_ICR-1_p08
593.078589656,646.105165480,53.026575824,Other,random,C3H3N,53.026580880,RC2_0018_ICR-1_p08
313.129155850,366.155732675,53.026576824,Other,random,C3H3N,53.026580880,RC2_0018_ICR-1_p08
479.046519874,532.073097698,53.026577824,Other,random,C3H3N,53.026580880,RC2_0018_ICR-1_p08
405.082492784,458.109070608,53.026577824,Other,random,C3H3N,53.026580880,RC2_0018_ICR-1_p08
395.061853131,448.088431956,53.026578824,Other,random,C3H3N,53.026580880,RC2_0018_ICR-1_p08
445.041127091,498.067705915,53.026578824,Other,random,C3H3N,53.026580880,RC2_0018_ICR-1_p08
555.099244219,608.125823043,53.026578824,Other,random,C3H3N,53.026580880,RC2_0018_ICR-1_p08
323.004471320,376.031052144,53.026580824,Other,random,C3H3N,53.026580880,RC2_0018_ICR-1_p08
268.046363357,321.072946181,53.026582824,Other,random,C3H3N,53.026580880,RC2_0018_ICR-1_p08
341.014982044,394.041564869,53.026582824,Other,random,C3H3N,53.026580880,RC2_0018_ICR-1_p08
321.097860041,374.124444865,53.026584824,Other,random,C3H3N,53.026580880,RC2_0018_ICR-1_p08
337.056318305,390.082904129,53.026585824,Other,random,C3H3N,53.026580880,RC2_0018_ICR-1_p08
365.087650681,418.114236505,53.026585824,Other,random,C3H3N,53.026580880,RC2_0018_ICR-1_p08
249.040526230,302.067113054,53.026586824,Other,random,C3H3N,53.026580880,RC2_0018_ICR-1_p08
252.051450299,305.078038123,53.026587824,Other,random,C3H3N,53.026580880,RC2_0018_ICR-1_p08
461.072426945,514.099015769,53.026588824,Other,random,C3H3N,53.026580880,RC2_0018_ICR-1_p08
447.093056553,500.119645377,53.026588824,Other,random,C3H3N,53.026580880,RC2_0018_ICR-1_p08
341.087646636,394.114237460,53.026590824,Other,random,C3H3N,53.026580880,RC2_0018_ICR-1_p08
397.041098002,450.067688826,53.026590824,Other,random,C3H3N,53.026580880,RC2_0018_ICR-1_p08
425.145109969,478.171700793,53.026590824,Other,random,C3H3N,53.026580880,RC2_0018_ICR-1_p08
357.046121899,410.072712723,53.026590824,Other,random,C3H3N,53.026580880,RC2_0018_ICR-1_p08
550.193123807,603.244816490,53.051692683,Other,random,C5H7N_1,53.051701000,RC2_0018_ICR-1_p08
406.150679777,459.202373460,53.051693683,Other,random,C5H7N_1,53.051701000,RC2_0018_ICR-1_p08
336.108756633,389.160451316,53.051694683,Other,random,C5H7N_1,53.051701000,RC2_0018_ICR-1_p08
584.198657589,637.250352272,53.051694683,Other,random,C5H7N_1,53.051701000,RC2_0018_ICR-1_p08
420.070032507,473.121728190,53.051695683,Other,random,C5H7N_1,53.051701000,RC2_0018_ICR-1_p08
390.082904129,443.134601812,53.051697683,Other,random,C5H7N_1,53.051701000,RC2_0018_ICR-1_p08
362.088110547,415.139809230,53.051698683,Other,random,C5H7N_1,53.051701000,RC2_0018_ICR-1_p08
334.093073967,387.144773650,53.051699683,Other,random,C5H7N_1,53.051701000,RC2_0018_ICR-1_p08
430.163545750,483.215245433,53.051699683,Other,random,C5H7N_1,53.051701000,RC2_0018_ICR-1_p08
520.146259764,573.197959447,53.051699683,Other,random,C5H7N_1,53.051701000,RC2_0018_ICR-1_p08
488.156299648,541.208001331,53.051701683,Other,random,C5H7N_1,53.051701000,RC2_0018_ICR-1_p08
578.078951001,631.130652684,53.051701683,Other,random,C5H7N_1,53.051701000,RC2_0018_ICR-1_p08
558.182983879,611.234688562,53.051704683,Other,random,C5H7N_1,53.051701000,RC2_0018_ICR-1_p08
574.120331261,627.172035944,53.051704683,Other,random,C5H7N_1,53.051701000,RC2_0018_ICR-1_p08
554.115356752,607.167062434,53.051705683,Other,random,C5H7N_1,53.051701000,RC2_0018_ICR-1_p08
368.111572677,421.163278359,53.051705683,Other,random,C5H7N_1,53.051701000,RC2_0018_ICR-1_p08
350.088024025,403.139730708,53.051706683,Other,random,C5H7N_1,53.051701000,RC2_0018_ICR-1_p08
370.041414825,423.093122508,53.051707683,Other,random,C5H7N_1,53.051701000,RC2_0018_ICR-1_p08
592.130848985,645.182556668,53.051707683,Other,random,C5H7N_1,53.051701000,RC2_0018_ICR-1_p08
340.067302373,393.119012056,53.051709683,Other,random,C5H7N_1,53.051701000,RC2_0018_ICR-1_p08
588.099506654,641.151217337,53.051710683,Other,random,C5H7N_1,53.051701000,RC2_0018_ICR-1_p08
415.087909522,469.062082018,53.974172496,Other,random,C2H_2O2,53.974182070,RC2_0018_ICR-1_p08
527.241612866,581.215785362,53.974172496,Other,random,C2H_2O2,53.974182070,RC2_0018_ICR-1_p08
477.103651799,531.077824295,53.974172496,Other,random,C2H_2O2,53.974182070,RC2_0018_ICR-1_p08
545.114903362,599.089076858,53.974173496,Other,random,C2H_2O2,53.974182070,RC2_0018_ICR-1_p08
365.087650681,419.061824176,53.974173496,Other,random,C2H_2O2,53.974182070,RC2_0018_ICR-1_p08
417.095571233,471.069744729,53.974173496,Other,random,C2H_2O2,53.974182070,RC2_0018_ICR-1_p08
471.077836683,525.052011179,53.974174496,Other,random,C2H_2O2,53.974182070,RC2_0018_ICR-1_p08
509.194747346,563.168921842,53.974174496,Other,random,C2H_2O2,53.974182070,RC2_0018_ICR-1_p08
395.147681649,449.121856145,53.974174496,Other,random,C2H_2O2,53.974182070,RC2_0018_ICR-1_p08
445.163371404,499.137545899,53.974174496,Other,random,C2H_2O2,53.974182070,RC2_0018_ICR-1_p08
375.111564315,429.085738810,53.974174496,Other,random,C2H_2O2,53.974182070,RC2_0018_ICR-1_p08
351.085128419,405.059303914,53.974175496,Other,random,C2H_2O2,53.974182070,RC2_0018_ICR-1_p08
415.160838112,469.135013608,53.974175496,Other,random,C2H_2O2,53.974182070,RC2_0018_ICR-1_p08
675.157073117,729.131249613,53.974176496,Other,random,C2H_2O2,53.974182070,RC2_0018_ICR-1_p08
413.158028374,467.132204870,53.974176496,Other,random,C2H_2O2,53.974182070,RC2_0018_ICR-1_p08
389.173446243,443.147622738,53.974176496,Other,random,C2H_2O2,53.974182070,RC2_0018_ICR-1_p08
391.152622114,445.126798609,53.974176496,Other,random,C2H_2O2,53.974182070,RC2_0018_ICR-1_p08
529.156256100,583.130433596,53.974177496,Other,random,C2H_2O2,53.974182070,RC2_0018_ICR-1_p08
351.072066492,405.046243988,53.974177496,Other,random,C2H_2O2,53.974182070,RC2_0018_ICR-1_p08
308.113932052,362.088110547,53.974178496,Other,random,C2H_2O2,53.974182070,RC2_0018_ICR-1_p08
425.173619809,479.147798304,53.974178496,Other,random,C2H_2O2,53.974182070,RC2_0018_ICR-1_p08
411.215338298,465.189517794,53.974179496,Other,random,C2H_2O2,53.974182070,RC2_0018_ICR-1_p08
423.142526230,477.116705726,53.974179496,Other,random,C2H_2O2,53.974182070,RC2_0018_ICR-1_p08
444.093525420,498.067705915,53.974180496,Other,random,C2H_2O2,53.974182070,RC2_0018_ICR-1_p08
609.291700487,663.265880983,53.974180496,Other,random,C2H_2O2,53.974182070,RC2_0018_ICR-1_p08
610.214519298,664.188699794,53.974180496,Other,random,C2H_2O2,53.974182070,RC2_0018_ICR-1_p08
587.140826045,641.115006540,53.974180496,Other,random,C2H_2O2,53.974182070,RC2_0018_ICR-1_p08
305.087715068,359.061895564,53.974180496,Other,random,C2H_2O2,53.974182070,RC2_0018_ICR-1_p08
425.072339378,479.046519874,53.974180496,Other,random,C2H_2O2,53.974182070,RC2_0018_ICR-1_p08
359.098238360,413.072419856,53.974181496,Other,random,C2H_2O2,53.974182070,RC2_0018_ICR-1_p08
277.035490810,331.009672306,53.974181496,Other,random,C2H_2O2,53.974182070,RC2_0018_ICR-1_p08
549.234280199,603.208461694,53.974181496,Other,random,C2H_2O2,53.974182070,RC2_0018_ICR-1_p08
615.294543733,669.268726228,53.974182496,Other,random,C2H_2O2,53.974182070,RC2_0018_ICR-1_p08
343.058958551,397.033141047,53.974182496,Other,random,C2H_2O2,53.974182070,RC2_0018_ICR-1_p08
483.223435387,537.197617882,53.974182496,Other,random,C2H_2O2,53.974182070,RC2_0018_ICR-1_p08
535.109358625,589.083541121,53.974182496,Other,random,C2H_2O2,53.974182070,RC2_0018_ICR-1_p08
360.072564881,414.046747377,53.974182496,Other,random,C2H_2O2,53.974182070,RC2_0018_ICR-1_p08
309.097919519,363.072102014,53.974182496,Other,random,C2H_2O2,53.974182070,RC2_0018_ICR-1_p08
435.196735447,489.170918943,53.974183496,Other,random,C2H_2O2,53.974182070,RC2_0018_ICR-1_p08
506.166932372,560.141115868,53.974183496,Other,random,C2H_2O2,53.974182070,RC2_0018_ICR-1_p08
243.123870500,297.098054995,53.974184496,Other,random,C2H_2O2,53.974182070,RC2_0018_ICR-1_p08
325.092754577,379.066939073,53.974184496,Other,random,C2H_2O2,53.974182070,RC2_0018_ICR-1_p08
507.223498431,561.197682927,53.974184496,Other,random,C2H_2O2,53.974182070,RC2_0018_ICR-1_p08
409.163329837,463.137514333,53.974184496,Other,random,C2H_2O2,53.974182070,RC2_0018_ICR-1_p08
373.215043979,427.189229475,53.974185496,Other,random,C2H_2O2,53.974182070,RC2_0018_ICR-1_p08
441.067310436,495.041495932,53.974185496,Other,random,C2H_2O2,53.974182070,RC2_0018_ICR-1_p08
233.045621171,287.019806667,53.974185496,Other,random,C2H_2O2,53.974182070,RC2_0018_ICR-1_p08
737.267003864,791.241189360,53.974185496,Other,random,C2H_2O2,53.974182070,RC2_0018_ICR-1_p08
441.204777663,495.178963159,53.974185496,Other,random,C2H_2O2,53.974182070,RC2_0018_ICR-1_p08
383.098099405,437.072285901,53.974186496,Other,random,C2H_2O2,53.974182070,RC2_0018_ICR-1_p08
455.147708260,509.121894756,53.974186496,Other,random,C2H_2O2,53.974182070,RC2_0018_ICR-1_p08
461.175933363,515.150119858,53.974186496,Other,random,C2H_2O2,53.974182070,RC2_0018_ICR-1_p08
487.233814836,541.208001331,53.974186496,Other,random,C2H_2O2,53.974182070,RC2_0018_ICR-1_p08
475.118895960,529.093082455,53.974186496,Other,random,C2H_2O2,53.974182070,RC2_0018_ICR-1_p08
447.178854070,501.153041566,53.974187496,Other,random,C2H_2O2,53.974182070,RC2_0018_ICR-1_p08
523.267855211,577.242042707,53.974187496,Other,random,C2H_2O2,53.974182070,RC2_0018_ICR-1_p08
571.276015255,625.250202750,53.974187496,Other,random,C2H_2O2,53.974182070,RC2_0018_ICR-1_p08
589.156487710,643.130675206,53.974187496,Other,random,C2H_2O2,53.974182070,RC2_0018_ICR-1_p08
411.129514781,465.103702276,53.974187496,Other,random,C2H_2O2,53.974182070,RC2_0018_ICR-1_p08
333.170585155,387.144773650,53.974188496,Other,random,C2H_2O2,53.974182070,RC2_0018_ICR-1_p08
391.097647423,445.071835918,53.974188496,Other,random,C2H_2O2,53.974182070,RC2_0018_ICR-1_p08
411.178869503,465.153057999,53.974188496,Other,random,C2H_2O2,53.974182070,RC2_0018_ICR-1_p08
437.072285901,491.046474397,53.974188496,Other,random,C2H_2O2,53.974182070,RC2_0018_ICR-1_p08
447.215254866,501.189443361,53.974188496,Other,random,C2H_2O2,53.974182070,RC2_0018_ICR-1_p08
509.166284506,563.140473002,53.974188496,Other,random,C2H_2O2,53.974182070,RC2_0018_ICR-1_p08
471.150752273,525.124941769,53.974189496,Other,random,C2H_2O2,53.974182070,RC2_0018_ICR-1_p08
311.105509230,365.079698725,53.974189496,Other,random,C2H_2O2,53.974182070,RC2_0018_ICR-1_p08
347.098291837,401.072481333,53.974189496,Other,random,C2H_2O2,53.974182070,RC2_0018_ICR-1_p08
365.246196789,419.220386285,53.974189496,Other,random,C2H_2O2,53.974182070,RC2_0018_ICR-1_p08
445.062284972,499.036474468,53.974189496,Other,random,C2H_2O2,53.974182070,RC2_0018_ICR-1_p08
493.135089652,547.109279148,53.974189496,Other,random,C2H_2O2,53.974182070,RC2_0018_ICR-1_p08
322.106138371,376.080328867,53.974190496,Other,random,C2H_2O2,53.974182070,RC2_0018_ICR-1_p08
353.154772781,407.128963276,53.974190496,Other,random,C2H_2O2,53.974182070,RC2_0018_ICR-1_p08
447.077800639,501.051991134,53.974190496,Other,random,C2H_2O2,53.974182070,RC2_0018_ICR-1_p08
413.108696652,467.082888147,53.974191496,Other,random,C2H_2O2,53.974182070,RC2_0018_ICR-1_p08
597.182695578,651.156887074,53.974191496,Other,random,C2H_2O2,53.974182070,RC2_0018_ICR-1_p08
547.145740943,601.119932438,53.974191496,Other,random,C2H_2O2,53.974182070,RC2_0018_ICR-1_p08
345.074575217,399.048766712,53.974191496,Other,random,C2H_2O2,53.974182070,RC2_0018_ICR-1_p08
417.103645187,471.077836683,53.974191496,Other,random,C2H_2O2,53.974182070,RC2_0018_ICR-1_p08
429.249243891,483.223435387,53.974191496,Other,random,C2H_2O2,53.974182070,RC2_0018_ICR-1_p08
455.119437419,509.093628915,53.974191496,Other,random,C2H_2O2,53.974182070,RC2_0018_ICR-1_p08
605.078715178,659.089270469,54.010555291,Other,random,C3H2O1,54.010565000,RC2_0018_ICR-1_p08
383.207347791,437.217903082,54.010555291,Other,random,C3H2O1,54.010565000,RC2_0018_ICR-1_p08
406.077932186,460.088487478,54.010555291,Other,random,C3H2O1,54.010565000,RC2_0018_ICR-1_p08
509.129917711,563.140473002,54.010555291,Other,random,C3H2O1,54.010565000,RC2_0018_ICR-1_p08
467.046573351,521.057128643,54.010555291,Other,random,C3H2O1,54.010565000,RC2_0018_ICR-1_p08
513.124954246,567.135509537,54.010555291,Other,random,C3H2O1,54.010565000,RC2_0018_ICR-1_p08
381.131978461,435.142534752,54.010556291,Other,random,C3H2O1,54.010565000,RC2_0018_ICR-1_p08
711.251578153,765.262134444,54.010556291,Other,random,C3H2O1,54.010565000,RC2_0018_ICR-1_p08
365.173435198,419.183991489,54.010556291,Other,random,C3H2O1,54.010565000,RC2_0018_ICR-1_p08
415.160838112,469.171394403,54.010556291,Other,random,C3H2O1,54.010565000,RC2_0018_ICR-1_p08
325.142166299,379.152723591,54.010557291,Other,random,C3H2O1,54.010565000,RC2_0018_ICR-1_p08
417.149773928,471.160331219,54.010557291,Other,random,C3H2O1,54.010565000,RC2_0018_ICR-1_p08
433.134973041,487.145530332,54.010557291,Other,random,C3H2O1,54.010565000,RC2_0018_ICR-1_p08
763.282723574,817.293280866,54.010557291,Other,random,C3H2O1,54.010565000,RC2_0018_ICR-1_p08
441.176390823,495.186948114,54.010557291,Other,random,C3H2O1,54.010565000,RC2_0018_ICR-1_p08
421.090621768,475.101180059,54.010558291,Other,random,C3H2O1,54.010565000,RC2_0018_ICR-1_p08
509.143202636,563.153760927,54.010558291,Other,random,C3H2O1,54.010565000,RC2_0018_ICR-1_p08
387.194219372,441.204777663,54.010558291,Other,random,C3H2O1,54.010565000,RC2_0018_ICR-1_p08
339.108453765,393.119012056,54.010558291,Other,random,C3H2O1,54.010565000,RC2_0018_ICR-1_p08
557.224130270,611.234688562,54.010558291,Other,random,C3H2O1,54.010565000,RC2_0018_ICR-1_p08
392.062176999,446.072735290,54.010558291,Other,random,C3H2O1,54.010565000,RC2_0018_ICR-1_p08
509.158362551,563.168921842,54.010559291,Other,random,C3H2O1,54.010565000,RC2_0018_ICR-1_p08
463.124489406,517.135048697,54.010559291,Other,random,C3H2O1,54.010565000,RC2_0018_ICR-1_p08
477.262278907,531.272838198,54.010559291,Other,random,C3H2O1,54.010565000,RC2_0018_ICR-1_p08
505.119914260,559.130473551,54.010559291,Other,random,C3H2O1,54.010565000,RC2_0018_ICR-1_p08
555.208440605,609.218999896,54.010559291,Other,random,C3H2O1,54.010565000,RC2_0018_ICR-1_p08
583.239792981,637.250352272,54.010559291,Other,random,C3H2O1,54.010565000,RC2_0018_ICR-1_p08
587.104447249,641.115006540,54.010559291,Other,random,C3H2O1,54.010565000,RC2_0018_ICR-1_p08
345.061430291,399.071989582,54.010559291,Other,random,C3H2O1,54.010565000,RC2_0018_ICR-1_p08
437.181429287,491.191988578,54.010559291,Other,random,C3H2O1,54.010565000,RC2_0018_ICR-1_p08
292.046318402,346.056878693,54.010560291,Other,random,C3H2O1,54.010565000,RC2_0018_ICR-1_p08
349.095792605,403.106352896,54.010560291,Other,random,C3H2O1,54.010565000,RC2_0018_ICR-1_p08
361.056382349,415.066942640,54.010560291,Other,random,C3H2O1,54.010565000,RC2_0018_ICR-1_p08
383.170868996,437.181429287,54.010560291,Other,random,C3H2O1,54.010565000,RC2_0018_ICR-1_p08
496.109727925,550.120288216,54.010560291,Other,random,C3H2O1,54.010565000,RC2_0018_ICR-1_p08
321.061522246,375.072082537,54.010560291,Other,random,C3H2O1,54.010565000,RC2_0018_ICR-1_p08
327.100399288,381.110959579,54.010560291,Other,random,C3H2O1,54.010565000,RC2_0018_ICR-1_p08
389.087704725,443.098265016,54.010560291,Other,random,C3H2O1,54.010565000,RC2_0018_ICR-1_p08
685.250678359,739.261238651,54.010560291,Other,random,C3H2O1,54.010565000,RC2_0018_ICR-1_p08
503.132590435,557.143151726,54.010561291,Other,random,C3H2O1,54.010565000,RC2_0018_ICR-1_p08
243.123870500,297.134431791,54.010561291,Other,random,C3H2O1,54.010565000,RC2_0018_ICR-1_p08
349.129169417,403.139730708,54.010561291,Other,random,C3H2O1,54.010565000,RC2_0018_ICR-1_p08
431.147737215,485.158298507,54.010561291,Other,random,C3H2O1,54.010565000,RC2_0018_ICR-1_p08
247.061255359,301.071816650,54.010561291,Other,random,C3H2O1,54.010565000,RC2_0018_ICR-1_p08
485.166390461,539.176951752,54.010561291,Other,random,C3H2O1,54.010565000,RC2_0018_ICR-1_p08
615.135482627,669.146044918,54.010562291,Other,random,C3H2O1,54.010565000,RC2_0018_ICR-1_p08
373.142179389,427.152741680,54.010562291,Other,random,C3H2O1,54.010565000,RC2_0018_ICR-1_p08
387.157806577,441.168368868,54.010562291,Other,random,C3H2O1,54.010565000,RC2_0018_ICR-1_p08
429.140164504,483.150726795,54.010562291,Other,random,C3H2O1,54.010565000,RC2_0018_ICR-1_p08
235.024899041,289.035461332,54.010562291,Other,random,C3H2O1,54.010565000,RC2_0018_ICR-1_p08
256.046348835,310.056912126,54.010563291,Other,random,C3H2O1,54.010565000,RC2_0018_ICR-1_p08
336.036064042,390.046627333,54.010563291,Other,random,C3H2O1,54.010565000,RC2_0018_ICR-1_p08
341.160455226,395.171018518,54.010563291,Other,random,C3H2O1,54.010565000,RC2_0018_ICR-1_p08
365.014842090,419.025405381,54.010563291,Other,random,C3H2O1,54.010565000,RC2_0018_ICR-1_p08
535.304065530,589.314628821,54.010563291,Other,random,C3H2O1,54.010565000,RC2_0018_ICR-1_p08
459.077924160,513.088487451,54.010563291,Other,random,C3H2O1,54.010565000,RC2_0018_ICR-1_p08
443.183969534,497.194532825,54.010563291,Other,random,C3H2O1,54.010565000,RC2_0018_ICR-1_p08
519.223541953,573.234105244,54.010563291,Other,random,C3H2O1,54.010565000,RC2_0018_ICR-1_p08
541.192766417,595.203330708,54.010564291,Other,random,C3H2O1,54.010565000,RC2_0018_ICR-1_p08
585.110064464,639.120628755,54.010564291,Other,random,C3H2O1,54.010565000,RC2_0018_ICR-1_p08
561.124918336,615.135482627,54.010564291,Other,random,C3H2O1,54.010565000,RC2_0018_ICR-1_p08
615.083904917,669.094469208,54.010564291,Other,random,C3H2O1,54.010565000,RC2_0018_ICR-1_p08
276.051290344,330.061854635,54.010564291,Other,random,C3H2O1,54.010565000,RC2_0018_ICR-1_p08
305.103027982,359.113592273,54.010564291,Other,random,C3H2O1,54.010565000,RC2_0018_ICR-1_p08
571.231607504,625.242172796,54.010565291,Other,random,C3H2O1,54.010565000,RC2_0018_ICR-1_p08
391.066921595,445.077486887,54.010565291,Other,random,C3H2O1,54.010565000,RC2_0018_ICR-1_p08
403.030465323,457.041030614,54.010565291,Other,random,C3H2O1,54.010565000,RC2_0018_ICR-1_p08
481.062199540,535.072765831,54.010566291,Other,random,C3H2O1,54.010565000,RC2_0018_ICR-1_p08
535.182220215,589.192786506,54.010566291,Other,random,C3H2O1,54.010565000,RC2_0018_ICR-1_p08
721.271911807,775.282478098,54.010566291,Other,random,C3H2O1,54.010565000,RC2_0018_ICR-1_p08
337.069330231,391.079897522,54.010567291,Other,random,C3H2O1,54.010565000,RC2_0018_ICR-1_p08
403.160778590,457.171345881,54.010567291,Other,random,C3H2O1,54.010565000,RC2_0018_ICR-1_p08
621.073855235,675.084422526,54.010567291,Other,random,C3H2O1,54.010565000,RC2_0018_ICR-1_p08
259.155033354,313.165601645,54.010568291,Other,random,C3H2O1,54.010565000,RC2_0018_ICR-1_p08
353.116060998,407.126629290,54.010568291,Other,random,C3H2O1,54.010565000,RC2_0018_ICR-1_p08
360.085515808,414.096084099,54.010568291,Other,random,C3H2O1,54.010565000,RC2_0018_ICR-1_p08
547.145740943,601.156309234,54.010568291,Other,random,C3H2O1,54.010565000,RC2_0018_ICR-1_p08
649.250440794,703.261009085,54.010568291,Other,random,C3H2O1,54.010565000,RC2_0018_ICR-1_p08
433.113898159,487.124467451,54.010569291,Other,random,C3H2O1,54.010565000,RC2_0018_ICR-1_p08
365.118477507,419.129046798,54.010569291,Other,random,C3H2O1,54.010565000,RC2_0018_ICR-1_p08
335.077134434,389.087704725,54.010570291,Other,random,C3H2O1,54.010565000,RC2_0018_ICR-1_p08
393.076904293,447.087474584,54.010570291,Other,random,C3H2O1,54.010565000,RC2_0018_ICR-1_p08
351.035673697,405.046243988,54.010570291,Other,random,C3H2O1,54.010565000,RC2_0018_ICR-1_p08
371.147728604,425.158298895,54.010570291,Other,random,C3H2O1,54.010565000,RC2_0018_ICR-1_p08
661.214170520,715.224741811,54.010571291,Other,random,C3H2O1,54.010565000,RC2_0018_ICR-1_p08
347.040717161,401.051288452,54.010571291,Other,random,C3H2O1,54.010565000,RC2_0018_ICR-1_p08
361.069333276,415.079904567,54.010571291,Other,random,C3H2O1,54.010565000,RC2_0018_ICR-1_p08
327.108390243,381.118962534,54.010572291,Other,random,C3H2O1,54.010565000,RC2_0018_ICR-1_p08
304.082604720,358.093177011,54.010572291,Other,random,C3H2O1,54.010565000,RC2_0018_ICR-1_p08
319.103334257,373.113906548,54.010572291,Other,random,C3H2O1,54.010565000,RC2_0018_ICR-1_p08
561.088644540,615.099217831,54.010573291,Other,random,C3H2O1,54.010565000,RC2_0018_ICR-1_p08
487.072988740,541.083562031,54.010573291,Other,random,C3H2O1,54.010565000,RC2_0018_ICR-1_p08
363.111421793,417.121996084,54.010574291,Other,random,C3H2O1,54.010565000,RC2_0018_ICR-1_p08
397.113852593,451.124426884,54.010574291,Other,random,C3H2O1,54.010565000,RC2_0018_ICR-1_p08
409.186475707,463.197049998,54.010574291,Other,random,C3H2O1,54.010565000,RC2_0018_ICR-1_p08
541.047081236,595.057655527,54.010574291,Other,random,C3H2O1,54.010565000,RC2_0018_ICR-1_p08
555.236741446,609.247315737,54.010574291,Other,random,C3H2O1,54.010565000,RC2_0018_ICR-1_p08
498.125370591,552.135944882,54.010574291,Other,random,C3H2O1,54.010565000,RC2_0018_ICR-1_p08
529.148295145,583.158869436,54.010574291,Other,random,C3H2O1,54.010565000,RC2_0018_ICR-1_p08
463.124489406,517.171426492,54.046937087,Other,random,C4H6,54.046946670,RC2_0018_ICR-1_p08
352.030995100,406.077932186,54.046937087,Other,random,C4H6,54.046946670,RC2_0018_ICR-1_p08
411.129514781,465.176451867,54.046937087,Other,random,C4H6,54.046946670,RC2_0018_ICR-1_p08
439.124344362,493.171282449,54.046938087,Other,random,C4H6,54.046946670,RC2_0018_ICR-1_p08
453.212787141,507.259725227,54.046938087,Other,random,C4H6,54.046946670,RC2_0018_ICR-1_p08
307.118651648,361.165589735,54.046938087,Other,random,C4H6,54.046946670,RC2_0018_ICR-1_p08
431.082920580,485.129858667,54.046938087,Other,random,C4H6,54.046946670,RC2_0018_ICR-1_p08
705.167649364,759.214588450,54.046939087,Other,random,C4H6,54.046946670,RC2_0018_ICR-1_p08
331.103332779,385.150271866,54.046939087,Other,random,C4H6,54.046946670,RC2_0018_ICR-1_p08
377.064416333,431.111355420,54.046939087,Other,random,C4H6,54.046946670,RC2_0018_ICR-1_p08
443.119421897,497.166360984,54.046939087,Other,random,C4H6,54.046946670,RC2_0018_ICR-1_p08
385.142215911,439.189155997,54.046940087,Other,random,C4H6,54.046946670,RC2_0018_ICR-1_p08
355.103325824,409.150265910,54.046940087,Other,random,C4H6,54.046946670,RC2_0018_ICR-1_p08
312.108791588,366.155732675,54.046941087,Other,random,C4H6,54.046946670,RC2_0018_ICR-1_p08
453.140016550,507.186957636,54.046941087,Other,random,C4H6,54.046946670,RC2_0018_ICR-1_p08
535.145845420,589.192786506,54.046941087,Other,random,C4H6,54.046946670,RC2_0018_ICR-1_p08
419.082874058,473.129815144,54.046941087,Other,random,C4H6,54.046946670,RC2_0018_ICR-1_p08
477.212995184,531.259936271,54.046941087,Other,random,C4H6,54.046946670,RC2_0018_ICR-1_p08
373.105800593,427.152741680,54.046941087,Other,random,C4H6,54.046946670,RC2_0018_ICR-1_p08
697.126529580,751.173470666,54.046941087,Other,random,C4H6,54.046946670,RC2_0018_ICR-1_p08
585.218824852,639.265766939,54.046942087,Other,random,C4H6,54.046946670,RC2_0018_ICR-1_p08
471.179046114,525.225988200,54.046942087,Other,random,C4H6,54.046946670,RC2_0018_ICR-1_p08
405.059303914,459.106246001,54.046942087,Other,random,C4H6,54.046946670,RC2_0018_ICR-1_p08
406.049399347,460.096342433,54.046943087,Other,random,C4H6,54.046946670,RC2_0018_ICR-1_p08
423.093122508,477.140065594,54.046943087,Other,random,C4H6,54.046946670,RC2_0018_ICR-1_p08
431.111355420,485.158298507,54.046943087,Other,random,C4H6,54.046946670,RC2_0018_ICR-1_p08
654.212962889,708.259905975,54.046943087,Other,random,C4H6,54.046946670,RC2_0018_ICR-1_p08
373.186705138,427.233648225,54.046943087,Other,random,C4H6,54.046946670,RC2_0018_ICR-1_p08
479.132495391,533.179438477,54.046943087,Other,random,C4H6,54.046946670,RC2_0018_ICR-1_p08
629.100054102,683.146997189,54.046943087,Other,random,C4H6,54.046946670,RC2_0018_ICR-1_p08
353.100663085,407.147606172,54.046943087,Other,random,C4H6,54.046946670,RC2_0018_ICR-1_p08
645.219208462,699.266151549,54.046943087,Other,random,C4H6,54.046946670,RC2_0018_ICR-1_p08
275.092516736,329.139460822,54.046944087,Other,random,C4H6,54.046946670,RC2_0018_ICR-1_p08
369.155296808,423.202240894,54.046944087,Other,random,C4H6,54.046946670,RC2_0018_ICR-1_p08
459.150555752,513.197499838,54.046944087,Other,random,C4H6,54.046946670,RC2_0018_ICR-1_p08
523.109357103,577.156302189,54.046945087,Other,random,C4H6,54.046946670,RC2_0018_ICR-1_p08
587.190120768,641.237065854,54.046945087,Other,random,C4H6,54.046946670,RC2_0018_ICR-1_p08
353.051318362,407.098263449,54.046945087,Other,random,C4H6,54.046946670,RC2_0018_ICR-1_p08
313.084699100,367.131645187,54.046946087,Other,random,C4H6,54.046946670,RC2_0018_ICR-1_p08
421.163278359,475.210224446,54.046946087,Other,random,C4H6,54.046946670,RC2_0018_ICR-1_p08
481.025819744,535.072765831,54.046946087,Other,random,C4H6,54.046946670,RC2_0018_ICR-1_p08
615.221780142,669.268726228,54.046946087,Other,random,C4H6,54.046946670,RC2_0018_ICR-1_p08
619.180330882,673.227276969,54.046946087,Other,random,C4H6,54.046946670,RC2_0018_ICR-1_p08
461.085483871,515.132429958,54.046946087,Other,random,C4H6,54.046946670,RC2_0018_ICR-1_p08
251.059476877,305.106422963,54.046946087,Other,random,C4H6,54.046946670,RC2_0018_ICR-1_p08
339.157891487,393.204837574,54.046946087,Other,random,C4H6,54.046946670,RC2_0018_ICR-1_p08
353.124115953,407.171062040,54.046946087,Other,random,C4H6,54.046946670,RC2_0018_ICR-1_p08
375.202297804,429.249243891,54.046946087,Other,random,C4H6,54.046946670,RC2_0018_ICR-1_p08
417.076935338,471.123881424,54.046946087,Other,random,C4H6,54.046946670,RC2_0018_ICR-1_p08
432.122605734,486.169551820,54.046946087,Other,random,C4H6,54.046946670,RC2_0018_ICR-1_p08
427.124418839,481.171365926,54.046947087,Other,random,C4H6,54.046946670,RC2_0018_ICR-1_p08
473.202721734,527.249668821,54.046947087,Other,random,C4H6,54.046946670,RC2_0018_ICR-1_p08
309.097919519,363.144866605,54.046947087,Other,random,C4H6,54.046946670,RC2_0018_ICR-1_p08
365.087650681,419.134597767,54.046947087,Other,random,C4H6,54.046946670,RC2_0018_ICR-1_p08
443.098265016,497.145213103,54.046948087,Other,random,C4H6,54.046946670,RC2_0018_ICR-1_p08
499.036474468,553.083422554,54.046948087,Other,random,C4H6,54.046946670,RC2_0018_ICR-1_p08
305.139378778,359.186326864,54.046948087,Other,random,C4H6,54.046946670,RC2_0018_ICR-1_p08
355.176065415,409.223013501,54.046948087,Other,random,C4H6,54.046946670,RC2_0018_ICR-1_p08
335.113503229,389.160451316,54.046948087,Other,random,C4H6,54.046946670,RC2_0018_ICR-1_p08
387.071974060,441.118922146,54.046948087,Other,random,C4H6,54.046946670,RC2_0018_ICR-1_p08
417.067288392,471.114236478,54.046948087,Other,random,C4H6,54.046946670,RC2_0018_ICR-1_p08
394.114237460,448.161186547,54.046949087,Other,random,C4H6,54.046946670,RC2_0018_ICR-1_p08
445.071835918,499.118785005,54.046949087,Other,random,C4H6,54.046946670,RC2_0018_ICR-1_p08
515.155796827,569.202745913,54.046949087,Other,random,C4H6,54.046946670,RC2_0018_ICR-1_p08
325.048337827,379.095287914,54.046950087,Other,random,C4H6,54.046946670,RC2_0018_ICR-1_p08
563.031732614,617.078682700,54.046950087,Other,random,C4H6,54.046946670,RC2_0018_ICR-1_p08
397.163221315,451.210171402,54.046950087,Other,random,C4H6,54.046946670,RC2_0018_ICR-1_p08
467.046573351,521.093523438,54.046950087,Other,random,C4H6,54.046946670,RC2_0018_ICR-1_p08
695.147282709,749.194232796,54.046950087,Other,random,C4H6,54.046946670,RC2_0018_ICR-1_p08
304.046225925,358.093177011,54.046951087,Other,random,C4H6,54.046946670,RC2_0018_ICR-1_p08
463.082417642,517.129368729,54.046951087,Other,random,C4H6,54.046946670,RC2_0018_ICR-1_p08
649.141561406,703.188512493,54.046951087,Other,random,C4H6,54.046946670,RC2_0018_ICR-1_p08
529.119961304,583.166912391,54.046951087,Other,random,C4H6,54.046946670,RC2_0018_ICR-1_p08
659.125901263,713.172852349,54.046951087,Other,random,C4H6,54.046946670,RC2_0018_ICR-1_p08
365.173435198,419.220386285,54.046951087,Other,random,C4H6,54.046946670,RC2_0018_ICR-1_p08
373.033090002,427.080041089,54.046951087,Other,random,C4H6,54.046946670,RC2_0018_ICR-1_p08
392.098594794,446.145545881,54.046951087,Other,random,C4H6,54.046946670,RC2_0018_ICR-1_p08
343.095244347,397.142196433,54.046952087,Other,random,C4H6,54.046946670,RC2_0018_ICR-1_p08
387.084980986,441.131933073,54.046952087,Other,random,C4H6,54.046946670,RC2_0018_ICR-1_p08
403.139730708,457.186682795,54.046952087,Other,random,C4H6,54.046946670,RC2_0018_ICR-1_p08
410.036475927,464.083428014,54.046952087,Other,random,C4H6,54.046946670,RC2_0018_ICR-1_p08
493.098788856,547.145740943,54.046952087,Other,random,C4H6,54.046946670,RC2_0018_ICR-1_p08
605.260693154,659.307645241,54.046952087,Other,random,C4H6,54.046946670,RC2_0018_ICR-1_p08
331.045794103,385.092747189,54.046953086,Other,random,C4H6,54.046946670,RC2_0018_ICR-1_p08
401.108736129,455.155689215,54.046953086,Other,random,C4H6,54.046946670,RC2_0018_ICR-1_p08
315.064025970,369.110979057,54.046953087,Other,random,C4H6,54.046946670,RC2_0018_ICR-1_p08
391.030533800,445.077486887,54.046953087,Other,random,C4H6,54.046946670,RC2_0018_ICR-1_p08
483.142676841,537.189629927,54.046953087,Other,random,C4H6,54.046946670,RC2_0018_ICR-1_p08
673.104932657,727.151885743,54.046953087,Other,random,C4H6,54.046946670,RC2_0018_ICR-1_p08
359.126616200,413.173570287,54.046954086,Other,random,C4H6,54.046946670,RC2_0018_ICR-1_p08
367.176146937,421.223101023,54.046954086,Other,random,C4H6,54.046946670,RC2_0018_ICR-1_p08
505.135115174,559.182069261,54.046954086,Other,random,C4H6,54.046946670,RC2_0018_ICR-1_p08
581.114975929,635.161930015,54.046954086,Other,random,C4H6,54.046946670,RC2_0018_ICR-1_p08
687.193238436,741.240192523,54.046954086,Other,random,C4H6,54.046946670,RC2_0018_ICR-1_p08
647.198455332,701.245409419,54.046954086,Other,random,C4H6,54.046946670,RC2_0018_ICR-1_p08
413.173570287,467.220524373,54.046954086,Other,random,C4H6,54.046946670,RC2_0018_ICR-1_p08
501.170702467,555.217656553,54.046954086,Other,random,C4H6,54.046946670,RC2_0018_ICR-1_p08
545.151280158,599.198234244,54.046954086,Other,random,C4H6,54.046946670,RC2_0018_ICR-1_p08
611.198340766,665.245294853,54.046954086,Other,random,C4H6,54.046946670,RC2_0018_ICR-1_p08
705.277185748,759.324139834,54.046954086,Other,random,C4H6,54.046946670,RC2_0018_ICR-1_p08
317.152415227,371.199370313,54.046955086,Other,random,C4H6,54.046946670,RC2_0018_ICR-1_p08
337.178558617,391.225513704,54.046955086,Other,random,C4H6,54.046946670,RC2_0018_ICR-1_p08
389.123890521,443.170845608,54.046955086,Other,random,C4H6,54.046946670,RC2_0018_ICR-1_p08
421.071940873,475.118895960,54.046955086,Other,random,C4H6,54.046946670,RC2_0018_ICR-1_p08
465.080540407,519.127495493,54.046955086,Other,random,C4H6,54.046946670,RC2_0018_ICR-1_p08
459.041532365,513.088487451,54.046955086,Other,random,C4H6,54.046946670,RC2_0018_ICR-1_p08
361.096025126,415.142981212,54.046956086,Other,random,C4H6,54.046946670,RC2_0018_ICR-1_p08
610.141743707,664.188699794,54.046956086,Other,random,C4H6,54.046946670,RC2_0018_ICR-1_p08
611.125589175,665.172545262,54.046956086,Other,random,C4H6,54.046946670,RC2_0018_ICR-1_p08
369.038274466,423.085230552,54.046956086,Other,random,C4H6,54.046946670,RC2_0018_ICR-1_p08
401.072481333,455.119437419,54.046956086,Other,random,C4H6,54.046946670,RC2_0018_ICR-1_p08
409.126849042,463.173805128,54.046956086,Other,random,C4H6,54.046946670,RC2_0018_ICR-1_p08
439.173857084,493.220813170,54.046956086,Other,random,C4H6,54.046946670,RC2_0018_ICR-1_p08
493.062323061,547.109279148,54.046956086,Other,random,C4H6,54.046946670,RC2_0018_ICR-1_p08
245.066780574,300.108970065,55.042189490,Other,random,NA_1,55.042198740,RC2_0018_ICR-1_p08
339.072047970,394.114237460,55.042189490,Other,random,NA_1,55.042198740,RC2_0018_ICR-1_p08
525.124941769,580.167133259,55.042191490,Other,random,NA_1,55.042198740,RC2_0018_ICR-1_p08
381.131978461,436.174171951,55.042193490,Other,random,NA_1,55.042198740,RC2_0018_ICR-1_p08
296.041188938,351.083384428,55.042195490,Other,random,NA_1,55.042198740,RC2_0018_ICR-1_p08
511.072942785,566.115138275,55.042195490,Other,random,NA_1,55.042198740,RC2_0018_ICR-1_p08
256.046348835,311.088545325,55.042196490,Other,random,NA_1,55.042198740,RC2_0018_ICR-1_p08
351.085128419,406.127325909,55.042197490,Other,random,NA_1,55.042198740,RC2_0018_ICR-1_p08
387.048711190,442.090909681,55.042198490,Other,random,NA_1,55.042198740,RC2_0018_ICR-1_p08
535.145845420,590.188043910,55.042198490,Other,random,NA_1,55.042198740,RC2_0018_ICR-1_p08
325.092754577,380.134953067,55.042198490,Other,random,NA_1,55.042198740,RC2_0018_ICR-1_p08
519.041645976,574.083845466,55.042199490,Other,random,NA_1,55.042198740,RC2_0018_ICR-1_p08
543.171901288,598.214100778,55.042199490,Other,random,NA_1,55.042198740,RC2_0018_ICR-1_p08
319.009446785,374.051647275,55.042200490,Other,random,NA_1,55.042198740,RC2_0018_ICR-1_p08
391.030533800,446.072735290,55.042201490,Other,random,NA_1,55.042198740,RC2_0018_ICR-1_p08
309.097919519,364.140123009,55.042203490,Other,random,NA_1,55.042198740,RC2_0018_ICR-1_p08
421.040962047,476.083166537,55.042204490,Other,random,NA_1,55.042198740,RC2_0018_ICR-1_p08
525.088620973,580.130826463,55.042205490,Other,random,NA_1,55.042198740,RC2_0018_ICR-1_p08
559.130473551,614.172681041,55.042207490,Other,random,NA_1,55.042198740,RC2_0018_ICR-1_p08
443.038386353,498.095832757,55.057446404,Other,random,C7H5N1O_3,55.057454000,RC2_0018_ICR-1_p08
374.064626202,429.122081606,55.057455404,Other,random,C7H5N1O_3,55.057454000,RC2_0018_ICR-1_p08
378.231763769,434.145761357,55.913997588,Other,random,H_1O_3Cl3,55.914000000,RC2_0018_ICR-1_p08
553.192797939,609.146210305,55.953412366,Other,random,CH_4O3,55.953422350,RC2_0018_ICR-1_p08
591.171918377,647.125330744,55.953412366,Other,random,CH_4O3,55.953422350,RC2_0018_ICR-1_p08
599.235116037,655.188528403,55.953412366,Other,random,CH_4O3,55.953422350,RC2_0018_ICR-1_p08
403.079860045,459.033272411,55.953412366,Other,random,CH_4O3,55.953422350,RC2_0018_ICR-1_p08
419.207264358,475.160676725,55.953412366,Other,random,CH_4O3,55.953422350,RC2_0018_ICR-1_p08
349.214927935,405.168341301,55.953413366,Other,random,CH_4O3,55.953422350,RC2_0018_ICR-1_p08
515.104171117,571.057584483,55.953413366,Other,random,CH_4O3,55.953422350,RC2_0018_ICR-1_p08
559.182069261,615.135482627,55.953413366,Other,random,CH_4O3,55.953422350,RC2_0018_ICR-1_p08
352.140017487,408.093431853,55.953414366,Other,random,CH_4O3,55.953422350,RC2_0018_ICR-1_p08
261.076909547,317.030323914,55.953414366,Other,random,CH_4O3,55.953422350,RC2_0018_ICR-1_p08
375.093150418,431.046564784,55.953414366,Other,random,CH_4O3,55.953422350,RC2_0018_ICR-1_p08
394.150673255,450.104088621,55.953415366,Other,random,CH_4O3,55.953422350,RC2_0018_ICR-1_p08
437.072285901,493.025702267,55.953416366,Other,random,CH_4O3,55.953422350,RC2_0018_ICR-1_p08
241.144638629,297.098054995,55.953416366,Other,random,CH_4O3,55.953422350,RC2_0018_ICR-1_p08
515.192170622,571.145587988,55.953417366,Other,random,CH_4O3,55.953422350,RC2_0018_ICR-1_p08
308.113932052,364.067349418,55.953417366,Other,random,CH_4O3,55.953422350,RC2_0018_ICR-1_p08
449.231096530,505.184513896,55.953417366,Other,random,CH_4O3,55.953422350,RC2_0018_ICR-1_p08
507.236636357,563.190053723,55.953417366,Other,random,CH_4O3,55.953422350,RC2_0018_ICR-1_p08
395.163095562,451.116512928,55.953417366,Other,random,CH_4O3,55.953422350,RC2_0018_ICR-1_p08
335.113503229,391.066921595,55.953418366,Other,random,CH_4O3,55.953422350,RC2_0018_ICR-1_p08
423.194379938,479.147798304,55.953418366,Other,random,CH_4O3,55.953422350,RC2_0018_ICR-1_p08
385.178514707,441.131933073,55.953418366,Other,random,CH_4O3,55.953422350,RC2_0018_ICR-1_p08
492.187820979,548.141239345,55.953418366,Other,random,CH_4O3,55.953422350,RC2_0018_ICR-1_p08
336.108756633,392.062176999,55.953420366,Other,random,CH_4O3,55.953422350,RC2_0018_ICR-1_p08
337.092826099,393.046246465,55.953420366,Other,random,CH_4O3,55.953422350,RC2_0018_ICR-1_p08
371.090062928,427.043483294,55.953420366,Other,random,CH_4O3,55.953422350,RC2_0018_ICR-1_p08
413.181593242,469.135013608,55.953420366,Other,random,CH_4O3,55.953422350,RC2_0018_ICR-1_p08
387.108287855,443.061709222,55.953421366,Other,random,CH_4O3,55.953422350,RC2_0018_ICR-1_p08
353.154772781,409.108194147,55.953421366,Other,random,CH_4O3,55.953422350,RC2_0018_ICR-1_p08
555.150979928,611.104401294,55.953421366,Other,random,CH_4O3,55.953422350,RC2_0018_ICR-1_p08
389.087704725,445.041127091,55.953422366,Other,random,CH_4O3,55.953422350,RC2_0018_ICR-1_p08
392.135009589,448.088431956,55.953422366,Other,random,CH_4O3,55.953422350,RC2_0018_ICR-1_p08
445.163371404,501.116793770,55.953422366,Other,random,CH_4O3,55.953422350,RC2_0018_ICR-1_p08
327.100399288,383.053821654,55.953422366,Other,random,CH_4O3,55.953422350,RC2_0018_ICR-1_p08
463.155256233,519.108678599,55.953422366,Other,random,CH_4O3,55.953422350,RC2_0018_ICR-1_p08
471.215339910,527.168762276,55.953422366,Other,random,CH_4O3,55.953422350,RC2_0018_ICR-1_p08
335.186283820,391.139706186,55.953422366,Other,random,CH_4O3,55.953422350,RC2_0018_ICR-1_p08
459.202373460,515.155796827,55.953423366,Other,random,CH_4O3,55.953422350,RC2_0018_ICR-1_p08
290.103455327,346.056878693,55.953423366,Other,random,CH_4O3,55.953422350,RC2_0018_ICR-1_p08
247.061255359,303.014678725,55.953423366,Other,random,CH_4O3,55.953422350,RC2_0018_ICR-1_p08
527.140592434,583.094016801,55.953424366,Other,random,CH_4O3,55.953422350,RC2_0018_ICR-1_p08
607.130748639,663.084173005,55.953424366,Other,random,CH_4O3,55.953422350,RC2_0018_ICR-1_p08
369.183639648,425.137064014,55.953424366,Other,random,CH_4O3,55.953422350,RC2_0018_ICR-1_p08
543.135651492,599.089076858,55.953425366,Other,random,CH_4O3,55.953422350,RC2_0018_ICR-1_p08
471.259694660,527.213120027,55.953425366,Other,random,CH_4O3,55.953422350,RC2_0018_ICR-1_p08
415.116319362,471.069744729,55.953425366,Other,random,CH_4O3,55.953422350,RC2_0018_ICR-1_p08
347.186304342,403.139730708,55.953426366,Other,random,CH_4O3,55.953422350,RC2_0018_ICR-1_p08
465.103702276,521.057128643,55.953426366,Other,random,CH_4O3,55.953422350,RC2_0018_ICR-1_p08
649.214222997,705.167649364,55.953426366,Other,random,CH_4O3,55.953422350,RC2_0018_ICR-1_p08
421.163278359,477.116705726,55.953427366,Other,random,CH_4O3,55.953422350,RC2_0018_ICR-1_p08
329.102948027,385.056375394,55.953427366,Other,random,CH_4O3,55.953422350,RC2_0018_ICR-1_p08
365.173435198,421.126862564,55.953427366,Other,random,CH_4O3,55.953422350,RC2_0018_ICR-1_p08
407.171062040,463.124489406,55.953427366,Other,random,CH_4O3,55.953422350,RC2_0018_ICR-1_p08
375.121390259,431.074818626,55.953428366,Other,random,CH_4O3,55.953422350,RC2_0018_ICR-1_p08
298.093205400,354.046633766,55.953428366,Other,random,CH_4O3,55.953422350,RC2_0018_ICR-1_p08
441.212932618,497.166360984,55.953428366,Other,random,CH_4O3,55.953422350,RC2_0018_ICR-1_p08
450.104088621,506.057516987,55.953428366,Other,random,CH_4O3,55.953422350,RC2_0018_ICR-1_p08
455.082930625,511.036358991,55.953428366,Other,random,CH_4O3,55.953422350,RC2_0018_ICR-1_p08
363.194244327,419.147673694,55.953429366,Other,random,CH_4O3,55.953422350,RC2_0018_ICR-1_p08
373.142179389,429.095608755,55.953429366,Other,random,CH_4O3,55.953422350,RC2_0018_ICR-1_p08
333.061472768,389.014903134,55.953430366,Other,random,CH_4O3,55.953422350,RC2_0018_ICR-1_p08
559.130473551,615.083904917,55.953431366,Other,random,CH_4O3,55.953422350,RC2_0018_ICR-1_p08
452.156266082,508.109697448,55.953431366,Other,random,CH_4O3,55.953422350,RC2_0018_ICR-1_p08
509.239208096,565.192639462,55.953431366,Other,random,CH_4O3,55.953422350,RC2_0018_ICR-1_p08
319.103334257,375.056765623,55.953431366,Other,random,CH_4O3,55.953422350,RC2_0018_ICR-1_p08
397.142196433,453.095627799,55.953431366,Other,random,CH_4O3,55.953422350,RC2_0018_ICR-1_p08
517.265347964,573.218779330,55.953431366,Other,random,CH_4O3,55.953422350,RC2_0018_ICR-1_p08
303.181260789,359.171080950,55.989820161,Other,random,glyoxylate (-H2O),55.989829280,RC2_0018_ICR-1_p08
549.197804404,605.187624565,55.989820161,Other,random,glyoxylate (-H2O),55.989829280,RC2_0018_ICR-1_p08
545.130111277,601.119932438,55.989821161,Other,random,glyoxylate (-H2O),55.989829280,RC2_0018_ICR-1_p08
573.146263738,629.136084900,55.989821161,Other,random,glyoxylate (-H2O),55.989829280,RC2_0018_ICR-1_p08
633.255395736,689.245216898,55.989821161,Other,random,glyoxylate (-H2O),55.989829280,RC2_0018_ICR-1_p08
465.103702276,521.093523438,55.989821161,Other,random,glyoxylate (-H2O),55.989829280,RC2_0018_ICR-1_p08
515.228490418,571.218311579,55.989821161,Other,random,glyoxylate (-H2O),55.989829280,RC2_0018_ICR-1_p08
377.087578203,433.077400365,55.989822161,Other,random,glyoxylate (-H2O),55.989829280,RC2_0018_ICR-1_p08
607.094350843,663.084173005,55.989822161,Other,random,glyoxylate (-H2O),55.989829280,RC2_0018_ICR-1_p08
547.072917352,603.062739514,55.989822161,Other,random,glyoxylate (-H2O),55.989829280,RC2_0018_ICR-1_p08
367.131645187,423.121467348,55.989822161,Other,random,glyoxylate (-H2O),55.989829280,RC2_0018_ICR-1_p08
571.072927397,627.062750558,55.989823161,Other,random,glyoxylate (-H2O),55.989829280,RC2_0018_ICR-1_p08
317.051304796,373.041127957,55.989823161,Other,random,glyoxylate (-H2O),55.989829280,RC2_0018_ICR-1_p08
368.075254881,424.065078042,55.989823161,Other,random,glyoxylate (-H2O),55.989829280,RC2_0018_ICR-1_p08
457.090650335,513.080473496,55.989823161,Other,random,glyoxylate (-H2O),55.989829280,RC2_0018_ICR-1_p08
421.090621768,477.080445930,55.989824161,Other,random,glyoxylate (-H2O),55.989829280,RC2_0018_ICR-1_p08
461.194665257,517.184489419,55.989824161,Other,random,glyoxylate (-H2O),55.989829280,RC2_0018_ICR-1_p08
269.131325256,325.121149418,55.989824161,Other,random,glyoxylate (-H2O),55.989829280,RC2_0018_ICR-1_p08
371.077064001,427.066888163,55.989824161,Other,random,glyoxylate (-H2O),55.989829280,RC2_0018_ICR-1_p08
375.194106850,431.183931012,55.989824161,Other,random,glyoxylate (-H2O),55.989829280,RC2_0018_ICR-1_p08
465.212867663,521.202691824,55.989824161,Other,random,glyoxylate (-H2O),55.989829280,RC2_0018_ICR-1_p08
543.099252697,599.089076858,55.989824161,Other,random,glyoxylate (-H2O),55.989829280,RC2_0018_ICR-1_p08
375.175603955,431.165428116,55.989824161,Other,random,glyoxylate (-H2O),55.989829280,RC2_0018_ICR-1_p08
518.094021304,574.083845466,55.989824161,Other,random,glyoxylate (-H2O),55.989829280,RC2_0018_ICR-1_p08
463.124489406,519.114314567,55.989825161,Other,random,glyoxylate (-H2O),55.989829280,RC2_0018_ICR-1_p08
334.056802171,390.046627333,55.989825161,Other,random,glyoxylate (-H2O),55.989829280,RC2_0018_ICR-1_p08
487.088198655,543.078023816,55.989825161,Other,random,glyoxylate (-H2O),55.989829280,RC2_0018_ICR-1_p08
236.056493241,292.046318402,55.989825161,Other,random,glyoxylate (-H2O),55.989829280,RC2_0018_ICR-1_p08
345.110884013,401.100709174,55.989825161,Other,random,glyoxylate (-H2O),55.989829280,RC2_0018_ICR-1_p08
533.215976272,589.205801433,55.989825161,Other,random,glyoxylate (-H2O),55.989829280,RC2_0018_ICR-1_p08
339.136697606,395.126523768,55.989826161,Other,random,glyoxylate (-H2O),55.989829280,RC2_0018_ICR-1_p08
383.170868996,439.160695158,55.989826161,Other,random,glyoxylate (-H2O),55.989829280,RC2_0018_ICR-1_p08
489.197750792,545.187576954,55.989826161,Other,random,glyoxylate (-H2O),55.989829280,RC2_0018_ICR-1_p08
413.124008565,469.113834727,55.989826161,Other,random,glyoxylate (-H2O),55.989829280,RC2_0018_ICR-1_p08
391.097647423,447.087474584,55.989827161,Other,random,glyoxylate (-H2O),55.989829280,RC2_0018_ICR-1_p08
379.134059696,435.123886857,55.989827161,Other,random,glyoxylate (-H2O),55.989829280,RC2_0018_ICR-1_p08
433.041208568,489.031035730,55.989827161,Other,random,glyoxylate (-H2O),55.989829280,RC2_0018_ICR-1_p08
379.079975000,435.069803161,55.989828161,Other,random,glyoxylate (-H2O),55.989829280,RC2_0018_ICR-1_p08
555.150979928,611.140808090,55.989828161,Other,random,glyoxylate (-H2O),55.989829280,RC2_0018_ICR-1_p08
443.264850079,499.254678241,55.989828161,Other,random,glyoxylate (-H2O),55.989829280,RC2_0018_ICR-1_p08
387.144773650,443.134601812,55.989828161,Other,random,glyoxylate (-H2O),55.989829280,RC2_0018_ICR-1_p08
450.067688826,506.057516987,55.989828161,Other,random,glyoxylate (-H2O),55.989829280,RC2_0018_ICR-1_p08
707.183544028,763.173373189,55.989829161,Other,random,glyoxylate (-H2O),55.989829280,RC2_0018_ICR-1_p08
421.144589465,477.134418626,55.989829161,Other,random,glyoxylate (-H2O),55.989829280,RC2_0018_ICR-1_p08
487.210426967,543.200256129,55.989829161,Other,random,glyoxylate (-H2O),55.989829280,RC2_0018_ICR-1_p08
460.088487478,516.078316639,55.989829161,Other,random,glyoxylate (-H2O),55.989829280,RC2_0018_ICR-1_p08
397.199620110,453.189450272,55.989830161,Other,random,glyoxylate (-H2O),55.989829280,RC2_0018_ICR-1_p08
408.129878648,464.119708810,55.989830161,Other,random,glyoxylate (-H2O),55.989829280,RC2_0018_ICR-1_p08
621.219289417,677.209119578,55.989830161,Other,random,glyoxylate (-H2O),55.989829280,RC2_0018_ICR-1_p08
531.099057175,587.088887337,55.989830161,Other,random,glyoxylate (-H2O),55.989829280,RC2_0018_ICR-1_p08
334.093073967,390.082904129,55.989830161,Other,random,glyoxylate (-H2O),55.989829280,RC2_0018_ICR-1_p08
417.067288392,473.057118553,55.989830161,Other,random,glyoxylate (-H2O),55.989829280,RC2_0018_ICR-1_p08
415.103194436,471.093025598,55.989831161,Other,random,glyoxylate (-H2O),55.989829280,RC2_0018_ICR-1_p08
433.150265955,489.140097116,55.989831161,Other,random,glyoxylate (-H2O),55.989829280,RC2_0018_ICR-1_p08
375.165934009,431.155765170,55.989831161,Other,random,glyoxylate (-H2O),55.989829280,RC2_0018_ICR-1_p08
390.082904129,446.072735290,55.989831161,Other,random,glyoxylate (-H2O),55.989829280,RC2_0018_ICR-1_p08
397.105796638,453.095627799,55.989831161,Other,random,glyoxylate (-H2O),55.989829280,RC2_0018_ICR-1_p08
397.163221315,453.153052477,55.989831161,Other,random,glyoxylate (-H2O),55.989829280,RC2_0018_ICR-1_p08
319.095298302,375.085130463,55.989832161,Other,random,glyoxylate (-H2O),55.989829280,RC2_0018_ICR-1_p08
351.085128419,407.074960580,55.989832161,Other,random,glyoxylate (-H2O),55.989829280,RC2_0018_ICR-1_p08
364.067349418,420.057181579,55.989832161,Other,random,glyoxylate (-H2O),55.989829280,RC2_0018_ICR-1_p08
438.067690304,494.057522465,55.989832161,Other,random,glyoxylate (-H2O),55.989829280,RC2_0018_ICR-1_p08
597.182695578,653.172527739,55.989832161,Other,random,glyoxylate (-H2O),55.989829280,RC2_0018_ICR-1_p08
609.182713100,665.172545262,55.989832161,Other,random,glyoxylate (-H2O),55.989829280,RC2_0018_ICR-1_p08
459.129424871,515.119257032,55.989832161,Other,random,glyoxylate (-H2O),55.989829280,RC2_0018_ICR-1_p08
327.063989493,383.053821654,55.989832161,Other,random,glyoxylate (-H2O),55.989829280,RC2_0018_ICR-1_p08
381.118962534,437.108794696,55.989832161,Other,random,glyoxylate (-H2O),55.989829280,RC2_0018_ICR-1_p08
503.205300026,559.195132187,55.989832161,Other,random,glyoxylate (-H2O),55.989829280,RC2_0018_ICR-1_p08
571.094112278,627.083944439,55.989832161,Other,random,glyoxylate (-H2O),55.989829280,RC2_0018_ICR-1_p08
573.197959447,629.187791609,55.989832161,Other,random,glyoxylate (-H2O),55.989829280,RC2_0018_ICR-1_p08
403.051699203,459.041532365,55.989833161,Other,random,glyoxylate (-H2O),55.989829280,RC2_0018_ICR-1_p08
410.072712723,466.062545885,55.989833161,Other,random,glyoxylate (-H2O),55.989829280,RC2_0018_ICR-1_p08
475.246832240,531.236665402,55.989833161,Other,random,glyoxylate (-H2O),55.989829280,RC2_0018_ICR-1_p08
345.097855086,401.087688247,55.989833161,Other,random,glyoxylate (-H2O),55.989829280,RC2_0018_ICR-1_p08
391.030533800,447.020366961,55.989833161,Other,random,glyoxylate (-H2O),55.989829280,RC2_0018_ICR-1_p08
649.214222997,705.204056159,55.989833161,Other,random,glyoxylate (-H2O),55.989829280,RC2_0018_ICR-1_p08
471.223286865,527.213120027,55.989833161,Other,random,glyoxylate (-H2O),55.989829280,RC2_0018_ICR-1_p08
431.191961967,487.181796128,55.989834161,Other,random,glyoxylate (-H2O),55.989829280,RC2_0018_ICR-1_p08
473.166421939,529.156256100,55.989834161,Other,random,glyoxylate (-H2O),55.989829280,RC2_0018_ICR-1_p08
389.100655652,445.090490813,55.989835161,Other,random,glyoxylate (-H2O),55.989829280,RC2_0018_ICR-1_p08
418.114236505,474.104071666,55.989835161,Other,random,glyoxylate (-H2O),55.989829280,RC2_0018_ICR-1_p08
679.224859243,735.214694405,55.989835161,Other,random,glyoxylate (-H2O),55.989829280,RC2_0018_ICR-1_p08
835.304388587,891.294223748,55.989835161,Other,random,glyoxylate (-H2O),55.989829280,RC2_0018_ICR-1_p08
386.101073519,442.090909681,55.989836161,Other,random,glyoxylate (-H2O),55.989829280,RC2_0018_ICR-1_p08
391.139706186,447.129542348,55.989836161,Other,random,glyoxylate (-H2O),55.989829280,RC2_0018_ICR-1_p08
761.266821910,817.256658072,55.989836161,Other,random,glyoxylate (-H2O),55.989829280,RC2_0018_ICR-1_p08
377.124061998,433.113898159,55.989836161,Other,random,glyoxylate (-H2O),55.989829280,RC2_0018_ICR-1_p08
458.101779649,514.091615811,55.989836161,Other,random,glyoxylate (-H2O),55.989829280,RC2_0018_ICR-1_p08
370.127211342,426.117047504,55.989836161,Other,random,glyoxylate (-H2O),55.989829280,RC2_0018_ICR-1_p08
392.098594794,448.088431956,55.989837161,Other,random,glyoxylate (-H2O),55.989829280,RC2_0018_ICR-1_p08
433.098534246,489.088371407,55.989837161,Other,random,glyoxylate (-H2O),55.989829280,RC2_0018_ICR-1_p08
377.051371407,433.041208568,55.989837161,Other,random,glyoxylate (-H2O),55.989829280,RC2_0018_ICR-1_p08
336.108756633,392.098594794,55.989838161,Other,random,glyoxylate (-H2O),55.989829280,RC2_0018_ICR-1_p08
413.154765392,469.144603554,55.989838161,Other,random,glyoxylate (-H2O),55.989829280,RC2_0018_ICR-1_p08
419.220386285,475.210224446,55.989838161,Other,random,glyoxylate (-H2O),55.989829280,RC2_0018_ICR-1_p08
379.103195869,435.093034031,55.989838161,Other,random,glyoxylate (-H2O),55.989829280,RC2_0018_ICR-1_p08
351.121423215,407.111262376,55.989839161,Other,random,glyoxylate (-H2O),55.989829280,RC2_0018_ICR-1_p08
439.160695158,495.150534319,55.989839161,Other,random,glyoxylate (-H2O),55.989829280,RC2_0018_ICR-1_p08
535.145845420,591.135684581,55.989839161,Other,random,glyoxylate (-H2O),55.989829280,RC2_0018_ICR-1_p08
537.088750495,593.078589656,55.989839161,Other,random,glyoxylate (-H2O),55.989829280,RC2_0018_ICR-1_p08
611.262952403,667.252791564,55.989839161,Other,random,glyoxylate (-H2O),55.989829280,RC2_0018_ICR-1_p08
393.095518188,449.085357350,55.989839161,Other,random,glyoxylate (-H2O),55.989829280,RC2_0018_ICR-1_p08
303.181260789,359.171080950,55.989820161,Other,random,glyoxylate_(_H2O)_C2O2,55.989830000,RC2_0018_ICR-1_p08
549.197804404,605.187624565,55.989820161,Other,random,glyoxylate_(_H2O)_C2O2,55.989830000,RC2_0018_ICR-1_p08
545.130111277,601.119932438,55.989821161,Other,random,glyoxylate_(_H2O)_C2O2,55.989830000,RC2_0018_ICR-1_p08
573.146263738,629.136084900,55.989821161,Other,random,glyoxylate_(_H2O)_C2O2,55.989830000,RC2_0018_ICR-1_p08
633.255395736,689.245216898,55.989821161,Other,random,glyoxylate_(_H2O)_C2O2,55.989830000,RC2_0018_ICR-1_p08
465.103702276,521.093523438,55.989821161,Other,random,glyoxylate_(_H2O)_C2O2,55.989830000,RC2_0018_ICR-1_p08
515.228490418,571.218311579,55.989821161,Other,random,glyoxylate_(_H2O)_C2O2,55.989830000,RC2_0018_ICR-1_p08
377.087578203,433.077400365,55.989822161,Other,random,glyoxylate_(_H2O)_C2O2,55.989830000,RC2_0018_ICR-1_p08
607.094350843,663.084173005,55.989822161,Other,random,glyoxylate_(_H2O)_C2O2,55.989830000,RC2_0018_ICR-1_p08
547.072917352,603.062739514,55.989822161,Other,random,glyoxylate_(_H2O)_C2O2,55.989830000,RC2_0018_ICR-1_p08
367.131645187,423.121467348,55.989822161,Other,random,glyoxylate_(_H2O)_C2O2,55.989830000,RC2_0018_ICR-1_p08
571.072927397,627.062750558,55.989823161,Other,random,glyoxylate_(_H2O)_C2O2,55.989830000,RC2_0018_ICR-1_p08
317.051304796,373.041127957,55.989823161,Other,random,glyoxylate_(_H2O)_C2O2,55.989830000,RC2_0018_ICR-1_p08
368.075254881,424.065078042,55.989823161,Other,random,glyoxylate_(_H2O)_C2O2,55.989830000,RC2_0018_ICR-1_p08
457.090650335,513.080473496,55.989823161,Other,random,glyoxylate_(_H2O)_C2O2,55.989830000,RC2_0018_ICR-1_p08
421.090621768,477.080445930,55.989824161,Other,random,glyoxylate_(_H2O)_C2O2,55.989830000,RC2_0018_ICR-1_p08
461.194665257,517.184489419,55.989824161,Other,random,glyoxylate_(_H2O)_C2O2,55.989830000,RC2_0018_ICR-1_p08
269.131325256,325.121149418,55.989824161,Other,random,glyoxylate_(_H2O)_C2O2,55.989830000,RC2_0018_ICR-1_p08
371.077064001,427.066888163,55.989824161,Other,random,glyoxylate_(_H2O)_C2O2,55.989830000,RC2_0018_ICR-1_p08
375.194106850,431.183931012,55.989824161,Other,random,glyoxylate_(_H2O)_C2O2,55.989830000,RC2_0018_ICR-1_p08
465.212867663,521.202691824,55.989824161,Other,random,glyoxylate_(_H2O)_C2O2,55.989830000,RC2_0018_ICR-1_p08
543.099252697,599.089076858,55.989824161,Other,random,glyoxylate_(_H2O)_C2O2,55.989830000,RC2_0018_ICR-1_p08
375.175603955,431.165428116,55.989824161,Other,random,glyoxylate_(_H2O)_C2O2,55.989830000,RC2_0018_ICR-1_p08
518.094021304,574.083845466,55.989824161,Other,random,glyoxylate_(_H2O)_C2O2,55.989830000,RC2_0018_ICR-1_p08
463.124489406,519.114314567,55.989825161,Other,random,glyoxylate_(_H2O)_C2O2,55.989830000,RC2_0018_ICR-1_p08
334.056802171,390.046627333,55.989825161,Other,random,glyoxylate_(_H2O)_C2O2,55.989830000,RC2_0018_ICR-1_p08
487.088198655,543.078023816,55.989825161,Other,random,glyoxylate_(_H2O)_C2O2,55.989830000,RC2_0018_ICR-1_p08
236.056493241,292.046318402,55.989825161,Other,random,glyoxylate_(_H2O)_C2O2,55.989830000,RC2_0018_ICR-1_p08
345.110884013,401.100709174,55.989825161,Other,random,glyoxylate_(_H2O)_C2O2,55.989830000,RC2_0018_ICR-1_p08
533.215976272,589.205801433,55.989825161,Other,random,glyoxylate_(_H2O)_C2O2,55.989830000,RC2_0018_ICR-1_p08
339.136697606,395.126523768,55.989826161,Other,random,glyoxylate_(_H2O)_C2O2,55.989830000,RC2_0018_ICR-1_p08
383.170868996,439.160695158,55.989826161,Other,random,glyoxylate_(_H2O)_C2O2,55.989830000,RC2_0018_ICR-1_p08
489.197750792,545.187576954,55.989826161,Other,random,glyoxylate_(_H2O)_C2O2,55.989830000,RC2_0018_ICR-1_p08
413.124008565,469.113834727,55.989826161,Other,random,glyoxylate_(_H2O)_C2O2,55.989830000,RC2_0018_ICR-1_p08
391.097647423,447.087474584,55.989827161,Other,random,glyoxylate_(_H2O)_C2O2,55.989830000,RC2_0018_ICR-1_p08
379.134059696,435.123886857,55.989827161,Other,random,glyoxylate_(_H2O)_C2O2,55.989830000,RC2_0018_ICR-1_p08
433.041208568,489.031035730,55.989827161,Other,random,glyoxylate_(_H2O)_C2O2,55.989830000,RC2_0018_ICR-1_p08
379.079975000,435.069803161,55.989828161,Other,random,glyoxylate_(_H2O)_C2O2,55.989830000,RC2_0018_ICR-1_p08
555.150979928,611.140808090,55.989828161,Other,random,glyoxylate_(_H2O)_C2O2,55.989830000,RC2_0018_ICR-1_p08
443.264850079,499.254678241,55.989828161,Other,random,glyoxylate_(_H2O)_C2O2,55.989830000,RC2_0018_ICR-1_p08
387.144773650,443.134601812,55.989828161,Other,random,glyoxylate_(_H2O)_C2O2,55.989830000,RC2_0018_ICR-1_p08
450.067688826,506.057516987,55.989828161,Other,random,glyoxylate_(_H2O)_C2O2,55.989830000,RC2_0018_ICR-1_p08
707.183544028,763.173373189,55.989829161,Other,random,glyoxylate_(_H2O)_C2O2,55.989830000,RC2_0018_ICR-1_p08
421.144589465,477.134418626,55.989829161,Other,random,glyoxylate_(_H2O)_C2O2,55.989830000,RC2_0018_ICR-1_p08
487.210426967,543.200256129,55.989829161,Other,random,glyoxylate_(_H2O)_C2O2,55.989830000,RC2_0018_ICR-1_p08
460.088487478,516.078316639,55.989829161,Other,random,glyoxylate_(_H2O)_C2O2,55.989830000,RC2_0018_ICR-1_p08
397.199620110,453.189450272,55.989830161,Other,random,glyoxylate_(_H2O)_C2O2,55.989830000,RC2_0018_ICR-1_p08
408.129878648,464.119708810,55.989830161,Other,random,glyoxylate_(_H2O)_C2O2,55.989830000,RC2_0018_ICR-1_p08
621.219289417,677.209119578,55.989830161,Other,random,glyoxylate_(_H2O)_C2O2,55.989830000,RC2_0018_ICR-1_p08
531.099057175,587.088887337,55.989830161,Other,random,glyoxylate_(_H2O)_C2O2,55.989830000,RC2_0018_ICR-1_p08
334.093073967,390.082904129,55.989830161,Other,random,glyoxylate_(_H2O)_C2O2,55.989830000,RC2_0018_ICR-1_p08
417.067288392,473.057118553,55.989830161,Other,random,glyoxylate_(_H2O)_C2O2,55.989830000,RC2_0018_ICR-1_p08
415.103194436,471.093025598,55.989831161,Other,random,glyoxylate_(_H2O)_C2O2,55.989830000,RC2_0018_ICR-1_p08
433.150265955,489.140097116,55.989831161,Other,random,glyoxylate_(_H2O)_C2O2,55.989830000,RC2_0018_ICR-1_p08
375.165934009,431.155765170,55.989831161,Other,random,glyoxylate_(_H2O)_C2O2,55.989830000,RC2_0018_ICR-1_p08
390.082904129,446.072735290,55.989831161,Other,random,glyoxylate_(_H2O)_C2O2,55.989830000,RC2_0018_ICR-1_p08
397.105796638,453.095627799,55.989831161,Other,random,glyoxylate_(_H2O)_C2O2,55.989830000,RC2_0018_ICR-1_p08
397.163221315,453.153052477,55.989831161,Other,random,glyoxylate_(_H2O)_C2O2,55.989830000,RC2_0018_ICR-1_p08
319.095298302,375.085130463,55.989832161,Other,random,glyoxylate_(_H2O)_C2O2,55.989830000,RC2_0018_ICR-1_p08
351.085128419,407.074960580,55.989832161,Other,random,glyoxylate_(_H2O)_C2O2,55.989830000,RC2_0018_ICR-1_p08
364.067349418,420.057181579,55.989832161,Other,random,glyoxylate_(_H2O)_C2O2,55.989830000,RC2_0018_ICR-1_p08
438.067690304,494.057522465,55.989832161,Other,random,glyoxylate_(_H2O)_C2O2,55.989830000,RC2_0018_ICR-1_p08
597.182695578,653.172527739,55.989832161,Other,random,glyoxylate_(_H2O)_C2O2,55.989830000,RC2_0018_ICR-1_p08
609.182713100,665.172545262,55.989832161,Other,random,glyoxylate_(_H2O)_C2O2,55.989830000,RC2_0018_ICR-1_p08
459.129424871,515.119257032,55.989832161,Other,random,glyoxylate_(_H2O)_C2O2,55.989830000,RC2_0018_ICR-1_p08
327.063989493,383.053821654,55.989832161,Other,random,glyoxylate_(_H2O)_C2O2,55.989830000,RC2_0018_ICR-1_p08
381.118962534,437.108794696,55.989832161,Other,random,glyoxylate_(_H2O)_C2O2,55.989830000,RC2_0018_ICR-1_p08
503.205300026,559.195132187,55.989832161,Other,random,glyoxylate_(_H2O)_C2O2,55.989830000,RC2_0018_ICR-1_p08
571.094112278,627.083944439,55.989832161,Other,random,glyoxylate_(_H2O)_C2O2,55.989830000,RC2_0018_ICR-1_p08
573.197959447,629.187791609,55.989832161,Other,random,glyoxylate_(_H2O)_C2O2,55.989830000,RC2_0018_ICR-1_p08
403.051699203,459.041532365,55.989833161,Other,random,glyoxylate_(_H2O)_C2O2,55.989830000,RC2_0018_ICR-1_p08
410.072712723,466.062545885,55.989833161,Other,random,glyoxylate_(_H2O)_C2O2,55.989830000,RC2_0018_ICR-1_p08
475.246832240,531.236665402,55.989833161,Other,random,glyoxylate_(_H2O)_C2O2,55.989830000,RC2_0018_ICR-1_p08
345.097855086,401.087688247,55.989833161,Other,random,glyoxylate_(_H2O)_C2O2,55.989830000,RC2_0018_ICR-1_p08
391.030533800,447.020366961,55.989833161,Other,random,glyoxylate_(_H2O)_C2O2,55.989830000,RC2_0018_ICR-1_p08
649.214222997,705.204056159,55.989833161,Other,random,glyoxylate_(_H2O)_C2O2,55.989830000,RC2_0018_ICR-1_p08
471.223286865,527.213120027,55.989833161,Other,random,glyoxylate_(_H2O)_C2O2,55.989830000,RC2_0018_ICR-1_p08
431.191961967,487.181796128,55.989834161,Other,random,glyoxylate_(_H2O)_C2O2,55.989830000,RC2_0018_ICR-1_p08
473.166421939,529.156256100,55.989834161,Other,random,glyoxylate_(_H2O)_C2O2,55.989830000,RC2_0018_ICR-1_p08
389.100655652,445.090490813,55.989835161,Other,random,glyoxylate_(_H2O)_C2O2,55.989830000,RC2_0018_ICR-1_p08
418.114236505,474.104071666,55.989835161,Other,random,glyoxylate_(_H2O)_C2O2,55.989830000,RC2_0018_ICR-1_p08
679.224859243,735.214694405,55.989835161,Other,random,glyoxylate_(_H2O)_C2O2,55.989830000,RC2_0018_ICR-1_p08
835.304388587,891.294223748,55.989835161,Other,random,glyoxylate_(_H2O)_C2O2,55.989830000,RC2_0018_ICR-1_p08
386.101073519,442.090909681,55.989836161,Other,random,glyoxylate_(_H2O)_C2O2,55.989830000,RC2_0018_ICR-1_p08
391.139706186,447.129542348,55.989836161,Other,random,glyoxylate_(_H2O)_C2O2,55.989830000,RC2_0018_ICR-1_p08
761.266821910,817.256658072,55.989836161,Other,random,glyoxylate_(_H2O)_C2O2,55.989830000,RC2_0018_ICR-1_p08
377.124061998,433.113898159,55.989836161,Other,random,glyoxylate_(_H2O)_C2O2,55.989830000,RC2_0018_ICR-1_p08
458.101779649,514.091615811,55.989836161,Other,random,glyoxylate_(_H2O)_C2O2,55.989830000,RC2_0018_ICR-1_p08
370.127211342,426.117047504,55.989836161,Other,random,glyoxylate_(_H2O)_C2O2,55.989830000,RC2_0018_ICR-1_p08
392.098594794,448.088431956,55.989837161,Other,random,glyoxylate_(_H2O)_C2O2,55.989830000,RC2_0018_ICR-1_p08
433.098534246,489.088371407,55.989837161,Other,random,glyoxylate_(_H2O)_C2O2,55.989830000,RC2_0018_ICR-1_p08
377.051371407,433.041208568,55.989837161,Other,random,glyoxylate_(_H2O)_C2O2,55.989830000,RC2_0018_ICR-1_p08
336.108756633,392.098594794,55.989838161,Other,random,glyoxylate_(_H2O)_C2O2,55.989830000,RC2_0018_ICR-1_p08
413.154765392,469.144603554,55.989838161,Other,random,glyoxylate_(_H2O)_C2O2,55.989830000,RC2_0018_ICR-1_p08
419.220386285,475.210224446,55.989838161,Other,random,glyoxylate_(_H2O)_C2O2,55.989830000,RC2_0018_ICR-1_p08
379.103195869,435.093034031,55.989838161,Other,random,glyoxylate_(_H2O)_C2O2,55.989830000,RC2_0018_ICR-1_p08
351.121423215,407.111262376,55.989839161,Other,random,glyoxylate_(_H2O)_C2O2,55.989830000,RC2_0018_ICR-1_p08
439.160695158,495.150534319,55.989839161,Other,random,glyoxylate_(_H2O)_C2O2,55.989830000,RC2_0018_ICR-1_p08
535.145845420,591.135684581,55.989839161,Other,random,glyoxylate_(_H2O)_C2O2,55.989830000,RC2_0018_ICR-1_p08
537.088750495,593.078589656,55.989839161,Other,random,glyoxylate_(_H2O)_C2O2,55.989830000,RC2_0018_ICR-1_p08
611.262952403,667.252791564,55.989839161,Other,random,glyoxylate_(_H2O)_C2O2,55.989830000,RC2_0018_ICR-1_p08
393.095518188,449.085357350,55.989839161,Other,random,glyoxylate_(_H2O)_C2O2,55.989830000,RC2_0018_ICR-1_p08
365.209890993,421.226381005,56.016490012,Other,random,C2H3Cl_1O2S1,56.016500000,RC2_0018_ICR-1_p08
306.083037472,362.099528483,56.016491012,Other,random,C2H3Cl_1O2S1,56.016500000,RC2_0018_ICR-1_p08
419.129046798,475.145537810,56.016491012,Other,random,C2H3Cl_1O2S1,56.016500000,RC2_0018_ICR-1_p08
387.066365091,443.082858103,56.016493012,Other,random,C2H3Cl_1O2S1,56.016500000,RC2_0018_ICR-1_p08
545.124533308,601.141028320,56.016495011,Other,random,C2H3Cl_1O2S1,56.016500000,RC2_0018_ICR-1_p08
347.107917783,403.124415795,56.016498011,Other,random,C2H3Cl_1O2S1,56.016500000,RC2_0018_ICR-1_p08
461.175933363,517.192433374,56.016500011,Other,random,C2H3Cl_1O2S1,56.016500000,RC2_0018_ICR-1_p08
587.208126666,643.224626678,56.016500011,Other,random,C2H3Cl_1O2S1,56.016500000,RC2_0018_ICR-1_p08
371.107915828,427.124418839,56.016503011,Other,random,C2H3Cl_1O2S1,56.016500000,RC2_0018_ICR-1_p08
355.113010769,411.129514781,56.016504011,Other,random,C2H3Cl_1O2S1,56.016500000,RC2_0018_ICR-1_p08
389.118343553,445.134847564,56.016504011,Other,random,C2H3Cl_1O2S1,56.016500000,RC2_0018_ICR-1_p08
335.053840565,391.070345576,56.016505011,Other,random,C2H3Cl_1O2S1,56.016500000,RC2_0018_ICR-1_p08
457.180991827,513.197499838,56.016508011,Other,random,C2H3Cl_1O2S1,56.016500000,RC2_0018_ICR-1_p08
323.126517634,379.152723591,56.026205957,Other,random,C3H4O1,56.026215000,RC2_0018_ICR-1_p08
341.087646636,397.113852593,56.026205957,Other,random,C3H4O1,56.026215000,RC2_0018_ICR-1_p08
369.038274466,425.064480422,56.026205957,Other,random,C3H4O1,56.026215000,RC2_0018_ICR-1_p08
431.165428116,487.191634073,56.026205957,Other,random,C3H4O1,56.026215000,RC2_0018_ICR-1_p08
555.062903423,611.089109380,56.026205957,Other,random,C3H4O1,56.026215000,RC2_0018_ICR-1_p08
457.113929204,513.140135161,56.026205957,Other,random,C3H4O1,56.026215000,RC2_0018_ICR-1_p08
349.087113654,405.113319611,56.026205957,Other,random,C3H4O1,56.026215000,RC2_0018_ICR-1_p08
492.136087270,548.162293226,56.026205957,Other,random,C3H4O1,56.026215000,RC2_0018_ICR-1_p08
235.024899041,291.051104998,56.026205957,Other,random,C3H4O1,56.026215000,RC2_0018_ICR-1_p08
417.082515306,473.108721263,56.026205957,Other,random,C3H4O1,56.026215000,RC2_0018_ICR-1_p08
363.035617219,419.061824176,56.026206957,Other,random,C3H4O1,56.026215000,RC2_0018_ICR-1_p08
325.092754577,381.118962534,56.026207957,Other,random,C3H4O1,56.026215000,RC2_0018_ICR-1_p08
350.124471821,406.150679777,56.026207957,Other,random,C3H4O1,56.026215000,RC2_0018_ICR-1_p08
415.139809230,471.166017187,56.026207957,Other,random,C3H4O1,56.026215000,RC2_0018_ICR-1_p08
507.142713885,563.168921842,56.026207957,Other,random,C3H4O1,56.026215000,RC2_0018_ICR-1_p08
555.114600133,611.140808090,56.026207957,Other,random,C3H4O1,56.026215000,RC2_0018_ICR-1_p08
621.182911621,677.209119578,56.026207957,Other,random,C3H4O1,56.026215000,RC2_0018_ICR-1_p08
349.142133344,405.168341301,56.026207957,Other,random,C3H4O1,56.026215000,RC2_0018_ICR-1_p08
415.152838157,471.179046114,56.026207957,Other,random,C3H4O1,56.026215000,RC2_0018_ICR-1_p08
455.155689215,511.181897172,56.026207957,Other,random,C3H4O1,56.026215000,RC2_0018_ICR-1_p08
379.103195869,435.129403826,56.026207957,Other,random,C3H4O1,56.026215000,RC2_0018_ICR-1_p08
743.111239002,799.137447958,56.026208957,Other,random,C3H4O1,56.026215000,RC2_0018_ICR-1_p08
385.087187220,441.113396177,56.026208957,Other,random,C3H4O1,56.026215000,RC2_0018_ICR-1_p08
409.126849042,465.153057999,56.026208957,Other,random,C3H4O1,56.026215000,RC2_0018_ICR-1_p08
423.093122508,479.119331465,56.026208957,Other,random,C3H4O1,56.026215000,RC2_0018_ICR-1_p08
431.098258494,487.124467451,56.026208957,Other,random,C3H4O1,56.026215000,RC2_0018_ICR-1_p08
461.194665257,517.220874214,56.026208957,Other,random,C3H4O1,56.026215000,RC2_0018_ICR-1_p08
549.247271125,605.273480082,56.026208957,Other,random,C3H4O1,56.026215000,RC2_0018_ICR-1_p08
573.125126857,629.151335814,56.026208957,Other,random,C3H4O1,56.026215000,RC2_0018_ICR-1_p08
429.132088550,485.158298507,56.026209957,Other,random,C3H4O1,56.026215000,RC2_0018_ICR-1_p08
533.057331164,589.083541121,56.026209957,Other,random,C3H4O1,56.026215000,RC2_0018_ICR-1_p08
647.198455332,703.224665289,56.026209957,Other,random,C3H4O1,56.026215000,RC2_0018_ICR-1_p08
351.100419333,407.126629290,56.026209957,Other,random,C3H4O1,56.026215000,RC2_0018_ICR-1_p08
429.176582300,485.202792256,56.026209957,Other,random,C3H4O1,56.026215000,RC2_0018_ICR-1_p08
233.045621171,289.071831128,56.026209957,Other,random,C3H4O1,56.026215000,RC2_0018_ICR-1_p08
415.079904567,471.106115524,56.026210957,Other,random,C3H4O1,56.026215000,RC2_0018_ICR-1_p08
305.139378778,361.165589735,56.026210957,Other,random,C3H4O1,56.026215000,RC2_0018_ICR-1_p08
377.173350721,433.199561678,56.026210957,Other,random,C3H4O1,56.026215000,RC2_0018_ICR-1_p08
519.163910288,575.190121245,56.026210957,Other,random,C3H4O1,56.026215000,RC2_0018_ICR-1_p08
555.236741446,611.262952403,56.026210957,Other,random,C3H4O1,56.026215000,RC2_0018_ICR-1_p08
329.116004954,385.142215911,56.026210957,Other,random,C3H4O1,56.026215000,RC2_0018_ICR-1_p08
429.168543345,485.194754302,56.026210957,Other,random,C3H4O1,56.026215000,RC2_0018_ICR-1_p08
359.149837070,415.176048027,56.026210957,Other,random,C3H4O1,56.026215000,RC2_0018_ICR-1_p08
319.058918506,375.085130463,56.026211957,Other,random,C3H4O1,56.026215000,RC2_0018_ICR-1_p08
391.079897522,447.106109479,56.026211957,Other,random,C3H4O1,56.026215000,RC2_0018_ICR-1_p08
321.025158450,377.051371407,56.026212957,Other,random,C3H4O1,56.026215000,RC2_0018_ICR-1_p08
361.142082867,417.168295824,56.026212957,Other,random,C3H4O1,56.026215000,RC2_0018_ICR-1_p08
401.072481333,457.098694290,56.026212957,Other,random,C3H4O1,56.026215000,RC2_0018_ICR-1_p08
445.134847564,501.161060521,56.026212957,Other,random,C3H4O1,56.026215000,RC2_0018_ICR-1_p08
576.172119723,632.198332680,56.026212957,Other,random,C3H4O1,56.026215000,RC2_0018_ICR-1_p08
403.152773635,459.178986592,56.026212957,Other,random,C3H4O1,56.026215000,RC2_0018_ICR-1_p08
329.051322318,385.077536275,56.026213957,Other,random,C3H4O1,56.026215000,RC2_0018_ICR-1_p08
320.077540779,376.103754735,56.026213957,Other,random,C3H4O1,56.026215000,RC2_0018_ICR-1_p08
339.100309811,395.126523768,56.026213957,Other,random,C3H4O1,56.026215000,RC2_0018_ICR-1_p08
575.213537114,631.239751070,56.026213957,Other,random,C3H4O1,56.026215000,RC2_0018_ICR-1_p08
679.261176039,735.287389996,56.026213957,Other,random,C3H4O1,56.026215000,RC2_0018_ICR-1_p08
433.126993086,489.153207043,56.026213957,Other,random,C3H4O1,56.026215000,RC2_0018_ICR-1_p08
373.077421753,429.103636710,56.026214957,Other,random,C3H4O1,56.026215000,RC2_0018_ICR-1_p08
543.078023816,599.104238773,56.026214957,Other,random,C3H4O1,56.026215000,RC2_0018_ICR-1_p08
369.168421734,425.194636691,56.026214957,Other,random,C3H4O1,56.026215000,RC2_0018_ICR-1_p08
569.260483588,625.286698545,56.026214957,Other,random,C3H4O1,56.026215000,RC2_0018_ICR-1_p08
307.118651648,363.144866605,56.026214957,Other,random,C3H4O1,56.026215000,RC2_0018_ICR-1_p08
397.041098002,453.067312959,56.026214957,Other,random,C3H4O1,56.026215000,RC2_0018_ICR-1_p08
417.191579693,473.217794650,56.026214957,Other,random,C3H4O1,56.026215000,RC2_0018_ICR-1_p08
315.100332766,371.126548723,56.026215957,Other,random,C3H4O1,56.026215000,RC2_0018_ICR-1_p08
373.056418871,429.082634828,56.026215957,Other,random,C3H4O1,56.026215000,RC2_0018_ICR-1_p08
417.046235510,473.072452467,56.026216957,Other,random,C3H4O1,56.026215000,RC2_0018_ICR-1_p08
359.113592273,415.139809230,56.026216957,Other,random,C3H4O1,56.026215000,RC2_0018_ICR-1_p08
497.231171619,553.257388576,56.026216957,Other,random,C3H4O1,56.026215000,RC2_0018_ICR-1_p08
496.109727925,552.135944882,56.026216957,Other,random,C3H4O1,56.026215000,RC2_0018_ICR-1_p08
525.161206565,581.187423522,56.026216957,Other,random,C3H4O1,56.026215000,RC2_0018_ICR-1_p08
245.048995674,301.075212631,56.026216957,Other,random,C3H4O1,56.026215000,RC2_0018_ICR-1_p08
311.149929980,367.176146937,56.026216957,Other,random,C3H4O1,56.026215000,RC2_0018_ICR-1_p08
348.035951565,404.062168521,56.026216957,Other,random,C3H4O1,56.026215000,RC2_0018_ICR-1_p08
327.100399288,383.126616245,56.026216957,Other,random,C3H4O1,56.026215000,RC2_0018_ICR-1_p08
513.124954246,569.151171203,56.026216957,Other,random,C3H4O1,56.026215000,RC2_0018_ICR-1_p08
459.123901902,515.150119858,56.026217957,Other,random,C3H4O1,56.026215000,RC2_0018_ICR-1_p08
341.154780258,397.180998215,56.026217957,Other,random,C3H4O1,56.026215000,RC2_0018_ICR-1_p08
343.082119421,399.108337377,56.026217957,Other,random,C3H4O1,56.026215000,RC2_0018_ICR-1_p08
379.175962460,435.202180417,56.026217957,Other,random,C3H4O1,56.026215000,RC2_0018_ICR-1_p08
381.113413565,437.139631522,56.026217957,Other,random,C3H4O1,56.026215000,RC2_0018_ICR-1_p08
448.124947750,504.151165707,56.026217957,Other,random,C3H4O1,56.026215000,RC2_0018_ICR-1_p08
347.126554678,403.152773635,56.026218957,Other,random,C3H4O1,56.026215000,RC2_0018_ICR-1_p08
399.165711055,455.191930012,56.026218957,Other,random,C3H4O1,56.026215000,RC2_0018_ICR-1_p08
401.160463838,457.186682795,56.026218957,Other,random,C3H4O1,56.026215000,RC2_0018_ICR-1_p08
429.119014623,485.145233580,56.026218957,Other,random,C3H4O1,56.026215000,RC2_0018_ICR-1_p08
549.088571018,605.114789975,56.026218957,Other,random,C3H4O1,56.026215000,RC2_0018_ICR-1_p08
477.176571389,533.202791346,56.026219957,Other,random,C3H4O1,56.026215000,RC2_0018_ICR-1_p08
557.187665476,613.213885432,56.026219957,Other,random,C3H4O1,56.026215000,RC2_0018_ICR-1_p08
569.215952839,625.242172796,56.026219957,Other,random,C3H4O1,56.026215000,RC2_0018_ICR-1_p08
441.176390823,497.202610780,56.026219957,Other,random,C3H4O1,56.026215000,RC2_0018_ICR-1_p08
599.213810157,655.240030114,56.026219957,Other,random,C3H4O1,56.026215000,RC2_0018_ICR-1_p08
383.025376814,439.051597771,56.026220957,Other,random,C3H4O1,56.026215000,RC2_0018_ICR-1_p08
563.031732614,619.057953570,56.026220957,Other,random,C3H4O1,56.026215000,RC2_0018_ICR-1_p08
585.198048969,641.224269926,56.026220957,Other,random,C3H4O1,56.026215000,RC2_0018_ICR-1_p08
303.087371317,359.113592273,56.026220957,Other,random,C3H4O1,56.026215000,RC2_0018_ICR-1_p08
459.020238485,515.046459441,56.026220957,Other,random,C3H4O1,56.026215000,RC2_0018_ICR-1_p08
316.082511243,372.108733200,56.026221957,Other,random,C3H4O1,56.026215000,RC2_0018_ICR-1_p08
359.126616200,415.152838157,56.026221957,Other,random,C3H4O1,56.026215000,RC2_0018_ICR-1_p08
429.103636710,485.129858667,56.026221957,Other,random,C3H4O1,56.026215000,RC2_0018_ICR-1_p08
398.080833155,454.107056112,56.026222957,Other,random,C3H4O1,56.026215000,RC2_0018_ICR-1_p08
361.050712381,417.076935338,56.026222957,Other,random,C3H4O1,56.026215000,RC2_0018_ICR-1_p08
511.101302626,567.127525582,56.026222957,Other,random,C3H4O1,56.026215000,RC2_0018_ICR-1_p08
537.088750495,593.114973451,56.026222957,Other,random,C3H4O1,56.026215000,RC2_0018_ICR-1_p08
319.139710052,375.165934009,56.026223957,Other,random,C3H4O1,56.026215000,RC2_0018_ICR-1_p08
389.014903134,445.041127091,56.026223957,Other,random,C3H4O1,56.026215000,RC2_0018_ICR-1_p08
463.246650719,519.272874676,56.026223957,Other,random,C3H4O1,56.026215000,RC2_0018_ICR-1_p08
337.020022509,393.046246465,56.026223957,Other,random,C3H4O1,56.026215000,RC2_0018_ICR-1_p08
509.093628915,565.119853872,56.026224957,Other,random,C3H4O1,56.026215000,RC2_0018_ICR-1_p08
403.051699203,459.077924160,56.026224957,Other,random,C3H4O1,56.026215000,RC2_0018_ICR-1_p08
375.085130463,431.111355420,56.026224957,Other,random,C3H4O1,56.026215000,RC2_0018_ICR-1_p08
449.145128014,505.171352970,56.026224957,Other,random,C3H4O1,56.026215000,RC2_0018_ICR-1_p08
513.031173774,569.057398730,56.026224957,Other,random,C3H4O1,56.026215000,RC2_0018_ICR-1_p08
483.150726795,539.176951752,56.026224957,Other,random,C3H4O1,56.026215000,RC2_0018_ICR-1_p08
267.014717158,323.052166052,56.037448894,Other,random,C2H4N2,56.037448000,RC2_0018_ICR-1_p08
675.121289318,731.183865071,56.062575752,Other,random,C4H8,56.062585070,RC2_0018_ICR-1_p08
516.114875434,572.177452186,56.062576752,Other,random,C4H8,56.062585070,RC2_0018_ICR-1_p08
603.135697103,659.198273856,56.062576752,Other,random,C4H8,56.062585070,RC2_0018_ICR-1_p08
303.123750112,359.186326864,56.062576752,Other,random,C4H8,56.062585070,RC2_0018_ICR-1_p08
377.064416333,433.126993086,56.062576752,Other,random,C4H8,56.062585070,RC2_0018_ICR-1_p08
447.160370174,503.222946927,56.062576752,Other,random,C4H8,56.062585070,RC2_0018_ICR-1_p08
386.064741723,442.127318476,56.062576752,Other,random,C4H8,56.062585070,RC2_0018_ICR-1_p08
533.151149636,589.213726389,56.062576752,Other,random,C4H8,56.062585070,RC2_0018_ICR-1_p08
322.056681650,378.119259402,56.062577752,Other,random,C4H8,56.062585070,RC2_0018_ICR-1_p08
471.114236478,527.176814231,56.062577752,Other,random,C4H8,56.062585070,RC2_0018_ICR-1_p08
351.144828083,407.207405835,56.062577752,Other,random,C4H8,56.062585070,RC2_0018_ICR-1_p08
307.082288853,363.144866605,56.062577752,Other,random,C4H8,56.062585070,RC2_0018_ICR-1_p08
551.213320070,607.275898822,56.062578752,Other,random,C4H8,56.062585070,RC2_0018_ICR-1_p08
505.075442510,561.138021262,56.062578752,Other,random,C4H8,56.062585070,RC2_0018_ICR-1_p08
337.129165895,393.191744647,56.062578752,Other,random,C4H8,56.062585070,RC2_0018_ICR-1_p08
387.121390782,443.183969534,56.062578752,Other,random,C4H8,56.062585070,RC2_0018_ICR-1_p08
439.116384407,495.178963159,56.062578752,Other,random,C4H8,56.062585070,RC2_0018_ICR-1_p08
535.218544011,591.281122763,56.062578752,Other,random,C4H8,56.062585070,RC2_0018_ICR-1_p08
380.062170477,436.124749229,56.062578752,Other,random,C4H8,56.062585070,RC2_0018_ICR-1_p08
329.060927264,385.123507016,56.062579752,Other,random,C4H8,56.062585070,RC2_0018_ICR-1_p08
371.061839087,427.124418839,56.062579752,Other,random,C4H8,56.062585070,RC2_0018_ICR-1_p08
633.146514348,689.209094101,56.062579752,Other,random,C4H8,56.062585070,RC2_0018_ICR-1_p08
560.125887953,616.188467706,56.062579752,Other,random,C4H8,56.062585070,RC2_0018_ICR-1_p08
433.186487751,489.249068504,56.062580752,Other,random,C4H8,56.062585070,RC2_0018_ICR-1_p08
431.025617902,487.088198655,56.062580752,Other,random,C4H8,56.062585070,RC2_0018_ICR-1_p08
433.108338191,489.170918943,56.062580752,Other,random,C4H8,56.062585070,RC2_0018_ICR-1_p08
338.088091503,394.150673255,56.062581752,Other,random,C4H8,56.062585070,RC2_0018_ICR-1_p08
435.056833234,491.119414986,56.062581752,Other,random,C4H8,56.062585070,RC2_0018_ICR-1_p08
527.067851843,583.130433596,56.062581752,Other,random,C4H8,56.062585070,RC2_0018_ICR-1_p08
609.182713100,665.245294853,56.062581752,Other,random,C4H8,56.062585070,RC2_0018_ICR-1_p08
347.107917783,403.170499535,56.062581752,Other,random,C4H8,56.062585070,RC2_0018_ICR-1_p08
695.183459506,751.246041258,56.062581752,Other,random,C4H8,56.062585070,RC2_0018_ICR-1_p08
507.142713885,563.205296638,56.062582752,Other,random,C4H8,56.062585070,RC2_0018_ICR-1_p08
509.376716323,565.439299075,56.062582752,Other,random,C4H8,56.062585070,RC2_0018_ICR-1_p08
543.135651492,599.198234244,56.062582752,Other,random,C4H8,56.062585070,RC2_0018_ICR-1_p08
575.213537114,631.276119866,56.062582752,Other,random,C4H8,56.062585070,RC2_0018_ICR-1_p08
524.068242711,580.130826463,56.062583752,Other,random,C4H8,56.062585070,RC2_0018_ICR-1_p08
388.030941667,444.093525420,56.062583752,Other,random,C4H8,56.062585070,RC2_0018_ICR-1_p08
389.014903134,445.077486887,56.062583752,Other,random,C4H8,56.062585070,RC2_0018_ICR-1_p08
369.147192853,425.209777605,56.062584752,Other,random,C4H8,56.062585070,RC2_0018_ICR-1_p08
455.228522806,511.291107558,56.062584752,Other,random,C4H8,56.062585070,RC2_0018_ICR-1_p08
405.118884579,461.181469332,56.062584752,Other,random,C4H8,56.062585070,RC2_0018_ICR-1_p08
435.129403826,491.191988578,56.062584752,Other,random,C4H8,56.062585070,RC2_0018_ICR-1_p08
525.161206565,581.223791317,56.062584752,Other,random,C4H8,56.062585070,RC2_0018_ICR-1_p08
467.168733664,523.231318417,56.062584752,Other,random,C4H8,56.062585070,RC2_0018_ICR-1_p08
477.067436003,533.130020755,56.062584752,Other,random,C4H8,56.062585070,RC2_0018_ICR-1_p08
316.046147448,372.108733200,56.062585752,Other,random,C4H8,56.062585070,RC2_0018_ICR-1_p08
347.077144956,403.139730708,56.062585752,Other,random,C4H8,56.062585070,RC2_0018_ICR-1_p08
419.119140854,475.181726606,56.062585752,Other,random,C4H8,56.062585070,RC2_0018_ICR-1_p08
631.130652684,687.193238436,56.062585752,Other,random,C4H8,56.062585070,RC2_0018_ICR-1_p08
317.066613709,373.129200462,56.062586752,Other,random,C4H8,56.062585070,RC2_0018_ICR-1_p08
319.139710052,375.202297804,56.062587752,Other,random,C4H8,56.062585070,RC2_0018_ICR-1_p08
449.181429810,505.244017562,56.062587752,Other,random,C4H8,56.062585070,RC2_0018_ICR-1_p08
327.121510169,383.184098922,56.062588752,Other,random,C4H8,56.062585070,RC2_0018_ICR-1_p08
339.035559175,395.098147927,56.062588752,Other,random,C4H8,56.062585070,RC2_0018_ICR-1_p08
403.061313149,459.123901902,56.062588752,Other,random,C4H8,56.062585070,RC2_0018_ICR-1_p08
531.187335679,587.249924431,56.062588752,Other,random,C4H8,56.062585070,RC2_0018_ICR-1_p08
779.204620043,835.267208796,56.062588752,Other,random,C4H8,56.062585070,RC2_0018_ICR-1_p08
459.020238485,515.082828237,56.062589752,Other,random,C4H8,56.062585070,RC2_0018_ICR-1_p08
351.035673697,407.098263449,56.062589752,Other,random,C4H8,56.062585070,RC2_0018_ICR-1_p08
347.053710088,403.116300840,56.062590752,Other,random,C4H8,56.062585070,RC2_0018_ICR-1_p08
361.032979480,417.095571233,56.062591752,Other,random,C4H8,56.062585070,RC2_0018_ICR-1_p08
381.095491666,437.158083418,56.062591752,Other,random,C4H8,56.062585070,RC2_0018_ICR-1_p08
375.144860127,431.207451880,56.062591752,Other,random,C4H8,56.062585070,RC2_0018_ICR-1_p08
392.098594794,448.161186547,56.062591752,Other,random,C4H8,56.062585070,RC2_0018_ICR-1_p08
459.093205074,515.155796827,56.062591752,Other,random,C4H8,56.062585070,RC2_0018_ICR-1_p08
525.153193610,581.215785362,56.062591752,Other,random,C4H8,56.062585070,RC2_0018_ICR-1_p08
545.166493072,601.229084825,56.062591752,Other,random,C4H8,56.062585070,RC2_0018_ICR-1_p08
331.095213825,387.157806577,56.062592752,Other,random,C4H8,56.062585070,RC2_0018_ICR-1_p08
381.046201943,437.108794696,56.062592752,Other,random,C4H8,56.062585070,RC2_0018_ICR-1_p08
239.056189373,295.118783125,56.062593752,Other,random,C4H8,56.062585070,RC2_0018_ICR-1_p08
401.118398075,457.180991827,56.062593752,Other,random,C4H8,56.062585070,RC2_0018_ICR-1_p08
361.092720145,417.155313897,56.062593752,Other,random,C4H8,56.062585070,RC2_0018_ICR-1_p08
538.120272694,594.182866446,56.062593752,Other,random,C4H8,56.062585070,RC2_0018_ICR-1_p08
671.198743375,727.261337128,56.062593752,Other,random,C4H8,56.062585070,RC2_0018_ICR-1_p08
413.072419856,469.135013608,56.062593752,Other,random,C4H8,56.062585070,RC2_0018_ICR-1_p08
467.205261459,523.267855211,56.062593752,Other,random,C4H8,56.062585070,RC2_0018_ICR-1_p08
547.182221738,603.244816490,56.062594752,Other,random,C4H8,56.062585070,RC2_0018_ICR-1_p08
559.036623079,615.099217831,56.062594752,Other,random,C4H8,56.062585070,RC2_0018_ICR-1_p08
231.030005505,287.092600257,56.062594752,Other,random,C4H8,56.062585070,RC2_0018_ICR-1_p08
465.189517794,521.252112546,56.062594752,Other,random,C4H8,56.062585070,RC2_0018_ICR-1_p08
587.162031926,643.224626678,56.062594752,Other,random,C4H8,56.062585070,RC2_0018_ICR-1_p08
507.078018249,564.099472609,57.021454360,Other,random,Glycine,57.021463760,RC2_0018_ICR-1_p08
309.134276314,366.155732675,57.021456360,Other,random,Glycine,57.021463760,RC2_0018_ICR-1_p08
519.114314567,576.135770928,57.021456360,Other,random,Glycine,57.021463760,RC2_0018_ICR-1_p08
489.031035730,546.052493090,57.021457360,Other,random,Glycine,57.021463760,RC2_0018_ICR-1_p08
409.041086524,466.062545885,57.021459360,Other,random,Glycine,57.021463760,RC2_0018_ICR-1_p08
335.077134434,392.098594794,57.021460360,Other,random,Glycine,57.021463760,RC2_0018_ICR-1_p08
353.015015567,410.036475927,57.021460360,Other,random,Glycine,57.021463760,RC2_0018_ICR-1_p08
264.051484821,321.072946181,57.021461360,Other,random,Glycine,57.021463760,RC2_0018_ICR-1_p08
417.046235510,474.067697871,57.021462360,Other,random,Glycine,57.021463760,RC2_0018_ICR-1_p08
501.103798843,558.125261203,57.021462360,Other,random,Glycine,57.021463760,RC2_0018_ICR-1_p08
253.035448766,310.056912126,57.021463360,Other,random,Glycine,57.021463760,RC2_0018_ICR-1_p08
365.160373272,422.181837632,57.021464360,Other,random,Glycine,57.021463760,RC2_0018_ICR-1_p08
493.062323061,550.083789422,57.021466360,Other,random,Glycine,57.021463760,RC2_0018_ICR-1_p08
517.062378106,574.083845466,57.021467360,Other,random,Glycine,57.021463760,RC2_0018_ICR-1_p08
443.061709222,500.083177582,57.021468360,Other,random,Glycine,57.021463760,RC2_0018_ICR-1_p08
523.109357103,580.130826463,57.021469360,Other,random,Glycine,57.021463760,RC2_0018_ICR-1_p08
389.014903134,446.036372495,57.021469360,Other,random,Glycine,57.021463760,RC2_0018_ICR-1_p08
371.090062928,428.111533288,57.021470360,Other,random,Glycine,57.021463760,RC2_0018_ICR-1_p08
307.118651648,364.140123009,57.021471360,Other,random,Glycine,57.021463760,RC2_0018_ICR-1_p08
407.074960580,464.096432940,57.021472360,Other,random,Glycine,57.021463760,RC2_0018_ICR-1_p08
579.135588059,636.157061420,57.021473360,Other,random,Glycine,57.021463760,RC2_0018_ICR-1_p08
507.078018249,564.099472609,57.021454360,Other,random,Glycine_C2H3NO,57.021464000,RC2_0018_ICR-1_p08
309.134276314,366.155732675,57.021456360,Other,random,Glycine_C2H3NO,57.021464000,RC2_0018_ICR-1_p08
519.114314567,576.135770928,57.021456360,Other,random,Glycine_C2H3NO,57.021464000,RC2_0018_ICR-1_p08
489.031035730,546.052493090,57.021457360,Other,random,Glycine_C2H3NO,57.021464000,RC2_0018_ICR-1_p08
409.041086524,466.062545885,57.021459360,Other,random,Glycine_C2H3NO,57.021464000,RC2_0018_ICR-1_p08
335.077134434,392.098594794,57.021460360,Other,random,Glycine_C2H3NO,57.021464000,RC2_0018_ICR-1_p08
353.015015567,410.036475927,57.021460360,Other,random,Glycine_C2H3NO,57.021464000,RC2_0018_ICR-1_p08
264.051484821,321.072946181,57.021461360,Other,random,Glycine_C2H3NO,57.021464000,RC2_0018_ICR-1_p08
417.046235510,474.067697871,57.021462360,Other,random,Glycine_C2H3NO,57.021464000,RC2_0018_ICR-1_p08
501.103798843,558.125261203,57.021462360,Other,random,Glycine_C2H3NO,57.021464000,RC2_0018_ICR-1_p08
253.035448766,310.056912126,57.021463360,Other,random,Glycine_C2H3NO,57.021464000,RC2_0018_ICR-1_p08
365.160373272,422.181837632,57.021464360,Other,random,Glycine_C2H3NO,57.021464000,RC2_0018_ICR-1_p08
493.062323061,550.083789422,57.021466360,Other,random,Glycine_C2H3NO,57.021464000,RC2_0018_ICR-1_p08
517.062378106,574.083845466,57.021467360,Other,random,Glycine_C2H3NO,57.021464000,RC2_0018_ICR-1_p08
443.061709222,500.083177582,57.021468360,Other,random,Glycine_C2H3NO,57.021464000,RC2_0018_ICR-1_p08
523.109357103,580.130826463,57.021469360,Other,random,Glycine_C2H3NO,57.021464000,RC2_0018_ICR-1_p08
389.014903134,446.036372495,57.021469360,Other,random,Glycine_C2H3NO,57.021464000,RC2_0018_ICR-1_p08
371.090062928,428.111533288,57.021470360,Other,random,Glycine_C2H3NO,57.021464000,RC2_0018_ICR-1_p08
307.118651648,364.140123009,57.021471360,Other,random,Glycine_C2H3NO,57.021464000,RC2_0018_ICR-1_p08
407.074960580,464.096432940,57.021472360,Other,random,Glycine_C2H3NO,57.021464000,RC2_0018_ICR-1_p08
579.135588059,636.157061420,57.021473360,Other,random,Glycine_C2H3NO,57.021464000,RC2_0018_ICR-1_p08
317.066613709,374.124444865,57.057831156,Other,random,C3H7N1,57.057840480,RC2_0018_ICR-1_p08
243.051137909,300.108970065,57.057832156,Other,random,C3H7N1,57.057840480,RC2_0018_ICR-1_p08
389.014903134,446.072735290,57.057832156,Other,random,C3H7N1,57.057840480,RC2_0018_ICR-1_p08
365.124004476,422.181837632,57.057833156,Other,random,C3H7N1,57.057840480,RC2_0018_ICR-1_p08
264.051484821,321.109318977,57.057834156,Other,random,C3H7N1,57.057840480,RC2_0018_ICR-1_p08
233.045621171,290.103455327,57.057834156,Other,random,C3H7N1,57.057840480,RC2_0018_ICR-1_p08
307.082288853,364.140123009,57.057834156,Other,random,C3H7N1,57.057840480,RC2_0018_ICR-1_p08
312.035979997,369.093814153,57.057834156,Other,random,C3H7N1,57.057840480,RC2_0018_ICR-1_p08
349.069490753,406.127325909,57.057835156,Other,random,C3H7N1,57.057840480,RC2_0018_ICR-1_p08
417.046235510,474.104071666,57.057836156,Other,random,C3H7N1,57.057840480,RC2_0018_ICR-1_p08
537.161278087,594.219116243,57.057838156,Other,random,C3H7N1,57.057840480,RC2_0018_ICR-1_p08
541.156262622,598.214100778,57.057838156,Other,random,C3H7N1,57.057840480,RC2_0018_ICR-1_p08
451.137530810,508.195368966,57.057838156,Other,random,C3H7N1,57.057840480,RC2_0018_ICR-1_p08
438.092695163,495.150534319,57.057839156,Other,random,C3H7N1,57.057840480,RC2_0018_ICR-1_p08
389.087704725,446.145545881,57.057841156,Other,random,C3H7N1,57.057840480,RC2_0018_ICR-1_p08
477.067436003,534.125277159,57.057841156,Other,random,C3H7N1,57.057840480,RC2_0018_ICR-1_p08
417.059259437,474.117101593,57.057842156,Other,random,C3H7N1,57.057840480,RC2_0018_ICR-1_p08
262.035823155,319.093665311,57.057842156,Other,random,C3H7N1,57.057840480,RC2_0018_ICR-1_p08
279.087464271,336.145306427,57.057842156,Other,random,C3H7N1,57.057840480,RC2_0018_ICR-1_p08
393.046246465,450.104088621,57.057842156,Other,random,C3H7N1,57.057840480,RC2_0018_ICR-1_p08
375.085130463,432.142973619,57.057843156,Other,random,C3H7N1,57.057840480,RC2_0018_ICR-1_p08
465.140017072,522.197861228,57.057844156,Other,random,C3H7N1,57.057840480,RC2_0018_ICR-1_p08
359.090145405,416.147990561,57.057845156,Other,random,C3H7N1,57.057840480,RC2_0018_ICR-1_p08
337.092826099,394.150673255,57.057847156,Other,random,C3H7N1,57.057840480,RC2_0018_ICR-1_p08
347.077144956,404.134993112,57.057848156,Other,random,C3H7N1,57.057840480,RC2_0018_ICR-1_p08
511.036358991,568.094207147,57.057848156,Other,random,C3H7N1,57.057840480,RC2_0018_ICR-1_p08
403.043515249,460.101363405,57.057848156,Other,random,C3H7N1,57.057840480,RC2_0018_ICR-1_p08
635.307408197,693.232702475,57.925294278,Other,random,C1H_1o1,57.925300000,RC2_0018_ICR-1_p08
559.275933733,617.201236011,57.925302278,Other,random,C1H_1o1,57.925300000,RC2_0018_ICR-1_p08
595.276046299,653.201352577,57.925306278,Other,random,C1H_1o1,57.925300000,RC2_0018_ICR-1_p08
269.131325256,327.100399288,57.969074032,Other,random,#N/A-2,57.969083230,RC2_0018_ICR-1_p08
277.071783606,335.040857638,57.969074032,Other,random,#N/A-2,57.969083230,RC2_0018_ICR-1_p08
361.087129176,419.056203208,57.969074032,Other,random,#N/A-2,57.969083230,RC2_0018_ICR-1_p08
433.077400365,491.046474397,57.969074032,Other,random,#N/A-2,57.969083230,RC2_0018_ICR-1_p08
305.103027982,363.072102014,57.969074032,Other,random,#N/A-2,57.969083230,RC2_0018_ICR-1_p08
335.149938024,393.119012056,57.969074032,Other,random,#N/A-2,57.969083230,RC2_0018_ICR-1_p08
353.173524675,411.142598707,57.969074032,Other,random,#N/A-2,57.969083230,RC2_0018_ICR-1_p08
599.125351654,657.094426686,57.969075032,Other,random,#N/A-2,57.969083230,RC2_0018_ICR-1_p08
555.236741446,613.205816478,57.969075032,Other,random,#N/A-2,57.969083230,RC2_0018_ICR-1_p08
605.260693154,663.229768186,57.969075032,Other,random,#N/A-2,57.969083230,RC2_0018_ICR-1_p08
359.162983996,417.132059028,57.969075032,Other,random,#N/A-2,57.969083230,RC2_0018_ICR-1_p08
420.093484375,478.062559407,57.969075032,Other,random,#N/A-2,57.969083230,RC2_0018_ICR-1_p08
525.124941769,583.094016801,57.969075032,Other,random,#N/A-2,57.969083230,RC2_0018_ICR-1_p08
529.244430604,587.213506636,57.969076032,Other,random,#N/A-2,57.969083230,RC2_0018_ICR-1_p08
355.204494255,413.173570287,57.969076032,Other,random,#N/A-2,57.969083230,RC2_0018_ICR-1_p08
359.171080950,417.140156982,57.969076032,Other,random,#N/A-2,57.969083230,RC2_0018_ICR-1_p08
541.135162741,599.104238773,57.969076032,Other,random,#N/A-2,57.969083230,RC2_0018_ICR-1_p08
541.208001331,599.177077363,57.969076032,Other,random,#N/A-2,57.969083230,RC2_0018_ICR-1_p08
567.244964922,625.214040954,57.969076032,Other,random,#N/A-2,57.969083230,RC2_0018_ICR-1_p08
339.064064015,397.033141047,57.969077032,Other,random,#N/A-2,57.969083230,RC2_0018_ICR-1_p08
416.134994634,474.104071666,57.969077032,Other,random,#N/A-2,57.969083230,RC2_0018_ICR-1_p08
423.093122508,481.062199540,57.969077032,Other,random,#N/A-2,57.969083230,RC2_0018_ICR-1_p08
569.114867407,627.083944439,57.969077032,Other,random,#N/A-2,57.969083230,RC2_0018_ICR-1_p08
351.194251805,409.163329837,57.969078032,Other,random,#N/A-2,57.969083230,RC2_0018_ICR-1_p08
397.113852593,455.082930625,57.969078032,Other,random,#N/A-2,57.969083230,RC2_0018_ICR-1_p08
519.223541953,577.192619985,57.969078032,Other,random,#N/A-2,57.969083230,RC2_0018_ICR-1_p08
549.226122244,607.195200276,57.969078032,Other,random,#N/A-2,57.969083230,RC2_0018_ICR-1_p08
385.186550662,443.155628693,57.969078032,Other,random,#N/A-2,57.969083230,RC2_0018_ICR-1_p08
395.183973445,453.153052477,57.969079032,Other,random,#N/A-2,57.969083230,RC2_0018_ICR-1_p08
315.144827516,373.113906548,57.969079032,Other,random,#N/A-2,57.969083230,RC2_0018_ICR-1_p08
321.097860041,379.066939073,57.969079032,Other,random,#N/A-2,57.969083230,RC2_0018_ICR-1_p08
392.135009589,450.104088621,57.969079032,Other,random,#N/A-2,57.969083230,RC2_0018_ICR-1_p08
347.162923474,405.132003506,57.969080032,Other,random,#N/A-2,57.969083230,RC2_0018_ICR-1_p08
415.124437317,473.093517349,57.969080032,Other,random,#N/A-2,57.969083230,RC2_0018_ICR-1_p08
503.192201099,561.161281131,57.969080032,Other,random,#N/A-2,57.969083230,RC2_0018_ICR-1_p08
568.240174326,626.209255358,57.969081032,Other,random,#N/A-2,57.969083230,RC2_0018_ICR-1_p08
393.191744647,451.160825679,57.969081032,Other,random,#N/A-2,57.969083230,RC2_0018_ICR-1_p08
447.124015379,505.093096410,57.969081032,Other,random,#N/A-2,57.969083230,RC2_0018_ICR-1_p08
341.160455226,399.129537258,57.969082032,Other,random,#N/A-2,57.969083230,RC2_0018_ICR-1_p08
383.170868996,441.139951028,57.969082032,Other,random,#N/A-2,57.969083230,RC2_0018_ICR-1_p08
415.097642467,473.066724499,57.969082032,Other,random,#N/A-2,57.969083230,RC2_0018_ICR-1_p08
631.130652684,689.099735716,57.969083032,Other,random,#N/A-2,57.969083230,RC2_0018_ICR-1_p08
239.056189373,297.025272405,57.969083032,Other,random,#N/A-2,57.969083230,RC2_0018_ICR-1_p08
357.061394813,415.030477845,57.969083032,Other,random,#N/A-2,57.969083230,RC2_0018_ICR-1_p08
357.110821535,415.079904567,57.969083032,Other,random,#N/A-2,57.969083230,RC2_0018_ICR-1_p08
284.077658211,342.046742243,57.969084032,Other,random,#N/A-2,57.969083230,RC2_0018_ICR-1_p08
402.132279373,460.101363405,57.969084032,Other,random,#N/A-2,57.969083230,RC2_0018_ICR-1_p08
439.197276952,497.166360984,57.969084032,Other,random,#N/A-2,57.969083230,RC2_0018_ICR-1_p08
457.280466268,515.249551299,57.969085032,Other,random,#N/A-2,57.969083230,RC2_0018_ICR-1_p08
325.071762695,383.040847727,57.969085032,Other,random,#N/A-2,57.969083230,RC2_0018_ICR-1_p08
448.088431956,506.057516987,57.969085032,Other,random,#N/A-2,57.969083230,RC2_0018_ICR-1_p08
341.079680681,399.048766712,57.969086032,Other,random,#N/A-2,57.969083230,RC2_0018_ICR-1_p08
427.088122043,485.057208075,57.969086032,Other,random,#N/A-2,57.969083230,RC2_0018_ICR-1_p08
469.244033995,527.213120027,57.969086032,Other,random,#N/A-2,57.969083230,RC2_0018_ICR-1_p08
677.209119578,735.178206610,57.969087032,Other,random,#N/A-2,57.969083230,RC2_0018_ICR-1_p08
273.040585274,331.009672306,57.969087032,Other,random,#N/A-2,57.969083230,RC2_0018_ICR-1_p08
311.077148389,369.046235421,57.969087032,Other,random,#N/A-2,57.969083230,RC2_0018_ICR-1_p08
330.061854635,388.030941667,57.969087032,Other,random,#N/A-2,57.969083230,RC2_0018_ICR-1_p08
403.139730708,461.108817740,57.969087032,Other,random,#N/A-2,57.969083230,RC2_0018_ICR-1_p08
437.173479332,495.142567364,57.969088032,Other,random,#N/A-2,57.969083230,RC2_0018_ICR-1_p08
513.270507428,571.239595460,57.969088032,Other,random,#N/A-2,57.969083230,RC2_0018_ICR-1_p08
401.087688247,459.056776279,57.969088032,Other,random,#N/A-2,57.969083230,RC2_0018_ICR-1_p08
405.118884579,463.087972611,57.969088032,Other,random,#N/A-2,57.969083230,RC2_0018_ICR-1_p08
333.074561695,391.043650726,57.969089032,Other,random,#N/A-2,57.969083230,RC2_0018_ICR-1_p08
357.155348285,415.124437317,57.969089032,Other,random,#N/A-2,57.969083230,RC2_0018_ICR-1_p08
381.118962534,439.088051566,57.969089032,Other,random,#N/A-2,57.969083230,RC2_0018_ICR-1_p08
385.105673116,443.074762148,57.969089032,Other,random,#N/A-2,57.969083230,RC2_0018_ICR-1_p08
417.118983101,475.088072133,57.969089032,Other,random,#N/A-2,57.969083230,RC2_0018_ICR-1_p08
541.156262622,599.125351654,57.969089032,Other,random,#N/A-2,57.969083230,RC2_0018_ICR-1_p08
519.187212157,577.156302189,57.969090032,Other,random,#N/A-2,57.969083230,RC2_0018_ICR-1_p08
531.259936271,589.229026303,57.969090032,Other,random,#N/A-2,57.969083230,RC2_0018_ICR-1_p08
469.199672244,527.168762276,57.969090032,Other,random,#N/A-2,57.969083230,RC2_0018_ICR-1_p08
379.103195869,437.072285901,57.969090032,Other,random,#N/A-2,57.969083230,RC2_0018_ICR-1_p08
579.208368650,637.177458682,57.969090032,Other,random,#N/A-2,57.969083230,RC2_0018_ICR-1_p08
331.095213825,389.064304856,57.969091032,Other,random,#N/A-2,57.969083230,RC2_0018_ICR-1_p08
389.160451316,447.129542348,57.969091032,Other,random,#N/A-2,57.969083230,RC2_0018_ICR-1_p08
331.103332779,389.072423811,57.969091032,Other,random,#N/A-2,57.969083230,RC2_0018_ICR-1_p08
365.173435198,423.142526230,57.969091032,Other,random,#N/A-2,57.969083230,RC2_0018_ICR-1_p08
369.082494217,427.051585249,57.969091032,Other,random,#N/A-2,57.969083230,RC2_0018_ICR-1_p08
521.166497028,579.135588059,57.969091032,Other,random,#N/A-2,57.969083230,RC2_0018_ICR-1_p08
751.209380465,809.178471496,57.969091032,Other,random,#N/A-2,57.969083230,RC2_0018_ICR-1_p08
615.294543733,673.263635764,57.969092032,Other,random,#N/A-2,57.969083230,RC2_0018_ICR-1_p08
347.107917783,405.077009815,57.969092032,Other,random,#N/A-2,57.969083230,RC2_0018_ICR-1_p08
357.082606694,415.051698726,57.969092032,Other,random,#N/A-2,57.969083230,RC2_0018_ICR-1_p08
431.098258494,489.067350525,57.969092032,Other,random,#N/A-2,57.969083230,RC2_0018_ICR-1_p08
451.160825679,509.129917711,57.969092032,Other,random,#N/A-2,57.969083230,RC2_0018_ICR-1_p08
469.150439521,527.119531553,57.969092032,Other,random,#N/A-2,57.969083230,RC2_0018_ICR-1_p08
431.165428116,489.134521148,57.969093032,Other,random,#N/A-2,57.969083230,RC2_0018_ICR-1_p08
351.181172879,409.150265910,57.969093032,Other,random,#N/A-2,57.969083230,RC2_0018_ICR-1_p08
313.048365305,371.053836132,58.005470827,Other,random,C2H2O2,58.005480000,RC2_0018_ICR-1_p08
313.129155850,371.134626678,58.005470827,Other,random,C2H2O2,58.005480000,RC2_0018_ICR-1_p08
387.066365091,445.071835918,58.005470827,Other,random,C2H2O2,58.005480000,RC2_0018_ICR-1_p08
397.041098002,455.046568829,58.005470827,Other,random,C2H2O2,58.005480000,RC2_0018_ICR-1_p08
471.215339910,529.220810737,58.005470827,Other,random,C2H2O2,58.005480000,RC2_0018_ICR-1_p08
571.231607504,629.237078332,58.005470827,Other,random,C2H2O2,58.005480000,RC2_0018_ICR-1_p08
649.214222997,707.219693825,58.005470827,Other,random,C2H2O2,58.005480000,RC2_0018_ICR-1_p08
773.303362227,831.308834054,58.005471827,Other,random,C2H2O2,58.005480000,RC2_0018_ICR-1_p08
444.057237624,502.062709451,58.005471827,Other,random,C2H2O2,58.005480000,RC2_0018_ICR-1_p08
631.094263888,689.099735716,58.005471827,Other,random,C2H2O2,58.005480000,RC2_0018_ICR-1_p08
365.087650681,423.093122508,58.005471827,Other,random,C2H2O2,58.005480000,RC2_0018_ICR-1_p08
319.045898580,377.051371407,58.005472827,Other,random,C2H2O2,58.005480000,RC2_0018_ICR-1_p08
397.178487229,455.183960056,58.005472827,Other,random,C2H2O2,58.005480000,RC2_0018_ICR-1_p08
455.228522806,513.233995633,58.005472827,Other,random,C2H2O2,58.005480000,RC2_0018_ICR-1_p08
349.142133344,407.147606172,58.005472827,Other,random,C2H2O2,58.005480000,RC2_0018_ICR-1_p08
477.262278907,535.267752734,58.005473827,Other,random,C2H2O2,58.005480000,RC2_0018_ICR-1_p08
499.291127036,557.296600863,58.005473827,Other,random,C2H2O2,58.005480000,RC2_0018_ICR-1_p08
633.219121940,691.224595767,58.005473827,Other,random,C2H2O2,58.005480000,RC2_0018_ICR-1_p08
443.183969534,501.189443361,58.005473827,Other,random,C2H2O2,58.005480000,RC2_0018_ICR-1_p08
315.181230311,373.186705138,58.005474827,Other,random,C2H2O2,58.005480000,RC2_0018_ICR-1_p08
368.111572677,426.117047504,58.005474827,Other,random,C2H2O2,58.005480000,RC2_0018_ICR-1_p08
327.072060447,385.077536275,58.005475827,Other,random,C2H2O2,58.005480000,RC2_0018_ICR-1_p08
363.085145941,421.090621768,58.005475827,Other,random,C2H2O2,58.005480000,RC2_0018_ICR-1_p08
413.173570287,471.179046114,58.005475827,Other,random,C2H2O2,58.005480000,RC2_0018_ICR-1_p08
609.247315737,667.252791564,58.005475827,Other,random,C2H2O2,58.005480000,RC2_0018_ICR-1_p08
395.183973445,453.189450272,58.005476827,Other,random,C2H2O2,58.005480000,RC2_0018_ICR-1_p08
401.064379378,459.069856206,58.005476827,Other,random,C2H2O2,58.005480000,RC2_0018_ICR-1_p08
457.098694290,515.104171117,58.005476827,Other,random,C2H2O2,58.005480000,RC2_0018_ICR-1_p08
507.236636357,565.242113184,58.005476827,Other,random,C2H2O2,58.005480000,RC2_0018_ICR-1_p08
529.192700895,587.198177722,58.005476827,Other,random,C2H2O2,58.005480000,RC2_0018_ICR-1_p08
591.281122763,649.286599590,58.005476827,Other,random,C2H2O2,58.005480000,RC2_0018_ICR-1_p08
359.149837070,417.155313897,58.005476827,Other,random,C2H2O2,58.005480000,RC2_0018_ICR-1_p08
409.142363955,467.147840782,58.005476827,Other,random,C2H2O2,58.005480000,RC2_0018_ICR-1_p08
471.179046114,529.184523941,58.005477827,Other,random,C2H2O2,58.005480000,RC2_0018_ICR-1_p08
573.197959447,631.203438275,58.005478827,Other,random,C2H2O2,58.005480000,RC2_0018_ICR-1_p08
343.030449711,401.035929538,58.005479827,Other,random,C2H2O2,58.005480000,RC2_0018_ICR-1_p08
417.113416132,475.118895960,58.005479827,Other,random,C2H2O2,58.005480000,RC2_0018_ICR-1_p08
331.082224898,389.087704725,58.005479827,Other,random,C2H2O2,58.005480000,RC2_0018_ICR-1_p08
405.082492784,463.087972611,58.005479827,Other,random,C2H2O2,58.005480000,RC2_0018_ICR-1_p08
417.037434560,475.042914387,58.005479827,Other,random,C2H2O2,58.005480000,RC2_0018_ICR-1_p08
453.204752186,511.210232013,58.005479827,Other,random,C2H2O2,58.005480000,RC2_0018_ICR-1_p08
336.108756633,394.114237460,58.005480827,Other,random,C2H2O2,58.005480000,RC2_0018_ICR-1_p08
405.191569171,463.197049998,58.005480827,Other,random,C2H2O2,58.005480000,RC2_0018_ICR-1_p08
417.059259437,475.064740264,58.005480827,Other,random,C2H2O2,58.005480000,RC2_0018_ICR-1_p08
455.025692946,513.031173774,58.005480827,Other,random,C2H2O2,58.005480000,RC2_0018_ICR-1_p08
352.030995100,410.036475927,58.005480827,Other,random,C2H2O2,58.005480000,RC2_0018_ICR-1_p08
482.239706918,540.245187745,58.005480827,Other,random,C2H2O2,58.005480000,RC2_0018_ICR-1_p08
355.168088460,413.173570287,58.005481827,Other,random,C2H2O2,58.005480000,RC2_0018_ICR-1_p08
416.134994634,474.140476461,58.005481827,Other,random,C2H2O2,58.005480000,RC2_0018_ICR-1_p08
441.118922146,499.124403973,58.005481827,Other,random,C2H2O2,58.005480000,RC2_0018_ICR-1_p08
733.235707533,791.241189360,58.005481827,Other,random,C2H2O2,58.005480000,RC2_0018_ICR-1_p08
503.192201099,561.197682927,58.005481827,Other,random,C2H2O2,58.005480000,RC2_0018_ICR-1_p08
361.069333276,419.074816103,58.005482827,Other,random,C2H2O2,58.005480000,RC2_0018_ICR-1_p08
607.167062434,665.172545262,58.005482827,Other,random,C2H2O2,58.005480000,RC2_0018_ICR-1_p08
325.048337827,383.053821654,58.005483827,Other,random,C2H2O2,58.005480000,RC2_0018_ICR-1_p08
369.168421734,427.173905561,58.005483827,Other,random,C2H2O2,58.005480000,RC2_0018_ICR-1_p08
401.123941043,459.129424871,58.005483827,Other,random,C2H2O2,58.005480000,RC2_0018_ICR-1_p08
497.166360984,555.171844811,58.005483827,Other,random,C2H2O2,58.005480000,RC2_0018_ICR-1_p08
523.181939694,581.187423522,58.005483827,Other,random,C2H2O2,58.005480000,RC2_0018_ICR-1_p08
558.182983879,616.188467706,58.005483827,Other,random,C2H2O2,58.005480000,RC2_0018_ICR-1_p08
233.045621171,291.051104998,58.005483827,Other,random,C2H2O2,58.005480000,RC2_0018_ICR-1_p08
365.115983521,423.121467348,58.005483827,Other,random,C2H2O2,58.005480000,RC2_0018_ICR-1_p08
437.173479332,495.178963159,58.005483827,Other,random,C2H2O2,58.005480000,RC2_0018_ICR-1_p08
657.196139114,715.201622941,58.005483827,Other,random,C2H2O2,58.005480000,RC2_0018_ICR-1_p08
431.155765170,489.161249997,58.005484827,Other,random,C2H2O2,58.005480000,RC2_0018_ICR-1_p08
529.265234487,587.270719314,58.005484827,Other,random,C2H2O2,58.005480000,RC2_0018_ICR-1_p08
551.104454682,609.109939509,58.005484827,Other,random,C2H2O2,58.005480000,RC2_0018_ICR-1_p08
552.209033471,610.214519298,58.005485827,Other,random,C2H2O2,58.005480000,RC2_0018_ICR-1_p08
349.105776549,407.111262376,58.005485827,Other,random,C2H2O2,58.005480000,RC2_0018_ICR-1_p08
523.145683898,581.151169725,58.005485827,Other,random,C2H2O2,58.005480000,RC2_0018_ICR-1_p08
687.230011229,745.235497057,58.005485827,Other,random,C2H2O2,58.005480000,RC2_0018_ICR-1_p08
348.145192950,406.150679777,58.005486827,Other,random,C2H2O2,58.005480000,RC2_0018_ICR-1_p08
409.041086524,467.046573351,58.005486827,Other,random,C2H2O2,58.005480000,RC2_0018_ICR-1_p08
339.100309811,397.105796638,58.005486827,Other,random,C2H2O2,58.005480000,RC2_0018_ICR-1_p08
447.142632274,505.148119101,58.005486827,Other,random,C2H2O2,58.005480000,RC2_0018_ICR-1_p08
583.239792981,641.245279808,58.005486827,Other,random,C2H2O2,58.005480000,RC2_0018_ICR-1_p08
383.025376814,441.030864641,58.005487827,Other,random,C2H2O2,58.005480000,RC2_0018_ICR-1_p08
465.176451867,523.181939694,58.005487827,Other,random,C2H2O2,58.005480000,RC2_0018_ICR-1_p08
671.234871172,729.240358999,58.005487827,Other,random,C2H2O2,58.005480000,RC2_0018_ICR-1_p08
305.139378778,363.144866605,58.005487827,Other,random,C2H2O2,58.005480000,RC2_0018_ICR-1_p08
367.139622142,425.145109969,58.005487827,Other,random,C2H2O2,58.005480000,RC2_0018_ICR-1_p08
403.175981505,461.181469332,58.005487827,Other,random,C2H2O2,58.005480000,RC2_0018_ICR-1_p08
401.051288452,459.056776279,58.005487827,Other,random,C2H2O2,58.005480000,RC2_0018_ICR-1_p08
457.186682795,515.192170622,58.005487827,Other,random,C2H2O2,58.005480000,RC2_0018_ICR-1_p08
515.046459441,573.051948268,58.005488827,Other,random,C2H2O2,58.005480000,RC2_0018_ICR-1_p08
551.278285705,609.283774532,58.005488827,Other,random,C2H2O2,58.005480000,RC2_0018_ICR-1_p08
322.056681650,380.062170477,58.005488827,Other,random,C2H2O2,58.005480000,RC2_0018_ICR-1_p08
401.108736129,459.114224956,58.005488827,Other,random,C2H2O2,58.005480000,RC2_0018_ICR-1_p08
459.160313697,517.165802524,58.005488827,Other,random,C2H2O2,58.005480000,RC2_0018_ICR-1_p08
509.093628915,567.099117742,58.005488827,Other,random,C2H2O2,58.005480000,RC2_0018_ICR-1_p08
488.120000853,546.125489680,58.005488827,Other,random,C2H2O2,58.005480000,RC2_0018_ICR-1_p08
520.146259764,578.151748592,58.005488827,Other,random,C2H2O2,58.005480000,RC2_0018_ICR-1_p08
709.235232491,767.240722318,58.005489827,Other,random,C2H2O2,58.005480000,RC2_0018_ICR-1_p08
355.058806074,413.064295901,58.005489827,Other,random,C2H2O2,58.005480000,RC2_0018_ICR-1_p08
357.155348285,415.160838112,58.005489827,Other,random,C2H2O2,58.005480000,RC2_0018_ICR-1_p08
435.056833234,493.062323061,58.005489827,Other,random,C2H2O2,58.005480000,RC2_0018_ICR-1_p08
378.119259402,436.124749229,58.005489827,Other,random,C2H2O2,58.005480000,RC2_0018_ICR-1_p08
501.067369048,559.072858875,58.005489827,Other,random,C2H2O2,58.005480000,RC2_0018_ICR-1_p08
357.053440858,415.070153622,58.016712764,Other,random,C1H2N2O1,58.016713000,RC2_0018_ICR-1_p08
447.178854070,505.220708693,58.041854623,Other,random,C3H6O1,58.041864230,RC2_0018_ICR-1_p08
350.088024025,408.129878648,58.041854623,Other,random,C3H6O1,58.041864230,RC2_0018_ICR-1_p08
313.165601645,371.207456268,58.041854623,Other,random,C3H6O1,58.041864230,RC2_0018_ICR-1_p08
385.092747189,443.134601812,58.041854623,Other,random,C3H6O1,58.041864230,RC2_0018_ICR-1_p08
387.092992941,445.134847564,58.041854623,Other,random,C3H6O1,58.041864230,RC2_0018_ICR-1_p08
418.150735299,476.192589922,58.041854623,Other,random,C3H6O1,58.041864230,RC2_0018_ICR-1_p08
465.226000589,523.267855211,58.041854623,Other,random,C3H6O1,58.041864230,RC2_0018_ICR-1_p08
697.126529580,755.168384203,58.041854623,Other,random,C3H6O1,58.041864230,RC2_0018_ICR-1_p08
385.059536376,443.101391998,58.041855623,Other,random,C3H6O1,58.041864230,RC2_0018_ICR-1_p08
389.054478912,447.096334534,58.041855623,Other,random,C3H6O1,58.041864230,RC2_0018_ICR-1_p08
427.051585249,485.093440871,58.041855623,Other,random,C3H6O1,58.041864230,RC2_0018_ICR-1_p08
437.121868622,495.163724245,58.041855623,Other,random,C3H6O1,58.041864230,RC2_0018_ICR-1_p08
443.264850079,501.306705702,58.041855623,Other,random,C3H6O1,58.041864230,RC2_0018_ICR-1_p08
615.221780142,673.263635764,58.041855623,Other,random,C3H6O1,58.041864230,RC2_0018_ICR-1_p08
379.066939073,437.108794696,58.041855623,Other,random,C3H6O1,58.041864230,RC2_0018_ICR-1_p08
469.113834727,527.155691349,58.041856623,Other,random,C3H6O1,58.041864230,RC2_0018_ICR-1_p08
473.194808779,531.236665402,58.041856623,Other,random,C3H6O1,58.041864230,RC2_0018_ICR-1_p08
641.136343420,699.178200043,58.041856623,Other,random,C3H6O1,58.041864230,RC2_0018_ICR-1_p08
428.127695198,486.169551820,58.041856623,Other,random,C3H6O1,58.041864230,RC2_0018_ICR-1_p08
501.088616928,559.130473551,58.041856623,Other,random,C3H6O1,58.041864230,RC2_0018_ICR-1_p08
403.103147914,461.145004537,58.041856623,Other,random,C3H6O1,58.041864230,RC2_0018_ICR-1_p08
516.099657519,574.141514142,58.041856623,Other,random,C3H6O1,58.041864230,RC2_0018_ICR-1_p08
527.096231684,585.138088306,58.041856623,Other,random,C3H6O1,58.041864230,RC2_0018_ICR-1_p08
371.080223983,429.122081606,58.041857623,Other,random,C3H6O1,58.041864230,RC2_0018_ICR-1_p08
445.041127091,503.082984714,58.041857623,Other,random,C3H6O1,58.041864230,RC2_0018_ICR-1_p08
451.124426884,509.166284506,58.041857623,Other,random,C3H6O1,58.041864230,RC2_0018_ICR-1_p08
536.141008824,594.182866446,58.041857623,Other,random,C3H6O1,58.041864230,RC2_0018_ICR-1_p08
478.099151201,536.141008824,58.041857623,Other,random,C3H6O1,58.041864230,RC2_0018_ICR-1_p08
491.119414986,549.161272609,58.041857623,Other,random,C3H6O1,58.041864230,RC2_0018_ICR-1_p08
437.145089492,495.186948114,58.041858623,Other,random,C3H6O1,58.041864230,RC2_0018_ICR-1_p08
455.119437419,513.161296042,58.041858623,Other,random,C3H6O1,58.041864230,RC2_0018_ICR-1_p08
519.259737750,577.301596372,58.041858623,Other,random,C3H6O1,58.041864230,RC2_0018_ICR-1_p08
373.113906548,431.155765170,58.041858623,Other,random,C3H6O1,58.041864230,RC2_0018_ICR-1_p08
575.213537114,633.255395736,58.041858623,Other,random,C3H6O1,58.041864230,RC2_0018_ICR-1_p08
447.202157939,505.244017562,58.041859623,Other,random,C3H6O1,58.041864230,RC2_0018_ICR-1_p08
423.121467348,481.163326971,58.041859623,Other,random,C3H6O1,58.041864230,RC2_0018_ICR-1_p08
456.049756188,514.091615811,58.041859623,Other,random,C3H6O1,58.041864230,RC2_0018_ICR-1_p08
478.062559407,536.104419030,58.041859623,Other,random,C3H6O1,58.041864230,RC2_0018_ICR-1_p08
377.173350721,435.215211344,58.041860623,Other,random,C3H6O1,58.041864230,RC2_0018_ICR-1_p08
399.108337377,457.150198000,58.041860623,Other,random,C3H6O1,58.041864230,RC2_0018_ICR-1_p08
429.077029859,487.118890482,58.041860623,Other,random,C3H6O1,58.041864230,RC2_0018_ICR-1_p08
463.173805128,521.215665751,58.041860623,Other,random,C3H6O1,58.041864230,RC2_0018_ICR-1_p08
273.080165051,331.122026674,58.041861623,Other,random,C3H6O1,58.041864230,RC2_0018_ICR-1_p08
417.212962573,475.254824195,58.041861623,Other,random,C3H6O1,58.041864230,RC2_0018_ICR-1_p08
382.049436302,440.091298925,58.041862623,Other,random,C3H6O1,58.041864230,RC2_0018_ICR-1_p08
375.085130463,433.126993086,58.041862623,Other,random,C3H6O1,58.041864230,RC2_0018_ICR-1_p08
509.057255119,567.099117742,58.041862623,Other,random,C3H6O1,58.041864230,RC2_0018_ICR-1_p08
558.146605083,616.188467706,58.041862623,Other,random,C3H6O1,58.041864230,RC2_0018_ICR-1_p08
465.212867663,523.254731285,58.041863623,Other,random,C3H6O1,58.041864230,RC2_0018_ICR-1_p08
535.210688055,593.252551678,58.041863623,Other,random,C3H6O1,58.041864230,RC2_0018_ICR-1_p08
633.146514348,691.188377971,58.041863623,Other,random,C3H6O1,58.041864230,RC2_0018_ICR-1_p08
358.106126939,416.147990561,58.041863623,Other,random,C3H6O1,58.041864230,RC2_0018_ICR-1_p08
445.062284972,503.104148595,58.041863623,Other,random,C3H6O1,58.041864230,RC2_0018_ICR-1_p08
567.200309173,625.242172796,58.041863623,Other,random,C3H6O1,58.041864230,RC2_0018_ICR-1_p08
403.097628945,461.139493568,58.041864623,Other,random,C3H6O1,58.041864230,RC2_0018_ICR-1_p08
613.141272841,671.183137463,58.041864623,Other,random,C3H6O1,58.041864230,RC2_0018_ICR-1_p08
445.199674200,503.241538822,58.041864623,Other,random,C3H6O1,58.041864230,RC2_0018_ICR-1_p08
319.154999966,377.196865589,58.041865623,Other,random,C3H6O1,58.041864230,RC2_0018_ICR-1_p08
449.231096530,507.272962153,58.041865623,Other,random,C3H6O1,58.041864230,RC2_0018_ICR-1_p08
451.160825679,509.202691302,58.041865623,Other,random,C3H6O1,58.041864230,RC2_0018_ICR-1_p08
239.056189373,297.098054995,58.041865623,Other,random,C3H6O1,58.041864230,RC2_0018_ICR-1_p08
413.217829038,471.259694660,58.041865623,Other,random,C3H6O1,58.041864230,RC2_0018_ICR-1_p08
475.118895960,533.160761582,58.041865623,Other,random,C3H6O1,58.041864230,RC2_0018_ICR-1_p08
721.162753421,779.204620043,58.041866623,Other,random,C3H6O1,58.041864230,RC2_0018_ICR-1_p08
401.064379378,459.106246001,58.041866623,Other,random,C3H6O1,58.041864230,RC2_0018_ICR-1_p08
481.135085130,539.176951752,58.041866623,Other,random,C3H6O1,58.041864230,RC2_0018_ICR-1_p08
715.224741811,773.266608434,58.041866623,Other,random,C3H6O1,58.041864230,RC2_0018_ICR-1_p08
375.121390259,433.163257882,58.041867623,Other,random,C3H6O1,58.041864230,RC2_0018_ICR-1_p08
457.113929204,515.155796827,58.041867623,Other,random,C3H6O1,58.041864230,RC2_0018_ICR-1_p08
623.190771331,681.232638953,58.041867623,Other,random,C3H6O1,58.041864230,RC2_0018_ICR-1_p08
369.168421734,427.210289356,58.041867623,Other,random,C3H6O1,58.041864230,RC2_0018_ICR-1_p08
459.077924160,517.119791783,58.041867623,Other,random,C3H6O1,58.041864230,RC2_0018_ICR-1_p08
365.160373272,423.202240894,58.041867623,Other,random,C3H6O1,58.041864230,RC2_0018_ICR-1_p08
387.157806577,445.199674200,58.041867623,Other,random,C3H6O1,58.041864230,RC2_0018_ICR-1_p08
353.087646158,411.129514781,58.041868623,Other,random,C3H6O1,58.041864230,RC2_0018_ICR-1_p08
395.098147927,453.140016550,58.041868623,Other,random,C3H6O1,58.041864230,RC2_0018_ICR-1_p08
430.041572436,488.083442058,58.041869623,Other,random,C3H6O1,58.041864230,RC2_0018_ICR-1_p08
643.203539796,701.245409419,58.041869623,Other,random,C3H6O1,58.041864230,RC2_0018_ICR-1_p08
529.171636014,587.213506636,58.041870623,Other,random,C3H6O1,58.041864230,RC2_0018_ICR-1_p08
278.103435805,336.145306427,58.041870623,Other,random,C3H6O1,58.041864230,RC2_0018_ICR-1_p08
309.134276314,367.176146937,58.041870623,Other,random,C3H6O1,58.041864230,RC2_0018_ICR-1_p08
357.038033945,415.079904567,58.041870623,Other,random,C3H6O1,58.041864230,RC2_0018_ICR-1_p08
431.082920580,489.124791202,58.041870623,Other,random,C3H6O1,58.041864230,RC2_0018_ICR-1_p08
461.231004053,519.272874676,58.041870623,Other,random,C3H6O1,58.041864230,RC2_0018_ICR-1_p08
579.135588059,637.177458682,58.041870623,Other,random,C3H6O1,58.041864230,RC2_0018_ICR-1_p08
371.071500032,429.113371655,58.041871623,Other,random,C3H6O1,58.041864230,RC2_0018_ICR-1_p08
429.095608755,487.137480377,58.041871623,Other,random,C3H6O1,58.041864230,RC2_0018_ICR-1_p08
336.072365837,394.114237460,58.041871623,Other,random,C3H6O1,58.041864230,RC2_0018_ICR-1_p08
337.178558617,395.220430240,58.041871623,Other,random,C3H6O1,58.041864230,RC2_0018_ICR-1_p08
521.166497028,579.208368650,58.041871623,Other,random,C3H6O1,58.041864230,RC2_0018_ICR-1_p08
545.078640566,603.120512189,58.041871623,Other,random,C3H6O1,58.041864230,RC2_0018_ICR-1_p08
519.150747362,577.192619985,58.041872623,Other,random,C3H6O1,58.041864230,RC2_0018_ICR-1_p08
561.088644540,619.130517162,58.041872623,Other,random,C3H6O1,58.041864230,RC2_0018_ICR-1_p08
577.265535575,635.307408197,58.041872623,Other,random,C3H6O1,58.041864230,RC2_0018_ICR-1_p08
633.182723145,691.224595767,58.041872623,Other,random,C3H6O1,58.041864230,RC2_0018_ICR-1_p08
377.124061998,435.165934621,58.041872623,Other,random,C3H6O1,58.041864230,RC2_0018_ICR-1_p08
368.111572677,426.153445299,58.041872623,Other,random,C3H6O1,58.041864230,RC2_0018_ICR-1_p08
379.030413278,437.072285901,58.041872623,Other,random,C3H6O1,58.041864230,RC2_0018_ICR-1_p08
429.067400914,487.109273536,58.041872623,Other,random,C3H6O1,58.041864230,RC2_0018_ICR-1_p08
547.072917352,605.114789975,58.041872623,Other,random,C3H6O1,58.041864230,RC2_0018_ICR-1_p08
365.137149402,423.179023025,58.041873623,Other,random,C3H6O1,58.041864230,RC2_0018_ICR-1_p08
421.090621768,479.132495391,58.041873623,Other,random,C3H6O1,58.041864230,RC2_0018_ICR-1_p08
453.116232684,511.181897172,58.065664489,Other,random,C3H8N1,58.065674000,RC2_0018_ICR-1_p08
615.221780142,673.287452630,58.065672489,Other,random,C3H8N1,58.065674000,RC2_0018_ICR-1_p08
589.205801433,647.271479922,58.065678489,Other,random,C3H8N1,58.065674000,RC2_0018_ICR-1_p08
400.119187693,459.132487853,59.013300160,Other,random,acetylation (-H),59.013304390,RC2_0018_ICR-1_p08
400.119187693,459.132487853,59.013300160,Other,random,CH3COO-,59.013305000,RC2_0018_ICR-1_p08
377.154817825,436.174171951,59.019354126,Other,random,C2H5N1O_1S1,59.019356000,RC2_0018_ICR-1_p08
491.205161504,550.229696601,59.024535097,Other,random,urea addition (-H),59.024537770,RC2_0018_ICR-1_p08
475.137479855,534.162019952,59.024540097,Other,random,urea addition (-H),59.024537770,RC2_0018_ICR-1_p08
465.103702276,524.140806303,59.037104026,Other,random,C2H5N1O1,59.037114000,RC2_0018_ICR-1_p08
338.051698707,397.088802734,59.037104026,Other,random,C2H5N1O1,59.037114000,RC2_0018_ICR-1_p08
449.035877628,508.072982654,59.037105026,Other,random,C2H5N1O1,59.037114000,RC2_0018_ICR-1_p08
431.134726289,490.171835315,59.037109026,Other,random,C2H5N1O1,59.037114000,RC2_0018_ICR-1_p08
331.045794103,390.082904129,59.037110026,Other,random,C2H5N1O1,59.037114000,RC2_0018_ICR-1_p08
313.048365305,372.085476331,59.037111026,Other,random,C2H5N1O1,59.037114000,RC2_0018_ICR-1_p08
421.077519842,480.114630868,59.037111026,Other,random,C2H5N1O1,59.037114000,RC2_0018_ICR-1_p08
383.040847727,442.077958753,59.037111026,Other,random,C2H5N1O1,59.037114000,RC2_0018_ICR-1_p08
427.066888163,486.104004189,59.037116026,Other,random,C2H5N1O1,59.037114000,RC2_0018_ICR-1_p08
237.076959502,296.114075528,59.037116026,Other,random,C2H5N1O1,59.037114000,RC2_0018_ICR-1_p08
387.048711190,446.085828217,59.037117026,Other,random,C2H5N1O1,59.037114000,RC2_0018_ICR-1_p08
487.072988740,546.110105766,59.037117026,Other,random,C2H5N1O1,59.037114000,RC2_0018_ICR-1_p08
323.004471320,382.041589346,59.037118026,Other,random,C2H5N1O1,59.037114000,RC2_0018_ICR-1_p08
507.078018249,566.115138275,59.037120026,Other,random,C2H5N1O1,59.037114000,RC2_0018_ICR-1_p08
559.109416669,618.146536695,59.037120026,Other,random,C2H5N1O1,59.037114000,RC2_0018_ICR-1_p08
353.043211408,412.080331434,59.037120026,Other,random,C2H5N1O1,59.037114000,RC2_0018_ICR-1_p08
333.061472768,392.098594794,59.037122026,Other,random,C2H5N1O1,59.037114000,RC2_0018_ICR-1_p08
315.087322839,374.124444865,59.037122026,Other,random,C2H5N1O1,59.037114000,RC2_0018_ICR-1_p08
262.035823155,321.072946181,59.037123026,Other,random,C2H5N1O1,59.037114000,RC2_0018_ICR-1_p08
443.098265016,503.082984714,59.984719698,Other,random,CO3,59.984729030,RC2_0018_ICR-1_p08
513.262247474,573.246967172,59.984719698,Other,random,CO3,59.984729030,RC2_0018_ICR-1_p08
549.234280199,609.218999896,59.984719698,Other,random,CO3,59.984729030,RC2_0018_ICR-1_p08
391.139706186,451.124426884,59.984720698,Other,random,CO3,59.984729030,RC2_0018_ICR-1_p08
411.157957621,471.142678318,59.984720698,Other,random,CO3,59.984729030,RC2_0018_ICR-1_p08
413.173570287,473.158290984,59.984720698,Other,random,CO3,59.984729030,RC2_0018_ICR-1_p08
566.224534660,626.209255358,59.984720698,Other,random,CO3,59.984729030,RC2_0018_ICR-1_p08
457.077656408,517.062378106,59.984721698,Other,random,CO3,59.984729030,RC2_0018_ICR-1_p08
699.229866753,759.214588450,59.984721698,Other,random,CO3,59.984729030,RC2_0018_ICR-1_p08
327.063989493,387.048711190,59.984721698,Other,random,CO3,59.984729030,RC2_0018_ICR-1_p08
455.147708260,515.132429958,59.984721698,Other,random,CO3,59.984729030,RC2_0018_ICR-1_p08
411.129514781,471.114236478,59.984721698,Other,random,CO3,59.984729030,RC2_0018_ICR-1_p08
459.160313697,519.145035394,59.984721698,Other,random,CO3,59.984729030,RC2_0018_ICR-1_p08
547.218552533,607.203274231,59.984721698,Other,random,CO3,59.984729030,RC2_0018_ICR-1_p08
592.203737575,652.188460273,59.984722698,Other,random,CO3,59.984729030,RC2_0018_ICR-1_p08
413.100724696,473.085447394,59.984722698,Other,random,CO3,59.984729030,RC2_0018_ICR-1_p08
235.024899041,295.009621739,59.984722698,Other,random,CO3,59.984729030,RC2_0018_ICR-1_p08
331.085622879,391.070345576,59.984722698,Other,random,CO3,59.984729030,RC2_0018_ICR-1_p08
373.069405798,433.054128496,59.984722698,Other,random,CO3,59.984729030,RC2_0018_ICR-1_p08
521.239067619,581.223791317,59.984723698,Other,random,CO3,59.984729030,RC2_0018_ICR-1_p08
373.087070699,433.071794396,59.984723698,Other,random,CO3,59.984729030,RC2_0018_ICR-1_p08
313.048365305,373.033090002,59.984724698,Other,random,CO3,59.984729030,RC2_0018_ICR-1_p08
329.152287750,389.137012448,59.984724698,Other,random,CO3,59.984729030,RC2_0018_ICR-1_p08
413.064295901,473.049020599,59.984724698,Other,random,CO3,59.984729030,RC2_0018_ICR-1_p08
383.126616245,443.111341942,59.984725698,Other,random,CO3,59.984729030,RC2_0018_ICR-1_p08
425.137064014,485.121789712,59.984725698,Other,random,CO3,59.984729030,RC2_0018_ICR-1_p08
307.118651648,367.103377346,59.984725698,Other,random,CO3,59.984729030,RC2_0018_ICR-1_p08
429.059377959,489.044103656,59.984725698,Other,random,CO3,59.984729030,RC2_0018_ICR-1_p08
371.061839087,431.046564784,59.984725698,Other,random,CO3,59.984729030,RC2_0018_ICR-1_p08
675.229968707,735.214694405,59.984725698,Other,random,CO3,59.984729030,RC2_0018_ICR-1_p08
339.072047970,399.056774667,59.984726698,Other,random,CO3,59.984729030,RC2_0018_ICR-1_p08
417.046235510,477.030962208,59.984726698,Other,random,CO3,59.984729030,RC2_0018_ICR-1_p08
443.119421897,503.104148595,59.984726698,Other,random,CO3,59.984729030,RC2_0018_ICR-1_p08
383.090035451,443.074762148,59.984726698,Other,random,CO3,59.984729030,RC2_0018_ICR-1_p08
663.229768186,723.214494884,59.984726698,Other,random,CO3,59.984729030,RC2_0018_ICR-1_p08
473.166421939,533.151149636,59.984727698,Other,random,CO3,59.984729030,RC2_0018_ICR-1_p08
347.090232882,407.074960580,59.984727698,Other,random,CO3,59.984729030,RC2_0018_ICR-1_p08
285.170673065,345.155401762,59.984728698,Other,random,CO3,59.984729030,RC2_0018_ICR-1_p08
345.074575217,405.059303914,59.984728698,Other,random,CO3,59.984729030,RC2_0018_ICR-1_p08
239.056189373,299.040919070,59.984729698,Other,random,CO3,59.984729030,RC2_0018_ICR-1_p08
327.072060447,387.056790145,59.984729698,Other,random,CO3,59.984729030,RC2_0018_ICR-1_p08
775.282478098,835.267208796,59.984730698,Other,random,CO3,59.984729030,RC2_0018_ICR-1_p08
257.139457688,317.124188386,59.984730698,Other,random,CO3,59.984729030,RC2_0018_ICR-1_p08
303.087371317,363.072102014,59.984730698,Other,random,CO3,59.984729030,RC2_0018_ICR-1_p08
317.139331301,377.124061998,59.984730698,Other,random,CO3,59.984729030,RC2_0018_ICR-1_p08
361.069333276,421.054063974,59.984730698,Other,random,CO3,59.984729030,RC2_0018_ICR-1_p08
373.092669667,433.077400365,59.984730698,Other,random,CO3,59.984729030,RC2_0018_ICR-1_p08
521.202691824,581.187423522,59.984731698,Other,random,CO3,59.984729030,RC2_0018_ICR-1_p08
331.131665620,391.116397317,59.984731698,Other,random,CO3,59.984729030,RC2_0018_ICR-1_p08
427.134158784,487.118890482,59.984731698,Other,random,CO3,59.984729030,RC2_0018_ICR-1_p08
357.074526739,417.059259437,59.984732698,Other,random,CO3,59.984729030,RC2_0018_ICR-1_p08
377.173350721,437.158083418,59.984732698,Other,random,CO3,59.984729030,RC2_0018_ICR-1_p08
379.175962460,439.160695158,59.984732698,Other,random,CO3,59.984729030,RC2_0018_ICR-1_p08
393.046246465,453.030979163,59.984732698,Other,random,CO3,59.984729030,RC2_0018_ICR-1_p08
303.160133908,363.144866605,59.984732698,Other,random,CO3,59.984729030,RC2_0018_ICR-1_p08
377.124061998,437.108794696,59.984732698,Other,random,CO3,59.984729030,RC2_0018_ICR-1_p08
455.119437419,515.104171117,59.984733698,Other,random,CO3,59.984729030,RC2_0018_ICR-1_p08
337.121062940,397.105796638,59.984733698,Other,random,CO3,59.984729030,RC2_0018_ICR-1_p08
351.108297288,411.093030986,59.984733698,Other,random,CO3,59.984729030,RC2_0018_ICR-1_p08
419.134597767,479.119331465,59.984733698,Other,random,CO3,59.984729030,RC2_0018_ICR-1_p08
461.267378849,521.252112546,59.984733698,Other,random,CO3,59.984729030,RC2_0018_ICR-1_p08
330.111208358,390.095942055,59.984733698,Other,random,CO3,59.984729030,RC2_0018_ICR-1_p08
357.101040590,417.085775288,59.984734698,Other,random,CO3,59.984729030,RC2_0018_ICR-1_p08
429.103636710,489.088371407,59.984734698,Other,random,CO3,59.984729030,RC2_0018_ICR-1_p08
507.215574476,567.200309173,59.984734698,Other,random,CO3,59.984729030,RC2_0018_ICR-1_p08
771.324099357,831.308834054,59.984734698,Other,random,CO3,59.984729030,RC2_0018_ICR-1_p08
335.186283820,395.171018518,59.984734698,Other,random,CO3,59.984729030,RC2_0018_ICR-1_p08
536.214076413,596.198811110,59.984734698,Other,random,CO3,59.984729030,RC2_0018_ICR-1_p08
231.030005505,291.014741203,59.984735698,Other,random,CO3,59.984729030,RC2_0018_ICR-1_p08
316.095593170,376.080328867,59.984735698,Other,random,CO3,59.984729030,RC2_0018_ICR-1_p08
380.062170477,440.046907174,59.984736698,Other,random,CO3,59.984729030,RC2_0018_ICR-1_p08
365.160373272,425.145109969,59.984736698,Other,random,CO3,59.984729030,RC2_0018_ICR-1_p08
487.233814836,547.218552533,59.984737698,Other,random,CO3,59.984729030,RC2_0018_ICR-1_p08
541.062486150,601.047223847,59.984737698,Other,random,CO3,59.984729030,RC2_0018_ICR-1_p08
505.135115174,565.119853872,59.984738698,Other,random,CO3,59.984729030,RC2_0018_ICR-1_p08
427.152741680,487.137480377,59.984738698,Other,random,CO3,59.984729030,RC2_0018_ICR-1_p08
443.111341942,503.096080640,59.984738698,Other,random,CO3,59.984729030,RC2_0018_ICR-1_p08
401.087688247,461.072426945,59.984738698,Other,random,CO3,59.984729030,RC2_0018_ICR-1_p08
418.150735299,478.135473997,59.984738698,Other,random,CO3,59.984729030,RC2_0018_ICR-1_p08
627.245272532,687.230011229,59.984738698,Other,random,CO3,59.984729030,RC2_0018_ICR-1_p08
307.009487262,367.030606755,60.021119493,Other,random,C2H4O2,60.021129380,RC2_0018_ICR-1_p08
345.110884013,405.132003506,60.021119493,Other,random,C2H4O2,60.021129380,RC2_0018_ICR-1_p08
391.139706186,451.160825679,60.021119493,Other,random,C2H4O2,60.021129380,RC2_0018_ICR-1_p08
501.103798843,561.124918336,60.021119493,Other,random,C2H4O2,60.021129380,RC2_0018_ICR-1_p08
505.135115174,565.156234667,60.021119493,Other,random,C2H4O2,60.021129380,RC2_0018_ICR-1_p08
529.257265532,589.278385025,60.021119493,Other,random,C2H4O2,60.021129380,RC2_0018_ICR-1_p08
397.142196433,457.163315926,60.021119493,Other,random,C2H4O2,60.021129380,RC2_0018_ICR-1_p08
457.113929204,517.135048697,60.021119493,Other,random,C2H4O2,60.021129380,RC2_0018_ICR-1_p08
403.043515249,463.064634742,60.021119493,Other,random,C2H4O2,60.021129380,RC2_0018_ICR-1_p08
523.246829330,583.267949822,60.021120493,Other,random,C2H4O2,60.021129380,RC2_0018_ICR-1_p08
311.113506185,371.134626678,60.021120493,Other,random,C2H4O2,60.021129380,RC2_0018_ICR-1_p08
325.048337827,385.069458320,60.021120493,Other,random,C2H4O2,60.021129380,RC2_0018_ICR-1_p08
357.061394813,417.082515306,60.021120493,Other,random,C2H4O2,60.021129380,RC2_0018_ICR-1_p08
401.209883560,461.231004053,60.021120493,Other,random,C2H4O2,60.021129380,RC2_0018_ICR-1_p08
460.088487478,520.109607971,60.021120493,Other,random,C2H4O2,60.021129380,RC2_0018_ICR-1_p08
478.099151201,538.120272694,60.021121493,Other,random,C2H4O2,60.021129380,RC2_0018_ICR-1_p08
587.140826045,647.161948538,60.021122493,Other,random,C2H4O2,60.021129380,RC2_0018_ICR-1_p08
387.144773650,447.165896143,60.021122493,Other,random,C2H4O2,60.021129380,RC2_0018_ICR-1_p08
400.030923190,460.052045683,60.021122493,Other,random,C2H4O2,60.021129380,RC2_0018_ICR-1_p08
435.056833234,495.077955727,60.021122493,Other,random,C2H4O2,60.021129380,RC2_0018_ICR-1_p08
304.046225925,364.067349418,60.021123493,Other,random,C2H4O2,60.021129380,RC2_0018_ICR-1_p08
433.126993086,493.148116579,60.021123493,Other,random,C2H4O2,60.021129380,RC2_0018_ICR-1_p08
465.132070117,525.153193610,60.021123493,Other,random,C2H4O2,60.021129380,RC2_0018_ICR-1_p08
457.077656408,517.098779901,60.021123493,Other,random,C2H4O2,60.021129380,RC2_0018_ICR-1_p08
531.150794884,591.171918377,60.021123493,Other,random,C2H4O2,60.021129380,RC2_0018_ICR-1_p08
351.136833128,411.157957621,60.021124493,Other,random,C2H4O2,60.021129380,RC2_0018_ICR-1_p08
417.132059028,477.153183520,60.021124493,Other,random,C2H4O2,60.021129380,RC2_0018_ICR-1_p08
521.239067619,581.260192112,60.021124493,Other,random,C2H4O2,60.021129380,RC2_0018_ICR-1_p08
270.061906023,330.083030516,60.021124493,Other,random,C2H4O2,60.021129380,RC2_0018_ICR-1_p08
437.137212536,497.158337029,60.021124493,Other,random,C2H4O2,60.021129380,RC2_0018_ICR-1_p08
497.130112187,557.151237680,60.021125493,Other,random,C2H4O2,60.021129380,RC2_0018_ICR-1_p08
236.056493241,296.077618733,60.021125493,Other,random,C2H4O2,60.021129380,RC2_0018_ICR-1_p08
369.064613317,429.085738810,60.021125493,Other,random,C2H4O2,60.021129380,RC2_0018_ICR-1_p08
385.105673116,445.126798609,60.021125493,Other,random,C2H4O2,60.021129380,RC2_0018_ICR-1_p08
569.215952839,629.237078332,60.021125493,Other,random,C2H4O2,60.021129380,RC2_0018_ICR-1_p08
643.203539796,703.224665289,60.021125493,Other,random,C2H4O2,60.021129380,RC2_0018_ICR-1_p08
441.030864641,501.051991134,60.021126493,Other,random,C2H4O2,60.021129380,RC2_0018_ICR-1_p08
386.101073519,446.122201012,60.021127493,Other,random,C2H4O2,60.021129380,RC2_0018_ICR-1_p08
331.045794103,391.066921595,60.021127493,Other,random,C2H4O2,60.021129380,RC2_0018_ICR-1_p08
369.191555604,429.212683097,60.021127493,Other,random,C2H4O2,60.021129380,RC2_0018_ICR-1_p08
407.147606172,467.168733664,60.021127493,Other,random,C2H4O2,60.021129380,RC2_0018_ICR-1_p08
387.084980986,447.106109479,60.021128493,Other,random,C2H4O2,60.021129380,RC2_0018_ICR-1_p08
541.119899827,601.141028320,60.021128493,Other,random,C2H4O2,60.021129380,RC2_0018_ICR-1_p08
345.055881322,405.077009815,60.021128493,Other,random,C2H4O2,60.021129380,RC2_0018_ICR-1_p08
405.155323374,465.176451867,60.021128493,Other,random,C2H4O2,60.021129380,RC2_0018_ICR-1_p08
407.171062040,467.192190533,60.021128493,Other,random,C2H4O2,60.021129380,RC2_0018_ICR-1_p08
409.150265910,469.171394403,60.021128493,Other,random,C2H4O2,60.021129380,RC2_0018_ICR-1_p08
413.181593242,473.202721734,60.021128493,Other,random,C2H4O2,60.021129380,RC2_0018_ICR-1_p08
428.062313565,488.083442058,60.021128493,Other,random,C2H4O2,60.021129380,RC2_0018_ICR-1_p08
479.155823259,539.176951752,60.021128493,Other,random,C2H4O2,60.021129380,RC2_0018_ICR-1_p08
383.170868996,443.191998489,60.021129493,Other,random,C2H4O2,60.021129380,RC2_0018_ICR-1_p08
389.137012448,449.158141940,60.021129493,Other,random,C2H4O2,60.021129380,RC2_0018_ICR-1_p08
401.087688247,461.108817740,60.021129493,Other,random,C2H4O2,60.021129380,RC2_0018_ICR-1_p08
411.202157372,471.223286865,60.021129493,Other,random,C2H4O2,60.021129380,RC2_0018_ICR-1_p08
343.045791625,403.066921118,60.021129493,Other,random,C2H4O2,60.021129380,RC2_0018_ICR-1_p08
415.066942640,475.088072133,60.021129493,Other,random,C2H4O2,60.021129380,RC2_0018_ICR-1_p08
357.025106017,417.046235510,60.021129493,Other,random,C2H4O2,60.021129380,RC2_0018_ICR-1_p08
553.229192735,613.250322227,60.021129493,Other,random,C2H4O2,60.021129380,RC2_0018_ICR-1_p08
377.160298794,437.181429287,60.021130493,Other,random,C2H4O2,60.021129380,RC2_0018_ICR-1_p08
421.077519842,481.098650335,60.021130493,Other,random,C2H4O2,60.021129380,RC2_0018_ICR-1_p08
435.129403826,495.150534319,60.021130493,Other,random,C2H4O2,60.021129380,RC2_0018_ICR-1_p08
463.197049998,523.218180491,60.021130493,Other,random,C2H4O2,60.021129380,RC2_0018_ICR-1_p08
359.149837070,419.170967563,60.021130493,Other,random,C2H4O2,60.021129380,RC2_0018_ICR-1_p08
367.139622142,427.160753635,60.021131493,Other,random,C2H4O2,60.021129380,RC2_0018_ICR-1_p08
525.116956814,585.138088306,60.021131493,Other,random,C2H4O2,60.021129380,RC2_0018_ICR-1_p08
545.166493072,605.187624565,60.021131493,Other,random,C2H4O2,60.021129380,RC2_0018_ICR-1_p08
375.175603955,435.196735447,60.021131493,Other,random,C2H4O2,60.021129380,RC2_0018_ICR-1_p08
591.171918377,651.193050870,60.021132493,Other,random,C2H4O2,60.021129380,RC2_0018_ICR-1_p08
405.118884579,465.140017072,60.021132493,Other,random,C2H4O2,60.021129380,RC2_0018_ICR-1_p08
442.041576958,502.062709451,60.021132493,Other,random,C2H4O2,60.021129380,RC2_0018_ICR-1_p08
675.157073117,735.178206610,60.021133493,Other,random,C2H4O2,60.021129380,RC2_0018_ICR-1_p08
285.170673065,345.191806558,60.021133493,Other,random,C2H4O2,60.021129380,RC2_0018_ICR-1_p08
337.121062940,397.142196433,60.021133493,Other,random,C2H4O2,60.021129380,RC2_0018_ICR-1_p08
455.046568829,515.067702322,60.021133493,Other,random,C2H4O2,60.021129380,RC2_0018_ICR-1_p08
553.221032780,613.242166273,60.021133493,Other,random,C2H4O2,60.021129380,RC2_0018_ICR-1_p08
609.255484691,669.276618184,60.021133493,Other,random,C2H4O2,60.021129380,RC2_0018_ICR-1_p08
379.152723591,439.173857084,60.021133493,Other,random,C2H4O2,60.021129380,RC2_0018_ICR-1_p08
391.116397317,451.137530810,60.021133493,Other,random,C2H4O2,60.021129380,RC2_0018_ICR-1_p08
459.123901902,519.145035394,60.021133493,Other,random,C2H4O2,60.021129380,RC2_0018_ICR-1_p08
391.175910983,451.197045475,60.021134493,Other,random,C2H4O2,60.021129380,RC2_0018_ICR-1_p08
417.095571233,477.116705726,60.021134493,Other,random,C2H4O2,60.021129380,RC2_0018_ICR-1_p08
425.173619809,485.194754302,60.021134493,Other,random,C2H4O2,60.021129380,RC2_0018_ICR-1_p08
551.104454682,611.125589175,60.021134493,Other,random,C2H4O2,60.021129380,RC2_0018_ICR-1_p08
325.056400782,385.077536275,60.021135493,Other,random,C2H4O2,60.021129380,RC2_0018_ICR-1_p08
575.250070908,635.271206401,60.021135493,Other,random,C2H4O2,60.021129380,RC2_0018_ICR-1_p08
385.095802172,445.116938665,60.021136493,Other,random,C2H4O2,60.021129380,RC2_0018_ICR-1_p08
471.160331219,531.181467712,60.021136493,Other,random,C2H4O2,60.021129380,RC2_0018_ICR-1_p08
485.036193193,545.057329686,60.021136493,Other,random,C2H4O2,60.021129380,RC2_0018_ICR-1_p08
395.134552723,455.155689215,60.021136493,Other,random,C2H4O2,60.021129380,RC2_0018_ICR-1_p08
417.082515306,477.103651799,60.021136493,Other,random,C2H4O2,60.021129380,RC2_0018_ICR-1_p08
551.249819865,611.270956358,60.021136493,Other,random,C2H4O2,60.021129380,RC2_0018_ICR-1_p08
473.145175058,533.166311551,60.021136493,Other,random,C2H4O2,60.021129380,RC2_0018_ICR-1_p08
419.170967563,479.192105055,60.021137493,Other,random,C2H4O2,60.021129380,RC2_0018_ICR-1_p08
361.056382349,421.077519842,60.021137493,Other,random,C2H4O2,60.021129380,RC2_0018_ICR-1_p08
591.099457785,651.120596278,60.021138493,Other,random,C2H4O2,60.021129380,RC2_0018_ICR-1_p08
675.193555912,735.214694405,60.021138493,Other,random,C2H4O2,60.021129380,RC2_0018_ICR-1_p08
469.199672244,529.220810737,60.021138493,Other,random,C2H4O2,60.021129380,RC2_0018_ICR-1_p08
371.134626678,431.155765170,60.021138493,Other,random,C2H4O2,60.021129380,RC2_0018_ICR-1_p08
401.051288452,461.072426945,60.021138493,Other,random,C2H4O2,60.021129380,RC2_0018_ICR-1_p08
539.104213161,599.125351654,60.021138493,Other,random,C2H4O2,60.021129380,RC2_0018_ICR-1_p08
307.082288853,367.114650282,60.032361430,Other,random,C1H4N2O1,60.032363000,RC2_0018_ICR-1_p08
233.045621171,293.077986601,60.032365430,Other,random,C1H4N2O1,60.032363000,RC2_0018_ICR-1_p08
373.056418871,433.113898159,60.057479288,Other,random,C3H8O1,60.057489150,RC2_0018_ICR-1_p08
267.123830545,327.181309833,60.057479288,Other,random,C3H8O1,60.057489150,RC2_0018_ICR-1_p08
378.096089532,438.153568821,60.057479288,Other,random,C3H8O1,60.057489150,RC2_0018_ICR-1_p08
342.074800085,402.132279373,60.057479288,Other,random,C3H8O1,60.057489150,RC2_0018_ICR-1_p08
399.048766712,459.106246001,60.057479288,Other,random,C3H8O1,60.057489150,RC2_0018_ICR-1_p08
537.088750495,597.146229783,60.057479288,Other,random,C3H8O1,60.057489150,RC2_0018_ICR-1_p08
313.084699100,373.142179389,60.057480288,Other,random,C3H8O1,60.057489150,RC2_0018_ICR-1_p08
414.082996173,474.140476461,60.057480288,Other,random,C3H8O1,60.057489150,RC2_0018_ICR-1_p08
321.134254837,381.191735125,60.057480288,Other,random,C3H8O1,60.057489150,RC2_0018_ICR-1_p08
348.035951565,408.093431853,60.057480288,Other,random,C3H8O1,60.057489150,RC2_0018_ICR-1_p08
383.025376814,443.082858103,60.057481288,Other,random,C3H8O1,60.057489150,RC2_0018_ICR-1_p08
295.155150921,355.212632209,60.057481288,Other,random,C3H8O1,60.057489150,RC2_0018_ICR-1_p08
727.224782333,787.282263622,60.057481288,Other,random,C3H8O1,60.057489150,RC2_0018_ICR-1_p08
331.082224898,391.139706186,60.057481288,Other,random,C3H8O1,60.057489150,RC2_0018_ICR-1_p08
501.103798843,561.161281131,60.057482288,Other,random,C3H8O1,60.057489150,RC2_0018_ICR-1_p08
553.156403144,613.213885432,60.057482288,Other,random,C3H8O1,60.057489150,RC2_0018_ICR-1_p08
415.103194436,475.160676725,60.057482288,Other,random,C3H8O1,60.057489150,RC2_0018_ICR-1_p08
677.136544986,737.194027275,60.057482288,Other,random,C3H8O1,60.057489150,RC2_0018_ICR-1_p08
339.144749561,399.202232849,60.057483288,Other,random,C3H8O1,60.057489150,RC2_0018_ICR-1_p08
417.076935338,477.134418626,60.057483288,Other,random,C3H8O1,60.057489150,RC2_0018_ICR-1_p08
513.161296042,573.218779330,60.057483288,Other,random,C3H8O1,60.057489150,RC2_0018_ICR-1_p08
453.140016550,513.197499838,60.057483288,Other,random,C3H8O1,60.057489150,RC2_0018_ICR-1_p08
499.155314799,559.212798088,60.057483288,Other,random,C3H8O1,60.057489150,RC2_0018_ICR-1_p08
453.131977595,513.189461884,60.057484288,Other,random,C3H8O1,60.057489150,RC2_0018_ICR-1_p08
259.024854086,319.082338375,60.057484288,Other,random,C3H8O1,60.057489150,RC2_0018_ICR-1_p08
535.145845420,595.203330708,60.057485288,Other,random,C3H8O1,60.057489150,RC2_0018_ICR-1_p08
341.116063476,401.173548765,60.057485288,Other,random,C3H8O1,60.057489150,RC2_0018_ICR-1_p08
389.100655652,449.158141940,60.057486288,Other,random,C3H8O1,60.057489150,RC2_0018_ICR-1_p08
423.165949098,483.223435387,60.057486288,Other,random,C3H8O1,60.057489150,RC2_0018_ICR-1_p08
511.101302626,571.158789914,60.057487288,Other,random,C3H8O1,60.057489150,RC2_0018_ICR-1_p08
371.113439797,431.170927085,60.057487288,Other,random,C3H8O1,60.057489150,RC2_0018_ICR-1_p08
573.234105244,633.291592533,60.057487288,Other,random,C3H8O1,60.057489150,RC2_0018_ICR-1_p08
365.137149402,425.194636691,60.057487288,Other,random,C3H8O1,60.057489150,RC2_0018_ICR-1_p08
693.240549431,753.298037720,60.057488288,Other,random,C3H8O1,60.057489150,RC2_0018_ICR-1_p08
437.100848740,497.158337029,60.057488288,Other,random,C3H8O1,60.057489150,RC2_0018_ICR-1_p08
503.082984714,563.140473002,60.057488288,Other,random,C3H8O1,60.057489150,RC2_0018_ICR-1_p08
729.167582409,789.225070697,60.057488288,Other,random,C3H8O1,60.057489150,RC2_0018_ICR-1_p08
339.072047970,399.129537258,60.057489288,Other,random,C3H8O1,60.057489150,RC2_0018_ICR-1_p08
735.251448198,795.308938487,60.057490288,Other,random,C3H8O1,60.057489150,RC2_0018_ICR-1_p08
388.030941667,448.088431956,60.057490288,Other,random,C3H8O1,60.057489150,RC2_0018_ICR-1_p08
331.058906029,391.116397317,60.057491288,Other,random,C3H8O1,60.057489150,RC2_0018_ICR-1_p08
302.124480731,362.181972020,60.057491288,Other,random,C3H8O1,60.057489150,RC2_0018_ICR-1_p08
429.077029859,489.134521148,60.057491288,Other,random,C3H8O1,60.057489150,RC2_0018_ICR-1_p08
507.078018249,567.135509537,60.057491288,Other,random,C3H8O1,60.057489150,RC2_0018_ICR-1_p08
235.024899041,295.082390330,60.057491288,Other,random,C3H8O1,60.057489150,RC2_0018_ICR-1_p08
545.093698482,605.151190770,60.057492288,Other,random,C3H8O1,60.057489150,RC2_0018_ICR-1_p08
319.009446785,379.066939073,60.057492288,Other,random,C3H8O1,60.057489150,RC2_0018_ICR-1_p08
435.165934621,495.223426909,60.057492288,Other,random,C3H8O1,60.057489150,RC2_0018_ICR-1_p08
687.266337025,747.323829314,60.057492288,Other,random,C3H8O1,60.057489150,RC2_0018_ICR-1_p08
397.113852593,457.171345881,60.057493288,Other,random,C3H8O1,60.057489150,RC2_0018_ICR-1_p08
571.057584483,631.115077771,60.057493288,Other,random,C3H8O1,60.057489150,RC2_0018_ICR-1_p08
403.175981505,463.233475793,60.057494288,Other,random,C3H8O1,60.057489150,RC2_0018_ICR-1_p08
505.098740379,565.156234667,60.057494288,Other,random,C3H8O1,60.057489150,RC2_0018_ICR-1_p08
557.057391208,617.114885496,60.057494288,Other,random,C3H8O1,60.057489150,RC2_0018_ICR-1_p08
385.092747189,445.150241477,60.057494288,Other,random,C3H8O1,60.057489150,RC2_0018_ICR-1_p08
441.067310436,501.124805725,60.057495288,Other,random,C3H8O1,60.057489150,RC2_0018_ICR-1_p08
527.046951961,587.104447249,60.057495288,Other,random,C3H8O1,60.057489150,RC2_0018_ICR-1_p08
303.087371317,363.144866605,60.057495288,Other,random,C3H8O1,60.057489150,RC2_0018_ICR-1_p08
401.209883560,461.267378849,60.057495288,Other,random,C3H8O1,60.057489150,RC2_0018_ICR-1_p08
307.118651648,367.176146937,60.057495288,Other,random,C3H8O1,60.057489150,RC2_0018_ICR-1_p08
453.204752186,513.262247474,60.057495288,Other,random,C3H8O1,60.057489150,RC2_0018_ICR-1_p08
457.108306236,517.165802524,60.057496288,Other,random,C3H8O1,60.057489150,RC2_0018_ICR-1_p08
595.094318321,655.151815610,60.057497288,Other,random,C3H8O1,60.057489150,RC2_0018_ICR-1_p08
349.165516213,409.223013501,60.057497288,Other,random,C3H8O1,60.057489150,RC2_0018_ICR-1_p08
365.014842090,425.072339378,60.057497288,Other,random,C3H8O1,60.057489150,RC2_0018_ICR-1_p08
385.087187220,445.144684509,60.057497288,Other,random,C3H8O1,60.057489150,RC2_0018_ICR-1_p08
457.113929204,517.171426492,60.057497288,Other,random,C3H8O1,60.057489150,RC2_0018_ICR-1_p08
372.085476331,432.142973619,60.057497288,Other,random,C3H8O1,60.057489150,RC2_0018_ICR-1_p08
451.160825679,511.218323967,60.057498288,Other,random,C3H8O1,60.057489150,RC2_0018_ICR-1_p08
457.134935086,517.192433374,60.057498288,Other,random,C3H8O1,60.057489150,RC2_0018_ICR-1_p08
407.061800654,467.119298942,60.057498288,Other,random,C3H8O1,60.057489150,RC2_0018_ICR-1_p08
471.215339910,531.272838198,60.057498288,Other,random,C3H8O1,60.057489150,RC2_0018_ICR-1_p08
517.148154623,577.205652912,60.057498288,Other,random,C3H8O1,60.057489150,RC2_0018_ICR-1_p08
577.205652912,637.286975066,60.081322154,Other,random,C3H10N1,60.081324000,RC2_0018_ICR-1_p08
567.163948378,627.245272532,60.081324154,Other,random,C3H10N1,60.081324000,RC2_0018_ICR-1_p08
389.191147143,450.189777139,60.998629996,Other,random,C1H3N1S1,60.998621000,RC2_0018_ICR-1_p08
405.186014202,466.184645198,60.998630996,Other,random,C1H3N1S1,60.998621000,RC2_0018_ICR-1_p08
385.069458320,446.085828217,61.016369897,Other,random,C1H3N1O2,61.016379000,RC2_0018_ICR-1_p08
331.082224898,392.098594794,61.016369897,Other,random,C1H3N1O2,61.016379000,RC2_0018_ICR-1_p08
363.048707146,424.065078042,61.016370896,Other,random,C1H3N1O2,61.016379000,RC2_0018_ICR-1_p08
397.142196433,458.158568330,61.016371896,Other,random,C1H3N1O2,61.016379000,RC2_0018_ICR-1_p08
303.123750112,364.140123009,61.016372896,Other,random,C1H3N1O2,61.016379000,RC2_0018_ICR-1_p08
329.139460822,390.155833719,61.016372896,Other,random,C1H3N1O2,61.016379000,RC2_0018_ICR-1_p08
431.134726289,492.151100185,61.016373896,Other,random,C1H3N1O2,61.016379000,RC2_0018_ICR-1_p08
413.100724696,474.117101593,61.016376896,Other,random,C1H3N1O2,61.016379000,RC2_0018_ICR-1_p08
239.056189373,300.072566269,61.016376896,Other,random,C1H3N1O2,61.016379000,RC2_0018_ICR-1_p08
343.045791625,404.062168521,61.016376896,Other,random,C1H3N1O2,61.016379000,RC2_0018_ICR-1_p08
329.030249436,390.046627333,61.016377896,Other,random,C1H3N1O2,61.016379000,RC2_0018_ICR-1_p08
274.035732678,335.052110575,61.016377896,Other,random,C1H3N1O2,61.016379000,RC2_0018_ICR-1_p08
559.145854464,620.162233361,61.016378896,Other,random,C1H3N1O2,61.016379000,RC2_0018_ICR-1_p08
331.045794103,392.062176999,61.016382896,Other,random,C1H3N1O2,61.016379000,RC2_0018_ICR-1_p08
349.105776549,410.122159445,61.016382896,Other,random,C1H3N1O2,61.016379000,RC2_0018_ICR-1_p08
383.090035451,444.106419347,61.016383896,Other,random,C1H3N1O2,61.016379000,RC2_0018_ICR-1_p08
389.087704725,450.104088621,61.016383896,Other,random,C1H3N1O2,61.016379000,RC2_0018_ICR-1_p08
429.082634828,490.099018724,61.016383896,Other,random,C1H3N1O2,61.016379000,RC2_0018_ICR-1_p08
383.053821654,444.070206551,61.016384896,Other,random,C1H3N1O2,61.016379000,RC2_0018_ICR-1_p08
519.150747362,580.167133259,61.016385896,Other,random,C1H3N1O2,61.016379000,RC2_0018_ICR-1_p08
249.040526230,310.056912126,61.016385896,Other,random,C1H3N1O2,61.016379000,RC2_0018_ICR-1_p08
257.139457688,318.155843585,61.016385896,Other,random,C1H3N1O2,61.016379000,RC2_0018_ICR-1_p08
417.155313897,478.171700793,61.016386896,Other,random,C1H3N1O2,61.016379000,RC2_0018_ICR-1_p08
311.069088434,372.085476331,61.016387896,Other,random,C1H3N1O2,61.016379000,RC2_0018_ICR-1_p08
433.163257882,494.216012574,61.052754692,Other,random,C2H7O1N1,61.052764000,RC2_0018_ICR-1_p08
231.030005505,292.082762197,61.052756692,Other,random,C2H7O1N1,61.052764000,RC2_0018_ICR-1_p08
501.067369048,562.120126740,61.052757692,Other,random,C2H7O1N1,61.052764000,RC2_0018_ICR-1_p08
575.104302728,636.157061420,61.052758692,Other,random,C2H7O1N1,61.052764000,RC2_0018_ICR-1_p08
347.113430752,408.166190444,61.052759692,Other,random,C2H7O1N1,61.052764000,RC2_0018_ICR-1_p08
315.050994044,376.103754735,61.052760692,Other,random,C2H7O1N1,61.052764000,RC2_0018_ICR-1_p08
345.025170495,406.077932186,61.052761692,Other,random,C2H7O1N1,61.052764000,RC2_0018_ICR-1_p08
333.061472768,394.114237460,61.052764692,Other,random,C2H7O1N1,61.052764000,RC2_0018_ICR-1_p08
389.137012448,450.189777139,61.052764692,Other,random,C2H7O1N1,61.052764000,RC2_0018_ICR-1_p08
307.009487262,368.062251954,61.052764692,Other,random,C2H7O1N1,61.052764000,RC2_0018_ICR-1_p08
527.104293638,588.157059330,61.052765692,Other,random,C2H7O1N1,61.052764000,RC2_0018_ICR-1_p08
361.129068940,422.181837632,61.052768692,Other,random,C2H7O1N1,61.052764000,RC2_0018_ICR-1_p08
379.079975000,440.132743692,61.052768692,Other,random,C2H7O1N1,61.052764000,RC2_0018_ICR-1_p08
339.064064015,400.116835707,61.052771692,Other,random,C2H7O1N1,61.052764000,RC2_0018_ICR-1_p08
397.105796638,458.158568330,61.052771692,Other,random,C2H7O1N1,61.052764000,RC2_0018_ICR-1_p08
311.069088434,373.033090002,61.964001568,Other,random,NA_3,61.964010830,RC2_0018_ICR-1_p08
373.105800593,435.069803161,61.964002568,Other,random,NA_3,61.964010830,RC2_0018_ICR-1_p08
411.129514781,473.093517349,61.964002568,Other,random,NA_3,61.964010830,RC2_0018_ICR-1_p08
505.135115174,567.099117742,61.964002568,Other,random,NA_3,61.964010830,RC2_0018_ICR-1_p08
512.214003369,574.178005936,61.964002568,Other,random,NA_3,61.964010830,RC2_0018_ICR-1_p08
385.186550662,447.150553229,61.964002568,Other,random,NA_3,61.964010830,RC2_0018_ICR-1_p08
405.118884579,467.082888147,61.964003568,Other,random,NA_3,61.964010830,RC2_0018_ICR-1_p08
411.121443826,473.085447394,61.964003568,Other,random,NA_3,61.964010830,RC2_0018_ICR-1_p08
471.166017187,533.130020755,61.964003568,Other,random,NA_3,61.964010830,RC2_0018_ICR-1_p08
503.132590435,565.096595003,61.964004568,Other,random,NA_3,61.964010830,RC2_0018_ICR-1_p08
358.093177011,420.057181579,61.964004568,Other,random,NA_3,61.964010830,RC2_0018_ICR-1_p08
389.123890521,451.087895089,61.964004568,Other,random,NA_3,61.964010830,RC2_0018_ICR-1_p08
417.082515306,479.046519874,61.964004568,Other,random,NA_3,61.964010830,RC2_0018_ICR-1_p08
445.199674200,507.163678767,61.964004568,Other,random,NA_3,61.964010830,RC2_0018_ICR-1_p08
455.134775333,517.098779901,61.964004568,Other,random,NA_3,61.964010830,RC2_0018_ICR-1_p08
359.126616200,421.090621768,61.964005568,Other,random,NA_3,61.964010830,RC2_0018_ICR-1_p08
439.233623747,501.197629315,61.964005568,Other,random,NA_3,61.964010830,RC2_0018_ICR-1_p08
349.201939008,411.165945576,61.964006568,Other,random,NA_3,61.964010830,RC2_0018_ICR-1_p08
491.119414986,553.083422554,61.964007568,Other,random,NA_3,61.964010830,RC2_0018_ICR-1_p08
323.113527707,385.077536275,61.964008568,Other,random,NA_3,61.964010830,RC2_0018_ICR-1_p08
397.186547184,459.150555752,61.964008568,Other,random,NA_3,61.964010830,RC2_0018_ICR-1_p08
527.119531553,589.083541121,61.964009568,Other,random,NA_3,61.964010830,RC2_0018_ICR-1_p08
535.182220215,597.146229783,61.964009568,Other,random,NA_3,61.964010830,RC2_0018_ICR-1_p08
357.061394813,419.025405381,61.964010568,Other,random,NA_3,61.964010830,RC2_0018_ICR-1_p08
425.209777605,487.173788173,61.964010568,Other,random,NA_3,61.964010830,RC2_0018_ICR-1_p08
367.095366391,429.059377959,61.964011568,Other,random,NA_3,61.964010830,RC2_0018_ICR-1_p08
397.178487229,459.142498797,61.964011568,Other,random,NA_3,61.964010830,RC2_0018_ICR-1_p08
455.098366538,517.062378106,61.964011568,Other,random,NA_3,61.964010830,RC2_0018_ICR-1_p08
399.121472304,461.085483871,61.964011568,Other,random,NA_3,61.964010830,RC2_0018_ICR-1_p08
339.136697606,401.100709174,61.964011568,Other,random,NA_3,61.964010830,RC2_0018_ICR-1_p08
319.240800484,381.204814051,61.964013568,Other,random,NA_3,61.964010830,RC2_0018_ICR-1_p08
453.176517345,515.140530912,61.964013568,Other,random,NA_3,61.964010830,RC2_0018_ICR-1_p08
383.162785042,445.126798609,61.964013568,Other,random,NA_3,61.964010830,RC2_0018_ICR-1_p08
367.139622142,429.103636710,61.964014568,Other,random,NA_3,61.964010830,RC2_0018_ICR-1_p08
365.209890993,427.173905561,61.964014568,Other,random,NA_3,61.964010830,RC2_0018_ICR-1_p08
413.100724696,475.064740264,61.964015568,Other,random,NA_3,61.964010830,RC2_0018_ICR-1_p08
357.097807608,419.061824176,61.964016568,Other,random,NA_3,61.964010830,RC2_0018_ICR-1_p08
771.287358563,833.251375131,61.964016568,Other,random,NA_3,61.964010830,RC2_0018_ICR-1_p08
363.108321811,425.072339378,61.964017568,Other,random,NA_3,61.964010830,RC2_0018_ICR-1_p08
367.176146937,429.140164504,61.964017568,Other,random,NA_3,61.964010830,RC2_0018_ICR-1_p08
415.176048027,477.140065594,61.964017568,Other,random,NA_3,61.964010830,RC2_0018_ICR-1_p08
417.155313897,479.119331465,61.964017568,Other,random,NA_3,61.964010830,RC2_0018_ICR-1_p08
347.113430752,409.077449320,61.964018568,Other,random,NA_3,61.964010830,RC2_0018_ICR-1_p08
673.177937246,735.141955814,61.964018568,Other,random,NA_3,61.964010830,RC2_0018_ICR-1_p08
377.087578203,439.051597771,61.964019568,Other,random,NA_3,61.964010830,RC2_0018_ICR-1_p08
401.118398075,463.082417642,61.964019568,Other,random,NA_3,61.964010830,RC2_0018_ICR-1_p08
411.194271417,473.158290984,61.964019568,Other,random,NA_3,61.964010830,RC2_0018_ICR-1_p08
769.308764689,831.272784257,61.964019568,Other,random,NA_3,61.964010830,RC2_0018_ICR-1_p08
415.066942640,477.030962208,61.964019568,Other,random,NA_3,61.964010830,RC2_0018_ICR-1_p08
429.113371655,491.077391223,61.964019568,Other,random,NA_3,61.964010830,RC2_0018_ICR-1_p08
495.199854042,557.187665476,61.987811434,Other,random,NO3,61.987819000,RC2_0018_ICR-1_p08
573.210768375,635.198580809,61.987812434,Other,random,NO3,61.987819000,RC2_0018_ICR-1_p08
581.179420567,643.167233001,61.987812434,Other,random,NO3,61.987819000,RC2_0018_ICR-1_p08
673.263635764,735.251448198,61.987812434,Other,random,NO3,61.987819000,RC2_0018_ICR-1_p08
589.278385025,651.266199459,61.987814434,Other,random,NO3,61.987819000,RC2_0018_ICR-1_p08
379.095287914,441.083111348,61.987823434,Other,random,NO3,61.987819000,RC2_0018_ICR-1_p08
513.262247474,575.250070908,61.987823434,Other,random,NO3,61.987819000,RC2_0018_ICR-1_p08
343.067013506,405.059303914,61.992290409,Other,random,C1H3Cl1,61.992300000,RC2_0018_ICR-1_p08
377.196865589,439.189155997,61.992290409,Other,random,C1H3Cl1,61.992300000,RC2_0018_ICR-1_p08
533.202791346,595.195082755,61.992291409,Other,random,C1H3Cl1,61.992300000,RC2_0018_ICR-1_p08
335.113503229,397.105796638,61.992293409,Other,random,C1H3Cl1,61.992300000,RC2_0018_ICR-1_p08
311.113506185,373.105800593,61.992294409,Other,random,C1H3Cl1,61.992300000,RC2_0018_ICR-1_p08
389.108586607,451.100882016,61.992295409,Other,random,C1H3Cl1,61.992300000,RC2_0018_ICR-1_p08
409.077449320,471.069744729,61.992295409,Other,random,C1H3Cl1,61.992300000,RC2_0018_ICR-1_p08
427.197336429,489.189632838,61.992296409,Other,random,C1H3Cl1,61.992300000,RC2_0018_ICR-1_p08
395.171018518,457.163315926,61.992297409,Other,random,C1H3Cl1,61.992300000,RC2_0018_ICR-1_p08
317.139331301,379.131628709,61.992297409,Other,random,C1H3Cl1,61.992300000,RC2_0018_ICR-1_p08
488.185883482,550.178181891,61.992298409,Other,random,C1H3Cl1,61.992300000,RC2_0018_ICR-1_p08
315.144827516,377.137126925,61.992299409,Other,random,C1H3Cl1,61.992300000,RC2_0018_ICR-1_p08
321.061522246,383.053821654,61.992299409,Other,random,C1H3Cl1,61.992300000,RC2_0018_ICR-1_p08
566.232834613,628.225135022,61.992300409,Other,random,C1H3Cl1,61.992300000,RC2_0018_ICR-1_p08
421.113906637,483.106208046,61.992301409,Other,random,C1H3Cl1,61.992300000,RC2_0018_ICR-1_p08
433.150265955,495.142567364,61.992301409,Other,random,C1H3Cl1,61.992300000,RC2_0018_ICR-1_p08
515.213351503,577.205652912,61.992301409,Other,random,C1H3Cl1,61.992300000,RC2_0018_ICR-1_p08
293.175787051,355.168088460,61.992301409,Other,random,C1H3Cl1,61.992300000,RC2_0018_ICR-1_p08
385.186550662,447.178854070,61.992303409,Other,random,C1H3Cl1,61.992300000,RC2_0018_ICR-1_p08
345.134324881,407.126629290,61.992304409,Other,random,C1H3Cl1,61.992300000,RC2_0018_ICR-1_p08
365.051176886,427.043483294,61.992306409,Other,random,C1H3Cl1,61.992300000,RC2_0018_ICR-1_p08
337.129165895,399.121472304,61.992306409,Other,random,C1H3Cl1,61.992300000,RC2_0018_ICR-1_p08
487.233814836,549.226122244,61.992307409,Other,random,C1H3Cl1,61.992300000,RC2_0018_ICR-1_p08
350.088024025,412.080331434,61.992307409,Other,random,C1H3Cl1,61.992300000,RC2_0018_ICR-1_p08
345.118953967,407.111262376,61.992308409,Other,random,C1H3Cl1,61.992300000,RC2_0018_ICR-1_p08
373.150226344,435.142534752,61.992308409,Other,random,C1H3Cl1,61.992300000,RC2_0018_ICR-1_p08
305.066657187,367.058966596,61.992309409,Other,random,C1H3Cl1,61.992300000,RC2_0018_ICR-1_p08
339.144749561,401.137058970,61.992309409,Other,random,C1H3Cl1,61.992300000,RC2_0018_ICR-1_p08
371.090062928,433.090430291,62.000367363,Other,random,C1H2O3,62.000376040,RC2_0018_ICR-1_p08
443.165255639,505.165623003,62.000367363,Other,random,C1H2O3,62.000376040,RC2_0018_ICR-1_p08
375.035555742,437.035923105,62.000367363,Other,random,C1H2O3,62.000376040,RC2_0018_ICR-1_p08
575.177091318,637.177458682,62.000367363,Other,random,C1H2O3,62.000376040,RC2_0018_ICR-1_p08
345.183782603,407.184150966,62.000368363,Other,random,C1H2O3,62.000376040,RC2_0018_ICR-1_p08
381.074393785,443.074762148,62.000368363,Other,random,C1H2O3,62.000376040,RC2_0018_ICR-1_p08
521.194909868,583.195278231,62.000368363,Other,random,C1H2O3,62.000376040,RC2_0018_ICR-1_p08
527.083172757,589.083541121,62.000368363,Other,random,C1H2O3,62.000376040,RC2_0018_ICR-1_p08
347.040717161,409.041086524,62.000369363,Other,random,C1H2O3,62.000376040,RC2_0018_ICR-1_p08
339.035559175,401.035929538,62.000370363,Other,random,C1H2O3,62.000376040,RC2_0018_ICR-1_p08
445.108201714,507.108572077,62.000370363,Other,random,C1H2O3,62.000376040,RC2_0018_ICR-1_p08
345.061430291,407.061800654,62.000370363,Other,random,C1H2O3,62.000376040,RC2_0018_ICR-1_p08
369.061474335,431.061844698,62.000370363,Other,random,C1H2O3,62.000376040,RC2_0018_ICR-1_p08
337.129165895,399.129537258,62.000371363,Other,random,C1H2O3,62.000376040,RC2_0018_ICR-1_p08
379.066939073,441.067310436,62.000371363,Other,random,C1H2O3,62.000376040,RC2_0018_ICR-1_p08
330.111208358,392.111580721,62.000372363,Other,random,C1H2O3,62.000376040,RC2_0018_ICR-1_p08
487.088198655,549.088571018,62.000372363,Other,random,C1H2O3,62.000376040,RC2_0018_ICR-1_p08
397.113852593,459.114224956,62.000372363,Other,random,C1H2O3,62.000376040,RC2_0018_ICR-1_p08
427.124418839,489.124791202,62.000372363,Other,random,C1H2O3,62.000376040,RC2_0018_ICR-1_p08
355.139784619,417.140156982,62.000372363,Other,random,C1H2O3,62.000376040,RC2_0018_ICR-1_p08
457.108306236,519.108678599,62.000372363,Other,random,C1H2O3,62.000376040,RC2_0018_ICR-1_p08
465.067479480,527.067851843,62.000372363,Other,random,C1H2O3,62.000376040,RC2_0018_ICR-1_p08
325.048337827,387.048711190,62.000373363,Other,random,C1H2O3,62.000376040,RC2_0018_ICR-1_p08
343.082119421,405.082492784,62.000373363,Other,random,C1H2O3,62.000376040,RC2_0018_ICR-1_p08
476.119899331,538.120272694,62.000373363,Other,random,C1H2O3,62.000376040,RC2_0018_ICR-1_p08
235.024899041,297.025272405,62.000373363,Other,random,C1H2O3,62.000376040,RC2_0018_ICR-1_p08
389.160451316,451.160825679,62.000374363,Other,random,C1H2O3,62.000376040,RC2_0018_ICR-1_p08
619.239817548,681.240191911,62.000374363,Other,random,C1H2O3,62.000376040,RC2_0018_ICR-1_p08
697.250827881,759.251202244,62.000374363,Other,random,C1H2O3,62.000376040,RC2_0018_ICR-1_p08
236.056493241,298.056867604,62.000374363,Other,random,C1H2O3,62.000376040,RC2_0018_ICR-1_p08
389.173446243,451.173820606,62.000374363,Other,random,C1H2O3,62.000376040,RC2_0018_ICR-1_p08
423.194379938,485.194754302,62.000374363,Other,random,C1H2O3,62.000376040,RC2_0018_ICR-1_p08
315.136751561,377.137126925,62.000375363,Other,random,C1H2O3,62.000376040,RC2_0018_ICR-1_p08
457.236169517,519.236544880,62.000375363,Other,random,C1H2O3,62.000376040,RC2_0018_ICR-1_p08
419.061824176,481.062199540,62.000375363,Other,random,C1H2O3,62.000376040,RC2_0018_ICR-1_p08
447.129542348,509.129917711,62.000375363,Other,random,C1H2O3,62.000376040,RC2_0018_ICR-1_p08
369.110979057,431.111355420,62.000376363,Other,random,C1H2O3,62.000376040,RC2_0018_ICR-1_p08
387.084980986,449.085357350,62.000376363,Other,random,C1H2O3,62.000376040,RC2_0018_ICR-1_p08
515.205276548,577.205652912,62.000376363,Other,random,C1H2O3,62.000376040,RC2_0018_ICR-1_p08
517.098779901,579.099156264,62.000376363,Other,random,C1H2O3,62.000376040,RC2_0018_ICR-1_p08
315.050994044,377.051371407,62.000377363,Other,random,C1H2O3,62.000376040,RC2_0018_ICR-1_p08
404.062168521,466.062545885,62.000377363,Other,random,C1H2O3,62.000376040,RC2_0018_ICR-1_p08
439.066991684,501.067369048,62.000377363,Other,random,C1H2O3,62.000376040,RC2_0018_ICR-1_p08
505.098740379,567.099117742,62.000377363,Other,random,C1H2O3,62.000376040,RC2_0018_ICR-1_p08
604.211291055,666.211668418,62.000377363,Other,random,C1H2O3,62.000376040,RC2_0018_ICR-1_p08
631.203438275,693.203815638,62.000377363,Other,random,C1H2O3,62.000376040,RC2_0018_ICR-1_p08
345.110884013,407.111262376,62.000378363,Other,random,C1H2O3,62.000376040,RC2_0018_ICR-1_p08
395.126523768,457.126902131,62.000378363,Other,random,C1H2O3,62.000376040,RC2_0018_ICR-1_p08
507.215574476,569.215952839,62.000378363,Other,random,C1H2O3,62.000376040,RC2_0018_ICR-1_p08
544.109683015,606.110061378,62.000378363,Other,random,C1H2O3,62.000376040,RC2_0018_ICR-1_p08
341.043135886,403.043515249,62.000379363,Other,random,C1H2O3,62.000376040,RC2_0018_ICR-1_p08
431.147737215,493.148116579,62.000379363,Other,random,C1H2O3,62.000376040,RC2_0018_ICR-1_p08
461.194665257,523.195044621,62.000379363,Other,random,C1H2O3,62.000376040,RC2_0018_ICR-1_p08
535.218544011,597.218923374,62.000379363,Other,random,C1H2O3,62.000376040,RC2_0018_ICR-1_p08
597.161716696,659.162097059,62.000380363,Other,random,C1H2O3,62.000376040,RC2_0018_ICR-1_p08
333.061472768,395.061853131,62.000380363,Other,random,C1H2O3,62.000376040,RC2_0018_ICR-1_p08
521.130053232,583.130433596,62.000380363,Other,random,C1H2O3,62.000376040,RC2_0018_ICR-1_p08
551.205436114,613.205816478,62.000380363,Other,random,C1H2O3,62.000376040,RC2_0018_ICR-1_p08
365.160373272,427.160753635,62.000380363,Other,random,C1H2O3,62.000376040,RC2_0018_ICR-1_p08
353.051318362,415.051698726,62.000380363,Other,random,C1H2O3,62.000376040,RC2_0018_ICR-1_p08
477.176571389,539.176951752,62.000380363,Other,random,C1H2O3,62.000376040,RC2_0018_ICR-1_p08
369.074437262,431.074818626,62.000381363,Other,random,C1H2O3,62.000376040,RC2_0018_ICR-1_p08
304.082604720,366.082986084,62.000381363,Other,random,C1H2O3,62.000376040,RC2_0018_ICR-1_p08
631.130652684,693.131034047,62.000381363,Other,random,C1H2O3,62.000376040,RC2_0018_ICR-1_p08
381.110959579,443.111341942,62.000382363,Other,random,C1H2O3,62.000376040,RC2_0018_ICR-1_p08
593.151433246,655.151815610,62.000382363,Other,random,C1H2O3,62.000376040,RC2_0018_ICR-1_p08
395.134552723,457.134935086,62.000382363,Other,random,C1H2O3,62.000376040,RC2_0018_ICR-1_p08
535.145845420,597.146229783,62.000384363,Other,random,C1H2O3,62.000376040,RC2_0018_ICR-1_p08
457.113929204,519.114314567,62.000385363,Other,random,C1H2O3,62.000376040,RC2_0018_ICR-1_p08
233.045621171,295.046006534,62.000385363,Other,random,C1H2O3,62.000376040,RC2_0018_ICR-1_p08
397.150170389,459.150555752,62.000385363,Other,random,C1H2O3,62.000376040,RC2_0018_ICR-1_p08
345.074575217,407.074960580,62.000385363,Other,random,C1H2O3,62.000376040,RC2_0018_ICR-1_p08
357.128658435,419.147673694,62.019015258,Other,random,C2H6S1,62.019022000,RC2_0018_ICR-1_p08
447.196560971,509.215577229,62.019016258,Other,random,C2H6S1,62.019022000,RC2_0018_ICR-1_p08
403.170499535,465.189517794,62.019018258,Other,random,C2H6S1,62.019022000,RC2_0018_ICR-1_p08
443.201690434,505.220708693,62.019018258,Other,random,C2H6S1,62.019022000,RC2_0018_ICR-1_p08
367.139622142,429.158643400,62.019021258,Other,random,C2H6S1,62.019022000,RC2_0018_ICR-1_p08
663.139177696,725.158199954,62.019022258,Other,random,C2H6S1,62.019022000,RC2_0018_ICR-1_p08
239.056189373,301.075212631,62.019023258,Other,random,C2H6S1,62.019022000,RC2_0018_ICR-1_p08
329.051322318,391.070345576,62.019023258,Other,random,C2H6S1,62.019022000,RC2_0018_ICR-1_p08
389.191147143,451.210171402,62.019024258,Other,random,C2H6S1,62.019022000,RC2_0018_ICR-1_p08
467.165492683,529.184523941,62.019031258,Other,random,C2H6S1,62.019022000,RC2_0018_ICR-1_p08
365.137149402,427.173905561,62.036756159,Other,random,C2H6O2,62.036765480,RC2_0018_ICR-1_p08
563.031732614,625.068488772,62.036756159,Other,random,C2H6O2,62.036765480,RC2_0018_ICR-1_p08
403.116300840,465.153057999,62.036757159,Other,random,C2H6O2,62.036765480,RC2_0018_ICR-1_p08
673.177937246,735.214694405,62.036757159,Other,random,C2H6O2,62.036765480,RC2_0018_ICR-1_p08
313.108102969,375.144860127,62.036757159,Other,random,C2H6O2,62.036765480,RC2_0018_ICR-1_p08
413.087740769,475.124497928,62.036757159,Other,random,C2H6O2,62.036765480,RC2_0018_ICR-1_p08
507.179195680,569.215952839,62.036757159,Other,random,C2H6O2,62.036765480,RC2_0018_ICR-1_p08
546.089065884,608.125823043,62.036757159,Other,random,C2H6O2,62.036765480,RC2_0018_ICR-1_p08
311.077148389,373.113906548,62.036758159,Other,random,C2H6O2,62.036765480,RC2_0018_ICR-1_p08
369.110979057,431.147737215,62.036758159,Other,random,C2H6O2,62.036765480,RC2_0018_ICR-1_p08
491.241514300,553.278272459,62.036758159,Other,random,C2H6O2,62.036765480,RC2_0018_ICR-1_p08
539.132600002,601.169358160,62.036758159,Other,random,C2H6O2,62.036765480,RC2_0018_ICR-1_p08
365.115983521,427.152741680,62.036758159,Other,random,C2H6O2,62.036765480,RC2_0018_ICR-1_p08
329.102948027,391.139706186,62.036758159,Other,random,C2H6O2,62.036765480,RC2_0018_ICR-1_p08
377.196865589,439.233623747,62.036758159,Other,random,C2H6O2,62.036765480,RC2_0018_ICR-1_p08
343.095244347,405.132003506,62.036759159,Other,random,C2H6O2,62.036765480,RC2_0018_ICR-1_p08
399.092982464,461.129741623,62.036759159,Other,random,C2H6O2,62.036765480,RC2_0018_ICR-1_p08
375.108330333,437.145089492,62.036759159,Other,random,C2H6O2,62.036765480,RC2_0018_ICR-1_p08
304.046225925,366.082986084,62.036760159,Other,random,C2H6O2,62.036765480,RC2_0018_ICR-1_p08
427.134158784,489.170918943,62.036760159,Other,random,C2H6O2,62.036765480,RC2_0018_ICR-1_p08
235.024899041,297.061659200,62.036760159,Other,random,C2H6O2,62.036765480,RC2_0018_ICR-1_p08
471.142678318,533.179438477,62.036760159,Other,random,C2H6O2,62.036765480,RC2_0018_ICR-1_p08
431.111355420,493.148116579,62.036761159,Other,random,C2H6O2,62.036765480,RC2_0018_ICR-1_p08
348.035951565,410.072712723,62.036761159,Other,random,C2H6O2,62.036765480,RC2_0018_ICR-1_p08
441.204777663,503.241538822,62.036761159,Other,random,C2H6O2,62.036765480,RC2_0018_ICR-1_p08
443.207255403,505.244017562,62.036762159,Other,random,C2H6O2,62.036765480,RC2_0018_ICR-1_p08
415.139809230,477.176571389,62.036762159,Other,random,C2H6O2,62.036765480,RC2_0018_ICR-1_p08
333.025090973,395.061853131,62.036762159,Other,random,C2H6O2,62.036765480,RC2_0018_ICR-1_p08
355.113010769,417.149773928,62.036763159,Other,random,C2H6O2,62.036765480,RC2_0018_ICR-1_p08
502.062709451,564.099472609,62.036763159,Other,random,C2H6O2,62.036765480,RC2_0018_ICR-1_p08
383.090035451,445.126798609,62.036763159,Other,random,C2H6O2,62.036765480,RC2_0018_ICR-1_p08
449.108817218,511.145581377,62.036764159,Other,random,C2H6O2,62.036765480,RC2_0018_ICR-1_p08
453.212787141,515.249551299,62.036764159,Other,random,C2H6O2,62.036765480,RC2_0018_ICR-1_p08
316.046147448,378.082911606,62.036764159,Other,random,C2H6O2,62.036765480,RC2_0018_ICR-1_p08
327.050940566,389.087704725,62.036764159,Other,random,C2H6O2,62.036765480,RC2_0018_ICR-1_p08
313.048365305,375.085130463,62.036765159,Other,random,C2H6O2,62.036765480,RC2_0018_ICR-1_p08
351.144828083,413.181593242,62.036765159,Other,random,C2H6O2,62.036765480,RC2_0018_ICR-1_p08
355.058806074,417.095571233,62.036765159,Other,random,C2H6O2,62.036765480,RC2_0018_ICR-1_p08
343.082119421,405.118884579,62.036765159,Other,random,C2H6O2,62.036765480,RC2_0018_ICR-1_p08
385.077536275,447.114301433,62.036765159,Other,random,C2H6O2,62.036765480,RC2_0018_ICR-1_p08
377.087578203,439.124344362,62.036766159,Other,random,C2H6O2,62.036765480,RC2_0018_ICR-1_p08
515.205276548,577.242042707,62.036766159,Other,random,C2H6O2,62.036765480,RC2_0018_ICR-1_p08
543.041949019,605.078715178,62.036766159,Other,random,C2H6O2,62.036765480,RC2_0018_ICR-1_p08
543.078023816,605.114789975,62.036766159,Other,random,C2H6O2,62.036765480,RC2_0018_ICR-1_p08
371.199370313,433.236137472,62.036767159,Other,random,C2H6O2,62.036765480,RC2_0018_ICR-1_p08
401.209883560,463.246650719,62.036767159,Other,random,C2H6O2,62.036765480,RC2_0018_ICR-1_p08
323.040768116,385.077536275,62.036768159,Other,random,C2H6O2,62.036765480,RC2_0018_ICR-1_p08
379.066939073,441.103707232,62.036768159,Other,random,C2H6O2,62.036765480,RC2_0018_ICR-1_p08
419.134597767,481.171365926,62.036768159,Other,random,C2H6O2,62.036765480,RC2_0018_ICR-1_p08
305.139378778,367.176146937,62.036768159,Other,random,C2H6O2,62.036765480,RC2_0018_ICR-1_p08
345.147382807,407.184150966,62.036768159,Other,random,C2H6O2,62.036765480,RC2_0018_ICR-1_p08
365.087650681,427.124418839,62.036768159,Other,random,C2H6O2,62.036765480,RC2_0018_ICR-1_p08
429.204746141,491.241514300,62.036768159,Other,random,C2H6O2,62.036765480,RC2_0018_ICR-1_p08
453.168508390,515.205276548,62.036768159,Other,random,C2H6O2,62.036765480,RC2_0018_ICR-1_p08
341.087646636,403.124415795,62.036769159,Other,random,C2H6O2,62.036765480,RC2_0018_ICR-1_p08
449.145128014,511.181897172,62.036769159,Other,random,C2H6O2,62.036765480,RC2_0018_ICR-1_p08
233.045621171,295.082390330,62.036769159,Other,random,C2H6O2,62.036765480,RC2_0018_ICR-1_p08
423.157985143,485.194754302,62.036769159,Other,random,C2H6O2,62.036765480,RC2_0018_ICR-1_p08
505.098740379,567.135509537,62.036769159,Other,random,C2H6O2,62.036765480,RC2_0018_ICR-1_p08
567.200309173,629.237078332,62.036769159,Other,random,C2H6O2,62.036765480,RC2_0018_ICR-1_p08
412.080331434,474.117101593,62.036770159,Other,random,C2H6O2,62.036765480,RC2_0018_ICR-1_p08
389.209703039,451.246473198,62.036770159,Other,random,C2H6O2,62.036765480,RC2_0018_ICR-1_p08
460.088487478,522.125257636,62.036770159,Other,random,C2H6O2,62.036765480,RC2_0018_ICR-1_p08
525.031228296,587.067998454,62.036770159,Other,random,C2H6O2,62.036765480,RC2_0018_ICR-1_p08
557.057391208,619.094161367,62.036770159,Other,random,C2H6O2,62.036765480,RC2_0018_ICR-1_p08
631.094263888,693.131034047,62.036770159,Other,random,C2H6O2,62.036765480,RC2_0018_ICR-1_p08
595.057655527,657.094426686,62.036771159,Other,random,C2H6O2,62.036765480,RC2_0018_ICR-1_p08
615.244773012,677.281544171,62.036771159,Other,random,C2H6O2,62.036765480,RC2_0018_ICR-1_p08
551.169045319,613.205816478,62.036771159,Other,random,C2H6O2,62.036765480,RC2_0018_ICR-1_p08
527.241612866,589.278385025,62.036772159,Other,random,C2H6O2,62.036765480,RC2_0018_ICR-1_p08
683.271351490,745.308123648,62.036772159,Other,random,C2H6O2,62.036765480,RC2_0018_ICR-1_p08
563.249925387,625.286698545,62.036773159,Other,random,C2H6O2,62.036765480,RC2_0018_ICR-1_p08
327.108390243,389.145163402,62.036773159,Other,random,C2H6O2,62.036765480,RC2_0018_ICR-1_p08
346.093105489,408.129878648,62.036773159,Other,random,C2H6O2,62.036765480,RC2_0018_ICR-1_p08
409.150265910,471.187039069,62.036773159,Other,random,C2H6O2,62.036765480,RC2_0018_ICR-1_p08
553.221032780,615.257805939,62.036773159,Other,random,C2H6O2,62.036765480,RC2_0018_ICR-1_p08
607.231953070,669.268726228,62.036773159,Other,random,C2H6O2,62.036765480,RC2_0018_ICR-1_p08
645.219208462,707.255981621,62.036773159,Other,random,C2H6O2,62.036765480,RC2_0018_ICR-1_p08
649.177886202,711.214659360,62.036773159,Other,random,C2H6O2,62.036765480,RC2_0018_ICR-1_p08
359.186326864,421.223101023,62.036774159,Other,random,C2H6O2,62.036765480,RC2_0018_ICR-1_p08
437.137212536,499.173986694,62.036774159,Other,random,C2H6O2,62.036765480,RC2_0018_ICR-1_p08
471.166017187,533.202791346,62.036774159,Other,random,C2H6O2,62.036765480,RC2_0018_ICR-1_p08
347.126554678,409.163329837,62.036775159,Other,random,C2H6O2,62.036765480,RC2_0018_ICR-1_p08
311.149929980,373.186705138,62.036775159,Other,random,C2H6O2,62.036765480,RC2_0018_ICR-1_p08
359.199232792,421.236007951,62.036775159,Other,random,C2H6O2,62.036765480,RC2_0018_ICR-1_p08
437.217903082,499.254678241,62.036775159,Other,random,C2H6O2,62.036765480,RC2_0018_ICR-1_p08
421.186767227,485.148661561,63.961894333,Other,random,O2S1,63.961902000,RC2_0018_ICR-1_p08
389.191147143,453.153052477,63.961905333,Other,random,O2S1,63.961902000,RC2_0018_ICR-1_p08
304.103845601,368.075254881,63.971409280,Other,random,H1O2P1,63.971418000,RC2_0018_ICR-1_p08
305.103027982,369.074437262,63.971409280,Other,random,H1O2P1,63.971418000,RC2_0018_ICR-1_p08
364.140123009,428.111533288,63.971410280,Other,random,H1O2P1,63.971418000,RC2_0018_ICR-1_p08
307.118651648,371.090062928,63.971411280,Other,random,H1O2P1,63.971418000,RC2_0018_ICR-1_p08
263.092574213,327.063989493,63.971415280,Other,random,H1O2P1,63.971418000,RC2_0018_ICR-1_p08
299.150018457,363.121434737,63.971416280,Other,random,H1O2P1,63.971418000,RC2_0018_ICR-1_p08
321.134254837,385.105673116,63.971418280,Other,random,H1O2P1,63.971418000,RC2_0018_ICR-1_p08
335.113503229,399.084921509,63.971418280,Other,random,H1O2P1,63.971418000,RC2_0018_ICR-1_p08
283.118813603,347.090232882,63.971419280,Other,random,H1O2P1,63.971418000,RC2_0018_ICR-1_p08
371.134626678,435.106045957,63.971419280,Other,random,H1O2P1,63.971418000,RC2_0018_ICR-1_p08
395.061853131,459.033272411,63.971419280,Other,random,H1O2P1,63.971418000,RC2_0018_ICR-1_p08
527.249668821,591.221091101,63.971422280,Other,random,H1O2P1,63.971418000,RC2_0018_ICR-1_p08
345.118953967,409.090377247,63.971423280,Other,random,H1O2P1,63.971418000,RC2_0018_ICR-1_p08
279.123820067,343.095244347,63.971424280,Other,random,H1O2P1,63.971418000,RC2_0018_ICR-1_p08
255.123872022,319.095298302,63.971426280,Other,random,H1O2P1,63.971418000,RC2_0018_ICR-1_p08
403.160778590,467.132204870,63.971426280,Other,random,H1O2P1,63.971418000,RC2_0018_ICR-1_p08
349.165516213,413.136943493,63.971427280,Other,random,H1O2P1,63.971418000,RC2_0018_ICR-1_p08
249.076938025,313.048365305,63.971427280,Other,random,H1O2P1,63.971418000,RC2_0018_ICR-1_p08
431.061844698,495.041495932,63.979651234,Other,random,O4,63.979660000,RC2_0018_ICR-1_p08
233.045621171,297.025272405,63.979651234,Other,random,O4,63.979660000,RC2_0018_ICR-1_p08
339.072047970,403.051699203,63.979651234,Other,random,O4,63.979660000,RC2_0018_ICR-1_p08
377.160298794,441.139951028,63.979652234,Other,random,O4,63.979660000,RC2_0018_ICR-1_p08
403.066921118,467.046573351,63.979652234,Other,random,O4,63.979660000,RC2_0018_ICR-1_p08
413.154765392,477.134418626,63.979653234,Other,random,O4,63.979660000,RC2_0018_ICR-1_p08
435.238717211,499.218370445,63.979653234,Other,random,O4,63.979660000,RC2_0018_ICR-1_p08
387.144773650,451.124426884,63.979653234,Other,random,O4,63.979660000,RC2_0018_ICR-1_p08
344.090484750,408.070137984,63.979653234,Other,random,O4,63.979660000,RC2_0018_ICR-1_p08
349.201939008,413.181593242,63.979654234,Other,random,O4,63.979660000,RC2_0018_ICR-1_p08
299.092446781,363.072102014,63.979655234,Other,random,O4,63.979660000,RC2_0018_ICR-1_p08
337.092826099,401.072481333,63.979655234,Other,random,O4,63.979660000,RC2_0018_ICR-1_p08
619.203488752,683.183144985,63.979656234,Other,random,O4,63.979660000,RC2_0018_ICR-1_p08
369.100973113,433.080629347,63.979656234,Other,random,O4,63.979660000,RC2_0018_ICR-1_p08
345.061430291,409.041086524,63.979656234,Other,random,O4,63.979660000,RC2_0018_ICR-1_p08
276.051290344,340.030947578,63.979657234,Other,random,O4,63.979660000,RC2_0018_ICR-1_p08
415.152838157,479.132495391,63.979657234,Other,random,O4,63.979660000,RC2_0018_ICR-1_p08
399.194146895,463.173805128,63.979658234,Other,random,O4,63.979660000,RC2_0018_ICR-1_p08
433.222952546,497.202610780,63.979658234,Other,random,O4,63.979660000,RC2_0018_ICR-1_p08
516.114875434,580.094533667,63.979658234,Other,random,O4,63.979660000,RC2_0018_ICR-1_p08
316.082511243,380.062170477,63.979659234,Other,random,O4,63.979660000,RC2_0018_ICR-1_p08
623.141057610,687.120716844,63.979659234,Other,random,O4,63.979660000,RC2_0018_ICR-1_p08
395.090194972,459.069856206,63.979661234,Other,random,O4,63.979660000,RC2_0018_ICR-1_p08
487.246801763,551.226462996,63.979661234,Other,random,O4,63.979660000,RC2_0018_ICR-1_p08
327.063989493,391.043650726,63.979661234,Other,random,O4,63.979660000,RC2_0018_ICR-1_p08
363.194244327,427.173905561,63.979661234,Other,random,O4,63.979660000,RC2_0018_ICR-1_p08
532.182231085,596.161892318,63.979661234,Other,random,O4,63.979660000,RC2_0018_ICR-1_p08
399.121472304,463.101134537,63.979662234,Other,random,O4,63.979660000,RC2_0018_ICR-1_p08
379.103195869,443.082858103,63.979662234,Other,random,O4,63.979660000,RC2_0018_ICR-1_p08
503.119455509,567.099117742,63.979662234,Other,random,O4,63.979660000,RC2_0018_ICR-1_p08
355.058806074,419.038470308,63.979664233,Other,random,O4,63.979660000,RC2_0018_ICR-1_p08
518.102575256,582.082239490,63.979664233,Other,random,O4,63.979660000,RC2_0018_ICR-1_p08
351.181172879,415.160838112,63.979665233,Other,random,O4,63.979660000,RC2_0018_ICR-1_p08
504.114541913,568.094207147,63.979665233,Other,random,O4,63.979660000,RC2_0018_ICR-1_p08
339.144749561,403.124415795,63.979666233,Other,random,O4,63.979660000,RC2_0018_ICR-1_p08
379.175962460,443.155628693,63.979666233,Other,random,O4,63.979660000,RC2_0018_ICR-1_p08
399.139250204,463.118917437,63.979667233,Other,random,O4,63.979660000,RC2_0018_ICR-1_p08
417.118983101,481.098650335,63.979667233,Other,random,O4,63.979660000,RC2_0018_ICR-1_p08
561.270534517,625.250202750,63.979668233,Other,random,O4,63.979660000,RC2_0018_ICR-1_p08
325.092754577,389.072423811,63.979669233,Other,random,O4,63.979660000,RC2_0018_ICR-1_p08
409.077449320,473.057118553,63.979669233,Other,random,O4,63.979660000,RC2_0018_ICR-1_p08
405.118884579,469.108052759,63.989168180,Other,random,H1O4S_1P1,63.989176000,RC2_0018_ICR-1_p08
339.108453765,403.097628945,63.989175180,Other,random,H1O4S_1P1,63.989176000,RC2_0018_ICR-1_p08
373.186705138,437.175881318,63.989176180,Other,random,H1O4S_1P1,63.989176000,RC2_0018_ICR-1_p08
353.196901544,417.186078724,63.989177180,Other,random,H1O4S_1P1,63.989176000,RC2_0018_ICR-1_p08
285.080312573,349.069490753,63.989178180,Other,random,H1O4S_1P1,63.989176000,RC2_0018_ICR-1_p08
323.186402297,387.175585477,63.989183180,Other,random,H1O4S_1P1,63.989176000,RC2_0018_ICR-1_p08
315.072151925,379.061337105,63.989185180,Other,random,H1O4S_1P1,63.989176000,RC2_0018_ICR-1_p08
501.088616928,565.083552076,63.994935148,Other,random,C4O,63.994945130,RC2_0018_ICR-1_p08
397.180998215,461.175933363,63.994935148,Other,random,C4O,63.994945130,RC2_0018_ICR-1_p08
499.173986694,563.168921842,63.994935148,Other,random,C4O,63.994945130,RC2_0018_ICR-1_p08
503.132590435,567.127525582,63.994935148,Other,random,C4O,63.994945130,RC2_0018_ICR-1_p08
507.041562454,571.036497602,63.994935148,Other,random,C4O,63.994945130,RC2_0018_ICR-1_p08
322.106138371,386.101073519,63.994935148,Other,random,C4O,63.994945130,RC2_0018_ICR-1_p08
447.142632274,511.137567422,63.994935148,Other,random,C4O,63.994945130,RC2_0018_ICR-1_p08
467.082888147,531.077824295,63.994936148,Other,random,C4O,63.994945130,RC2_0018_ICR-1_p08
387.129489736,451.124426884,63.994937148,Other,random,C4O,63.994945130,RC2_0018_ICR-1_p08
526.083793377,590.078730525,63.994937148,Other,random,C4O,63.994945130,RC2_0018_ICR-1_p08
665.136312465,729.131249613,63.994937148,Other,random,C4O,63.994945130,RC2_0018_ICR-1_p08
393.191744647,457.186682795,63.994938148,Other,random,C4O,63.994945130,RC2_0018_ICR-1_p08
543.280959675,607.275898822,63.994939148,Other,random,C4O,63.994945130,RC2_0018_ICR-1_p08
449.194522736,513.189461884,63.994939148,Other,random,C4O,63.994945130,RC2_0018_ICR-1_p08
663.156946596,727.151885743,63.994939148,Other,random,C4O,63.994945130,RC2_0018_ICR-1_p08
365.137149402,429.132088550,63.994939148,Other,random,C4O,63.994945130,RC2_0018_ICR-1_p08
463.197049998,527.191990145,63.994940148,Other,random,C4O,63.994945130,RC2_0018_ICR-1_p08
423.196692925,487.191634073,63.994941148,Other,random,C4O,63.994945130,RC2_0018_ICR-1_p08
655.188528403,719.183469551,63.994941148,Other,random,C4O,63.994945130,RC2_0018_ICR-1_p08
410.122159445,474.117101593,63.994942148,Other,random,C4O,63.994945130,RC2_0018_ICR-1_p08
553.156403144,617.151345291,63.994942148,Other,random,C4O,63.994945130,RC2_0018_ICR-1_p08
407.061800654,471.056742802,63.994942148,Other,random,C4O,63.994945130,RC2_0018_ICR-1_p08
379.139658664,443.134601812,63.994943148,Other,random,C4O,63.994945130,RC2_0018_ICR-1_p08
387.194219372,451.189162520,63.994943148,Other,random,C4O,63.994945130,RC2_0018_ICR-1_p08
435.165934621,499.160877768,63.994943148,Other,random,C4O,63.994945130,RC2_0018_ICR-1_p08
595.203330708,659.198273856,63.994943148,Other,random,C4O,63.994945130,RC2_0018_ICR-1_p08
507.200206562,571.195149710,63.994943148,Other,random,C4O,63.994945130,RC2_0018_ICR-1_p08
543.200256129,607.195200276,63.994944148,Other,random,C4O,63.994945130,RC2_0018_ICR-1_p08
665.281998646,729.276942794,63.994944148,Other,random,C4O,63.994945130,RC2_0018_ICR-1_p08
667.224948721,731.219892868,63.994944148,Other,random,C4O,63.994945130,RC2_0018_ICR-1_p08
545.252370589,609.247315737,63.994945148,Other,random,C4O,63.994945130,RC2_0018_ICR-1_p08
635.271206401,699.266151549,63.994945148,Other,random,C4O,63.994945130,RC2_0018_ICR-1_p08
370.049425780,434.044370927,63.994945148,Other,random,C4O,63.994945130,RC2_0018_ICR-1_p08
437.194498214,501.189443361,63.994945148,Other,random,C4O,63.994945130,RC2_0018_ICR-1_p08
609.218999896,673.213945044,63.994945148,Other,random,C4O,63.994945130,RC2_0018_ICR-1_p08
296.077618733,360.072564881,63.994946148,Other,random,C4O,63.994945130,RC2_0018_ICR-1_p08
567.208492127,631.203438275,63.994946148,Other,random,C4O,63.994945130,RC2_0018_ICR-1_p08
331.168148415,395.163095562,63.994947148,Other,random,C4O,63.994945130,RC2_0018_ICR-1_p08
433.150265955,497.145213103,63.994947148,Other,random,C4O,63.994945130,RC2_0018_ICR-1_p08
437.035923105,501.030870253,63.994947148,Other,random,C4O,63.994945130,RC2_0018_ICR-1_p08
441.030864641,505.025811789,63.994947148,Other,random,C4O,63.994945130,RC2_0018_ICR-1_p08
465.067479480,529.062426628,63.994947148,Other,random,C4O,63.994945130,RC2_0018_ICR-1_p08
349.105776549,413.100724696,63.994948148,Other,random,C4O,63.994945130,RC2_0018_ICR-1_p08
530.115361707,594.110309854,63.994948148,Other,random,C4O,63.994945130,RC2_0018_ICR-1_p08
319.045898580,383.040847727,63.994949148,Other,random,C4O,63.994945130,RC2_0018_ICR-1_p08
629.136084900,693.131034047,63.994949148,Other,random,C4O,63.994945130,RC2_0018_ICR-1_p08
461.093670825,525.088620973,63.994950148,Other,random,C4O,63.994945130,RC2_0018_ICR-1_p08
439.210349878,503.205300026,63.994950148,Other,random,C4O,63.994945130,RC2_0018_ICR-1_p08
325.092754577,389.087704725,63.994950148,Other,random,C4O,63.994945130,RC2_0018_ICR-1_p08
391.225513704,455.220463851,63.994950148,Other,random,C4O,63.994945130,RC2_0018_ICR-1_p08
405.118884579,469.113834727,63.994950148,Other,random,C4O,63.994945130,RC2_0018_ICR-1_p08
336.108756633,400.103707780,63.994951148,Other,random,C4O,63.994945130,RC2_0018_ICR-1_p08
361.178668661,425.173619809,63.994951148,Other,random,C4O,63.994945130,RC2_0018_ICR-1_p08
383.134591200,447.129542348,63.994951148,Other,random,C4O,63.994945130,RC2_0018_ICR-1_p08
595.094318321,659.089270469,63.994952148,Other,random,C4O,63.994945130,RC2_0018_ICR-1_p08
409.041086524,473.036038672,63.994952148,Other,random,C4O,63.994945130,RC2_0018_ICR-1_p08
482.057540943,546.052493090,63.994952148,Other,random,C4O,63.994945130,RC2_0018_ICR-1_p08
399.129537258,463.124489406,63.994952148,Other,random,C4O,63.994945130,RC2_0018_ICR-1_p08
505.119914260,569.114867407,63.994953148,Other,random,C4O,63.994945130,RC2_0018_ICR-1_p08
367.116402273,431.111355420,63.994953148,Other,random,C4O,63.994945130,RC2_0018_ICR-1_p08
405.132003506,469.126956653,63.994953148,Other,random,C4O,63.994945130,RC2_0018_ICR-1_p08
551.249819865,615.244773012,63.994953148,Other,random,C4O,63.994945130,RC2_0018_ICR-1_p08
423.142526230,487.137480377,63.994954148,Other,random,C4O,63.994945130,RC2_0018_ICR-1_p08
537.174404013,601.169358160,63.994954148,Other,random,C4O,63.994945130,RC2_0018_ICR-1_p08
671.147001666,735.141955814,63.994954148,Other,random,C4O,63.994945130,RC2_0018_ICR-1_p08
725.302869140,789.298862282,63.995993142,Other,random,C1H1O2F1,63.996000000,RC2_0018_ICR-1_p08
405.186014202,469.184293331,63.998279129,Other,random,C1H4O1S1,63.998287000,RC2_0018_ICR-1_p08
379.139658664,443.137942793,63.998284129,Other,random,C1H4O1S1,63.998287000,RC2_0018_ICR-1_p08
381.155172331,445.153456459,63.998284129,Other,random,C1H4O1S1,63.998287000,RC2_0018_ICR-1_p08
249.076938025,313.075223154,63.998285129,Other,random,C1H4O1S1,63.998287000,RC2_0018_ICR-1_p08
327.072060447,391.070345576,63.998285129,Other,random,C1H4O1S1,63.998287000,RC2_0018_ICR-1_p08
359.144237101,423.142526230,63.998289129,Other,random,C1H4O1S1,63.998287000,RC2_0018_ICR-1_p08
367.139622142,431.137916271,63.998294129,Other,random,C1H4O1S1,63.998287000,RC2_0018_ICR-1_p08
431.165428116,495.163724245,63.998296129,Other,random,C1H4O1S1,63.998287000,RC2_0018_ICR-1_p08
353.160383749,417.176408778,64.016025029,Other,random,C1H4O3,64.016034440,RC2_0018_ICR-1_p08
372.035951609,436.051976638,64.016025029,Other,random,C1H4O3,64.016034440,RC2_0018_ICR-1_p08
421.186767227,485.202792256,64.016025029,Other,random,C1H4O3,64.016034440,RC2_0018_ICR-1_p08
351.035673697,415.051698726,64.016025029,Other,random,C1H4O3,64.016034440,RC2_0018_ICR-1_p08
304.046225925,368.062251954,64.016026029,Other,random,C1H4O3,64.016034440,RC2_0018_ICR-1_p08
409.105702161,473.121728190,64.016026029,Other,random,C1H4O3,64.016034440,RC2_0018_ICR-1_p08
635.226858650,699.242885679,64.016027029,Other,random,C1H4O3,64.016034440,RC2_0018_ICR-1_p08
429.132088550,493.148116579,64.016028029,Other,random,C1H4O3,64.016034440,RC2_0018_ICR-1_p08
541.135162741,605.151190770,64.016028029,Other,random,C1H4O3,64.016034440,RC2_0018_ICR-1_p08
339.144749561,403.160778590,64.016029029,Other,random,C1H4O3,64.016034440,RC2_0018_ICR-1_p08
406.049399347,470.065428376,64.016029029,Other,random,C1H4O3,64.016034440,RC2_0018_ICR-1_p08
427.152741680,491.168770709,64.016029029,Other,random,C1H4O3,64.016034440,RC2_0018_ICR-1_p08
429.046294032,493.062323061,64.016029029,Other,random,C1H4O3,64.016034440,RC2_0018_ICR-1_p08
357.038033945,421.054063974,64.016030029,Other,random,C1H4O3,64.016034440,RC2_0018_ICR-1_p08
687.230011229,751.246041258,64.016030029,Other,random,C1H4O3,64.016034440,RC2_0018_ICR-1_p08
501.226082155,565.242113184,64.016031029,Other,random,C1H4O3,64.016034440,RC2_0018_ICR-1_p08
551.104454682,615.120485711,64.016031029,Other,random,C1H4O3,64.016034440,RC2_0018_ICR-1_p08
409.041086524,473.057118553,64.016032029,Other,random,C1H4O3,64.016034440,RC2_0018_ICR-1_p08
425.072339378,489.088371407,64.016032029,Other,random,C1H4O3,64.016034440,RC2_0018_ICR-1_p08
463.160781202,527.176814231,64.016033029,Other,random,C1H4O3,64.016034440,RC2_0018_ICR-1_p08
405.037804035,469.053837064,64.016033029,Other,random,C1H4O3,64.016034440,RC2_0018_ICR-1_p08
507.215574476,571.231607504,64.016033029,Other,random,C1H4O3,64.016034440,RC2_0018_ICR-1_p08
655.276549908,719.292582937,64.016033029,Other,random,C1H4O3,64.016034440,RC2_0018_ICR-1_p08
335.113503229,399.129537258,64.016034029,Other,random,C1H4O3,64.016034440,RC2_0018_ICR-1_p08
391.030533800,455.046568829,64.016035029,Other,random,C1H4O3,64.016034440,RC2_0018_ICR-1_p08
585.234405765,649.250440794,64.016035029,Other,random,C1H4O3,64.016034440,RC2_0018_ICR-1_p08
379.175962460,443.191998489,64.016036029,Other,random,C1H4O3,64.016034440,RC2_0018_ICR-1_p08
355.113010769,419.129046798,64.016036029,Other,random,C1H4O3,64.016034440,RC2_0018_ICR-1_p08
613.120508957,677.136544986,64.016036029,Other,random,C1H4O3,64.016034440,RC2_0018_ICR-1_p08
407.061800654,471.077836683,64.016036029,Other,random,C1H4O3,64.016034440,RC2_0018_ICR-1_p08
411.121443826,475.137479855,64.016036029,Other,random,C1H4O3,64.016034440,RC2_0018_ICR-1_p08
431.098258494,495.114294523,64.016036029,Other,random,C1H4O3,64.016034440,RC2_0018_ICR-1_p08
487.210426967,551.226462996,64.016036029,Other,random,C1H4O3,64.016034440,RC2_0018_ICR-1_p08
233.045621171,297.061659200,64.016038029,Other,random,C1H4O3,64.016034440,RC2_0018_ICR-1_p08
370.056775738,434.072813767,64.016038029,Other,random,C1H4O3,64.016034440,RC2_0018_ICR-1_p08
471.215339910,535.231377939,64.016038029,Other,random,C1H4O3,64.016034440,RC2_0018_ICR-1_p08
359.162983996,423.179023025,64.016039029,Other,random,C1H4O3,64.016034440,RC2_0018_ICR-1_p08
429.191678215,493.207717244,64.016039029,Other,random,C1H4O3,64.016034440,RC2_0018_ICR-1_p08
447.129542348,511.145581377,64.016039029,Other,random,C1H4O3,64.016034440,RC2_0018_ICR-1_p08
527.046951961,591.062990990,64.016039029,Other,random,C1H4O3,64.016034440,RC2_0018_ICR-1_p08
597.198131491,661.214170520,64.016039029,Other,random,C1H4O3,64.016034440,RC2_0018_ICR-1_p08
485.145233580,549.161272609,64.016039029,Other,random,C1H4O3,64.016034440,RC2_0018_ICR-1_p08
369.082494217,433.098534246,64.016040029,Other,random,C1H4O3,64.016034440,RC2_0018_ICR-1_p08
389.137012448,453.153052477,64.016040029,Other,random,C1H4O3,64.016034440,RC2_0018_ICR-1_p08
589.156487710,653.172527739,64.016040029,Other,random,C1H4O3,64.016034440,RC2_0018_ICR-1_p08
593.094510566,657.110550595,64.016040029,Other,random,C1H4O3,64.016034440,RC2_0018_ICR-1_p08
343.168110937,407.184150966,64.016040029,Other,random,C1H4O3,64.016034440,RC2_0018_ICR-1_p08
502.062709451,566.078749480,64.016040029,Other,random,C1H4O3,64.016034440,RC2_0018_ICR-1_p08
361.129068940,425.145109969,64.016041029,Other,random,C1H4O3,64.016034440,RC2_0018_ICR-1_p08
353.124115953,417.140156982,64.016041029,Other,random,C1H4O3,64.016034440,RC2_0018_ICR-1_p08
357.110821535,421.126862564,64.016041029,Other,random,C1H4O3,64.016034440,RC2_0018_ICR-1_p08
369.155296808,433.171337837,64.016041029,Other,random,C1H4O3,64.016034440,RC2_0018_ICR-1_p08
311.069088434,375.085130463,64.016042029,Other,random,C1H4O3,64.016034440,RC2_0018_ICR-1_p08
375.035555742,439.051597771,64.016042029,Other,random,C1H4O3,64.016034440,RC2_0018_ICR-1_p08
399.121472304,463.137514333,64.016042029,Other,random,C1H4O3,64.016034440,RC2_0018_ICR-1_p08
415.030477845,479.046519874,64.016042029,Other,random,C1H4O3,64.016034440,RC2_0018_ICR-1_p08
549.234280199,613.250322227,64.016042029,Other,random,C1H4O3,64.016034440,RC2_0018_ICR-1_p08
445.150241477,509.166284506,64.016043029,Other,random,C1H4O3,64.016034440,RC2_0018_ICR-1_p08
577.221022825,641.237065854,64.016043029,Other,random,C1H4O3,64.016034440,RC2_0018_ICR-1_p08
374.051647275,438.067690304,64.016043029,Other,random,C1H4O3,64.016034440,RC2_0018_ICR-1_p08
465.030992685,529.047036714,64.016044029,Other,random,C1H4O3,64.016034440,RC2_0018_ICR-1_p08
349.056375827,413.072419856,64.016044029,Other,random,C1H4O3,64.016034440,RC2_0018_ICR-1_p08
347.126554678,411.142598707,64.016044029,Other,random,C1H4O3,64.016034440,RC2_0018_ICR-1_p08
549.226122244,613.242166273,64.016044029,Other,random,C1H4O3,64.016034440,RC2_0018_ICR-1_p08
561.234158722,625.250202750,64.016044029,Other,random,C1H4O3,64.016034440,RC2_0018_ICR-1_p08
541.119899827,605.151190770,64.031290943,Other,random,C5H4,64.031300000,RC2_0018_ICR-1_p08
587.190120768,651.221411711,64.031290943,Other,random,C5H4,64.031300000,RC2_0018_ICR-1_p08
333.110905490,397.142196433,64.031290943,Other,random,C5H4,64.031300000,RC2_0018_ICR-1_p08
649.141561406,713.172852349,64.031290943,Other,random,C5H4,64.031300000,RC2_0018_ICR-1_p08
425.072339378,489.103630321,64.031290943,Other,random,C5H4,64.031300000,RC2_0018_ICR-1_p08
491.155723782,555.187015725,64.031291943,Other,random,C5H4,64.031300000,RC2_0018_ICR-1_p08
465.189517794,529.220810737,64.031292943,Other,random,C5H4,64.031300000,RC2_0018_ICR-1_p08
379.175962460,443.207255403,64.031292943,Other,random,C5H4,64.031300000,RC2_0018_ICR-1_p08
427.088122043,491.119414986,64.031292943,Other,random,C5H4,64.031300000,RC2_0018_ICR-1_p08
438.067690304,502.098983247,64.031292943,Other,random,C5H4,64.031300000,RC2_0018_ICR-1_p08
605.078715178,669.110009121,64.031293943,Other,random,C5H4,64.031300000,RC2_0018_ICR-1_p08
347.134650633,411.165945576,64.031294943,Other,random,C5H4,64.031300000,RC2_0018_ICR-1_p08
655.188528403,719.219823346,64.031294943,Other,random,C5H4,64.031300000,RC2_0018_ICR-1_p08
315.100332766,379.131628709,64.031295943,Other,random,C5H4,64.031300000,RC2_0018_ICR-1_p08
379.030413278,443.061709222,64.031295943,Other,random,C5H4,64.031300000,RC2_0018_ICR-1_p08
517.184489419,581.215785362,64.031295943,Other,random,C5H4,64.031300000,RC2_0018_ICR-1_p08
711.214659360,775.245957304,64.031297943,Other,random,C5H4,64.031300000,RC2_0018_ICR-1_p08
337.129165895,401.160463838,64.031297943,Other,random,C5H4,64.031300000,RC2_0018_ICR-1_p08
395.134552723,459.165850666,64.031297943,Other,random,C5H4,64.031300000,RC2_0018_ICR-1_p08
469.135013608,533.166311551,64.031297943,Other,random,C5H4,64.031300000,RC2_0018_ICR-1_p08
589.047468323,653.078766267,64.031297943,Other,random,C5H4,64.031300000,RC2_0018_ICR-1_p08
397.150170389,461.181469332,64.031298943,Other,random,C5H4,64.031300000,RC2_0018_ICR-1_p08
545.078640566,609.109939509,64.031298943,Other,random,C5H4,64.031300000,RC2_0018_ICR-1_p08
363.072102014,427.103401957,64.031299943,Other,random,C5H4,64.031300000,RC2_0018_ICR-1_p08
357.082606694,421.113906637,64.031299943,Other,random,C5H4,64.031300000,RC2_0018_ICR-1_p08
373.142179389,437.173479332,64.031299943,Other,random,C5H4,64.031300000,RC2_0018_ICR-1_p08
401.145151924,465.176451867,64.031299943,Other,random,C5H4,64.031300000,RC2_0018_ICR-1_p08
683.183144985,747.214444929,64.031299943,Other,random,C5H4,64.031300000,RC2_0018_ICR-1_p08
405.140094460,469.171394403,64.031299943,Other,random,C5H4,64.031300000,RC2_0018_ICR-1_p08
463.173805128,527.205106072,64.031300943,Other,random,C5H4,64.031300000,RC2_0018_ICR-1_p08
639.193364346,703.224665289,64.031300943,Other,random,C5H4,64.031300000,RC2_0018_ICR-1_p08
657.167632274,721.198933217,64.031300943,Other,random,C5H4,64.031300000,RC2_0018_ICR-1_p08
559.203513140,623.234814083,64.031300943,Other,random,C5H4,64.031300000,RC2_0018_ICR-1_p08
491.132533913,555.163835856,64.031301943,Other,random,C5H4,64.031300000,RC2_0018_ICR-1_p08
641.172754216,705.204056159,64.031301943,Other,random,C5H4,64.031300000,RC2_0018_ICR-1_p08
521.106785363,585.138088306,64.031302943,Other,random,C5H4,64.031300000,RC2_0018_ICR-1_p08
340.103690169,404.134993112,64.031302943,Other,random,C5H4,64.031300000,RC2_0018_ICR-1_p08
377.064416333,441.095719277,64.031302943,Other,random,C5H4,64.031300000,RC2_0018_ICR-1_p08
401.181564719,465.212867663,64.031302943,Other,random,C5H4,64.031300000,RC2_0018_ICR-1_p08
523.158817824,587.190120768,64.031302943,Other,random,C5H4,64.031300000,RC2_0018_ICR-1_p08
699.287713427,763.319016370,64.031302943,Other,random,C5H4,64.031300000,RC2_0018_ICR-1_p08
325.056400782,389.087704725,64.031303943,Other,random,C5H4,64.031300000,RC2_0018_ICR-1_p08
507.127485971,571.158789914,64.031303943,Other,random,C5H4,64.031300000,RC2_0018_ICR-1_p08
419.147673694,483.178977637,64.031303943,Other,random,C5H4,64.031300000,RC2_0018_ICR-1_p08
367.139622142,431.170927085,64.031304943,Other,random,C5H4,64.031300000,RC2_0018_ICR-1_p08
367.176146937,431.207451880,64.031304943,Other,random,C5H4,64.031300000,RC2_0018_ICR-1_p08
423.129405304,487.160710247,64.031304943,Other,random,C5H4,64.031300000,RC2_0018_ICR-1_p08
453.176517345,517.207822288,64.031304943,Other,random,C5H4,64.031300000,RC2_0018_ICR-1_p08
395.147681649,459.178986592,64.031304943,Other,random,C5H4,64.031300000,RC2_0018_ICR-1_p08
358.049425257,422.080730201,64.031304943,Other,random,C5H4,64.031300000,RC2_0018_ICR-1_p08
365.160373272,429.191678215,64.031304943,Other,random,C5H4,64.031300000,RC2_0018_ICR-1_p08
366.132240807,430.163545750,64.031304943,Other,random,C5H4,64.031300000,RC2_0018_ICR-1_p08
383.134591200,447.165896143,64.031304943,Other,random,C5H4,64.031300000,RC2_0018_ICR-1_p08
427.124418839,491.155723782,64.031304943,Other,random,C5H4,64.031300000,RC2_0018_ICR-1_p08
389.173446243,453.204752186,64.031305943,Other,random,C5H4,64.031300000,RC2_0018_ICR-1_p08
641.136343420,705.167649364,64.031305943,Other,random,C5H4,64.031300000,RC2_0018_ICR-1_p08
353.154772781,417.186078724,64.031305943,Other,random,C5H4,64.031300000,RC2_0018_ICR-1_p08
545.114903362,609.146210305,64.031306943,Other,random,C5H4,64.031300000,RC2_0018_ICR-1_p08
363.121434737,427.152741680,64.031306943,Other,random,C5H4,64.031300000,RC2_0018_ICR-1_p08
515.177061707,579.208368650,64.031306943,Other,random,C5H4,64.031300000,RC2_0018_ICR-1_p08
583.057967003,647.089273946,64.031306943,Other,random,C5H4,64.031300000,RC2_0018_ICR-1_p08
381.095491666,445.126798609,64.031306943,Other,random,C5H4,64.031300000,RC2_0018_ICR-1_p08
437.145089492,501.176397435,64.031307943,Other,random,C5H4,64.031300000,RC2_0018_ICR-1_p08
783.236240373,847.267548316,64.031307943,Other,random,C5H4,64.031300000,RC2_0018_ICR-1_p08
371.134626678,435.165934621,64.031307943,Other,random,C5H4,64.031300000,RC2_0018_ICR-1_p08
385.040961480,449.072270423,64.031308943,Other,random,C5H4,64.031300000,RC2_0018_ICR-1_p08
439.197276952,503.228586895,64.031309943,Other,random,C5H4,64.031300000,RC2_0018_ICR-1_p08
331.095213825,395.126523768,64.031309943,Other,random,C5H4,64.031300000,RC2_0018_ICR-1_p08
395.129003754,459.160313697,64.031309943,Other,random,C5H4,64.031300000,RC2_0018_ICR-1_p08
455.119437419,519.150747362,64.031309943,Other,random,C5H4,64.031300000,RC2_0018_ICR-1_p08
499.173986694,563.205296638,64.031309943,Other,random,C5H4,64.031300000,RC2_0018_ICR-1_p08
339.108453765,404.134993112,65.026539347,Other,random,C4H3N1,65.026549000,RC2_0018_ICR-1_p08
283.045949012,348.072489359,65.026540347,Other,random,C4H3N1,65.026549000,RC2_0018_ICR-1_p08
329.124132908,394.150673255,65.026540347,Other,random,C4H3N1,65.026549000,RC2_0018_ICR-1_p08
325.020085986,390.046627333,65.026541347,Other,random,C4H3N1,65.026549000,RC2_0018_ICR-1_p08
499.109153059,564.135701406,65.026548347,Other,random,C4H3N1,65.026549000,RC2_0018_ICR-1_p08
529.119961304,594.146511651,65.026550347,Other,random,C4H3N1,65.026549000,RC2_0018_ICR-1_p08
385.077536275,450.104088621,65.026552347,Other,random,C4H3N1,65.026549000,RC2_0018_ICR-1_p08
281.030325346,346.056878693,65.026553347,Other,random,C4H3N1,65.026549000,RC2_0018_ICR-1_p08
527.104293638,592.130848985,65.026555347,Other,random,C4H3N1,65.026549000,RC2_0018_ICR-1_p08
325.105888503,390.132444850,65.026556347,Other,random,C4H3N1,65.026549000,RC2_0018_ICR-1_p08
383.025376814,448.051934161,65.026557347,Other,random,C4H3N1,65.026549000,RC2_0018_ICR-1_p08
295.046006534,360.072564881,65.026558347,Other,random,C4H3N1,65.026549000,RC2_0018_ICR-1_p08
516.099657519,581.131131838,65.031474319,Other,random,NA_4,65.031478900,RC2_0018_ICR-1_p08
365.160373272,431.137916271,65.977542999,Other,random,H2O2S1,65.977552000,RC2_0018_ICR-1_p08
303.160133908,369.147192853,65.987058946,Other,random,H3O2P1,65.987068000,RC2_0018_ICR-1_p08
265.144605674,331.131665620,65.987059946,Other,random,H3O2P1,65.987068000,RC2_0018_ICR-1_p08
257.139457688,323.126517634,65.987059946,Other,random,H3O2P1,65.987068000,RC2_0018_ICR-1_p08
413.254367832,479.241429778,65.987061946,Other,random,H3O2P1,65.987068000,RC2_0018_ICR-1_p08
321.170743631,387.157806577,65.987062946,Other,random,H3O2P1,65.987068000,RC2_0018_ICR-1_p08
329.139460822,395.126523768,65.987062946,Other,random,H3O2P1,65.987068000,RC2_0018_ICR-1_p08
265.071843083,331.058906029,65.987062946,Other,random,H3O2P1,65.987068000,RC2_0018_ICR-1_p08
345.191806558,411.178869503,65.987062946,Other,random,H3O2P1,65.987068000,RC2_0018_ICR-1_p08
279.123820067,345.110884013,65.987063946,Other,random,H3O2P1,65.987068000,RC2_0018_ICR-1_p08
303.087371317,369.074437262,65.987065946,Other,random,H3O2P1,65.987068000,RC2_0018_ICR-1_p08
287.092600257,353.079667203,65.987066946,Other,random,H3O2P1,65.987068000,RC2_0018_ICR-1_p08
339.108453765,405.095520711,65.987066946,Other,random,H3O2P1,65.987068000,RC2_0018_ICR-1_p08
310.093259922,376.080328867,65.987068946,Other,random,H3O2P1,65.987068000,RC2_0018_ICR-1_p08
308.077556256,374.064626202,65.987069946,Other,random,H3O2P1,65.987068000,RC2_0018_ICR-1_p08
315.087322839,381.074393785,65.987070946,Other,random,H3O2P1,65.987068000,RC2_0018_ICR-1_p08
373.150226344,439.137297289,65.987070946,Other,random,H3O2P1,65.987068000,RC2_0018_ICR-1_p08
293.103072460,359.090145405,65.987072946,Other,random,H3O2P1,65.987068000,RC2_0018_ICR-1_p08
339.181268356,405.168341301,65.987072946,Other,random,H3O2P1,65.987068000,RC2_0018_ICR-1_p08
315.181230311,381.168303257,65.987072946,Other,random,H3O2P1,65.987068000,RC2_0018_ICR-1_p08
375.144860127,441.131933073,65.987072946,Other,random,H3O2P1,65.987068000,RC2_0018_ICR-1_p08
529.244430604,595.231504550,65.987073946,Other,random,H3O2P1,65.987068000,RC2_0018_ICR-1_p08
253.108223356,319.095298302,65.987074946,Other,random,H3O2P1,65.987068000,RC2_0018_ICR-1_p08
267.123830545,333.110905490,65.987074946,Other,random,H3O2P1,65.987068000,RC2_0018_ICR-1_p08
449.108817218,515.095892163,65.987074946,Other,random,H3O2P1,65.987068000,RC2_0018_ICR-1_p08
352.103682691,418.090758637,65.987075946,Other,random,H3O2P1,65.987068000,RC2_0018_ICR-1_p08
301.129325327,367.116402273,65.987076946,Other,random,H3O2P1,65.987068000,RC2_0018_ICR-1_p08
336.108756633,402.095833578,65.987076946,Other,random,H3O2P1,65.987068000,RC2_0018_ICR-1_p08
259.118810558,325.105888503,65.987077946,Other,random,H3O2P1,65.987068000,RC2_0018_ICR-1_p08
355.139784619,421.126862564,65.987077946,Other,random,H3O2P1,65.987068000,RC2_0018_ICR-1_p08
423.121467348,489.116768248,65.995300899,Other,random,H2O4,65.995310000,RC2_0018_ICR-1_p08
423.165949098,489.161249997,65.995300899,Other,random,H2O4,65.995310000,RC2_0018_ICR-1_p08
515.228490418,581.223791317,65.995300899,Other,random,H2O4,65.995310000,RC2_0018_ICR-1_p08
333.061472768,399.056774667,65.995301899,Other,random,H2O4,65.995310000,RC2_0018_ICR-1_p08
533.093773959,599.089076858,65.995302899,Other,random,H2O4,65.995310000,RC2_0018_ICR-1_p08
331.045794103,397.041098002,65.995303899,Other,random,H2O4,65.995310000,RC2_0018_ICR-1_p08
473.181647853,539.176951752,65.995303899,Other,random,H2O4,65.995310000,RC2_0018_ICR-1_p08
339.136697606,405.132003506,65.995305899,Other,random,H2O4,65.995310000,RC2_0018_ICR-1_p08
373.215043979,439.210349878,65.995305899,Other,random,H2O4,65.995310000,RC2_0018_ICR-1_p08
460.088487478,526.083793377,65.995305899,Other,random,H2O4,65.995310000,RC2_0018_ICR-1_p08
327.050940566,393.046246465,65.995305899,Other,random,H2O4,65.995310000,RC2_0018_ICR-1_p08
385.178514707,451.173820606,65.995305899,Other,random,H2O4,65.995310000,RC2_0018_ICR-1_p08
330.111208358,396.106515257,65.995306899,Other,random,H2O4,65.995310000,RC2_0018_ICR-1_p08
569.166623116,635.161930015,65.995306899,Other,random,H2O4,65.995310000,RC2_0018_ICR-1_p08
375.035555742,441.030864641,65.995308899,Other,random,H2O4,65.995310000,RC2_0018_ICR-1_p08
595.073366439,661.068676338,65.995309899,Other,random,H2O4,65.995310000,RC2_0018_ICR-1_p08
399.035682786,465.030992685,65.995309899,Other,random,H2O4,65.995310000,RC2_0018_ICR-1_p08
441.168368868,507.163678767,65.995309899,Other,random,H2O4,65.995310000,RC2_0018_ICR-1_p08
599.213810157,665.209120056,65.995309899,Other,random,H2O4,65.995310000,RC2_0018_ICR-1_p08
357.092265640,423.087576539,65.995310899,Other,random,H2O4,65.995310000,RC2_0018_ICR-1_p08
539.241729388,605.237040287,65.995310899,Other,random,H2O4,65.995310000,RC2_0018_ICR-1_p08
569.057398730,635.052709630,65.995310899,Other,random,H2O4,65.995310000,RC2_0018_ICR-1_p08
397.069323843,463.064634742,65.995310899,Other,random,H2O4,65.995310000,RC2_0018_ICR-1_p08
485.194754302,551.190067201,65.995312899,Other,random,H2O4,65.995310000,RC2_0018_ICR-1_p08
325.048337827,391.043650726,65.995312899,Other,random,H2O4,65.995310000,RC2_0018_ICR-1_p08
525.153193610,591.148506509,65.995312899,Other,random,H2O4,65.995310000,RC2_0018_ICR-1_p08
701.245409419,767.240722318,65.995312899,Other,random,H2O4,65.995310000,RC2_0018_ICR-1_p08
454.077780277,520.073094176,65.995313899,Other,random,H2O4,65.995310000,RC2_0018_ICR-1_p08
363.108321811,429.103636710,65.995314899,Other,random,H2O4,65.995310000,RC2_0018_ICR-1_p08
385.142215911,451.137530810,65.995314899,Other,random,H2O4,65.995310000,RC2_0018_ICR-1_p08
417.118983101,483.114298000,65.995314899,Other,random,H2O4,65.995310000,RC2_0018_ICR-1_p08
359.162983996,425.158298895,65.995314899,Other,random,H2O4,65.995310000,RC2_0018_ICR-1_p08
379.103195869,445.098510768,65.995314899,Other,random,H2O4,65.995310000,RC2_0018_ICR-1_p08
413.173570287,479.168885186,65.995314899,Other,random,H2O4,65.995310000,RC2_0018_ICR-1_p08
451.160825679,517.156140578,65.995314899,Other,random,H2O4,65.995310000,RC2_0018_ICR-1_p08
357.097807608,423.093122508,65.995314899,Other,random,H2O4,65.995310000,RC2_0018_ICR-1_p08
407.207405835,473.202721734,65.995315899,Other,random,H2O4,65.995310000,RC2_0018_ICR-1_p08
443.134601812,509.129917711,65.995315899,Other,random,H2O4,65.995310000,RC2_0018_ICR-1_p08
360.121730605,426.117047504,65.995316899,Other,random,H2O4,65.995310000,RC2_0018_ICR-1_p08
415.176048027,481.171365926,65.995317899,Other,random,H2O4,65.995310000,RC2_0018_ICR-1_p08
397.178487229,463.173805128,65.995317899,Other,random,H2O4,65.995310000,RC2_0018_ICR-1_p08
397.142196433,463.137514333,65.995317899,Other,random,H2O4,65.995310000,RC2_0018_ICR-1_p08
407.061800654,473.057118553,65.995317899,Other,random,H2O4,65.995310000,RC2_0018_ICR-1_p08
501.103798843,567.099117742,65.995318899,Other,random,H2O4,65.995310000,RC2_0018_ICR-1_p08
371.126548723,437.121868622,65.995319899,Other,random,H2O4,65.995310000,RC2_0018_ICR-1_p08
401.108736129,467.111226988,66.002490859,Other,random,C5H3Cl1O_2,66.002500000,RC2_0018_ICR-1_p08
487.254897717,553.257388576,66.002490859,Other,random,C5H3Cl1O_2,66.002500000,RC2_0018_ICR-1_p08
503.177032185,569.179525044,66.002492859,Other,random,C5H3Cl1O_2,66.002500000,RC2_0018_ICR-1_p08
313.092795055,379.095287914,66.002492859,Other,random,C5H3Cl1O_2,66.002500000,RC2_0018_ICR-1_p08
382.049436302,448.051934161,66.002497859,Other,random,C5H3Cl1O_2,66.002500000,RC2_0018_ICR-1_p08
403.087900000,469.090405859,66.002505859,Other,random,C5H3Cl1O_2,66.002500000,RC2_0018_ICR-1_p08
319.139710052,385.142215911,66.002505859,Other,random,C5H3Cl1O_2,66.002500000,RC2_0018_ICR-1_p08
461.108817740,527.111323599,66.002505859,Other,random,C5H3Cl1O_2,66.002500000,RC2_0018_ICR-1_p08
294.083008949,360.085515808,66.002506859,Other,random,C5H3Cl1O_2,66.002500000,RC2_0018_ICR-1_p08
383.170868996,449.173376855,66.002507859,Other,random,C5H3Cl1O_2,66.002500000,RC2_0018_ICR-1_p08
303.035765607,369.038274466,66.002508859,Other,random,C5H3Cl1O_2,66.002500000,RC2_0018_ICR-1_p08
447.165896143,513.176471957,66.010575813,Other,random,C4H2O,66.010584970,RC2_0018_ICR-1_p08
723.214494884,789.225070697,66.010575813,Other,random,C4H2O,66.010584970,RC2_0018_ICR-1_p08
386.080683634,452.091259447,66.010575813,Other,random,C4H2O,66.010584970,RC2_0018_ICR-1_p08
365.209890993,431.220466807,66.010575813,Other,random,C4H2O,66.010584970,RC2_0018_ICR-1_p08
449.217913604,515.228490418,66.010576813,Other,random,C4H2O,66.010584970,RC2_0018_ICR-1_p08
473.194808779,539.205385592,66.010576813,Other,random,C4H2O,66.010584970,RC2_0018_ICR-1_p08
404.062168521,470.072745335,66.010576813,Other,random,C4H2O,66.010584970,RC2_0018_ICR-1_p08
547.195239664,613.205816478,66.010576813,Other,random,C4H2O,66.010584970,RC2_0018_ICR-1_p08
554.151656547,620.162233361,66.010576813,Other,random,C4H2O,66.010584970,RC2_0018_ICR-1_p08
539.104213161,605.114789975,66.010576813,Other,random,C4H2O,66.010584970,RC2_0018_ICR-1_p08
643.151912087,709.162488900,66.010576813,Other,random,C4H2O,66.010584970,RC2_0018_ICR-1_p08
413.217829038,479.228406851,66.010577813,Other,random,C4H2O,66.010584970,RC2_0018_ICR-1_p08
673.250660837,739.261238651,66.010577813,Other,random,C4H2O,66.010584970,RC2_0018_ICR-1_p08
347.113430752,413.124008565,66.010577813,Other,random,C4H2O,66.010584970,RC2_0018_ICR-1_p08
471.187039069,537.197617882,66.010578813,Other,random,C4H2O,66.010584970,RC2_0018_ICR-1_p08
419.170967563,485.181546376,66.010578813,Other,random,C4H2O,66.010584970,RC2_0018_ICR-1_p08
322.020362854,388.030941667,66.010578813,Other,random,C4H2O,66.010584970,RC2_0018_ICR-1_p08
522.088926841,588.099506654,66.010579813,Other,random,C4H2O,66.010584970,RC2_0018_ICR-1_p08
611.161919971,677.172499784,66.010579813,Other,random,C4H2O,66.010584970,RC2_0018_ICR-1_p08
381.118962534,447.129542348,66.010579813,Other,random,C4H2O,66.010584970,RC2_0018_ICR-1_p08
413.194608168,479.205187982,66.010579813,Other,random,C4H2O,66.010584970,RC2_0018_ICR-1_p08
449.048889555,515.059469368,66.010579813,Other,random,C4H2O,66.010584970,RC2_0018_ICR-1_p08
545.224108748,611.234688562,66.010579813,Other,random,C4H2O,66.010584970,RC2_0018_ICR-1_p08
376.080328867,442.090909681,66.010580813,Other,random,C4H2O,66.010584970,RC2_0018_ICR-1_p08
573.246967172,639.257547985,66.010580813,Other,random,C4H2O,66.010584970,RC2_0018_ICR-1_p08
355.103325824,421.113906637,66.010580813,Other,random,C4H2O,66.010584970,RC2_0018_ICR-1_p08
607.094350843,673.104932657,66.010581813,Other,random,C4H2O,66.010584970,RC2_0018_ICR-1_p08
545.252370589,611.262952403,66.010581813,Other,random,C4H2O,66.010584970,RC2_0018_ICR-1_p08
563.249925387,629.260507200,66.010581813,Other,random,C4H2O,66.010584970,RC2_0018_ICR-1_p08
449.035877628,515.046459441,66.010581813,Other,random,C4H2O,66.010584970,RC2_0018_ICR-1_p08
331.095213825,397.105796638,66.010582813,Other,random,C4H2O,66.010584970,RC2_0018_ICR-1_p08
373.178573184,439.189155997,66.010582813,Other,random,C4H2O,66.010584970,RC2_0018_ICR-1_p08
379.139658664,445.150241477,66.010582813,Other,random,C4H2O,66.010584970,RC2_0018_ICR-1_p08
309.134276314,375.144860127,66.010583813,Other,random,C4H2O,66.010584970,RC2_0018_ICR-1_p08
353.160383749,419.170967563,66.010583813,Other,random,C4H2O,66.010584970,RC2_0018_ICR-1_p08
397.163221315,463.173805128,66.010583813,Other,random,C4H2O,66.010584970,RC2_0018_ICR-1_p08
471.179046114,537.189629927,66.010583813,Other,random,C4H2O,66.010584970,RC2_0018_ICR-1_p08
448.088431956,514.099015769,66.010583813,Other,random,C4H2O,66.010584970,RC2_0018_ICR-1_p08
373.105800593,439.116384407,66.010583813,Other,random,C4H2O,66.010584970,RC2_0018_ICR-1_p08
497.158337029,563.168921842,66.010584813,Other,random,C4H2O,66.010584970,RC2_0018_ICR-1_p08
411.142598707,477.153183520,66.010584813,Other,random,C4H2O,66.010584970,RC2_0018_ICR-1_p08
347.053710088,413.064295901,66.010585813,Other,random,C4H2O,66.010584970,RC2_0018_ICR-1_p08
407.171062040,473.181647853,66.010585813,Other,random,C4H2O,66.010584970,RC2_0018_ICR-1_p08
447.202157939,513.212743753,66.010585813,Other,random,C4H2O,66.010584970,RC2_0018_ICR-1_p08
393.155263852,459.165850666,66.010586813,Other,random,C4H2O,66.010584970,RC2_0018_ICR-1_p08
571.231607504,637.242194318,66.010586813,Other,random,C4H2O,66.010584970,RC2_0018_ICR-1_p08
487.246801763,553.257388576,66.010586813,Other,random,C4H2O,66.010584970,RC2_0018_ICR-1_p08
387.121390782,453.131977595,66.010586813,Other,random,C4H2O,66.010584970,RC2_0018_ICR-1_p08
365.137149402,431.147737215,66.010587813,Other,random,C4H2O,66.010584970,RC2_0018_ICR-1_p08
611.270956358,677.281544171,66.010587813,Other,random,C4H2O,66.010584970,RC2_0018_ICR-1_p08
477.067436003,543.078023816,66.010587813,Other,random,C4H2O,66.010584970,RC2_0018_ICR-1_p08
313.084699100,379.095287914,66.010588813,Other,random,C4H2O,66.010584970,RC2_0018_ICR-1_p08
403.087900000,469.098488813,66.010588813,Other,random,C4H2O,66.010584970,RC2_0018_ICR-1_p08
375.085130463,441.095719277,66.010588813,Other,random,C4H2O,66.010584970,RC2_0018_ICR-1_p08
407.128963276,473.139552090,66.010588813,Other,random,C4H2O,66.010584970,RC2_0018_ICR-1_p08
524.140806303,590.151396116,66.010589813,Other,random,C4H2O,66.010584970,RC2_0018_ICR-1_p08
367.116402273,433.126993086,66.010590813,Other,random,C4H2O,66.010584970,RC2_0018_ICR-1_p08
485.166390461,551.176981274,66.010590813,Other,random,C4H2O,66.010584970,RC2_0018_ICR-1_p08
485.230993098,551.241583911,66.010590813,Other,random,C4H2O,66.010584970,RC2_0018_ICR-1_p08
663.229768186,729.240358999,66.010590813,Other,random,C4H2O,66.010584970,RC2_0018_ICR-1_p08
543.062922901,609.073514714,66.010591813,Other,random,C4H2O,66.010584970,RC2_0018_ICR-1_p08
552.135944882,618.146536695,66.010591813,Other,random,C4H2O,66.010584970,RC2_0018_ICR-1_p08
383.162785042,449.173376855,66.010591813,Other,random,C4H2O,66.010584970,RC2_0018_ICR-1_p08
447.160370174,513.170961988,66.010591813,Other,random,C4H2O,66.010584970,RC2_0018_ICR-1_p08
333.025090973,399.035682786,66.010591813,Other,random,C4H2O,66.010584970,RC2_0018_ICR-1_p08
375.108330333,441.118922146,66.010591813,Other,random,C4H2O,66.010584970,RC2_0018_ICR-1_p08
389.051210930,455.061803743,66.010592813,Other,random,C4H2O,66.010584970,RC2_0018_ICR-1_p08
455.082930625,521.093523438,66.010592813,Other,random,C4H2O,66.010584970,RC2_0018_ICR-1_p08
519.127495493,585.138088306,66.010592813,Other,random,C4H2O,66.010584970,RC2_0018_ICR-1_p08
380.134953067,446.145545881,66.010592813,Other,random,C4H2O,66.010584970,RC2_0018_ICR-1_p08
447.129542348,513.140135161,66.010592813,Other,random,C4H2O,66.010584970,RC2_0018_ICR-1_p08
551.140751478,617.151345291,66.010593813,Other,random,C4H2O,66.010584970,RC2_0018_ICR-1_p08
327.121510169,393.132103983,66.010593813,Other,random,C4H2O,66.010584970,RC2_0018_ICR-1_p08
457.171345881,523.181939694,66.010593813,Other,random,C4H2O,66.010584970,RC2_0018_ICR-1_p08
517.171426492,583.182021306,66.010594813,Other,random,C4H2O,66.010584970,RC2_0018_ICR-1_p08
405.095520711,471.106115524,66.010594813,Other,random,C4H2O,66.010584970,RC2_0018_ICR-1_p08
489.161249997,555.171844811,66.010594813,Other,random,C4H2O,66.010584970,RC2_0018_ICR-1_p08
329.060927264,395.092624958,66.031697695,Other,random,C4O2,66.031707090,RC2_0018_ICR-1_p08
559.218505056,625.250202750,66.031697695,Other,random,C4O2,66.031707090,RC2_0018_ICR-1_p08
361.092720145,427.124418839,66.031698695,Other,random,C4O2,66.031707090,RC2_0018_ICR-1_p08
377.160298794,443.191998489,66.031699695,Other,random,C4O2,66.031707090,RC2_0018_ICR-1_p08
419.207264358,485.238965053,66.031700695,Other,random,C4O2,66.031707090,RC2_0018_ICR-1_p08
457.077656408,523.109357103,66.031700695,Other,random,C4O2,66.031707090,RC2_0018_ICR-1_p08
687.266337025,753.298037720,66.031700695,Other,random,C4O2,66.031707090,RC2_0018_ICR-1_p08
485.036193193,551.067893888,66.031700695,Other,random,C4O2,66.031707090,RC2_0018_ICR-1_p08
361.019884554,427.051585249,66.031700695,Other,random,C4O2,66.031707090,RC2_0018_ICR-1_p08
587.140826045,653.172527739,66.031701695,Other,random,C4O2,66.031707090,RC2_0018_ICR-1_p08
515.228490418,581.260192112,66.031701695,Other,random,C4O2,66.031707090,RC2_0018_ICR-1_p08
451.233645270,517.265347964,66.031702695,Other,random,C4O2,66.031707090,RC2_0018_ICR-1_p08
347.040717161,413.072419856,66.031702695,Other,random,C4O2,66.031707090,RC2_0018_ICR-1_p08
357.110821535,423.142526230,66.031704695,Other,random,C4O2,66.031707090,RC2_0018_ICR-1_p08
327.100399288,393.132103983,66.031704695,Other,random,C4O2,66.031707090,RC2_0018_ICR-1_p08
520.146259764,586.177964459,66.031704695,Other,random,C4O2,66.031707090,RC2_0018_ICR-1_p08
567.114809654,633.146514348,66.031704695,Other,random,C4O2,66.031707090,RC2_0018_ICR-1_p08
627.062750558,693.094456253,66.031705695,Other,random,C4O2,66.031707090,RC2_0018_ICR-1_p08
447.020366961,513.052072656,66.031705695,Other,random,C4O2,66.031707090,RC2_0018_ICR-1_p08
469.199672244,535.231377939,66.031705695,Other,random,C4O2,66.031707090,RC2_0018_ICR-1_p08
455.183960056,521.215665751,66.031705695,Other,random,C4O2,66.031707090,RC2_0018_ICR-1_p08
425.137064014,491.168770709,66.031706695,Other,random,C4O2,66.031707090,RC2_0018_ICR-1_p08
459.165850666,525.197557360,66.031706695,Other,random,C4O2,66.031707090,RC2_0018_ICR-1_p08
415.066942640,481.098650335,66.031707695,Other,random,C4O2,66.031707090,RC2_0018_ICR-1_p08
369.025124540,435.056833234,66.031708695,Other,random,C4O2,66.031707090,RC2_0018_ICR-1_p08
485.194754302,551.226462996,66.031708695,Other,random,C4O2,66.031707090,RC2_0018_ICR-1_p08
349.019989031,415.051698726,66.031709695,Other,random,C4O2,66.031707090,RC2_0018_ICR-1_p08
337.121062940,403.152773635,66.031710695,Other,random,C4O2,66.031707090,RC2_0018_ICR-1_p08
409.178513751,475.210224446,66.031710695,Other,random,C4O2,66.031707090,RC2_0018_ICR-1_p08
411.129514781,477.161225475,66.031710695,Other,random,C4O2,66.031707090,RC2_0018_ICR-1_p08
417.155313897,483.187024591,66.031710695,Other,random,C4O2,66.031707090,RC2_0018_ICR-1_p08
501.103798843,567.135509537,66.031710695,Other,random,C4O2,66.031707090,RC2_0018_ICR-1_p08
451.189162520,517.220874214,66.031711695,Other,random,C4O2,66.031707090,RC2_0018_ICR-1_p08
641.224269926,707.255981621,66.031711695,Other,random,C4O2,66.031707090,RC2_0018_ICR-1_p08
427.116403884,493.148116579,66.031712695,Other,random,C4O2,66.031707090,RC2_0018_ICR-1_p08
401.173548765,467.205261459,66.031712695,Other,random,C4O2,66.031707090,RC2_0018_ICR-1_p08
357.134236404,423.165949098,66.031712695,Other,random,C4O2,66.031707090,RC2_0018_ICR-1_p08
399.071989582,465.103702276,66.031712695,Other,random,C4O2,66.031707090,RC2_0018_ICR-1_p08
449.108817218,515.140530912,66.031713695,Other,random,C4O2,66.031707090,RC2_0018_ICR-1_p08
451.124426884,517.156140578,66.031713695,Other,random,C4O2,66.031707090,RC2_0018_ICR-1_p08
360.121730605,426.153445299,66.031714695,Other,random,C4O2,66.031707090,RC2_0018_ICR-1_p08
689.136669508,755.168384203,66.031714695,Other,random,C4O2,66.031707090,RC2_0018_ICR-1_p08
345.110884013,411.142598707,66.031714695,Other,random,C4O2,66.031707090,RC2_0018_ICR-1_p08
381.074393785,447.106109479,66.031715695,Other,random,C4O2,66.031707090,RC2_0018_ICR-1_p08
363.144866605,429.176582300,66.031715695,Other,random,C4O2,66.031707090,RC2_0018_ICR-1_p08
371.107915828,437.139631522,66.031715695,Other,random,C4O2,66.031707090,RC2_0018_ICR-1_p08
405.155323374,471.187039069,66.031715695,Other,random,C4O2,66.031707090,RC2_0018_ICR-1_p08
487.051706860,553.083422554,66.031715695,Other,random,C4O2,66.031707090,RC2_0018_ICR-1_p08
503.119455509,569.151171203,66.031715695,Other,random,C4O2,66.031707090,RC2_0018_ICR-1_p08
367.139622142,433.171337837,66.031715695,Other,random,C4O2,66.031707090,RC2_0018_ICR-1_p08
497.158337029,563.190053723,66.031716695,Other,random,C4O2,66.031707090,RC2_0018_ICR-1_p08
407.061800654,473.093517349,66.031716695,Other,random,C4O2,66.031707090,RC2_0018_ICR-1_p08
641.187977130,707.219693825,66.031716695,Other,random,C4O2,66.031707090,RC2_0018_ICR-1_p08
407.163092084,473.194808779,66.031716695,Other,random,C4O2,66.031707090,RC2_0018_ICR-1_p08
421.126862564,487.173788173,66.046925609,Other,random,C5H6,66.046934810,RC2_0018_ICR-1_p08
377.064416333,443.111341942,66.046925609,Other,random,C5H6,66.046934810,RC2_0018_ICR-1_p08
615.193265302,681.240191911,66.046926609,Other,random,C5H6,66.046934810,RC2_0018_ICR-1_p08
547.195239664,613.242166273,66.046926609,Other,random,C5H6,66.046934810,RC2_0018_ICR-1_p08
399.056774667,465.103702276,66.046927609,Other,random,C5H6,66.046934810,RC2_0018_ICR-1_p08
415.124437317,481.171365926,66.046928609,Other,random,C5H6,66.046934810,RC2_0018_ICR-1_p08
323.126517634,389.173446243,66.046928609,Other,random,C5H6,66.046934810,RC2_0018_ICR-1_p08
319.009446785,385.056375394,66.046928609,Other,random,C5H6,66.046934810,RC2_0018_ICR-1_p08
397.113852593,463.160781202,66.046928609,Other,random,C5H6,66.046934810,RC2_0018_ICR-1_p08
397.186547184,463.233475793,66.046928609,Other,random,C5H6,66.046934810,RC2_0018_ICR-1_p08
395.129003754,461.175933363,66.046929609,Other,random,C5H6,66.046934810,RC2_0018_ICR-1_p08
447.129542348,513.176471957,66.046929609,Other,random,C5H6,66.046934810,RC2_0018_ICR-1_p08
313.084699100,379.131628709,66.046929609,Other,random,C5H6,66.046934810,RC2_0018_ICR-1_p08
485.166390461,551.213320070,66.046929609,Other,random,C5H6,66.046934810,RC2_0018_ICR-1_p08
351.085128419,417.132059028,66.046930609,Other,random,C5H6,66.046934810,RC2_0018_ICR-1_p08
371.126548723,437.173479332,66.046930609,Other,random,C5H6,66.046934810,RC2_0018_ICR-1_p08
361.096025126,427.142956735,66.046931609,Other,random,C5H6,66.046934810,RC2_0018_ICR-1_p08
307.009487262,373.056418871,66.046931609,Other,random,C5H6,66.046934810,RC2_0018_ICR-1_p08
312.035979997,378.082911606,66.046931609,Other,random,C5H6,66.046934810,RC2_0018_ICR-1_p08
419.165397594,485.212330203,66.046932609,Other,random,C5H6,66.046934810,RC2_0018_ICR-1_p08
639.084468958,705.131401567,66.046932609,Other,random,C5H6,66.046934810,RC2_0018_ICR-1_p08
339.035559175,405.082492784,66.046933609,Other,random,C5H6,66.046934810,RC2_0018_ICR-1_p08
315.064025970,381.110959579,66.046933609,Other,random,C5H6,66.046934810,RC2_0018_ICR-1_p08
385.040961480,451.087895089,66.046933609,Other,random,C5H6,66.046934810,RC2_0018_ICR-1_p08
471.179046114,537.225979723,66.046933609,Other,random,C5H6,66.046934810,RC2_0018_ICR-1_p08
381.118962534,447.165896143,66.046933609,Other,random,C5H6,66.046934810,RC2_0018_ICR-1_p08
503.132590435,569.179525044,66.046934609,Other,random,C5H6,66.046934810,RC2_0018_ICR-1_p08
653.245648328,719.292582937,66.046934609,Other,random,C5H6,66.046934810,RC2_0018_ICR-1_p08
382.090670070,448.137604679,66.046934609,Other,random,C5H6,66.046934810,RC2_0018_ICR-1_p08
231.051120386,297.098054995,66.046934609,Other,random,C5H6,66.046934810,RC2_0018_ICR-1_p08
553.229192735,619.276127344,66.046934609,Other,random,C5H6,66.046934810,RC2_0018_ICR-1_p08
311.149929980,377.196865589,66.046935609,Other,random,C5H6,66.046934810,RC2_0018_ICR-1_p08
421.150161433,487.197097042,66.046935609,Other,random,C5H6,66.046934810,RC2_0018_ICR-1_p08
323.040768116,389.087704725,66.046936609,Other,random,C5H6,66.046934810,RC2_0018_ICR-1_p08
319.103334257,385.150271866,66.046937609,Other,random,C5H6,66.046934810,RC2_0018_ICR-1_p08
355.030582233,421.077519842,66.046937609,Other,random,C5H6,66.046934810,RC2_0018_ICR-1_p08
583.057967003,649.104905612,66.046938609,Other,random,C5H6,66.046934810,RC2_0018_ICR-1_p08
641.172754216,707.219693825,66.046939609,Other,random,C5H6,66.046934810,RC2_0018_ICR-1_p08
391.070345576,457.117285185,66.046939609,Other,random,C5H6,66.046934810,RC2_0018_ICR-1_p08
309.097919519,375.144860127,66.046940609,Other,random,C5H6,66.046934810,RC2_0018_ICR-1_p08
357.074526739,423.121467348,66.046940609,Other,random,C5H6,66.046934810,RC2_0018_ICR-1_p08
411.215338298,477.262278907,66.046940609,Other,random,C5H6,66.046934810,RC2_0018_ICR-1_p08
351.157790010,417.204730619,66.046940609,Other,random,C5H6,66.046934810,RC2_0018_ICR-1_p08
375.056765623,441.103707232,66.046941609,Other,random,C5H6,66.046934810,RC2_0018_ICR-1_p08
391.061364627,457.108306236,66.046941609,Other,random,C5H6,66.046934810,RC2_0018_ICR-1_p08
551.140751478,617.187693087,66.046941609,Other,random,C5H6,66.046934810,RC2_0018_ICR-1_p08
322.056681650,388.103624258,66.046942609,Other,random,C5H6,66.046934810,RC2_0018_ICR-1_p08
347.134650633,413.181593242,66.046942609,Other,random,C5H6,66.046934810,RC2_0018_ICR-1_p08
363.085145941,429.132088550,66.046942609,Other,random,C5H6,66.046934810,RC2_0018_ICR-1_p08
491.046474397,557.093417005,66.046942609,Other,random,C5H6,66.046934810,RC2_0018_ICR-1_p08
499.101074104,565.148016713,66.046942609,Other,random,C5H6,66.046934810,RC2_0018_ICR-1_p08
461.139493568,527.186436177,66.046942609,Other,random,C5H6,66.046934810,RC2_0018_ICR-1_p08
435.093034031,501.139977639,66.046943609,Other,random,C5H6,66.046934810,RC2_0018_ICR-1_p08
421.199858154,487.246801763,66.046943609,Other,random,C5H6,66.046934810,RC2_0018_ICR-1_p08
575.190121245,641.237065854,66.046944609,Other,random,C5H6,66.046934810,RC2_0018_ICR-1_p08
423.087576539,489.134521148,66.046944609,Other,random,C5H6,66.046934810,RC2_0018_ICR-1_p08
257.139457688,323.186402297,66.046944609,Other,random,C5H6,66.046934810,RC2_0018_ICR-1_p08
405.140094460,471.187039069,66.046944609,Other,random,C5H6,66.046934810,RC2_0018_ICR-1_p08
596.198811110,663.229768186,67.030957076,Other,random,C5H5N_1O1,67.030966000,RC2_0018_ICR-1_p08
368.092929781,435.123886857,67.030957076,Other,random,C5H5N_1O1,67.030966000,RC2_0018_ICR-1_p08
344.090484750,411.121443826,67.030959076,Other,random,C5H5N_1O1,67.030966000,RC2_0018_ICR-1_p08
350.088024025,417.118983101,67.030959076,Other,random,C5H5N_1O1,67.030966000,RC2_0018_ICR-1_p08
312.035979997,379.066939073,67.030959076,Other,random,C5H5N_1O1,67.030966000,RC2_0018_ICR-1_p08
390.095942055,457.126902131,67.030960076,Other,random,C5H5N_1O1,67.030966000,RC2_0018_ICR-1_p08
410.036475927,477.067436003,67.030960076,Other,random,C5H5N_1O1,67.030966000,RC2_0018_ICR-1_p08
450.104088621,517.135048697,67.030960076,Other,random,C5H5N_1O1,67.030966000,RC2_0018_ICR-1_p08
478.099151201,545.130111277,67.030960076,Other,random,C5H5N_1O1,67.030966000,RC2_0018_ICR-1_p08
340.067302373,407.098263449,67.030961076,Other,random,C5H5N_1O1,67.030966000,RC2_0018_ICR-1_p08
368.111572677,435.142534752,67.030962076,Other,random,C5H5N_1O1,67.030966000,RC2_0018_ICR-1_p08
406.127325909,473.158290984,67.030965076,Other,random,C5H5N_1O1,67.030966000,RC2_0018_ICR-1_p08
337.104026036,404.134993112,67.030967076,Other,random,C5H5N_1O1,67.030966000,RC2_0018_ICR-1_p08
470.179846733,537.210813808,67.030967076,Other,random,C5H5N_1O1,67.030966000,RC2_0018_ICR-1_p08
406.150679777,473.181647853,67.030968076,Other,random,C5H5N_1O1,67.030966000,RC2_0018_ICR-1_p08
492.151100185,559.182069261,67.030969076,Other,random,C5H5N_1O1,67.030966000,RC2_0018_ICR-1_p08
308.126951978,375.157922054,67.030970076,Other,random,C5H5N_1O1,67.030966000,RC2_0018_ICR-1_p08
422.109127041,489.140097116,67.030970076,Other,random,C5H5N_1O1,67.030966000,RC2_0018_ICR-1_p08
542.143537071,609.174508146,67.030971076,Other,random,C5H5N_1O1,67.030966000,RC2_0018_ICR-1_p08
274.035732678,341.066703754,67.030971076,Other,random,C5H5N_1O1,67.030966000,RC2_0018_ICR-1_p08
548.162293226,615.193265302,67.030972076,Other,random,C5H5N_1O1,67.030966000,RC2_0018_ICR-1_p08
336.108756633,403.139730708,67.030974076,Other,random,C5H5N_1O1,67.030966000,RC2_0018_ICR-1_p08
325.056400782,392.098594794,67.042194012,Other,random,C4H5N1,67.042199000,RC2_0018_ICR-1_p08
455.119437419,522.161631432,67.042194012,Other,random,C4H5N1,67.042199000,RC2_0018_ICR-1_p08
569.114867407,636.157061420,67.042194012,Other,random,C4H5N1,67.042199000,RC2_0018_ICR-1_p08
646.130653337,713.172852349,67.042199012,Other,random,C4H5N1,67.042199000,RC2_0018_ICR-1_p08
361.069333276,428.111533288,67.042200012,Other,random,C4H5N1,67.042199000,RC2_0018_ICR-1_p08
509.129917711,576.172119723,67.042202012,Other,random,C4H5N1,67.042199000,RC2_0018_ICR-1_p08
341.051228841,408.093431853,67.042203012,Other,random,C4H5N1,67.042199000,RC2_0018_ICR-1_p08
495.041495932,562.083698944,67.042203012,Other,random,C4H5N1,67.042199000,RC2_0018_ICR-1_p08
367.030606755,434.072813767,67.042207012,Other,random,C4H5N1,67.042199000,RC2_0018_ICR-1_p08
245.103145370,312.145353382,67.042208012,Other,random,C4H5N1,67.042199000,RC2_0018_ICR-1_p08
613.278631068,681.268464752,67.989833684,Other,random,C3O2,67.989842800,RC2_0018_ICR-1_p08
509.239208096,577.229041780,67.989833684,Other,random,C3O2,67.989842800,RC2_0018_ICR-1_p08
427.088122043,495.077955727,67.989833684,Other,random,C3O2,67.989842800,RC2_0018_ICR-1_p08
323.077086912,391.066921595,67.989834684,Other,random,C3O2,67.989842800,RC2_0018_ICR-1_p08
445.171461358,513.161296042,67.989834684,Other,random,C3O2,67.989842800,RC2_0018_ICR-1_p08
595.276046299,663.265880983,67.989834684,Other,random,C3O2,67.989842800,RC2_0018_ICR-1_p08
371.126548723,439.116384407,67.989835684,Other,random,C3O2,67.989842800,RC2_0018_ICR-1_p08
390.095942055,458.085777739,67.989835684,Other,random,C3O2,67.989842800,RC2_0018_ICR-1_p08
503.168954230,571.158789914,67.989835684,Other,random,C3O2,67.989842800,RC2_0018_ICR-1_p08
383.134591200,451.124426884,67.989835684,Other,random,C3O2,67.989842800,RC2_0018_ICR-1_p08
531.135515970,599.125351654,67.989835684,Other,random,C3O2,67.989842800,RC2_0018_ICR-1_p08
379.116272796,447.106109479,67.989836684,Other,random,C3O2,67.989842800,RC2_0018_ICR-1_p08
397.163221315,465.153057999,67.989836684,Other,random,C3O2,67.989842800,RC2_0018_ICR-1_p08
405.118884579,473.108721263,67.989836684,Other,random,C3O2,67.989842800,RC2_0018_ICR-1_p08
473.194808779,541.184646463,67.989837684,Other,random,C3O2,67.989842800,RC2_0018_ICR-1_p08
452.083256492,520.073094176,67.989837684,Other,random,C3O2,67.989842800,RC2_0018_ICR-1_p08
649.141561406,717.131399090,67.989837684,Other,random,C3O2,67.989842800,RC2_0018_ICR-1_p08
381.168303257,449.158141940,67.989838684,Other,random,C3O2,67.989842800,RC2_0018_ICR-1_p08
423.093122508,491.082961191,67.989838684,Other,random,C3O2,67.989842800,RC2_0018_ICR-1_p08
415.152838157,483.142676841,67.989838684,Other,random,C3O2,67.989842800,RC2_0018_ICR-1_p08
519.200281084,587.190120768,67.989839684,Other,random,C3O2,67.989842800,RC2_0018_ICR-1_p08
369.183639648,437.173479332,67.989839684,Other,random,C3O2,67.989842800,RC2_0018_ICR-1_p08
567.062869946,635.052709630,67.989839684,Other,random,C3O2,67.989842800,RC2_0018_ICR-1_p08
338.088091503,406.077932186,67.989840684,Other,random,C3O2,67.989842800,RC2_0018_ICR-1_p08
345.110884013,413.100724696,67.989840684,Other,random,C3O2,67.989842800,RC2_0018_ICR-1_p08
411.157957621,479.147798304,67.989840684,Other,random,C3O2,67.989842800,RC2_0018_ICR-1_p08
459.165850666,527.155691349,67.989840684,Other,random,C3O2,67.989842800,RC2_0018_ICR-1_p08
447.056618758,515.046459441,67.989840684,Other,random,C3O2,67.989842800,RC2_0018_ICR-1_p08
473.166421939,541.156262622,67.989840684,Other,random,C3O2,67.989842800,RC2_0018_ICR-1_p08
346.106242416,414.096084099,67.989841684,Other,random,C3O2,67.989842800,RC2_0018_ICR-1_p08
359.134577155,427.124418839,67.989841684,Other,random,C3O2,67.989842800,RC2_0018_ICR-1_p08
517.062378106,585.052219789,67.989841684,Other,random,C3O2,67.989842800,RC2_0018_ICR-1_p08
390.046627333,458.036469016,67.989841684,Other,random,C3O2,67.989842800,RC2_0018_ICR-1_p08
320.041097984,388.030941667,67.989843684,Other,random,C3O2,67.989842800,RC2_0018_ICR-1_p08
365.137149402,433.126993086,67.989843684,Other,random,C3O2,67.989842800,RC2_0018_ICR-1_p08
419.129046798,487.118890482,67.989843684,Other,random,C3O2,67.989842800,RC2_0018_ICR-1_p08
609.291700487,677.281544171,67.989843684,Other,random,C3O2,67.989842800,RC2_0018_ICR-1_p08
314.051745662,382.041589346,67.989843684,Other,random,C3O2,67.989842800,RC2_0018_ICR-1_p08
389.191147143,457.180991827,67.989844684,Other,random,C3O2,67.989842800,RC2_0018_ICR-1_p08
391.189141908,459.178986592,67.989844684,Other,random,C3O2,67.989842800,RC2_0018_ICR-1_p08
473.139552090,541.129396773,67.989844684,Other,random,C3O2,67.989842800,RC2_0018_ICR-1_p08
321.097860041,389.087704725,67.989844684,Other,random,C3O2,67.989842800,RC2_0018_ICR-1_p08
577.205652912,645.195497595,67.989844684,Other,random,C3O2,67.989842800,RC2_0018_ICR-1_p08
631.203438275,699.193282958,67.989844684,Other,random,C3O2,67.989842800,RC2_0018_ICR-1_p08
477.212995184,545.202839868,67.989844684,Other,random,C3O2,67.989842800,RC2_0018_ICR-1_p08
325.056400782,393.046246465,67.989845684,Other,random,C3O2,67.989842800,RC2_0018_ICR-1_p08
461.103236772,529.093082455,67.989845684,Other,random,C3O2,67.989842800,RC2_0018_ICR-1_p08
515.104171117,583.094016801,67.989845684,Other,random,C3O2,67.989842800,RC2_0018_ICR-1_p08
527.249668821,595.239514505,67.989845684,Other,random,C3O2,67.989842800,RC2_0018_ICR-1_p08
499.291127036,567.280973719,67.989846684,Other,random,C3O2,67.989842800,RC2_0018_ICR-1_p08
343.168110937,411.157957621,67.989846684,Other,random,C3O2,67.989842800,RC2_0018_ICR-1_p08
397.150170389,465.140017072,67.989846684,Other,random,C3O2,67.989842800,RC2_0018_ICR-1_p08
410.072712723,478.062559407,67.989846684,Other,random,C3O2,67.989842800,RC2_0018_ICR-1_p08
506.130484577,574.120331261,67.989846684,Other,random,C3O2,67.989842800,RC2_0018_ICR-1_p08
344.090484750,412.080331434,67.989846684,Other,random,C3O2,67.989842800,RC2_0018_ICR-1_p08
329.043292363,397.033141047,67.989848684,Other,random,C3O2,67.989842800,RC2_0018_ICR-1_p08
546.182832357,614.172681041,67.989848684,Other,random,C3O2,67.989842800,RC2_0018_ICR-1_p08
649.177886202,717.167734885,67.989848684,Other,random,C3O2,67.989842800,RC2_0018_ICR-1_p08
391.116397317,459.106246001,67.989848684,Other,random,C3O2,67.989842800,RC2_0018_ICR-1_p08
411.215338298,479.205187982,67.989849684,Other,random,C3O2,67.989842800,RC2_0018_ICR-1_p08
597.182695578,665.172545262,67.989849684,Other,random,C3O2,67.989842800,RC2_0018_ICR-1_p08
413.217829038,481.207678722,67.989849684,Other,random,C3O2,67.989842800,RC2_0018_ICR-1_p08
397.113852593,465.103702276,67.989849684,Other,random,C3O2,67.989842800,RC2_0018_ICR-1_p08
503.205300026,571.195149710,67.989849684,Other,random,C3O2,67.989842800,RC2_0018_ICR-1_p08
515.192170622,583.182021306,67.989850684,Other,random,C3O2,67.989842800,RC2_0018_ICR-1_p08
381.082419740,449.072270423,67.989850684,Other,random,C3O2,67.989842800,RC2_0018_ICR-1_p08
433.180851783,501.170702467,67.989850684,Other,random,C3O2,67.989842800,RC2_0018_ICR-1_p08
515.177061707,583.166912391,67.989850684,Other,random,C3O2,67.989842800,RC2_0018_ICR-1_p08
405.155323374,473.145175058,67.989851684,Other,random,C3O2,67.989842800,RC2_0018_ICR-1_p08
431.155765170,499.145616854,67.989851684,Other,random,C3O2,67.989842800,RC2_0018_ICR-1_p08
446.072735290,514.062586974,67.989851684,Other,random,C3O2,67.989842800,RC2_0018_ICR-1_p08
463.087972611,531.077824295,67.989851684,Other,random,C3O2,67.989842800,RC2_0018_ICR-1_p08
475.118895960,543.108747643,67.989851684,Other,random,C3O2,67.989842800,RC2_0018_ICR-1_p08
535.145845420,603.135697103,67.989851684,Other,random,C3O2,67.989842800,RC2_0018_ICR-1_p08
465.067479480,533.057331164,67.989851684,Other,random,C3O2,67.989842800,RC2_0018_ICR-1_p08
391.043650726,459.069856206,68.026205479,Other,random,C4H4O1,68.026215000,RC2_0018_ICR-1_p08
393.155263852,461.181469332,68.026205479,Other,random,C4H4O1,68.026215000,RC2_0018_ICR-1_p08
401.118398075,469.144603554,68.026205479,Other,random,C4H4O1,68.026215000,RC2_0018_ICR-1_p08
667.152001131,735.178206610,68.026205479,Other,random,C4H4O1,68.026215000,RC2_0018_ICR-1_p08
327.063989493,395.090194972,68.026205479,Other,random,C4H4O1,68.026215000,RC2_0018_ICR-1_p08
418.077798710,486.104004189,68.026205479,Other,random,C4H4O1,68.026215000,RC2_0018_ICR-1_p08
379.030413278,447.056618758,68.026205479,Other,random,C4H4O1,68.026215000,RC2_0018_ICR-1_p08
495.077955727,563.104163206,68.026207479,Other,random,C4H4O1,68.026215000,RC2_0018_ICR-1_p08
655.224930198,723.251137678,68.026207479,Other,random,C4H4O1,68.026215000,RC2_0018_ICR-1_p08
405.095520711,473.121728190,68.026207479,Other,random,C4H4O1,68.026215000,RC2_0018_ICR-1_p08
545.215958794,613.242166273,68.026207479,Other,random,C4H4O1,68.026215000,RC2_0018_ICR-1_p08
307.118651648,375.144860127,68.026208479,Other,random,C4H4O1,68.026215000,RC2_0018_ICR-1_p08
405.046243988,473.072452467,68.026208479,Other,random,C4H4O1,68.026215000,RC2_0018_ICR-1_p08
443.098265016,511.124473495,68.026208479,Other,random,C4H4O1,68.026215000,RC2_0018_ICR-1_p08
455.228522806,523.254731285,68.026208479,Other,random,C4H4O1,68.026215000,RC2_0018_ICR-1_p08
345.038086422,413.064295901,68.026209479,Other,random,C4H4O1,68.026215000,RC2_0018_ICR-1_p08
363.085145941,431.111355420,68.026209479,Other,random,C4H4O1,68.026215000,RC2_0018_ICR-1_p08
447.056618758,515.082828237,68.026209479,Other,random,C4H4O1,68.026215000,RC2_0018_ICR-1_p08
437.194498214,505.220708693,68.026210479,Other,random,C4H4O1,68.026215000,RC2_0018_ICR-1_p08
519.163910288,587.190120768,68.026210479,Other,random,C4H4O1,68.026215000,RC2_0018_ICR-1_p08
691.188377971,759.214588450,68.026210479,Other,random,C4H4O1,68.026215000,RC2_0018_ICR-1_p08
453.067312959,521.093523438,68.026210479,Other,random,C4H4O1,68.026215000,RC2_0018_ICR-1_p08
441.103707232,509.129917711,68.026210479,Other,random,C4H4O1,68.026215000,RC2_0018_ICR-1_p08
435.196735447,503.222946927,68.026211479,Other,random,C4H4O1,68.026215000,RC2_0018_ICR-1_p08
487.246801763,555.273013242,68.026211479,Other,random,C4H4O1,68.026215000,RC2_0018_ICR-1_p08
375.085130463,443.111341942,68.026211479,Other,random,C4H4O1,68.026215000,RC2_0018_ICR-1_p08
463.155256233,531.181467712,68.026211479,Other,random,C4H4O1,68.026215000,RC2_0018_ICR-1_p08
579.063062467,647.089273946,68.026211479,Other,random,C4H4O1,68.026215000,RC2_0018_ICR-1_p08
457.171345881,525.197557360,68.026211479,Other,random,C4H4O1,68.026215000,RC2_0018_ICR-1_p08
350.088024025,418.114236505,68.026212479,Other,random,C4H4O1,68.026215000,RC2_0018_ICR-1_p08
371.061839087,439.088051566,68.026212479,Other,random,C4H4O1,68.026215000,RC2_0018_ICR-1_p08
360.036101086,428.062313565,68.026212479,Other,random,C4H4O1,68.026215000,RC2_0018_ICR-1_p08
361.105876071,429.132088550,68.026212479,Other,random,C4H4O1,68.026215000,RC2_0018_ICR-1_p08
545.224108748,613.250322227,68.026213479,Other,random,C4H4O1,68.026215000,RC2_0018_ICR-1_p08
417.103645187,485.129858667,68.026213479,Other,random,C4H4O1,68.026215000,RC2_0018_ICR-1_p08
511.072942785,579.099156264,68.026213479,Other,random,C4H4O1,68.026215000,RC2_0018_ICR-1_p08
446.036372495,514.062586974,68.026214479,Other,random,C4H4O1,68.026215000,RC2_0018_ICR-1_p08
485.057208075,553.083422554,68.026214479,Other,random,C4H4O1,68.026215000,RC2_0018_ICR-1_p08
578.078951001,646.105165480,68.026214479,Other,random,C4H4O1,68.026215000,RC2_0018_ICR-1_p08
333.061472768,401.087688247,68.026215479,Other,random,C4H4O1,68.026215000,RC2_0018_ICR-1_p08
325.105888503,393.132103983,68.026215479,Other,random,C4H4O1,68.026215000,RC2_0018_ICR-1_p08
339.072047970,407.098263449,68.026215479,Other,random,C4H4O1,68.026215000,RC2_0018_ICR-1_p08
372.035951609,440.062167088,68.026215479,Other,random,C4H4O1,68.026215000,RC2_0018_ICR-1_p08
453.189450272,521.215665751,68.026215479,Other,random,C4H4O1,68.026215000,RC2_0018_ICR-1_p08
513.124954246,581.151169725,68.026215479,Other,random,C4H4O1,68.026215000,RC2_0018_ICR-1_p08
518.188102775,586.214319255,68.026216479,Other,random,C4H4O1,68.026215000,RC2_0018_ICR-1_p08
527.241612866,595.267829345,68.026216479,Other,random,C4H4O1,68.026215000,RC2_0018_ICR-1_p08
605.078715178,673.104932657,68.026217479,Other,random,C4H4O1,68.026215000,RC2_0018_ICR-1_p08
357.046121899,425.072339378,68.026217479,Other,random,C4H4O1,68.026215000,RC2_0018_ICR-1_p08
392.135009589,460.161227069,68.026217479,Other,random,C4H4O1,68.026215000,RC2_0018_ICR-1_p08
407.111262376,475.137479855,68.026217479,Other,random,C4H4O1,68.026215000,RC2_0018_ICR-1_p08
405.085732766,473.111950245,68.026217479,Other,random,C4H4O1,68.026215000,RC2_0018_ICR-1_p08
417.095571233,485.121789712,68.026218479,Other,random,C4H4O1,68.026215000,RC2_0018_ICR-1_p08
381.168303257,449.194522736,68.026219479,Other,random,C4H4O1,68.026215000,RC2_0018_ICR-1_p08
407.074960580,475.101180059,68.026219479,Other,random,C4H4O1,68.026215000,RC2_0018_ICR-1_p08
523.158817824,591.185037304,68.026219479,Other,random,C4H4O1,68.026215000,RC2_0018_ICR-1_p08
359.053821610,427.080041089,68.026219479,Other,random,C4H4O1,68.026215000,RC2_0018_ICR-1_p08
533.166311551,601.192532030,68.026220479,Other,random,C4H4O1,68.026215000,RC2_0018_ICR-1_p08
341.051228841,409.077449320,68.026220479,Other,random,C4H4O1,68.026215000,RC2_0018_ICR-1_p08
395.220430240,463.246650719,68.026220479,Other,random,C4H4O1,68.026215000,RC2_0018_ICR-1_p08
507.272962153,575.299182632,68.026220479,Other,random,C4H4O1,68.026215000,RC2_0018_ICR-1_p08
547.218552533,615.244773012,68.026220479,Other,random,C4H4O1,68.026215000,RC2_0018_ICR-1_p08
337.020022509,405.046243988,68.026221479,Other,random,C4H4O1,68.026215000,RC2_0018_ICR-1_p08
427.152741680,495.178963159,68.026221479,Other,random,C4H4O1,68.026215000,RC2_0018_ICR-1_p08
439.197276952,507.223498431,68.026221479,Other,random,C4H4O1,68.026215000,RC2_0018_ICR-1_p08
454.062705361,522.088926841,68.026221479,Other,random,C4H4O1,68.026215000,RC2_0018_ICR-1_p08
267.064044881,335.090267360,68.026222479,Other,random,C4H4O1,68.026215000,RC2_0018_ICR-1_p08
337.105781026,405.132003506,68.026222479,Other,random,C4H4O1,68.026215000,RC2_0018_ICR-1_p08
431.155765170,499.181987649,68.026222479,Other,random,C4H4O1,68.026215000,RC2_0018_ICR-1_p08
322.056681650,390.082904129,68.026222479,Other,random,C4H4O1,68.026215000,RC2_0018_ICR-1_p08
487.109273536,555.135496015,68.026222479,Other,random,C4H4O1,68.026215000,RC2_0018_ICR-1_p08
529.192700895,597.218923374,68.026222479,Other,random,C4H4O1,68.026215000,RC2_0018_ICR-1_p08
541.148285667,609.174508146,68.026222479,Other,random,C4H4O1,68.026215000,RC2_0018_ICR-1_p08
363.194244327,431.220466807,68.026222479,Other,random,C4H4O1,68.026215000,RC2_0018_ICR-1_p08
365.051176886,433.077400365,68.026223479,Other,random,C4H4O1,68.026215000,RC2_0018_ICR-1_p08
469.171394403,537.197617882,68.026223479,Other,random,C4H4O1,68.026215000,RC2_0018_ICR-1_p08
599.140528569,667.166752048,68.026223479,Other,random,C4H4O1,68.026215000,RC2_0018_ICR-1_p08
389.087704725,457.113929204,68.026224479,Other,random,C4H4O1,68.026215000,RC2_0018_ICR-1_p08
409.108194147,477.134418626,68.026224479,Other,random,C4H4O1,68.026215000,RC2_0018_ICR-1_p08
515.155796827,583.182021306,68.026224479,Other,random,C4H4O1,68.026215000,RC2_0018_ICR-1_p08
388.060021504,456.122611778,68.062590275,Other,random,C5H8,68.062600000,RC2_0018_ICR-1_p08
411.129514781,479.192105055,68.062590275,Other,random,C5H8,68.062600000,RC2_0018_ICR-1_p08
433.041208568,501.103798843,68.062590275,Other,random,C5H8,68.062600000,RC2_0018_ICR-1_p08
315.064025970,383.126616245,68.062590275,Other,random,C5H8,68.062600000,RC2_0018_ICR-1_p08
419.092521004,487.155111278,68.062590275,Other,random,C5H8,68.062600000,RC2_0018_ICR-1_p08
363.085145941,431.147737215,68.062591275,Other,random,C5H8,68.062600000,RC2_0018_ICR-1_p08
461.166044418,529.228635693,68.062591275,Other,random,C5H8,68.062600000,RC2_0018_ICR-1_p08
407.134489245,475.197080520,68.062591275,Other,random,C5H8,68.062600000,RC2_0018_ICR-1_p08
613.177600636,681.240191911,68.062591275,Other,random,C5H8,68.062600000,RC2_0018_ICR-1_p08
321.097860041,389.160451316,68.062591275,Other,random,C5H8,68.062600000,RC2_0018_ICR-1_p08
531.062760379,599.125351654,68.062591275,Other,random,C5H8,68.062600000,RC2_0018_ICR-1_p08
569.114867407,637.177458682,68.062591275,Other,random,C5H8,68.062600000,RC2_0018_ICR-1_p08
617.224202882,685.286794156,68.062591275,Other,random,C5H8,68.062600000,RC2_0018_ICR-1_p08
417.113416132,485.176008407,68.062592275,Other,random,C5H8,68.062600000,RC2_0018_ICR-1_p08
495.114294523,563.176886797,68.062592275,Other,random,C5H8,68.062600000,RC2_0018_ICR-1_p08
275.150023412,343.212616687,68.062593275,Other,random,C5H8,68.062600000,RC2_0018_ICR-1_p08
459.187075546,527.249668821,68.062593275,Other,random,C5H8,68.062600000,RC2_0018_ICR-1_p08
659.234980649,727.297573924,68.062593275,Other,random,C5H8,68.062600000,RC2_0018_ICR-1_p08
749.230687591,817.293280866,68.062593275,Other,random,C5H8,68.062600000,RC2_0018_ICR-1_p08
483.150726795,551.213320070,68.062593275,Other,random,C5H8,68.062600000,RC2_0018_ICR-1_p08
493.135089652,561.197682927,68.062593275,Other,random,C5H8,68.062600000,RC2_0018_ICR-1_p08
447.165896143,515.228490418,68.062594275,Other,random,C5H8,68.062600000,RC2_0018_ICR-1_p08
313.048365305,381.110959579,68.062594275,Other,random,C5H8,68.062600000,RC2_0018_ICR-1_p08
522.182614314,590.245208588,68.062594275,Other,random,C5H8,68.062600000,RC2_0018_ICR-1_p08
763.210188982,831.272784257,68.062595275,Other,random,C5H8,68.062600000,RC2_0018_ICR-1_p08
493.062323061,561.124918336,68.062595275,Other,random,C5H8,68.062600000,RC2_0018_ICR-1_p08
307.009487262,375.072082537,68.062595275,Other,random,C5H8,68.062600000,RC2_0018_ICR-1_p08
369.082494217,437.145089492,68.062595275,Other,random,C5H8,68.062600000,RC2_0018_ICR-1_p08
391.043650726,459.106246001,68.062595275,Other,random,C5H8,68.062600000,RC2_0018_ICR-1_p08
335.077134434,403.139730708,68.062596275,Other,random,C5H8,68.062600000,RC2_0018_ICR-1_p08
496.109727925,564.172324200,68.062596275,Other,random,C5H8,68.062600000,RC2_0018_ICR-1_p08
359.090145405,427.152741680,68.062596275,Other,random,C5H8,68.062600000,RC2_0018_ICR-1_p08
535.182220215,603.244816490,68.062596275,Other,random,C5H8,68.062600000,RC2_0018_ICR-1_p08
351.157790010,419.220386285,68.062596275,Other,random,C5H8,68.062600000,RC2_0018_ICR-1_p08
501.234142110,569.296738385,68.062596275,Other,random,C5H8,68.062600000,RC2_0018_ICR-1_p08
401.045455485,469.108052759,68.062597275,Other,random,C5H8,68.062600000,RC2_0018_ICR-1_p08
349.142133344,417.204730619,68.062597275,Other,random,C5H8,68.062600000,RC2_0018_ICR-1_p08
381.204814051,449.267411326,68.062597275,Other,random,C5H8,68.062600000,RC2_0018_ICR-1_p08
389.064304856,457.126902131,68.062597275,Other,random,C5H8,68.062600000,RC2_0018_ICR-1_p08
415.160838112,483.223435387,68.062597275,Other,random,C5H8,68.062600000,RC2_0018_ICR-1_p08
333.025090973,401.087688247,68.062597275,Other,random,C5H8,68.062600000,RC2_0018_ICR-1_p08
431.147737215,499.210334490,68.062597275,Other,random,C5H8,68.062600000,RC2_0018_ICR-1_p08
373.142179389,441.204777663,68.062598275,Other,random,C5H8,68.062600000,RC2_0018_ICR-1_p08
491.132533913,559.195132187,68.062598275,Other,random,C5H8,68.062600000,RC2_0018_ICR-1_p08
415.051698726,483.114298000,68.062599275,Other,random,C5H8,68.062600000,RC2_0018_ICR-1_p08
597.182695578,665.245294853,68.062599275,Other,random,C5H8,68.062600000,RC2_0018_ICR-1_p08
368.111572677,436.174171951,68.062599275,Other,random,C5H8,68.062600000,RC2_0018_ICR-1_p08
397.113852593,465.176451867,68.062599275,Other,random,C5H8,68.062600000,RC2_0018_ICR-1_p08
403.043515249,471.106115524,68.062600275,Other,random,C5H8,68.062600000,RC2_0018_ICR-1_p08
539.132600002,607.195200276,68.062600275,Other,random,C5H8,68.062600000,RC2_0018_ICR-1_p08
461.194665257,529.257265532,68.062600275,Other,random,C5H8,68.062600000,RC2_0018_ICR-1_p08
495.127452449,563.190053723,68.062601275,Other,random,C5H8,68.062600000,RC2_0018_ICR-1_p08
533.057331164,601.119932438,68.062601275,Other,random,C5H8,68.062600000,RC2_0018_ICR-1_p08
364.067349418,432.129950692,68.062601275,Other,random,C5H8,68.062600000,RC2_0018_ICR-1_p08
391.079897522,459.142498797,68.062601275,Other,random,C5H8,68.062600000,RC2_0018_ICR-1_p08
423.093122508,491.155723782,68.062601275,Other,random,C5H8,68.062600000,RC2_0018_ICR-1_p08
545.166493072,613.229094347,68.062601275,Other,random,C5H8,68.062600000,RC2_0018_ICR-1_p08
579.258171370,647.320772645,68.062601275,Other,random,C5H8,68.062600000,RC2_0018_ICR-1_p08
469.163378448,537.225979723,68.062601275,Other,random,C5H8,68.062600000,RC2_0018_ICR-1_p08
449.103200249,517.165802524,68.062602275,Other,random,C5H8,68.062600000,RC2_0018_ICR-1_p08
385.040961480,453.103563755,68.062602275,Other,random,C5H8,68.062600000,RC2_0018_ICR-1_p08
413.100724696,481.163326971,68.062602275,Other,random,C5H8,68.062600000,RC2_0018_ICR-1_p08
379.066939073,447.129542348,68.062603275,Other,random,C5H8,68.062600000,RC2_0018_ICR-1_p08
499.218370445,567.280973719,68.062603275,Other,random,C5H8,68.062600000,RC2_0018_ICR-1_p08
503.082984714,571.145587988,68.062603275,Other,random,C5H8,68.062600000,RC2_0018_ICR-1_p08
469.135013608,537.197617882,68.062604275,Other,random,C5H8,68.062600000,RC2_0018_ICR-1_p08
494.057522465,562.120126740,68.062604275,Other,random,C5H8,68.062600000,RC2_0018_ICR-1_p08
397.041098002,465.103702276,68.062604275,Other,random,C5H8,68.062600000,RC2_0018_ICR-1_p08
503.213410980,571.276015255,68.062604275,Other,random,C5H8,68.062600000,RC2_0018_ICR-1_p08
363.108321811,431.170927085,68.062605275,Other,random,C5H8,68.062600000,RC2_0018_ICR-1_p08
374.080860110,442.143465385,68.062605275,Other,random,C5H8,68.062600000,RC2_0018_ICR-1_p08
431.155765170,499.218370445,68.062605275,Other,random,C5H8,68.062600000,RC2_0018_ICR-1_p08
347.090232882,415.152838157,68.062605275,Other,random,C5H8,68.062600000,RC2_0018_ICR-1_p08
455.111377465,523.173982739,68.062605275,Other,random,C5H8,68.062600000,RC2_0018_ICR-1_p08
545.151280158,613.213885432,68.062605275,Other,random,C5H8,68.062600000,RC2_0018_ICR-1_p08
369.155296808,437.217903082,68.062606275,Other,random,C5H8,68.062600000,RC2_0018_ICR-1_p08
524.068242711,592.130848985,68.062606275,Other,random,C5H8,68.062600000,RC2_0018_ICR-1_p08
280.082586676,348.145192950,68.062606275,Other,random,C5H8,68.062600000,RC2_0018_ICR-1_p08
483.178977637,551.241583911,68.062606275,Other,random,C5H8,68.062600000,RC2_0018_ICR-1_p08
371.126548723,439.189155997,68.062607275,Other,random,C5H8,68.062600000,RC2_0018_ICR-1_p08
441.067310436,509.129917711,68.062607275,Other,random,C5H8,68.062600000,RC2_0018_ICR-1_p08
457.062334494,525.124941769,68.062607275,Other,random,C5H8,68.062600000,RC2_0018_ICR-1_p08
459.142498797,527.205106072,68.062607275,Other,random,C5H8,68.062600000,RC2_0018_ICR-1_p08
747.251422721,815.314029995,68.062607275,Other,random,C5H8,68.062600000,RC2_0018_ICR-1_p08
349.056375827,417.118983101,68.062607275,Other,random,C5H8,68.062600000,RC2_0018_ICR-1_p08
425.145109969,493.207717244,68.062607275,Other,random,C5H8,68.062600000,RC2_0018_ICR-1_p08
324.072401315,392.135009589,68.062608275,Other,random,C5H8,68.062600000,RC2_0018_ICR-1_p08
339.108453765,407.171062040,68.062608275,Other,random,C5H8,68.062600000,RC2_0018_ICR-1_p08
347.053710088,415.116319362,68.062609275,Other,random,C5H8,68.062600000,RC2_0018_ICR-1_p08
429.046294032,497.108903307,68.062609275,Other,random,C5H8,68.062600000,RC2_0018_ICR-1_p08
436.088556433,504.151165707,68.062609275,Other,random,C5H8,68.062600000,RC2_0018_ICR-1_p08
443.147622738,511.210232013,68.062609275,Other,random,C5H8,68.062600000,RC2_0018_ICR-1_p08
449.108817218,517.171426492,68.062609275,Other,random,C5H8,68.062600000,RC2_0018_ICR-1_p08
361.129068940,429.191678215,68.062609275,Other,random,C5H8,68.062600000,RC2_0018_ICR-1_p08
655.188528403,723.251137678,68.062609275,Other,random,C5H8,68.062600000,RC2_0018_ICR-1_p08
465.103702276,533.166311551,68.062609275,Other,random,C5H8,68.062600000,RC2_0018_ICR-1_p08
313.084699100,382.106141983,69.021442883,Other,random,C3H3N1O1,69.021452130,RC2_0018_ICR-1_p08
375.072082537,444.093525420,69.021442883,Other,random,C3H3N1O1,69.021452130,RC2_0018_ICR-1_p08
298.093205400,367.114650282,69.021444883,Other,random,C3H3N1O1,69.021452130,RC2_0018_ICR-1_p08
399.035682786,468.057127669,69.021444883,Other,random,C3H3N1O1,69.021452130,RC2_0018_ICR-1_p08
563.176886797,632.198332680,69.021445883,Other,random,C3H3N1O1,69.021452130,RC2_0018_ICR-1_p08
231.051120386,300.072566269,69.021445883,Other,random,C3H3N1O1,69.021452130,RC2_0018_ICR-1_p08
311.113506185,380.134953067,69.021446883,Other,random,C3H3N1O1,69.021452130,RC2_0018_ICR-1_p08
531.172061765,600.193508648,69.021446883,Other,random,C3H3N1O1,69.021452130,RC2_0018_ICR-1_p08
455.204954938,524.226401821,69.021446883,Other,random,C3H3N1O1,69.021452130,RC2_0018_ICR-1_p08
328.067354851,397.088802734,69.021447883,Other,random,C3H3N1O1,69.021452130,RC2_0018_ICR-1_p08
397.041098002,466.062545885,69.021447883,Other,random,C3H3N1O1,69.021452130,RC2_0018_ICR-1_p08
599.161923448,668.183372331,69.021448883,Other,random,C3H3N1O1,69.021452130,RC2_0018_ICR-1_p08
463.160781202,532.182231085,69.021449883,Other,random,C3H3N1O1,69.021452130,RC2_0018_ICR-1_p08
363.035617219,432.057068102,69.021450883,Other,random,C3H3N1O1,69.021452130,RC2_0018_ICR-1_p08
403.079860045,472.101310928,69.021450883,Other,random,C3H3N1O1,69.021452130,RC2_0018_ICR-1_p08
507.114318045,576.135770928,69.021452883,Other,random,C3H3N1O1,69.021452130,RC2_0018_ICR-1_p08
266.067142487,335.088595369,69.021452883,Other,random,C3H3N1O1,69.021452130,RC2_0018_ICR-1_p08
353.160383749,422.181837632,69.021453883,Other,random,C3H3N1O1,69.021452130,RC2_0018_ICR-1_p08
405.046243988,474.067697871,69.021453883,Other,random,C3H3N1O1,69.021452130,RC2_0018_ICR-1_p08
369.046235421,438.067690304,69.021454883,Other,random,C3H3N1O1,69.021452130,RC2_0018_ICR-1_p08
401.051288452,470.072745335,69.021456883,Other,random,C3H3N1O1,69.021452130,RC2_0018_ICR-1_p08
457.062334494,526.083793377,69.021458883,Other,random,C3H3N1O1,69.021452130,RC2_0018_ICR-1_p08
291.051104998,360.072564881,69.021459883,Other,random,C3H3N1O1,69.021452130,RC2_0018_ICR-1_p08
445.041127091,514.062586974,69.021459883,Other,random,C3H3N1O1,69.021452130,RC2_0018_ICR-1_p08
270.098313819,339.119773701,69.021459883,Other,random,C3H3N1O1,69.021452130,RC2_0018_ICR-1_p08
383.061796609,452.083256492,69.021459883,Other,random,C3H3N1O1,69.021452130,RC2_0018_ICR-1_p08
519.099216652,588.157059330,69.057842678,Other,random,C4H7N1,69.057849000,RC2_0018_ICR-1_p08
529.156256100,598.214100778,69.057844678,Other,random,C4H7N1,69.057849000,RC2_0018_ICR-1_p08
453.140016550,522.197861228,69.057844678,Other,random,C4H7N1,69.057849000,RC2_0018_ICR-1_p08
467.046573351,536.104419030,69.057845678,Other,random,C4H7N1,69.057849000,RC2_0018_ICR-1_p08
529.119961304,598.177806982,69.057845678,Other,random,C4H7N1,69.057849000,RC2_0018_ICR-1_p08
537.052214700,606.110061378,69.057846678,Other,random,C4H7N1,69.057849000,RC2_0018_ICR-1_p08
363.072102014,432.129950692,69.057848678,Other,random,C4H7N1,69.057849000,RC2_0018_ICR-1_p08
231.051120386,300.108970065,69.057849678,Other,random,C4H7N1,69.057849000,RC2_0018_ICR-1_p08
347.077144956,416.134994634,69.057849678,Other,random,C4H7N1,69.057849000,RC2_0018_ICR-1_p08
337.092826099,406.150679777,69.057853678,Other,random,C4H7N1,69.057849000,RC2_0018_ICR-1_p08
375.165934009,444.223788687,69.057854678,Other,random,C4H7N1,69.057849000,RC2_0018_ICR-1_p08
395.061853131,464.119708810,69.057855678,Other,random,C4H7N1,69.057849000,RC2_0018_ICR-1_p08
335.077134434,404.134993112,69.057858678,Other,random,C4H7N1,69.057849000,RC2_0018_ICR-1_p08
347.077144956,417.046235510,69.969090554,Other,random,CH_2O3,69.969100500,RC2_0018_ICR-1_p08
381.191735125,451.160825679,69.969090554,Other,random,CH_2O3,69.969100500,RC2_0018_ICR-1_p08
657.255690779,727.224782333,69.969091554,Other,random,CH_2O3,69.969100500,RC2_0018_ICR-1_p08
409.223013501,479.192105055,69.969091554,Other,random,CH_2O3,69.969100500,RC2_0018_ICR-1_p08
494.130381055,564.099472609,69.969091554,Other,random,CH_2O3,69.969100500,RC2_0018_ICR-1_p08
423.179023025,493.148116579,69.969093554,Other,random,CH_2O3,69.969100500,RC2_0018_ICR-1_p08
318.061848113,388.030941667,69.969093554,Other,random,CH_2O3,69.969100500,RC2_0018_ICR-1_p08
391.175910983,461.145004537,69.969093554,Other,random,CH_2O3,69.969100500,RC2_0018_ICR-1_p08
405.204664097,475.173757651,69.969093554,Other,random,CH_2O3,69.969100500,RC2_0018_ICR-1_p08
445.126798609,515.095892163,69.969093554,Other,random,CH_2O3,69.969100500,RC2_0018_ICR-1_p08
419.147673694,489.116768248,69.969094554,Other,random,CH_2O3,69.969100500,RC2_0018_ICR-1_p08
334.093073967,404.062168521,69.969094554,Other,random,CH_2O3,69.969100500,RC2_0018_ICR-1_p08
525.225988200,595.195082755,69.969094554,Other,random,CH_2O3,69.969100500,RC2_0018_ICR-1_p08
322.106138371,392.075233926,69.969095554,Other,random,CH_2O3,69.969100500,RC2_0018_ICR-1_p08
387.157806577,457.126902131,69.969095554,Other,random,CH_2O3,69.969100500,RC2_0018_ICR-1_p08
403.097628945,473.066724499,69.969095554,Other,random,CH_2O3,69.969100500,RC2_0018_ICR-1_p08
437.181429287,507.150524841,69.969095554,Other,random,CH_2O3,69.969100500,RC2_0018_ICR-1_p08
517.119791783,587.088887337,69.969095554,Other,random,CH_2O3,69.969100500,RC2_0018_ICR-1_p08
529.156256100,599.125351654,69.969095554,Other,random,CH_2O3,69.969100500,RC2_0018_ICR-1_p08
306.061955590,376.031052144,69.969096554,Other,random,CH_2O3,69.969100500,RC2_0018_ICR-1_p08
387.194219372,457.163315926,69.969096554,Other,random,CH_2O3,69.969100500,RC2_0018_ICR-1_p08
451.124426884,521.093523438,69.969096554,Other,random,CH_2O3,69.969100500,RC2_0018_ICR-1_p08
337.129165895,407.098263449,69.969097554,Other,random,CH_2O3,69.969100500,RC2_0018_ICR-1_p08
347.171059428,417.140156982,69.969097554,Other,random,CH_2O3,69.969100500,RC2_0018_ICR-1_p08
445.113730683,515.082828237,69.969097554,Other,random,CH_2O3,69.969100500,RC2_0018_ICR-1_p08
325.092754577,395.061853131,69.969098554,Other,random,CH_2O3,69.969100500,RC2_0018_ICR-1_p08
367.168113982,437.137212536,69.969098554,Other,random,CH_2O3,69.969100500,RC2_0018_ICR-1_p08
431.191961967,501.161060521,69.969098554,Other,random,CH_2O3,69.969100500,RC2_0018_ICR-1_p08
460.096342433,530.065440988,69.969098554,Other,random,CH_2O3,69.969100500,RC2_0018_ICR-1_p08
365.173435198,435.142534752,69.969099554,Other,random,CH_2O3,69.969100500,RC2_0018_ICR-1_p08
399.092982464,469.062082018,69.969099554,Other,random,CH_2O3,69.969100500,RC2_0018_ICR-1_p08
407.147606172,477.116705726,69.969099554,Other,random,CH_2O3,69.969100500,RC2_0018_ICR-1_p08
259.155033354,329.124132908,69.969099554,Other,random,CH_2O3,69.969100500,RC2_0018_ICR-1_p08
511.218323967,581.187423522,69.969099554,Other,random,CH_2O3,69.969100500,RC2_0018_ICR-1_p08
375.121390259,445.090490813,69.969100554,Other,random,CH_2O3,69.969100500,RC2_0018_ICR-1_p08
401.108736129,471.077836683,69.969100554,Other,random,CH_2O3,69.969100500,RC2_0018_ICR-1_p08
481.257362442,551.226462996,69.969100554,Other,random,CH_2O3,69.969100500,RC2_0018_ICR-1_p08
601.265770618,671.234871172,69.969100554,Other,random,CH_2O3,69.969100500,RC2_0018_ICR-1_p08
261.040570752,331.009672306,69.969101554,Other,random,CH_2O3,69.969100500,RC2_0018_ICR-1_p08
336.158224355,406.127325909,69.969101554,Other,random,CH_2O3,69.969100500,RC2_0018_ICR-1_p08
403.124415795,473.093517349,69.969101554,Other,random,CH_2O3,69.969100500,RC2_0018_ICR-1_p08
369.082494217,439.051597771,69.969103554,Other,random,CH_2O3,69.969100500,RC2_0018_ICR-1_p08
469.171394403,539.140498957,69.969104554,Other,random,CH_2O3,69.969100500,RC2_0018_ICR-1_p08
431.111355420,501.080459974,69.969104554,Other,random,CH_2O3,69.969100500,RC2_0018_ICR-1_p08
497.108903307,567.078007861,69.969104554,Other,random,CH_2O3,69.969100500,RC2_0018_ICR-1_p08
359.162983996,429.132088550,69.969104554,Other,random,CH_2O3,69.969100500,RC2_0018_ICR-1_p08
393.277546165,463.246650719,69.969104554,Other,random,CH_2O3,69.969100500,RC2_0018_ICR-1_p08
467.220524373,537.189629927,69.969105554,Other,random,CH_2O3,69.969100500,RC2_0018_ICR-1_p08
429.103636710,499.072742264,69.969105554,Other,random,CH_2O3,69.969100500,RC2_0018_ICR-1_p08
485.166390461,555.135496015,69.969105554,Other,random,CH_2O3,69.969100500,RC2_0018_ICR-1_p08
545.130111277,615.099217831,69.969106554,Other,random,CH_2O3,69.969100500,RC2_0018_ICR-1_p08
319.191344762,389.160451316,69.969106554,Other,random,CH_2O3,69.969100500,RC2_0018_ICR-1_p08
273.080165051,343.049271605,69.969106554,Other,random,CH_2O3,69.969100500,RC2_0018_ICR-1_p08
363.072102014,433.041208568,69.969106554,Other,random,CH_2O3,69.969100500,RC2_0018_ICR-1_p08
413.173570287,483.142676841,69.969106554,Other,random,CH_2O3,69.969100500,RC2_0018_ICR-1_p08
423.215235821,493.184342375,69.969106554,Other,random,CH_2O3,69.969100500,RC2_0018_ICR-1_p08
487.109273536,557.078380090,69.969106554,Other,random,CH_2O3,69.969100500,RC2_0018_ICR-1_p08
560.271561134,630.240668688,69.969107554,Other,random,CH_2O3,69.969100500,RC2_0018_ICR-1_p08
717.240660475,787.209768029,69.969107554,Other,random,CH_2O3,69.969100500,RC2_0018_ICR-1_p08
405.191569171,475.160676725,69.969107554,Other,random,CH_2O3,69.969100500,RC2_0018_ICR-1_p08
427.189229475,497.158337029,69.969107554,Other,random,CH_2O3,69.969100500,RC2_0018_ICR-1_p08
389.072423811,459.041532365,69.969108554,Other,random,CH_2O3,69.969100500,RC2_0018_ICR-1_p08
779.278308629,849.247417183,69.969108554,Other,random,CH_2O3,69.969100500,RC2_0018_ICR-1_p08
550.193123807,620.162233361,69.969109554,Other,random,CH_2O3,69.969100500,RC2_0018_ICR-1_p08
290.103455327,360.072564881,69.969109554,Other,random,CH_2O3,69.969100500,RC2_0018_ICR-1_p08
335.077134434,405.046243988,69.969109554,Other,random,CH_2O3,69.969100500,RC2_0018_ICR-1_p08
352.140017487,422.109127041,69.969109554,Other,random,CH_2O3,69.969100500,RC2_0018_ICR-1_p08
374.100948997,444.106419347,70.005470350,Other,random,C3H2O2,70.005480000,RC2_0018_ICR-1_p08
415.116319362,485.121789712,70.005470350,Other,random,C3H2O2,70.005480000,RC2_0018_ICR-1_p08
431.170927085,501.176397435,70.005470350,Other,random,C3H2O2,70.005480000,RC2_0018_ICR-1_p08
432.065083057,502.070553407,70.005470350,Other,random,C3H2O2,70.005480000,RC2_0018_ICR-1_p08
563.249925387,633.255395736,70.005470350,Other,random,C3H2O2,70.005480000,RC2_0018_ICR-1_p08
417.046235510,487.051706860,70.005471350,Other,random,C3H2O2,70.005480000,RC2_0018_ICR-1_p08
467.147840782,537.153312131,70.005471350,Other,random,C3H2O2,70.005480000,RC2_0018_ICR-1_p08
394.114237460,464.119708810,70.005471350,Other,random,C3H2O2,70.005480000,RC2_0018_ICR-1_p08
547.182221738,617.187693087,70.005471350,Other,random,C3H2O2,70.005480000,RC2_0018_ICR-1_p08
360.036101086,430.041572436,70.005471350,Other,random,C3H2O2,70.005480000,RC2_0018_ICR-1_p08
371.061839087,441.067310436,70.005471350,Other,random,C3H2O2,70.005480000,RC2_0018_ICR-1_p08
423.056851712,493.062323061,70.005471350,Other,random,C3H2O2,70.005480000,RC2_0018_ICR-1_p08
601.104894523,671.110366872,70.005472350,Other,random,C3H2O2,70.005480000,RC2_0018_ICR-1_p08
359.126616200,429.132088550,70.005472350,Other,random,C3H2O2,70.005480000,RC2_0018_ICR-1_p08
385.123507016,455.128979366,70.005472350,Other,random,C3H2O2,70.005480000,RC2_0018_ICR-1_p08
355.066866029,425.072339378,70.005473350,Other,random,C3H2O2,70.005480000,RC2_0018_ICR-1_p08
331.058906029,401.064379378,70.005473350,Other,random,C3H2O2,70.005480000,RC2_0018_ICR-1_p08
515.213351503,585.218824852,70.005473350,Other,random,C3H2O2,70.005480000,RC2_0018_ICR-1_p08
373.019774077,443.025247427,70.005473350,Other,random,C3H2O2,70.005480000,RC2_0018_ICR-1_p08
417.113416132,487.118890482,70.005474350,Other,random,C3H2O2,70.005480000,RC2_0018_ICR-1_p08
329.043292363,399.048766712,70.005474350,Other,random,C3H2O2,70.005480000,RC2_0018_ICR-1_p08
419.129046798,489.134521148,70.005474350,Other,random,C3H2O2,70.005480000,RC2_0018_ICR-1_p08
389.027798062,459.033272411,70.005474350,Other,random,C3H2O2,70.005480000,RC2_0018_ICR-1_p08
401.181564719,471.187039069,70.005474350,Other,random,C3H2O2,70.005480000,RC2_0018_ICR-1_p08
453.168508390,523.173982739,70.005474350,Other,random,C3H2O2,70.005480000,RC2_0018_ICR-1_p08
381.082419740,451.087895089,70.005475350,Other,random,C3H2O2,70.005480000,RC2_0018_ICR-1_p08
529.098763423,599.104238773,70.005475350,Other,random,C3H2O2,70.005480000,RC2_0018_ICR-1_p08
635.198580809,705.204056159,70.005475350,Other,random,C3H2O2,70.005480000,RC2_0018_ICR-1_p08
397.041098002,467.046573351,70.005475350,Other,random,C3H2O2,70.005480000,RC2_0018_ICR-1_p08
353.087646158,423.093122508,70.005476350,Other,random,C3H2O2,70.005480000,RC2_0018_ICR-1_p08
371.207456268,441.212932618,70.005476350,Other,random,C3H2O2,70.005480000,RC2_0018_ICR-1_p08
405.132003506,475.137479855,70.005476350,Other,random,C3H2O2,70.005480000,RC2_0018_ICR-1_p08
423.202240894,493.207717244,70.005476350,Other,random,C3H2O2,70.005480000,RC2_0018_ICR-1_p08
399.129537258,469.135013608,70.005476350,Other,random,C3H2O2,70.005480000,RC2_0018_ICR-1_p08
393.119012056,463.124489406,70.005477350,Other,random,C3H2O2,70.005480000,RC2_0018_ICR-1_p08
402.095833578,472.101310928,70.005477350,Other,random,C3H2O2,70.005480000,RC2_0018_ICR-1_p08
435.202180417,505.207658766,70.005478350,Other,random,C3H2O2,70.005480000,RC2_0018_ICR-1_p08
449.103200249,519.108678599,70.005478350,Other,random,C3H2O2,70.005480000,RC2_0018_ICR-1_p08
377.087578203,447.093056553,70.005478350,Other,random,C3H2O2,70.005480000,RC2_0018_ICR-1_p08
323.040768116,393.046246465,70.005478350,Other,random,C3H2O2,70.005480000,RC2_0018_ICR-1_p08
473.166421939,543.171901288,70.005479349,Other,random,C3H2O2,70.005480000,RC2_0018_ICR-1_p08
547.254855329,617.260334679,70.005479349,Other,random,C3H2O2,70.005480000,RC2_0018_ICR-1_p08
361.105876071,431.111355420,70.005479349,Other,random,C3H2O2,70.005480000,RC2_0018_ICR-1_p08
513.124954246,583.130433596,70.005479349,Other,random,C3H2O2,70.005480000,RC2_0018_ICR-1_p08
371.107915828,441.113396177,70.005480349,Other,random,C3H2O2,70.005480000,RC2_0018_ICR-1_p08
377.124061998,447.129542348,70.005480349,Other,random,C3H2O2,70.005480000,RC2_0018_ICR-1_p08
476.156369126,546.161849475,70.005480349,Other,random,C3H2O2,70.005480000,RC2_0018_ICR-1_p08
343.095244347,413.100724696,70.005480349,Other,random,C3H2O2,70.005480000,RC2_0018_ICR-1_p08
316.095593170,386.101073519,70.005480349,Other,random,C3H2O2,70.005480000,RC2_0018_ICR-1_p08
305.139378778,375.144860127,70.005481349,Other,random,C3H2O2,70.005480000,RC2_0018_ICR-1_p08
337.105781026,407.111262376,70.005481349,Other,random,C3H2O2,70.005480000,RC2_0018_ICR-1_p08
313.121134895,383.126616245,70.005481349,Other,random,C3H2O2,70.005480000,RC2_0018_ICR-1_p08
477.067436003,547.072917352,70.005481349,Other,random,C3H2O2,70.005480000,RC2_0018_ICR-1_p08
559.145854464,629.151335814,70.005481349,Other,random,C3H2O2,70.005480000,RC2_0018_ICR-1_p08
743.182814599,813.188295949,70.005481349,Other,random,C3H2O2,70.005480000,RC2_0018_ICR-1_p08
337.056318305,407.061800654,70.005482349,Other,random,C3H2O2,70.005480000,RC2_0018_ICR-1_p08
367.095366391,437.100848740,70.005482349,Other,random,C3H2O2,70.005480000,RC2_0018_ICR-1_p08
653.172527739,723.178010089,70.005482349,Other,random,C3H2O2,70.005480000,RC2_0018_ICR-1_p08
371.113439797,441.118922146,70.005482349,Other,random,C3H2O2,70.005480000,RC2_0018_ICR-1_p08
345.118953967,415.124437317,70.005483349,Other,random,C3H2O2,70.005480000,RC2_0018_ICR-1_p08
401.118398075,471.123881424,70.005483349,Other,random,C3H2O2,70.005480000,RC2_0018_ICR-1_p08
404.134993112,474.140476461,70.005483349,Other,random,C3H2O2,70.005480000,RC2_0018_ICR-1_p08
413.100724696,483.106208046,70.005483349,Other,random,C3H2O2,70.005480000,RC2_0018_ICR-1_p08
429.191678215,499.197161564,70.005483349,Other,random,C3H2O2,70.005480000,RC2_0018_ICR-1_p08
603.208461694,673.213945044,70.005483349,Other,random,C3H2O2,70.005480000,RC2_0018_ICR-1_p08
415.066942640,485.072425989,70.005483349,Other,random,C3H2O2,70.005480000,RC2_0018_ICR-1_p08
399.084921509,469.090405859,70.005484349,Other,random,C3H2O2,70.005480000,RC2_0018_ICR-1_p08
417.118983101,487.124467451,70.005484349,Other,random,C3H2O2,70.005480000,RC2_0018_ICR-1_p08
345.134324881,415.139809230,70.005484349,Other,random,C3H2O2,70.005480000,RC2_0018_ICR-1_p08
399.121472304,469.126956653,70.005484349,Other,random,C3H2O2,70.005480000,RC2_0018_ICR-1_p08
505.119914260,575.125398609,70.005484349,Other,random,C3H2O2,70.005480000,RC2_0018_ICR-1_p08
519.223541953,589.229026303,70.005484349,Other,random,C3H2O2,70.005480000,RC2_0018_ICR-1_p08
323.113527707,393.119012056,70.005484349,Other,random,C3H2O2,70.005480000,RC2_0018_ICR-1_p08
473.231122575,543.236606924,70.005484349,Other,random,C3H2O2,70.005480000,RC2_0018_ICR-1_p08
579.281115241,649.286599590,70.005484349,Other,random,C3H2O2,70.005480000,RC2_0018_ICR-1_p08
469.135013608,539.140498957,70.005485349,Other,random,C3H2O2,70.005480000,RC2_0018_ICR-1_p08
317.051304796,387.056790145,70.005485349,Other,random,C3H2O2,70.005480000,RC2_0018_ICR-1_p08
361.069333276,431.074818626,70.005485349,Other,random,C3H2O2,70.005480000,RC2_0018_ICR-1_p08
407.074960580,477.080445930,70.005485349,Other,random,C3H2O2,70.005480000,RC2_0018_ICR-1_p08
427.066888163,497.072373512,70.005485349,Other,random,C3H2O2,70.005480000,RC2_0018_ICR-1_p08
455.147708260,525.153193610,70.005485349,Other,random,C3H2O2,70.005480000,RC2_0018_ICR-1_p08
465.080540407,535.086025756,70.005485349,Other,random,C3H2O2,70.005480000,RC2_0018_ICR-1_p08
518.094021304,588.099506654,70.005485349,Other,random,C3H2O2,70.005480000,RC2_0018_ICR-1_p08
599.226879083,669.232364433,70.005485349,Other,random,C3H2O2,70.005480000,RC2_0018_ICR-1_p08
659.162097059,729.167582409,70.005485349,Other,random,C3H2O2,70.005480000,RC2_0018_ICR-1_p08
389.137012448,459.142498797,70.005486349,Other,random,C3H2O2,70.005480000,RC2_0018_ICR-1_p08
511.072942785,581.078429134,70.005486349,Other,random,C3H2O2,70.005480000,RC2_0018_ICR-1_p08
272.041255893,342.046742243,70.005486349,Other,random,C3H2O2,70.005480000,RC2_0018_ICR-1_p08
335.126517156,405.132003506,70.005486349,Other,random,C3H2O2,70.005480000,RC2_0018_ICR-1_p08
425.036009583,495.041495932,70.005486349,Other,random,C3H2O2,70.005480000,RC2_0018_ICR-1_p08
491.132533913,561.138021262,70.005487349,Other,random,C3H2O2,70.005480000,RC2_0018_ICR-1_p08
511.254704763,581.260192112,70.005487349,Other,random,C3H2O2,70.005480000,RC2_0018_ICR-1_p08
589.192786506,659.198273856,70.005487349,Other,random,C3H2O2,70.005480000,RC2_0018_ICR-1_p08
443.207255403,513.212743753,70.005488349,Other,random,C3H2O2,70.005480000,RC2_0018_ICR-1_p08
555.281210196,625.286698545,70.005488349,Other,random,C3H2O2,70.005480000,RC2_0018_ICR-1_p08
565.265718052,635.271206401,70.005488349,Other,random,C3H2O2,70.005480000,RC2_0018_ICR-1_p08
351.157790010,421.163278359,70.005488349,Other,random,C3H2O2,70.005480000,RC2_0018_ICR-1_p08
373.215043979,443.220533328,70.005489349,Other,random,C3H2O2,70.005480000,RC2_0018_ICR-1_p08
653.245648328,723.251137678,70.005489349,Other,random,C3H2O2,70.005480000,RC2_0018_ICR-1_p08
361.129068940,431.170927085,70.041858145,Other,random,C4H6O1,70.041867420,RC2_0018_ICR-1_p08
747.251422721,817.293280866,70.041858145,Other,random,C4H6O1,70.041867420,RC2_0018_ICR-1_p08
357.132047416,427.173905561,70.041858145,Other,random,C4H6O1,70.041867420,RC2_0018_ICR-1_p08
529.135219218,599.177077363,70.041858145,Other,random,C4H6O1,70.041867420,RC2_0018_ICR-1_p08
349.142133344,419.183991489,70.041858145,Other,random,C4H6O1,70.041867420,RC2_0018_ICR-1_p08
371.077064001,441.118922146,70.041858145,Other,random,C4H6O1,70.041867420,RC2_0018_ICR-1_p08
409.163329837,479.205187982,70.041858145,Other,random,C4H6O1,70.041867420,RC2_0018_ICR-1_p08
329.152287750,399.194146895,70.041859145,Other,random,C4H6O1,70.041867420,RC2_0018_ICR-1_p08
377.160298794,447.202157939,70.041859145,Other,random,C4H6O1,70.041867420,RC2_0018_ICR-1_p08
337.142290821,407.184150966,70.041860145,Other,random,C4H6O1,70.041867420,RC2_0018_ICR-1_p08
359.071511510,429.113371655,70.041860145,Other,random,C4H6O1,70.041867420,RC2_0018_ICR-1_p08
417.149773928,487.191634073,70.041860145,Other,random,C4H6O1,70.041867420,RC2_0018_ICR-1_p08
390.046627333,460.088487478,70.041860145,Other,random,C4H6O1,70.041867420,RC2_0018_ICR-1_p08
457.126902131,527.168762276,70.041860145,Other,random,C4H6O1,70.041867420,RC2_0018_ICR-1_p08
465.189517794,535.231377939,70.041860145,Other,random,C4H6O1,70.041867420,RC2_0018_ICR-1_p08
477.212995184,547.254855329,70.041860145,Other,random,C4H6O1,70.041867420,RC2_0018_ICR-1_p08
567.208492127,637.250352272,70.041860145,Other,random,C4H6O1,70.041867420,RC2_0018_ICR-1_p08
639.120628755,709.162488900,70.041860145,Other,random,C4H6O1,70.041867420,RC2_0018_ICR-1_p08
347.053710088,417.095571233,70.041861145,Other,random,C4H6O1,70.041867420,RC2_0018_ICR-1_p08
361.105876071,431.147737215,70.041861145,Other,random,C4H6O1,70.041867420,RC2_0018_ICR-1_p08
509.252304023,579.294165168,70.041861145,Other,random,C4H6O1,70.041867420,RC2_0018_ICR-1_p08
358.069671144,428.111533288,70.041862145,Other,random,C4H6O1,70.041867420,RC2_0018_ICR-1_p08
361.165589735,431.207451880,70.041862145,Other,random,C4H6O1,70.041867420,RC2_0018_ICR-1_p08
391.189141908,461.231004053,70.041862145,Other,random,C4H6O1,70.041867420,RC2_0018_ICR-1_p08
353.100663085,423.142526230,70.041863145,Other,random,C4H6O1,70.041867420,RC2_0018_ICR-1_p08
429.119014623,499.160877768,70.041863145,Other,random,C4H6O1,70.041867420,RC2_0018_ICR-1_p08
441.168368868,511.210232013,70.041863145,Other,random,C4H6O1,70.041867420,RC2_0018_ICR-1_p08
379.061337105,449.103200249,70.041863145,Other,random,C4H6O1,70.041867420,RC2_0018_ICR-1_p08
381.118962534,451.160825679,70.041863145,Other,random,C4H6O1,70.041867420,RC2_0018_ICR-1_p08
394.041564869,464.083428014,70.041863145,Other,random,C4H6O1,70.041867420,RC2_0018_ICR-1_p08
351.108297288,421.150161433,70.041864145,Other,random,C4H6O1,70.041867420,RC2_0018_ICR-1_p08
431.155765170,501.197629315,70.041864145,Other,random,C4H6O1,70.041867420,RC2_0018_ICR-1_p08
350.051620230,420.093484375,70.041864145,Other,random,C4H6O1,70.041867420,RC2_0018_ICR-1_p08
492.114866389,562.156730534,70.041864145,Other,random,C4H6O1,70.041867420,RC2_0018_ICR-1_p08
483.041557409,553.083422554,70.041865145,Other,random,C4H6O1,70.041867420,RC2_0018_ICR-1_p08
399.178801981,469.220667126,70.041865145,Other,random,C4H6O1,70.041867420,RC2_0018_ICR-1_p08
437.100848740,507.142713885,70.041865145,Other,random,C4H6O1,70.041867420,RC2_0018_ICR-1_p08
347.098291837,417.140156982,70.041865145,Other,random,C4H6O1,70.041867420,RC2_0018_ICR-1_p08
391.225513704,461.267378849,70.041865145,Other,random,C4H6O1,70.041867420,RC2_0018_ICR-1_p08
521.130053232,591.171918377,70.041865145,Other,random,C4H6O1,70.041867420,RC2_0018_ICR-1_p08
543.163951333,613.205816478,70.041865145,Other,random,C4H6O1,70.041867420,RC2_0018_ICR-1_p08
414.046747377,484.088613522,70.041866145,Other,random,C4H6O1,70.041867420,RC2_0018_ICR-1_p08
491.119414986,561.161281131,70.041866145,Other,random,C4H6O1,70.041867420,RC2_0018_ICR-1_p08
439.088051566,509.129917711,70.041866145,Other,random,C4H6O1,70.041867420,RC2_0018_ICR-1_p08
451.160825679,521.202691824,70.041866145,Other,random,C4H6O1,70.041867420,RC2_0018_ICR-1_p08
469.126956653,539.168822798,70.041866145,Other,random,C4H6O1,70.041867420,RC2_0018_ICR-1_p08
322.093142445,392.135009589,70.041867145,Other,random,C4H6O1,70.041867420,RC2_0018_ICR-1_p08
369.025124540,439.066991684,70.041867145,Other,random,C4H6O1,70.041867420,RC2_0018_ICR-1_p08
297.072783138,367.114650282,70.041867145,Other,random,C4H6O1,70.041867420,RC2_0018_ICR-1_p08
437.231095008,507.272962153,70.041867145,Other,random,C4H6O1,70.041867420,RC2_0018_ICR-1_p08
333.110905490,403.152773635,70.041868145,Other,random,C4H6O1,70.041867420,RC2_0018_ICR-1_p08
341.087646636,411.129514781,70.041868145,Other,random,C4H6O1,70.041867420,RC2_0018_ICR-1_p08
371.061839087,441.103707232,70.041868145,Other,random,C4H6O1,70.041867420,RC2_0018_ICR-1_p08
381.168303257,451.210171402,70.041868145,Other,random,C4H6O1,70.041867420,RC2_0018_ICR-1_p08
437.145089492,507.186957636,70.041868145,Other,random,C4H6O1,70.041867420,RC2_0018_ICR-1_p08
593.151433246,663.193301391,70.041868145,Other,random,C4H6O1,70.041867420,RC2_0018_ICR-1_p08
499.160877768,569.202745913,70.041868145,Other,random,C4H6O1,70.041867420,RC2_0018_ICR-1_p08
336.036064042,406.077932186,70.041868145,Other,random,C4H6O1,70.041867420,RC2_0018_ICR-1_p08
396.065081490,466.106949635,70.041868145,Other,random,C4H6O1,70.041867420,RC2_0018_ICR-1_p08
403.079860045,473.121728190,70.041868145,Other,random,C4H6O1,70.041867420,RC2_0018_ICR-1_p08
453.189450272,523.231318417,70.041868145,Other,random,C4H6O1,70.041867420,RC2_0018_ICR-1_p08
639.193364346,709.235232491,70.041868145,Other,random,C4H6O1,70.041867420,RC2_0018_ICR-1_p08
455.155689215,525.197557360,70.041868145,Other,random,C4H6O1,70.041867420,RC2_0018_ICR-1_p08
511.218323967,581.260192112,70.041868145,Other,random,C4H6O1,70.041867420,RC2_0018_ICR-1_p08
395.098147927,465.140017072,70.041869145,Other,random,C4H6O1,70.041867420,RC2_0018_ICR-1_p08
379.116272796,449.158141940,70.041869145,Other,random,C4H6O1,70.041867420,RC2_0018_ICR-1_p08
375.048621669,445.090490813,70.041869145,Other,random,C4H6O1,70.041867420,RC2_0018_ICR-1_p08
443.134601812,513.176471957,70.041870145,Other,random,C4H6O1,70.041867420,RC2_0018_ICR-1_p08
365.196847066,435.238717211,70.041870145,Other,random,C4H6O1,70.041867420,RC2_0018_ICR-1_p08
443.098265016,513.140135161,70.041870145,Other,random,C4H6O1,70.041867420,RC2_0018_ICR-1_p08
465.262195385,535.304065530,70.041870145,Other,random,C4H6O1,70.041867420,RC2_0018_ICR-1_p08
371.090062928,441.131933073,70.041870145,Other,random,C4H6O1,70.041867420,RC2_0018_ICR-1_p08
311.069088434,381.110959579,70.041871145,Other,random,C4H6O1,70.041867420,RC2_0018_ICR-1_p08
443.155628693,513.197499838,70.041871145,Other,random,C4H6O1,70.041867420,RC2_0018_ICR-1_p08
507.259725227,577.301596372,70.041871145,Other,random,C4H6O1,70.041867420,RC2_0018_ICR-1_p08
663.302389778,733.344260923,70.041871145,Other,random,C4H6O1,70.041867420,RC2_0018_ICR-1_p08
613.141272841,683.183144985,70.041872145,Other,random,C4H6O1,70.041867420,RC2_0018_ICR-1_p08
355.058806074,425.100678219,70.041872145,Other,random,C4H6O1,70.041867420,RC2_0018_ICR-1_p08
376.080328867,446.122201012,70.041872145,Other,random,C4H6O1,70.041867420,RC2_0018_ICR-1_p08
391.061364627,461.103236772,70.041872145,Other,random,C4H6O1,70.041867420,RC2_0018_ICR-1_p08
419.129046798,489.170918943,70.041872145,Other,random,C4H6O1,70.041867420,RC2_0018_ICR-1_p08
489.189632838,559.231504983,70.041872145,Other,random,C4H6O1,70.041867420,RC2_0018_ICR-1_p08
370.049425780,440.091298925,70.041873145,Other,random,C4H6O1,70.041867420,RC2_0018_ICR-1_p08
381.155172331,451.197045475,70.041873145,Other,random,C4H6O1,70.041867420,RC2_0018_ICR-1_p08
357.118880490,427.160753635,70.041873145,Other,random,C4H6O1,70.041867420,RC2_0018_ICR-1_p08
389.014903134,459.056776279,70.041873145,Other,random,C4H6O1,70.041867420,RC2_0018_ICR-1_p08
466.062545885,536.104419030,70.041873145,Other,random,C4H6O1,70.041867420,RC2_0018_ICR-1_p08
501.234142110,571.276015255,70.041873145,Other,random,C4H6O1,70.041867420,RC2_0018_ICR-1_p08
443.119421897,513.161296042,70.041874145,Other,random,C4H6O1,70.041867420,RC2_0018_ICR-1_p08
443.228633283,513.270507428,70.041874145,Other,random,C4H6O1,70.041867420,RC2_0018_ICR-1_p08
493.075460987,563.117335132,70.041874145,Other,random,C4H6O1,70.041867420,RC2_0018_ICR-1_p08
441.103707232,511.145581377,70.041874145,Other,random,C4H6O1,70.041867420,RC2_0018_ICR-1_p08
441.189609749,511.231484893,70.041875145,Other,random,C4H6O1,70.041867420,RC2_0018_ICR-1_p08
457.077656408,527.119531553,70.041875145,Other,random,C4H6O1,70.041867420,RC2_0018_ICR-1_p08
504.099638997,574.141514142,70.041875145,Other,random,C4H6O1,70.041867420,RC2_0018_ICR-1_p08
395.090194972,465.132070117,70.041875145,Other,random,C4H6O1,70.041867420,RC2_0018_ICR-1_p08
569.093868525,639.135744670,70.041876145,Other,random,C4H6O1,70.041867420,RC2_0018_ICR-1_p08
361.056382349,431.098258494,70.041876145,Other,random,C4H6O1,70.041867420,RC2_0018_ICR-1_p08
405.059303914,475.101180059,70.041876145,Other,random,C4H6O1,70.041867420,RC2_0018_ICR-1_p08
423.129405304,493.171282449,70.041877145,Other,random,C4H6O1,70.041867420,RC2_0018_ICR-1_p08
527.213120027,597.254997171,70.041877145,Other,random,C4H6O1,70.041867420,RC2_0018_ICR-1_p08
329.060927264,399.102804409,70.041877145,Other,random,C4H6O1,70.041867420,RC2_0018_ICR-1_p08
357.074526739,427.116403884,70.041877145,Other,random,C4H6O1,70.041867420,RC2_0018_ICR-1_p08
493.111883783,563.153760927,70.041877145,Other,random,C4H6O1,70.041867420,RC2_0018_ICR-1_p08
499.155314799,569.197191944,70.041877145,Other,random,C4H6O1,70.041867420,RC2_0018_ICR-1_p08
381.082419740,451.197045475,70.114625736,Other,random,C6H14O_1,70.114635000,RC2_0018_ICR-1_p08
543.078023816,613.192649552,70.114625736,Other,random,C6H14O_1,70.114635000,RC2_0018_ICR-1_p08
521.166497028,591.281122763,70.114625736,Other,random,C6H14O_1,70.114635000,RC2_0018_ICR-1_p08
387.066365091,457.180991827,70.114626736,Other,random,C6H14O_1,70.114635000,RC2_0018_ICR-1_p08
453.067312959,523.181939694,70.114626736,Other,random,C6H14O_1,70.114635000,RC2_0018_ICR-1_p08
455.082930625,525.197557360,70.114626736,Other,random,C6H14O_1,70.114635000,RC2_0018_ICR-1_p08
513.116975291,583.231603027,70.114627736,Other,random,C6H14O_1,70.114635000,RC2_0018_ICR-1_p08
455.074861670,525.189490406,70.114628736,Other,random,C6H14O_1,70.114635000,RC2_0018_ICR-1_p08
589.047468323,659.162097059,70.114628736,Other,random,C6H14O_1,70.114635000,RC2_0018_ICR-1_p08
365.137149402,435.251779138,70.114629736,Other,random,C6H14O_1,70.114635000,RC2_0018_ICR-1_p08
521.130053232,591.244682968,70.114629736,Other,random,C6H14O_1,70.114635000,RC2_0018_ICR-1_p08
527.104293638,597.218923374,70.114629736,Other,random,C6H14O_1,70.114635000,RC2_0018_ICR-1_p08
653.099865148,723.214494884,70.114629736,Other,random,C6H14O_1,70.114635000,RC2_0018_ICR-1_p08
401.100709174,471.215339910,70.114630736,Other,random,C6H14O_1,70.114635000,RC2_0018_ICR-1_p08
363.108321811,433.222952546,70.114630736,Other,random,C6H14O_1,70.114635000,RC2_0018_ICR-1_p08
503.104148595,573.218779330,70.114630736,Other,random,C6H14O_1,70.114635000,RC2_0018_ICR-1_p08
353.051318362,423.165949098,70.114630736,Other,random,C6H14O_1,70.114635000,RC2_0018_ICR-1_p08
357.046121899,427.160753635,70.114631736,Other,random,C6H14O_1,70.114635000,RC2_0018_ICR-1_p08
473.158290984,543.272923720,70.114632736,Other,random,C6H14O_1,70.114635000,RC2_0018_ICR-1_p08
427.124418839,497.239051575,70.114632736,Other,random,C6H14O_1,70.114635000,RC2_0018_ICR-1_p08
447.077800639,517.192433374,70.114632736,Other,random,C6H14O_1,70.114635000,RC2_0018_ICR-1_p08
410.085883649,480.200516385,70.114632736,Other,random,C6H14O_1,70.114635000,RC2_0018_ICR-1_p08
620.170604314,690.285237049,70.114632736,Other,random,C6H14O_1,70.114635000,RC2_0018_ICR-1_p08
543.099252697,613.213885432,70.114632736,Other,random,C6H14O_1,70.114635000,RC2_0018_ICR-1_p08
562.083698944,632.198332680,70.114633736,Other,random,C6H14O_1,70.114635000,RC2_0018_ICR-1_p08
459.087640106,529.202273841,70.114633736,Other,random,C6H14O_1,70.114635000,RC2_0018_ICR-1_p08
437.145089492,507.259725227,70.114635736,Other,random,C6H14O_1,70.114635000,RC2_0018_ICR-1_p08
525.153193610,595.267829345,70.114635736,Other,random,C6H14O_1,70.114635000,RC2_0018_ICR-1_p08
415.043661771,485.158298507,70.114636736,Other,random,C6H14O_1,70.114635000,RC2_0018_ICR-1_p08
485.057208075,555.171844811,70.114636736,Other,random,C6H14O_1,70.114635000,RC2_0018_ICR-1_p08
455.046568829,525.161206565,70.114637736,Other,random,C6H14O_1,70.114635000,RC2_0018_ICR-1_p08
621.109958032,691.224595767,70.114637736,Other,random,C6H14O_1,70.114635000,RC2_0018_ICR-1_p08
345.025170495,415.139809230,70.114638736,Other,random,C6H14O_1,70.114635000,RC2_0018_ICR-1_p08
377.100616130,447.215254866,70.114638736,Other,random,C6H14O_1,70.114635000,RC2_0018_ICR-1_p08
551.176981274,621.291620010,70.114638736,Other,random,C6H14O_1,70.114635000,RC2_0018_ICR-1_p08
507.186957636,577.301596372,70.114638736,Other,random,C6H14O_1,70.114635000,RC2_0018_ICR-1_p08
383.025376814,453.140016550,70.114639736,Other,random,C6H14O_1,70.114635000,RC2_0018_ICR-1_p08
333.025090973,403.139730708,70.114639736,Other,random,C6H14O_1,70.114635000,RC2_0018_ICR-1_p08
389.051210930,459.165850666,70.114639736,Other,random,C6H14O_1,70.114635000,RC2_0018_ICR-1_p08
439.088051566,509.202691302,70.114639736,Other,random,C6H14O_1,70.114635000,RC2_0018_ICR-1_p08
531.099057175,601.213696911,70.114639736,Other,random,C6H14O_1,70.114635000,RC2_0018_ICR-1_p08
451.124426884,521.239067619,70.114640736,Other,random,C6H14O_1,70.114635000,RC2_0018_ICR-1_p08
457.054120540,527.168762276,70.114641736,Other,random,C6H14O_1,70.114635000,RC2_0018_ICR-1_p08
443.082858103,513.197499838,70.114641736,Other,random,C6H14O_1,70.114635000,RC2_0018_ICR-1_p08
331.058906029,401.173548765,70.114642736,Other,random,C6H14O_1,70.114635000,RC2_0018_ICR-1_p08
371.025306292,441.139951028,70.114644736,Other,random,C6H14O_1,70.114635000,RC2_0018_ICR-1_p08
557.057391208,627.172035944,70.114644736,Other,random,C6H14O_1,70.114635000,RC2_0018_ICR-1_p08
239.056189373,310.056912126,71.000722753,Other,random,C2H1N1O2,71.000729000,RC2_0018_ICR-1_p08
431.098258494,502.098983247,71.000724753,Other,random,C2H1N1O2,71.000729000,RC2_0018_ICR-1_p08
453.225677068,524.226401821,71.000724753,Other,random,C2H1N1O2,71.000729000,RC2_0018_ICR-1_p08
517.098779901,588.099506654,71.000726753,Other,random,C2H1N1O2,71.000729000,RC2_0018_ICR-1_p08
305.103027982,376.103754735,71.000726753,Other,random,C2H1N1O2,71.000729000,RC2_0018_ICR-1_p08
319.045898580,390.046627333,71.000728753,Other,random,C2H1N1O2,71.000729000,RC2_0018_ICR-1_p08
289.071831128,360.072564881,71.000733753,Other,random,C2H1N1O2,71.000729000,RC2_0018_ICR-1_p08
236.056493241,307.057226994,71.000733753,Other,random,C2H1N1O2,71.000729000,RC2_0018_ICR-1_p08
321.097860041,392.098594794,71.000734753,Other,random,C2H1N1O2,71.000729000,RC2_0018_ICR-1_p08
537.125086290,608.125823043,71.000736753,Other,random,C2H1N1O2,71.000729000,RC2_0018_ICR-1_p08
365.173435198,436.174171951,71.000736753,Other,random,C2H1N1O2,71.000729000,RC2_0018_ICR-1_p08
491.082961191,562.083698944,71.000737753,Other,random,C2H1N1O2,71.000729000,RC2_0018_ICR-1_p08
345.110884013,416.147990561,71.037106549,Other,random,Alanine,71.037113840,RC2_0018_ICR-1_p08
373.056418871,444.093525420,71.037106549,Other,random,Alanine,71.037113840,RC2_0018_ICR-1_p08
231.030005505,302.067113054,71.037107549,Other,random,Alanine,71.037113840,RC2_0018_ICR-1_p08
349.056375827,420.093484375,71.037108549,Other,random,Alanine,71.037113840,RC2_0018_ICR-1_p08
541.192766417,612.229876966,71.037110548,Other,random,Alanine,71.037113840,RC2_0018_ICR-1_p08
264.051484821,335.088595369,71.037110548,Other,random,Alanine,71.037113840,RC2_0018_ICR-1_p08
337.056318305,408.093431853,71.037113548,Other,random,Alanine,71.037113840,RC2_0018_ICR-1_p08
357.110821535,428.147935084,71.037113548,Other,random,Alanine,71.037113840,RC2_0018_ICR-1_p08
567.172019332,638.209133881,71.037114548,Other,random,Alanine,71.037113840,RC2_0018_ICR-1_p08
373.033090002,444.070206551,71.037116548,Other,random,Alanine,71.037113840,RC2_0018_ICR-1_p08
375.072082537,446.109202085,71.037119548,Other,random,Alanine,71.037113840,RC2_0018_ICR-1_p08
319.118714170,390.155833719,71.037119548,Other,random,Alanine,71.037113840,RC2_0018_ICR-1_p08
345.110884013,416.147990561,71.037106549,Other,random,Alanine_C3H5NO,71.037114000,RC2_0018_ICR-1_p08
373.056418871,444.093525420,71.037106549,Other,random,Alanine_C3H5NO,71.037114000,RC2_0018_ICR-1_p08
231.030005505,302.067113054,71.037107549,Other,random,Alanine_C3H5NO,71.037114000,RC2_0018_ICR-1_p08
349.056375827,420.093484375,71.037108549,Other,random,Alanine_C3H5NO,71.037114000,RC2_0018_ICR-1_p08
541.192766417,612.229876966,71.037110548,Other,random,Alanine_C3H5NO,71.037114000,RC2_0018_ICR-1_p08
264.051484821,335.088595369,71.037110548,Other,random,Alanine_C3H5NO,71.037114000,RC2_0018_ICR-1_p08
337.056318305,408.093431853,71.037113548,Other,random,Alanine_C3H5NO,71.037114000,RC2_0018_ICR-1_p08
357.110821535,428.147935084,71.037113548,Other,random,Alanine_C3H5NO,71.037114000,RC2_0018_ICR-1_p08
567.172019332,638.209133881,71.037114548,Other,random,Alanine_C3H5NO,71.037114000,RC2_0018_ICR-1_p08
373.033090002,444.070206551,71.037116548,Other,random,Alanine_C3H5NO,71.037114000,RC2_0018_ICR-1_p08
375.072082537,446.109202085,71.037119548,Other,random,Alanine_C3H5NO,71.037114000,RC2_0018_ICR-1_p08
319.118714170,390.155833719,71.037119548,Other,random,Alanine_C3H5NO,71.037114000,RC2_0018_ICR-1_p08
453.067312959,524.140806303,71.073493344,Other,random,C4H9N1,71.073499000,RC2_0018_ICR-1_p08
319.082338375,390.155833719,71.073495344,Other,random,C4H9N1,71.073499000,RC2_0018_ICR-1_p08
349.019989031,420.093484375,71.073495344,Other,random,C4H9N1,71.073499000,RC2_0018_ICR-1_p08
357.038033945,428.111533288,71.073499344,Other,random,C4H9N1,71.073499000,RC2_0018_ICR-1_p08
305.030254392,376.103754735,71.073500344,Other,random,C4H9N1,71.073499000,RC2_0018_ICR-1_p08
437.121868622,508.195368966,71.073500344,Other,random,C4H9N1,71.073499000,RC2_0018_ICR-1_p08
557.114798885,628.188302229,71.073503344,Other,random,C4H9N1,71.073499000,RC2_0018_ICR-1_p08
379.116272796,450.189777139,71.073504344,Other,random,C4H9N1,71.073499000,RC2_0018_ICR-1_p08
509.093628915,580.167133259,71.073504344,Other,random,C4H9N1,71.073499000,RC2_0018_ICR-1_p08
527.140592434,598.214100778,71.073508344,Other,random,C4H9N1,71.073499000,RC2_0018_ICR-1_p08
660.146212525,731.256086665,71.109874139,Other,random,C5H13O_1N1,71.109884000,RC2_0018_ICR-1_p08
509.129917711,580.239793850,71.109876139,Other,random,C5H13O_1N1,71.109884000,RC2_0018_ICR-1_p08
321.101303022,392.211180161,71.109877139,Other,random,C5H13O_1N1,71.109884000,RC2_0018_ICR-1_p08
509.057255119,580.167133259,71.109878139,Other,random,C5H13O_1N1,71.109884000,RC2_0018_ICR-1_p08
465.067479480,536.177359619,71.109880139,Other,random,C5H13O_1N1,71.109884000,RC2_0018_ICR-1_p08
525.052011179,596.161892318,71.109881139,Other,random,C5H13O_1N1,71.109884000,RC2_0018_ICR-1_p08
373.113906548,444.223788687,71.109882139,Other,random,C5H13O_1N1,71.109884000,RC2_0018_ICR-1_p08
471.133048373,543.041949019,71.908900646,Other,random,H_1O_2Cl3,71.908900000,RC2_0018_ICR-1_p08
367.095366391,439.080101611,71.984735220,Other,random,C2O3,71.984745000,RC2_0018_ICR-1_p08
355.204494255,427.189229475,71.984735220,Other,random,C2O3,71.984745000,RC2_0018_ICR-1_p08
387.129489736,459.114224956,71.984735220,Other,random,C2O3,71.984745000,RC2_0018_ICR-1_p08
403.189022431,475.173757651,71.984735220,Other,random,C2O3,71.984745000,RC2_0018_ICR-1_p08
465.067479480,537.052214700,71.984735220,Other,random,C2O3,71.984745000,RC2_0018_ICR-1_p08
458.109070608,530.093806828,71.984736220,Other,random,C2O3,71.984745000,RC2_0018_ICR-1_p08
351.157790010,423.142526230,71.984736220,Other,random,C2O3,71.984745000,RC2_0018_ICR-1_p08
319.085609356,391.070345576,71.984736220,Other,random,C2O3,71.984745000,RC2_0018_ICR-1_p08
571.304275096,643.289012316,71.984737220,Other,random,C2O3,71.984745000,RC2_0018_ICR-1_p08
511.124473495,583.109210715,71.984737220,Other,random,C2O3,71.984745000,RC2_0018_ICR-1_p08
531.223724474,603.208461694,71.984737220,Other,random,C2O3,71.984745000,RC2_0018_ICR-1_p08
391.116397317,463.101134537,71.984737220,Other,random,C2O3,71.984745000,RC2_0018_ICR-1_p08
349.129169417,421.113906637,71.984737220,Other,random,C2O3,71.984745000,RC2_0018_ICR-1_p08
391.079897522,463.064634742,71.984737220,Other,random,C2O3,71.984745000,RC2_0018_ICR-1_p08
564.172324200,636.157061420,71.984737220,Other,random,C2O3,71.984745000,RC2_0018_ICR-1_p08
401.100709174,473.085447394,71.984738220,Other,random,C2O3,71.984745000,RC2_0018_ICR-1_p08
269.131325256,341.116063476,71.984738220,Other,random,C2O3,71.984745000,RC2_0018_ICR-1_p08
333.170585155,405.155323374,71.984738220,Other,random,C2O3,71.984745000,RC2_0018_ICR-1_p08
453.204752186,525.189490406,71.984738220,Other,random,C2O3,71.984745000,RC2_0018_ICR-1_p08
359.126616200,431.111355420,71.984739220,Other,random,C2O3,71.984745000,RC2_0018_ICR-1_p08
367.131645187,439.116384407,71.984739220,Other,random,C2O3,71.984745000,RC2_0018_ICR-1_p08
395.098147927,467.082888147,71.984740220,Other,random,C2O3,71.984745000,RC2_0018_ICR-1_p08
329.102948027,401.087688247,71.984740220,Other,random,C2O3,71.984745000,RC2_0018_ICR-1_p08
369.110979057,441.095719277,71.984740220,Other,random,C2O3,71.984745000,RC2_0018_ICR-1_p08
369.147192853,441.131933073,71.984740220,Other,random,C2O3,71.984745000,RC2_0018_ICR-1_p08
421.040962047,493.025702267,71.984740220,Other,random,C2O3,71.984745000,RC2_0018_ICR-1_p08
313.092795055,385.077536275,71.984741220,Other,random,C2O3,71.984745000,RC2_0018_ICR-1_p08
377.100616130,449.085357350,71.984741220,Other,random,C2O3,71.984745000,RC2_0018_ICR-1_p08
387.056790145,459.041532365,71.984742220,Other,random,C2O3,71.984745000,RC2_0018_ICR-1_p08
405.155323374,477.140065594,71.984742220,Other,random,C2O3,71.984745000,RC2_0018_ICR-1_p08
333.074561695,405.059303914,71.984742220,Other,random,C2O3,71.984745000,RC2_0018_ICR-1_p08
401.173548765,473.158290984,71.984742220,Other,random,C2O3,71.984745000,RC2_0018_ICR-1_p08
327.050940566,399.035682786,71.984742220,Other,random,C2O3,71.984745000,RC2_0018_ICR-1_p08
355.131661664,427.116403884,71.984742220,Other,random,C2O3,71.984745000,RC2_0018_ICR-1_p08
415.189045953,487.173788173,71.984742220,Other,random,C2O3,71.984745000,RC2_0018_ICR-1_p08
443.220533328,515.205276548,71.984743220,Other,random,C2O3,71.984745000,RC2_0018_ICR-1_p08
557.239490184,629.224233404,71.984743220,Other,random,C2O3,71.984745000,RC2_0018_ICR-1_p08
371.098113883,443.082858103,71.984744220,Other,random,C2O3,71.984745000,RC2_0018_ICR-1_p08
411.093030986,483.077775206,71.984744220,Other,random,C2O3,71.984745000,RC2_0018_ICR-1_p08
413.108696652,485.093440871,71.984744220,Other,random,C2O3,71.984745000,RC2_0018_ICR-1_p08
357.147344330,429.132088550,71.984744220,Other,random,C2O3,71.984745000,RC2_0018_ICR-1_p08
335.126517156,407.111262376,71.984745220,Other,random,C2O3,71.984745000,RC2_0018_ICR-1_p08
395.163095562,467.147840782,71.984745220,Other,random,C2O3,71.984745000,RC2_0018_ICR-1_p08
339.136697606,411.121443826,71.984746220,Other,random,C2O3,71.984745000,RC2_0018_ICR-1_p08
365.051176886,437.035923105,71.984746220,Other,random,C2O3,71.984745000,RC2_0018_ICR-1_p08
393.046246465,465.030992685,71.984746220,Other,random,C2O3,71.984745000,RC2_0018_ICR-1_p08
395.134552723,467.119298942,71.984746220,Other,random,C2O3,71.984745000,RC2_0018_ICR-1_p08
417.095571233,489.080318453,71.984747220,Other,random,C2O3,71.984745000,RC2_0018_ICR-1_p08
417.149773928,489.134521148,71.984747220,Other,random,C2O3,71.984745000,RC2_0018_ICR-1_p08
457.090650335,529.075397555,71.984747220,Other,random,C2O3,71.984745000,RC2_0018_ICR-1_p08
649.141561406,721.126308626,71.984747220,Other,random,C2O3,71.984745000,RC2_0018_ICR-1_p08
369.074437262,441.059184482,71.984747220,Other,random,C2O3,71.984745000,RC2_0018_ICR-1_p08
375.194106850,447.178854070,71.984747220,Other,random,C2O3,71.984745000,RC2_0018_ICR-1_p08
552.209033471,624.193781691,71.984748220,Other,random,C2O3,71.984745000,RC2_0018_ICR-1_p08
491.119414986,563.104163206,71.984748220,Other,random,C2O3,71.984745000,RC2_0018_ICR-1_p08
381.168303257,453.153052477,71.984749220,Other,random,C2O3,71.984745000,RC2_0018_ICR-1_p08
443.119421897,515.104171117,71.984749220,Other,random,C2O3,71.984745000,RC2_0018_ICR-1_p08
491.155723782,563.140473002,71.984749220,Other,random,C2O3,71.984745000,RC2_0018_ICR-1_p08
431.207451880,503.192201099,71.984749220,Other,random,C2O3,71.984745000,RC2_0018_ICR-1_p08
371.116641779,443.101391998,71.984750220,Other,random,C2O3,71.984745000,RC2_0018_ICR-1_p08
459.106246001,531.090996221,71.984750220,Other,random,C2O3,71.984745000,RC2_0018_ICR-1_p08
465.212867663,537.197617882,71.984750220,Other,random,C2O3,71.984745000,RC2_0018_ICR-1_p08
339.100309811,411.085060031,71.984750220,Other,random,C2O3,71.984745000,RC2_0018_ICR-1_p08
347.162923474,419.147673694,71.984750220,Other,random,C2O3,71.984745000,RC2_0018_ICR-1_p08
401.051288452,473.036038672,71.984750220,Other,random,C2O3,71.984745000,RC2_0018_ICR-1_p08
409.077449320,481.062199540,71.984750220,Other,random,C2O3,71.984745000,RC2_0018_ICR-1_p08
443.061709222,515.046459441,71.984750220,Other,random,C2O3,71.984745000,RC2_0018_ICR-1_p08
521.231295663,593.216046883,71.984751220,Other,random,C2O3,71.984745000,RC2_0018_ICR-1_p08
529.207780810,601.192532030,71.984751220,Other,random,C2O3,71.984745000,RC2_0018_ICR-1_p08
415.197044908,487.181796128,71.984751220,Other,random,C2O3,71.984745000,RC2_0018_ICR-1_p08
655.240030114,727.224782333,71.984752220,Other,random,C2O3,71.984745000,RC2_0018_ICR-1_p08
348.108732155,420.093484375,71.984752220,Other,random,C2O3,71.984745000,RC2_0018_ICR-1_p08
408.129878648,480.114630868,71.984752220,Other,random,C2O3,71.984745000,RC2_0018_ICR-1_p08
599.250118953,671.234871172,71.984752220,Other,random,C2O3,71.984745000,RC2_0018_ICR-1_p08
393.155263852,465.140017072,71.984753220,Other,random,C2O3,71.984745000,RC2_0018_ICR-1_p08
359.162983996,431.147737215,71.984753220,Other,random,C2O3,71.984745000,RC2_0018_ICR-1_p08
399.071989582,471.056742802,71.984753220,Other,random,C2O3,71.984745000,RC2_0018_ICR-1_p08
367.066843551,439.051597771,71.984754220,Other,random,C2O3,71.984745000,RC2_0018_ICR-1_p08
451.051605293,523.036359513,71.984754220,Other,random,C2O3,71.984745000,RC2_0018_ICR-1_p08
441.095719277,513.080473496,71.984754220,Other,random,C2O3,71.984745000,RC2_0018_ICR-1_p08
635.234939605,707.219693825,71.984754220,Other,random,C2O3,71.984745000,RC2_0018_ICR-1_p08
359.126616200,431.147737215,72.021121015,Other,random,C3H4O2,72.021130890,RC2_0018_ICR-1_p08
489.226012633,561.247133649,72.021121015,Other,random,C3H4O2,72.021130890,RC2_0018_ICR-1_p08
421.150161433,493.171282449,72.021121015,Other,random,C3H4O2,72.021130890,RC2_0018_ICR-1_p08
435.129403826,507.150524841,72.021121015,Other,random,C3H4O2,72.021130890,RC2_0018_ICR-1_p08
351.144828083,423.165949098,72.021121015,Other,random,C3H4O2,72.021130890,RC2_0018_ICR-1_p08
541.221045258,613.242166273,72.021121015,Other,random,C3H4O2,72.021130890,RC2_0018_ICR-1_p08
336.108756633,408.129878648,72.021122015,Other,random,C3H4O2,72.021130890,RC2_0018_ICR-1_p08
335.186283820,407.207405835,72.021122015,Other,random,C3H4O2,72.021130890,RC2_0018_ICR-1_p08
353.137176880,425.158298895,72.021122015,Other,random,C3H4O2,72.021130890,RC2_0018_ICR-1_p08
403.124415795,475.145537810,72.021122015,Other,random,C3H4O2,72.021130890,RC2_0018_ICR-1_p08
437.108794696,509.129917711,72.021123015,Other,random,C3H4O2,72.021130890,RC2_0018_ICR-1_p08
651.156887074,723.178010089,72.021123015,Other,random,C3H4O2,72.021130890,RC2_0018_ICR-1_p08
393.191744647,465.212867663,72.021123015,Other,random,C3H4O2,72.021130890,RC2_0018_ICR-1_p08
461.218098126,533.239222141,72.021124015,Other,random,C3H4O2,72.021130890,RC2_0018_ICR-1_p08
537.125086290,609.146210305,72.021124015,Other,random,C3H4O2,72.021130890,RC2_0018_ICR-1_p08
335.149938024,407.171062040,72.021124015,Other,random,C3H4O2,72.021130890,RC2_0018_ICR-1_p08
359.186326864,431.207451880,72.021125015,Other,random,C3H4O2,72.021130890,RC2_0018_ICR-1_p08
455.155689215,527.176814231,72.021125015,Other,random,C3H4O2,72.021130890,RC2_0018_ICR-1_p08
407.220303763,479.241429778,72.021126015,Other,random,C3H4O2,72.021130890,RC2_0018_ICR-1_p08
419.134597767,491.155723782,72.021126015,Other,random,C3H4O2,72.021130890,RC2_0018_ICR-1_p08
433.126993086,505.148119101,72.021126015,Other,random,C3H4O2,72.021130890,RC2_0018_ICR-1_p08
531.187335679,603.208461694,72.021126015,Other,random,C3H4O2,72.021130890,RC2_0018_ICR-1_p08
519.163910288,591.185037304,72.021127015,Other,random,C3H4O2,72.021130890,RC2_0018_ICR-1_p08
331.045794103,403.066921118,72.021127015,Other,random,C3H4O2,72.021130890,RC2_0018_ICR-1_p08
599.235116037,671.256244052,72.021128015,Other,random,C3H4O2,72.021130890,RC2_0018_ICR-1_p08
419.220386285,491.241514300,72.021128015,Other,random,C3H4O2,72.021130890,RC2_0018_ICR-1_p08
467.155823737,539.176951752,72.021128015,Other,random,C3H4O2,72.021130890,RC2_0018_ICR-1_p08
345.097855086,417.118983101,72.021128015,Other,random,C3H4O2,72.021130890,RC2_0018_ICR-1_p08
423.129405304,495.150534319,72.021129015,Other,random,C3H4O2,72.021130890,RC2_0018_ICR-1_p08
508.109697448,580.130826463,72.021129015,Other,random,C3H4O2,72.021130890,RC2_0018_ICR-1_p08
347.107917783,419.129046798,72.021129015,Other,random,C3H4O2,72.021130890,RC2_0018_ICR-1_p08
569.130088322,641.151217337,72.021129015,Other,random,C3H4O2,72.021130890,RC2_0018_ICR-1_p08
713.172852349,785.193981364,72.021129015,Other,random,C3H4O2,72.021130890,RC2_0018_ICR-1_p08
335.077134434,407.098263449,72.021129015,Other,random,C3H4O2,72.021130890,RC2_0018_ICR-1_p08
334.056802171,406.077932186,72.021130015,Other,random,C3H4O2,72.021130890,RC2_0018_ICR-1_p08
367.176146937,439.197276952,72.021130015,Other,random,C3H4O2,72.021130890,RC2_0018_ICR-1_p08
443.074762148,515.095892163,72.021130015,Other,random,C3H4O2,72.021130890,RC2_0018_ICR-1_p08
461.175933363,533.197063378,72.021130015,Other,random,C3H4O2,72.021130890,RC2_0018_ICR-1_p08
337.056318305,409.077449320,72.021131015,Other,random,C3H4O2,72.021130890,RC2_0018_ICR-1_p08
346.093105489,418.114236505,72.021131015,Other,random,C3H4O2,72.021130890,RC2_0018_ICR-1_p08
377.160298794,449.181429810,72.021131015,Other,random,C3H4O2,72.021130890,RC2_0018_ICR-1_p08
583.072742920,655.093873935,72.021131015,Other,random,C3H4O2,72.021130890,RC2_0018_ICR-1_p08
405.140094460,477.161225475,72.021131015,Other,random,C3H4O2,72.021130890,RC2_0018_ICR-1_p08
349.069490753,421.090621768,72.021131015,Other,random,C3H4O2,72.021130890,RC2_0018_ICR-1_p08
373.087070699,445.108201714,72.021131015,Other,random,C3H4O2,72.021130890,RC2_0018_ICR-1_p08
384.085191855,456.106322870,72.021131015,Other,random,C3H4O2,72.021130890,RC2_0018_ICR-1_p08
259.155033354,331.176165369,72.021132015,Other,random,C3H4O2,72.021130890,RC2_0018_ICR-1_p08
396.065081490,468.086213505,72.021132015,Other,random,C3H4O2,72.021130890,RC2_0018_ICR-1_p08
459.077924160,531.099057175,72.021133015,Other,random,C3H4O2,72.021130890,RC2_0018_ICR-1_p08
339.100309811,411.121443826,72.021134015,Other,random,C3H4O2,72.021130890,RC2_0018_ICR-1_p08
358.069671144,430.090805159,72.021134015,Other,random,C3H4O2,72.021130890,RC2_0018_ICR-1_p08
359.113592273,431.134726289,72.021134015,Other,random,C3H4O2,72.021130890,RC2_0018_ICR-1_p08
387.056790145,459.077924160,72.021134015,Other,random,C3H4O2,72.021130890,RC2_0018_ICR-1_p08
493.075460987,565.096595003,72.021134015,Other,random,C3H4O2,72.021130890,RC2_0018_ICR-1_p08
383.061796609,455.082930625,72.021134015,Other,random,C3H4O2,72.021130890,RC2_0018_ICR-1_p08
451.197045475,523.218180491,72.021135015,Other,random,C3H4O2,72.021130890,RC2_0018_ICR-1_p08
633.146514348,705.167649364,72.021135015,Other,random,C3H4O2,72.021130890,RC2_0018_ICR-1_p08
367.058966596,439.080101611,72.021135015,Other,random,C3H4O2,72.021130890,RC2_0018_ICR-1_p08
431.207451880,503.228586895,72.021135015,Other,random,C3H4O2,72.021130890,RC2_0018_ICR-1_p08
439.210349878,511.231484893,72.021135015,Other,random,C3H4O2,72.021130890,RC2_0018_ICR-1_p08
477.067436003,549.088571018,72.021135015,Other,random,C3H4O2,72.021130890,RC2_0018_ICR-1_p08
364.140123009,436.161259024,72.021136015,Other,random,C3H4O2,72.021130890,RC2_0018_ICR-1_p08
413.217829038,485.238965053,72.021136015,Other,random,C3H4O2,72.021130890,RC2_0018_ICR-1_p08
502.062709451,574.083845466,72.021136015,Other,random,C3H4O2,72.021130890,RC2_0018_ICR-1_p08
430.041572436,502.062709451,72.021137015,Other,random,C3H4O2,72.021130890,RC2_0018_ICR-1_p08
521.194909868,593.216046883,72.021137015,Other,random,C3H4O2,72.021130890,RC2_0018_ICR-1_p08
535.254761807,607.275898822,72.021137015,Other,random,C3H4O2,72.021130890,RC2_0018_ICR-1_p08
387.108287855,459.129424871,72.021137015,Other,random,C3H4O2,72.021130890,RC2_0018_ICR-1_p08
478.099151201,550.120288216,72.021137015,Other,random,C3H4O2,72.021130890,RC2_0018_ICR-1_p08
391.225513704,463.246650719,72.021137015,Other,random,C3H4O2,72.021130890,RC2_0018_ICR-1_p08
403.061313149,475.082450165,72.021137015,Other,random,C3H4O2,72.021130890,RC2_0018_ICR-1_p08
419.061824176,491.082961191,72.021137015,Other,random,C3H4O2,72.021130890,RC2_0018_ICR-1_p08
341.160455226,413.181593242,72.021138015,Other,random,C3H4O2,72.021130890,RC2_0018_ICR-1_p08
569.093868525,641.115006540,72.021138015,Other,random,C3H4O2,72.021130890,RC2_0018_ICR-1_p08
369.183639648,441.204777663,72.021138015,Other,random,C3H4O2,72.021130890,RC2_0018_ICR-1_p08
507.078018249,579.099156264,72.021138015,Other,random,C3H4O2,72.021130890,RC2_0018_ICR-1_p08
391.175910983,463.197049998,72.021139015,Other,random,C3H4O2,72.021130890,RC2_0018_ICR-1_p08
505.184513896,577.205652912,72.021139015,Other,random,C3H4O2,72.021130890,RC2_0018_ICR-1_p08
509.166284506,581.187423522,72.021139015,Other,random,C3H4O2,72.021130890,RC2_0018_ICR-1_p08
531.041600498,603.062739514,72.021139015,Other,random,C3H4O2,72.021130890,RC2_0018_ICR-1_p08
431.061844698,503.082984714,72.021140015,Other,random,C3H4O2,72.021130890,RC2_0018_ICR-1_p08
553.221032780,625.242172796,72.021140015,Other,random,C3H4O2,72.021130890,RC2_0018_ICR-1_p08
385.129057985,457.150198000,72.021140015,Other,random,C3H4O2,72.021130890,RC2_0018_ICR-1_p08
459.069856206,531.090996221,72.021140015,Other,random,C3H4O2,72.021130890,RC2_0018_ICR-1_p08
371.053836132,443.111341942,72.057505811,Other,random,C4H8O1,72.057515060,RC2_0018_ICR-1_p08
509.129917711,581.187423522,72.057505811,Other,random,C4H8O1,72.057515060,RC2_0018_ICR-1_p08
331.082224898,403.139730708,72.057505811,Other,random,C4H8O1,72.057515060,RC2_0018_ICR-1_p08
343.085475402,415.142981212,72.057505811,Other,random,C4H8O1,72.057515060,RC2_0018_ICR-1_p08
344.090484750,416.147990561,72.057505811,Other,random,C4H8O1,72.057515060,RC2_0018_ICR-1_p08
443.038386353,515.095892163,72.057505811,Other,random,C4H8O1,72.057515060,RC2_0018_ICR-1_p08
529.062426628,601.119932438,72.057505811,Other,random,C4H8O1,72.057515060,RC2_0018_ICR-1_p08
553.229192735,625.286698545,72.057505811,Other,random,C4H8O1,72.057515060,RC2_0018_ICR-1_p08
445.062284972,517.119791783,72.057506811,Other,random,C4H8O1,72.057515060,RC2_0018_ICR-1_p08
341.116063476,413.173570287,72.057506811,Other,random,C4H8O1,72.057515060,RC2_0018_ICR-1_p08
350.051620230,422.109127041,72.057506811,Other,random,C4H8O1,72.057515060,RC2_0018_ICR-1_p08
389.064304856,461.121811667,72.057506811,Other,random,C4H8O1,72.057515060,RC2_0018_ICR-1_p08
509.166284506,581.223791317,72.057506811,Other,random,C4H8O1,72.057515060,RC2_0018_ICR-1_p08
593.187787042,665.245294853,72.057507811,Other,random,C4H8O1,72.057515060,RC2_0018_ICR-1_p08
643.167233001,715.224741811,72.057508811,Other,random,C4H8O1,72.057515060,RC2_0018_ICR-1_p08
391.189141908,463.246650719,72.057508811,Other,random,C4H8O1,72.057515060,RC2_0018_ICR-1_p08
417.059259437,489.116768248,72.057508811,Other,random,C4H8O1,72.057515060,RC2_0018_ICR-1_p08
425.158298895,497.215808706,72.057509811,Other,random,C4H8O1,72.057515060,RC2_0018_ICR-1_p08
645.110225075,717.167734885,72.057509811,Other,random,C4H8O1,72.057515060,RC2_0018_ICR-1_p08
443.092610048,515.150119858,72.057509811,Other,random,C4H8O1,72.057515060,RC2_0018_ICR-1_p08
411.129514781,483.187024591,72.057509811,Other,random,C4H8O1,72.057515060,RC2_0018_ICR-1_p08
367.131645187,439.189155997,72.057510811,Other,random,C4H8O1,72.057515060,RC2_0018_ICR-1_p08
517.220874214,589.278385025,72.057510811,Other,random,C4H8O1,72.057515060,RC2_0018_ICR-1_p08
491.082961191,563.140473002,72.057511811,Other,random,C4H8O1,72.057515060,RC2_0018_ICR-1_p08
453.131977595,525.189490406,72.057512811,Other,random,C4H8O1,72.057515060,RC2_0018_ICR-1_p08
336.072365837,408.129878648,72.057512811,Other,random,C4H8O1,72.057515060,RC2_0018_ICR-1_p08
451.124426884,523.181939694,72.057512811,Other,random,C4H8O1,72.057515060,RC2_0018_ICR-1_p08
477.067436003,549.124948813,72.057512811,Other,random,C4H8O1,72.057515060,RC2_0018_ICR-1_p08
365.079698725,437.137212536,72.057513811,Other,random,C4H8O1,72.057515060,RC2_0018_ICR-1_p08
451.137530810,523.195044621,72.057513811,Other,random,C4H8O1,72.057515060,RC2_0018_ICR-1_p08
627.208637738,699.266151549,72.057513811,Other,random,C4H8O1,72.057515060,RC2_0018_ICR-1_p08
437.100848740,509.158362551,72.057513811,Other,random,C4H8O1,72.057515060,RC2_0018_ICR-1_p08
457.244390470,529.301905281,72.057514811,Other,random,C4H8O1,72.057515060,RC2_0018_ICR-1_p08
357.046121899,429.103636710,72.057514811,Other,random,C4H8O1,72.057515060,RC2_0018_ICR-1_p08
371.098113883,443.155628693,72.057514811,Other,random,C4H8O1,72.057515060,RC2_0018_ICR-1_p08
329.102948027,401.160463838,72.057515811,Other,random,C4H8O1,72.057515060,RC2_0018_ICR-1_p08
361.019884554,433.077400365,72.057515811,Other,random,C4H8O1,72.057515060,RC2_0018_ICR-1_p08
361.056382349,433.113898159,72.057515811,Other,random,C4H8O1,72.057515060,RC2_0018_ICR-1_p08
415.103194436,487.160710247,72.057515811,Other,random,C4H8O1,72.057515060,RC2_0018_ICR-1_p08
427.066888163,499.124403973,72.057515811,Other,random,C4H8O1,72.057515060,RC2_0018_ICR-1_p08
607.130748639,679.188264449,72.057515811,Other,random,C4H8O1,72.057515060,RC2_0018_ICR-1_p08
313.084699100,385.142215911,72.057516811,Other,random,C4H8O1,72.057515060,RC2_0018_ICR-1_p08
387.084980986,459.142498797,72.057517811,Other,random,C4H8O1,72.057515060,RC2_0018_ICR-1_p08
446.109202085,518.166719896,72.057517811,Other,random,C4H8O1,72.057515060,RC2_0018_ICR-1_p08
349.092643623,421.150161433,72.057517811,Other,random,C4H8O1,72.057515060,RC2_0018_ICR-1_p08
431.165428116,503.222946927,72.057518811,Other,random,C4H8O1,72.057515060,RC2_0018_ICR-1_p08
337.069330231,409.126849042,72.057518811,Other,random,C4H8O1,72.057515060,RC2_0018_ICR-1_p08
383.040847727,455.098366538,72.057518811,Other,random,C4H8O1,72.057515060,RC2_0018_ICR-1_p08
491.132533913,563.190053723,72.057519811,Other,random,C4H8O1,72.057515060,RC2_0018_ICR-1_p08
541.184646463,613.242166273,72.057519811,Other,random,C4H8O1,72.057515060,RC2_0018_ICR-1_p08
413.051173975,485.108694786,72.057520811,Other,random,C4H8O1,72.057515060,RC2_0018_ICR-1_p08
667.152001131,739.209521941,72.057520811,Other,random,C4H8O1,72.057515060,RC2_0018_ICR-1_p08
433.126993086,505.184513896,72.057520811,Other,random,C4H8O1,72.057515060,RC2_0018_ICR-1_p08
523.173982739,595.231504550,72.057521811,Other,random,C4H8O1,72.057515060,RC2_0018_ICR-1_p08
715.224741811,787.282263622,72.057521811,Other,random,C4H8O1,72.057515060,RC2_0018_ICR-1_p08
419.183991489,491.241514300,72.057522811,Other,random,C4H8O1,72.057515060,RC2_0018_ICR-1_p08
501.189443361,573.246967172,72.057523811,Other,random,C4H8O1,72.057515060,RC2_0018_ICR-1_p08
389.014903134,461.072426945,72.057523811,Other,random,C4H8O1,72.057515060,RC2_0018_ICR-1_p08
617.187693087,689.245216898,72.057523811,Other,random,C4H8O1,72.057515060,RC2_0018_ICR-1_p08
449.158141940,521.215665751,72.057523811,Other,random,C4H8O1,72.057515060,RC2_0018_ICR-1_p08
415.066942640,487.124467451,72.057524811,Other,random,C4H8O1,72.057515060,RC2_0018_ICR-1_p08
597.161716696,669.219241506,72.057524811,Other,random,C4H8O1,72.057515060,RC2_0018_ICR-1_p08
627.099382352,699.156907163,72.057524811,Other,random,C4H8O1,72.057515060,RC2_0018_ICR-1_p08
459.041532365,531.099057175,72.057524811,Other,random,C4H8O1,72.057515060,RC2_0018_ICR-1_p08
461.103236772,533.160761582,72.057524811,Other,random,C4H8O1,72.057515060,RC2_0018_ICR-1_p08
521.166497028,594.182866446,73.016369419,Other,random,C2H3N1O2,73.016379000,RC2_0018_ICR-1_p08
371.053836132,444.070206551,73.016370419,Other,random,C2H3N1O2,73.016379000,RC2_0018_ICR-1_p08
303.014678725,376.031052144,73.016373419,Other,random,C2H3N1O2,73.016379000,RC2_0018_ICR-1_p08
331.045794103,404.062168521,73.016374419,Other,random,C2H3N1O2,73.016379000,RC2_0018_ICR-1_p08
313.084699100,386.101073519,73.016374419,Other,random,C2H3N1O2,73.016379000,RC2_0018_ICR-1_p08
335.113503229,408.129878648,73.016375419,Other,random,C2H3N1O2,73.016379000,RC2_0018_ICR-1_p08
313.048365305,386.064741723,73.016376419,Other,random,C2H3N1O2,73.016379000,RC2_0018_ICR-1_p08
405.155323374,478.171700793,73.016377419,Other,random,C2H3N1O2,73.016379000,RC2_0018_ICR-1_p08
579.172082854,652.188460273,73.016377419,Other,random,C2H3N1O2,73.016379000,RC2_0018_ICR-1_p08
321.097860041,394.114237460,73.016377419,Other,random,C2H3N1O2,73.016379000,RC2_0018_ICR-1_p08
375.035555742,448.051934161,73.016378419,Other,random,C2H3N1O2,73.016379000,RC2_0018_ICR-1_p08
337.105781026,410.122159445,73.016378419,Other,random,C2H3N1O2,73.016379000,RC2_0018_ICR-1_p08
393.168266779,466.184645198,73.016378419,Other,random,C2H3N1O2,73.016379000,RC2_0018_ICR-1_p08
451.124426884,524.140806303,73.016379419,Other,random,C2H3N1O2,73.016379000,RC2_0018_ICR-1_p08
459.165850666,532.182231085,73.016380419,Other,random,C2H3N1O2,73.016379000,RC2_0018_ICR-1_p08
459.129424871,532.145806289,73.016381419,Other,random,C2H3N1O2,73.016379000,RC2_0018_ICR-1_p08
345.097855086,418.114236505,73.016381419,Other,random,C2H3N1O2,73.016379000,RC2_0018_ICR-1_p08
387.084980986,460.101363405,73.016382419,Other,random,C2H3N1O2,73.016379000,RC2_0018_ICR-1_p08
303.087371317,376.103754735,73.016383419,Other,random,C2H3N1O2,73.016379000,RC2_0018_ICR-1_p08
401.087688247,474.104071666,73.016383419,Other,random,C2H3N1O2,73.016379000,RC2_0018_ICR-1_p08
309.025204927,382.041589346,73.016384419,Other,random,C2H3N1O2,73.016379000,RC2_0018_ICR-1_p08
353.100663085,426.117047504,73.016384419,Other,random,C2H3N1O2,73.016379000,RC2_0018_ICR-1_p08
355.116240751,428.132629170,73.016388419,Other,random,C2H3N1O2,73.016379000,RC2_0018_ICR-1_p08
325.048337827,398.101090041,73.052752214,Other,random,C3H7O1N1,73.052761330,RC2_0018_ICR-1_p08
427.066888163,500.119645377,73.052757214,Other,random,C3H7O1N1,73.052761330,RC2_0018_ICR-1_p08
287.019806667,360.072564881,73.052758214,Other,random,C3H7O1N1,73.052761330,RC2_0018_ICR-1_p08
351.085128419,424.137889633,73.052761214,Other,random,C3H7O1N1,73.052761330,RC2_0018_ICR-1_p08
333.074561695,406.127325909,73.052764214,Other,random,C3H7O1N1,73.052761330,RC2_0018_ICR-1_p08
347.040717161,420.093484375,73.052767214,Other,random,C3H7O1N1,73.052761330,RC2_0018_ICR-1_p08
327.050940566,400.103707780,73.052767214,Other,random,C3H7O1N1,73.052761330,RC2_0018_ICR-1_p08
331.082224898,404.134993112,73.052768214,Other,random,C3H7O1N1,73.052761330,RC2_0018_ICR-1_p08
357.038033945,430.090805159,73.052771214,Other,random,C3H7O1N1,73.052761330,RC2_0018_ICR-1_p08
485.194754302,559.195132187,74.000377886,Other,random,C2H2O3,74.000387630,RC2_0018_ICR-1_p08
268.046363357,342.046742243,74.000378886,Other,random,C2H2O3,74.000387630,RC2_0018_ICR-1_p08
346.093105489,420.093484375,74.000378886,Other,random,C2H2O3,74.000387630,RC2_0018_ICR-1_p08
373.077421753,447.077800639,74.000378886,Other,random,C2H2O3,74.000387630,RC2_0018_ICR-1_p08
355.139784619,429.140164504,74.000379886,Other,random,C2H2O3,74.000387630,RC2_0018_ICR-1_p08
498.125370591,572.125750477,74.000379886,Other,random,C2H2O3,74.000387630,RC2_0018_ICR-1_p08
337.121062940,411.121443826,74.000380886,Other,random,C2H2O3,74.000387630,RC2_0018_ICR-1_p08
451.160825679,525.161206565,74.000380886,Other,random,C2H2O3,74.000387630,RC2_0018_ICR-1_p08
353.173524675,427.173905561,74.000380886,Other,random,C2H2O3,74.000387630,RC2_0018_ICR-1_p08
555.223851518,629.224233404,74.000381886,Other,random,C2H2O3,74.000387630,RC2_0018_ICR-1_p08
687.120716844,761.121098730,74.000381886,Other,random,C2H2O3,74.000387630,RC2_0018_ICR-1_p08
315.087322839,389.087704725,74.000381886,Other,random,C2H2O3,74.000387630,RC2_0018_ICR-1_p08
411.056826189,485.057208075,74.000381886,Other,random,C2H2O3,74.000387630,RC2_0018_ICR-1_p08
431.147737215,505.148119101,74.000381886,Other,random,C2H2O3,74.000387630,RC2_0018_ICR-1_p08
526.229516557,600.229898443,74.000381886,Other,random,C2H2O3,74.000387630,RC2_0018_ICR-1_p08
657.292288573,731.292670459,74.000381886,Other,random,C2H2O3,74.000387630,RC2_0018_ICR-1_p08
341.160455226,415.160838112,74.000382886,Other,random,C2H2O3,74.000387630,RC2_0018_ICR-1_p08
389.209703039,463.210085924,74.000382886,Other,random,C2H2O3,74.000387630,RC2_0018_ICR-1_p08
425.181604764,499.181987649,74.000382886,Other,random,C2H2O3,74.000387630,RC2_0018_ICR-1_p08
551.249819865,625.250202750,74.000382886,Other,random,C2H2O3,74.000387630,RC2_0018_ICR-1_p08
498.205857138,572.206240024,74.000382886,Other,random,C2H2O3,74.000387630,RC2_0018_ICR-1_p08
345.038086422,419.038470308,74.000383886,Other,random,C2H2O3,74.000387630,RC2_0018_ICR-1_p08
546.161849475,620.162233361,74.000383886,Other,random,C2H2O3,74.000387630,RC2_0018_ICR-1_p08
397.113852593,471.114236478,74.000383886,Other,random,C2H2O3,74.000387630,RC2_0018_ICR-1_p08
401.087688247,475.088072133,74.000383886,Other,random,C2H2O3,74.000387630,RC2_0018_ICR-1_p08
399.108337377,473.108721263,74.000383886,Other,random,C2H2O3,74.000387630,RC2_0018_ICR-1_p08
351.194251805,425.194636691,74.000384886,Other,random,C2H2O3,74.000387630,RC2_0018_ICR-1_p08
479.046519874,553.046904760,74.000384886,Other,random,C2H2O3,74.000387630,RC2_0018_ICR-1_p08
317.069960691,391.070345576,74.000384886,Other,random,C2H2O3,74.000387630,RC2_0018_ICR-1_p08
323.088417848,397.088802734,74.000384886,Other,random,C2H2O3,74.000387630,RC2_0018_ICR-1_p08
437.173479332,511.173864217,74.000384886,Other,random,C2H2O3,74.000387630,RC2_0018_ICR-1_p08
529.244430604,603.244816490,74.000385886,Other,random,C2H2O3,74.000387630,RC2_0018_ICR-1_p08
329.060927264,403.061313149,74.000385886,Other,random,C2H2O3,74.000387630,RC2_0018_ICR-1_p08
401.145151924,475.145537810,74.000385886,Other,random,C2H2O3,74.000387630,RC2_0018_ICR-1_p08
407.098263449,481.098650335,74.000386886,Other,random,C2H2O3,74.000387630,RC2_0018_ICR-1_p08
761.266821910,835.267208796,74.000386886,Other,random,C2H2O3,74.000387630,RC2_0018_ICR-1_p08
673.141302452,747.141689338,74.000386886,Other,random,C2H2O3,74.000387630,RC2_0018_ICR-1_p08
427.124418839,501.124805725,74.000386886,Other,random,C2H2O3,74.000387630,RC2_0018_ICR-1_p08
373.092669667,447.093056553,74.000386886,Other,random,C2H2O3,74.000387630,RC2_0018_ICR-1_p08
311.077148389,385.077536275,74.000387886,Other,random,C2H2O3,74.000387630,RC2_0018_ICR-1_p08
361.087129176,435.087517062,74.000387886,Other,random,C2H2O3,74.000387630,RC2_0018_ICR-1_p08
421.113906637,495.114294523,74.000387886,Other,random,C2H2O3,74.000387630,RC2_0018_ICR-1_p08
385.077536275,459.077924160,74.000387886,Other,random,C2H2O3,74.000387630,RC2_0018_ICR-1_p08
501.067369048,575.067756933,74.000387886,Other,random,C2H2O3,74.000387630,RC2_0018_ICR-1_p08
509.093628915,583.094016801,74.000387886,Other,random,C2H2O3,74.000387630,RC2_0018_ICR-1_p08
577.221022825,651.221411711,74.000388886,Other,random,C2H2O3,74.000387630,RC2_0018_ICR-1_p08
627.099382352,701.099771238,74.000388886,Other,random,C2H2O3,74.000387630,RC2_0018_ICR-1_p08
476.119899331,550.120288216,74.000388886,Other,random,C2H2O3,74.000387630,RC2_0018_ICR-1_p08
347.090232882,421.090621768,74.000388886,Other,random,C2H2O3,74.000387630,RC2_0018_ICR-1_p08
431.134726289,505.135115174,74.000388886,Other,random,C2H2O3,74.000387630,RC2_0018_ICR-1_p08
427.116403884,501.116793770,74.000389886,Other,random,C2H2O3,74.000387630,RC2_0018_ICR-1_p08
327.063989493,401.064379378,74.000389886,Other,random,C2H2O3,74.000387630,RC2_0018_ICR-1_p08
437.231095008,511.231484893,74.000389886,Other,random,C2H2O3,74.000387630,RC2_0018_ICR-1_p08
397.041098002,471.041488887,74.000390886,Other,random,C2H2O3,74.000387630,RC2_0018_ICR-1_p08
404.062168521,478.062559407,74.000390886,Other,random,C2H2O3,74.000387630,RC2_0018_ICR-1_p08
441.067310436,515.067702322,74.000391886,Other,random,C2H2O3,74.000387630,RC2_0018_ICR-1_p08
407.220303763,481.220695648,74.000391886,Other,random,C2H2O3,74.000387630,RC2_0018_ICR-1_p08
316.082511243,390.082904129,74.000392886,Other,random,C2H2O3,74.000387630,RC2_0018_ICR-1_p08
349.142133344,423.142526230,74.000392886,Other,random,C2H2O3,74.000387630,RC2_0018_ICR-1_p08
357.147344330,431.147737215,74.000392886,Other,random,C2H2O3,74.000387630,RC2_0018_ICR-1_p08
617.224202882,691.224595767,74.000392886,Other,random,C2H2O3,74.000387630,RC2_0018_ICR-1_p08
655.276549908,729.276942794,74.000392886,Other,random,C2H2O3,74.000387630,RC2_0018_ICR-1_p08
345.061430291,419.061824176,74.000393886,Other,random,C2H2O3,74.000387630,RC2_0018_ICR-1_p08
348.108732155,422.109127041,74.000394886,Other,random,C2H2O3,74.000387630,RC2_0018_ICR-1_p08
373.113906548,447.114301433,74.000394886,Other,random,C2H2O3,74.000387630,RC2_0018_ICR-1_p08
385.123507016,459.123901902,74.000394886,Other,random,C2H2O3,74.000387630,RC2_0018_ICR-1_p08
428.062313565,502.062709451,74.000395886,Other,random,C2H2O3,74.000387630,RC2_0018_ICR-1_p08
531.150794884,605.151190770,74.000395886,Other,random,C2H2O3,74.000387630,RC2_0018_ICR-1_p08
657.255690779,731.256086665,74.000395886,Other,random,C2H2O3,74.000387630,RC2_0018_ICR-1_p08
343.082119421,417.082515306,74.000395886,Other,random,C2H2O3,74.000387630,RC2_0018_ICR-1_p08
359.134577155,433.134973041,74.000395886,Other,random,C2H2O3,74.000387630,RC2_0018_ICR-1_p08
425.100678219,499.101074104,74.000395886,Other,random,C2H2O3,74.000387630,RC2_0018_ICR-1_p08
431.092700525,505.093096410,74.000395886,Other,random,C2H2O3,74.000387630,RC2_0018_ICR-1_p08
482.239706918,556.240102804,74.000395886,Other,random,C2H2O3,74.000387630,RC2_0018_ICR-1_p08
371.098113883,445.098510768,74.000396886,Other,random,C2H2O3,74.000387630,RC2_0018_ICR-1_p08
455.098366538,529.098763423,74.000396886,Other,random,C2H2O3,74.000387630,RC2_0018_ICR-1_p08
427.103401957,501.103798843,74.000396886,Other,random,C2H2O3,74.000387630,RC2_0018_ICR-1_p08
401.100709174,475.137479855,74.036770681,Other,random,C3H6O2,74.036780000,RC2_0018_ICR-1_p08
355.066866029,429.103636710,74.036770681,Other,random,C3H6O2,74.036780000,RC2_0018_ICR-1_p08
385.142215911,459.178986592,74.036770681,Other,random,C3H6O2,74.036780000,RC2_0018_ICR-1_p08
627.208637738,701.245409419,74.036771681,Other,random,C3H6O2,74.036780000,RC2_0018_ICR-1_p08
378.046484811,452.083256492,74.036771681,Other,random,C3H6O2,74.036780000,RC2_0018_ICR-1_p08
541.208001331,615.244773012,74.036771681,Other,random,C3H6O2,74.036780000,RC2_0018_ICR-1_p08
353.087646158,427.124418839,74.036772681,Other,random,C3H6O2,74.036780000,RC2_0018_ICR-1_p08
401.072481333,475.109254014,74.036772681,Other,random,C3H6O2,74.036780000,RC2_0018_ICR-1_p08
429.031055118,503.067827799,74.036772681,Other,random,C3H6O2,74.036780000,RC2_0018_ICR-1_p08
433.222952546,507.259725227,74.036772681,Other,random,C3H6O2,74.036780000,RC2_0018_ICR-1_p08
387.048711190,461.085483871,74.036772681,Other,random,C3H6O2,74.036780000,RC2_0018_ICR-1_p08
358.093177011,432.129950692,74.036773681,Other,random,C3H6O2,74.036780000,RC2_0018_ICR-1_p08
421.077519842,495.114294523,74.036774681,Other,random,C3H6O2,74.036780000,RC2_0018_ICR-1_p08
341.116063476,415.152838157,74.036774681,Other,random,C3H6O2,74.036780000,RC2_0018_ICR-1_p08
400.030923190,474.067697871,74.036774681,Other,random,C3H6O2,74.036780000,RC2_0018_ICR-1_p08
475.124497928,549.161272609,74.036774681,Other,random,C3H6O2,74.036780000,RC2_0018_ICR-1_p08
629.224233404,703.261009085,74.036775681,Other,random,C3H6O2,74.036780000,RC2_0018_ICR-1_p08
440.091298925,514.128074606,74.036775681,Other,random,C3H6O2,74.036780000,RC2_0018_ICR-1_p08
381.147183376,455.183960056,74.036776681,Other,random,C3H6O2,74.036780000,RC2_0018_ICR-1_p08
369.147192853,443.183969534,74.036776681,Other,random,C3H6O2,74.036780000,RC2_0018_ICR-1_p08
351.144828083,425.181604764,74.036776681,Other,random,C3H6O2,74.036780000,RC2_0018_ICR-1_p08
365.196847066,439.233623747,74.036776681,Other,random,C3H6O2,74.036780000,RC2_0018_ICR-1_p08
431.147737215,505.184513896,74.036776681,Other,random,C3H6O2,74.036780000,RC2_0018_ICR-1_p08
459.087640106,533.124416787,74.036776681,Other,random,C3H6O2,74.036780000,RC2_0018_ICR-1_p08
391.103239391,465.140017072,74.036777681,Other,random,C3H6O2,74.036780000,RC2_0018_ICR-1_p08
431.183931012,505.220708693,74.036777681,Other,random,C3H6O2,74.036780000,RC2_0018_ICR-1_p08
433.071794396,507.108572077,74.036777681,Other,random,C3H6O2,74.036780000,RC2_0018_ICR-1_p08
527.119531553,601.156309234,74.036777681,Other,random,C3H6O2,74.036780000,RC2_0018_ICR-1_p08
369.064613317,443.101391998,74.036778681,Other,random,C3H6O2,74.036780000,RC2_0018_ICR-1_p08
343.103378301,417.140156982,74.036778681,Other,random,C3H6O2,74.036780000,RC2_0018_ICR-1_p08
379.116272796,453.153052477,74.036779681,Other,random,C3H6O2,74.036780000,RC2_0018_ICR-1_p08
337.129165895,411.165945576,74.036779681,Other,random,C3H6O2,74.036780000,RC2_0018_ICR-1_p08
337.178558617,411.215338298,74.036779681,Other,random,C3H6O2,74.036780000,RC2_0018_ICR-1_p08
349.129169417,423.165949098,74.036779681,Other,random,C3H6O2,74.036780000,RC2_0018_ICR-1_p08
377.196865589,451.233645270,74.036779681,Other,random,C3H6O2,74.036780000,RC2_0018_ICR-1_p08
451.124426884,525.161206565,74.036779681,Other,random,C3H6O2,74.036780000,RC2_0018_ICR-1_p08
535.182220215,609.218999896,74.036779681,Other,random,C3H6O2,74.036780000,RC2_0018_ICR-1_p08
391.066921595,465.103702276,74.036780681,Other,random,C3H6O2,74.036780000,RC2_0018_ICR-1_p08
539.205385592,613.242166273,74.036780681,Other,random,C3H6O2,74.036780000,RC2_0018_ICR-1_p08
405.155323374,479.192105055,74.036781681,Other,random,C3H6O2,74.036780000,RC2_0018_ICR-1_p08
501.088616928,575.125398609,74.036781681,Other,random,C3H6O2,74.036780000,RC2_0018_ICR-1_p08
344.077454824,418.114236505,74.036781681,Other,random,C3H6O2,74.036780000,RC2_0018_ICR-1_p08
499.173986694,573.210768375,74.036781681,Other,random,C3H6O2,74.036780000,RC2_0018_ICR-1_p08
325.092754577,399.129537258,74.036782681,Other,random,C3H6O2,74.036780000,RC2_0018_ICR-1_p08
329.102948027,403.139730708,74.036782681,Other,random,C3H6O2,74.036780000,RC2_0018_ICR-1_p08
368.090535795,442.127318476,74.036782681,Other,random,C3H6O2,74.036780000,RC2_0018_ICR-1_p08
375.102827364,449.139610045,74.036782681,Other,random,C3H6O2,74.036780000,RC2_0018_ICR-1_p08
443.098265016,517.135048697,74.036783681,Other,random,C3H6O2,74.036780000,RC2_0018_ICR-1_p08
444.057237624,518.094021304,74.036783681,Other,random,C3H6O2,74.036780000,RC2_0018_ICR-1_p08
417.204730619,491.241514300,74.036783681,Other,random,C3H6O2,74.036780000,RC2_0018_ICR-1_p08
372.035951609,446.072735290,74.036783681,Other,random,C3H6O2,74.036780000,RC2_0018_ICR-1_p08
401.051288452,475.088072133,74.036783681,Other,random,C3H6O2,74.036780000,RC2_0018_ICR-1_p08
357.038033945,431.074818626,74.036784681,Other,random,C3H6O2,74.036780000,RC2_0018_ICR-1_p08
374.051647275,448.088431956,74.036784681,Other,random,C3H6O2,74.036780000,RC2_0018_ICR-1_p08
387.194219372,461.231004053,74.036784681,Other,random,C3H6O2,74.036780000,RC2_0018_ICR-1_p08
453.131977595,527.168762276,74.036784681,Other,random,C3H6O2,74.036780000,RC2_0018_ICR-1_p08
389.087704725,463.124489406,74.036784681,Other,random,C3H6O2,74.036780000,RC2_0018_ICR-1_p08
376.103754735,450.140540416,74.036785681,Other,random,C3H6O2,74.036780000,RC2_0018_ICR-1_p08
511.101302626,585.138088306,74.036785681,Other,random,C3H6O2,74.036780000,RC2_0018_ICR-1_p08
269.131325256,343.168110937,74.036785681,Other,random,C3H6O2,74.036780000,RC2_0018_ICR-1_p08
367.176146937,441.212932618,74.036785681,Other,random,C3H6O2,74.036780000,RC2_0018_ICR-1_p08
423.179023025,497.215808706,74.036785681,Other,random,C3H6O2,74.036780000,RC2_0018_ICR-1_p08
437.108794696,511.145581377,74.036786681,Other,random,C3H6O2,74.036780000,RC2_0018_ICR-1_p08
351.136833128,425.173619809,74.036786681,Other,random,C3H6O2,74.036780000,RC2_0018_ICR-1_p08
421.150161433,495.186948114,74.036786681,Other,random,C3H6O2,74.036780000,RC2_0018_ICR-1_p08
401.027953583,475.064740264,74.036786681,Other,random,C3H6O2,74.036780000,RC2_0018_ICR-1_p08
759.214588450,833.251375131,74.036786681,Other,random,C3H6O2,74.036780000,RC2_0018_ICR-1_p08
385.069458320,459.106246001,74.036787681,Other,random,C3H6O2,74.036780000,RC2_0018_ICR-1_p08
502.098983247,576.135770928,74.036787681,Other,random,C3H6O2,74.036780000,RC2_0018_ICR-1_p08
381.191735125,455.228522806,74.036787681,Other,random,C3H6O2,74.036780000,RC2_0018_ICR-1_p08
567.208492127,641.245279808,74.036787681,Other,random,C3H6O2,74.036780000,RC2_0018_ICR-1_p08
539.047356481,613.084145162,74.036788681,Other,random,C3H6O2,74.036780000,RC2_0018_ICR-1_p08
463.124489406,537.161278087,74.036788681,Other,random,C3H6O2,74.036780000,RC2_0018_ICR-1_p08
331.095213825,405.132003506,74.036789681,Other,random,C3H6O2,74.036780000,RC2_0018_ICR-1_p08
413.145006447,487.181796128,74.036789681,Other,random,C3H6O2,74.036780000,RC2_0018_ICR-1_p08
460.088487478,534.125277159,74.036789681,Other,random,C3H6O2,74.036780000,RC2_0018_ICR-1_p08
489.140097116,563.176886797,74.036789681,Other,random,C3H6O2,74.036780000,RC2_0018_ICR-1_p08
403.097628945,477.134418626,74.036789681,Other,random,C3H6O2,74.036780000,RC2_0018_ICR-1_p08
517.244333082,591.281122763,74.036789681,Other,random,C3H6O2,74.036780000,RC2_0018_ICR-1_p08
332.090536228,406.127325909,74.036789681,Other,random,C3H6O2,74.036780000,RC2_0018_ICR-1_p08
345.110884013,419.147673694,74.036789681,Other,random,C3H6O2,74.036780000,RC2_0018_ICR-1_p08
485.176008407,559.212798088,74.036789681,Other,random,C3H6O2,74.036780000,RC2_0018_ICR-1_p08
327.108390243,401.181564719,74.073174476,Other,random,C4H10O,74.073184100,RC2_0018_ICR-1_p08
361.050712381,435.123886857,74.073174476,Other,random,C4H10O,74.073184100,RC2_0018_ICR-1_p08
375.157922054,449.231096530,74.073174476,Other,random,C4H10O,74.073184100,RC2_0018_ICR-1_p08
415.152838157,489.226012633,74.073174476,Other,random,C4H10O,74.073184100,RC2_0018_ICR-1_p08
348.035951565,422.109127041,74.073175476,Other,random,C4H10O,74.073184100,RC2_0018_ICR-1_p08
382.049436302,456.122611778,74.073175476,Other,random,C4H10O,74.073184100,RC2_0018_ICR-1_p08
527.067851843,601.141028320,74.073176476,Other,random,C4H10O,74.073184100,RC2_0018_ICR-1_p08
449.158141940,523.231318417,74.073176476,Other,random,C4H10O,74.073184100,RC2_0018_ICR-1_p08
363.035617219,437.108794696,74.073177476,Other,random,C4H10O,74.073184100,RC2_0018_ICR-1_p08
379.116272796,453.189450272,74.073177476,Other,random,C4H10O,74.073184100,RC2_0018_ICR-1_p08
371.077064001,445.150241477,74.073177476,Other,random,C4H10O,74.073184100,RC2_0018_ICR-1_p08
355.176065415,429.249243891,74.073178476,Other,random,C4H10O,74.073184100,RC2_0018_ICR-1_p08
393.119012056,467.192190533,74.073178476,Other,random,C4H10O,74.073184100,RC2_0018_ICR-1_p08
509.057255119,583.130433596,74.073178476,Other,random,C4H10O,74.073184100,RC2_0018_ICR-1_p08
679.224859243,753.298037720,74.073178476,Other,random,C4H10O,74.073184100,RC2_0018_ICR-1_p08
417.076935338,491.150113814,74.073178476,Other,random,C4H10O,74.073184100,RC2_0018_ICR-1_p08
417.046235510,491.119414986,74.073179476,Other,random,C4H10O,74.073184100,RC2_0018_ICR-1_p08
633.146514348,707.219693825,74.073179476,Other,random,C4H10O,74.073184100,RC2_0018_ICR-1_p08
529.207780810,603.280960287,74.073179476,Other,random,C4H10O,74.073184100,RC2_0018_ICR-1_p08
529.171636014,603.244816490,74.073180476,Other,random,C4H10O,74.073184100,RC2_0018_ICR-1_p08
553.135457262,627.208637738,74.073180476,Other,random,C4H10O,74.073184100,RC2_0018_ICR-1_p08
623.141057610,697.214238087,74.073180476,Other,random,C4H10O,74.073184100,RC2_0018_ICR-1_p08
358.049425257,432.122605734,74.073180476,Other,random,C4H10O,74.073184100,RC2_0018_ICR-1_p08
387.108287855,461.181469332,74.073181476,Other,random,C4H10O,74.073184100,RC2_0018_ICR-1_p08
457.062334494,531.135515970,74.073181476,Other,random,C4H10O,74.073184100,RC2_0018_ICR-1_p08
499.254678241,573.327859717,74.073181476,Other,random,C4H10O,74.073184100,RC2_0018_ICR-1_p08
555.062903423,629.136084900,74.073181476,Other,random,C4H10O,74.073184100,RC2_0018_ICR-1_p08
276.051290344,350.124471821,74.073181476,Other,random,C4H10O,74.073184100,RC2_0018_ICR-1_p08
341.043135886,415.116319362,74.073183476,Other,random,C4H10O,74.073184100,RC2_0018_ICR-1_p08
395.090194972,469.163378448,74.073183476,Other,random,C4H10O,74.073184100,RC2_0018_ICR-1_p08
371.071500032,445.144684509,74.073184476,Other,random,C4H10O,74.073184100,RC2_0018_ICR-1_p08
413.064295901,487.137480377,74.073184476,Other,random,C4H10O,74.073184100,RC2_0018_ICR-1_p08
399.129537258,473.202721734,74.073184476,Other,random,C4H10O,74.073184100,RC2_0018_ICR-1_p08
405.132003506,479.205187982,74.073184476,Other,random,C4H10O,74.073184100,RC2_0018_ICR-1_p08
319.058918506,393.132103983,74.073185476,Other,random,C4H10O,74.073184100,RC2_0018_ICR-1_p08
399.071989582,473.145175058,74.073185476,Other,random,C4H10O,74.073184100,RC2_0018_ICR-1_p08
713.136582553,787.209768029,74.073185476,Other,random,C4H10O,74.073184100,RC2_0018_ICR-1_p08
369.074437262,443.147622738,74.073185476,Other,random,C4H10O,74.073184100,RC2_0018_ICR-1_p08
403.030465323,477.103651799,74.073186476,Other,random,C4H10O,74.073184100,RC2_0018_ICR-1_p08
369.046235421,443.119421897,74.073186476,Other,random,C4H10O,74.073184100,RC2_0018_ICR-1_p08
397.113852593,471.187039069,74.073186476,Other,random,C4H10O,74.073184100,RC2_0018_ICR-1_p08
429.119014623,503.192201099,74.073186476,Other,random,C4H10O,74.073184100,RC2_0018_ICR-1_p08
493.062323061,567.135509537,74.073186476,Other,random,C4H10O,74.073184100,RC2_0018_ICR-1_p08
423.157985143,497.231171619,74.073186476,Other,random,C4H10O,74.073184100,RC2_0018_ICR-1_p08
445.041127091,519.114314567,74.073187476,Other,random,C4H10O,74.073184100,RC2_0018_ICR-1_p08
545.057329686,619.130517162,74.073187476,Other,random,C4H10O,74.073184100,RC2_0018_ICR-1_p08
355.045826147,429.119014623,74.073188476,Other,random,C4H10O,74.073184100,RC2_0018_ICR-1_p08
449.121856145,523.195044621,74.073188476,Other,random,C4H10O,74.073184100,RC2_0018_ICR-1_p08
383.077008524,457.150198000,74.073189476,Other,random,C4H10O,74.073184100,RC2_0018_ICR-1_p08
407.134489245,481.207678722,74.073189476,Other,random,C4H10O,74.073184100,RC2_0018_ICR-1_p08
347.040717161,421.113906637,74.073189476,Other,random,C4H10O,74.073184100,RC2_0018_ICR-1_p08
359.077076479,433.150265955,74.073189476,Other,random,C4H10O,74.073184100,RC2_0018_ICR-1_p08
531.041600498,605.114789975,74.073189476,Other,random,C4H10O,74.073184100,RC2_0018_ICR-1_p08
342.074800085,416.147990561,74.073190476,Other,random,C4H10O,74.073184100,RC2_0018_ICR-1_p08
403.043515249,477.116705726,74.073190476,Other,random,C4H10O,74.073184100,RC2_0018_ICR-1_p08
406.127325909,480.200516385,74.073190476,Other,random,C4H10O,74.073184100,RC2_0018_ICR-1_p08
341.087646636,415.160838112,74.073191476,Other,random,C4H10O,74.073184100,RC2_0018_ICR-1_p08
343.045791625,417.118983101,74.073191476,Other,random,C4H10O,74.073184100,RC2_0018_ICR-1_p08
405.059303914,479.132495391,74.073191476,Other,random,C4H10O,74.073184100,RC2_0018_ICR-1_p08
419.111150899,493.184342375,74.073191476,Other,random,C4H10O,74.073184100,RC2_0018_ICR-1_p08
555.114600133,629.187791609,74.073191476,Other,random,C4H10O,74.073184100,RC2_0018_ICR-1_p08
459.106246001,533.179438477,74.073192476,Other,random,C4H10O,74.073184100,RC2_0018_ICR-1_p08
733.126555147,807.199747623,74.073192476,Other,random,C4H10O,74.073184100,RC2_0018_ICR-1_p08
443.092610048,517.165802524,74.073192476,Other,random,C4H10O,74.073184100,RC2_0018_ICR-1_p08
353.043211408,427.116403884,74.073192476,Other,random,C4H10O,74.073184100,RC2_0018_ICR-1_p08
333.082651649,407.171062040,74.088410391,Other,random,C8H10O_2,74.088420000,RC2_0018_ICR-1_p08
417.140156982,491.228567373,74.088410391,Other,random,C8H10O_2,74.088420000,RC2_0018_ICR-1_p08
319.103334257,393.191744647,74.088410391,Other,random,C8H10O_2,74.088420000,RC2_0018_ICR-1_p08
497.057176598,571.145587988,74.088411391,Other,random,C8H10O_2,74.088420000,RC2_0018_ICR-1_p08
299.126631588,373.215043979,74.088412391,Other,random,C8H10O_2,74.088420000,RC2_0018_ICR-1_p08
373.041127957,447.129542348,74.088414391,Other,random,C8H10O_2,74.088420000,RC2_0018_ICR-1_p08
655.188528403,729.276942794,74.088414391,Other,random,C8H10O_2,74.088420000,RC2_0018_ICR-1_p08
697.126529580,771.214945970,74.088416391,Other,random,C8H10O_2,74.088420000,RC2_0018_ICR-1_p08
625.068488772,699.156907163,74.088418391,Other,random,C8H10O_2,74.088420000,RC2_0018_ICR-1_p08
391.043650726,465.132070117,74.088419391,Other,random,C8H10O_2,74.088420000,RC2_0018_ICR-1_p08
357.132047416,431.220466807,74.088419391,Other,random,C8H10O_2,74.088420000,RC2_0018_ICR-1_p08
393.132103983,467.220524373,74.088420391,Other,random,C8H10O_2,74.088420000,RC2_0018_ICR-1_p08
439.088051566,513.176471957,74.088420391,Other,random,C8H10O_2,74.088420000,RC2_0018_ICR-1_p08
613.068609249,687.157031640,74.088422391,Other,random,C8H10O_2,74.088420000,RC2_0018_ICR-1_p08
429.140164504,503.228586895,74.088422391,Other,random,C8H10O_2,74.088420000,RC2_0018_ICR-1_p08
543.062922901,617.151345291,74.088422391,Other,random,C8H10O_2,74.088420000,RC2_0018_ICR-1_p08
433.098534246,507.186957636,74.088423391,Other,random,C8H10O_2,74.088420000,RC2_0018_ICR-1_p08
371.025306292,445.113730683,74.088424391,Other,random,C8H10O_2,74.088420000,RC2_0018_ICR-1_p08
493.111883783,567.200309173,74.088425391,Other,random,C8H10O_2,74.088420000,RC2_0018_ICR-1_p08
409.041086524,483.129512915,74.088426391,Other,random,C8H10O_2,74.088420000,RC2_0018_ICR-1_p08
453.103563755,527.191990145,74.088426391,Other,random,C8H10O_2,74.088420000,RC2_0018_ICR-1_p08
401.145151924,475.233581315,74.088429391,Other,random,C8H10O_2,74.088420000,RC2_0018_ICR-1_p08
339.064064015,414.096084099,75.032020085,Other,random,C2H5N1O2,75.032029000,RC2_0018_ICR-1_p08
419.183991489,494.216012574,75.032021085,Other,random,C2H5N1O2,75.032029000,RC2_0018_ICR-1_p08
607.203274231,682.235295315,75.032021085,Other,random,C2H5N1O2,75.032029000,RC2_0018_ICR-1_p08
351.121423215,426.153445299,75.032022085,Other,random,C2H5N1O2,75.032029000,RC2_0018_ICR-1_p08
391.152622114,466.184645198,75.032023085,Other,random,C2H5N1O2,75.032029000,RC2_0018_ICR-1_p08
439.066991684,514.099015769,75.032024085,Other,random,C2H5N1O2,75.032029000,RC2_0018_ICR-1_p08
267.014717158,342.046742243,75.032025085,Other,random,C2H5N1O2,75.032029000,RC2_0018_ICR-1_p08
315.123807634,390.155833719,75.032026085,Other,random,C2H5N1O2,75.032029000,RC2_0018_ICR-1_p08
415.139809230,490.171835315,75.032026085,Other,random,C2H5N1O2,75.032029000,RC2_0018_ICR-1_p08
343.118706215,418.150735299,75.032029085,Other,random,C2H5N1O2,75.032029000,RC2_0018_ICR-1_p08
361.092720145,436.124749229,75.032029085,Other,random,C2H5N1O2,75.032029000,RC2_0018_ICR-1_p08
325.084803622,400.116835707,75.032032084,Other,random,C2H5N1O2,75.032029000,RC2_0018_ICR-1_p08
457.150198000,532.182231085,75.032033084,Other,random,C2H5N1O2,75.032029000,RC2_0018_ICR-1_p08
359.040778683,434.072813767,75.032035084,Other,random,C2H5N1O2,75.032029000,RC2_0018_ICR-1_p08
373.113906548,448.161186547,75.047279999,Other,random,C6H5N1O_1,75.047284000,RC2_0018_ICR-1_p08
261.098025429,336.145306427,75.047280999,Other,random,C6H5N1O_1,75.047284000,RC2_0018_ICR-1_p08
543.099252697,618.146536695,75.047283999,Other,random,C6H5N1O_1,75.047284000,RC2_0018_ICR-1_p08
389.072423811,464.119708810,75.047284999,Other,random,C6H5N1O_1,75.047284000,RC2_0018_ICR-1_p08
403.124415795,478.171700793,75.047284999,Other,random,C6H5N1O_1,75.047284000,RC2_0018_ICR-1_p08
317.051304796,392.098594794,75.047289999,Other,random,C6H5N1O_1,75.047284000,RC2_0018_ICR-1_p08
369.046235421,444.093525420,75.047289999,Other,random,C6H5N1O_1,75.047284000,RC2_0018_ICR-1_p08
345.046190376,420.093484375,75.047293999,Other,random,C6H5N1O_1,75.047284000,RC2_0018_ICR-1_p08
397.113852593,473.085447394,75.971594801,Other,random,C2H1O1Cl1,75.971600000,RC2_0018_ICR-1_p08
362.181972020,438.153568821,75.971596801,Other,random,C2H1O1Cl1,75.971600000,RC2_0018_ICR-1_p08
375.165934009,451.137530810,75.971596801,Other,random,C2H1O1Cl1,75.971600000,RC2_0018_ICR-1_p08
395.098147927,471.069744729,75.971596801,Other,random,C2H1O1Cl1,75.971600000,RC2_0018_ICR-1_p08
423.165949098,499.137545899,75.971596801,Other,random,C2H1O1Cl1,75.971600000,RC2_0018_ICR-1_p08
419.170967563,495.142567364,75.971599801,Other,random,C2H1O1Cl1,75.971600000,RC2_0018_ICR-1_p08
341.160455226,417.132059028,75.971603801,Other,random,C2H1O1Cl1,75.971600000,RC2_0018_ICR-1_p08
457.207833676,533.179438477,75.971604801,Other,random,C2H1O1Cl1,75.971600000,RC2_0018_ICR-1_p08
302.124480731,378.096089532,75.971608801,Other,random,C2H1O1Cl1,75.971600000,RC2_0018_ICR-1_p08
627.099382352,703.115417904,76.016035551,Other,random,C2H4O3,76.016044960,RC2_0018_ICR-1_p08
363.157821532,439.173857084,76.016035551,Other,random,C2H4O3,76.016044960,RC2_0018_ICR-1_p08
399.056774667,475.072811219,76.016036551,Other,random,C2H4O3,76.016044960,RC2_0018_ICR-1_p08
411.121443826,487.137480377,76.016036551,Other,random,C2H4O3,76.016044960,RC2_0018_ICR-1_p08
445.077486887,521.093523438,76.016036551,Other,random,C2H4O3,76.016044960,RC2_0018_ICR-1_p08
351.194251805,427.210289356,76.016037551,Other,random,C2H4O3,76.016044960,RC2_0018_ICR-1_p08
479.147798304,555.163835856,76.016037551,Other,random,C2H4O3,76.016044960,RC2_0018_ICR-1_p08
423.165949098,499.181987649,76.016038551,Other,random,C2H4O3,76.016044960,RC2_0018_ICR-1_p08
467.192190533,543.208229084,76.016038551,Other,random,C2H4O3,76.016044960,RC2_0018_ICR-1_p08
485.194754302,561.210792853,76.016038551,Other,random,C2H4O3,76.016044960,RC2_0018_ICR-1_p08
331.082224898,407.098263449,76.016038551,Other,random,C2H4O3,76.016044960,RC2_0018_ICR-1_p08
361.019884554,437.035923105,76.016038551,Other,random,C2H4O3,76.016044960,RC2_0018_ICR-1_p08
427.080041089,503.096080640,76.016039551,Other,random,C2H4O3,76.016044960,RC2_0018_ICR-1_p08
353.015015567,429.031055118,76.016039551,Other,random,C2H4O3,76.016044960,RC2_0018_ICR-1_p08
391.030533800,467.046573351,76.016039551,Other,random,C2H4O3,76.016044960,RC2_0018_ICR-1_p08
647.198455332,723.214494884,76.016039551,Other,random,C2H4O3,76.016044960,RC2_0018_ICR-1_p08
306.025548795,382.041589346,76.016040551,Other,random,C2H4O3,76.016044960,RC2_0018_ICR-1_p08
567.236792968,643.252834519,76.016041551,Other,random,C2H4O3,76.016044960,RC2_0018_ICR-1_p08
325.048337827,401.064379378,76.016041551,Other,random,C2H4O3,76.016044960,RC2_0018_ICR-1_p08
374.051647275,450.067688826,76.016041551,Other,random,C2H4O3,76.016044960,RC2_0018_ICR-1_p08
405.155323374,481.171365926,76.016042551,Other,random,C2H4O3,76.016044960,RC2_0018_ICR-1_p08
441.176390823,517.192433374,76.016042551,Other,random,C2H4O3,76.016044960,RC2_0018_ICR-1_p08
413.100724696,489.116768248,76.016043551,Other,random,C2H4O3,76.016044960,RC2_0018_ICR-1_p08
447.165896143,523.181939694,76.016043551,Other,random,C2H4O3,76.016044960,RC2_0018_ICR-1_p08
509.231255141,585.247299692,76.016044551,Other,random,C2H4O3,76.016044960,RC2_0018_ICR-1_p08
367.103377346,443.119421897,76.016044551,Other,random,C2H4O3,76.016044960,RC2_0018_ICR-1_p08
385.113696071,461.129741623,76.016045551,Other,random,C2H4O3,76.016044960,RC2_0018_ICR-1_p08
389.137012448,465.153057999,76.016045551,Other,random,C2H4O3,76.016044960,RC2_0018_ICR-1_p08
439.116384407,515.132429958,76.016045551,Other,random,C2H4O3,76.016044960,RC2_0018_ICR-1_p08
553.221032780,629.237078332,76.016045551,Other,random,C2H4O3,76.016044960,RC2_0018_ICR-1_p08
476.119899331,552.135944882,76.016045551,Other,random,C2H4O3,76.016044960,RC2_0018_ICR-1_p08
371.090062928,447.106109479,76.016046551,Other,random,C2H4O3,76.016044960,RC2_0018_ICR-1_p08
433.041208568,509.057255119,76.016046551,Other,random,C2H4O3,76.016044960,RC2_0018_ICR-1_p08
345.074575217,421.090621768,76.016046551,Other,random,C2H4O3,76.016044960,RC2_0018_ICR-1_p08
417.168295824,493.184342375,76.016046551,Other,random,C2H4O3,76.016044960,RC2_0018_ICR-1_p08
431.207451880,507.223498431,76.016046551,Other,random,C2H4O3,76.016044960,RC2_0018_ICR-1_p08
407.126629290,483.142676841,76.016047551,Other,random,C2H4O3,76.016044960,RC2_0018_ICR-1_p08
485.145233580,561.161281131,76.016047551,Other,random,C2H4O3,76.016044960,RC2_0018_ICR-1_p08
595.094318321,671.110366872,76.016048551,Other,random,C2H4O3,76.016044960,RC2_0018_ICR-1_p08
331.095213825,407.111262376,76.016048551,Other,random,C2H4O3,76.016044960,RC2_0018_ICR-1_p08
353.124115953,429.140164504,76.016048551,Other,random,C2H4O3,76.016044960,RC2_0018_ICR-1_p08
389.100655652,465.116704203,76.016048551,Other,random,C2H4O3,76.016044960,RC2_0018_ICR-1_p08
315.054297025,391.070345576,76.016048551,Other,random,C2H4O3,76.016044960,RC2_0018_ICR-1_p08
443.098265016,519.114314567,76.016049551,Other,random,C2H4O3,76.016044960,RC2_0018_ICR-1_p08
337.178558617,413.194608168,76.016049551,Other,random,C2H4O3,76.016044960,RC2_0018_ICR-1_p08
375.035555742,451.051605293,76.016049551,Other,random,C2H4O3,76.016044960,RC2_0018_ICR-1_p08
385.087187220,461.103236772,76.016049551,Other,random,C2H4O3,76.016044960,RC2_0018_ICR-1_p08
369.046235421,445.062284972,76.016049551,Other,random,C2H4O3,76.016044960,RC2_0018_ICR-1_p08
419.147673694,495.163724245,76.016050551,Other,random,C2H4O3,76.016044960,RC2_0018_ICR-1_p08
549.226122244,625.242172796,76.016050551,Other,random,C2H4O3,76.016044960,RC2_0018_ICR-1_p08
551.067893888,627.083944439,76.016050551,Other,random,C2H4O3,76.016044960,RC2_0018_ICR-1_p08
385.056375394,461.072426945,76.016051551,Other,random,C2H4O3,76.016044960,RC2_0018_ICR-1_p08
345.097855086,421.113906637,76.016051551,Other,random,C2H4O3,76.016044960,RC2_0018_ICR-1_p08
373.215043979,449.231096530,76.016052551,Other,random,C2H4O3,76.016044960,RC2_0018_ICR-1_p08
387.066365091,463.082417642,76.016052551,Other,random,C2H4O3,76.016044960,RC2_0018_ICR-1_p08
555.114600133,631.130652684,76.016052551,Other,random,C2H4O3,76.016044960,RC2_0018_ICR-1_p08
329.152287750,405.168341301,76.016053551,Other,random,C2H4O3,76.016044960,RC2_0018_ICR-1_p08
369.074437262,445.090490813,76.016053551,Other,random,C2H4O3,76.016044960,RC2_0018_ICR-1_p08
375.102827364,451.118880915,76.016053551,Other,random,C2H4O3,76.016044960,RC2_0018_ICR-1_p08
427.103401957,503.119455509,76.016053551,Other,random,C2H4O3,76.016044960,RC2_0018_ICR-1_p08
437.137212536,513.153266087,76.016053551,Other,random,C2H4O3,76.016044960,RC2_0018_ICR-1_p08
469.150439521,545.166493072,76.016053551,Other,random,C2H4O3,76.016044960,RC2_0018_ICR-1_p08
355.066866029,431.082920580,76.016054551,Other,random,C2H4O3,76.016044960,RC2_0018_ICR-1_p08
331.058906029,407.074960580,76.016054551,Other,random,C2H4O3,76.016044960,RC2_0018_ICR-1_p08
359.040778683,435.056833234,76.016054551,Other,random,C2H4O3,76.016044960,RC2_0018_ICR-1_p08
403.030465323,479.046519874,76.016054551,Other,random,C2H4O3,76.016044960,RC2_0018_ICR-1_p08
505.135115174,581.151169725,76.016054551,Other,random,C2H4O3,76.016044960,RC2_0018_ICR-1_p08
659.125901263,735.141955814,76.016054551,Other,random,C2H4O3,76.016044960,RC2_0018_ICR-1_p08
575.190121245,651.221411711,76.031290466,Other,random,C6H4,76.031300000,RC2_0018_ICR-1_p08
299.126631588,375.157922054,76.031290466,Other,random,C6H4,76.031300000,RC2_0018_ICR-1_p08
512.068216188,588.099506654,76.031290466,Other,random,C6H4,76.031300000,RC2_0018_ICR-1_p08
627.193373824,703.224665289,76.031291466,Other,random,C6H4,76.031300000,RC2_0018_ICR-1_p08
357.082606694,433.113898159,76.031291466,Other,random,C6H4,76.031300000,RC2_0018_ICR-1_p08
410.072712723,486.104004189,76.031291466,Other,random,C6H4,76.031300000,RC2_0018_ICR-1_p08
387.129489736,463.160781202,76.031291466,Other,random,C6H4,76.031300000,RC2_0018_ICR-1_p08
515.177061707,591.208353172,76.031291466,Other,random,C6H4,76.031300000,RC2_0018_ICR-1_p08
527.249668821,603.280960287,76.031291466,Other,random,C6H4,76.031300000,RC2_0018_ICR-1_p08
485.166390461,561.197682927,76.031292466,Other,random,C6H4,76.031300000,RC2_0018_ICR-1_p08
495.114294523,571.145587988,76.031293466,Other,random,C6H4,76.031300000,RC2_0018_ICR-1_p08
353.160383749,429.191678215,76.031294466,Other,random,C6H4,76.031300000,RC2_0018_ICR-1_p08
653.245648328,729.276942794,76.031294466,Other,random,C6H4,76.031300000,RC2_0018_ICR-1_p08
345.191806558,421.223101023,76.031294466,Other,random,C6H4,76.031300000,RC2_0018_ICR-1_p08
378.046484811,454.077780277,76.031295465,Other,random,C6H4,76.031300000,RC2_0018_ICR-1_p08
313.129155850,389.160451316,76.031295465,Other,random,C6H4,76.031300000,RC2_0018_ICR-1_p08
643.188527881,719.219823346,76.031295466,Other,random,C6H4,76.031300000,RC2_0018_ICR-1_p08
338.051698707,414.082996173,76.031297465,Other,random,C6H4,76.031300000,RC2_0018_ICR-1_p08
399.056774667,475.088072133,76.031297465,Other,random,C6H4,76.031300000,RC2_0018_ICR-1_p08
339.144749561,415.176048027,76.031298465,Other,random,C6H4,76.031300000,RC2_0018_ICR-1_p08
341.154780258,417.186078724,76.031298465,Other,random,C6H4,76.031300000,RC2_0018_ICR-1_p08
347.134650633,423.165949098,76.031298465,Other,random,C6H4,76.031300000,RC2_0018_ICR-1_p08
493.098788856,569.130088322,76.031299465,Other,random,C6H4,76.031300000,RC2_0018_ICR-1_p08
479.113623497,555.144923962,76.031300465,Other,random,C6H4,76.031300000,RC2_0018_ICR-1_p08
727.173369622,803.204670088,76.031300465,Other,random,C6H4,76.031300000,RC2_0018_ICR-1_p08
381.149691361,457.180991827,76.031300465,Other,random,C6H4,76.031300000,RC2_0018_ICR-1_p08
505.148119101,581.179420567,76.031301465,Other,random,C6H4,76.031300000,RC2_0018_ICR-1_p08
483.041557409,559.072858875,76.031301465,Other,random,C6H4,76.031300000,RC2_0018_ICR-1_p08
368.111572677,444.142874142,76.031301465,Other,random,C6H4,76.031300000,RC2_0018_ICR-1_p08
419.183991489,495.215294955,76.031303465,Other,random,C6H4,76.031300000,RC2_0018_ICR-1_p08
583.057967003,659.089270469,76.031303465,Other,random,C6H4,76.031300000,RC2_0018_ICR-1_p08
340.103690169,416.134994634,76.031304465,Other,random,C6H4,76.031300000,RC2_0018_ICR-1_p08
421.113906637,497.145213103,76.031306465,Other,random,C6H4,76.031300000,RC2_0018_ICR-1_p08
324.072401315,400.103707780,76.031306465,Other,random,C6H4,76.031300000,RC2_0018_ICR-1_p08
671.183137463,747.214444929,76.031307465,Other,random,C6H4,76.031300000,RC2_0018_ICR-1_p08
319.139710052,395.171018518,76.031308465,Other,random,C6H4,76.031300000,RC2_0018_ICR-1_p08
385.113696071,461.145004537,76.031308465,Other,random,C6H4,76.031300000,RC2_0018_ICR-1_p08
463.137514333,539.168822798,76.031308465,Other,random,C6H4,76.031300000,RC2_0018_ICR-1_p08
417.176408778,493.207717244,76.031308465,Other,random,C6H4,76.031300000,RC2_0018_ICR-1_p08
609.255484691,685.286794156,76.031309465,Other,random,C6H4,76.031300000,RC2_0018_ICR-1_p08
339.108453765,416.134994634,77.026540869,Other,random,C5H3N1,77.026549000,RC2_0018_ICR-1_p08
455.155689215,532.182231085,77.026541869,Other,random,C5H3N1,77.026549000,RC2_0018_ICR-1_p08
331.103332779,408.129878648,77.026545869,Other,random,C5H3N1,77.026549000,RC2_0018_ICR-1_p08
329.124132908,406.150679777,77.026546869,Other,random,C5H3N1,77.026549000,RC2_0018_ICR-1_p08
401.145151924,478.171700793,77.026548869,Other,random,C5H3N1,77.026549000,RC2_0018_ICR-1_p08
569.078616611,646.105165480,77.026548869,Other,random,C5H3N1,77.026549000,RC2_0018_ICR-1_p08
363.035617219,440.062167088,77.026549869,Other,random,C5H3N1,77.026549000,RC2_0018_ICR-1_p08
357.082606694,434.109160563,77.026553869,Other,random,C5H3N1,77.026549000,RC2_0018_ICR-1_p08
409.077449320,486.104004189,77.026554869,Other,random,C5H3N1,77.026549000,RC2_0018_ICR-1_p08
353.015015567,430.041572436,77.026556869,Other,random,C5H3N1,77.026549000,RC2_0018_ICR-1_p08
485.194754302,563.190053723,77.995299422,Other,random,CH2O4,77.995309300,RC2_0018_ICR-1_p08
409.223013501,487.218312923,77.995299422,Other,random,CH2O4,77.995309300,RC2_0018_ICR-1_p08
413.051173975,491.046474397,77.995300422,Other,random,CH2O4,77.995309300,RC2_0018_ICR-1_p08
347.186304342,425.181604764,77.995300422,Other,random,CH2O4,77.995309300,RC2_0018_ICR-1_p08
519.114314567,597.109615989,77.995301422,Other,random,CH2O4,77.995309300,RC2_0018_ICR-1_p08
469.150439521,547.145740943,77.995301422,Other,random,CH2O4,77.995309300,RC2_0018_ICR-1_p08
511.088238699,589.083541121,77.995302422,Other,random,CH2O4,77.995309300,RC2_0018_ICR-1_p08
327.050940566,405.046243988,77.995303422,Other,random,CH2O4,77.995309300,RC2_0018_ICR-1_p08
429.119014623,507.114318045,77.995303422,Other,random,CH2O4,77.995309300,RC2_0018_ICR-1_p08
401.209883560,479.205187982,77.995304422,Other,random,CH2O4,77.995309300,RC2_0018_ICR-1_p08
411.165945576,489.161249997,77.995304422,Other,random,CH2O4,77.995309300,RC2_0018_ICR-1_p08
733.235707533,811.231011955,77.995304422,Other,random,CH2O4,77.995309300,RC2_0018_ICR-1_p08
461.218098126,539.213403547,77.995305422,Other,random,CH2O4,77.995309300,RC2_0018_ICR-1_p08
369.082494217,447.077800639,77.995306422,Other,random,CH2O4,77.995309300,RC2_0018_ICR-1_p08
371.126548723,449.121856145,77.995307422,Other,random,CH2O4,77.995309300,RC2_0018_ICR-1_p08
391.139706186,469.135013608,77.995307422,Other,random,CH2O4,77.995309300,RC2_0018_ICR-1_p08
488.083442058,566.078749480,77.995307422,Other,random,CH2O4,77.995309300,RC2_0018_ICR-1_p08
525.140389682,603.135697103,77.995307422,Other,random,CH2O4,77.995309300,RC2_0018_ICR-1_p08
635.271206401,713.266514823,77.995308422,Other,random,CH2O4,77.995309300,RC2_0018_ICR-1_p08
335.186283820,413.181593242,77.995309422,Other,random,CH2O4,77.995309300,RC2_0018_ICR-1_p08
585.161637174,663.156946596,77.995309422,Other,random,CH2O4,77.995309300,RC2_0018_ICR-1_p08
599.213810157,677.209119578,77.995309422,Other,random,CH2O4,77.995309300,RC2_0018_ICR-1_p08
447.165896143,525.161206565,77.995310422,Other,random,CH2O4,77.995309300,RC2_0018_ICR-1_p08
487.246801763,565.242113184,77.995311422,Other,random,CH2O4,77.995309300,RC2_0018_ICR-1_p08
417.118983101,495.114294523,77.995311422,Other,random,CH2O4,77.995309300,RC2_0018_ICR-1_p08
427.066888163,505.062199584,77.995311422,Other,random,CH2O4,77.995309300,RC2_0018_ICR-1_p08
353.152423794,431.147737215,77.995313422,Other,random,CH2O4,77.995309300,RC2_0018_ICR-1_p08
387.121390782,465.116704203,77.995313422,Other,random,CH2O4,77.995309300,RC2_0018_ICR-1_p08
405.046243988,483.041557409,77.995313422,Other,random,CH2O4,77.995309300,RC2_0018_ICR-1_p08
327.063989493,405.059303914,77.995314422,Other,random,CH2O4,77.995309300,RC2_0018_ICR-1_p08
367.176146937,445.171461358,77.995314422,Other,random,CH2O4,77.995309300,RC2_0018_ICR-1_p08
583.218856099,661.214170520,77.995314422,Other,random,CH2O4,77.995309300,RC2_0018_ICR-1_p08
663.229768186,741.225082608,77.995314422,Other,random,CH2O4,77.995309300,RC2_0018_ICR-1_p08
399.108337377,477.103651799,77.995314422,Other,random,CH2O4,77.995309300,RC2_0018_ICR-1_p08
381.147183376,459.142498797,77.995315422,Other,random,CH2O4,77.995309300,RC2_0018_ICR-1_p08
433.150265955,511.145581377,77.995315422,Other,random,CH2O4,77.995309300,RC2_0018_ICR-1_p08
329.102948027,407.098263449,77.995315422,Other,random,CH2O4,77.995309300,RC2_0018_ICR-1_p08
506.130484577,584.125800999,77.995316422,Other,random,CH2O4,77.995309300,RC2_0018_ICR-1_p08
439.080101611,517.075419032,77.995317422,Other,random,CH2O4,77.995309300,RC2_0018_ICR-1_p08
454.077780277,532.073097698,77.995317422,Other,random,CH2O4,77.995309300,RC2_0018_ICR-1_p08
499.210334490,577.205652912,77.995318422,Other,random,CH2O4,77.995309300,RC2_0018_ICR-1_p08
505.135115174,583.130433596,77.995318422,Other,random,CH2O4,77.995309300,RC2_0018_ICR-1_p08
329.152287750,407.147606172,77.995318422,Other,random,CH2O4,77.995309300,RC2_0018_ICR-1_p08
557.057391208,635.052709630,77.995318422,Other,random,CH2O4,77.995309300,RC2_0018_ICR-1_p08
541.119899827,619.130517162,78.010617335,Other,random,C5H2O,78.010625790,RC2_0018_ICR-1_p08
341.154780258,419.165397594,78.010617335,Other,random,C5H2O,78.010625790,RC2_0018_ICR-1_p08
379.030413278,457.041030614,78.010617335,Other,random,C5H2O,78.010625790,RC2_0018_ICR-1_p08
429.067400914,507.078018249,78.010617335,Other,random,C5H2O,78.010625790,RC2_0018_ICR-1_p08
387.157806577,465.168424912,78.010618335,Other,random,C5H2O,78.010625790,RC2_0018_ICR-1_p08
427.088122043,505.098740379,78.010618335,Other,random,C5H2O,78.010625790,RC2_0018_ICR-1_p08
367.139622142,445.150241477,78.010619335,Other,random,C5H2O,78.010625790,RC2_0018_ICR-1_p08
477.161225475,555.171844811,78.010619335,Other,random,C5H2O,78.010625790,RC2_0018_ICR-1_p08
409.041086524,487.051706860,78.010620335,Other,random,C5H2O,78.010625790,RC2_0018_ICR-1_p08
449.158141940,527.168762276,78.010620335,Other,random,C5H2O,78.010625790,RC2_0018_ICR-1_p08
483.114298000,561.124918336,78.010620335,Other,random,C5H2O,78.010625790,RC2_0018_ICR-1_p08
351.035673697,429.046294032,78.010620335,Other,random,C5H2O,78.010625790,RC2_0018_ICR-1_p08
409.186475707,487.197097042,78.010621335,Other,random,C5H2O,78.010625790,RC2_0018_ICR-1_p08
453.030979163,531.041600498,78.010621335,Other,random,C5H2O,78.010625790,RC2_0018_ICR-1_p08
381.149691361,459.160313697,78.010622335,Other,random,C5H2O,78.010625790,RC2_0018_ICR-1_p08
395.134552723,473.145175058,78.010622335,Other,random,C5H2O,78.010625790,RC2_0018_ICR-1_p08
513.161296042,591.171918377,78.010622335,Other,random,C5H2O,78.010625790,RC2_0018_ICR-1_p08
455.155689215,533.166311551,78.010622335,Other,random,C5H2O,78.010625790,RC2_0018_ICR-1_p08
573.146263738,651.156887074,78.010623335,Other,random,C5H2O,78.010625790,RC2_0018_ICR-1_p08
367.134061173,445.144684509,78.010623335,Other,random,C5H2O,78.010625790,RC2_0018_ICR-1_p08
485.158298507,563.168921842,78.010623335,Other,random,C5H2O,78.010625790,RC2_0018_ICR-1_p08
551.104454682,629.115078018,78.010623335,Other,random,C5H2O,78.010625790,RC2_0018_ICR-1_p08
625.214040954,703.224665289,78.010624335,Other,random,C5H2O,78.010625790,RC2_0018_ICR-1_p08
337.056318305,415.066942640,78.010624335,Other,random,C5H2O,78.010625790,RC2_0018_ICR-1_p08
415.051698726,493.062323061,78.010624335,Other,random,C5H2O,78.010625790,RC2_0018_ICR-1_p08
329.116004954,407.126629290,78.010624335,Other,random,C5H2O,78.010625790,RC2_0018_ICR-1_p08
429.132088550,507.142713885,78.010625335,Other,random,C5H2O,78.010625790,RC2_0018_ICR-1_p08
441.249112414,519.259737750,78.010625335,Other,random,C5H2O,78.010625790,RC2_0018_ICR-1_p08
463.246650719,541.257276054,78.010625335,Other,random,C5H2O,78.010625790,RC2_0018_ICR-1_p08
407.061800654,485.072425989,78.010625335,Other,random,C5H2O,78.010625790,RC2_0018_ICR-1_p08
431.147737215,509.158362551,78.010625335,Other,random,C5H2O,78.010625790,RC2_0018_ICR-1_p08
523.145683898,601.156309234,78.010625335,Other,random,C5H2O,78.010625790,RC2_0018_ICR-1_p08
530.188080298,608.198705633,78.010625335,Other,random,C5H2O,78.010625790,RC2_0018_ICR-1_p08
355.030582233,433.041208568,78.010626335,Other,random,C5H2O,78.010625790,RC2_0018_ICR-1_p08
438.067690304,516.078316639,78.010626335,Other,random,C5H2O,78.010625790,RC2_0018_ICR-1_p08
611.089109380,689.099735716,78.010626335,Other,random,C5H2O,78.010625790,RC2_0018_ICR-1_p08
473.194808779,551.205436114,78.010627335,Other,random,C5H2O,78.010625790,RC2_0018_ICR-1_p08
533.093773959,611.104401294,78.010627335,Other,random,C5H2O,78.010625790,RC2_0018_ICR-1_p08
349.105776549,427.116403884,78.010627335,Other,random,C5H2O,78.010625790,RC2_0018_ICR-1_p08
368.111572677,446.122201012,78.010628335,Other,random,C5H2O,78.010625790,RC2_0018_ICR-1_p08
405.118884579,483.129512915,78.010628335,Other,random,C5H2O,78.010625790,RC2_0018_ICR-1_p08
379.116272796,457.126902131,78.010629335,Other,random,C5H2O,78.010625790,RC2_0018_ICR-1_p08
395.171018518,473.181647853,78.010629335,Other,random,C5H2O,78.010625790,RC2_0018_ICR-1_p08
363.111421793,441.122052129,78.010630335,Other,random,C5H2O,78.010625790,RC2_0018_ICR-1_p08
480.114630868,558.125261203,78.010630335,Other,random,C5H2O,78.010625790,RC2_0018_ICR-1_p08
627.157019028,705.167649364,78.010630335,Other,random,C5H2O,78.010625790,RC2_0018_ICR-1_p08
336.072365837,414.082996173,78.010630335,Other,random,C5H2O,78.010625790,RC2_0018_ICR-1_p08
383.061796609,461.072426945,78.010630335,Other,random,C5H2O,78.010625790,RC2_0018_ICR-1_p08
517.220874214,595.231504550,78.010630335,Other,random,C5H2O,78.010625790,RC2_0018_ICR-1_p08
409.126849042,487.137480377,78.010631335,Other,random,C5H2O,78.010625790,RC2_0018_ICR-1_p08
443.119421897,521.130053232,78.010631335,Other,random,C5H2O,78.010625790,RC2_0018_ICR-1_p08
479.082785670,557.093417005,78.010631335,Other,random,C5H2O,78.010625790,RC2_0018_ICR-1_p08
426.067887780,504.078520116,78.010632335,Other,random,C5H2O,78.010625790,RC2_0018_ICR-1_p08
439.173857084,517.184489419,78.010632335,Other,random,C5H2O,78.010625790,RC2_0018_ICR-1_p08
405.140094460,483.150726795,78.010632335,Other,random,C5H2O,78.010625790,RC2_0018_ICR-1_p08
499.181987649,577.192619985,78.010632335,Other,random,C5H2O,78.010625790,RC2_0018_ICR-1_p08
627.266552412,705.277185748,78.010633335,Other,random,C5H2O,78.010625790,RC2_0018_ICR-1_p08
366.132240807,444.142874142,78.010633335,Other,random,C5H2O,78.010625790,RC2_0018_ICR-1_p08
367.152737068,445.163371404,78.010634335,Other,random,C5H2O,78.010625790,RC2_0018_ICR-1_p08
367.030606755,445.062284972,78.031678217,Other,random,C2H6O3,78.031687350,RC2_0018_ICR-1_p08
387.144773650,465.176451867,78.031678217,Other,random,C2H6O3,78.031687350,RC2_0018_ICR-1_p08
347.113430752,425.145109969,78.031679217,Other,random,C2H6O3,78.031687350,RC2_0018_ICR-1_p08
399.048766712,477.080445930,78.031679217,Other,random,C2H6O3,78.031687350,RC2_0018_ICR-1_p08
655.167955519,733.199635736,78.031680217,Other,random,C2H6O3,78.031687350,RC2_0018_ICR-1_p08
669.110009121,747.141689338,78.031680217,Other,random,C2H6O3,78.031687350,RC2_0018_ICR-1_p08
341.043135886,419.074816103,78.031680217,Other,random,C2H6O3,78.031687350,RC2_0018_ICR-1_p08
423.165949098,501.197629315,78.031680217,Other,random,C2H6O3,78.031687350,RC2_0018_ICR-1_p08
425.173619809,503.205300026,78.031680217,Other,random,C2H6O3,78.031687350,RC2_0018_ICR-1_p08
518.130212101,596.161892318,78.031680217,Other,random,C2H6O3,78.031687350,RC2_0018_ICR-1_p08
456.057428145,534.089108362,78.031680217,Other,random,C2H6O3,78.031687350,RC2_0018_ICR-1_p08
345.025170495,423.056851712,78.031681217,Other,random,C2H6O3,78.031687350,RC2_0018_ICR-1_p08
365.051176886,443.082858103,78.031681217,Other,random,C2H6O3,78.031687350,RC2_0018_ICR-1_p08
361.178668661,439.210349878,78.031681217,Other,random,C2H6O3,78.031687350,RC2_0018_ICR-1_p08
461.108817740,539.140498957,78.031681217,Other,random,C2H6O3,78.031687350,RC2_0018_ICR-1_p08
535.246948851,613.278631068,78.031682217,Other,random,C2H6O3,78.031687350,RC2_0018_ICR-1_p08
583.036994121,661.068676338,78.031682217,Other,random,C2H6O3,78.031687350,RC2_0018_ICR-1_p08
397.105796638,475.137479855,78.031683217,Other,random,C2H6O3,78.031687350,RC2_0018_ICR-1_p08
423.093122508,501.124805725,78.031683217,Other,random,C2H6O3,78.031687350,RC2_0018_ICR-1_p08
433.113898159,511.145581377,78.031683217,Other,random,C2H6O3,78.031687350,RC2_0018_ICR-1_p08
429.082634828,507.114318045,78.031683217,Other,random,C2H6O3,78.031687350,RC2_0018_ICR-1_p08
471.129589392,549.161272609,78.031683217,Other,random,C2H6O3,78.031687350,RC2_0018_ICR-1_p08
397.113852593,475.145537810,78.031685217,Other,random,C2H6O3,78.031687350,RC2_0018_ICR-1_p08
487.210426967,565.242113184,78.031686217,Other,random,C2H6O3,78.031687350,RC2_0018_ICR-1_p08
304.009903129,382.041589346,78.031686217,Other,random,C2H6O3,78.031687350,RC2_0018_ICR-1_p08
449.145128014,527.176814231,78.031686217,Other,random,C2H6O3,78.031687350,RC2_0018_ICR-1_p08
529.207780810,607.239467027,78.031686217,Other,random,C2H6O3,78.031687350,RC2_0018_ICR-1_p08
375.108330333,453.140016550,78.031686217,Other,random,C2H6O3,78.031687350,RC2_0018_ICR-1_p08
379.131628709,457.163315926,78.031687217,Other,random,C2H6O3,78.031687350,RC2_0018_ICR-1_p08
317.139331301,395.171018518,78.031687217,Other,random,C2H6O3,78.031687350,RC2_0018_ICR-1_p08
379.139658664,457.171345881,78.031687217,Other,random,C2H6O3,78.031687350,RC2_0018_ICR-1_p08
361.165589735,439.197276952,78.031687217,Other,random,C2H6O3,78.031687350,RC2_0018_ICR-1_p08
353.079667203,431.111355420,78.031688217,Other,random,C2H6O3,78.031687350,RC2_0018_ICR-1_p08
391.139706186,469.171394403,78.031688217,Other,random,C2H6O3,78.031687350,RC2_0018_ICR-1_p08
461.218098126,539.249786343,78.031688217,Other,random,C2H6O3,78.031687350,RC2_0018_ICR-1_p08
371.113439797,449.145128014,78.031688217,Other,random,C2H6O3,78.031687350,RC2_0018_ICR-1_p08
399.129537258,477.161225475,78.031688217,Other,random,C2H6O3,78.031687350,RC2_0018_ICR-1_p08
315.087322839,393.119012056,78.031689217,Other,random,C2H6O3,78.031687350,RC2_0018_ICR-1_p08
444.057237624,522.088926841,78.031689217,Other,random,C2H6O3,78.031687350,RC2_0018_ICR-1_p08
537.052214700,615.083904917,78.031690217,Other,random,C2H6O3,78.031687350,RC2_0018_ICR-1_p08
597.125382900,675.157073117,78.031690217,Other,random,C2H6O3,78.031687350,RC2_0018_ICR-1_p08
449.181429810,527.213120027,78.031690217,Other,random,C2H6O3,78.031687350,RC2_0018_ICR-1_p08
386.064741723,464.096432940,78.031691217,Other,random,C2H6O3,78.031687350,RC2_0018_ICR-1_p08
527.168762276,605.200453493,78.031691217,Other,random,C2H6O3,78.031687350,RC2_0018_ICR-1_p08
345.061430291,423.093122508,78.031692217,Other,random,C2H6O3,78.031687350,RC2_0018_ICR-1_p08
517.207822288,595.239514505,78.031692217,Other,random,C2H6O3,78.031687350,RC2_0018_ICR-1_p08
333.110905490,411.142598707,78.031693217,Other,random,C2H6O3,78.031687350,RC2_0018_ICR-1_p08
363.035617219,441.067310436,78.031693217,Other,random,C2H6O3,78.031687350,RC2_0018_ICR-1_p08
505.098740379,583.130433596,78.031693217,Other,random,C2H6O3,78.031687350,RC2_0018_ICR-1_p08
565.221141302,643.252834519,78.031693217,Other,random,C2H6O3,78.031687350,RC2_0018_ICR-1_p08
339.181268356,417.212962573,78.031694217,Other,random,C2H6O3,78.031687350,RC2_0018_ICR-1_p08
371.107915828,449.139610045,78.031694217,Other,random,C2H6O3,78.031687350,RC2_0018_ICR-1_p08
345.055881322,423.087576539,78.031695217,Other,random,C2H6O3,78.031687350,RC2_0018_ICR-1_p08
488.083442058,566.115138275,78.031696217,Other,random,C2H6O3,78.031687350,RC2_0018_ICR-1_p08
443.183969534,521.215665751,78.031696217,Other,random,C2H6O3,78.031687350,RC2_0018_ICR-1_p08
486.104004189,564.135701406,78.031697217,Other,random,C2H6O3,78.031687350,RC2_0018_ICR-1_p08
493.135089652,571.166786869,78.031697217,Other,random,C2H6O3,78.031687350,RC2_0018_ICR-1_p08
395.207272314,473.238969531,78.031697217,Other,random,C2H6O3,78.031687350,RC2_0018_ICR-1_p08
403.175981505,481.207678722,78.031697217,Other,random,C2H6O3,78.031687350,RC2_0018_ICR-1_p08
507.163678767,585.198048969,78.034370202,Other,random,C5H4N1,78.034374000,RC2_0018_ICR-1_p08
475.064740264,553.099115466,78.034375202,Other,random,C5H4N1,78.034374000,RC2_0018_ICR-1_p08
577.205652912,655.240030114,78.034377202,Other,random,C5H4N1,78.034374000,RC2_0018_ICR-1_p08
711.251578153,789.333577087,78.081998934,Other,random,C5H8N3O_2,78.081992000,RC2_0018_ICR-1_p08
393.132103983,472.081086042,78.948982059,Other,random,H_1O3S1,78.948992000,RC2_0018_ICR-1_p08
377.137126925,456.086122983,78.948996059,Other,random,H_1O3S1,78.948992000,RC2_0018_ICR-1_p08
417.095571233,496.044567292,78.948996059,Other,random,H_1O3S1,78.948992000,RC2_0018_ICR-1_p08
335.163048951,414.112048010,78.948999059,Other,random,H_1O3S1,78.948992000,RC2_0018_ICR-1_p08
317.116081431,396.065081490,78.949000059,Other,random,H_1O3S1,78.948992000,RC2_0018_ICR-1_p08
327.100399288,406.049399347,78.949000059,Other,random,H_1O3S1,78.948992000,RC2_0018_ICR-1_p08
460.124953273,539.083452278,78.958499005,Other,random,O3P1,78.958508000,RC2_0018_ICR-1_p08
612.229876966,691.188377971,78.958501005,Other,random,O3P1,78.958508000,RC2_0018_ICR-1_p08
414.116958982,493.075460987,78.958502005,Other,random,O3P1,78.958508000,RC2_0018_ICR-1_p08
396.142676054,475.101180059,78.958504005,Other,random,O3P1,78.958508000,RC2_0018_ICR-1_p08
548.271253614,627.229757619,78.958504005,Other,random,O3P1,78.958508000,RC2_0018_ICR-1_p08
590.209560789,669.168066794,78.958506005,Other,random,O3P1,78.958508000,RC2_0018_ICR-1_p08
506.130484577,585.088993582,78.958509005,Other,random,O3P1,78.958508000,RC2_0018_ICR-1_p08
488.156299648,567.114809654,78.958510005,Other,random,O3P1,78.958508000,RC2_0018_ICR-1_p08
546.182832357,625.141348363,78.958516005,Other,random,O3P1,78.958508000,RC2_0018_ICR-1_p08
411.056826189,490.099018724,79.042192535,Other,random,C5H5N1,79.042199000,RC2_0018_ICR-1_p08
573.146263738,652.188460273,79.042196535,Other,random,C5H5N1,79.042199000,RC2_0018_ICR-1_p08
369.046235421,448.088431956,79.042196535,Other,random,C5H5N1,79.042199000,RC2_0018_ICR-1_p08
267.064044881,346.106242416,79.042197535,Other,random,C5H5N1,79.042199000,RC2_0018_ICR-1_p08
341.014982044,420.057181579,79.042199535,Other,random,C5H5N1,79.042199000,RC2_0018_ICR-1_p08
451.051605293,530.093806828,79.042201535,Other,random,C5H5N1,79.042199000,RC2_0018_ICR-1_p08
363.048707146,442.090909681,79.042202535,Other,random,C5H5N1,79.042199000,RC2_0018_ICR-1_p08
425.072339378,504.114541913,79.042202535,Other,random,C5H5N1,79.042199000,RC2_0018_ICR-1_p08
327.035729652,406.077932186,79.042202535,Other,random,C5H5N1,79.042199000,RC2_0018_ICR-1_p08
407.061800654,486.104004189,79.042203535,Other,random,C5H5N1,79.042199000,RC2_0018_ICR-1_p08
465.067479480,544.109683015,79.042203535,Other,random,C5H5N1,79.042199000,RC2_0018_ICR-1_p08
584.096969161,663.139177696,79.042208535,Other,random,C5H5N1,79.042199000,RC2_0018_ICR-1_p08
379.139658664,459.096466056,79.956807392,Other,random,sulfate (-H2O),79.956815720,RC2_0018_ICR-1_p08
379.139658664,459.096466056,79.956807392,Other,random,O3S1,79.956817000,RC2_0018_ICR-1_p08
257.139457688,337.105781026,79.966323338,Other,random,phosphate,79.966332360,RC2_0018_ICR-1_p08
359.186326864,439.152651203,79.966324338,Other,random,phosphate,79.966332360,RC2_0018_ICR-1_p08
269.103165415,349.069490753,79.966325338,Other,random,phosphate,79.966332360,RC2_0018_ICR-1_p08
279.123820067,359.090145405,79.966325338,Other,random,phosphate,79.966332360,RC2_0018_ICR-1_p08
310.129613717,390.095942055,79.966328338,Other,random,phosphate,79.966332360,RC2_0018_ICR-1_p08
291.087506794,371.053836132,79.966329338,Other,random,phosphate,79.966332360,RC2_0018_ICR-1_p08
307.118651648,387.084980986,79.966329338,Other,random,phosphate,79.966332360,RC2_0018_ICR-1_p08
299.113643661,379.079975000,79.966331338,Other,random,phosphate,79.966332360,RC2_0018_ICR-1_p08
323.113527707,403.079860045,79.966332338,Other,random,phosphate,79.966332360,RC2_0018_ICR-1_p08
283.118813603,363.085145941,79.966332338,Other,random,phosphate,79.966332360,RC2_0018_ICR-1_p08
293.103072460,373.069405798,79.966333338,Other,random,phosphate,79.966332360,RC2_0018_ICR-1_p08
350.124471821,430.090805159,79.966333338,Other,random,phosphate,79.966332360,RC2_0018_ICR-1_p08
379.066939073,459.033272411,79.966333338,Other,random,phosphate,79.966332360,RC2_0018_ICR-1_p08
429.249243891,509.215577229,79.966333338,Other,random,phosphate,79.966332360,RC2_0018_ICR-1_p08
355.212632209,435.178966547,79.966334338,Other,random,phosphate,79.966332360,RC2_0018_ICR-1_p08
267.160218340,347.126554678,79.966336338,Other,random,phosphate,79.966332360,RC2_0018_ICR-1_p08
347.077144956,427.043483294,79.966338338,Other,random,phosphate,79.966332360,RC2_0018_ICR-1_p08
253.108223356,333.074561695,79.966338338,Other,random,phosphate,79.966332360,RC2_0018_ICR-1_p08
275.056210940,355.022549278,79.966338338,Other,random,phosphate,79.966332360,RC2_0018_ICR-1_p08
348.145192950,428.111533288,79.966340338,Other,random,phosphate,79.966332360,RC2_0018_ICR-1_p08
307.155049444,387.121390782,79.966341338,Other,random,phosphate,79.966332360,RC2_0018_ICR-1_p08
283.082364808,363.048707146,79.966342338,Other,random,phosphate,79.966332360,RC2_0018_ICR-1_p08
340.103690169,420.070032507,79.966342338,Other,random,phosphate,79.966332360,RC2_0018_ICR-1_p08
427.197336429,507.163678767,79.966342338,Other,random,phosphate,79.966332360,RC2_0018_ICR-1_p08
421.223101023,501.189443361,79.966342338,Other,random,phosphate,79.966332360,RC2_0018_ICR-1_p08
257.139457688,337.105781026,79.966323338,Other,random,H1O3P1,79.966333000,RC2_0018_ICR-1_p08
359.186326864,439.152651203,79.966324338,Other,random,H1O3P1,79.966333000,RC2_0018_ICR-1_p08
269.103165415,349.069490753,79.966325338,Other,random,H1O3P1,79.966333000,RC2_0018_ICR-1_p08
279.123820067,359.090145405,79.966325338,Other,random,H1O3P1,79.966333000,RC2_0018_ICR-1_p08
310.129613717,390.095942055,79.966328338,Other,random,H1O3P1,79.966333000,RC2_0018_ICR-1_p08
291.087506794,371.053836132,79.966329338,Other,random,H1O3P1,79.966333000,RC2_0018_ICR-1_p08
307.118651648,387.084980986,79.966329338,Other,random,H1O3P1,79.966333000,RC2_0018_ICR-1_p08
299.113643661,379.079975000,79.966331338,Other,random,H1O3P1,79.966333000,RC2_0018_ICR-1_p08
323.113527707,403.079860045,79.966332338,Other,random,H1O3P1,79.966333000,RC2_0018_ICR-1_p08
283.118813603,363.085145941,79.966332338,Other,random,H1O3P1,79.966333000,RC2_0018_ICR-1_p08
293.103072460,373.069405798,79.966333338,Other,random,H1O3P1,79.966333000,RC2_0018_ICR-1_p08
350.124471821,430.090805159,79.966333338,Other,random,H1O3P1,79.966333000,RC2_0018_ICR-1_p08
379.066939073,459.033272411,79.966333338,Other,random,H1O3P1,79.966333000,RC2_0018_ICR-1_p08
429.249243891,509.215577229,79.966333338,Other,random,H1O3P1,79.966333000,RC2_0018_ICR-1_p08
355.212632209,435.178966547,79.966334338,Other,random,H1O3P1,79.966333000,RC2_0018_ICR-1_p08
267.160218340,347.126554678,79.966336338,Other,random,H1O3P1,79.966333000,RC2_0018_ICR-1_p08
347.077144956,427.043483294,79.966338338,Other,random,H1O3P1,79.966333000,RC2_0018_ICR-1_p08
253.108223356,333.074561695,79.966338338,Other,random,H1O3P1,79.966333000,RC2_0018_ICR-1_p08
275.056210940,355.022549278,79.966338338,Other,random,H1O3P1,79.966333000,RC2_0018_ICR-1_p08
348.145192950,428.111533288,79.966340338,Other,random,H1O3P1,79.966333000,RC2_0018_ICR-1_p08
307.155049444,387.121390782,79.966341338,Other,random,H1O3P1,79.966333000,RC2_0018_ICR-1_p08
283.082364808,363.048707146,79.966342338,Other,random,H1O3P1,79.966333000,RC2_0018_ICR-1_p08
340.103690169,420.070032507,79.966342338,Other,random,H1O3P1,79.966333000,RC2_0018_ICR-1_p08
427.197336429,507.163678767,79.966342338,Other,random,H1O3P1,79.966333000,RC2_0018_ICR-1_p08
421.223101023,501.189443361,79.966342338,Other,random,H1O3P1,79.966333000,RC2_0018_ICR-1_p08
317.066613709,397.069323843,80.002710134,Other,random,C1H5O2P1,80.002718000,RC2_0018_ICR-1_p08
296.077618733,376.080328867,80.002710134,Other,random,C1H5O2P1,80.002718000,RC2_0018_ICR-1_p08
275.128948531,355.131661664,80.002713134,Other,random,C1H5O2P1,80.002718000,RC2_0018_ICR-1_p08
292.082762197,372.085476331,80.002714134,Other,random,C1H5O2P1,80.002718000,RC2_0018_ICR-1_p08
293.066690664,373.069405798,80.002715134,Other,random,C1H5O2P1,80.002718000,RC2_0018_ICR-1_p08
371.207456268,451.210171402,80.002715134,Other,random,C1H5O2P1,80.002718000,RC2_0018_ICR-1_p08
387.129489736,467.132204870,80.002715134,Other,random,C1H5O2P1,80.002718000,RC2_0018_ICR-1_p08
315.123807634,395.126523768,80.002716134,Other,random,C1H5O2P1,80.002718000,RC2_0018_ICR-1_p08
329.124132908,409.126849042,80.002716134,Other,random,C1H5O2P1,80.002718000,RC2_0018_ICR-1_p08
392.098594794,472.101310928,80.002716134,Other,random,C1H5O2P1,80.002718000,RC2_0018_ICR-1_p08
393.119012056,473.121728190,80.002716134,Other,random,C1H5O2P1,80.002718000,RC2_0018_ICR-1_p08
355.103325824,435.106045957,80.002720134,Other,random,C1H5O2P1,80.002718000,RC2_0018_ICR-1_p08
359.134577155,439.137297289,80.002720134,Other,random,C1H5O2P1,80.002718000,RC2_0018_ICR-1_p08
285.061651678,365.064373811,80.002722134,Other,random,C1H5O2P1,80.002718000,RC2_0018_ICR-1_p08
287.113680139,367.116402273,80.002722134,Other,random,C1H5O2P1,80.002718000,RC2_0018_ICR-1_p08
279.051098476,359.053821610,80.002723134,Other,random,C1H5O2P1,80.002718000,RC2_0018_ICR-1_p08
313.092795055,393.095518188,80.002723134,Other,random,C1H5O2P1,80.002718000,RC2_0018_ICR-1_p08
339.181268356,419.183991489,80.002723134,Other,random,C1H5O2P1,80.002718000,RC2_0018_ICR-1_p08
266.103518282,346.106242416,80.002724134,Other,random,C1H5O2P1,80.002718000,RC2_0018_ICR-1_p08
261.134428224,341.137152357,80.002724134,Other,random,C1H5O2P1,80.002718000,RC2_0018_ICR-1_p08
267.123830545,347.126554678,80.002724134,Other,random,C1H5O2P1,80.002718000,RC2_0018_ICR-1_p08
407.171062040,487.173788173,80.002726134,Other,random,C1H5O2P1,80.002718000,RC2_0018_ICR-1_p08
293.139452255,373.142179389,80.002727134,Other,random,C1H5O2P1,80.002718000,RC2_0018_ICR-1_p08
471.259694660,551.278285705,80.018591044,Other,random,NA_5,80.018599600,RC2_0018_ICR-1_p08
461.166044418,541.184646463,80.018602044,Other,random,NA_5,80.018599600,RC2_0018_ICR-1_p08
543.135651492,623.154255536,80.018604044,Other,random,NA_5,80.018599600,RC2_0018_ICR-1_p08
361.032979480,441.059184482,80.026205002,Other,random,C5H4O1,80.026215000,RC2_0018_ICR-1_p08
385.163312792,465.189517794,80.026205002,Other,random,C5H4O1,80.026215000,RC2_0018_ICR-1_p08
413.194608168,493.220813170,80.026205002,Other,random,C5H4O1,80.026215000,RC2_0018_ICR-1_p08
433.150265955,513.176471957,80.026206002,Other,random,C5H4O1,80.026215000,RC2_0018_ICR-1_p08
393.046246465,473.072452467,80.026206002,Other,random,C5H4O1,80.026215000,RC2_0018_ICR-1_p08
583.057967003,663.084173005,80.026206002,Other,random,C5H4O1,80.026215000,RC2_0018_ICR-1_p08
663.265880983,743.292086985,80.026206002,Other,random,C5H4O1,80.026215000,RC2_0018_ICR-1_p08
365.118477507,445.144684509,80.026207002,Other,random,C5H4O1,80.026215000,RC2_0018_ICR-1_p08
579.063062467,659.089270469,80.026208002,Other,random,C5H4O1,80.026215000,RC2_0018_ICR-1_p08
385.142215911,465.168424912,80.026209002,Other,random,C5H4O1,80.026215000,RC2_0018_ICR-1_p08
443.025247427,523.051456428,80.026209002,Other,random,C5H4O1,80.026215000,RC2_0018_ICR-1_p08
321.134254837,401.160463838,80.026209002,Other,random,C5H4O1,80.026215000,RC2_0018_ICR-1_p08
357.118880490,437.145089492,80.026209002,Other,random,C5H4O1,80.026215000,RC2_0018_ICR-1_p08
391.030533800,471.056742802,80.026209002,Other,random,C5H4O1,80.026215000,RC2_0018_ICR-1_p08
411.129514781,491.155723782,80.026209002,Other,random,C5H4O1,80.026215000,RC2_0018_ICR-1_p08
365.045625917,445.071835918,80.026210002,Other,random,C5H4O1,80.026215000,RC2_0018_ICR-1_p08
393.095518188,473.121728190,80.026210002,Other,random,C5H4O1,80.026215000,RC2_0018_ICR-1_p08
312.072382793,392.098594794,80.026212002,Other,random,C5H4O1,80.026215000,RC2_0018_ICR-1_p08
431.111355420,511.137567422,80.026212002,Other,random,C5H4O1,80.026215000,RC2_0018_ICR-1_p08
359.040778683,439.066991684,80.026213002,Other,random,C5H4O1,80.026215000,RC2_0018_ICR-1_p08
397.113852593,477.140065594,80.026213002,Other,random,C5H4O1,80.026215000,RC2_0018_ICR-1_p08
441.067310436,521.093523438,80.026213002,Other,random,C5H4O1,80.026215000,RC2_0018_ICR-1_p08
529.148295145,609.174508146,80.026213002,Other,random,C5H4O1,80.026215000,RC2_0018_ICR-1_p08
567.099117742,647.125330744,80.026213002,Other,random,C5H4O1,80.026215000,RC2_0018_ICR-1_p08
367.066843551,447.093056553,80.026213002,Other,random,C5H4O1,80.026215000,RC2_0018_ICR-1_p08
337.020022509,417.046235510,80.026213002,Other,random,C5H4O1,80.026215000,RC2_0018_ICR-1_p08
401.145151924,481.171365926,80.026214002,Other,random,C5H4O1,80.026215000,RC2_0018_ICR-1_p08
285.126192315,365.152406316,80.026214002,Other,random,C5H4O1,80.026215000,RC2_0018_ICR-1_p08
519.114314567,599.140528569,80.026214002,Other,random,C5H4O1,80.026215000,RC2_0018_ICR-1_p08
545.215958794,625.242172796,80.026214002,Other,random,C5H4O1,80.026215000,RC2_0018_ICR-1_p08
475.155090756,555.181305758,80.026215002,Other,random,C5H4O1,80.026215000,RC2_0018_ICR-1_p08
613.177600636,693.203815638,80.026215002,Other,random,C5H4O1,80.026215000,RC2_0018_ICR-1_p08
351.194251805,431.220466807,80.026215002,Other,random,C5H4O1,80.026215000,RC2_0018_ICR-1_p08
425.158298895,505.184513896,80.026215002,Other,random,C5H4O1,80.026215000,RC2_0018_ICR-1_p08
431.098258494,511.124473495,80.026215002,Other,random,C5H4O1,80.026215000,RC2_0018_ICR-1_p08
503.046527919,583.072742920,80.026215002,Other,random,C5H4O1,80.026215000,RC2_0018_ICR-1_p08
366.082986084,446.109202085,80.026216002,Other,random,C5H4O1,80.026215000,RC2_0018_ICR-1_p08
419.165397594,499.191613595,80.026216002,Other,random,C5H4O1,80.026215000,RC2_0018_ICR-1_p08
553.265376531,633.291592533,80.026216002,Other,random,C5H4O1,80.026215000,RC2_0018_ICR-1_p08
697.126529580,777.152745581,80.026216002,Other,random,C5H4O1,80.026215000,RC2_0018_ICR-1_p08
313.092795055,393.119012056,80.026217002,Other,random,C5H4O1,80.026215000,RC2_0018_ICR-1_p08
609.218999896,689.245216898,80.026217002,Other,random,C5H4O1,80.026215000,RC2_0018_ICR-1_p08
312.108791588,392.135009589,80.026218001,Other,random,C5H4O1,80.026215000,RC2_0018_ICR-1_p08
339.144749561,419.170967563,80.026218001,Other,random,C5H4O1,80.026215000,RC2_0018_ICR-1_p08
391.079897522,471.106115524,80.026218001,Other,random,C5H4O1,80.026215000,RC2_0018_ICR-1_p08
407.111262376,487.137480377,80.026218001,Other,random,C5H4O1,80.026215000,RC2_0018_ICR-1_p08
417.059259437,497.085478438,80.026219001,Other,random,C5H4O1,80.026215000,RC2_0018_ICR-1_p08
395.061853131,475.088072133,80.026219001,Other,random,C5H4O1,80.026215000,RC2_0018_ICR-1_p08
451.051605293,531.077824295,80.026219001,Other,random,C5H4O1,80.026215000,RC2_0018_ICR-1_p08
465.067479480,545.093698482,80.026219001,Other,random,C5H4O1,80.026215000,RC2_0018_ICR-1_p08
310.129613717,390.155833719,80.026220001,Other,random,C5H4O1,80.026215000,RC2_0018_ICR-1_p08
605.078715178,685.104936179,80.026221001,Other,random,C5H4O1,80.026215000,RC2_0018_ICR-1_p08
407.134489245,487.160710247,80.026221001,Other,random,C5H4O1,80.026215000,RC2_0018_ICR-1_p08
609.073514714,689.099735716,80.026221001,Other,random,C5H4O1,80.026215000,RC2_0018_ICR-1_p08
753.298037720,833.324258721,80.026221001,Other,random,C5H4O1,80.026215000,RC2_0018_ICR-1_p08
557.151237680,637.177458682,80.026221001,Other,random,C5H4O1,80.026215000,RC2_0018_ICR-1_p08
503.140690389,583.166912391,80.026222001,Other,random,C5H4O1,80.026215000,RC2_0018_ICR-1_p08
557.224130270,637.250352272,80.026222001,Other,random,C5H4O1,80.026215000,RC2_0018_ICR-1_p08
365.137149402,445.163371404,80.026222001,Other,random,C5H4O1,80.026215000,RC2_0018_ICR-1_p08
373.069405798,453.095627799,80.026222001,Other,random,C5H4O1,80.026215000,RC2_0018_ICR-1_p08
405.155323374,485.181546376,80.026223001,Other,random,C5H4O1,80.026215000,RC2_0018_ICR-1_p08
280.046341880,360.072564881,80.026223001,Other,random,C5H4O1,80.026215000,RC2_0018_ICR-1_p08
343.095244347,423.121467348,80.026223001,Other,random,C5H4O1,80.026215000,RC2_0018_ICR-1_p08
403.189022431,483.215245433,80.026223001,Other,random,C5H4O1,80.026215000,RC2_0018_ICR-1_p08
435.093034031,515.119257032,80.026223001,Other,random,C5H4O1,80.026215000,RC2_0018_ICR-1_p08
473.194808779,553.221032780,80.026224001,Other,random,C5H4O1,80.026215000,RC2_0018_ICR-1_p08
627.229757619,707.255981621,80.026224001,Other,random,C5H4O1,80.026215000,RC2_0018_ICR-1_p08
707.183544028,787.209768029,80.026224001,Other,random,C5H4O1,80.026215000,RC2_0018_ICR-1_p08
421.199858154,501.226082155,80.026224001,Other,random,C5H4O1,80.026215000,RC2_0018_ICR-1_p08
475.109254014,555.171844811,80.062590797,Other,random,C6H8,80.062600000,RC2_0018_ICR-1_p08
365.087650681,445.150241477,80.062590797,Other,random,C6H8,80.062600000,RC2_0018_ICR-1_p08
345.038086422,425.100678219,80.062591797,Other,random,C6H8,80.062600000,RC2_0018_ICR-1_p08
324.072401315,404.134993112,80.062591797,Other,random,C6H8,80.062600000,RC2_0018_ICR-1_p08
403.066921118,483.129512915,80.062591797,Other,random,C6H8,80.062600000,RC2_0018_ICR-1_p08
461.093670825,541.156262622,80.062591797,Other,random,C6H8,80.062600000,RC2_0018_ICR-1_p08
409.186475707,489.249068504,80.062592797,Other,random,C6H8,80.062600000,RC2_0018_ICR-1_p08
519.041645976,599.104238773,80.062592797,Other,random,C6H8,80.062600000,RC2_0018_ICR-1_p08
353.100663085,433.163257882,80.062594797,Other,random,C6H8,80.062600000,RC2_0018_ICR-1_p08
373.077421753,453.140016550,80.062594797,Other,random,C6H8,80.062600000,RC2_0018_ICR-1_p08
537.088750495,617.151345291,80.062594797,Other,random,C6H8,80.062600000,RC2_0018_ICR-1_p08
591.062990990,671.125586787,80.062595797,Other,random,C6H8,80.062600000,RC2_0018_ICR-1_p08
383.025376814,463.087972611,80.062595797,Other,random,C6H8,80.062600000,RC2_0018_ICR-1_p08
415.051698726,495.114294523,80.062595797,Other,random,C6H8,80.062600000,RC2_0018_ICR-1_p08
385.150271866,465.212867663,80.062595797,Other,random,C6H8,80.062600000,RC2_0018_ICR-1_p08
583.239792981,663.302389778,80.062596797,Other,random,C6H8,80.062600000,RC2_0018_ICR-1_p08
426.067887780,506.130484577,80.062596797,Other,random,C6H8,80.062600000,RC2_0018_ICR-1_p08
538.083938898,618.146536695,80.062597797,Other,random,C6H8,80.062600000,RC2_0018_ICR-1_p08
349.069490753,429.132088550,80.062597797,Other,random,C6H8,80.062600000,RC2_0018_ICR-1_p08
481.135085130,561.197682927,80.062597797,Other,random,C6H8,80.062600000,RC2_0018_ICR-1_p08
553.192797939,633.255395736,80.062597797,Other,random,C6H8,80.062600000,RC2_0018_ICR-1_p08
403.051699203,483.114298000,80.062598797,Other,random,C6H8,80.062600000,RC2_0018_ICR-1_p08
509.143202636,589.205801433,80.062598797,Other,random,C6H8,80.062600000,RC2_0018_ICR-1_p08
361.069333276,441.131933073,80.062599797,Other,random,C6H8,80.062600000,RC2_0018_ICR-1_p08
627.229757619,707.292358416,80.062600797,Other,random,C6H8,80.062600000,RC2_0018_ICR-1_p08
401.137058970,481.199660767,80.062601797,Other,random,C6H8,80.062600000,RC2_0018_ICR-1_p08
435.087517062,515.150119858,80.062602797,Other,random,C6H8,80.062600000,RC2_0018_ICR-1_p08
383.147482128,463.210085924,80.062603797,Other,random,C6H8,80.062600000,RC2_0018_ICR-1_p08
401.072481333,481.135085130,80.062603797,Other,random,C6H8,80.062600000,RC2_0018_ICR-1_p08
409.150265910,489.212869707,80.062603797,Other,random,C6H8,80.062600000,RC2_0018_ICR-1_p08
527.132596479,607.195200276,80.062603797,Other,random,C6H8,80.062600000,RC2_0018_ICR-1_p08
321.097860041,401.160463838,80.062603797,Other,random,C6H8,80.062600000,RC2_0018_ICR-1_p08
414.112048010,494.174651806,80.062603797,Other,random,C6H8,80.062600000,RC2_0018_ICR-1_p08
419.038470308,499.101074104,80.062603797,Other,random,C6H8,80.062600000,RC2_0018_ICR-1_p08
423.056851712,503.119455509,80.062603797,Other,random,C6H8,80.062600000,RC2_0018_ICR-1_p08
483.041557409,563.104163206,80.062605797,Other,random,C6H8,80.062600000,RC2_0018_ICR-1_p08
503.067827799,583.130433596,80.062605797,Other,random,C6H8,80.062600000,RC2_0018_ICR-1_p08
406.041398392,486.104004189,80.062605797,Other,random,C6H8,80.062600000,RC2_0018_ICR-1_p08
331.131665620,411.194271417,80.062605797,Other,random,C6H8,80.062600000,RC2_0018_ICR-1_p08
511.137567422,591.200174218,80.062606797,Other,random,C6H8,80.062600000,RC2_0018_ICR-1_p08
383.170868996,463.233475793,80.062606797,Other,random,C6H8,80.062600000,RC2_0018_ICR-1_p08
537.125086290,617.187693087,80.062606797,Other,random,C6H8,80.062600000,RC2_0018_ICR-1_p08
627.193373824,707.255981621,80.062607797,Other,random,C6H8,80.062600000,RC2_0018_ICR-1_p08
341.124159431,421.186767227,80.062607797,Other,random,C6H8,80.062600000,RC2_0018_ICR-1_p08
389.027798062,469.090405859,80.062607797,Other,random,C6H8,80.062600000,RC2_0018_ICR-1_p08
407.134489245,487.197097042,80.062607797,Other,random,C6H8,80.062600000,RC2_0018_ICR-1_p08
413.136943493,493.199551290,80.062607797,Other,random,C6H8,80.062600000,RC2_0018_ICR-1_p08
351.085128419,431.147737215,80.062608797,Other,random,C6H8,80.062600000,RC2_0018_ICR-1_p08
275.150023412,355.212632209,80.062608797,Other,random,C6H8,80.062600000,RC2_0018_ICR-1_p08
355.103325824,435.165934621,80.062608797,Other,random,C6H8,80.062600000,RC2_0018_ICR-1_p08
403.124415795,483.187024591,80.062608797,Other,random,C6H8,80.062600000,RC2_0018_ICR-1_p08
320.041097984,400.103707780,80.062609797,Other,random,C6H8,80.062600000,RC2_0018_ICR-1_p08
643.188527881,723.251137678,80.062609797,Other,random,C6H8,80.062600000,RC2_0018_ICR-1_p08
681.204212113,761.266821910,80.062609797,Other,random,C6H8,80.062600000,RC2_0018_ICR-1_p08
461.129741623,542.094374347,80.964632725,Other,random,H1O3S1,80.964642000,RC2_0018_ICR-1_p08
321.147396763,402.112035487,80.964638725,Other,random,H1O3S1,80.964642000,RC2_0018_ICR-1_p08
431.111355420,512.076004145,80.964648725,Other,random,H1O3S1,80.964642000,RC2_0018_ICR-1_p08
387.175585477,468.164043068,80.988457591,Other,random,H3N1O2S1,80.988451000,RC2_0018_ICR-1_p08
389.014903134,470.072745335,81.057842201,Other,random,C5H7N1,81.057849000,RC2_0018_ICR-1_p08
353.051318362,434.109160563,81.057842201,Other,random,C5H7N1,81.057849000,RC2_0018_ICR-1_p08
499.145616854,580.203461055,81.057844201,Other,random,C5H7N1,81.057849000,RC2_0018_ICR-1_p08
393.059256392,474.117101593,81.057845201,Other,random,C5H7N1,81.057849000,RC2_0018_ICR-1_p08
351.085128419,432.142973619,81.057845201,Other,random,C5H7N1,81.057849000,RC2_0018_ICR-1_p08
325.020085986,406.077932186,81.057846201,Other,random,C5H7N1,81.057849000,RC2_0018_ICR-1_p08
495.041495932,576.099342133,81.057846201,Other,random,C5H7N1,81.057849000,RC2_0018_ICR-1_p08
397.113852593,478.171700793,81.057848200,Other,random,C5H7N1,81.057849000,RC2_0018_ICR-1_p08
279.014714681,360.072564881,81.057850200,Other,random,C5H7N1,81.057849000,RC2_0018_ICR-1_p08
455.046568829,536.104419030,81.057850200,Other,random,C5H7N1,81.057849000,RC2_0018_ICR-1_p08
369.046235421,450.104088621,81.057853200,Other,random,C5H7N1,81.057849000,RC2_0018_ICR-1_p08
399.056774667,480.114630868,81.057856200,Other,random,C5H7N1,81.057849000,RC2_0018_ICR-1_p08
323.040768116,404.134993112,81.094224996,Other,random,C6H11O_1N1,81.094234000,RC2_0018_ICR-1_p08
347.053710088,428.147935084,81.094224996,Other,random,C6H11O_1N1,81.094234000,RC2_0018_ICR-1_p08
539.068004365,620.162233361,81.094228996,Other,random,C6H11O_1N1,81.094234000,RC2_0018_ICR-1_p08
393.046246465,474.140476461,81.094229996,Other,random,C6H11O_1N1,81.094234000,RC2_0018_ICR-1_p08
231.051120386,312.145353382,81.094232996,Other,random,C6H11O_1N1,81.094234000,RC2_0018_ICR-1_p08
419.025405381,500.119645377,81.094239996,Other,random,C6H11O_1N1,81.094234000,RC2_0018_ICR-1_p08
521.231295663,603.203767721,81.972472057,Other,random,H2O3S1,81.972467000,RC2_0018_ICR-1_p08
549.234280199,631.239751070,82.005470872,Other,random,C4H2O2,82.005480000,RC2_0018_ICR-1_p08
339.072047970,421.077519842,82.005471872,Other,random,C4H2O2,82.005480000,RC2_0018_ICR-1_p08
439.088051566,521.093523438,82.005471872,Other,random,C4H2O2,82.005480000,RC2_0018_ICR-1_p08
423.215235821,505.220708693,82.005472872,Other,random,C4H2O2,82.005480000,RC2_0018_ICR-1_p08
411.178869503,493.184342375,82.005472872,Other,random,C4H2O2,82.005480000,RC2_0018_ICR-1_p08
535.182220215,617.187693087,82.005472872,Other,random,C4H2O2,82.005480000,RC2_0018_ICR-1_p08
285.170673065,367.176146937,82.005473872,Other,random,C4H2O2,82.005480000,RC2_0018_ICR-1_p08
371.061839087,453.067312959,82.005473872,Other,random,C4H2O2,82.005480000,RC2_0018_ICR-1_p08
491.046474397,573.051948268,82.005473872,Other,random,C4H2O2,82.005480000,RC2_0018_ICR-1_p08
411.215338298,493.220813170,82.005474872,Other,random,C4H2O2,82.005480000,RC2_0018_ICR-1_p08
591.099457785,673.104932657,82.005474872,Other,random,C4H2O2,82.005480000,RC2_0018_ICR-1_p08
509.239208096,591.244682968,82.005474872,Other,random,C4H2O2,82.005480000,RC2_0018_ICR-1_p08
375.035555742,457.041030614,82.005474872,Other,random,C4H2O2,82.005480000,RC2_0018_ICR-1_p08
611.198340766,693.203815638,82.005474872,Other,random,C4H2O2,82.005480000,RC2_0018_ICR-1_p08
627.229757619,709.235232491,82.005474872,Other,random,C4H2O2,82.005480000,RC2_0018_ICR-1_p08
321.134254837,403.139730708,82.005475872,Other,random,C4H2O2,82.005480000,RC2_0018_ICR-1_p08
323.040768116,405.046243988,82.005475872,Other,random,C4H2O2,82.005480000,RC2_0018_ICR-1_p08
341.087646636,423.093122508,82.005475872,Other,random,C4H2O2,82.005480000,RC2_0018_ICR-1_p08
357.046121899,439.051597771,82.005475872,Other,random,C4H2O2,82.005480000,RC2_0018_ICR-1_p08
360.036101086,442.041576958,82.005475872,Other,random,C4H2O2,82.005480000,RC2_0018_ICR-1_p08
497.130112187,579.135588059,82.005475872,Other,random,C4H2O2,82.005480000,RC2_0018_ICR-1_p08
567.244964922,649.250440794,82.005475872,Other,random,C4H2O2,82.005480000,RC2_0018_ICR-1_p08
392.098594794,474.104071666,82.005476872,Other,random,C4H2O2,82.005480000,RC2_0018_ICR-1_p08
405.132003506,487.137480377,82.005476872,Other,random,C4H2O2,82.005480000,RC2_0018_ICR-1_p08
565.119853872,647.125330744,82.005476872,Other,random,C4H2O2,82.005480000,RC2_0018_ICR-1_p08
509.179559432,591.185037304,82.005477872,Other,random,C4H2O2,82.005480000,RC2_0018_ICR-1_p08
397.077307798,479.082785670,82.005477872,Other,random,C4H2O2,82.005480000,RC2_0018_ICR-1_p08
415.051698726,497.057176598,82.005477872,Other,random,C4H2O2,82.005480000,RC2_0018_ICR-1_p08
319.067003461,401.072481333,82.005477872,Other,random,C4H2O2,82.005480000,RC2_0018_ICR-1_p08
352.103682691,434.109160563,82.005477872,Other,random,C4H2O2,82.005480000,RC2_0018_ICR-1_p08
671.219787257,753.225265129,82.005477872,Other,random,C4H2O2,82.005480000,RC2_0018_ICR-1_p08
631.276119866,713.281598738,82.005478872,Other,random,C4H2O2,82.005480000,RC2_0018_ICR-1_p08
350.124471821,432.129950692,82.005478872,Other,random,C4H2O2,82.005480000,RC2_0018_ICR-1_p08
375.102827364,457.108306236,82.005478872,Other,random,C4H2O2,82.005480000,RC2_0018_ICR-1_p08
397.113852593,479.119331465,82.005478872,Other,random,C4H2O2,82.005480000,RC2_0018_ICR-1_p08
429.132088550,511.137567422,82.005478872,Other,random,C4H2O2,82.005480000,RC2_0018_ICR-1_p08
336.108756633,418.114236505,82.005479872,Other,random,C4H2O2,82.005480000,RC2_0018_ICR-1_p08
517.135048697,599.140528569,82.005479872,Other,random,C4H2O2,82.005480000,RC2_0018_ICR-1_p08
557.224130270,639.229610142,82.005479872,Other,random,C4H2O2,82.005480000,RC2_0018_ICR-1_p08
325.121149418,407.126629290,82.005479872,Other,random,C4H2O2,82.005480000,RC2_0018_ICR-1_p08
335.113503229,417.118983101,82.005479872,Other,random,C4H2O2,82.005480000,RC2_0018_ICR-1_p08
361.087129176,443.092610048,82.005480872,Other,random,C4H2O2,82.005480000,RC2_0018_ICR-1_p08
407.184150966,489.189632838,82.005481872,Other,random,C4H2O2,82.005480000,RC2_0018_ICR-1_p08
435.123886857,517.129368729,82.005481872,Other,random,C4H2O2,82.005480000,RC2_0018_ICR-1_p08
391.103239391,473.108721263,82.005481872,Other,random,C4H2O2,82.005480000,RC2_0018_ICR-1_p08
465.030992685,547.036475557,82.005482872,Other,random,C4H2O2,82.005480000,RC2_0018_ICR-1_p08
597.247289215,679.252772087,82.005482872,Other,random,C4H2O2,82.005480000,RC2_0018_ICR-1_p08
338.051698707,420.057181579,82.005482872,Other,random,C4H2O2,82.005480000,RC2_0018_ICR-1_p08
365.137149402,447.142632274,82.005482872,Other,random,C4H2O2,82.005480000,RC2_0018_ICR-1_p08
635.271206401,717.276689273,82.005482872,Other,random,C4H2O2,82.005480000,RC2_0018_ICR-1_p08
393.059256392,475.064740264,82.005483872,Other,random,C4H2O2,82.005480000,RC2_0018_ICR-1_p08
333.134325358,415.139809230,82.005483872,Other,random,C4H2O2,82.005480000,RC2_0018_ICR-1_p08
415.030477845,497.035961717,82.005483872,Other,random,C4H2O2,82.005480000,RC2_0018_ICR-1_p08
325.165577168,407.171062040,82.005484872,Other,random,C4H2O2,82.005480000,RC2_0018_ICR-1_p08
323.126517634,405.132003506,82.005485872,Other,random,C4H2O2,82.005480000,RC2_0018_ICR-1_p08
393.119012056,475.124497928,82.005485872,Other,random,C4H2O2,82.005480000,RC2_0018_ICR-1_p08
705.313297545,787.318783416,82.005485872,Other,random,C4H2O2,82.005480000,RC2_0018_ICR-1_p08
337.069330231,419.074816103,82.005485872,Other,random,C4H2O2,82.005480000,RC2_0018_ICR-1_p08
421.223101023,503.228586895,82.005485872,Other,random,C4H2O2,82.005480000,RC2_0018_ICR-1_p08
429.204746141,511.210232013,82.005485872,Other,random,C4H2O2,82.005480000,RC2_0018_ICR-1_p08
451.160825679,533.166311551,82.005485872,Other,random,C4H2O2,82.005480000,RC2_0018_ICR-1_p08
693.276992226,775.282478098,82.005485872,Other,random,C4H2O2,82.005480000,RC2_0018_ICR-1_p08
379.170446491,461.175933363,82.005486872,Other,random,C4H2O2,82.005480000,RC2_0018_ICR-1_p08
322.056681650,404.062168521,82.005486872,Other,random,C4H2O2,82.005480000,RC2_0018_ICR-1_p08
417.132059028,499.137545899,82.005486872,Other,random,C4H2O2,82.005480000,RC2_0018_ICR-1_p08
415.189045953,497.194532825,82.005486872,Other,random,C4H2O2,82.005480000,RC2_0018_ICR-1_p08
379.066939073,461.072426945,82.005487872,Other,random,C4H2O2,82.005480000,RC2_0018_ICR-1_p08
403.116300840,485.121789712,82.005488872,Other,random,C4H2O2,82.005480000,RC2_0018_ICR-1_p08
517.083586986,599.089076858,82.005489872,Other,random,C4H2O2,82.005480000,RC2_0018_ICR-1_p08
347.077144956,429.082634828,82.005489872,Other,random,C4H2O2,82.005480000,RC2_0018_ICR-1_p08
369.191555604,451.197045475,82.005489872,Other,random,C4H2O2,82.005480000,RC2_0018_ICR-1_p08
313.129155850,395.171018518,82.041862667,Other,random,C5H6O1,82.041872350,RC2_0018_ICR-1_p08
325.056400782,407.098263449,82.041862667,Other,random,C5H6O1,82.041872350,RC2_0018_ICR-1_p08
519.127495493,601.169358160,82.041862667,Other,random,C5H6O1,82.041872350,RC2_0018_ICR-1_p08
587.140826045,669.182688712,82.041862667,Other,random,C5H6O1,82.041872350,RC2_0018_ICR-1_p08
315.100332766,397.142196433,82.041863667,Other,random,C5H6O1,82.041872350,RC2_0018_ICR-1_p08
429.249243891,511.291107558,82.041863667,Other,random,C5H6O1,82.041872350,RC2_0018_ICR-1_p08
477.189641315,559.231504983,82.041863667,Other,random,C5H6O1,82.041872350,RC2_0018_ICR-1_p08
311.077148389,393.119012056,82.041863667,Other,random,C5H6O1,82.041872350,RC2_0018_ICR-1_p08
649.214222997,731.256086665,82.041863667,Other,random,C5H6O1,82.041872350,RC2_0018_ICR-1_p08
351.085128419,433.126993086,82.041864667,Other,random,C5H6O1,82.041872350,RC2_0018_ICR-1_p08
361.178668661,443.220533328,82.041864667,Other,random,C5H6O1,82.041872350,RC2_0018_ICR-1_p08
349.069490753,431.111355420,82.041864667,Other,random,C5H6O1,82.041872350,RC2_0018_ICR-1_p08
417.067288392,499.109153059,82.041864667,Other,random,C5H6O1,82.041872350,RC2_0018_ICR-1_p08
549.052398221,631.094263888,82.041865667,Other,random,C5H6O1,82.041872350,RC2_0018_ICR-1_p08
427.124418839,509.166284506,82.041865667,Other,random,C5H6O1,82.041872350,RC2_0018_ICR-1_p08
387.157806577,469.199672244,82.041865667,Other,random,C5H6O1,82.041872350,RC2_0018_ICR-1_p08
645.255707257,727.297573924,82.041866667,Other,random,C5H6O1,82.041872350,RC2_0018_ICR-1_p08
443.147622738,525.189490406,82.041867667,Other,random,C5H6O1,82.041872350,RC2_0018_ICR-1_p08
501.226082155,583.267949822,82.041867667,Other,random,C5H6O1,82.041872350,RC2_0018_ICR-1_p08
375.108330333,457.150198000,82.041867667,Other,random,C5H6O1,82.041872350,RC2_0018_ICR-1_p08
392.075233926,474.117101593,82.041867667,Other,random,C5H6O1,82.041872350,RC2_0018_ICR-1_p08
335.171093905,417.212962573,82.041868667,Other,random,C5H6O1,82.041872350,RC2_0018_ICR-1_p08
582.146830127,664.188699794,82.041869667,Other,random,C5H6O1,82.041872350,RC2_0018_ICR-1_p08
341.014982044,423.056851712,82.041869667,Other,random,C5H6O1,82.041872350,RC2_0018_ICR-1_p08
347.077144956,429.119014623,82.041869667,Other,random,C5H6O1,82.041872350,RC2_0018_ICR-1_p08
363.035617219,445.077486887,82.041869667,Other,random,C5H6O1,82.041872350,RC2_0018_ICR-1_p08
450.039166986,532.081036654,82.041869667,Other,random,C5H6O1,82.041872350,RC2_0018_ICR-1_p08
321.097860041,403.139730708,82.041870667,Other,random,C5H6O1,82.041872350,RC2_0018_ICR-1_p08
333.097938563,415.139809230,82.041870667,Other,random,C5H6O1,82.041872350,RC2_0018_ICR-1_p08
336.072365837,418.114236505,82.041870667,Other,random,C5H6O1,82.041872350,RC2_0018_ICR-1_p08
341.137152357,423.179023025,82.041870667,Other,random,C5H6O1,82.041872350,RC2_0018_ICR-1_p08
401.181564719,483.223435387,82.041870667,Other,random,C5H6O1,82.041872350,RC2_0018_ICR-1_p08
427.197336429,509.239208096,82.041871667,Other,random,C5H6O1,82.041872350,RC2_0018_ICR-1_p08
353.100663085,435.142534752,82.041871667,Other,random,C5H6O1,82.041872350,RC2_0018_ICR-1_p08
347.098291837,429.140164504,82.041872667,Other,random,C5H6O1,82.041872350,RC2_0018_ICR-1_p08
401.145151924,483.187024591,82.041872667,Other,random,C5H6O1,82.041872350,RC2_0018_ICR-1_p08
411.202157372,493.244030039,82.041872667,Other,random,C5H6O1,82.041872350,RC2_0018_ICR-1_p08
448.051934161,530.093806828,82.041872667,Other,random,C5H6O1,82.041872350,RC2_0018_ICR-1_p08
501.030870253,583.072742920,82.041872667,Other,random,C5H6O1,82.041872350,RC2_0018_ICR-1_p08
519.187212157,601.229084825,82.041872667,Other,random,C5H6O1,82.041872350,RC2_0018_ICR-1_p08
564.135701406,646.177574073,82.041872667,Other,random,C5H6O1,82.041872350,RC2_0018_ICR-1_p08
358.049425257,440.091298925,82.041873667,Other,random,C5H6O1,82.041872350,RC2_0018_ICR-1_p08
379.134059696,461.175933363,82.041873667,Other,random,C5H6O1,82.041872350,RC2_0018_ICR-1_p08
409.041086524,491.082961191,82.041874667,Other,random,C5H6O1,82.041872350,RC2_0018_ICR-1_p08
499.137545899,581.179420567,82.041874667,Other,random,C5H6O1,82.041872350,RC2_0018_ICR-1_p08
413.072419856,495.114294523,82.041874667,Other,random,C5H6O1,82.041872350,RC2_0018_ICR-1_p08
641.209262010,723.251137678,82.041875667,Other,random,C5H6O1,82.041872350,RC2_0018_ICR-1_p08
327.108390243,409.150265910,82.041875667,Other,random,C5H6O1,82.041872350,RC2_0018_ICR-1_p08
389.145163402,471.187039069,82.041875667,Other,random,C5H6O1,82.041872350,RC2_0018_ICR-1_p08
399.056774667,481.098650335,82.041875667,Other,random,C5H6O1,82.041872350,RC2_0018_ICR-1_p08
493.111883783,575.153759450,82.041875667,Other,random,C5H6O1,82.041872350,RC2_0018_ICR-1_p08
363.144866605,445.186743272,82.041876667,Other,random,C5H6O1,82.041872350,RC2_0018_ICR-1_p08
431.098258494,513.140135161,82.041876667,Other,random,C5H6O1,82.041872350,RC2_0018_ICR-1_p08
765.225671649,847.267548316,82.041876667,Other,random,C5H6O1,82.041872350,RC2_0018_ICR-1_p08
381.155172331,463.197049998,82.041877667,Other,random,C5H6O1,82.041872350,RC2_0018_ICR-1_p08
413.194608168,495.236485836,82.041877667,Other,random,C5H6O1,82.041872350,RC2_0018_ICR-1_p08
414.112048010,496.153925677,82.041877667,Other,random,C5H6O1,82.041872350,RC2_0018_ICR-1_p08
379.066939073,461.108817740,82.041878667,Other,random,C5H6O1,82.041872350,RC2_0018_ICR-1_p08
457.062334494,539.104213161,82.041878667,Other,random,C5H6O1,82.041872350,RC2_0018_ICR-1_p08
431.183931012,513.225809679,82.041878667,Other,random,C5H6O1,82.041872350,RC2_0018_ICR-1_p08
487.072988740,569.114867407,82.041878667,Other,random,C5H6O1,82.041872350,RC2_0018_ICR-1_p08
561.247133649,643.289012316,82.041878667,Other,random,C5H6O1,82.041872350,RC2_0018_ICR-1_p08
425.108645174,507.150524841,82.041879667,Other,random,C5H6O1,82.041872350,RC2_0018_ICR-1_p08
569.151171203,651.193050870,82.041879667,Other,random,C5H6O1,82.041872350,RC2_0018_ICR-1_p08
365.051176886,447.093056553,82.041879667,Other,random,C5H6O1,82.041872350,RC2_0018_ICR-1_p08
477.212995184,559.254874851,82.041879667,Other,random,C5H6O1,82.041872350,RC2_0018_ICR-1_p08
405.077009815,487.118890482,82.041880667,Other,random,C5H6O1,82.041872350,RC2_0018_ICR-1_p08
355.095331869,437.137212536,82.041880667,Other,random,C5H6O1,82.041872350,RC2_0018_ICR-1_p08
451.118880915,533.160761582,82.041880667,Other,random,C5H6O1,82.041872350,RC2_0018_ICR-1_p08
312.108791588,394.150673255,82.041881667,Other,random,C5H6O1,82.041872350,RC2_0018_ICR-1_p08
361.092720145,443.134601812,82.041881667,Other,random,C5H6O1,82.041872350,RC2_0018_ICR-1_p08
392.098594794,474.140476461,82.041881667,Other,random,C5H6O1,82.041872350,RC2_0018_ICR-1_p08
465.132070117,547.218552533,82.086482416,Other,random,C6H9O2P_1,82.086492000,RC2_0018_ICR-1_p08
413.136943493,495.223426909,82.086483416,Other,random,C6H9O2P_1,82.086492000,RC2_0018_ICR-1_p08
511.101302626,593.187787042,82.086484416,Other,random,C6H9O2P_1,82.086492000,RC2_0018_ICR-1_p08
475.101180059,557.187665476,82.086485416,Other,random,C6H9O2P_1,82.086492000,RC2_0018_ICR-1_p08
461.158054463,543.244539880,82.086485416,Other,random,C6H9O2P_1,82.086492000,RC2_0018_ICR-1_p08
491.096117117,573.182602534,82.086485416,Other,random,C6H9O2P_1,82.086492000,RC2_0018_ICR-1_p08
407.111262376,489.197750792,82.086488416,Other,random,C6H9O2P_1,82.086492000,RC2_0018_ICR-1_p08
513.080473496,595.166962913,82.086489416,Other,random,C6H9O2P_1,82.086492000,RC2_0018_ICR-1_p08
403.116300840,485.202792256,82.086491416,Other,random,C6H9O2P_1,82.086492000,RC2_0018_ICR-1_p08
567.163948378,649.250440794,82.086492416,Other,random,C6H9O2P_1,82.086492000,RC2_0018_ICR-1_p08
515.132429958,597.218923374,82.086493416,Other,random,C6H9O2P_1,82.086492000,RC2_0018_ICR-1_p08
475.064740264,557.151237680,82.086497416,Other,random,C6H9O2P_1,82.086492000,RC2_0018_ICR-1_p08
537.189629927,619.276127344,82.086497416,Other,random,C6H9O2P_1,82.086492000,RC2_0018_ICR-1_p08
587.190120768,669.276618184,82.086497416,Other,random,C6H9O2P_1,82.086492000,RC2_0018_ICR-1_p08
441.059184482,523.145683898,82.086499416,Other,random,C6H9O2P_1,82.086492000,RC2_0018_ICR-1_p08
397.069323843,479.155823259,82.086499416,Other,random,C6H9O2P_1,82.086492000,RC2_0018_ICR-1_p08
555.127519060,637.214018476,82.086499416,Other,random,C6H9O2P_1,82.086492000,RC2_0018_ICR-1_p08
457.126902131,539.213403547,82.086501416,Other,random,C6H9O2P_1,82.086492000,RC2_0018_ICR-1_p08
310.093259922,393.059256392,82.965996471,Other,random,H2N_1O4P1,82.965999000,RC2_0018_ICR-1_p08
337.104026036,420.070032507,82.966006471,Other,random,H2N_1O4P1,82.965999000,RC2_0018_ICR-1_p08
358.093177011,441.059184482,82.966007471,Other,random,H2N_1O4P1,82.965999000,RC2_0018_ICR-1_p08
280.119137470,363.085145941,82.966008471,Other,random,H2N_1O4P1,82.965999000,RC2_0018_ICR-1_p08
306.098296386,389.064304856,82.966008471,Other,random,H2N_1O4P1,82.965999000,RC2_0018_ICR-1_p08
363.048707146,446.122201012,83.073493866,Other,random,C5H9N1,83.073499000,RC2_0018_ICR-1_p08
441.067310436,524.140806303,83.073495866,Other,random,C5H9N1,83.073499000,RC2_0018_ICR-1_p08
359.053821610,442.127318476,83.073496866,Other,random,C5H9N1,83.073499000,RC2_0018_ICR-1_p08
481.062199540,564.135701406,83.073501866,Other,random,C5H9N1,83.073499000,RC2_0018_ICR-1_p08
381.046201943,464.119708810,83.073506866,Other,random,C5H9N1,83.073499000,RC2_0018_ICR-1_p08
487.181796128,570.255304994,83.073508866,Other,random,C5H9N1,83.073499000,RC2_0018_ICR-1_p08
353.100663085,436.174171951,83.073508866,Other,random,C5H9N1,83.073499000,RC2_0018_ICR-1_p08
401.137058970,485.121789712,83.984730742,Other,random,C3O3,83.984739830,RC2_0018_ICR-1_p08
319.154999966,403.139730708,83.984730742,Other,random,C3O3,83.984739830,RC2_0018_ICR-1_p08
583.182021306,667.166752048,83.984730742,Other,random,C3O3,83.984739830,RC2_0018_ICR-1_p08
355.066866029,439.051597771,83.984731742,Other,random,C3O3,83.984739830,RC2_0018_ICR-1_p08
309.147372240,393.132103983,83.984731742,Other,random,C3O3,83.984739830,RC2_0018_ICR-1_p08
515.155796827,599.140528569,83.984731742,Other,random,C3O3,83.984739830,RC2_0018_ICR-1_p08
352.140017487,436.124749229,83.984731742,Other,random,C3O3,83.984739830,RC2_0018_ICR-1_p08
385.105673116,469.090405859,83.984732742,Other,random,C3O3,83.984739830,RC2_0018_ICR-1_p08
376.103754735,460.088487478,83.984732742,Other,random,C3O3,83.984739830,RC2_0018_ICR-1_p08
393.277546165,477.262278907,83.984732742,Other,random,C3O3,83.984739830,RC2_0018_ICR-1_p08
717.313853064,801.298586806,83.984733742,Other,random,C3O3,83.984739830,RC2_0018_ICR-1_p08
292.046318402,376.031052144,83.984733742,Other,random,C3O3,83.984739830,RC2_0018_ICR-1_p08
337.069330231,421.054063974,83.984733742,Other,random,C3O3,83.984739830,RC2_0018_ICR-1_p08
443.207255403,527.191990145,83.984734742,Other,random,C3O3,83.984739830,RC2_0018_ICR-1_p08
363.108321811,447.093056553,83.984734742,Other,random,C3O3,83.984739830,RC2_0018_ICR-1_p08
388.116576186,472.101310928,83.984734742,Other,random,C3O3,83.984739830,RC2_0018_ICR-1_p08
417.132059028,501.116793770,83.984734742,Other,random,C3O3,83.984739830,RC2_0018_ICR-1_p08
625.177754158,709.162488900,83.984734742,Other,random,C3O3,83.984739830,RC2_0018_ICR-1_p08
387.102687887,471.087422629,83.984734742,Other,random,C3O3,83.984739830,RC2_0018_ICR-1_p08
492.245383655,576.230119397,83.984735742,Other,random,C3O3,83.984739830,RC2_0018_ICR-1_p08
399.121472304,483.106208046,83.984735742,Other,random,C3O3,83.984739830,RC2_0018_ICR-1_p08
523.254731285,607.239467027,83.984735742,Other,random,C3O3,83.984739830,RC2_0018_ICR-1_p08
269.131325256,353.116060998,83.984735742,Other,random,C3O3,83.984739830,RC2_0018_ICR-1_p08
309.134276314,393.119012056,83.984735742,Other,random,C3O3,83.984739830,RC2_0018_ICR-1_p08
323.113527707,407.098263449,83.984735742,Other,random,C3O3,83.984739830,RC2_0018_ICR-1_p08
330.098259431,414.082996173,83.984736742,Other,random,C3O3,83.984739830,RC2_0018_ICR-1_p08
351.108297288,435.093034031,83.984736742,Other,random,C3O3,83.984739830,RC2_0018_ICR-1_p08
399.084921509,483.069658251,83.984736742,Other,random,C3O3,83.984739830,RC2_0018_ICR-1_p08
403.139730708,487.124467451,83.984736742,Other,random,C3O3,83.984739830,RC2_0018_ICR-1_p08
433.236137472,517.220874214,83.984736742,Other,random,C3O3,83.984739830,RC2_0018_ICR-1_p08
359.199232792,443.183969534,83.984736742,Other,random,C3O3,83.984739830,RC2_0018_ICR-1_p08
450.140540416,534.125277159,83.984736742,Other,random,C3O3,83.984739830,RC2_0018_ICR-1_p08
521.130053232,605.114789975,83.984736742,Other,random,C3O3,83.984739830,RC2_0018_ICR-1_p08
575.213537114,659.198273856,83.984736742,Other,random,C3O3,83.984739830,RC2_0018_ICR-1_p08
387.108287855,471.093025598,83.984737742,Other,random,C3O3,83.984739830,RC2_0018_ICR-1_p08
357.128658435,441.113396177,83.984737742,Other,random,C3O3,83.984739830,RC2_0018_ICR-1_p08
621.182911621,705.167649364,83.984737742,Other,random,C3O3,83.984739830,RC2_0018_ICR-1_p08
399.144775173,483.129512915,83.984737742,Other,random,C3O3,83.984739830,RC2_0018_ICR-1_p08
401.087688247,485.072425989,83.984737742,Other,random,C3O3,83.984739830,RC2_0018_ICR-1_p08
503.104148595,587.088887337,83.984738742,Other,random,C3O3,83.984739830,RC2_0018_ICR-1_p08
683.255983576,767.240722318,83.984738742,Other,random,C3O3,83.984739830,RC2_0018_ICR-1_p08
371.077064001,455.061803743,83.984739742,Other,random,C3O3,83.984739830,RC2_0018_ICR-1_p08
381.118962534,465.103702276,83.984739742,Other,random,C3O3,83.984739830,RC2_0018_ICR-1_p08
497.239051575,581.223791317,83.984739742,Other,random,C3O3,83.984739830,RC2_0018_ICR-1_p08
315.064025970,399.048766712,83.984740742,Other,random,C3O3,83.984739830,RC2_0018_ICR-1_p08
385.142215911,469.126956653,83.984740742,Other,random,C3O3,83.984739830,RC2_0018_ICR-1_p08
337.129165895,421.113906637,83.984740742,Other,random,C3O3,83.984739830,RC2_0018_ICR-1_p08
385.150271866,469.135013608,83.984741742,Other,random,C3O3,83.984739830,RC2_0018_ICR-1_p08
461.218098126,545.202839868,83.984741742,Other,random,C3O3,83.984739830,RC2_0018_ICR-1_p08
323.090217838,407.074960580,83.984742742,Other,random,C3O3,83.984739830,RC2_0018_ICR-1_p08
357.046121899,441.030864641,83.984742742,Other,random,C3O3,83.984739830,RC2_0018_ICR-1_p08
373.178573184,457.163315926,83.984742742,Other,random,C3O3,83.984739830,RC2_0018_ICR-1_p08
452.156266082,536.141008824,83.984742742,Other,random,C3O3,83.984739830,RC2_0018_ICR-1_p08
663.156946596,747.141689338,83.984742742,Other,random,C3O3,83.984739830,RC2_0018_ICR-1_p08
425.173619809,509.158362551,83.984742742,Other,random,C3O3,83.984739830,RC2_0018_ICR-1_p08
343.103378301,427.088122043,83.984743742,Other,random,C3O3,83.984739830,RC2_0018_ICR-1_p08
351.102773319,435.087517062,83.984743742,Other,random,C3O3,83.984739830,RC2_0018_ICR-1_p08
369.046235421,453.030979163,83.984743742,Other,random,C3O3,83.984739830,RC2_0018_ICR-1_p08
343.131660142,427.116403884,83.984743742,Other,random,C3O3,83.984739830,RC2_0018_ICR-1_p08
471.150752273,555.135496015,83.984743742,Other,random,C3O3,83.984739830,RC2_0018_ICR-1_p08
323.126517634,407.111262376,83.984744742,Other,random,C3O3,83.984739830,RC2_0018_ICR-1_p08
351.157790010,435.142534752,83.984744742,Other,random,C3O3,83.984739830,RC2_0018_ICR-1_p08
361.056382349,445.041127091,83.984744742,Other,random,C3O3,83.984739830,RC2_0018_ICR-1_p08
386.080683634,470.065428376,83.984744742,Other,random,C3O3,83.984739830,RC2_0018_ICR-1_p08
473.145175058,557.129920800,83.984745742,Other,random,C3O3,83.984739830,RC2_0018_ICR-1_p08
387.175585477,471.160331219,83.984745742,Other,random,C3O3,83.984739830,RC2_0018_ICR-1_p08
405.118884579,489.103630321,83.984745742,Other,random,C3O3,83.984739830,RC2_0018_ICR-1_p08
417.168295824,501.153041566,83.984745742,Other,random,C3O3,83.984739830,RC2_0018_ICR-1_p08
443.201690434,527.186436177,83.984745742,Other,random,C3O3,83.984739830,RC2_0018_ICR-1_p08
476.156369126,560.141115868,83.984746742,Other,random,C3O3,83.984739830,RC2_0018_ICR-1_p08
387.129489736,471.114236478,83.984746742,Other,random,C3O3,83.984739830,RC2_0018_ICR-1_p08
400.096605820,484.081352562,83.984746742,Other,random,C3O3,83.984739830,RC2_0018_ICR-1_p08
418.114236505,502.098983247,83.984746742,Other,random,C3O3,83.984739830,RC2_0018_ICR-1_p08
457.062334494,541.047081236,83.984746742,Other,random,C3O3,83.984739830,RC2_0018_ICR-1_p08
389.087704725,473.072452467,83.984747742,Other,random,C3O3,83.984739830,RC2_0018_ICR-1_p08
671.219787257,755.204534999,83.984747742,Other,random,C3O3,83.984739830,RC2_0018_ICR-1_p08
316.095593170,400.080340912,83.984747742,Other,random,C3O3,83.984739830,RC2_0018_ICR-1_p08
331.155060488,415.139809230,83.984748742,Other,random,C3O3,83.984739830,RC2_0018_ICR-1_p08
401.173548765,485.158298507,83.984749742,Other,random,C3O3,83.984739830,RC2_0018_ICR-1_p08
363.035617219,447.020366961,83.984749742,Other,random,C3O3,83.984739830,RC2_0018_ICR-1_p08
349.165516213,433.150265955,83.984749742,Other,random,C3O3,83.984739830,RC2_0018_ICR-1_p08
599.250118953,683.234868695,83.984749742,Other,random,C3O3,83.984739830,RC2_0018_ICR-1_p08
423.129405304,507.150524841,84.021119538,Other,random,acetotacetate (-H2O),84.021129430,RC2_0018_ICR-1_p08
373.150226344,457.171345881,84.021119538,Other,random,acetotacetate (-H2O),84.021129430,RC2_0018_ICR-1_p08
545.215958794,629.237078332,84.021119538,Other,random,acetotacetate (-H2O),84.021129430,RC2_0018_ICR-1_p08
385.040961480,469.062082018,84.021120538,Other,random,acetotacetate (-H2O),84.021129430,RC2_0018_ICR-1_p08
387.194219372,471.215339910,84.021120538,Other,random,acetotacetate (-H2O),84.021129430,RC2_0018_ICR-1_p08
429.119014623,513.140135161,84.021120538,Other,random,acetotacetate (-H2O),84.021129430,RC2_0018_ICR-1_p08
487.124467451,571.145587988,84.021120538,Other,random,acetotacetate (-H2O),84.021129430,RC2_0018_ICR-1_p08
441.168368868,525.189490406,84.021121538,Other,random,acetotacetate (-H2O),84.021129430,RC2_0018_ICR-1_p08
453.168508390,537.189629927,84.021121538,Other,random,acetotacetate (-H2O),84.021129430,RC2_0018_ICR-1_p08
443.191998489,527.213120027,84.021121538,Other,random,acetotacetate (-H2O),84.021129430,RC2_0018_ICR-1_p08
375.072082537,459.093205074,84.021122538,Other,random,acetotacetate (-H2O),84.021129430,RC2_0018_ICR-1_p08
347.090232882,431.111355420,84.021122538,Other,random,acetotacetate (-H2O),84.021129430,RC2_0018_ICR-1_p08
379.139658664,463.160781202,84.021122538,Other,random,acetotacetate (-H2O),84.021129430,RC2_0018_ICR-1_p08
385.150271866,469.171394403,84.021122538,Other,random,acetotacetate (-H2O),84.021129430,RC2_0018_ICR-1_p08
401.108736129,485.129858667,84.021122538,Other,random,acetotacetate (-H2O),84.021129430,RC2_0018_ICR-1_p08
419.025405381,503.046527919,84.021122538,Other,random,acetotacetate (-H2O),84.021129430,RC2_0018_ICR-1_p08
427.152741680,511.173864217,84.021122538,Other,random,acetotacetate (-H2O),84.021129430,RC2_0018_ICR-1_p08
361.050712381,445.071835918,84.021123538,Other,random,acetotacetate (-H2O),84.021129430,RC2_0018_ICR-1_p08
441.149540974,525.170664512,84.021123538,Other,random,acetotacetate (-H2O),84.021129430,RC2_0018_ICR-1_p08
479.147798304,563.168921842,84.021123538,Other,random,acetotacetate (-H2O),84.021129430,RC2_0018_ICR-1_p08
345.025170495,429.046294032,84.021123538,Other,random,acetotacetate (-H2O),84.021129430,RC2_0018_ICR-1_p08
365.124004476,449.145128014,84.021123538,Other,random,acetotacetate (-H2O),84.021129430,RC2_0018_ICR-1_p08
411.121443826,495.142567364,84.021123538,Other,random,acetotacetate (-H2O),84.021129430,RC2_0018_ICR-1_p08
487.072988740,571.094112278,84.021123538,Other,random,acetotacetate (-H2O),84.021129430,RC2_0018_ICR-1_p08
327.108390243,411.129514781,84.021124538,Other,random,acetotacetate (-H2O),84.021129430,RC2_0018_ICR-1_p08
349.142133344,433.163257882,84.021124538,Other,random,acetotacetate (-H2O),84.021129430,RC2_0018_ICR-1_p08
411.142598707,495.163724245,84.021125538,Other,random,acetotacetate (-H2O),84.021129430,RC2_0018_ICR-1_p08
373.215043979,457.236169517,84.021125538,Other,random,acetotacetate (-H2O),84.021129430,RC2_0018_ICR-1_p08
356.111617154,440.132743692,84.021126538,Other,random,acetotacetate (-H2O),84.021129430,RC2_0018_ICR-1_p08
425.173619809,509.194747346,84.021127538,Other,random,acetotacetate (-H2O),84.021129430,RC2_0018_ICR-1_p08
521.166497028,605.187624565,84.021127538,Other,random,acetotacetate (-H2O),84.021129430,RC2_0018_ICR-1_p08
531.114355089,615.135482627,84.021127538,Other,random,acetotacetate (-H2O),84.021129430,RC2_0018_ICR-1_p08
532.167340168,616.188467706,84.021127538,Other,random,acetotacetate (-H2O),84.021129430,RC2_0018_ICR-1_p08
541.221045258,625.242172796,84.021127538,Other,random,acetotacetate (-H2O),84.021129430,RC2_0018_ICR-1_p08
347.040717161,431.061844698,84.021127538,Other,random,acetotacetate (-H2O),84.021129430,RC2_0018_ICR-1_p08
513.088487451,597.109615989,84.021128538,Other,random,acetotacetate (-H2O),84.021129430,RC2_0018_ICR-1_p08
367.116402273,451.137530810,84.021128538,Other,random,acetotacetate (-H2O),84.021129430,RC2_0018_ICR-1_p08
373.186705138,457.207833676,84.021128538,Other,random,acetotacetate (-H2O),84.021129430,RC2_0018_ICR-1_p08
467.192190533,551.213320070,84.021129538,Other,random,acetotacetate (-H2O),84.021129430,RC2_0018_ICR-1_p08
411.056826189,495.077955727,84.021129538,Other,random,acetotacetate (-H2O),84.021129430,RC2_0018_ICR-1_p08
357.092265640,441.113396177,84.021130538,Other,random,acetotacetate (-H2O),84.021129430,RC2_0018_ICR-1_p08
397.142196433,481.163326971,84.021130538,Other,random,acetotacetate (-H2O),84.021129430,RC2_0018_ICR-1_p08
639.193364346,723.214494884,84.021130538,Other,random,acetotacetate (-H2O),84.021129430,RC2_0018_ICR-1_p08
339.157891487,423.179023025,84.021131538,Other,random,acetotacetate (-H2O),84.021129430,RC2_0018_ICR-1_p08
397.186547184,481.207678722,84.021131538,Other,random,acetotacetate (-H2O),84.021129430,RC2_0018_ICR-1_p08
429.140164504,513.161296042,84.021131538,Other,random,acetotacetate (-H2O),84.021129430,RC2_0018_ICR-1_p08
365.118477507,449.139610045,84.021132538,Other,random,acetotacetate (-H2O),84.021129430,RC2_0018_ICR-1_p08
317.139331301,401.160463838,84.021132538,Other,random,acetotacetate (-H2O),84.021129430,RC2_0018_ICR-1_p08
415.170481058,499.191613595,84.021132538,Other,random,acetotacetate (-H2O),84.021129430,RC2_0018_ICR-1_p08
381.191735125,465.212867663,84.021132538,Other,random,acetotacetate (-H2O),84.021129430,RC2_0018_ICR-1_p08
417.046235510,501.067369048,84.021133538,Other,random,acetotacetate (-H2O),84.021129430,RC2_0018_ICR-1_p08
317.152415227,401.173548765,84.021133538,Other,random,acetotacetate (-H2O),84.021129430,RC2_0018_ICR-1_p08
522.088926841,606.110061378,84.021134538,Other,random,acetotacetate (-H2O),84.021129430,RC2_0018_ICR-1_p08
387.084980986,471.106115524,84.021134538,Other,random,acetotacetate (-H2O),84.021129430,RC2_0018_ICR-1_p08
403.170499535,487.191634073,84.021134538,Other,random,acetotacetate (-H2O),84.021129430,RC2_0018_ICR-1_p08
413.154765392,497.175899930,84.021134538,Other,random,acetotacetate (-H2O),84.021129430,RC2_0018_ICR-1_p08
395.207272314,479.228406851,84.021134538,Other,random,acetotacetate (-H2O),84.021129430,RC2_0018_ICR-1_p08
461.218098126,545.239232663,84.021134538,Other,random,acetotacetate (-H2O),84.021129430,RC2_0018_ICR-1_p08
473.275466325,557.296600863,84.021134538,Other,random,acetotacetate (-H2O),84.021129430,RC2_0018_ICR-1_p08
709.271548287,793.292683824,84.021135538,Other,random,acetotacetate (-H2O),84.021129430,RC2_0018_ICR-1_p08
343.030449711,427.051585249,84.021135538,Other,random,acetotacetate (-H2O),84.021129430,RC2_0018_ICR-1_p08
389.014903134,473.036038672,84.021135538,Other,random,acetotacetate (-H2O),84.021129430,RC2_0018_ICR-1_p08
391.152622114,475.173757651,84.021135538,Other,random,acetotacetate (-H2O),84.021129430,RC2_0018_ICR-1_p08
489.189632838,573.210768375,84.021135538,Other,random,acetotacetate (-H2O),84.021129430,RC2_0018_ICR-1_p08
443.183969534,527.205106072,84.021136538,Other,random,acetotacetate (-H2O),84.021129430,RC2_0018_ICR-1_p08
445.199674200,529.220810737,84.021136538,Other,random,acetotacetate (-H2O),84.021129430,RC2_0018_ICR-1_p08
259.155033354,343.176169892,84.021136538,Other,random,acetotacetate (-H2O),84.021129430,RC2_0018_ICR-1_p08
350.088024025,434.109160563,84.021136538,Other,random,acetotacetate (-H2O),84.021129430,RC2_0018_ICR-1_p08
360.036101086,444.057237624,84.021136538,Other,random,acetotacetate (-H2O),84.021129430,RC2_0018_ICR-1_p08
373.142179389,457.163315926,84.021136538,Other,random,acetotacetate (-H2O),84.021129430,RC2_0018_ICR-1_p08
431.046564784,515.067702322,84.021137538,Other,random,acetotacetate (-H2O),84.021129430,RC2_0018_ICR-1_p08
445.062284972,529.083422510,84.021137538,Other,random,acetotacetate (-H2O),84.021129430,RC2_0018_ICR-1_p08
521.130053232,605.151190770,84.021137538,Other,random,acetotacetate (-H2O),84.021129430,RC2_0018_ICR-1_p08
631.058558089,715.079695627,84.021137538,Other,random,acetotacetate (-H2O),84.021129430,RC2_0018_ICR-1_p08
685.163029852,769.184167390,84.021137538,Other,random,acetotacetate (-H2O),84.021129430,RC2_0018_ICR-1_p08
401.051288452,485.072425989,84.021137538,Other,random,acetotacetate (-H2O),84.021129430,RC2_0018_ICR-1_p08
405.082492784,489.103630321,84.021137538,Other,random,acetotacetate (-H2O),84.021129430,RC2_0018_ICR-1_p08
407.025335859,491.046474397,84.021138538,Other,random,acetotacetate (-H2O),84.021129430,RC2_0018_ICR-1_p08
425.173619809,509.194747346,84.021127538,Other,random,acetotacetate_(_H2O)_C4H4O2,84.021137100,RC2_0018_ICR-1_p08
521.166497028,605.187624565,84.021127538,Other,random,acetotacetate_(_H2O)_C4H4O2,84.021137100,RC2_0018_ICR-1_p08
531.114355089,615.135482627,84.021127538,Other,random,acetotacetate_(_H2O)_C4H4O2,84.021137100,RC2_0018_ICR-1_p08
532.167340168,616.188467706,84.021127538,Other,random,acetotacetate_(_H2O)_C4H4O2,84.021137100,RC2_0018_ICR-1_p08
541.221045258,625.242172796,84.021127538,Other,random,acetotacetate_(_H2O)_C4H4O2,84.021137100,RC2_0018_ICR-1_p08
347.040717161,431.061844698,84.021127538,Other,random,acetotacetate_(_H2O)_C4H4O2,84.021137100,RC2_0018_ICR-1_p08
513.088487451,597.109615989,84.021128538,Other,random,acetotacetate_(_H2O)_C4H4O2,84.021137100,RC2_0018_ICR-1_p08
367.116402273,451.137530810,84.021128538,Other,random,acetotacetate_(_H2O)_C4H4O2,84.021137100,RC2_0018_ICR-1_p08
373.186705138,457.207833676,84.021128538,Other,random,acetotacetate_(_H2O)_C4H4O2,84.021137100,RC2_0018_ICR-1_p08
467.192190533,551.213320070,84.021129538,Other,random,acetotacetate_(_H2O)_C4H4O2,84.021137100,RC2_0018_ICR-1_p08
411.056826189,495.077955727,84.021129538,Other,random,acetotacetate_(_H2O)_C4H4O2,84.021137100,RC2_0018_ICR-1_p08
357.092265640,441.113396177,84.021130538,Other,random,acetotacetate_(_H2O)_C4H4O2,84.021137100,RC2_0018_ICR-1_p08
397.142196433,481.163326971,84.021130538,Other,random,acetotacetate_(_H2O)_C4H4O2,84.021137100,RC2_0018_ICR-1_p08
639.193364346,723.214494884,84.021130538,Other,random,acetotacetate_(_H2O)_C4H4O2,84.021137100,RC2_0018_ICR-1_p08
339.157891487,423.179023025,84.021131538,Other,random,acetotacetate_(_H2O)_C4H4O2,84.021137100,RC2_0018_ICR-1_p08
397.186547184,481.207678722,84.021131538,Other,random,acetotacetate_(_H2O)_C4H4O2,84.021137100,RC2_0018_ICR-1_p08
429.140164504,513.161296042,84.021131538,Other,random,acetotacetate_(_H2O)_C4H4O2,84.021137100,RC2_0018_ICR-1_p08
365.118477507,449.139610045,84.021132538,Other,random,acetotacetate_(_H2O)_C4H4O2,84.021137100,RC2_0018_ICR-1_p08
317.139331301,401.160463838,84.021132538,Other,random,acetotacetate_(_H2O)_C4H4O2,84.021137100,RC2_0018_ICR-1_p08
415.170481058,499.191613595,84.021132538,Other,random,acetotacetate_(_H2O)_C4H4O2,84.021137100,RC2_0018_ICR-1_p08
381.191735125,465.212867663,84.021132538,Other,random,acetotacetate_(_H2O)_C4H4O2,84.021137100,RC2_0018_ICR-1_p08
417.046235510,501.067369048,84.021133538,Other,random,acetotacetate_(_H2O)_C4H4O2,84.021137100,RC2_0018_ICR-1_p08
317.152415227,401.173548765,84.021133538,Other,random,acetotacetate_(_H2O)_C4H4O2,84.021137100,RC2_0018_ICR-1_p08
522.088926841,606.110061378,84.021134538,Other,random,acetotacetate_(_H2O)_C4H4O2,84.021137100,RC2_0018_ICR-1_p08
387.084980986,471.106115524,84.021134538,Other,random,acetotacetate_(_H2O)_C4H4O2,84.021137100,RC2_0018_ICR-1_p08
403.170499535,487.191634073,84.021134538,Other,random,acetotacetate_(_H2O)_C4H4O2,84.021137100,RC2_0018_ICR-1_p08
413.154765392,497.175899930,84.021134538,Other,random,acetotacetate_(_H2O)_C4H4O2,84.021137100,RC2_0018_ICR-1_p08
395.207272314,479.228406851,84.021134538,Other,random,acetotacetate_(_H2O)_C4H4O2,84.021137100,RC2_0018_ICR-1_p08
461.218098126,545.239232663,84.021134538,Other,random,acetotacetate_(_H2O)_C4H4O2,84.021137100,RC2_0018_ICR-1_p08
473.275466325,557.296600863,84.021134538,Other,random,acetotacetate_(_H2O)_C4H4O2,84.021137100,RC2_0018_ICR-1_p08
709.271548287,793.292683824,84.021135538,Other,random,acetotacetate_(_H2O)_C4H4O2,84.021137100,RC2_0018_ICR-1_p08
343.030449711,427.051585249,84.021135538,Other,random,acetotacetate_(_H2O)_C4H4O2,84.021137100,RC2_0018_ICR-1_p08
389.014903134,473.036038672,84.021135538,Other,random,acetotacetate_(_H2O)_C4H4O2,84.021137100,RC2_0018_ICR-1_p08
391.152622114,475.173757651,84.021135538,Other,random,acetotacetate_(_H2O)_C4H4O2,84.021137100,RC2_0018_ICR-1_p08
489.189632838,573.210768375,84.021135538,Other,random,acetotacetate_(_H2O)_C4H4O2,84.021137100,RC2_0018_ICR-1_p08
443.183969534,527.205106072,84.021136538,Other,random,acetotacetate_(_H2O)_C4H4O2,84.021137100,RC2_0018_ICR-1_p08
445.199674200,529.220810737,84.021136538,Other,random,acetotacetate_(_H2O)_C4H4O2,84.021137100,RC2_0018_ICR-1_p08
259.155033354,343.176169892,84.021136538,Other,random,acetotacetate_(_H2O)_C4H4O2,84.021137100,RC2_0018_ICR-1_p08
350.088024025,434.109160563,84.021136538,Other,random,acetotacetate_(_H2O)_C4H4O2,84.021137100,RC2_0018_ICR-1_p08
360.036101086,444.057237624,84.021136538,Other,random,acetotacetate_(_H2O)_C4H4O2,84.021137100,RC2_0018_ICR-1_p08
373.142179389,457.163315926,84.021136538,Other,random,acetotacetate_(_H2O)_C4H4O2,84.021137100,RC2_0018_ICR-1_p08
431.046564784,515.067702322,84.021137538,Other,random,acetotacetate_(_H2O)_C4H4O2,84.021137100,RC2_0018_ICR-1_p08
445.062284972,529.083422510,84.021137538,Other,random,acetotacetate_(_H2O)_C4H4O2,84.021137100,RC2_0018_ICR-1_p08
521.130053232,605.151190770,84.021137538,Other,random,acetotacetate_(_H2O)_C4H4O2,84.021137100,RC2_0018_ICR-1_p08
631.058558089,715.079695627,84.021137538,Other,random,acetotacetate_(_H2O)_C4H4O2,84.021137100,RC2_0018_ICR-1_p08
685.163029852,769.184167390,84.021137538,Other,random,acetotacetate_(_H2O)_C4H4O2,84.021137100,RC2_0018_ICR-1_p08
401.051288452,485.072425989,84.021137538,Other,random,acetotacetate_(_H2O)_C4H4O2,84.021137100,RC2_0018_ICR-1_p08
405.082492784,489.103630321,84.021137538,Other,random,acetotacetate_(_H2O)_C4H4O2,84.021137100,RC2_0018_ICR-1_p08
407.025335859,491.046474397,84.021138538,Other,random,acetotacetate_(_H2O)_C4H4O2,84.021137100,RC2_0018_ICR-1_p08
315.100332766,399.121472304,84.021139537,Other,random,acetotacetate_(_H2O)_C4H4O2,84.021137100,RC2_0018_ICR-1_p08
443.147622738,527.168762276,84.021139537,Other,random,acetotacetate_(_H2O)_C4H4O2,84.021137100,RC2_0018_ICR-1_p08
617.187693087,701.208832625,84.021139537,Other,random,acetotacetate_(_H2O)_C4H4O2,84.021137100,RC2_0018_ICR-1_p08
648.237926487,732.259066025,84.021139537,Other,random,acetotacetate_(_H2O)_C4H4O2,84.021137100,RC2_0018_ICR-1_p08
478.062559407,562.083698944,84.021139538,Other,random,acetotacetate_(_H2O)_C4H4O2,84.021137100,RC2_0018_ICR-1_p08
587.104447249,671.125586787,84.021139538,Other,random,acetotacetate_(_H2O)_C4H4O2,84.021137100,RC2_0018_ICR-1_p08
334.129594762,418.150735299,84.021140537,Other,random,acetotacetate_(_H2O)_C4H4O2,84.021137100,RC2_0018_ICR-1_p08
497.239051575,581.260192112,84.021140537,Other,random,acetotacetate_(_H2O)_C4H4O2,84.021137100,RC2_0018_ICR-1_p08
531.236665402,615.257805939,84.021140537,Other,random,acetotacetate_(_H2O)_C4H4O2,84.021137100,RC2_0018_ICR-1_p08
625.141348363,709.162488900,84.021140537,Other,random,acetotacetate_(_H2O)_C4H4O2,84.021137100,RC2_0018_ICR-1_p08
330.061854635,414.082996173,84.021141537,Other,random,acetotacetate_(_H2O)_C4H4O2,84.021137100,RC2_0018_ICR-1_p08
375.165934009,459.187075546,84.021141537,Other,random,acetotacetate_(_H2O)_C4H4O2,84.021137100,RC2_0018_ICR-1_p08
479.119331465,563.140473002,84.021141537,Other,random,acetotacetate_(_H2O)_C4H4O2,84.021137100,RC2_0018_ICR-1_p08
415.097642467,499.118785005,84.021142537,Other,random,acetotacetate_(_H2O)_C4H4O2,84.021137100,RC2_0018_ICR-1_p08
389.064304856,473.085447394,84.021142537,Other,random,acetotacetate_(_H2O)_C4H4O2,84.021137100,RC2_0018_ICR-1_p08
360.121730605,444.142874142,84.021143537,Other,random,acetotacetate_(_H2O)_C4H4O2,84.021137100,RC2_0018_ICR-1_p08
427.160753635,511.181897172,84.021143537,Other,random,acetotacetate_(_H2O)_C4H4O2,84.021137100,RC2_0018_ICR-1_p08
499.160877768,583.182021306,84.021143537,Other,random,acetotacetate_(_H2O)_C4H4O2,84.021137100,RC2_0018_ICR-1_p08
541.229059213,625.250202750,84.021143537,Other,random,acetotacetate_(_H2O)_C4H4O2,84.021137100,RC2_0018_ICR-1_p08
663.193301391,747.214444929,84.021143537,Other,random,acetotacetate_(_H2O)_C4H4O2,84.021137100,RC2_0018_ICR-1_p08
789.262526486,873.283670024,84.021143537,Other,random,acetotacetate_(_H2O)_C4H4O2,84.021137100,RC2_0018_ICR-1_p08
332.113851097,416.134994634,84.021143537,Other,random,acetotacetate_(_H2O)_C4H4O2,84.021137100,RC2_0018_ICR-1_p08
443.170845608,527.191990145,84.021144537,Other,random,acetotacetate_(_H2O)_C4H4O2,84.021137100,RC2_0018_ICR-1_p08
531.062760379,615.083904917,84.021144537,Other,random,acetotacetate_(_H2O)_C4H4O2,84.021137100,RC2_0018_ICR-1_p08
555.114600133,639.135744670,84.021144537,Other,random,acetotacetate_(_H2O)_C4H4O2,84.021137100,RC2_0018_ICR-1_p08
621.182911621,705.204056159,84.021144537,Other,random,acetotacetate_(_H2O)_C4H4O2,84.021137100,RC2_0018_ICR-1_p08
333.025090973,417.046235510,84.021144537,Other,random,acetotacetate_(_H2O)_C4H4O2,84.021137100,RC2_0018_ICR-1_p08
595.057655527,679.078801065,84.021145537,Other,random,acetotacetate_(_H2O)_C4H4O2,84.021137100,RC2_0018_ICR-1_p08
342.046742243,426.067887780,84.021145537,Other,random,acetotacetate_(_H2O)_C4H4O2,84.021137100,RC2_0018_ICR-1_p08
503.177032185,587.198177722,84.021145537,Other,random,acetotacetate_(_H2O)_C4H4O2,84.021137100,RC2_0018_ICR-1_p08
441.030864641,525.052011179,84.021146537,Other,random,acetotacetate_(_H2O)_C4H4O2,84.021137100,RC2_0018_ICR-1_p08
585.234405765,669.255552302,84.021146537,Other,random,acetotacetate_(_H2O)_C4H4O2,84.021137100,RC2_0018_ICR-1_p08
341.137152357,425.158298895,84.021146537,Other,random,acetotacetate_(_H2O)_C4H4O2,84.021137100,RC2_0018_ICR-1_p08
367.095366391,451.116512928,84.021146537,Other,random,acetotacetate_(_H2O)_C4H4O2,84.021137100,RC2_0018_ICR-1_p08
339.121500692,423.160379130,84.038878438,Other,random,C4H4O4S_1,84.038888000,RC2_0018_ICR-1_p08
433.054128496,517.093007933,84.038879438,Other,random,C4H4O4S_1,84.038888000,RC2_0018_ICR-1_p08
415.079904567,499.118785005,84.038880438,Other,random,C4H4O4S_1,84.038888000,RC2_0018_ICR-1_p08
335.126517156,419.165397594,84.038880438,Other,random,C4H4O4S_1,84.038888000,RC2_0018_ICR-1_p08
343.121871197,427.160753635,84.038882438,Other,random,C4H4O4S_1,84.038888000,RC2_0018_ICR-1_p08
391.152622114,475.191508551,84.038886438,Other,random,C4H4O4S_1,84.038888000,RC2_0018_ICR-1_p08
399.084921509,483.123809947,84.038888438,Other,random,C4H4O4S_1,84.038888000,RC2_0018_ICR-1_p08
407.074960580,491.113851018,84.038890438,Other,random,C4H4O4S_1,84.038888000,RC2_0018_ICR-1_p08
362.099528483,446.138418921,84.038890438,Other,random,C4H4O4S_1,84.038888000,RC2_0018_ICR-1_p08
459.069856206,543.108747643,84.038891438,Other,random,C4H4O4S_1,84.038888000,RC2_0018_ICR-1_p08
485.158298507,569.197191944,84.038893438,Other,random,C4H4O4S_1,84.038888000,RC2_0018_ICR-1_p08
389.100655652,473.139552090,84.038896438,Other,random,C4H4O4S_1,84.038888000,RC2_0018_ICR-1_p08
501.189443361,585.228340799,84.038897438,Other,random,C4H4O4S_1,84.038888000,RC2_0018_ICR-1_p08
331.103332779,415.160838112,84.057505333,Other,random,C5H8O1,84.057515000,RC2_0018_ICR-1_p08
333.082651649,417.140156982,84.057505333,Other,random,C5H8O1,84.057515000,RC2_0018_ICR-1_p08
387.035520265,471.093025598,84.057505333,Other,random,C5H8O1,84.057515000,RC2_0018_ICR-1_p08
407.171062040,491.228567373,84.057505333,Other,random,C5H8O1,84.057515000,RC2_0018_ICR-1_p08
399.121472304,483.178977637,84.057505333,Other,random,C5H8O1,84.057515000,RC2_0018_ICR-1_p08
439.210349878,523.267855211,84.057505333,Other,random,C5H8O1,84.057515000,RC2_0018_ICR-1_p08
457.077656408,541.135162741,84.057506333,Other,random,C5H8O1,84.057515000,RC2_0018_ICR-1_p08
395.147681649,479.205187982,84.057506333,Other,random,C5H8O1,84.057515000,RC2_0018_ICR-1_p08
411.085060031,495.142567364,84.057507333,Other,random,C5H8O1,84.057515000,RC2_0018_ICR-1_p08
453.204752186,537.262259519,84.057507333,Other,random,C5H8O1,84.057515000,RC2_0018_ICR-1_p08
559.231504983,643.289012316,84.057507333,Other,random,C5H8O1,84.057515000,RC2_0018_ICR-1_p08
625.214040954,709.271548287,84.057507333,Other,random,C5H8O1,84.057515000,RC2_0018_ICR-1_p08
395.025278337,479.082785670,84.057507333,Other,random,C5H8O1,84.057515000,RC2_0018_ICR-1_p08
347.149943547,431.207451880,84.057508333,Other,random,C5H8O1,84.057515000,RC2_0018_ICR-1_p08
397.150170389,481.207678722,84.057508333,Other,random,C5H8O1,84.057515000,RC2_0018_ICR-1_p08
407.111262376,491.168770709,84.057508333,Other,random,C5H8O1,84.057515000,RC2_0018_ICR-1_p08
701.136473031,785.193981364,84.057508333,Other,random,C5H8O1,84.057515000,RC2_0018_ICR-1_p08
596.198811110,680.256320443,84.057509333,Other,random,C5H8O1,84.057515000,RC2_0018_ICR-1_p08
333.061472768,417.118983101,84.057510333,Other,random,C5H8O1,84.057515000,RC2_0018_ICR-1_p08
357.118880490,441.176390823,84.057510333,Other,random,C5H8O1,84.057515000,RC2_0018_ICR-1_p08
373.056418871,457.113929204,84.057510333,Other,random,C5H8O1,84.057515000,RC2_0018_ICR-1_p08
347.107917783,431.165428116,84.057510333,Other,random,C5H8O1,84.057515000,RC2_0018_ICR-1_p08
389.051210930,473.108721263,84.057510333,Other,random,C5H8O1,84.057515000,RC2_0018_ICR-1_p08
361.032979480,445.090490813,84.057511333,Other,random,C5H8O1,84.057515000,RC2_0018_ICR-1_p08
383.025376814,467.082888147,84.057511333,Other,random,C5H8O1,84.057515000,RC2_0018_ICR-1_p08
405.077009815,489.134521148,84.057511333,Other,random,C5H8O1,84.057515000,RC2_0018_ICR-1_p08
325.092754577,409.150265910,84.057511333,Other,random,C5H8O1,84.057515000,RC2_0018_ICR-1_p08
401.035929538,485.093440871,84.057511333,Other,random,C5H8O1,84.057515000,RC2_0018_ICR-1_p08
311.113506185,395.171018518,84.057512333,Other,random,C5H8O1,84.057515000,RC2_0018_ICR-1_p08
579.208368650,663.265880983,84.057512333,Other,random,C5H8O1,84.057515000,RC2_0018_ICR-1_p08
709.271548287,793.329060620,84.057512333,Other,random,C5H8O1,84.057515000,RC2_0018_ICR-1_p08
485.145233580,569.202745913,84.057512333,Other,random,C5H8O1,84.057515000,RC2_0018_ICR-1_p08
379.175962460,463.233475793,84.057513333,Other,random,C5H8O1,84.057515000,RC2_0018_ICR-1_p08
397.113852593,481.171365926,84.057513333,Other,random,C5H8O1,84.057515000,RC2_0018_ICR-1_p08
487.109273536,571.166786869,84.057513333,Other,random,C5H8O1,84.057515000,RC2_0018_ICR-1_p08
493.098788856,577.156302189,84.057513333,Other,random,C5H8O1,84.057515000,RC2_0018_ICR-1_p08
583.195278231,667.252791564,84.057513333,Other,random,C5H8O1,84.057515000,RC2_0018_ICR-1_p08
623.198468288,707.255981621,84.057513333,Other,random,C5H8O1,84.057515000,RC2_0018_ICR-1_p08
373.077421753,457.134935086,84.057513333,Other,random,C5H8O1,84.057515000,RC2_0018_ICR-1_p08
382.049436302,466.106949635,84.057513333,Other,random,C5H8O1,84.057515000,RC2_0018_ICR-1_p08
345.074575217,429.132088550,84.057513333,Other,random,C5H8O1,84.057515000,RC2_0018_ICR-1_p08
375.144860127,459.202373460,84.057513333,Other,random,C5H8O1,84.057515000,RC2_0018_ICR-1_p08
487.124467451,571.181980784,84.057513333,Other,random,C5H8O1,84.057515000,RC2_0018_ICR-1_p08
393.076904293,477.134418626,84.057514333,Other,random,C5H8O1,84.057515000,RC2_0018_ICR-1_p08
689.209094101,773.266608434,84.057514333,Other,random,C5H8O1,84.057515000,RC2_0018_ICR-1_p08
455.119437419,539.176951752,84.057514333,Other,random,C5H8O1,84.057515000,RC2_0018_ICR-1_p08
675.157073117,759.214588450,84.057515333,Other,random,C5H8O1,84.057515000,RC2_0018_ICR-1_p08
373.105800593,457.163315926,84.057515333,Other,random,C5H8O1,84.057515000,RC2_0018_ICR-1_p08
399.157730100,483.215245433,84.057515333,Other,random,C5H8O1,84.057515000,RC2_0018_ICR-1_p08
511.137567422,595.195082755,84.057515333,Other,random,C5H8O1,84.057515000,RC2_0018_ICR-1_p08
402.112035487,486.169551820,84.057516333,Other,random,C5H8O1,84.057515000,RC2_0018_ICR-1_p08
709.199258693,793.256775026,84.057516333,Other,random,C5H8O1,84.057515000,RC2_0018_ICR-1_p08
663.084173005,747.141689338,84.057516333,Other,random,C5H8O1,84.057515000,RC2_0018_ICR-1_p08
387.066365091,471.123881424,84.057516333,Other,random,C5H8O1,84.057515000,RC2_0018_ICR-1_p08
389.045516962,473.103033295,84.057516333,Other,random,C5H8O1,84.057515000,RC2_0018_ICR-1_p08
367.131645187,451.189162520,84.057517333,Other,random,C5H8O1,84.057515000,RC2_0018_ICR-1_p08
417.067288392,501.124805725,84.057517333,Other,random,C5H8O1,84.057515000,RC2_0018_ICR-1_p08
308.041076461,392.098594794,84.057518333,Other,random,C5H8O1,84.057515000,RC2_0018_ICR-1_p08
537.234101677,621.291620010,84.057518333,Other,random,C5H8O1,84.057515000,RC2_0018_ICR-1_p08
435.087517062,519.145035394,84.057518333,Other,random,C5H8O1,84.057515000,RC2_0018_ICR-1_p08
353.160383749,437.217903082,84.057519333,Other,random,C5H8O1,84.057515000,RC2_0018_ICR-1_p08
615.208632216,699.266151549,84.057519333,Other,random,C5H8O1,84.057515000,RC2_0018_ICR-1_p08
411.121443826,495.178963159,84.057519333,Other,random,C5H8O1,84.057515000,RC2_0018_ICR-1_p08
609.073514714,693.131034047,84.057519333,Other,random,C5H8O1,84.057515000,RC2_0018_ICR-1_p08
359.053821610,443.111341942,84.057520333,Other,random,C5H8O1,84.057515000,RC2_0018_ICR-1_p08
619.203488752,703.261009085,84.057520333,Other,random,C5H8O1,84.057515000,RC2_0018_ICR-1_p08
365.209890993,449.267411326,84.057520333,Other,random,C5H8O1,84.057515000,RC2_0018_ICR-1_p08
375.108330333,459.165850666,84.057520333,Other,random,C5H8O1,84.057515000,RC2_0018_ICR-1_p08
725.158199954,809.215721287,84.057521333,Other,random,C5H8O1,84.057515000,RC2_0018_ICR-1_p08
406.077932186,490.135453519,84.057521333,Other,random,C5H8O1,84.057515000,RC2_0018_ICR-1_p08
361.092720145,445.150241477,84.057521333,Other,random,C5H8O1,84.057515000,RC2_0018_ICR-1_p08
529.148295145,613.205816478,84.057521333,Other,random,C5H8O1,84.057515000,RC2_0018_ICR-1_p08
595.130743116,679.188264449,84.057521333,Other,random,C5H8O1,84.057515000,RC2_0018_ICR-1_p08
339.121500692,423.179023025,84.057522333,Other,random,C5H8O1,84.057515000,RC2_0018_ICR-1_p08
431.056118731,515.113641064,84.057522333,Other,random,C5H8O1,84.057515000,RC2_0018_ICR-1_p08
575.140751523,659.198273856,84.057522333,Other,random,C5H8O1,84.057515000,RC2_0018_ICR-1_p08
340.080367300,424.137889633,84.057522333,Other,random,C5H8O1,84.057515000,RC2_0018_ICR-1_p08
345.038086422,429.095608755,84.057522333,Other,random,C5H8O1,84.057515000,RC2_0018_ICR-1_p08
349.056375827,433.113898159,84.057522333,Other,random,C5H8O1,84.057515000,RC2_0018_ICR-1_p08
369.082494217,453.140016550,84.057522333,Other,random,C5H8O1,84.057515000,RC2_0018_ICR-1_p08
399.056774667,483.114298000,84.057523333,Other,random,C5H8O1,84.057515000,RC2_0018_ICR-1_p08
399.071989582,483.129512915,84.057523333,Other,random,C5H8O1,84.057515000,RC2_0018_ICR-1_p08
765.189893850,849.247417183,84.057523333,Other,random,C5H8O1,84.057515000,RC2_0018_ICR-1_p08
411.215338298,495.272862631,84.057524333,Other,random,C5H8O1,84.057515000,RC2_0018_ICR-1_p08
385.056375394,470.072745335,85.016369941,Other,random,C3H3N1O2,85.016379000,RC2_0018_ICR-1_p08
479.119331465,564.135701406,85.016369941,Other,random,C3H3N1O2,85.016379000,RC2_0018_ICR-1_p08
597.218923374,682.235295315,85.016371941,Other,random,C3H3N1O2,85.016379000,RC2_0018_ICR-1_p08
353.051318362,438.067690304,85.016371941,Other,random,C3H3N1O2,85.016379000,RC2_0018_ICR-1_p08
373.069405798,458.085777739,85.016371941,Other,random,C3H3N1O2,85.016379000,RC2_0018_ICR-1_p08
305.030254392,390.046627333,85.016372941,Other,random,C3H3N1O2,85.016379000,RC2_0018_ICR-1_p08
429.082634828,514.099015769,85.016380941,Other,random,C3H3N1O2,85.016379000,RC2_0018_ICR-1_p08
491.082961191,576.099342133,85.016380941,Other,random,C3H3N1O2,85.016379000,RC2_0018_ICR-1_p08
351.157790010,436.174171951,85.016381941,Other,random,C3H3N1O2,85.016379000,RC2_0018_ICR-1_p08
357.074526739,442.090909681,85.016382941,Other,random,C3H3N1O2,85.016379000,RC2_0018_ICR-1_p08
359.053821610,444.070206551,85.016384941,Other,random,C3H3N1O2,85.016379000,RC2_0018_ICR-1_p08
315.087322839,400.103707780,85.016384941,Other,random,C3H3N1O2,85.016379000,RC2_0018_ICR-1_p08
457.098694290,542.115081231,85.016386941,Other,random,C3H3N1O2,85.016379000,RC2_0018_ICR-1_p08
535.145845420,620.162233361,85.016387941,Other,random,C3H3N1O2,85.016379000,RC2_0018_ICR-1_p08
339.121500692,424.137889633,85.016388941,Other,random,C3H3N1O2,85.016379000,RC2_0018_ICR-1_p08
373.142179389,458.158568330,85.016388941,Other,random,C3H3N1O2,85.016379000,RC2_0018_ICR-1_p08
359.090145405,444.142874142,85.052728737,Other,random,C4H7N1O1,85.052738080,RC2_0018_ICR-1_p08
553.156403144,638.209133881,85.052730737,Other,random,C4H7N1O1,85.052738080,RC2_0018_ICR-1_p08
447.020366961,532.073097698,85.052730737,Other,random,C4H7N1O1,85.052738080,RC2_0018_ICR-1_p08
477.030962208,562.083698944,85.052736737,Other,random,C4H7N1O1,85.052738080,RC2_0018_ICR-1_p08
309.173998091,394.226734827,85.052736737,Other,random,C4H7N1O1,85.052738080,RC2_0018_ICR-1_p08
347.090232882,432.142973619,85.052740737,Other,random,C4H7N1O1,85.052738080,RC2_0018_ICR-1_p08
375.048621669,460.101363405,85.052741737,Other,random,C4H7N1O1,85.052738080,RC2_0018_ICR-1_p08
329.030249436,414.082996173,85.052746737,Other,random,C4H7N1O1,85.052738080,RC2_0018_ICR-1_p08
359.040778683,444.093525420,85.052746737,Other,random,C4H7N1O1,85.052738080,RC2_0018_ICR-1_p08
457.062334494,542.115081231,85.052746737,Other,random,C4H7N1O1,85.052738080,RC2_0018_ICR-1_p08
417.046235510,502.098983247,85.052747737,Other,random,C4H7N1O1,85.052738080,RC2_0018_ICR-1_p08
319.139710052,405.140094460,86.000384408,Other,random,malonyl group (-H2O),86.000393990,RC2_0018_ICR-1_p08
443.264850079,529.265234487,86.000384408,Other,random,malonyl group (-H2O),86.000393990,RC2_0018_ICR-1_p08
361.113917025,447.114301433,86.000384408,Other,random,malonyl group (-H2O),86.000393990,RC2_0018_ICR-1_p08
627.245272532,713.245656940,86.000384408,Other,random,malonyl group (-H2O),86.000393990,RC2_0018_ICR-1_p08
319.058918506,405.059303914,86.000385408,Other,random,malonyl group (-H2O),86.000393990,RC2_0018_ICR-1_p08
355.113010769,441.113396177,86.000385408,Other,random,malonyl group (-H2O),86.000393990,RC2_0018_ICR-1_p08
583.218856099,669.219241506,86.000385408,Other,random,malonyl group (-H2O),86.000393990,RC2_0018_ICR-1_p08
332.113851097,418.114236505,86.000385408,Other,random,malonyl group (-H2O),86.000393990,RC2_0018_ICR-1_p08
335.077134434,421.077519842,86.000385408,Other,random,malonyl group (-H2O),86.000393990,RC2_0018_ICR-1_p08
365.173435198,451.173820606,86.000385408,Other,random,malonyl group (-H2O),86.000393990,RC2_0018_ICR-1_p08
419.170967563,505.171352970,86.000385408,Other,random,malonyl group (-H2O),86.000393990,RC2_0018_ICR-1_p08
343.067013506,429.067400914,86.000387408,Other,random,malonyl group (-H2O),86.000393990,RC2_0018_ICR-1_p08
455.134775333,541.135162741,86.000387408,Other,random,malonyl group (-H2O),86.000393990,RC2_0018_ICR-1_p08
341.152354272,427.152741680,86.000387408,Other,random,malonyl group (-H2O),86.000393990,RC2_0018_ICR-1_p08
389.072423811,475.072811219,86.000387408,Other,random,malonyl group (-H2O),86.000393990,RC2_0018_ICR-1_p08
505.148119101,591.148506509,86.000387408,Other,random,malonyl group (-H2O),86.000393990,RC2_0018_ICR-1_p08
533.093773959,619.094161367,86.000387408,Other,random,malonyl group (-H2O),86.000393990,RC2_0018_ICR-1_p08
355.095331869,441.095719277,86.000387408,Other,random,malonyl group (-H2O),86.000393990,RC2_0018_ICR-1_p08
359.162983996,445.163371404,86.000387408,Other,random,malonyl group (-H2O),86.000393990,RC2_0018_ICR-1_p08
377.137126925,463.137514333,86.000387408,Other,random,malonyl group (-H2O),86.000393990,RC2_0018_ICR-1_p08
530.188080298,616.188467706,86.000387408,Other,random,malonyl group (-H2O),86.000393990,RC2_0018_ICR-1_p08
359.061895564,445.062284972,86.000389408,Other,random,malonyl group (-H2O),86.000393990,RC2_0018_ICR-1_p08
369.128589958,455.128979366,86.000389408,Other,random,malonyl group (-H2O),86.000393990,RC2_0018_ICR-1_p08
383.098099405,469.098488813,86.000389408,Other,random,malonyl group (-H2O),86.000393990,RC2_0018_ICR-1_p08
625.229731866,711.230121273,86.000389408,Other,random,malonyl group (-H2O),86.000393990,RC2_0018_ICR-1_p08
371.107915828,457.108306236,86.000390408,Other,random,malonyl group (-H2O),86.000393990,RC2_0018_ICR-1_p08
553.265376531,639.265766939,86.000390408,Other,random,malonyl group (-H2O),86.000393990,RC2_0018_ICR-1_p08
349.092643623,435.093034031,86.000390408,Other,random,malonyl group (-H2O),86.000393990,RC2_0018_ICR-1_p08
320.077540779,406.077932186,86.000391408,Other,random,malonyl group (-H2O),86.000393990,RC2_0018_ICR-1_p08
393.132103983,479.132495391,86.000391408,Other,random,malonyl group (-H2O),86.000393990,RC2_0018_ICR-1_p08
447.160370174,533.160761582,86.000391408,Other,random,malonyl group (-H2O),86.000393990,RC2_0018_ICR-1_p08
471.093025598,557.093417005,86.000391408,Other,random,malonyl group (-H2O),86.000393990,RC2_0018_ICR-1_p08
369.155296808,455.155689215,86.000392408,Other,random,malonyl group (-H2O),86.000393990,RC2_0018_ICR-1_p08
415.030477845,501.030870253,86.000392408,Other,random,malonyl group (-H2O),86.000393990,RC2_0018_ICR-1_p08
759.324139834,845.324532242,86.000392408,Other,random,malonyl group (-H2O),86.000393990,RC2_0018_ICR-1_p08
256.046348835,342.046742243,86.000393408,Other,random,malonyl group (-H2O),86.000393990,RC2_0018_ICR-1_p08
513.140135161,599.140528569,86.000393408,Other,random,malonyl group (-H2O),86.000393990,RC2_0018_ICR-1_p08
394.114237460,480.114630868,86.000393408,Other,random,malonyl group (-H2O),86.000393990,RC2_0018_ICR-1_p08
397.129119507,483.129512915,86.000393408,Other,random,malonyl group (-H2O),86.000393990,RC2_0018_ICR-1_p08
441.168368868,527.168762276,86.000393408,Other,random,malonyl group (-H2O),86.000393990,RC2_0018_ICR-1_p08
331.131665620,417.132059028,86.000393408,Other,random,malonyl group (-H2O),86.000393990,RC2_0018_ICR-1_p08
317.051304796,403.051699203,86.000394408,Other,random,malonyl group (-H2O),86.000393990,RC2_0018_ICR-1_p08
367.139622142,453.140016550,86.000394408,Other,random,malonyl group (-H2O),86.000393990,RC2_0018_ICR-1_p08
367.168113982,453.168508390,86.000394408,Other,random,malonyl group (-H2O),86.000393990,RC2_0018_ICR-1_p08
377.087578203,463.087972611,86.000394408,Other,random,malonyl group (-H2O),86.000393990,RC2_0018_ICR-1_p08
409.163329837,495.163724245,86.000394408,Other,random,malonyl group (-H2O),86.000393990,RC2_0018_ICR-1_p08
413.181593242,499.181987649,86.000394408,Other,random,malonyl group (-H2O),86.000393990,RC2_0018_ICR-1_p08
419.207264358,505.207658766,86.000394408,Other,random,malonyl group (-H2O),86.000393990,RC2_0018_ICR-1_p08
649.141561406,735.141955814,86.000394408,Other,random,malonyl group (-H2O),86.000393990,RC2_0018_ICR-1_p08
457.207833676,543.208229084,86.000395408,Other,random,malonyl group (-H2O),86.000393990,RC2_0018_ICR-1_p08
413.124008565,499.124403973,86.000395408,Other,random,malonyl group (-H2O),86.000393990,RC2_0018_ICR-1_p08
485.194754302,571.195149710,86.000395408,Other,random,malonyl group (-H2O),86.000393990,RC2_0018_ICR-1_p08
485.166390461,571.166786869,86.000396408,Other,random,malonyl group (-H2O),86.000393990,RC2_0018_ICR-1_p08
415.189045953,501.189443361,86.000397408,Other,random,malonyl group (-H2O),86.000393990,RC2_0018_ICR-1_p08
421.223101023,507.223498431,86.000397408,Other,random,malonyl group (-H2O),86.000393990,RC2_0018_ICR-1_p08
513.124954246,599.125351654,86.000397408,Other,random,malonyl group (-H2O),86.000393990,RC2_0018_ICR-1_p08
369.110979057,455.111377465,86.000398408,Other,random,malonyl group (-H2O),86.000393990,RC2_0018_ICR-1_p08
531.259936271,617.260334679,86.000398408,Other,random,malonyl group (-H2O),86.000393990,RC2_0018_ICR-1_p08
374.051647275,460.052045683,86.000398408,Other,random,malonyl group (-H2O),86.000393990,RC2_0018_ICR-1_p08
521.239067619,607.239467027,86.000399408,Other,random,malonyl group (-H2O),86.000393990,RC2_0018_ICR-1_p08
317.139331301,403.139730708,86.000399408,Other,random,malonyl group (-H2O),86.000393990,RC2_0018_ICR-1_p08
280.082586676,366.082986084,86.000399408,Other,random,malonyl group (-H2O),86.000393990,RC2_0018_ICR-1_p08
338.145753179,424.146152586,86.000399408,Other,random,malonyl group (-H2O),86.000393990,RC2_0018_ICR-1_p08
405.155323374,491.155723782,86.000400408,Other,random,malonyl group (-H2O),86.000393990,RC2_0018_ICR-1_p08
421.163278359,507.163678767,86.000400408,Other,random,malonyl group (-H2O),86.000393990,RC2_0018_ICR-1_p08
509.057255119,595.057655527,86.000400408,Other,random,malonyl group (-H2O),86.000393990,RC2_0018_ICR-1_p08
296.041188938,382.041589346,86.000400408,Other,random,malonyl group (-H2O),86.000393990,RC2_0018_ICR-1_p08
363.102799842,449.103200249,86.000400408,Other,random,malonyl group (-H2O),86.000393990,RC2_0018_ICR-1_p08
603.244816490,689.245216898,86.000400408,Other,random,malonyl group (-H2O),86.000393990,RC2_0018_ICR-1_p08
304.046225925,390.046627333,86.000401408,Other,random,malonyl group (-H2O),86.000393990,RC2_0018_ICR-1_p08
313.048365305,399.048766712,86.000401408,Other,random,malonyl group (-H2O),86.000393990,RC2_0018_ICR-1_p08
345.134324881,431.134726289,86.000401408,Other,random,malonyl group (-H2O),86.000393990,RC2_0018_ICR-1_p08
349.142133344,435.142534752,86.000401408,Other,random,malonyl group (-H2O),86.000393990,RC2_0018_ICR-1_p08
387.144773650,473.145175058,86.000401408,Other,random,malonyl group (-H2O),86.000393990,RC2_0018_ICR-1_p08
447.124015379,533.124416787,86.000401408,Other,random,malonyl group (-H2O),86.000393990,RC2_0018_ICR-1_p08
386.080683634,472.081086042,86.000402408,Other,random,malonyl group (-H2O),86.000393990,RC2_0018_ICR-1_p08
446.109202085,532.109604493,86.000402408,Other,random,malonyl group (-H2O),86.000393990,RC2_0018_ICR-1_p08
365.118477507,451.118880915,86.000403408,Other,random,malonyl group (-H2O),86.000393990,RC2_0018_ICR-1_p08
345.097855086,431.098258494,86.000403408,Other,random,malonyl group (-H2O),86.000393990,RC2_0018_ICR-1_p08
349.087113654,435.087517062,86.000403408,Other,random,malonyl group (-H2O),86.000393990,RC2_0018_ICR-1_p08
321.097860041,407.098263449,86.000403408,Other,random,malonyl group (-H2O),86.000393990,RC2_0018_ICR-1_p08
335.113503229,421.113906637,86.000403408,Other,random,malonyl group (-H2O),86.000393990,RC2_0018_ICR-1_p08
423.056851712,509.057255119,86.000403408,Other,random,malonyl group (-H2O),86.000393990,RC2_0018_ICR-1_p08
488.083442058,574.083845466,86.000403408,Other,random,malonyl group (-H2O),86.000393990,RC2_0018_ICR-1_p08
397.105796638,483.106208046,86.000411408,Other,random,malonyl_group_(_H2O)_C3H2O3,86.000420780,RC2_0018_ICR-1_p08
421.113906637,507.114318045,86.000411408,Other,random,malonyl_group_(_H2O)_C3H2O3,86.000420780,RC2_0018_ICR-1_p08
479.155823259,565.156234667,86.000411408,Other,random,malonyl_group_(_H2O)_C3H2O3,86.000420780,RC2_0018_ICR-1_p08
565.192639462,651.193050870,86.000411408,Other,random,malonyl_group_(_H2O)_C3H2O3,86.000420780,RC2_0018_ICR-1_p08
477.189641315,563.190053723,86.000412408,Other,random,malonyl_group_(_H2O)_C3H2O3,86.000420780,RC2_0018_ICR-1_p08
343.176169892,429.176582300,86.000412408,Other,random,malonyl_group_(_H2O)_C3H2O3,86.000420780,RC2_0018_ICR-1_p08
391.103239391,477.103651799,86.000412408,Other,random,malonyl_group_(_H2O)_C3H2O3,86.000420780,RC2_0018_ICR-1_p08
519.187212157,605.187624565,86.000412408,Other,random,malonyl_group_(_H2O)_C3H2O3,86.000420780,RC2_0018_ICR-1_p08
561.124918336,647.125330744,86.000412408,Other,random,malonyl_group_(_H2O)_C3H2O3,86.000420780,RC2_0018_ICR-1_p08
439.051597771,525.052011179,86.000413408,Other,random,malonyl_group_(_H2O)_C3H2O3,86.000420780,RC2_0018_ICR-1_p08
373.178573184,459.178986592,86.000413408,Other,random,malonyl_group_(_H2O)_C3H2O3,86.000420780,RC2_0018_ICR-1_p08
409.223013501,495.223426909,86.000413408,Other,random,malonyl_group_(_H2O)_C3H2O3,86.000420780,RC2_0018_ICR-1_p08
374.100948997,460.101363405,86.000414408,Other,random,malonyl_group_(_H2O)_C3H2O3,86.000420780,RC2_0018_ICR-1_p08
345.061430291,431.061844698,86.000414408,Other,random,malonyl_group_(_H2O)_C3H2O3,86.000420780,RC2_0018_ICR-1_p08
465.067479480,551.067893888,86.000414408,Other,random,malonyl_group_(_H2O)_C3H2O3,86.000420780,RC2_0018_ICR-1_p08
373.215043979,459.215459387,86.000415408,Other,random,malonyl_group_(_H2O)_C3H2O3,86.000420780,RC2_0018_ICR-1_p08
411.165945576,497.166360984,86.000415408,Other,random,malonyl_group_(_H2O)_C3H2O3,86.000420780,RC2_0018_ICR-1_p08
447.165896143,533.166311551,86.000415408,Other,random,malonyl_group_(_H2O)_C3H2O3,86.000420780,RC2_0018_ICR-1_p08
339.064064015,425.064480422,86.000416408,Other,random,malonyl_group_(_H2O)_C3H2O3,86.000420780,RC2_0018_ICR-1_p08
413.173570287,499.173986694,86.000416408,Other,random,malonyl_group_(_H2O)_C3H2O3,86.000420780,RC2_0018_ICR-1_p08
433.113898159,519.114314567,86.000416408,Other,random,malonyl_group_(_H2O)_C3H2O3,86.000420780,RC2_0018_ICR-1_p08
359.186326864,445.186743272,86.000416408,Other,random,malonyl_group_(_H2O)_C3H2O3,86.000420780,RC2_0018_ICR-1_p08
539.249786343,625.250202750,86.000416408,Other,random,malonyl_group_(_H2O)_C3H2O3,86.000420780,RC2_0018_ICR-1_p08
364.140123009,450.140540416,86.000417408,Other,random,malonyl_group_(_H2O)_C3H2O3,86.000420780,RC2_0018_ICR-1_p08
431.147737215,517.148154623,86.000417408,Other,random,malonyl_group_(_H2O)_C3H2O3,86.000420780,RC2_0018_ICR-1_p08
455.128979366,541.129396773,86.000417408,Other,random,malonyl_group_(_H2O)_C3H2O3,86.000420780,RC2_0018_ICR-1_p08
553.229192735,639.229610142,86.000417408,Other,random,malonyl_group_(_H2O)_C3H2O3,86.000420780,RC2_0018_ICR-1_p08
411.085060031,497.085478438,86.000418408,Other,random,malonyl_group_(_H2O)_C3H2O3,86.000420780,RC2_0018_ICR-1_p08
347.053710088,433.054128496,86.000418408,Other,random,malonyl_group_(_H2O)_C3H2O3,86.000420780,RC2_0018_ICR-1_p08
349.165516213,435.165934621,86.000418408,Other,random,malonyl_group_(_H2O)_C3H2O3,86.000420780,RC2_0018_ICR-1_p08
401.051288452,487.051706860,86.000418408,Other,random,malonyl_group_(_H2O)_C3H2O3,86.000420780,RC2_0018_ICR-1_p08
525.140389682,611.140808090,86.000418408,Other,random,malonyl_group_(_H2O)_C3H2O3,86.000420780,RC2_0018_ICR-1_p08
555.223851518,641.224269926,86.000418408,Other,random,malonyl_group_(_H2O)_C3H2O3,86.000420780,RC2_0018_ICR-1_p08
623.234814083,709.235232491,86.000418408,Other,random,malonyl_group_(_H2O)_C3H2O3,86.000420780,RC2_0018_ICR-1_p08
403.170499535,489.170918943,86.000419408,Other,random,malonyl_group_(_H2O)_C3H2O3,86.000420780,RC2_0018_ICR-1_p08
653.209102534,739.209521941,86.000419408,Other,random,malonyl_group_(_H2O)_C3H2O3,86.000420780,RC2_0018_ICR-1_p08
343.058958551,429.059377959,86.000419408,Other,random,malonyl_group_(_H2O)_C3H2O3,86.000420780,RC2_0018_ICR-1_p08
405.191569171,491.191988578,86.000419408,Other,random,malonyl_group_(_H2O)_C3H2O3,86.000420780,RC2_0018_ICR-1_p08
506.166932372,592.167351780,86.000419408,Other,random,malonyl_group_(_H2O)_C3H2O3,86.000420780,RC2_0018_ICR-1_p08
347.107917783,433.108338191,86.000420408,Other,random,malonyl_group_(_H2O)_C3H2O3,86.000420780,RC2_0018_ICR-1_p08
647.271479922,733.271900329,86.000420408,Other,random,malonyl_group_(_H2O)_C3H2O3,86.000420780,RC2_0018_ICR-1_p08
475.124497928,561.124918336,86.000420408,Other,random,malonyl_group_(_H2O)_C3H2O3,86.000420780,RC2_0018_ICR-1_p08
406.150679777,492.151100185,86.000420408,Other,random,malonyl_group_(_H2O)_C3H2O3,86.000420780,RC2_0018_ICR-1_p08
363.121434737,449.121856145,86.000421408,Other,random,malonyl_group_(_H2O)_C3H2O3,86.000420780,RC2_0018_ICR-1_p08
375.121390259,461.121811667,86.000421408,Other,random,malonyl_group_(_H2O)_C3H2O3,86.000420780,RC2_0018_ICR-1_p08
401.137058970,487.137480377,86.000421408,Other,random,malonyl_group_(_H2O)_C3H2O3,86.000420780,RC2_0018_ICR-1_p08
413.118363597,499.118785005,86.000421408,Other,random,malonyl_group_(_H2O)_C3H2O3,86.000420780,RC2_0018_ICR-1_p08
473.181647853,559.182069261,86.000421408,Other,random,malonyl_group_(_H2O)_C3H2O3,86.000420780,RC2_0018_ICR-1_p08
591.281122763,677.281544171,86.000421408,Other,random,malonyl_group_(_H2O)_C3H2O3,86.000420780,RC2_0018_ICR-1_p08
365.124004476,451.124426884,86.000422408,Other,random,malonyl_group_(_H2O)_C3H2O3,86.000420780,RC2_0018_ICR-1_p08
383.134591200,469.135013608,86.000422408,Other,random,malonyl_group_(_H2O)_C3H2O3,86.000420780,RC2_0018_ICR-1_p08
441.176390823,527.176814231,86.000423408,Other,random,malonyl_group_(_H2O)_C3H2O3,86.000420780,RC2_0018_ICR-1_p08
369.074437262,455.074861670,86.000424408,Other,random,malonyl_group_(_H2O)_C3H2O3,86.000420780,RC2_0018_ICR-1_p08
481.135085130,567.135509537,86.000424408,Other,random,malonyl_group_(_H2O)_C3H2O3,86.000420780,RC2_0018_ICR-1_p08
325.056400782,411.056826189,86.000425408,Other,random,malonyl_group_(_H2O)_C3H2O3,86.000420780,RC2_0018_ICR-1_p08
415.066942640,501.067369048,86.000426408,Other,random,malonyl_group_(_H2O)_C3H2O3,86.000420780,RC2_0018_ICR-1_p08
423.121467348,509.121894756,86.000427408,Other,random,malonyl_group_(_H2O)_C3H2O3,86.000420780,RC2_0018_ICR-1_p08
377.124061998,463.124489406,86.000427408,Other,random,malonyl_group_(_H2O)_C3H2O3,86.000420780,RC2_0018_ICR-1_p08
365.051176886,451.051605293,86.000428408,Other,random,malonyl_group_(_H2O)_C3H2O3,86.000420780,RC2_0018_ICR-1_p08
565.229142257,651.229570665,86.000428408,Other,random,malonyl_group_(_H2O)_C3H2O3,86.000420780,RC2_0018_ICR-1_p08
343.131660142,429.132088550,86.000428408,Other,random,malonyl_group_(_H2O)_C3H2O3,86.000420780,RC2_0018_ICR-1_p08
348.108732155,434.109160563,86.000428408,Other,random,malonyl_group_(_H2O)_C3H2O3,86.000420780,RC2_0018_ICR-1_p08
391.030533800,477.030962208,86.000428408,Other,random,malonyl_group_(_H2O)_C3H2O3,86.000420780,RC2_0018_ICR-1_p08
351.100419333,437.100848740,86.000429408,Other,random,malonyl_group_(_H2O)_C3H2O3,86.000420780,RC2_0018_ICR-1_p08
380.184215790,466.184645198,86.000429408,Other,random,malonyl_group_(_H2O)_C3H2O3,86.000420780,RC2_0018_ICR-1_p08
391.225513704,477.225943111,86.000429408,Other,random,malonyl_group_(_H2O)_C3H2O3,86.000420780,RC2_0018_ICR-1_p08
403.066921118,489.067350525,86.000429408,Other,random,malonyl_group_(_H2O)_C3H2O3,86.000420780,RC2_0018_ICR-1_p08
405.168341301,491.168770709,86.000429408,Other,random,malonyl_group_(_H2O)_C3H2O3,86.000420780,RC2_0018_ICR-1_p08
415.233712702,501.234142110,86.000429408,Other,random,malonyl_group_(_H2O)_C3H2O3,86.000420780,RC2_0018_ICR-1_p08
747.323829314,833.324258721,86.000429408,Other,random,malonyl_group_(_H2O)_C3H2O3,86.000420780,RC2_0018_ICR-1_p08
381.168303257,467.168733664,86.000430408,Other,random,malonyl_group_(_H2O)_C3H2O3,86.000420780,RC2_0018_ICR-1_p08
457.199825721,543.200256129,86.000430408,Other,random,malonyl_group_(_H2O)_C3H2O3,86.000420780,RC2_0018_ICR-1_p08
498.125370591,584.125800999,86.000430408,Other,random,malonyl_group_(_H2O)_C3H2O3,86.000420780,RC2_0018_ICR-1_p08
371.040600206,457.041030614,86.000430408,Other,random,malonyl_group_(_H2O)_C3H2O3,86.000420780,RC2_0018_ICR-1_p08
418.150735299,504.151165707,86.000430408,Other,random,malonyl_group_(_H2O)_C3H2O3,86.000420780,RC2_0018_ICR-1_p08
429.067400914,515.104171117,86.036770203,Other,random,C4H6O2,86.036780000,RC2_0018_ICR-1_p08
437.137212536,523.173982739,86.036770203,Other,random,C4H6O2,86.036780000,RC2_0018_ICR-1_p08
391.097647423,477.134418626,86.036771203,Other,random,C4H6O2,86.036780000,RC2_0018_ICR-1_p08
401.100709174,487.137480377,86.036771203,Other,random,C4H6O2,86.036780000,RC2_0018_ICR-1_p08
399.144775173,485.181546376,86.036771203,Other,random,C4H6O2,86.036780000,RC2_0018_ICR-1_p08
361.142082867,447.178854070,86.036771203,Other,random,C4H6O2,86.036780000,RC2_0018_ICR-1_p08
341.087646636,427.124418839,86.036772203,Other,random,C4H6O2,86.036780000,RC2_0018_ICR-1_p08
356.111617154,442.148389357,86.036772203,Other,random,C4H6O2,86.036780000,RC2_0018_ICR-1_p08
445.062284972,531.099057175,86.036772203,Other,random,C4H6O2,86.036780000,RC2_0018_ICR-1_p08
483.160419741,569.197191944,86.036772203,Other,random,C4H6O2,86.036780000,RC2_0018_ICR-1_p08
335.077134434,421.113906637,86.036772203,Other,random,C4H6O2,86.036780000,RC2_0018_ICR-1_p08
343.121871197,429.158643400,86.036772203,Other,random,C4H6O2,86.036780000,RC2_0018_ICR-1_p08
259.155033354,345.191806558,86.036773203,Other,random,C4H6O2,86.036780000,RC2_0018_ICR-1_p08
313.084699100,399.121472304,86.036773203,Other,random,C4H6O2,86.036780000,RC2_0018_ICR-1_p08
342.095855967,428.132629170,86.036773203,Other,random,C4H6O2,86.036780000,RC2_0018_ICR-1_p08
349.087113654,435.123886857,86.036773203,Other,random,C4H6O2,86.036780000,RC2_0018_ICR-1_p08
550.120288216,636.157061420,86.036773203,Other,random,C4H6O2,86.036780000,RC2_0018_ICR-1_p08
521.202691824,607.239467027,86.036775203,Other,random,C4H6O2,86.036780000,RC2_0018_ICR-1_p08
407.126629290,493.163404493,86.036775203,Other,random,C4H6O2,86.036780000,RC2_0018_ICR-1_p08
415.170481058,501.207256261,86.036775203,Other,random,C4H6O2,86.036780000,RC2_0018_ICR-1_p08
377.045641439,463.082417642,86.036776203,Other,random,C4H6O2,86.036780000,RC2_0018_ICR-1_p08
519.078013771,605.114789975,86.036776203,Other,random,C4H6O2,86.036780000,RC2_0018_ICR-1_p08
361.069333276,447.106109479,86.036776203,Other,random,C4H6O2,86.036780000,RC2_0018_ICR-1_p08
365.087650681,451.124426884,86.036776203,Other,random,C4H6O2,86.036780000,RC2_0018_ICR-1_p08
382.049436302,468.086213505,86.036777203,Other,random,C4H6O2,86.036780000,RC2_0018_ICR-1_p08
413.181593242,499.218370445,86.036777203,Other,random,C4H6O2,86.036780000,RC2_0018_ICR-1_p08
521.166497028,607.203274231,86.036777203,Other,random,C4H6O2,86.036780000,RC2_0018_ICR-1_p08
615.208632216,701.245409419,86.036777203,Other,random,C4H6O2,86.036780000,RC2_0018_ICR-1_p08
423.056851712,509.093628915,86.036777203,Other,random,C4H6O2,86.036780000,RC2_0018_ICR-1_p08
497.231171619,583.267949822,86.036778203,Other,random,C4H6O2,86.036780000,RC2_0018_ICR-1_p08
349.201939008,435.238717211,86.036778203,Other,random,C4H6O2,86.036780000,RC2_0018_ICR-1_p08
389.173446243,475.210224446,86.036778203,Other,random,C4H6O2,86.036780000,RC2_0018_ICR-1_p08
413.064295901,499.101074104,86.036778203,Other,random,C4H6O2,86.036780000,RC2_0018_ICR-1_p08
421.199858154,507.236636357,86.036778203,Other,random,C4H6O2,86.036780000,RC2_0018_ICR-1_p08
401.087688247,487.124467451,86.036779203,Other,random,C4H6O2,86.036780000,RC2_0018_ICR-1_p08
455.092617570,541.129396773,86.036779203,Other,random,C4H6O2,86.036780000,RC2_0018_ICR-1_p08
339.035559175,425.072339378,86.036780203,Other,random,C4H6O2,86.036780000,RC2_0018_ICR-1_p08
345.074575217,431.111355420,86.036780203,Other,random,C4H6O2,86.036780000,RC2_0018_ICR-1_p08
335.053840565,421.090621768,86.036781203,Other,random,C4H6O2,86.036780000,RC2_0018_ICR-1_p08
393.132103983,479.168885186,86.036781203,Other,random,C4H6O2,86.036780000,RC2_0018_ICR-1_p08
409.178513751,495.215294955,86.036781203,Other,random,C4H6O2,86.036780000,RC2_0018_ICR-1_p08
457.199825721,543.236606924,86.036781203,Other,random,C4H6O2,86.036780000,RC2_0018_ICR-1_p08
397.142196433,483.178977637,86.036781203,Other,random,C4H6O2,86.036780000,RC2_0018_ICR-1_p08
497.035961717,583.072742920,86.036781203,Other,random,C4H6O2,86.036780000,RC2_0018_ICR-1_p08
374.124444865,460.161227069,86.036782203,Other,random,C4H6O2,86.036780000,RC2_0018_ICR-1_p08
621.182911621,707.219693825,86.036782203,Other,random,C4H6O2,86.036780000,RC2_0018_ICR-1_p08
330.111208358,416.147990561,86.036782203,Other,random,C4H6O2,86.036780000,RC2_0018_ICR-1_p08
379.095287914,465.132070117,86.036782203,Other,random,C4H6O2,86.036780000,RC2_0018_ICR-1_p08
429.119014623,515.155796827,86.036782203,Other,random,C4H6O2,86.036780000,RC2_0018_ICR-1_p08
463.124489406,549.161272609,86.036783203,Other,random,C4H6O2,86.036780000,RC2_0018_ICR-1_p08
285.170673065,371.207456268,86.036783203,Other,random,C4H6O2,86.036780000,RC2_0018_ICR-1_p08
445.144684509,531.181467712,86.036783203,Other,random,C4H6O2,86.036780000,RC2_0018_ICR-1_p08
415.103194436,501.139977639,86.036783203,Other,random,C4H6O2,86.036780000,RC2_0018_ICR-1_p08
475.124497928,561.161281131,86.036783203,Other,random,C4H6O2,86.036780000,RC2_0018_ICR-1_p08
337.129165895,423.165949098,86.036783203,Other,random,C4H6O2,86.036780000,RC2_0018_ICR-1_p08
379.116272796,465.153057999,86.036785203,Other,random,C4H6O2,86.036780000,RC2_0018_ICR-1_p08
433.222952546,519.259737750,86.036785203,Other,random,C4H6O2,86.036780000,RC2_0018_ICR-1_p08
343.103378301,429.140164504,86.036786203,Other,random,C4H6O2,86.036780000,RC2_0018_ICR-1_p08
373.056418871,459.093205074,86.036786203,Other,random,C4H6O2,86.036780000,RC2_0018_ICR-1_p08
377.014726613,463.051512816,86.036786203,Other,random,C4H6O2,86.036780000,RC2_0018_ICR-1_p08
389.123890521,475.160676725,86.036786203,Other,random,C4H6O2,86.036780000,RC2_0018_ICR-1_p08
391.116397317,477.153183520,86.036786203,Other,random,C4H6O2,86.036780000,RC2_0018_ICR-1_p08
350.124471821,436.161259024,86.036787203,Other,random,C4H6O2,86.036780000,RC2_0018_ICR-1_p08
425.145109969,511.181897172,86.036787203,Other,random,C4H6O2,86.036780000,RC2_0018_ICR-1_p08
573.161486653,659.198273856,86.036787203,Other,random,C4H6O2,86.036780000,RC2_0018_ICR-1_p08
609.255484691,695.292271894,86.036787203,Other,random,C4H6O2,86.036780000,RC2_0018_ICR-1_p08
539.205385592,625.242172796,86.036787203,Other,random,C4H6O2,86.036780000,RC2_0018_ICR-1_p08
403.139730708,489.176519912,86.036789203,Other,random,C4H6O2,86.036780000,RC2_0018_ICR-1_p08
543.223717997,629.260507200,86.036789203,Other,random,C4H6O2,86.036780000,RC2_0018_ICR-1_p08
401.123941043,487.197097042,86.073155999,Other,random,C5H10O1,86.073165000,RC2_0018_ICR-1_p08
407.074960580,493.148116579,86.073155999,Other,random,C5H10O1,86.073165000,RC2_0018_ICR-1_p08
373.033090002,459.106246001,86.073155999,Other,random,C5H10O1,86.073165000,RC2_0018_ICR-1_p08
409.163329837,495.236485836,86.073155999,Other,random,C5H10O1,86.073165000,RC2_0018_ICR-1_p08
429.119014623,515.192170622,86.073155999,Other,random,C5H10O1,86.073165000,RC2_0018_ICR-1_p08
365.064373811,451.137530810,86.073156999,Other,random,C5H10O1,86.073165000,RC2_0018_ICR-1_p08
518.138134056,604.211291055,86.073156999,Other,random,C5H10O1,86.073165000,RC2_0018_ICR-1_p08
405.132003506,491.205161504,86.073157999,Other,random,C5H10O1,86.073165000,RC2_0018_ICR-1_p08
257.139457688,343.212616687,86.073158999,Other,random,C5H10O1,86.073165000,RC2_0018_ICR-1_p08
357.025106017,443.098265016,86.073158999,Other,random,C5H10O1,86.073165000,RC2_0018_ICR-1_p08
465.168424912,551.241583911,86.073158999,Other,random,C5H10O1,86.073165000,RC2_0018_ICR-1_p08
361.056382349,447.129542348,86.073159999,Other,random,C5H10O1,86.073165000,RC2_0018_ICR-1_p08
533.093773959,619.166933958,86.073159999,Other,random,C5H10O1,86.073165000,RC2_0018_ICR-1_p08
308.041076461,394.114237460,86.073160999,Other,random,C5H10O1,86.073165000,RC2_0018_ICR-1_p08
332.077574301,418.150735299,86.073160999,Other,random,C5H10O1,86.073165000,RC2_0018_ICR-1_p08
401.145151924,487.218312923,86.073160999,Other,random,C5H10O1,86.073165000,RC2_0018_ICR-1_p08
409.150265910,495.223426909,86.073160999,Other,random,C5H10O1,86.073165000,RC2_0018_ICR-1_p08
691.079584583,777.152745581,86.073160999,Other,random,C5H10O1,86.073165000,RC2_0018_ICR-1_p08
353.124115953,439.197276952,86.073160999,Other,random,C5H10O1,86.073165000,RC2_0018_ICR-1_p08
423.093122508,509.166284506,86.073161999,Other,random,C5H10O1,86.073165000,RC2_0018_ICR-1_p08
429.082634828,515.155796827,86.073161999,Other,random,C5H10O1,86.073165000,RC2_0018_ICR-1_p08
485.072425989,571.145587988,86.073161999,Other,random,C5H10O1,86.073165000,RC2_0018_ICR-1_p08
345.074575217,431.147737215,86.073161999,Other,random,C5H10O1,86.073165000,RC2_0018_ICR-1_p08
385.123507016,471.196669015,86.073161999,Other,random,C5H10O1,86.073165000,RC2_0018_ICR-1_p08
543.062922901,629.136084900,86.073161999,Other,random,C5H10O1,86.073165000,RC2_0018_ICR-1_p08
431.025617902,517.098779901,86.073161999,Other,random,C5H10O1,86.073165000,RC2_0018_ICR-1_p08
335.149938024,421.223101023,86.073162999,Other,random,C5H10O1,86.073165000,RC2_0018_ICR-1_p08
393.168266779,479.241429778,86.073162999,Other,random,C5H10O1,86.073165000,RC2_0018_ICR-1_p08
445.199674200,531.272838198,86.073163999,Other,random,C5H10O1,86.073165000,RC2_0018_ICR-1_p08
367.139622142,453.212787141,86.073164999,Other,random,C5H10O1,86.073165000,RC2_0018_ICR-1_p08
383.170868996,469.244033995,86.073164999,Other,random,C5H10O1,86.073165000,RC2_0018_ICR-1_p08
389.118343553,475.191508551,86.073164999,Other,random,C5H10O1,86.073165000,RC2_0018_ICR-1_p08
403.030465323,489.103630321,86.073164999,Other,random,C5H10O1,86.073165000,RC2_0018_ICR-1_p08
481.127144174,567.200309173,86.073164999,Other,random,C5H10O1,86.073165000,RC2_0018_ICR-1_p08
359.077076479,445.150241477,86.073164999,Other,random,C5H10O1,86.073165000,RC2_0018_ICR-1_p08
341.116063476,427.189229475,86.073165999,Other,random,C5H10O1,86.073165000,RC2_0018_ICR-1_p08
515.140530912,601.213696911,86.073165999,Other,random,C5H10O1,86.073165000,RC2_0018_ICR-1_p08
363.194244327,449.267411326,86.073166999,Other,random,C5H10O1,86.073165000,RC2_0018_ICR-1_p08
649.214222997,735.287389996,86.073166999,Other,random,C5H10O1,86.073165000,RC2_0018_ICR-1_p08
406.077932186,492.151100185,86.073167999,Other,random,C5H10O1,86.073165000,RC2_0018_ICR-1_p08
425.137064014,511.210232013,86.073167999,Other,random,C5H10O1,86.073165000,RC2_0018_ICR-1_p08
431.098258494,517.171426492,86.073167999,Other,random,C5H10O1,86.073165000,RC2_0018_ICR-1_p08
343.085475402,429.158643400,86.073167999,Other,random,C5H10O1,86.073165000,RC2_0018_ICR-1_p08
269.131325256,355.204494255,86.073168999,Other,random,C5H10O1,86.073165000,RC2_0018_ICR-1_p08
508.109697448,594.182866446,86.073168999,Other,random,C5H10O1,86.073165000,RC2_0018_ICR-1_p08
373.113906548,459.187075546,86.073168999,Other,random,C5H10O1,86.073165000,RC2_0018_ICR-1_p08
389.014903134,475.088072133,86.073168999,Other,random,C5H10O1,86.073165000,RC2_0018_ICR-1_p08
441.139951028,527.213120027,86.073168999,Other,random,C5H10O1,86.073165000,RC2_0018_ICR-1_p08
355.022549278,441.095719277,86.073169999,Other,random,C5H10O1,86.073165000,RC2_0018_ICR-1_p08
489.226012633,575.299182632,86.073169999,Other,random,C5H10O1,86.073165000,RC2_0018_ICR-1_p08
427.197336429,513.270507428,86.073170999,Other,random,C5H10O1,86.073165000,RC2_0018_ICR-1_p08
465.226000589,551.299171587,86.073170999,Other,random,C5H10O1,86.073165000,RC2_0018_ICR-1_p08
405.046243988,491.119414986,86.073170999,Other,random,C5H10O1,86.073165000,RC2_0018_ICR-1_p08
327.100399288,413.173570287,86.073170999,Other,random,C5H10O1,86.073165000,RC2_0018_ICR-1_p08
413.027903106,499.101074104,86.073170999,Other,random,C5H10O1,86.073165000,RC2_0018_ICR-1_p08
397.113852593,483.187024591,86.073171999,Other,random,C5H10O1,86.073165000,RC2_0018_ICR-1_p08
325.142166299,411.215338298,86.073171999,Other,random,C5H10O1,86.073165000,RC2_0018_ICR-1_p08
361.019884554,447.093056553,86.073171999,Other,random,C5H10O1,86.073165000,RC2_0018_ICR-1_p08
361.142082867,447.215254866,86.073171999,Other,random,C5H10O1,86.073165000,RC2_0018_ICR-1_p08
441.131933073,527.205106072,86.073172999,Other,random,C5H10O1,86.073165000,RC2_0018_ICR-1_p08
417.149773928,503.222946927,86.073172999,Other,random,C5H10O1,86.073165000,RC2_0018_ICR-1_p08
478.099151201,564.172324200,86.073172999,Other,random,C5H10O1,86.073165000,RC2_0018_ICR-1_p08
353.043211408,439.116384407,86.073172999,Other,random,C5H10O1,86.073165000,RC2_0018_ICR-1_p08
353.137176880,439.210349878,86.073172999,Other,random,C5H10O1,86.073165000,RC2_0018_ICR-1_p08
359.071511510,445.144684509,86.073172999,Other,random,C5H10O1,86.073165000,RC2_0018_ICR-1_p08
367.066843551,453.140016550,86.073172999,Other,random,C5H10O1,86.073165000,RC2_0018_ICR-1_p08
373.129200462,459.202373460,86.073172999,Other,random,C5H10O1,86.073165000,RC2_0018_ICR-1_p08
405.168341301,491.241514300,86.073172999,Other,random,C5H10O1,86.073165000,RC2_0018_ICR-1_p08
525.031228296,611.104401294,86.073172999,Other,random,C5H10O1,86.073165000,RC2_0018_ICR-1_p08
563.031732614,649.104905612,86.073172999,Other,random,C5H10O1,86.073165000,RC2_0018_ICR-1_p08
427.088122043,513.161296042,86.073173999,Other,random,C5H10O1,86.073165000,RC2_0018_ICR-1_p08
547.182221738,633.255395736,86.073173999,Other,random,C5H10O1,86.073165000,RC2_0018_ICR-1_p08
389.064304856,475.137479855,86.073174999,Other,random,C5H10O1,86.073165000,RC2_0018_ICR-1_p08
365.087650681,451.160825679,86.073174999,Other,random,C5H10O1,86.073165000,RC2_0018_ICR-1_p08
483.069658251,569.166623116,86.096964865,Other,random,C5H12N1,86.096974000,RC2_0018_ICR-1_p08
561.174511057,647.271479922,86.096968865,Other,random,C5H12N1,86.096974000,RC2_0018_ICR-1_p08
499.101074104,585.198048969,86.096974865,Other,random,C5H12N1,86.096974000,RC2_0018_ICR-1_p08
450.080381755,536.177359619,86.096977865,Other,random,C5H12N1,86.096974000,RC2_0018_ICR-1_p08
601.169358160,687.266337025,86.096978865,Other,random,C5H12N1,86.096974000,RC2_0018_ICR-1_p08
407.134489245,493.244030039,86.109540794,Other,random,C6H14,86.109550000,RC2_0018_ICR-1_p08
367.058966596,453.168508390,86.109541794,Other,random,C6H14,86.109550000,RC2_0018_ICR-1_p08
379.079975000,465.189517794,86.109542794,Other,random,C6H14,86.109550000,RC2_0018_ICR-1_p08
449.194522736,535.304065530,86.109542794,Other,random,C6H14,86.109550000,RC2_0018_ICR-1_p08
429.059377959,515.168920753,86.109542794,Other,random,C6H14,86.109550000,RC2_0018_ICR-1_p08
487.101224581,573.210768375,86.109543794,Other,random,C6H14,86.109550000,RC2_0018_ICR-1_p08
495.142567364,581.252111158,86.109543794,Other,random,C6H14,86.109550000,RC2_0018_ICR-1_p08
519.041645976,605.151190770,86.109544794,Other,random,C6H14,86.109550000,RC2_0018_ICR-1_p08
325.056400782,411.165945576,86.109544794,Other,random,C6H14,86.109550000,RC2_0018_ICR-1_p08
519.127495493,605.237040287,86.109544794,Other,random,C6H14,86.109550000,RC2_0018_ICR-1_p08
565.192639462,651.302184257,86.109544794,Other,random,C6H14,86.109550000,RC2_0018_ICR-1_p08
439.124344362,525.233890156,86.109545794,Other,random,C6H14,86.109550000,RC2_0018_ICR-1_p08
321.097860041,407.207405835,86.109545794,Other,random,C6H14,86.109550000,RC2_0018_ICR-1_p08
329.043292363,415.152838157,86.109545794,Other,random,C6H14,86.109550000,RC2_0018_ICR-1_p08
391.116397317,477.225943111,86.109545794,Other,random,C6H14,86.109550000,RC2_0018_ICR-1_p08
345.055881322,431.165428116,86.109546794,Other,random,C6H14,86.109550000,RC2_0018_ICR-1_p08
487.218312923,573.327859717,86.109546794,Other,random,C6H14,86.109550000,RC2_0018_ICR-1_p08
555.127519060,641.237065854,86.109546794,Other,random,C6H14,86.109550000,RC2_0018_ICR-1_p08
347.053710088,433.163257882,86.109547794,Other,random,C6H14,86.109550000,RC2_0018_ICR-1_p08
441.118922146,527.228469940,86.109547794,Other,random,C6H14,86.109550000,RC2_0018_ICR-1_p08
349.129169417,435.238717211,86.109547794,Other,random,C6H14,86.109550000,RC2_0018_ICR-1_p08
467.147840782,553.257388576,86.109547794,Other,random,C6H14,86.109550000,RC2_0018_ICR-1_p08
341.079680681,427.189229475,86.109548794,Other,random,C6H14,86.109550000,RC2_0018_ICR-1_p08
347.040717161,433.150265955,86.109548794,Other,random,C6H14,86.109550000,RC2_0018_ICR-1_p08
359.053821610,445.163371404,86.109549794,Other,random,C6H14,86.109550000,RC2_0018_ICR-1_p08
541.062486150,627.172035944,86.109549794,Other,random,C6H14,86.109550000,RC2_0018_ICR-1_p08
489.189632838,575.299182632,86.109549794,Other,random,C6H14,86.109550000,RC2_0018_ICR-1_p08
545.078640566,631.188190360,86.109549794,Other,random,C6H14,86.109550000,RC2_0018_ICR-1_p08
315.100332766,401.209883560,86.109550794,Other,random,C6H14,86.109550000,RC2_0018_ICR-1_p08
399.035682786,485.145233580,86.109550794,Other,random,C6H14,86.109550000,RC2_0018_ICR-1_p08
339.035559175,425.145109969,86.109550794,Other,random,C6H14,86.109550000,RC2_0018_ICR-1_p08
403.051699203,489.161249997,86.109550794,Other,random,C6H14,86.109550000,RC2_0018_ICR-1_p08
407.111262376,493.220813170,86.109550794,Other,random,C6H14,86.109550000,RC2_0018_ICR-1_p08
433.126993086,519.236544880,86.109551794,Other,random,C6H14,86.109550000,RC2_0018_ICR-1_p08
653.209102534,739.318654328,86.109551794,Other,random,C6H14,86.109550000,RC2_0018_ICR-1_p08
467.155823737,553.265376531,86.109552794,Other,random,C6H14,86.109550000,RC2_0018_ICR-1_p08
329.060927264,415.170481058,86.109553794,Other,random,C6H14,86.109550000,RC2_0018_ICR-1_p08
425.100678219,511.210232013,86.109553794,Other,random,C6H14,86.109550000,RC2_0018_ICR-1_p08
529.135219218,615.244773012,86.109553794,Other,random,C6H14,86.109550000,RC2_0018_ICR-1_p08
485.072425989,571.181980784,86.109554794,Other,random,C6H14,86.109550000,RC2_0018_ICR-1_p08
339.064064015,425.173619809,86.109555794,Other,random,C6H14,86.109550000,RC2_0018_ICR-1_p08
345.025170495,431.134726289,86.109555794,Other,random,C6H14,86.109550000,RC2_0018_ICR-1_p08
499.118785005,585.228340799,86.109555794,Other,random,C6H14,86.109550000,RC2_0018_ICR-1_p08
383.053821654,469.163378448,86.109556794,Other,random,C6H14,86.109550000,RC2_0018_ICR-1_p08
339.072047970,425.181604764,86.109556794,Other,random,C6H14,86.109550000,RC2_0018_ICR-1_p08
389.118343553,475.227900347,86.109556794,Other,random,C6H14,86.109550000,RC2_0018_ICR-1_p08
399.071989582,485.181546376,86.109556794,Other,random,C6H14,86.109550000,RC2_0018_ICR-1_p08
419.111150899,505.220708693,86.109557794,Other,random,C6H14,86.109550000,RC2_0018_ICR-1_p08
425.072339378,511.181897172,86.109557794,Other,random,C6H14,86.109550000,RC2_0018_ICR-1_p08
609.182713100,695.292271894,86.109558794,Other,random,C6H14,86.109550000,RC2_0018_ICR-1_p08
349.056375827,435.165934621,86.109558794,Other,random,C6H14,86.109550000,RC2_0018_ICR-1_p08
343.082119421,429.191678215,86.109558794,Other,random,C6H14,86.109550000,RC2_0018_ICR-1_p08
329.030249436,415.139809230,86.109559794,Other,random,C6H14,86.109550000,RC2_0018_ICR-1_p08
520.167405646,607.167062434,86.999656789,Other,random,C7H1N_1O1,86.999666000,RC2_0018_ICR-1_p08
296.041188938,383.040847727,86.999658789,Other,random,C7H1N_1O1,86.999666000,RC2_0018_ICR-1_p08
410.072712723,497.072373512,86.999660789,Other,random,C7H1N_1O1,86.999666000,RC2_0018_ICR-1_p08
540.099715563,627.099382352,86.999666789,Other,random,C7H1N_1O1,86.999666000,RC2_0018_ICR-1_p08
568.094207147,655.093873935,86.999666789,Other,random,C7H1N_1O1,86.999666000,RC2_0018_ICR-1_p08
340.080367300,427.080041089,86.999673789,Other,random,C7H1N_1O1,86.999666000,RC2_0018_ICR-1_p08
596.198811110,683.198485899,86.999674789,Other,random,C7H1N_1O1,86.999666000,RC2_0018_ICR-1_p08
321.097860041,408.129878648,87.032018607,Other,random,Serine,87.032028480,RC2_0018_ICR-1_p08
371.126548723,458.158568330,87.032019607,Other,random,Serine,87.032028480,RC2_0018_ICR-1_p08
421.040962047,508.072982654,87.032020607,Other,random,Serine,87.032028480,RC2_0018_ICR-1_p08
307.118651648,394.150673255,87.032021607,Other,random,Serine,87.032028480,RC2_0018_ICR-1_p08
489.140097116,576.172119723,87.032022607,Other,random,Serine,87.032028480,RC2_0018_ICR-1_p08
429.046294032,516.078316639,87.032022607,Other,random,Serine,87.032028480,RC2_0018_ICR-1_p08
259.024854086,346.056878693,87.032024607,Other,random,Serine,87.032028480,RC2_0018_ICR-1_p08
391.030533800,478.062559407,87.032025607,Other,random,Serine,87.032028480,RC2_0018_ICR-1_p08
373.129200462,460.161227069,87.032026607,Other,random,Serine,87.032028480,RC2_0018_ICR-1_p08
417.082515306,504.114541913,87.032026607,Other,random,Serine,87.032028480,RC2_0018_ICR-1_p08
457.077656408,544.109683015,87.032026607,Other,random,Serine,87.032028480,RC2_0018_ICR-1_p08
319.095298302,406.127325909,87.032027607,Other,random,Serine,87.032028480,RC2_0018_ICR-1_p08
319.045898580,406.077932186,87.032033607,Other,random,Serine,87.032028480,RC2_0018_ICR-1_p08
477.067436003,564.099472609,87.032036607,Other,random,Serine,87.032028480,RC2_0018_ICR-1_p08
493.098788856,580.130826463,87.032037607,Other,random,Serine,87.032028480,RC2_0018_ICR-1_p08
365.118477507,452.186882909,87.068405402,Other,random,C4H9O1N1,87.068414000,RC2_0018_ICR-1_p08
429.176582300,516.244987702,87.068405402,Other,random,C4H9O1N1,87.068414000,RC2_0018_ICR-1_p08
407.147606172,494.216012574,87.068406402,Other,random,C4H9O1N1,87.068414000,RC2_0018_ICR-1_p08
319.058918506,406.127325909,87.068407402,Other,random,C4H9O1N1,87.068414000,RC2_0018_ICR-1_p08
503.082984714,590.151396116,87.068411402,Other,random,C4H9O1N1,87.068414000,RC2_0018_ICR-1_p08
393.132103983,480.200516385,87.068412402,Other,random,C4H9O1N1,87.068414000,RC2_0018_ICR-1_p08
365.014842090,452.083256492,87.068414402,Other,random,C4H9O1N1,87.068414000,RC2_0018_ICR-1_p08
519.041645976,606.110061378,87.068415402,Other,random,C4H9O1N1,87.068414000,RC2_0018_ICR-1_p08
357.025106017,444.093525420,87.068419402,Other,random,C4H9O1N1,87.068414000,RC2_0018_ICR-1_p08
489.067350525,576.135770928,87.068420402,Other,random,C4H9O1N1,87.068414000,RC2_0018_ICR-1_p08
359.040778683,446.109202085,87.068423402,Other,random,C4H9O1N1,87.068414000,RC2_0018_ICR-1_p08
439.080101611,526.148525013,87.068423402,Other,random,C4H9O1N1,87.068414000,RC2_0018_ICR-1_p08
329.102948027,417.118983101,88.016035074,Other,random,C3H4O3,88.016045000,RC2_0018_ICR-1_p08
473.181647853,561.197682927,88.016035074,Other,random,C3H4O3,88.016045000,RC2_0018_ICR-1_p08
392.098594794,480.114630868,88.016036074,Other,random,C3H4O3,88.016045000,RC2_0018_ICR-1_p08
413.181593242,501.197629315,88.016036074,Other,random,C3H4O3,88.016045000,RC2_0018_ICR-1_p08
627.245272532,715.261309606,88.016037074,Other,random,C3H4O3,88.016045000,RC2_0018_ICR-1_p08
409.223013501,497.239051575,88.016038074,Other,random,C3H4O3,88.016045000,RC2_0018_ICR-1_p08
491.265077167,579.281115241,88.016038074,Other,random,C3H4O3,88.016045000,RC2_0018_ICR-1_p08
345.025170495,433.041208568,88.016038074,Other,random,C3H4O3,88.016045000,RC2_0018_ICR-1_p08
355.204494255,443.220533328,88.016039074,Other,random,C3H4O3,88.016045000,RC2_0018_ICR-1_p08
581.166649638,669.182688712,88.016039074,Other,random,C3H4O3,88.016045000,RC2_0018_ICR-1_p08
665.281998646,753.298037720,88.016039074,Other,random,C3H4O3,88.016045000,RC2_0018_ICR-1_p08
417.155313897,505.171352970,88.016039074,Other,random,C3H4O3,88.016045000,RC2_0018_ICR-1_p08
403.066921118,491.082961191,88.016040074,Other,random,C3H4O3,88.016045000,RC2_0018_ICR-1_p08
383.061796609,471.077836683,88.016040074,Other,random,C3H4O3,88.016045000,RC2_0018_ICR-1_p08
518.094021304,606.110061378,88.016040074,Other,random,C3H4O3,88.016045000,RC2_0018_ICR-1_p08
581.078429134,669.094469208,88.016040074,Other,random,C3H4O3,88.016045000,RC2_0018_ICR-1_p08
589.265504097,677.281544171,88.016040074,Other,random,C3H4O3,88.016045000,RC2_0018_ICR-1_p08
499.254678241,587.270719314,88.016041074,Other,random,C3H4O3,88.016045000,RC2_0018_ICR-1_p08
429.059377959,517.075419032,88.016041074,Other,random,C3H4O3,88.016045000,RC2_0018_ICR-1_p08
373.019774077,461.035815151,88.016041074,Other,random,C3H4O3,88.016045000,RC2_0018_ICR-1_p08
319.058918506,407.074960580,88.016042074,Other,random,C3H4O3,88.016045000,RC2_0018_ICR-1_p08
345.038086422,433.054128496,88.016042074,Other,random,C3H4O3,88.016045000,RC2_0018_ICR-1_p08
411.165945576,499.181987649,88.016042074,Other,random,C3H4O3,88.016045000,RC2_0018_ICR-1_p08
415.066942640,503.082984714,88.016042074,Other,random,C3H4O3,88.016045000,RC2_0018_ICR-1_p08
457.077656408,545.093698482,88.016042074,Other,random,C3H4O3,88.016045000,RC2_0018_ICR-1_p08
350.137525747,438.153568821,88.016043074,Other,random,C3H4O3,88.016045000,RC2_0018_ICR-1_p08
345.097855086,433.113898159,88.016043074,Other,random,C3H4O3,88.016045000,RC2_0018_ICR-1_p08
347.162923474,435.178966547,88.016043074,Other,random,C3H4O3,88.016045000,RC2_0018_ICR-1_p08
339.136697606,427.152741680,88.016044074,Other,random,C3H4O3,88.016045000,RC2_0018_ICR-1_p08
407.134489245,495.150534319,88.016045074,Other,random,C3H4O3,88.016045000,RC2_0018_ICR-1_p08
439.233623747,527.249668821,88.016045074,Other,random,C3H4O3,88.016045000,RC2_0018_ICR-1_p08
527.083172757,615.099217831,88.016045074,Other,random,C3H4O3,88.016045000,RC2_0018_ICR-1_p08
645.292231051,733.308276125,88.016045074,Other,random,C3H4O3,88.016045000,RC2_0018_ICR-1_p08
343.121871197,431.137916271,88.016045074,Other,random,C3H4O3,88.016045000,RC2_0018_ICR-1_p08
385.123507016,473.139552090,88.016045074,Other,random,C3H4O3,88.016045000,RC2_0018_ICR-1_p08
391.189141908,479.205187982,88.016046074,Other,random,C3H4O3,88.016045000,RC2_0018_ICR-1_p08
371.207456268,459.223502342,88.016046074,Other,random,C3H4O3,88.016045000,RC2_0018_ICR-1_p08
327.108390243,415.124437317,88.016047074,Other,random,C3H4O3,88.016045000,RC2_0018_ICR-1_p08
333.061472768,421.077519842,88.016047074,Other,random,C3H4O3,88.016045000,RC2_0018_ICR-1_p08
351.108297288,439.124344362,88.016047074,Other,random,C3H4O3,88.016045000,RC2_0018_ICR-1_p08
427.189229475,515.205276548,88.016047074,Other,random,C3H4O3,88.016045000,RC2_0018_ICR-1_p08
387.129489736,475.145537810,88.016048074,Other,random,C3H4O3,88.016045000,RC2_0018_ICR-1_p08
445.186743272,533.202791346,88.016048074,Other,random,C3H4O3,88.016045000,RC2_0018_ICR-1_p08
369.155296808,457.171345881,88.016049074,Other,random,C3H4O3,88.016045000,RC2_0018_ICR-1_p08
427.088122043,515.104171117,88.016049074,Other,random,C3H4O3,88.016045000,RC2_0018_ICR-1_p08
389.100655652,477.116705726,88.016050074,Other,random,C3H4O3,88.016045000,RC2_0018_ICR-1_p08
415.030477845,503.046527919,88.016050074,Other,random,C3H4O3,88.016045000,RC2_0018_ICR-1_p08
513.031173774,601.047223847,88.016050074,Other,random,C3H4O3,88.016045000,RC2_0018_ICR-1_p08
487.051706860,575.067756933,88.016050074,Other,random,C3H4O3,88.016045000,RC2_0018_ICR-1_p08
419.092521004,507.108572077,88.016051074,Other,random,C3H4O3,88.016045000,RC2_0018_ICR-1_p08
381.118962534,469.135013608,88.016051074,Other,random,C3H4O3,88.016045000,RC2_0018_ICR-1_p08
353.079667203,441.095719277,88.016052074,Other,random,C3H4O3,88.016045000,RC2_0018_ICR-1_p08
469.150439521,557.166491595,88.016052074,Other,random,C3H4O3,88.016045000,RC2_0018_ICR-1_p08
471.166017187,559.182069261,88.016052074,Other,random,C3H4O3,88.016045000,RC2_0018_ICR-1_p08
527.067851843,615.083904917,88.016053074,Other,random,C3H4O3,88.016045000,RC2_0018_ICR-1_p08
327.123756157,415.139809230,88.016053074,Other,random,C3H4O3,88.016045000,RC2_0018_ICR-1_p08
334.093073967,422.109127041,88.016053074,Other,random,C3H4O3,88.016045000,RC2_0018_ICR-1_p08
393.009766671,481.025819744,88.016053074,Other,random,C3H4O3,88.016045000,RC2_0018_ICR-1_p08
343.045791625,431.061844698,88.016053074,Other,random,C3H4O3,88.016045000,RC2_0018_ICR-1_p08
413.145006447,501.161060521,88.016054074,Other,random,C3H4O3,88.016045000,RC2_0018_ICR-1_p08
329.116004954,417.132059028,88.016054074,Other,random,C3H4O3,88.016045000,RC2_0018_ICR-1_p08
489.197750792,577.229041780,88.031290988,Other,random,C7H4,88.031300000,RC2_0018_ICR-1_p08
451.137530810,539.168822798,88.031291988,Other,random,C7H4,88.031300000,RC2_0018_ICR-1_p08
361.142082867,449.173376855,88.031293988,Other,random,C7H4,88.031300000,RC2_0018_ICR-1_p08
439.160695158,527.191990145,88.031294988,Other,random,C7H4,88.031300000,RC2_0018_ICR-1_p08
645.168340748,733.199635736,88.031294988,Other,random,C7H4,88.031300000,RC2_0018_ICR-1_p08
511.072942785,599.104238773,88.031295988,Other,random,C7H4,88.031300000,RC2_0018_ICR-1_p08
395.147681649,483.178977637,88.031295988,Other,random,C7H4,88.031300000,RC2_0018_ICR-1_p08
305.087715068,393.119012056,88.031296988,Other,random,C7H4,88.031300000,RC2_0018_ICR-1_p08
377.137126925,465.168424912,88.031297988,Other,random,C7H4,88.031300000,RC2_0018_ICR-1_p08
493.220813170,581.252111158,88.031297988,Other,random,C7H4,88.031300000,RC2_0018_ICR-1_p08
507.200206562,595.231504550,88.031297988,Other,random,C7H4,88.031300000,RC2_0018_ICR-1_p08
373.041127957,461.072426945,88.031298988,Other,random,C7H4,88.031300000,RC2_0018_ICR-1_p08
357.085638677,445.116938665,88.031299988,Other,random,C7H4,88.031300000,RC2_0018_ICR-1_p08
520.167405646,608.198705633,88.031299988,Other,random,C7H4,88.031300000,RC2_0018_ICR-1_p08
443.228633283,531.259936271,88.031302988,Other,random,C7H4,88.031300000,RC2_0018_ICR-1_p08
359.098238360,447.129542348,88.031303988,Other,random,C7H4,88.031300000,RC2_0018_ICR-1_p08
493.148116579,581.179420567,88.031303988,Other,random,C7H4,88.031300000,RC2_0018_ICR-1_p08
401.181564719,489.212869707,88.031304988,Other,random,C7H4,88.031300000,RC2_0018_ICR-1_p08
407.111262376,495.142567364,88.031304988,Other,random,C7H4,88.031300000,RC2_0018_ICR-1_p08
367.116402273,455.147708260,88.031305988,Other,random,C7H4,88.031300000,RC2_0018_ICR-1_p08
313.129155850,401.160463838,88.031307988,Other,random,C7H4,88.031300000,RC2_0018_ICR-1_p08
403.124415795,491.155723782,88.031307988,Other,random,C7H4,88.031300000,RC2_0018_ICR-1_p08
272.041255893,360.072564881,88.031308988,Other,random,C7H4,88.031300000,RC2_0018_ICR-1_p08
697.199166171,785.230475159,88.031308988,Other,random,C7H4,88.031300000,RC2_0018_ICR-1_p08
595.231504550,683.271351490,88.039846940,Other,random,C3H6N1O2,88.039854000,RC2_0018_ICR-1_p08
627.258195459,715.298042399,88.039846940,Other,random,C3H6N1O2,88.039854000,RC2_0018_ICR-1_p08
587.190120768,675.229968707,88.039847940,Other,random,C3H6N1O2,88.039854000,RC2_0018_ICR-1_p08
585.138088306,673.177937246,88.039848940,Other,random,C3H6N1O2,88.039854000,RC2_0018_ICR-1_p08
661.227473445,749.267322385,88.039848940,Other,random,C3H6N1O2,88.039854000,RC2_0018_ICR-1_p08
533.179438477,621.219289417,88.039850940,Other,random,C3H6N1O2,88.039854000,RC2_0018_ICR-1_p08
485.085273917,573.125126857,88.039852940,Other,random,C3H6N1O2,88.039854000,RC2_0018_ICR-1_p08
609.210971941,697.250827881,88.039855940,Other,random,C3H6N1O2,88.039854000,RC2_0018_ICR-1_p08
449.048889555,537.088750495,88.039860940,Other,random,C3H6N1O2,88.039854000,RC2_0018_ICR-1_p08
589.278385025,677.318246965,88.039861940,Other,random,C3H6N1O2,88.039854000,RC2_0018_ICR-1_p08
437.108794696,525.161206565,88.052411869,Other,random,C4H8O2,88.052421530,RC2_0018_ICR-1_p08
429.119014623,517.171426492,88.052411869,Other,random,C4H8O2,88.052421530,RC2_0018_ICR-1_p08
448.124947750,536.177359619,88.052411869,Other,random,C4H8O2,88.052421530,RC2_0018_ICR-1_p08
347.126554678,435.178966547,88.052411869,Other,random,C4H8O2,88.052421530,RC2_0018_ICR-1_p08
517.062378106,605.114789975,88.052411869,Other,random,C4H8O2,88.052421530,RC2_0018_ICR-1_p08
499.036474468,587.088887337,88.052412869,Other,random,C4H8O2,88.052421530,RC2_0018_ICR-1_p08
347.186304342,435.238717211,88.052412869,Other,random,C4H8O2,88.052421530,RC2_0018_ICR-1_p08
349.178682139,437.231095008,88.052412869,Other,random,C4H8O2,88.052421530,RC2_0018_ICR-1_p08
502.098983247,590.151396116,88.052412869,Other,random,C4H8O2,88.052421530,RC2_0018_ICR-1_p08
417.168295824,505.220708693,88.052412869,Other,random,C4H8O2,88.052421530,RC2_0018_ICR-1_p08
267.160218340,355.212632209,88.052413869,Other,random,C4H8O2,88.052421530,RC2_0018_ICR-1_p08
429.082634828,517.135048697,88.052413869,Other,random,C4H8O2,88.052421530,RC2_0018_ICR-1_p08
313.121134895,401.173548765,88.052413869,Other,random,C4H8O2,88.052421530,RC2_0018_ICR-1_p08
365.160373272,453.212787141,88.052413869,Other,random,C4H8O2,88.052421530,RC2_0018_ICR-1_p08
385.059536376,473.111950245,88.052413869,Other,random,C4H8O2,88.052421530,RC2_0018_ICR-1_p08
375.121390259,463.173805128,88.052414869,Other,random,C4H8O2,88.052421530,RC2_0018_ICR-1_p08
393.155263852,481.207678722,88.052414869,Other,random,C4H8O2,88.052421530,RC2_0018_ICR-1_p08
357.101040590,445.153456459,88.052415869,Other,random,C4H8O2,88.052421530,RC2_0018_ICR-1_p08
455.134775333,543.187192202,88.052416869,Other,random,C4H8O2,88.052421530,RC2_0018_ICR-1_p08
375.035555742,463.087972611,88.052416869,Other,random,C4H8O2,88.052421530,RC2_0018_ICR-1_p08
395.171018518,483.223435387,88.052416869,Other,random,C4H8O2,88.052421530,RC2_0018_ICR-1_p08
369.118928012,457.171345881,88.052417869,Other,random,C4H8O2,88.052421530,RC2_0018_ICR-1_p08
383.170868996,471.223286865,88.052417869,Other,random,C4H8O2,88.052421530,RC2_0018_ICR-1_p08
323.113527707,411.165945576,88.052417869,Other,random,C4H8O2,88.052421530,RC2_0018_ICR-1_p08
345.074575217,433.126993086,88.052417869,Other,random,C4H8O2,88.052421530,RC2_0018_ICR-1_p08
387.157806577,475.210224446,88.052417869,Other,random,C4H8O2,88.052421530,RC2_0018_ICR-1_p08
397.186547184,485.238965053,88.052417869,Other,random,C4H8O2,88.052421530,RC2_0018_ICR-1_p08
477.067436003,565.119853872,88.052417869,Other,random,C4H8O2,88.052421530,RC2_0018_ICR-1_p08
593.216046883,681.268464752,88.052417869,Other,random,C4H8O2,88.052421530,RC2_0018_ICR-1_p08
341.014982044,429.067400914,88.052418869,Other,random,C4H8O2,88.052421530,RC2_0018_ICR-1_p08
381.110959579,469.163378448,88.052418869,Other,random,C4H8O2,88.052421530,RC2_0018_ICR-1_p08
397.222995979,485.275414848,88.052418869,Other,random,C4H8O2,88.052421530,RC2_0018_ICR-1_p08
415.043661771,503.096080640,88.052418869,Other,random,C4H8O2,88.052421530,RC2_0018_ICR-1_p08
633.146514348,721.198933217,88.052418869,Other,random,C4H8O2,88.052421530,RC2_0018_ICR-1_p08
633.255395736,721.307814605,88.052418869,Other,random,C4H8O2,88.052421530,RC2_0018_ICR-1_p08
385.186550662,473.238969531,88.052418869,Other,random,C4H8O2,88.052421530,RC2_0018_ICR-1_p08
349.056375827,437.108794696,88.052418869,Other,random,C4H8O2,88.052421530,RC2_0018_ICR-1_p08
357.092265640,445.144684509,88.052418869,Other,random,C4H8O2,88.052421530,RC2_0018_ICR-1_p08
427.233648225,515.286067094,88.052418869,Other,random,C4H8O2,88.052421530,RC2_0018_ICR-1_p08
659.089270469,747.141689338,88.052418869,Other,random,C4H8O2,88.052421530,RC2_0018_ICR-1_p08
539.083452278,627.135873147,88.052420869,Other,random,C4H8O2,88.052421530,RC2_0018_ICR-1_p08
325.121149418,413.173570287,88.052420869,Other,random,C4H8O2,88.052421530,RC2_0018_ICR-1_p08
341.124159431,429.176582300,88.052422869,Other,random,C4H8O2,88.052421530,RC2_0018_ICR-1_p08
373.087070699,461.139493568,88.052422869,Other,random,C4H8O2,88.052421530,RC2_0018_ICR-1_p08
522.205883183,610.258306052,88.052422869,Other,random,C4H8O2,88.052421530,RC2_0018_ICR-1_p08
579.200368695,667.252791564,88.052422869,Other,random,C4H8O2,88.052421530,RC2_0018_ICR-1_p08
411.165945576,499.218370445,88.052424869,Other,random,C4H8O2,88.052421530,RC2_0018_ICR-1_p08
476.119899331,564.172324200,88.052424869,Other,random,C4H8O2,88.052421530,RC2_0018_ICR-1_p08
439.160695158,527.213120027,88.052424869,Other,random,C4H8O2,88.052421530,RC2_0018_ICR-1_p08
433.150265955,521.202691824,88.052425869,Other,random,C4H8O2,88.052421530,RC2_0018_ICR-1_p08
503.096080640,591.148506509,88.052425869,Other,random,C4H8O2,88.052421530,RC2_0018_ICR-1_p08
397.129119507,485.181546376,88.052426869,Other,random,C4H8O2,88.052421530,RC2_0018_ICR-1_p08
429.059377959,517.111804828,88.052426869,Other,random,C4H8O2,88.052421530,RC2_0018_ICR-1_p08
323.077086912,411.129514781,88.052427869,Other,random,C4H8O2,88.052421530,RC2_0018_ICR-1_p08
361.178668661,449.231096530,88.052427869,Other,random,C4H8O2,88.052421530,RC2_0018_ICR-1_p08
385.092747189,473.145175058,88.052427869,Other,random,C4H8O2,88.052421530,RC2_0018_ICR-1_p08
474.067697871,562.120126740,88.052428869,Other,random,C4H8O2,88.052421530,RC2_0018_ICR-1_p08
375.102827364,463.155256233,88.052428869,Other,random,C4H8O2,88.052421530,RC2_0018_ICR-1_p08
594.182866446,682.235295315,88.052428869,Other,random,C4H8O2,88.052421530,RC2_0018_ICR-1_p08
393.168266779,481.220695648,88.052428869,Other,random,C4H8O2,88.052421530,RC2_0018_ICR-1_p08
333.025090973,421.077519842,88.052428869,Other,random,C4H8O2,88.052421530,RC2_0018_ICR-1_p08
465.030992685,553.083422554,88.052429869,Other,random,C4H8O2,88.052421530,RC2_0018_ICR-1_p08
362.088110547,450.140540416,88.052429869,Other,random,C4H8O2,88.052421530,RC2_0018_ICR-1_p08
383.126616245,471.179046114,88.052429869,Other,random,C4H8O2,88.052421530,RC2_0018_ICR-1_p08
525.104094886,613.156524755,88.052429869,Other,random,C4H8O2,88.052421530,RC2_0018_ICR-1_p08
373.178573184,461.231004053,88.052430869,Other,random,C4H8O2,88.052421530,RC2_0018_ICR-1_p08
429.113371655,517.165802524,88.052430869,Other,random,C4H8O2,88.052421530,RC2_0018_ICR-1_p08
349.092643623,438.092695163,89.000051540,Other,random,C3H3N_1O4,89.000061000,RC2_0018_ICR-1_p08
494.130381055,583.130433596,89.000052540,Other,random,C3H3N_1O4,89.000061000,RC2_0018_ICR-1_p08
394.150673255,483.150726795,89.000053540,Other,random,C3H3N_1O4,89.000061000,RC2_0018_ICR-1_p08
392.098594794,481.098650335,89.000055540,Other,random,C3H3N_1O4,89.000061000,RC2_0018_ICR-1_p08
332.113851097,421.113906637,89.000055540,Other,random,C3H3N_1O4,89.000061000,RC2_0018_ICR-1_p08
498.104388709,587.104447249,89.000058540,Other,random,C3H3N_1O4,89.000061000,RC2_0018_ICR-1_p08
422.181837632,511.181897172,89.000059540,Other,random,C3H3N_1O4,89.000061000,RC2_0018_ICR-1_p08
394.114237460,483.114298000,89.000060540,Other,random,C3H3N_1O4,89.000061000,RC2_0018_ICR-1_p08
380.134953067,469.135013608,89.000060540,Other,random,C3H3N_1O4,89.000061000,RC2_0018_ICR-1_p08
432.057068102,521.057128643,89.000060540,Other,random,C3H3N_1O4,89.000061000,RC2_0018_ICR-1_p08
348.108732155,437.108794696,89.000062540,Other,random,C3H3N_1O4,89.000061000,RC2_0018_ICR-1_p08
436.088556433,525.088620973,89.000064540,Other,random,C3H3N_1O4,89.000061000,RC2_0018_ICR-1_p08
428.062313565,517.062378106,89.000064540,Other,random,C3H3N_1O4,89.000061000,RC2_0018_ICR-1_p08
484.088613522,573.088682062,89.000068540,Other,random,C3H3N_1O4,89.000061000,RC2_0018_ICR-1_p08
504.078520116,593.078589656,89.000069540,Other,random,C3H3N_1O4,89.000061000,RC2_0018_ICR-1_p08
492.151100185,581.151169725,89.000069540,Other,random,C3H3N_1O4,89.000061000,RC2_0018_ICR-1_p08
558.125261203,647.125330744,89.000069540,Other,random,C3H3N_1O4,89.000061000,RC2_0018_ICR-1_p08
590.078730525,679.078801065,89.000070540,Other,random,C3H3N_1O4,89.000061000,RC2_0018_ICR-1_p08
381.046201943,470.072745335,89.026543391,Other,random,C6H3N1,89.026549000,RC2_0018_ICR-1_p08
319.103334257,408.129878648,89.026544391,Other,random,C6H3N1,89.026549000,RC2_0018_ICR-1_p08
305.124117864,394.150673255,89.026555391,Other,random,C6H3N1,89.026549000,RC2_0018_ICR-1_p08
429.140164504,518.166719896,89.026555391,Other,random,C6H3N1,89.026549000,RC2_0018_ICR-1_p08
375.093150418,464.119708810,89.026558391,Other,random,C6H3N1,89.026549000,RC2_0018_ICR-1_p08
341.043135886,430.090805159,89.047669273,Other,random,C3H7N1O2,89.047679000,RC2_0018_ICR-1_p08
315.087322839,404.134993112,89.047670273,Other,random,C3H7N1O2,89.047679000,RC2_0018_ICR-1_p08
405.168341301,494.216012574,89.047671273,Other,random,C3H7N1O2,89.047679000,RC2_0018_ICR-1_p08
357.074526739,446.122201012,89.047674273,Other,random,C3H7N1O2,89.047679000,RC2_0018_ICR-1_p08
473.072452467,562.120126740,89.047674273,Other,random,C3H7N1O2,89.047679000,RC2_0018_ICR-1_p08
437.100848740,526.148525013,89.047676273,Other,random,C3H7N1O2,89.047679000,RC2_0018_ICR-1_p08
463.051512816,552.099192089,89.047679273,Other,random,C3H7N1O2,89.047679000,RC2_0018_ICR-1_p08
517.062378106,606.110061378,89.047683273,Other,random,C3H7N1O2,89.047679000,RC2_0018_ICR-1_p08
405.046243988,494.093928260,89.047684273,Other,random,C3H7N1O2,89.047679000,RC2_0018_ICR-1_p08
413.015025178,502.062709451,89.047684273,Other,random,C3H7N1O2,89.047679000,RC2_0018_ICR-1_p08
301.108147446,390.155833719,89.047686273,Other,random,C3H7N1O2,89.047679000,RC2_0018_ICR-1_p08
479.046519874,568.094207147,89.047687273,Other,random,C3H7N1O2,89.047679000,RC2_0018_ICR-1_p08
327.072060447,416.134994634,89.062934187,Other,random,C7H7O_1N1,89.062934000,RC2_0018_ICR-1_p08
343.067013506,432.129950692,89.062937187,Other,random,C7H7O_1N1,89.062934000,RC2_0018_ICR-1_p08
365.014842090,454.077780277,89.062938187,Other,random,C7H7O_1N1,89.062934000,RC2_0018_ICR-1_p08
357.082606694,446.145545881,89.062939187,Other,random,C7H7O_1N1,89.062934000,RC2_0018_ICR-1_p08
385.077536275,474.140476461,89.062940187,Other,random,C7H7O_1N1,89.062934000,RC2_0018_ICR-1_p08
441.030864641,530.093806828,89.062942187,Other,random,C7H7O_1N1,89.062934000,RC2_0018_ICR-1_p08
353.015015567,442.077958753,89.062943187,Other,random,C7H7O_1N1,89.062934000,RC2_0018_ICR-1_p08
375.056765623,464.119708810,89.062943187,Other,random,C7H7O_1N1,89.062934000,RC2_0018_ICR-1_p08
355.030582233,444.093525420,89.062943187,Other,random,C7H7O_1N1,89.062934000,RC2_0018_ICR-1_p08
393.119012056,483.114298000,89.995285944,Other,random,C2H2O4,89.995294350,RC2_0018_ICR-1_p08
391.030533800,481.025819744,89.995285944,Other,random,C2H2O4,89.995294350,RC2_0018_ICR-1_p08
633.182723145,723.178010089,89.995286944,Other,random,C2H2O4,89.995294350,RC2_0018_ICR-1_p08
350.051620230,440.046907174,89.995286944,Other,random,C2H2O4,89.995294350,RC2_0018_ICR-1_p08
381.046201943,471.041488887,89.995286944,Other,random,C2H2O4,89.995294350,RC2_0018_ICR-1_p08
333.219948877,423.215235821,89.995286944,Other,random,C2H2O4,89.995294350,RC2_0018_ICR-1_p08
357.110821535,447.106109479,89.995287944,Other,random,C2H2O4,89.995294350,RC2_0018_ICR-1_p08
357.147344330,447.142632274,89.995287944,Other,random,C2H2O4,89.995294350,RC2_0018_ICR-1_p08
691.261197561,781.256485506,89.995287944,Other,random,C2H2O4,89.995294350,RC2_0018_ICR-1_p08
373.129200462,463.124489406,89.995288944,Other,random,C2H2O4,89.995294350,RC2_0018_ICR-1_p08
359.199232792,449.194522736,89.995289944,Other,random,C2H2O4,89.995294350,RC2_0018_ICR-1_p08
311.069088434,401.064379378,89.995290944,Other,random,C2H2O4,89.995294350,RC2_0018_ICR-1_p08
411.129514781,501.124805725,89.995290944,Other,random,C2H2O4,89.995294350,RC2_0018_ICR-1_p08
269.131325256,359.126616200,89.995290944,Other,random,C2H2O4,89.995294350,RC2_0018_ICR-1_p08
359.149837070,449.145128014,89.995290944,Other,random,C2H2O4,89.995294350,RC2_0018_ICR-1_p08
252.051450299,342.046742243,89.995291944,Other,random,C2H2O4,89.995294350,RC2_0018_ICR-1_p08
327.144865038,417.140156982,89.995291944,Other,random,C2H2O4,89.995294350,RC2_0018_ICR-1_p08
341.116063476,431.111355420,89.995291944,Other,random,C2H2O4,89.995294350,RC2_0018_ICR-1_p08
387.144773650,477.140065594,89.995291944,Other,random,C2H2O4,89.995294350,RC2_0018_ICR-1_p08
395.098147927,485.093440871,89.995292944,Other,random,C2H2O4,89.995294350,RC2_0018_ICR-1_p08
379.103195869,469.098488813,89.995292944,Other,random,C2H2O4,89.995294350,RC2_0018_ICR-1_p08
399.108337377,489.103630321,89.995292944,Other,random,C2H2O4,89.995294350,RC2_0018_ICR-1_p08
409.077449320,499.072742264,89.995292944,Other,random,C2H2O4,89.995294350,RC2_0018_ICR-1_p08
357.101040590,447.096334534,89.995293944,Other,random,C2H2O4,89.995294350,RC2_0018_ICR-1_p08
371.199370313,461.194665257,89.995294944,Other,random,C2H2O4,89.995294350,RC2_0018_ICR-1_p08
327.050940566,417.046235510,89.995294944,Other,random,C2H2O4,89.995294350,RC2_0018_ICR-1_p08
331.082224898,421.077519842,89.995294944,Other,random,C2H2O4,89.995294350,RC2_0018_ICR-1_p08
337.092826099,427.088122043,89.995295944,Other,random,C2H2O4,89.995294350,RC2_0018_ICR-1_p08
399.121472304,489.116768248,89.995295944,Other,random,C2H2O4,89.995294350,RC2_0018_ICR-1_p08
439.080101611,529.075397555,89.995295944,Other,random,C2H2O4,89.995294350,RC2_0018_ICR-1_p08
369.046235421,459.041532365,89.995296944,Other,random,C2H2O4,89.995294350,RC2_0018_ICR-1_p08
369.118928012,459.114224956,89.995296944,Other,random,C2H2O4,89.995294350,RC2_0018_ICR-1_p08
507.114318045,597.109615989,89.995297944,Other,random,C2H2O4,89.995294350,RC2_0018_ICR-1_p08
529.135219218,619.130517162,89.995297944,Other,random,C2H2O4,89.995294350,RC2_0018_ICR-1_p08
325.056400782,415.051698726,89.995297944,Other,random,C2H2O4,89.995294350,RC2_0018_ICR-1_p08
473.145175058,563.140473002,89.995297944,Other,random,C2H2O4,89.995294350,RC2_0018_ICR-1_p08
490.171835315,580.167133259,89.995297944,Other,random,C2H2O4,89.995294350,RC2_0018_ICR-1_p08
573.270583039,663.265880983,89.995297944,Other,random,C2H2O4,89.995294350,RC2_0018_ICR-1_p08
529.171636014,619.166933958,89.995297944,Other,random,C2H2O4,89.995294350,RC2_0018_ICR-1_p08
649.214222997,739.209521941,89.995298944,Other,random,C2H2O4,89.995294350,RC2_0018_ICR-1_p08
339.100309811,429.095608755,89.995298944,Other,random,C2H2O4,89.995294350,RC2_0018_ICR-1_p08
343.154967011,433.150265955,89.995298944,Other,random,C2H2O4,89.995294350,RC2_0018_ICR-1_p08
387.102687887,477.097986831,89.995298944,Other,random,C2H2O4,89.995294350,RC2_0018_ICR-1_p08
407.171062040,497.166360984,89.995298944,Other,random,C2H2O4,89.995294350,RC2_0018_ICR-1_p08
341.124159431,431.119459374,89.995299944,Other,random,C2H2O4,89.995294350,RC2_0018_ICR-1_p08
351.100419333,441.095719277,89.995299944,Other,random,C2H2O4,89.995294350,RC2_0018_ICR-1_p08
429.119014623,519.114314567,89.995299944,Other,random,C2H2O4,89.995294350,RC2_0018_ICR-1_p08
393.082475262,483.077775206,89.995299944,Other,random,C2H2O4,89.995294350,RC2_0018_ICR-1_p08
512.214003369,602.209303313,89.995299944,Other,random,C2H2O4,89.995294350,RC2_0018_ICR-1_p08
355.045826147,445.041127091,89.995300944,Other,random,C2H2O4,89.995294350,RC2_0018_ICR-1_p08
397.178487229,487.173788173,89.995300944,Other,random,C2H2O4,89.995294350,RC2_0018_ICR-1_p08
403.175981505,493.171282449,89.995300944,Other,random,C2H2O4,89.995294350,RC2_0018_ICR-1_p08
425.173619809,515.168920753,89.995300944,Other,random,C2H2O4,89.995294350,RC2_0018_ICR-1_p08
460.088487478,550.083789422,89.995301944,Other,random,C2H2O4,89.995294350,RC2_0018_ICR-1_p08
365.152406316,455.147708260,89.995301944,Other,random,C2H2O4,89.995294350,RC2_0018_ICR-1_p08
369.061474335,459.056776279,89.995301944,Other,random,C2H2O4,89.995294350,RC2_0018_ICR-1_p08
373.092669667,463.087972611,89.995302944,Other,random,C2H2O4,89.995294350,RC2_0018_ICR-1_p08
321.061522246,411.056826189,89.995303944,Other,random,C2H2O4,89.995294350,RC2_0018_ICR-1_p08
458.145935401,548.141239345,89.995303944,Other,random,C2H2O4,89.995294350,RC2_0018_ICR-1_p08
381.191735125,471.187039069,89.995303944,Other,random,C2H2O4,89.995294350,RC2_0018_ICR-1_p08
419.134597767,509.166284506,90.031686739,Other,random,C3H6O3,90.031695000,RC2_0018_ICR-1_p08
367.176146937,457.207833676,90.031686739,Other,random,C3H6O3,90.031695000,RC2_0018_ICR-1_p08
375.108330333,465.140017072,90.031686739,Other,random,C3H6O3,90.031695000,RC2_0018_ICR-1_p08
325.121149418,415.152838157,90.031688739,Other,random,C3H6O3,90.031695000,RC2_0018_ICR-1_p08
369.046235421,459.077924160,90.031688739,Other,random,C3H6O3,90.031695000,RC2_0018_ICR-1_p08
429.155523418,519.187212157,90.031688739,Other,random,C3H6O3,90.031695000,RC2_0018_ICR-1_p08
359.071511510,449.103200249,90.031688739,Other,random,C3H6O3,90.031695000,RC2_0018_ICR-1_p08
498.125370591,588.157059330,90.031688739,Other,random,C3H6O3,90.031695000,RC2_0018_ICR-1_p08
393.191744647,483.223435387,90.031690739,Other,random,C3H6O3,90.031695000,RC2_0018_ICR-1_p08
321.134254837,411.165945576,90.031690739,Other,random,C3H6O3,90.031695000,RC2_0018_ICR-1_p08
437.181429287,527.213120027,90.031690739,Other,random,C3H6O3,90.031695000,RC2_0018_ICR-1_p08
341.051228841,431.082920580,90.031691739,Other,random,C3H6O3,90.031695000,RC2_0018_ICR-1_p08
433.041208568,523.072900308,90.031691739,Other,random,C3H6O3,90.031695000,RC2_0018_ICR-1_p08
471.129589392,561.161281131,90.031691739,Other,random,C3H6O3,90.031695000,RC2_0018_ICR-1_p08
425.036009583,515.067702322,90.031692739,Other,random,C3H6O3,90.031695000,RC2_0018_ICR-1_p08
433.186487751,523.218180491,90.031692739,Other,random,C3H6O3,90.031695000,RC2_0018_ICR-1_p08
395.207272314,485.238965053,90.031692739,Other,random,C3H6O3,90.031695000,RC2_0018_ICR-1_p08
383.090035451,473.121728190,90.031692739,Other,random,C3H6O3,90.031695000,RC2_0018_ICR-1_p08
539.205385592,629.237078332,90.031692739,Other,random,C3H6O3,90.031695000,RC2_0018_ICR-1_p08
511.088238699,601.119932438,90.031693739,Other,random,C3H6O3,90.031695000,RC2_0018_ICR-1_p08
493.062323061,583.094016801,90.031693739,Other,random,C3H6O3,90.031695000,RC2_0018_ICR-1_p08
551.249819865,641.281513604,90.031693739,Other,random,C3H6O3,90.031695000,RC2_0018_ICR-1_p08
357.082606694,447.114301433,90.031694739,Other,random,C3H6O3,90.031695000,RC2_0018_ICR-1_p08
363.108321811,453.140016550,90.031694739,Other,random,C3H6O3,90.031695000,RC2_0018_ICR-1_p08
631.276119866,721.307814605,90.031694739,Other,random,C3H6O3,90.031695000,RC2_0018_ICR-1_p08
377.209814516,467.241510255,90.031695739,Other,random,C3H6O3,90.031695000,RC2_0018_ICR-1_p08
363.035617219,453.067312959,90.031695739,Other,random,C3H6O3,90.031695000,RC2_0018_ICR-1_p08
276.051290344,366.082986084,90.031695739,Other,random,C3H6O3,90.031695000,RC2_0018_ICR-1_p08
529.244430604,619.276127344,90.031696739,Other,random,C3H6O3,90.031695000,RC2_0018_ICR-1_p08
385.056375394,475.088072133,90.031696739,Other,random,C3H6O3,90.031695000,RC2_0018_ICR-1_p08
427.233648225,517.265347964,90.031699739,Other,random,C3H6O3,90.031695000,RC2_0018_ICR-1_p08
491.155723782,581.187423522,90.031699739,Other,random,C3H6O3,90.031695000,RC2_0018_ICR-1_p08
401.014774657,491.046474397,90.031699739,Other,random,C3H6O3,90.031695000,RC2_0018_ICR-1_p08
639.257547985,729.289247724,90.031699739,Other,random,C3H6O3,90.031695000,RC2_0018_ICR-1_p08
623.234814083,713.266514823,90.031700739,Other,random,C3H6O3,90.031695000,RC2_0018_ICR-1_p08
504.151165707,594.182866446,90.031700739,Other,random,C3H6O3,90.031695000,RC2_0018_ICR-1_p08
349.092643623,439.124344362,90.031700739,Other,random,C3H6O3,90.031695000,RC2_0018_ICR-1_p08
481.135085130,571.166786869,90.031701739,Other,random,C3H6O3,90.031695000,RC2_0018_ICR-1_p08
355.030582233,445.062284972,90.031702739,Other,random,C3H6O3,90.031695000,RC2_0018_ICR-1_p08
329.152287750,419.183991489,90.031703739,Other,random,C3H6O3,90.031695000,RC2_0018_ICR-1_p08
409.077449320,499.109153059,90.031703739,Other,random,C3H6O3,90.031695000,RC2_0018_ICR-1_p08
445.199674200,535.231377939,90.031703739,Other,random,C3H6O3,90.031695000,RC2_0018_ICR-1_p08
539.119632075,629.151335814,90.031703739,Other,random,C3H6O3,90.031695000,RC2_0018_ICR-1_p08
389.145163402,479.192105055,90.046941654,Other,random,C7H6,90.046950000,RC2_0018_ICR-1_p08
409.144668942,499.191613595,90.046944654,Other,random,C7H6,90.046950000,RC2_0018_ICR-1_p08
457.062334494,547.109279148,90.046944654,Other,random,C7H6,90.046950000,RC2_0018_ICR-1_p08
351.121423215,441.168368868,90.046945654,Other,random,C7H6,90.046950000,RC2_0018_ICR-1_p08
421.090621768,511.137567422,90.046945654,Other,random,C7H6,90.046950000,RC2_0018_ICR-1_p08
481.171365926,571.218311579,90.046945654,Other,random,C7H6,90.046950000,RC2_0018_ICR-1_p08
411.093030986,501.139977639,90.046946654,Other,random,C7H6,90.046950000,RC2_0018_ICR-1_p08
353.051318362,443.098265016,90.046946654,Other,random,C7H6,90.046950000,RC2_0018_ICR-1_p08
579.063062467,669.110009121,90.046946654,Other,random,C7H6,90.046950000,RC2_0018_ICR-1_p08
379.152723591,469.199672244,90.046948654,Other,random,C7H6,90.046950000,RC2_0018_ICR-1_p08
407.098263449,497.145213103,90.046949654,Other,random,C7H6,90.046950000,RC2_0018_ICR-1_p08
491.205161504,581.252111158,90.046949654,Other,random,C7H6,90.046950000,RC2_0018_ICR-1_p08
325.105888503,415.152838157,90.046949654,Other,random,C7H6,90.046950000,RC2_0018_ICR-1_p08
537.125086290,627.172035944,90.046949654,Other,random,C7H6,90.046950000,RC2_0018_ICR-1_p08
343.030449711,433.077400365,90.046950654,Other,random,C7H6,90.046950000,RC2_0018_ICR-1_p08
557.078380090,647.125330744,90.046950654,Other,random,C7H6,90.046950000,RC2_0018_ICR-1_p08
511.145581377,601.192532030,90.046950654,Other,random,C7H6,90.046950000,RC2_0018_ICR-1_p08
393.059256392,483.106208046,90.046951654,Other,random,C7H6,90.046950000,RC2_0018_ICR-1_p08
405.168341301,495.215294955,90.046953654,Other,random,C7H6,90.046950000,RC2_0018_ICR-1_p08
421.077519842,511.124473495,90.046953654,Other,random,C7H6,90.046950000,RC2_0018_ICR-1_p08
421.163278359,511.210232013,90.046953654,Other,random,C7H6,90.046950000,RC2_0018_ICR-1_p08
439.173857084,529.220810737,90.046953654,Other,random,C7H6,90.046950000,RC2_0018_ICR-1_p08
639.120628755,729.167582409,90.046953654,Other,random,C7H6,90.046950000,RC2_0018_ICR-1_p08
547.195239664,637.242194318,90.046954654,Other,random,C7H6,90.046950000,RC2_0018_ICR-1_p08
409.077449320,499.124403973,90.046954654,Other,random,C7H6,90.046950000,RC2_0018_ICR-1_p08
353.087646158,443.134601812,90.046955654,Other,random,C7H6,90.046950000,RC2_0018_ICR-1_p08
435.142534752,525.189490406,90.046955654,Other,random,C7H6,90.046950000,RC2_0018_ICR-1_p08
473.093517349,563.140473002,90.046955654,Other,random,C7H6,90.046950000,RC2_0018_ICR-1_p08
546.110105766,636.157061420,90.046955654,Other,random,C7H6,90.046950000,RC2_0018_ICR-1_p08
615.157099505,705.204056159,90.046956653,Other,random,C7H6,90.046950000,RC2_0018_ICR-1_p08
311.113506185,401.160463838,90.046957653,Other,random,C7H6,90.046950000,RC2_0018_ICR-1_p08
317.051304796,407.098263449,90.046958653,Other,random,C7H6,90.046950000,RC2_0018_ICR-1_p08
379.097644900,469.144603554,90.046958653,Other,random,C7H6,90.046950000,RC2_0018_ICR-1_p08
431.046564784,521.093523438,90.046958653,Other,random,C7H6,90.046950000,RC2_0018_ICR-1_p08
355.139784619,445.186743272,90.046958653,Other,random,C7H6,90.046950000,RC2_0018_ICR-1_p08
429.031055118,519.078013771,90.046958653,Other,random,C7H6,90.046950000,RC2_0018_ICR-1_p08
429.176582300,519.223541953,90.046959653,Other,random,C7H6,90.046950000,RC2_0018_ICR-1_p08
353.100663085,443.147622738,90.046959653,Other,random,C7H6,90.046950000,RC2_0018_ICR-1_p08
405.132003506,495.178963159,90.046959653,Other,random,C7H6,90.046950000,RC2_0018_ICR-1_p08
441.030864641,531.077824295,90.046959653,Other,random,C7H6,90.046950000,RC2_0018_ICR-1_p08
299.113643661,390.155833719,91.042190057,Other,random,C6H5N1,91.042199000,RC2_0018_ICR-1_p08
351.085128419,442.127318476,91.042190057,Other,random,C6H5N1,91.042199000,RC2_0018_ICR-1_p08
359.061895564,450.104088621,91.042193057,Other,random,C6H5N1,91.042199000,RC2_0018_ICR-1_p08
315.108484720,406.150679777,91.042195057,Other,random,C6H5N1,91.042199000,RC2_0018_ICR-1_p08
409.077449320,500.119645377,91.042196057,Other,random,C6H5N1,91.042199000,RC2_0018_ICR-1_p08
313.092795055,404.134993112,91.042198057,Other,random,C6H5N1,91.042199000,RC2_0018_ICR-1_p08
337.069330231,428.111533288,91.042203057,Other,random,C6H5N1,91.042199000,RC2_0018_ICR-1_p08
385.040961480,476.083166537,91.042205057,Other,random,C6H5N1,91.042199000,RC2_0018_ICR-1_p08
389.072423811,480.114630868,91.042207057,Other,random,C6H5N1,91.042199000,RC2_0018_ICR-1_p08
429.067400914,520.109607971,91.042207057,Other,random,C6H5N1,91.042199000,RC2_0018_ICR-1_p08
353.051318362,444.093525420,91.042207057,Other,random,C6H5N1,91.042199000,RC2_0018_ICR-1_p08
367.176146937,459.187075546,92.010928610,Other,random,C2H4O4,92.010938230,RC2_0018_ICR-1_p08
625.229731866,717.240660475,92.010928610,Other,random,C2H4O4,92.010938230,RC2_0018_ICR-1_p08
315.100332766,407.111262376,92.010929610,Other,random,C2H4O4,92.010938230,RC2_0018_ICR-1_p08
341.116063476,433.126993086,92.010929610,Other,random,C2H4O4,92.010938230,RC2_0018_ICR-1_p08
401.209883560,493.220813170,92.010929610,Other,random,C2H4O4,92.010938230,RC2_0018_ICR-1_p08
415.097642467,507.108572077,92.010929610,Other,random,C2H4O4,92.010938230,RC2_0018_ICR-1_p08
419.170967563,511.181897172,92.010929610,Other,random,C2H4O4,92.010938230,RC2_0018_ICR-1_p08
409.178513751,501.189443361,92.010929610,Other,random,C2H4O4,92.010938230,RC2_0018_ICR-1_p08
440.062167088,532.073097698,92.010930610,Other,random,C2H4O4,92.010938230,RC2_0018_ICR-1_p08
323.040768116,415.051698726,92.010930610,Other,random,C2H4O4,92.010938230,RC2_0018_ICR-1_p08
361.056382349,453.067312959,92.010930610,Other,random,C2H4O4,92.010938230,RC2_0018_ICR-1_p08
365.124004476,457.134935086,92.010930610,Other,random,C2H4O4,92.010938230,RC2_0018_ICR-1_p08
495.077955727,587.088887337,92.010931610,Other,random,C2H4O4,92.010938230,RC2_0018_ICR-1_p08
405.046243988,497.057176598,92.010932610,Other,random,C2H4O4,92.010938230,RC2_0018_ICR-1_p08
607.231953070,699.242885679,92.010932610,Other,random,C2H4O4,92.010938230,RC2_0018_ICR-1_p08
347.162923474,439.173857084,92.010933610,Other,random,C2H4O4,92.010938230,RC2_0018_ICR-1_p08
367.139622142,459.150555752,92.010933610,Other,random,C2H4O4,92.010938230,RC2_0018_ICR-1_p08
553.135457262,645.146390871,92.010933610,Other,random,C2H4O4,92.010938230,RC2_0018_ICR-1_p08
285.126192315,377.137126925,92.010934610,Other,random,C2H4O4,92.010938230,RC2_0018_ICR-1_p08
355.066866029,447.077800639,92.010934610,Other,random,C2H4O4,92.010938230,RC2_0018_ICR-1_p08
315.064025970,407.074960580,92.010934610,Other,random,C2H4O4,92.010938230,RC2_0018_ICR-1_p08
417.118983101,509.129917711,92.010934610,Other,random,C2H4O4,92.010938230,RC2_0018_ICR-1_p08
492.114866389,584.125800999,92.010934610,Other,random,C2H4O4,92.010938230,RC2_0018_ICR-1_p08
317.139331301,409.150265910,92.010934610,Other,random,C2H4O4,92.010938230,RC2_0018_ICR-1_p08
349.056375827,441.067310436,92.010934610,Other,random,C2H4O4,92.010938230,RC2_0018_ICR-1_p08
357.092265640,449.103200249,92.010934610,Other,random,C2H4O4,92.010938230,RC2_0018_ICR-1_p08
387.102687887,479.113623497,92.010935610,Other,random,C2H4O4,92.010938230,RC2_0018_ICR-1_p08
423.157985143,515.168920753,92.010935610,Other,random,C2H4O4,92.010938230,RC2_0018_ICR-1_p08
611.177575883,703.188512493,92.010936610,Other,random,C2H4O4,92.010938230,RC2_0018_ICR-1_p08
433.222952546,525.233890156,92.010937610,Other,random,C2H4O4,92.010938230,RC2_0018_ICR-1_p08
313.048365305,405.059303914,92.010938610,Other,random,C2H4O4,92.010938230,RC2_0018_ICR-1_p08
313.129155850,405.140094460,92.010938610,Other,random,C2H4O4,92.010938230,RC2_0018_ICR-1_p08
397.113852593,489.124791202,92.010938610,Other,random,C2H4O4,92.010938230,RC2_0018_ICR-1_p08
425.064480422,517.075419032,92.010938610,Other,random,C2H4O4,92.010938230,RC2_0018_ICR-1_p08
359.199232792,451.210171402,92.010938610,Other,random,C2H4O4,92.010938230,RC2_0018_ICR-1_p08
435.202180417,527.213120027,92.010939610,Other,random,C2H4O4,92.010938230,RC2_0018_ICR-1_p08
345.097855086,437.108794696,92.010939610,Other,random,C2H4O4,92.010938230,RC2_0018_ICR-1_p08
433.150265955,525.161206565,92.010940610,Other,random,C2H4O4,92.010938230,RC2_0018_ICR-1_p08
315.087322839,407.098263449,92.010940610,Other,random,C2H4O4,92.010938230,RC2_0018_ICR-1_p08
407.061800654,499.072742264,92.010941610,Other,random,C2H4O4,92.010938230,RC2_0018_ICR-1_p08
377.173350721,469.184293331,92.010942610,Other,random,C2H4O4,92.010938230,RC2_0018_ICR-1_p08
536.177359619,628.188302229,92.010942610,Other,random,C2H4O4,92.010938230,RC2_0018_ICR-1_p08
549.226122244,641.237065854,92.010943610,Other,random,C2H4O4,92.010938230,RC2_0018_ICR-1_p08
413.173570287,505.184513896,92.010943610,Other,random,C2H4O4,92.010938230,RC2_0018_ICR-1_p08
373.178573184,465.189517794,92.010944610,Other,random,C2H4O4,92.010938230,RC2_0018_ICR-1_p08
389.087704725,481.098650335,92.010945610,Other,random,C2H4O4,92.010938230,RC2_0018_ICR-1_p08
319.154999966,411.165945576,92.010945610,Other,random,C2H4O4,92.010938230,RC2_0018_ICR-1_p08
459.202373460,551.213320070,92.010946610,Other,random,C2H4O4,92.010938230,RC2_0018_ICR-1_p08
383.134591200,475.145537810,92.010946610,Other,random,C2H4O4,92.010938230,RC2_0018_ICR-1_p08
516.114875434,608.125823043,92.010947610,Other,random,C2H4O4,92.010938230,RC2_0018_ICR-1_p08
353.152423794,445.163371404,92.010947610,Other,random,C2H4O4,92.010938230,RC2_0018_ICR-1_p08
361.129068940,453.140016550,92.010947610,Other,random,C2H4O4,92.010938230,RC2_0018_ICR-1_p08
427.197336429,519.223541953,92.026205524,Other,random,C6H4O1,92.026215000,RC2_0018_ICR-1_p08
371.025306292,463.051512816,92.026206524,Other,random,C6H4O1,92.026215000,RC2_0018_ICR-1_p08
479.192105055,571.218311579,92.026206524,Other,random,C6H4O1,92.026215000,RC2_0018_ICR-1_p08
327.108390243,419.134597767,92.026207524,Other,random,C6H4O1,92.026215000,RC2_0018_ICR-1_p08
605.114789975,697.140998499,92.026208524,Other,random,C6H4O1,92.026215000,RC2_0018_ICR-1_p08
319.131747097,411.157957621,92.026210524,Other,random,C6H4O1,92.026215000,RC2_0018_ICR-1_p08
507.114318045,599.140528569,92.026210524,Other,random,C6H4O1,92.026215000,RC2_0018_ICR-1_p08
339.072047970,431.098258494,92.026210524,Other,random,C6H4O1,92.026215000,RC2_0018_ICR-1_p08
357.082606694,449.108817218,92.026210524,Other,random,C6H4O1,92.026215000,RC2_0018_ICR-1_p08
380.111454200,472.137664723,92.026210524,Other,random,C6H4O1,92.026215000,RC2_0018_ICR-1_p08
383.170868996,475.197080520,92.026211524,Other,random,C6H4O1,92.026215000,RC2_0018_ICR-1_p08
645.204614544,737.230826068,92.026211524,Other,random,C6H4O1,92.026215000,RC2_0018_ICR-1_p08
381.118962534,473.145175058,92.026212524,Other,random,C6H4O1,92.026215000,RC2_0018_ICR-1_p08
515.177061707,607.203274231,92.026212524,Other,random,C6H4O1,92.026215000,RC2_0018_ICR-1_p08
351.085128419,443.111341942,92.026213524,Other,random,C6H4O1,92.026215000,RC2_0018_ICR-1_p08
489.153207043,581.179420567,92.026213524,Other,random,C6H4O1,92.026215000,RC2_0018_ICR-1_p08
339.139214592,431.165428116,92.026213524,Other,random,C6H4O1,92.026215000,RC2_0018_ICR-1_p08
408.093431853,500.119645377,92.026213524,Other,random,C6H4O1,92.026215000,RC2_0018_ICR-1_p08
389.173446243,481.199660767,92.026214524,Other,random,C6H4O1,92.026215000,RC2_0018_ICR-1_p08
348.035951565,440.062167088,92.026215524,Other,random,C6H4O1,92.026215000,RC2_0018_ICR-1_p08
355.103325824,447.129542348,92.026216524,Other,random,C6H4O1,92.026215000,RC2_0018_ICR-1_p08
425.181604764,517.207822288,92.026217524,Other,random,C6H4O1,92.026215000,RC2_0018_ICR-1_p08
473.166421939,565.192639462,92.026217524,Other,random,C6H4O1,92.026215000,RC2_0018_ICR-1_p08
487.254897717,579.281115241,92.026217524,Other,random,C6H4O1,92.026215000,RC2_0018_ICR-1_p08
528.136015837,620.162233361,92.026217524,Other,random,C6H4O1,92.026215000,RC2_0018_ICR-1_p08
347.171059428,439.197276952,92.026217524,Other,random,C6H4O1,92.026215000,RC2_0018_ICR-1_p08
321.061522246,413.087740769,92.026218524,Other,random,C6H4O1,92.026215000,RC2_0018_ICR-1_p08
465.103702276,557.129920800,92.026218524,Other,random,C6H4O1,92.026215000,RC2_0018_ICR-1_p08
431.191961967,523.218180491,92.026218524,Other,random,C6H4O1,92.026215000,RC2_0018_ICR-1_p08
393.082475262,485.108694786,92.026219524,Other,random,C6H4O1,92.026215000,RC2_0018_ICR-1_p08
433.171337837,525.197557360,92.026219524,Other,random,C6H4O1,92.026215000,RC2_0018_ICR-1_p08
363.194244327,455.220463851,92.026219524,Other,random,C6H4O1,92.026215000,RC2_0018_ICR-1_p08
507.078018249,599.104238773,92.026220524,Other,random,C6H4O1,92.026215000,RC2_0018_ICR-1_p08
607.167062434,699.193282958,92.026220524,Other,random,C6H4O1,92.026215000,RC2_0018_ICR-1_p08
551.104454682,643.130675206,92.026220524,Other,random,C6H4O1,92.026215000,RC2_0018_ICR-1_p08
393.119012056,485.145233580,92.026221524,Other,random,C6H4O1,92.026215000,RC2_0018_ICR-1_p08
533.115126839,625.141348363,92.026221524,Other,random,C6H4O1,92.026215000,RC2_0018_ICR-1_p08
711.214659360,803.240880884,92.026221524,Other,random,C6H4O1,92.026215000,RC2_0018_ICR-1_p08
423.165949098,515.192170622,92.026221524,Other,random,C6H4O1,92.026215000,RC2_0018_ICR-1_p08
379.170446491,471.196669015,92.026222524,Other,random,C6H4O1,92.026215000,RC2_0018_ICR-1_p08
527.104293638,619.130517162,92.026223524,Other,random,C6H4O1,92.026215000,RC2_0018_ICR-1_p08
311.113506185,403.139730708,92.026224524,Other,random,C6H4O1,92.026215000,RC2_0018_ICR-1_p08
431.119459374,523.145683898,92.026224524,Other,random,C6H4O1,92.026215000,RC2_0018_ICR-1_p08
335.126517156,427.152741680,92.026224524,Other,random,C6H4O1,92.026215000,RC2_0018_ICR-1_p08
407.126629290,499.173986694,92.047357405,Other,random,C3H8O3,92.047366950,RC2_0018_ICR-1_p08
631.130652684,723.178010089,92.047357405,Other,random,C3H8O3,92.047366950,RC2_0018_ICR-1_p08
331.131665620,423.179023025,92.047357405,Other,random,C3H8O3,92.047366950,RC2_0018_ICR-1_p08
387.071974060,479.119331465,92.047357405,Other,random,C3H8O3,92.047366950,RC2_0018_ICR-1_p08
593.094510566,685.141868971,92.047358405,Other,random,C3H8O3,92.047366950,RC2_0018_ICR-1_p08
383.053821654,475.101180059,92.047358405,Other,random,C3H8O3,92.047366950,RC2_0018_ICR-1_p08
445.186743272,537.234101677,92.047358405,Other,random,C3H8O3,92.047366950,RC2_0018_ICR-1_p08
355.113010769,447.160370174,92.047359405,Other,random,C3H8O3,92.047366950,RC2_0018_ICR-1_p08
415.116319362,507.163678767,92.047359405,Other,random,C3H8O3,92.047366950,RC2_0018_ICR-1_p08
339.035559175,431.082920580,92.047361405,Other,random,C3H8O3,92.047366950,RC2_0018_ICR-1_p08
493.090726901,585.138088306,92.047361405,Other,random,C3H8O3,92.047366950,RC2_0018_ICR-1_p08
358.093177011,450.140540416,92.047363405,Other,random,C3H8O3,92.047366950,RC2_0018_ICR-1_p08
409.150265910,501.197629315,92.047363405,Other,random,C3H8O3,92.047366950,RC2_0018_ICR-1_p08
439.066991684,531.114355089,92.047363405,Other,random,C3H8O3,92.047366950,RC2_0018_ICR-1_p08
487.246801763,579.294165168,92.047363405,Other,random,C3H8O3,92.047366950,RC2_0018_ICR-1_p08
335.186283820,427.233648225,92.047364405,Other,random,C3H8O3,92.047366950,RC2_0018_ICR-1_p08
345.061430291,437.108794696,92.047364405,Other,random,C3H8O3,92.047366950,RC2_0018_ICR-1_p08
369.183639648,461.231004053,92.047364405,Other,random,C3H8O3,92.047366950,RC2_0018_ICR-1_p08
441.113396177,533.160761582,92.047365405,Other,random,C3H8O3,92.047366950,RC2_0018_ICR-1_p08
497.166360984,589.213726389,92.047365405,Other,random,C3H8O3,92.047366950,RC2_0018_ICR-1_p08
429.204746141,521.252112546,92.047366405,Other,random,C3H8O3,92.047366950,RC2_0018_ICR-1_p08
363.108321811,455.155689215,92.047367405,Other,random,C3H8O3,92.047366950,RC2_0018_ICR-1_p08
316.082511243,408.129878648,92.047367405,Other,random,C3H8O3,92.047366950,RC2_0018_ICR-1_p08
361.142082867,453.189450272,92.047367405,Other,random,C3H8O3,92.047366950,RC2_0018_ICR-1_p08
399.194146895,491.241514300,92.047367405,Other,random,C3H8O3,92.047366950,RC2_0018_ICR-1_p08
517.244333082,609.291700487,92.047367405,Other,random,C3H8O3,92.047366950,RC2_0018_ICR-1_p08
623.154255536,715.201622941,92.047367405,Other,random,C3H8O3,92.047366950,RC2_0018_ICR-1_p08
415.152838157,507.200206562,92.047368405,Other,random,C3H8O3,92.047366950,RC2_0018_ICR-1_p08
359.071511510,451.118880915,92.047369405,Other,random,C3H8O3,92.047366950,RC2_0018_ICR-1_p08
371.040600206,463.087972611,92.047372405,Other,random,C3H8O3,92.047366950,RC2_0018_ICR-1_p08
403.066921118,495.114294523,92.047373405,Other,random,C3H8O3,92.047366950,RC2_0018_ICR-1_p08
455.098366538,547.145740943,92.047374405,Other,random,C3H8O3,92.047366950,RC2_0018_ICR-1_p08
369.074437262,461.121811667,92.047374405,Other,random,C3H8O3,92.047366950,RC2_0018_ICR-1_p08
413.087740769,505.135115174,92.047374405,Other,random,C3H8O3,92.047366950,RC2_0018_ICR-1_p08
681.183522230,773.230897635,92.047375405,Other,random,C3H8O3,92.047366950,RC2_0018_ICR-1_p08
471.142678318,563.190053723,92.047375405,Other,random,C3H8O3,92.047366950,RC2_0018_ICR-1_p08
415.066942640,507.114318045,92.047375405,Other,random,C3H8O3,92.047366950,RC2_0018_ICR-1_p08
391.066921595,483.114298000,92.047376405,Other,random,C3H8O3,92.047366950,RC2_0018_ICR-1_p08
445.150241477,537.197617882,92.047376405,Other,random,C3H8O3,92.047366950,RC2_0018_ICR-1_p08
491.082961191,583.145551511,92.062590319,Other,random,C7H8,92.062600000,RC2_0018_ICR-1_p08
560.162020750,652.224611070,92.062590319,Other,random,C7H8,92.062600000,RC2_0018_ICR-1_p08
391.066921595,483.129512915,92.062591319,Other,random,C7H8,92.062600000,RC2_0018_ICR-1_p08
351.035673697,443.098265016,92.062591319,Other,random,C7H8,92.062600000,RC2_0018_ICR-1_p08
349.105776549,441.168368868,92.062592319,Other,random,C7H8,92.062600000,RC2_0018_ICR-1_p08
324.072401315,416.134994634,92.062593319,Other,random,C7H8,92.062600000,RC2_0018_ICR-1_p08
615.157099505,707.219693825,92.062594319,Other,random,C7H8,92.062600000,RC2_0018_ICR-1_p08
409.126849042,501.189443361,92.062594319,Other,random,C7H8,92.062600000,RC2_0018_ICR-1_p08
373.077421753,465.140017072,92.062595319,Other,random,C7H8,92.062600000,RC2_0018_ICR-1_p08
345.110884013,437.173479332,92.062595319,Other,random,C7H8,92.062600000,RC2_0018_ICR-1_p08
353.087646158,445.150241477,92.062595319,Other,random,C7H8,92.062600000,RC2_0018_ICR-1_p08
403.051699203,495.114294523,92.062595319,Other,random,C7H8,92.062600000,RC2_0018_ICR-1_p08
521.130053232,613.192649552,92.062596319,Other,random,C7H8,92.062600000,RC2_0018_ICR-1_p08
459.178986592,551.241583911,92.062597319,Other,random,C7H8,92.062600000,RC2_0018_ICR-1_p08
521.166497028,613.229094347,92.062597319,Other,random,C7H8,92.062600000,RC2_0018_ICR-1_p08
367.030606755,459.093205074,92.062598319,Other,random,C7H8,92.062600000,RC2_0018_ICR-1_p08
553.119958349,645.182556668,92.062598319,Other,random,C7H8,92.062600000,RC2_0018_ICR-1_p08
421.126862564,513.189461884,92.062599319,Other,random,C7H8,92.062600000,RC2_0018_ICR-1_p08
487.072988740,579.135588059,92.062599319,Other,random,C7H8,92.062600000,RC2_0018_ICR-1_p08
361.113917025,453.176517345,92.062600319,Other,random,C7H8,92.062600000,RC2_0018_ICR-1_p08
347.126554678,439.189155997,92.062601319,Other,random,C7H8,92.062600000,RC2_0018_ICR-1_p08
375.157922054,467.220524373,92.062602319,Other,random,C7H8,92.062600000,RC2_0018_ICR-1_p08
315.064025970,407.126629290,92.062603319,Other,random,C7H8,92.062600000,RC2_0018_ICR-1_p08
407.061800654,499.124403973,92.062603319,Other,random,C7H8,92.062600000,RC2_0018_ICR-1_p08
345.046190376,437.108794696,92.062604319,Other,random,C7H8,92.062600000,RC2_0018_ICR-1_p08
441.103707232,533.166311551,92.062604319,Other,random,C7H8,92.062600000,RC2_0018_ICR-1_p08
545.078640566,637.141245885,92.062605319,Other,random,C7H8,92.062600000,RC2_0018_ICR-1_p08
375.048621669,467.111226988,92.062605319,Other,random,C7H8,92.062600000,RC2_0018_ICR-1_p08
340.080367300,432.142973619,92.062606319,Other,random,C7H8,92.062600000,RC2_0018_ICR-1_p08
491.119414986,583.182021306,92.062606319,Other,random,C7H8,92.062600000,RC2_0018_ICR-1_p08
549.052398221,641.115006540,92.062608319,Other,random,C7H8,92.062600000,RC2_0018_ICR-1_p08
739.246225735,831.308834054,92.062608319,Other,random,C7H8,92.062600000,RC2_0018_ICR-1_p08
401.072481333,493.135089652,92.062608319,Other,random,C7H8,92.062600000,RC2_0018_ICR-1_p08
445.163371404,537.225979723,92.062608319,Other,random,C7H8,92.062600000,RC2_0018_ICR-1_p08
379.134059696,471.196669015,92.062609319,Other,random,C7H8,92.062600000,RC2_0018_ICR-1_p08
457.062334494,550.083789422,93.021454927,Other,random,C5H3N1O1,93.021464000,RC2_0018_ICR-1_p08
335.040857638,428.062313565,93.021455927,Other,random,C5H3N1O1,93.021464000,RC2_0018_ICR-1_p08
301.020106941,394.041564869,93.021457927,Other,random,C5H3N1O1,93.021464000,RC2_0018_ICR-1_p08
267.051106954,360.072564881,93.021457927,Other,random,C5H3N1O1,93.021464000,RC2_0018_ICR-1_p08
351.072066492,444.093525420,93.021458927,Other,random,C5H3N1O1,93.021464000,RC2_0018_ICR-1_p08
405.046243988,498.067705915,93.021461927,Other,random,C5H3N1O1,93.021464000,RC2_0018_ICR-1_p08
439.124344362,532.145806289,93.021461927,Other,random,C5H3N1O1,93.021464000,RC2_0018_ICR-1_p08
471.114236478,564.135701406,93.021464927,Other,random,C5H3N1O1,93.021464000,RC2_0018_ICR-1_p08
423.056851712,516.078316639,93.021464927,Other,random,C5H3N1O1,93.021464000,RC2_0018_ICR-1_p08
323.113527707,416.134994634,93.021466927,Other,random,C5H3N1O1,93.021464000,RC2_0018_ICR-1_p08
429.140164504,522.161631432,93.021466927,Other,random,C5H3N1O1,93.021464000,RC2_0018_ICR-1_p08
267.064044881,360.085515808,93.021470927,Other,random,C5H3N1O1,93.021464000,RC2_0018_ICR-1_p08
323.126517634,416.147990561,93.021472927,Other,random,C5H3N1O1,93.021464000,RC2_0018_ICR-1_p08
339.121500692,432.142973619,93.021472927,Other,random,C5H3N1O1,93.021464000,RC2_0018_ICR-1_p08
483.114298000,576.135770928,93.021472927,Other,random,C5H3N1O1,93.021464000,RC2_0018_ICR-1_p08
321.061522246,414.082996173,93.021473927,Other,random,C5H3N1O1,93.021464000,RC2_0018_ICR-1_p08
283.082364808,376.115062672,93.032697864,Other,random,C4H3N3,93.032697000,RC2_0018_ICR-1_p08
387.056790145,480.114630868,93.057840723,Other,random,C6H7N1,93.057849000,RC2_0018_ICR-1_p08
407.025335859,500.083177582,93.057841723,Other,random,C6H7N1,93.057849000,RC2_0018_ICR-1_p08
311.077148389,404.134993112,93.057844723,Other,random,C6H7N1,93.057849000,RC2_0018_ICR-1_p08
407.061800654,500.119645377,93.057844723,Other,random,C6H7N1,93.057849000,RC2_0018_ICR-1_p08
267.014717158,360.072564881,93.057847723,Other,random,C6H7N1,93.057849000,RC2_0018_ICR-1_p08
355.030582233,448.088431956,93.057849723,Other,random,C6H7N1,93.057849000,RC2_0018_ICR-1_p08
367.103377346,460.161227069,93.057849723,Other,random,C6H7N1,93.057849000,RC2_0018_ICR-1_p08
351.035673697,444.093525420,93.057851723,Other,random,C6H7N1,93.057849000,RC2_0018_ICR-1_p08
545.151280158,638.209133881,93.057853723,Other,random,C6H7N1,93.057849000,RC2_0018_ICR-1_p08
429.067400914,522.125257636,93.057856723,Other,random,C6H7N1,93.057849000,RC2_0018_ICR-1_p08
239.019818577,332.088903237,93.069084660,Other,random,C5H7N3O_1,93.069082000,RC2_0018_ICR-1_p08
333.082651649,427.088122043,94.005470394,Other,random,C5H2O2,94.005480000,RC2_0018_ICR-1_p08
419.183991489,513.189461884,94.005470394,Other,random,C5H2O2,94.005480000,RC2_0018_ICR-1_p08
340.103690169,434.109160563,94.005470394,Other,random,C5H2O2,94.005480000,RC2_0018_ICR-1_p08
345.191806558,439.197276952,94.005470394,Other,random,C5H2O2,94.005480000,RC2_0018_ICR-1_p08
331.168148415,425.173619809,94.005471394,Other,random,C5H2O2,94.005480000,RC2_0018_ICR-1_p08
513.233995633,607.239467027,94.005471394,Other,random,C5H2O2,94.005480000,RC2_0018_ICR-1_p08
619.276127344,713.281598738,94.005471394,Other,random,C5H2O2,94.005480000,RC2_0018_ICR-1_p08
299.126631588,393.132103983,94.005472394,Other,random,C5H2O2,94.005480000,RC2_0018_ICR-1_p08
379.079975000,473.085447394,94.005472394,Other,random,C5H2O2,94.005480000,RC2_0018_ICR-1_p08
489.197750792,583.203223186,94.005472394,Other,random,C5H2O2,94.005480000,RC2_0018_ICR-1_p08
585.247299692,679.252772087,94.005472394,Other,random,C5H2O2,94.005480000,RC2_0018_ICR-1_p08
343.030449711,437.035923105,94.005473394,Other,random,C5H2O2,94.005480000,RC2_0018_ICR-1_p08
347.053710088,441.059184482,94.005474394,Other,random,C5H2O2,94.005480000,RC2_0018_ICR-1_p08
383.134591200,477.140065594,94.005474394,Other,random,C5H2O2,94.005480000,RC2_0018_ICR-1_p08
401.072481333,495.077955727,94.005474394,Other,random,C5H2O2,94.005480000,RC2_0018_ICR-1_p08
567.244964922,661.250440316,94.005475394,Other,random,C5H2O2,94.005480000,RC2_0018_ICR-1_p08
433.236137472,527.241612866,94.005475394,Other,random,C5H2O2,94.005480000,RC2_0018_ICR-1_p08
547.145740943,641.151217337,94.005476394,Other,random,C5H2O2,94.005480000,RC2_0018_ICR-1_p08
558.182983879,652.188460273,94.005476394,Other,random,C5H2O2,94.005480000,RC2_0018_ICR-1_p08
433.171337837,527.176814231,94.005476394,Other,random,C5H2O2,94.005480000,RC2_0018_ICR-1_p08
423.165949098,517.171426492,94.005477394,Other,random,C5H2O2,94.005480000,RC2_0018_ICR-1_p08
357.155348285,451.160825679,94.005477394,Other,random,C5H2O2,94.005480000,RC2_0018_ICR-1_p08
365.160373272,459.165850666,94.005477394,Other,random,C5H2O2,94.005480000,RC2_0018_ICR-1_p08
403.051699203,497.057176598,94.005477394,Other,random,C5H2O2,94.005480000,RC2_0018_ICR-1_p08
609.109939509,703.115417904,94.005478394,Other,random,C5H2O2,94.005480000,RC2_0018_ICR-1_p08
347.107917783,441.113396177,94.005478394,Other,random,C5H2O2,94.005480000,RC2_0018_ICR-1_p08
498.125370591,592.130848985,94.005478394,Other,random,C5H2O2,94.005480000,RC2_0018_ICR-1_p08
591.099457785,685.104936179,94.005478394,Other,random,C5H2O2,94.005480000,RC2_0018_ICR-1_p08
369.082494217,463.087972611,94.005478394,Other,random,C5H2O2,94.005480000,RC2_0018_ICR-1_p08
487.218312923,581.223791317,94.005478394,Other,random,C5H2O2,94.005480000,RC2_0018_ICR-1_p08
341.160455226,435.165934621,94.005479394,Other,random,C5H2O2,94.005480000,RC2_0018_ICR-1_p08
419.207264358,513.212743753,94.005479394,Other,random,C5H2O2,94.005480000,RC2_0018_ICR-1_p08
333.074561695,427.080041089,94.005479394,Other,random,C5H2O2,94.005480000,RC2_0018_ICR-1_p08
391.225513704,485.230993098,94.005479394,Other,random,C5H2O2,94.005480000,RC2_0018_ICR-1_p08
454.062705361,548.068184756,94.005479394,Other,random,C5H2O2,94.005480000,RC2_0018_ICR-1_p08
373.215043979,467.220524373,94.005480394,Other,random,C5H2O2,94.005480000,RC2_0018_ICR-1_p08
415.124437317,509.129917711,94.005480394,Other,random,C5H2O2,94.005480000,RC2_0018_ICR-1_p08
374.051647275,468.057127669,94.005480394,Other,random,C5H2O2,94.005480000,RC2_0018_ICR-1_p08
575.250070908,669.255552302,94.005481394,Other,random,C5H2O2,94.005480000,RC2_0018_ICR-1_p08
365.064373811,459.069856206,94.005482394,Other,random,C5H2O2,94.005480000,RC2_0018_ICR-1_p08
381.113413565,475.118895960,94.005482394,Other,random,C5H2O2,94.005480000,RC2_0018_ICR-1_p08
395.098147927,489.103630321,94.005482394,Other,random,C5H2O2,94.005480000,RC2_0018_ICR-1_p08
403.139730708,497.145213103,94.005482394,Other,random,C5H2O2,94.005480000,RC2_0018_ICR-1_p08
431.119459374,525.124941769,94.005482394,Other,random,C5H2O2,94.005480000,RC2_0018_ICR-1_p08
471.150752273,565.156234667,94.005482394,Other,random,C5H2O2,94.005480000,RC2_0018_ICR-1_p08
359.090145405,453.095627799,94.005482394,Other,random,C5H2O2,94.005480000,RC2_0018_ICR-1_p08
357.046121899,451.051605293,94.005483394,Other,random,C5H2O2,94.005480000,RC2_0018_ICR-1_p08
357.132047416,451.137530810,94.005483394,Other,random,C5H2O2,94.005480000,RC2_0018_ICR-1_p08
509.057255119,603.062739514,94.005484394,Other,random,C5H2O2,94.005480000,RC2_0018_ICR-1_p08
369.155296808,463.160781202,94.005484394,Other,random,C5H2O2,94.005480000,RC2_0018_ICR-1_p08
399.202232849,493.207717244,94.005484394,Other,random,C5H2O2,94.005480000,RC2_0018_ICR-1_p08
637.141245885,731.146730280,94.005484394,Other,random,C5H2O2,94.005480000,RC2_0018_ICR-1_p08
276.051290344,370.056775738,94.005485394,Other,random,C5H2O2,94.005480000,RC2_0018_ICR-1_p08
373.186705138,467.192190533,94.005485394,Other,random,C5H2O2,94.005480000,RC2_0018_ICR-1_p08
457.207833676,551.213320070,94.005486394,Other,random,C5H2O2,94.005480000,RC2_0018_ICR-1_p08
559.130473551,653.135959945,94.005486394,Other,random,C5H2O2,94.005480000,RC2_0018_ICR-1_p08
347.090232882,441.095719277,94.005486394,Other,random,C5H2O2,94.005480000,RC2_0018_ICR-1_p08
435.251779138,529.257265532,94.005486394,Other,random,C5H2O2,94.005480000,RC2_0018_ICR-1_p08
429.249243891,523.254731285,94.005487394,Other,random,C5H2O2,94.005480000,RC2_0018_ICR-1_p08
649.286599590,743.292086985,94.005487394,Other,random,C5H2O2,94.005480000,RC2_0018_ICR-1_p08
337.069330231,431.074818626,94.005488394,Other,random,C5H2O2,94.005480000,RC2_0018_ICR-1_p08
361.087129176,455.092617570,94.005488394,Other,random,C5H2O2,94.005480000,RC2_0018_ICR-1_p08
407.134489245,501.139977639,94.005488394,Other,random,C5H2O2,94.005480000,RC2_0018_ICR-1_p08
335.171093905,429.176582300,94.005488394,Other,random,C5H2O2,94.005480000,RC2_0018_ICR-1_p08
417.176408778,511.181897172,94.005488394,Other,random,C5H2O2,94.005480000,RC2_0018_ICR-1_p08
615.229743097,709.235232491,94.005489394,Other,random,C5H2O2,94.005480000,RC2_0018_ICR-1_p08
349.142133344,443.147622738,94.005489394,Other,random,C5H2O2,94.005480000,RC2_0018_ICR-1_p08
401.123941043,495.150534319,94.026593275,Other,random,C2H6O4,94.026602730,RC2_0018_ICR-1_p08
389.087704725,483.114298000,94.026593275,Other,random,C2H6O4,94.026602730,RC2_0018_ICR-1_p08
533.231602184,627.258195459,94.026593275,Other,random,C2H6O4,94.026602730,RC2_0018_ICR-1_p08
319.154999966,413.181593242,94.026593275,Other,random,C2H6O4,94.026602730,RC2_0018_ICR-1_p08
347.040717161,441.067310436,94.026593275,Other,random,C2H6O4,94.026602730,RC2_0018_ICR-1_p08
529.244430604,623.271024880,94.026594275,Other,random,C2H6O4,94.026602730,RC2_0018_ICR-1_p08
372.035951609,466.062545885,94.026594275,Other,random,C2H6O4,94.026602730,RC2_0018_ICR-1_p08
313.048365305,407.074960580,94.026595275,Other,random,C2H6O4,94.026602730,RC2_0018_ICR-1_p08
437.100848740,531.127444016,94.026595275,Other,random,C2H6O4,94.026602730,RC2_0018_ICR-1_p08
417.118983101,511.145581377,94.026598275,Other,random,C2H6O4,94.026602730,RC2_0018_ICR-1_p08
461.218098126,555.244696401,94.026598275,Other,random,C2H6O4,94.026602730,RC2_0018_ICR-1_p08
355.113010769,449.139610045,94.026599275,Other,random,C2H6O4,94.026602730,RC2_0018_ICR-1_p08
388.030941667,482.057540943,94.026599275,Other,random,C2H6O4,94.026602730,RC2_0018_ICR-1_p08
400.030923190,494.057522465,94.026599275,Other,random,C2H6O4,94.026602730,RC2_0018_ICR-1_p08
478.099151201,572.125750477,94.026599275,Other,random,C2H6O4,94.026602730,RC2_0018_ICR-1_p08
337.129165895,431.155765170,94.026599275,Other,random,C2H6O4,94.026602730,RC2_0018_ICR-1_p08
477.212995184,571.239595460,94.026600275,Other,random,C2H6O4,94.026602730,RC2_0018_ICR-1_p08
441.204777663,535.231377939,94.026600275,Other,random,C2H6O4,94.026602730,RC2_0018_ICR-1_p08
615.208632216,709.235232491,94.026600275,Other,random,C2H6O4,94.026602730,RC2_0018_ICR-1_p08
329.030249436,423.056851712,94.026602275,Other,random,C2H6O4,94.026602730,RC2_0018_ICR-1_p08
337.056318305,431.082920580,94.026602275,Other,random,C2H6O4,94.026602730,RC2_0018_ICR-1_p08
401.209883560,495.236485836,94.026602275,Other,random,C2H6O4,94.026602730,RC2_0018_ICR-1_p08
355.204494255,449.231096530,94.026602275,Other,random,C2H6O4,94.026602730,RC2_0018_ICR-1_p08
357.055602846,451.082206121,94.026603275,Other,random,C2H6O4,94.026602730,RC2_0018_ICR-1_p08
360.036101086,454.062705361,94.026604275,Other,random,C2H6O4,94.026602730,RC2_0018_ICR-1_p08
397.129119507,491.155723782,94.026604275,Other,random,C2H6O4,94.026602730,RC2_0018_ICR-1_p08
401.087688247,495.114294523,94.026606275,Other,random,C2H6O4,94.026602730,RC2_0018_ICR-1_p08
429.046294032,523.072900308,94.026606275,Other,random,C2H6O4,94.026602730,RC2_0018_ICR-1_p08
613.120508957,707.147117233,94.026608275,Other,random,C2H6O4,94.026602730,RC2_0018_ICR-1_p08
467.220524373,561.247133649,94.026609275,Other,random,C2H6O4,94.026602730,RC2_0018_ICR-1_p08
701.282329211,795.308938487,94.026609275,Other,random,C2H6O4,94.026602730,RC2_0018_ICR-1_p08
381.046201943,475.072811219,94.026609275,Other,random,C2H6O4,94.026602730,RC2_0018_ICR-1_p08
467.184183578,561.210792853,94.026609275,Other,random,C2H6O4,94.026602730,RC2_0018_ICR-1_p08
699.302449344,793.329060620,94.026611275,Other,random,C2H6O4,94.026602730,RC2_0018_ICR-1_p08
351.035673697,445.062284972,94.026611275,Other,random,C2H6O4,94.026602730,RC2_0018_ICR-1_p08
505.098740379,599.125351654,94.026611275,Other,random,C2H6O4,94.026602730,RC2_0018_ICR-1_p08
369.147192853,463.173805128,94.026612275,Other,random,C2H6O4,94.026602730,RC2_0018_ICR-1_p08
341.152354272,435.178966547,94.026612275,Other,random,C2H6O4,94.026602730,RC2_0018_ICR-1_p08
399.157730100,493.184342375,94.026612275,Other,random,C2H6O4,94.026602730,RC2_0018_ICR-1_p08
538.120272694,633.073685758,94.953413064,Other,random,PO43,94.953423000,RC2_0018_ICR-1_p08
566.260751456,661.214170520,94.953419064,Other,random,PO43,94.953423000,RC2_0018_ICR-1_p08
522.125257636,617.078682700,94.953425064,Other,random,PO43,94.953423000,RC2_0018_ICR-1_p08
478.171700793,573.125126857,94.953426064,Other,random,PO43,94.953423000,RC2_0018_ICR-1_p08
572.235038862,667.188465926,94.953427064,Other,random,PO43,94.953423000,RC2_0018_ICR-1_p08
616.225106500,711.178534564,94.953428064,Other,random,PO43,94.953423000,RC2_0018_ICR-1_p08
355.030582233,450.067688826,95.037106593,Other,random,C5H5N1O1,95.037114000,RC2_0018_ICR-1_p08
427.160753635,522.197861228,95.037107593,Other,random,C5H5N1O1,95.037114000,RC2_0018_ICR-1_p08
441.067310436,536.104419030,95.037108593,Other,random,C5H5N1O1,95.037114000,RC2_0018_ICR-1_p08
573.146263738,668.183372331,95.037108593,Other,random,C5H5N1O1,95.037114000,RC2_0018_ICR-1_p08
383.134591200,478.171700793,95.037109593,Other,random,C5H5N1O1,95.037114000,RC2_0018_ICR-1_p08
339.072047970,434.109160563,95.037112593,Other,random,C5H5N1O1,95.037114000,RC2_0018_ICR-1_p08
353.051318362,448.088431956,95.037113593,Other,random,C5H5N1O1,95.037114000,RC2_0018_ICR-1_p08
503.140690389,598.177806982,95.037116593,Other,random,C5H5N1O1,95.037114000,RC2_0018_ICR-1_p08
587.198177722,682.235295315,95.037117593,Other,random,C5H5N1O1,95.037114000,RC2_0018_ICR-1_p08
511.072942785,606.110061378,95.037118593,Other,random,C5H5N1O1,95.037114000,RC2_0018_ICR-1_p08
481.098650335,576.135770928,95.037120593,Other,random,C5H5N1O1,95.037114000,RC2_0018_ICR-1_p08
335.113503229,431.065244679,95.951741450,Other,random,SO42,95.951732000,RC2_0018_ICR-1_p08
343.212616687,439.173857084,95.961240397,Other,random,H1O4P1,95.961248000,RC2_0018_ICR-1_p08
353.196901544,449.158141940,95.961240397,Other,random,H1O4P1,95.961248000,RC2_0018_ICR-1_p08
364.140123009,460.101363405,95.961240397,Other,random,H1O4P1,95.961248000,RC2_0018_ICR-1_p08
347.077144956,443.038386353,95.961241397,Other,random,H1O4P1,95.961248000,RC2_0018_ICR-1_p08
353.124115953,449.085357350,95.961241397,Other,random,H1O4P1,95.961248000,RC2_0018_ICR-1_p08
353.087646158,449.048889555,95.961243397,Other,random,H1O4P1,95.961248000,RC2_0018_ICR-1_p08
309.134276314,405.095520711,95.961244397,Other,random,H1O4P1,95.961248000,RC2_0018_ICR-1_p08
509.239208096,605.200453493,95.961245397,Other,random,H1O4P1,95.961248000,RC2_0018_ICR-1_p08
295.155150921,391.116397317,95.961246397,Other,random,H1O4P1,95.961248000,RC2_0018_ICR-1_p08
263.092574213,359.053821610,95.961247397,Other,random,H1O4P1,95.961248000,RC2_0018_ICR-1_p08
313.165601645,409.126849042,95.961247397,Other,random,H1O4P1,95.961248000,RC2_0018_ICR-1_p08
307.155049444,403.116300840,95.961251397,Other,random,H1O4P1,95.961248000,RC2_0018_ICR-1_p08
315.123807634,411.085060031,95.961252397,Other,random,H1O4P1,95.961248000,RC2_0018_ICR-1_p08
271.155146876,367.116402273,95.961255397,Other,random,H1O4P1,95.961248000,RC2_0018_ICR-1_p08
375.144860127,471.106115524,95.961255397,Other,random,H1O4P1,95.961248000,RC2_0018_ICR-1_p08
255.123872022,351.085128419,95.961256397,Other,random,H1O4P1,95.961248000,RC2_0018_ICR-1_p08
367.103377346,463.064634742,95.961257397,Other,random,H1O4P1,95.961248000,RC2_0018_ICR-1_p08
519.150747362,615.135482627,95.984735265,Other,random,C4O3,95.984745000,RC2_0018_ICR-1_p08
633.146514348,729.131249613,95.984735265,Other,random,C4O3,95.984745000,RC2_0018_ICR-1_p08
397.186547184,493.171282449,95.984735265,Other,random,C4O3,95.984745000,RC2_0018_ICR-1_p08
448.124947750,544.109683015,95.984735265,Other,random,C4O3,95.984745000,RC2_0018_ICR-1_p08
509.252304023,605.237040287,95.984736265,Other,random,C4O3,95.984745000,RC2_0018_ICR-1_p08
411.056826189,507.041562454,95.984736265,Other,random,C4O3,95.984745000,RC2_0018_ICR-1_p08
323.077086912,419.061824176,95.984737265,Other,random,C4O3,95.984745000,RC2_0018_ICR-1_p08
403.124415795,499.109153059,95.984737265,Other,random,C4O3,95.984745000,RC2_0018_ICR-1_p08
627.229757619,723.214494884,95.984737265,Other,random,C4O3,95.984745000,RC2_0018_ICR-1_p08
467.184183578,563.168921842,95.984738265,Other,random,C4O3,95.984745000,RC2_0018_ICR-1_p08
316.095593170,412.080331434,95.984738265,Other,random,C4O3,95.984745000,RC2_0018_ICR-1_p08
331.131665620,427.116403884,95.984738265,Other,random,C4O3,95.984745000,RC2_0018_ICR-1_p08
355.066866029,451.051605293,95.984739265,Other,random,C4O3,95.984745000,RC2_0018_ICR-1_p08
332.077574301,428.062313565,95.984739265,Other,random,C4O3,95.984745000,RC2_0018_ICR-1_p08
387.144773650,483.129512915,95.984739265,Other,random,C4O3,95.984745000,RC2_0018_ICR-1_p08
383.134591200,479.119331465,95.984740265,Other,random,C4O3,95.984745000,RC2_0018_ICR-1_p08
375.202297804,471.187039069,95.984741265,Other,random,C4O3,95.984745000,RC2_0018_ICR-1_p08
419.111150899,515.095892163,95.984741265,Other,random,C4O3,95.984745000,RC2_0018_ICR-1_p08
359.144237101,455.128979366,95.984742265,Other,random,C4O3,95.984745000,RC2_0018_ICR-1_p08
535.231377939,631.216120203,95.984742265,Other,random,C4O3,95.984745000,RC2_0018_ICR-1_p08
363.194244327,459.178986592,95.984742265,Other,random,C4O3,95.984745000,RC2_0018_ICR-1_p08
319.058918506,415.043661771,95.984743264,Other,random,C4O3,95.984745000,RC2_0018_ICR-1_p08
415.160838112,511.145581377,95.984743264,Other,random,C4O3,95.984745000,RC2_0018_ICR-1_p08
487.109273536,583.094016801,95.984743265,Other,random,C4O3,95.984745000,RC2_0018_ICR-1_p08
487.124467451,583.109210715,95.984743265,Other,random,C4O3,95.984745000,RC2_0018_ICR-1_p08
353.160383749,449.145128014,95.984744264,Other,random,C4O3,95.984745000,RC2_0018_ICR-1_p08
429.204746141,525.189490406,95.984744264,Other,random,C4O3,95.984745000,RC2_0018_ICR-1_p08
433.108338191,529.093082455,95.984744264,Other,random,C4O3,95.984745000,RC2_0018_ICR-1_p08
721.271911807,817.256658072,95.984746264,Other,random,C4O3,95.984745000,RC2_0018_ICR-1_p08
349.214927935,445.199674200,95.984746264,Other,random,C4O3,95.984745000,RC2_0018_ICR-1_p08
491.278093094,587.262839359,95.984746264,Other,random,C4O3,95.984745000,RC2_0018_ICR-1_p08
725.230703546,821.215449811,95.984746264,Other,random,C4O3,95.984745000,RC2_0018_ICR-1_p08
348.072489359,444.057237624,95.984748264,Other,random,C4O3,95.984745000,RC2_0018_ICR-1_p08
499.210334490,595.195082755,95.984748264,Other,random,C4O3,95.984745000,RC2_0018_ICR-1_p08
333.082651649,429.067400914,95.984749264,Other,random,C4O3,95.984745000,RC2_0018_ICR-1_p08
401.160463838,497.145213103,95.984749264,Other,random,C4O3,95.984745000,RC2_0018_ICR-1_p08
336.158224355,432.142973619,95.984749264,Other,random,C4O3,95.984745000,RC2_0018_ICR-1_p08
352.103682691,448.088431956,95.984749264,Other,random,C4O3,95.984745000,RC2_0018_ICR-1_p08
473.166421939,569.151171203,95.984749264,Other,random,C4O3,95.984745000,RC2_0018_ICR-1_p08
391.170361014,487.155111278,95.984750264,Other,random,C4O3,95.984745000,RC2_0018_ICR-1_p08
409.077449320,505.062199584,95.984750264,Other,random,C4O3,95.984745000,RC2_0018_ICR-1_p08
691.297513357,787.282263622,95.984750264,Other,random,C4O3,95.984745000,RC2_0018_ICR-1_p08
259.155033354,355.139784619,95.984751264,Other,random,C4O3,95.984745000,RC2_0018_ICR-1_p08
349.056375827,445.041127091,95.984751264,Other,random,C4O3,95.984745000,RC2_0018_ICR-1_p08
493.098788856,589.083541121,95.984752264,Other,random,C4O3,95.984745000,RC2_0018_ICR-1_p08
549.197804404,645.182556668,95.984752264,Other,random,C4O3,95.984745000,RC2_0018_ICR-1_p08
350.051620230,446.036372495,95.984752264,Other,random,C4O3,95.984745000,RC2_0018_ICR-1_p08
345.118953967,441.103707232,95.984753264,Other,random,C4O3,95.984745000,RC2_0018_ICR-1_p08
427.189229475,523.173982739,95.984753264,Other,random,C4O3,95.984745000,RC2_0018_ICR-1_p08
407.074960580,503.096080640,96.021120060,Other,random,C5H4O2,96.021130000,RC2_0018_ICR-1_p08
597.182695578,693.203815638,96.021120060,Other,random,C5H4O2,96.021130000,RC2_0018_ICR-1_p08
347.077144956,443.098265016,96.021120060,Other,random,C5H4O2,96.021130000,RC2_0018_ICR-1_p08
419.092521004,515.113641064,96.021120060,Other,random,C5H4O2,96.021130000,RC2_0018_ICR-1_p08
455.220463851,551.241583911,96.021120060,Other,random,C5H4O2,96.021130000,RC2_0018_ICR-1_p08
311.105509230,407.126629290,96.021120060,Other,random,C5H4O2,96.021130000,RC2_0018_ICR-1_p08
345.046190376,441.067310436,96.021120060,Other,random,C5H4O2,96.021130000,RC2_0018_ICR-1_p08
496.109727925,592.130848985,96.021121060,Other,random,C5H4O2,96.021130000,RC2_0018_ICR-1_p08
436.051976638,532.073097698,96.021121060,Other,random,C5H4O2,96.021130000,RC2_0018_ICR-1_p08
627.193373824,723.214494884,96.021121060,Other,random,C5H4O2,96.021130000,RC2_0018_ICR-1_p08
397.163221315,493.184342375,96.021121060,Other,random,C5H4O2,96.021130000,RC2_0018_ICR-1_p08
327.035729652,423.056851712,96.021122060,Other,random,C5H4O2,96.021130000,RC2_0018_ICR-1_p08
387.102687887,483.123809947,96.021122060,Other,random,C5H4O2,96.021130000,RC2_0018_ICR-1_p08
485.158298507,581.179420567,96.021122060,Other,random,C5H4O2,96.021130000,RC2_0018_ICR-1_p08
321.097860041,417.118983101,96.021123060,Other,random,C5H4O2,96.021130000,RC2_0018_ICR-1_p08
375.048621669,471.069744729,96.021123060,Other,random,C5H4O2,96.021130000,RC2_0018_ICR-1_p08
335.077134434,431.098258494,96.021124060,Other,random,C5H4O2,96.021130000,RC2_0018_ICR-1_p08
375.157922054,471.179046114,96.021124060,Other,random,C5H4O2,96.021130000,RC2_0018_ICR-1_p08
341.152354272,437.173479332,96.021125060,Other,random,C5H4O2,96.021130000,RC2_0018_ICR-1_p08
393.191744647,489.212869707,96.021125060,Other,random,C5H4O2,96.021130000,RC2_0018_ICR-1_p08
405.046243988,501.067369048,96.021125060,Other,random,C5H4O2,96.021130000,RC2_0018_ICR-1_p08
563.286520181,659.307645241,96.021125060,Other,random,C5H4O2,96.021130000,RC2_0018_ICR-1_p08
707.183544028,803.204670088,96.021126060,Other,random,C5H4O2,96.021130000,RC2_0018_ICR-1_p08
345.191806558,441.212932618,96.021126060,Other,random,C5H4O2,96.021130000,RC2_0018_ICR-1_p08
317.066613709,413.087740769,96.021127060,Other,random,C5H4O2,96.021130000,RC2_0018_ICR-1_p08
477.189641315,573.210768375,96.021127060,Other,random,C5H4O2,96.021130000,RC2_0018_ICR-1_p08
461.093670825,557.114798885,96.021128060,Other,random,C5H4O2,96.021130000,RC2_0018_ICR-1_p08
319.139710052,415.160838112,96.021128060,Other,random,C5H4O2,96.021130000,RC2_0018_ICR-1_p08
385.186550662,481.207678722,96.021128060,Other,random,C5H4O2,96.021130000,RC2_0018_ICR-1_p08
433.236137472,529.257265532,96.021128060,Other,random,C5H4O2,96.021130000,RC2_0018_ICR-1_p08
361.129068940,457.150198000,96.021129060,Other,random,C5H4O2,96.021130000,RC2_0018_ICR-1_p08
367.066843551,463.087972611,96.021129060,Other,random,C5H4O2,96.021130000,RC2_0018_ICR-1_p08
381.204814051,477.225943111,96.021129060,Other,random,C5H4O2,96.021130000,RC2_0018_ICR-1_p08
347.098291837,443.119421897,96.021130060,Other,random,C5H4O2,96.021130000,RC2_0018_ICR-1_p08
437.139631522,533.160761582,96.021130060,Other,random,C5H4O2,96.021130000,RC2_0018_ICR-1_p08
555.208440605,651.229570665,96.021130060,Other,random,C5H4O2,96.021130000,RC2_0018_ICR-1_p08
370.041414825,466.062545885,96.021131060,Other,random,C5H4O2,96.021130000,RC2_0018_ICR-1_p08
409.199577633,505.220708693,96.021131060,Other,random,C5H4O2,96.021130000,RC2_0018_ICR-1_p08
377.090819185,473.111950245,96.021131060,Other,random,C5H4O2,96.021130000,RC2_0018_ICR-1_p08
580.167133259,676.188264319,96.021131060,Other,random,C5H4O2,96.021130000,RC2_0018_ICR-1_p08
311.149929980,407.171062040,96.021132060,Other,random,C5H4O2,96.021130000,RC2_0018_ICR-1_p08
318.025615317,414.046747377,96.021132060,Other,random,C5H4O2,96.021130000,RC2_0018_ICR-1_p08
465.226000589,561.247133649,96.021133060,Other,random,C5H4O2,96.021130000,RC2_0018_ICR-1_p08
379.066939073,475.088072133,96.021133060,Other,random,C5H4O2,96.021130000,RC2_0018_ICR-1_p08
431.119459374,527.140592434,96.021133060,Other,random,C5H4O2,96.021130000,RC2_0018_ICR-1_p08
389.100655652,485.121789712,96.021134060,Other,random,C5H4O2,96.021130000,RC2_0018_ICR-1_p08
331.058906029,427.080041089,96.021135060,Other,random,C5H4O2,96.021130000,RC2_0018_ICR-1_p08
420.057181579,516.078316639,96.021135060,Other,random,C5H4O2,96.021130000,RC2_0018_ICR-1_p08
357.118880490,453.140016550,96.021136060,Other,random,C5H4O2,96.021130000,RC2_0018_ICR-1_p08
364.067349418,460.088487478,96.021138060,Other,random,C5H4O2,96.021130000,RC2_0018_ICR-1_p08
439.233623747,535.254761807,96.021138060,Other,random,C5H4O2,96.021130000,RC2_0018_ICR-1_p08
525.189490406,621.210628466,96.021138060,Other,random,C5H4O2,96.021130000,RC2_0018_ICR-1_p08
349.019989031,445.041127091,96.021138060,Other,random,C5H4O2,96.021130000,RC2_0018_ICR-1_p08
417.140156982,513.161296042,96.021139060,Other,random,C5H4O2,96.021130000,RC2_0018_ICR-1_p08
427.173905561,523.195044621,96.021139060,Other,random,C5H4O2,96.021130000,RC2_0018_ICR-1_p08
407.171062040,503.192201099,96.021139060,Other,random,C5H4O2,96.021130000,RC2_0018_ICR-1_p08
325.056400782,421.113906637,96.057505855,Other,random,C6H8O,96.057515000,RC2_0018_ICR-1_p08
635.198580809,731.256086665,96.057505855,Other,random,C6H8O,96.057515000,RC2_0018_ICR-1_p08
375.072082537,471.129589392,96.057506855,Other,random,C6H8O,96.057515000,RC2_0018_ICR-1_p08
363.144866605,459.202373460,96.057506855,Other,random,C6H8O,96.057515000,RC2_0018_ICR-1_p08
387.056790145,483.114298000,96.057507855,Other,random,C6H8O,96.057515000,RC2_0018_ICR-1_p08
393.119012056,489.176519912,96.057507855,Other,random,C6H8O,96.057515000,RC2_0018_ICR-1_p08
481.244088517,577.301596372,96.057507855,Other,random,C6H8O,96.057515000,RC2_0018_ICR-1_p08
323.077086912,419.134597767,96.057510855,Other,random,C6H8O,96.057515000,RC2_0018_ICR-1_p08
393.059256392,489.116768248,96.057511855,Other,random,C6H8O,96.057515000,RC2_0018_ICR-1_p08
440.046907174,536.104419030,96.057511855,Other,random,C6H8O,96.057515000,RC2_0018_ICR-1_p08
333.082651649,429.140164504,96.057512855,Other,random,C6H8O,96.057515000,RC2_0018_ICR-1_p08
327.121510169,423.179023025,96.057512855,Other,random,C6H8O,96.057515000,RC2_0018_ICR-1_p08
405.118884579,501.176397435,96.057512855,Other,random,C6H8O,96.057515000,RC2_0018_ICR-1_p08
655.188528403,751.246041258,96.057512855,Other,random,C6H8O,96.057515000,RC2_0018_ICR-1_p08
335.149938024,431.207451880,96.057513855,Other,random,C6H8O,96.057515000,RC2_0018_ICR-1_p08
363.102799842,459.160313697,96.057513855,Other,random,C6H8O,96.057515000,RC2_0018_ICR-1_p08
383.134591200,479.192105055,96.057513855,Other,random,C6H8O,96.057515000,RC2_0018_ICR-1_p08
425.036009583,521.093523438,96.057513855,Other,random,C6H8O,96.057515000,RC2_0018_ICR-1_p08
417.168295824,513.225809679,96.057513855,Other,random,C6H8O,96.057515000,RC2_0018_ICR-1_p08
335.053840565,431.111355420,96.057514855,Other,random,C6H8O,96.057515000,RC2_0018_ICR-1_p08
345.055881322,441.113396177,96.057514855,Other,random,C6H8O,96.057515000,RC2_0018_ICR-1_p08
433.150265955,529.207780810,96.057514855,Other,random,C6H8O,96.057515000,RC2_0018_ICR-1_p08
475.088072133,571.145587988,96.057515855,Other,random,C6H8O,96.057515000,RC2_0018_ICR-1_p08
365.137149402,461.194665257,96.057515855,Other,random,C6H8O,96.057515000,RC2_0018_ICR-1_p08
505.111842305,601.169358160,96.057515855,Other,random,C6H8O,96.057515000,RC2_0018_ICR-1_p08
425.217735561,521.275251416,96.057515855,Other,random,C6H8O,96.057515000,RC2_0018_ICR-1_p08
345.046190376,441.103707232,96.057516855,Other,random,C6H8O,96.057515000,RC2_0018_ICR-1_p08
417.204730619,513.262247474,96.057516855,Other,random,C6H8O,96.057515000,RC2_0018_ICR-1_p08
437.108794696,533.166311551,96.057516855,Other,random,C6H8O,96.057515000,RC2_0018_ICR-1_p08
709.199258693,805.256776549,96.057517855,Other,random,C6H8O,96.057515000,RC2_0018_ICR-1_p08
499.173986694,595.231504550,96.057517855,Other,random,C6H8O,96.057515000,RC2_0018_ICR-1_p08
545.093698482,641.151217337,96.057518855,Other,random,C6H8O,96.057515000,RC2_0018_ICR-1_p08
627.266552412,723.324071268,96.057518855,Other,random,C6H8O,96.057515000,RC2_0018_ICR-1_p08
421.113906637,517.171426492,96.057519855,Other,random,C6H8O,96.057515000,RC2_0018_ICR-1_p08
315.136751561,411.194271417,96.057519855,Other,random,C6H8O,96.057515000,RC2_0018_ICR-1_p08
399.056774667,495.114294523,96.057519855,Other,random,C6H8O,96.057515000,RC2_0018_ICR-1_p08
339.139214592,435.196735447,96.057520855,Other,random,C6H8O,96.057515000,RC2_0018_ICR-1_p08
405.095520711,501.153041566,96.057520855,Other,random,C6H8O,96.057515000,RC2_0018_ICR-1_p08
427.124418839,523.181939694,96.057520855,Other,random,C6H8O,96.057515000,RC2_0018_ICR-1_p08
439.173857084,535.231377939,96.057520855,Other,random,C6H8O,96.057515000,RC2_0018_ICR-1_p08
435.056833234,531.114355089,96.057521855,Other,random,C6H8O,96.057515000,RC2_0018_ICR-1_p08
350.088024025,446.145545881,96.057521855,Other,random,C6H8O,96.057515000,RC2_0018_ICR-1_p08
423.179023025,519.236544880,96.057521855,Other,random,C6H8O,96.057515000,RC2_0018_ICR-1_p08
419.170967563,515.228490418,96.057522855,Other,random,C6H8O,96.057515000,RC2_0018_ICR-1_p08
369.082494217,465.140017072,96.057522855,Other,random,C6H8O,96.057515000,RC2_0018_ICR-1_p08
487.210426967,583.267949822,96.057522855,Other,random,C6H8O,96.057515000,RC2_0018_ICR-1_p08
389.014903134,485.072425989,96.057522855,Other,random,C6H8O,96.057515000,RC2_0018_ICR-1_p08
325.165577168,421.223101023,96.057523855,Other,random,C6H8O,96.057515000,RC2_0018_ICR-1_p08
581.114975929,677.172499784,96.057523855,Other,random,C6H8O,96.057515000,RC2_0018_ICR-1_p08
369.118928012,465.176451867,96.057523855,Other,random,C6H8O,96.057515000,RC2_0018_ICR-1_p08
370.049425780,466.106949635,96.057523855,Other,random,C6H8O,96.057515000,RC2_0018_ICR-1_p08
503.067827799,599.125351654,96.057523855,Other,random,C6H8O,96.057515000,RC2_0018_ICR-1_p08
401.027953583,497.085478438,96.057524855,Other,random,C6H8O,96.057515000,RC2_0018_ICR-1_p08
401.087688247,497.145213103,96.057524855,Other,random,C6H8O,96.057515000,RC2_0018_ICR-1_p08
407.171062040,503.228586895,96.057524855,Other,random,C6H8O,96.057515000,RC2_0018_ICR-1_p08
519.200281084,615.257805939,96.057524855,Other,random,C6H8O,96.057515000,RC2_0018_ICR-1_p08
331.155060488,428.147935084,96.992874596,Other,random,H4N1O3P1,96.992882000,RC2_0018_ICR-1_p08
353.196901544,450.189777139,96.992875596,Other,random,H4N1O3P1,96.992882000,RC2_0018_ICR-1_p08
271.082377285,368.075254881,96.992877596,Other,random,H4N1O3P1,96.992882000,RC2_0018_ICR-1_p08
399.202232849,496.195111445,96.992878596,Other,random,H4N1O3P1,96.992882000,RC2_0018_ICR-1_p08
325.129201372,422.122082968,96.992881596,Other,random,H4N1O3P1,96.992882000,RC2_0018_ICR-1_p08
249.113355820,346.106242416,96.992886596,Other,random,H4N1O3P1,96.992882000,RC2_0018_ICR-1_p08
524.226401821,621.219289417,96.992887596,Other,random,H4N1O3P1,96.992882000,RC2_0018_ICR-1_p08
471.077836683,568.094207147,97.016370464,Other,random,C4H3O2N1,97.016379000,RC2_0018_ICR-1_p08
353.051318362,450.067688826,97.016370464,Other,random,C4H3O2N1,97.016379000,RC2_0018_ICR-1_p08
325.092754577,422.109127041,97.016372464,Other,random,C4H3O2N1,97.016379000,RC2_0018_ICR-1_p08
311.113506185,408.129878648,97.016372464,Other,random,C4H3O2N1,97.016379000,RC2_0018_ICR-1_p08
343.045791625,440.062167088,97.016375463,Other,random,C4H3O2N1,97.016379000,RC2_0018_ICR-1_p08
321.097860041,418.114236505,97.016376463,Other,random,C4H3O2N1,97.016379000,RC2_0018_ICR-1_p08
349.129169417,446.145545881,97.016376463,Other,random,C4H3O2N1,97.016379000,RC2_0018_ICR-1_p08
327.121510169,424.137889633,97.016379463,Other,random,C4H3O2N1,97.016379000,RC2_0018_ICR-1_p08
347.077144956,444.093525420,97.016380463,Other,random,C4H3O2N1,97.016379000,RC2_0018_ICR-1_p08
293.139452255,390.155833719,97.016381463,Other,random,C4H3O2N1,97.016379000,RC2_0018_ICR-1_p08
317.066613709,414.082996173,97.016382463,Other,random,C4H3O2N1,97.016379000,RC2_0018_ICR-1_p08
349.019989031,446.036372495,97.016383463,Other,random,C4H3O2N1,97.016379000,RC2_0018_ICR-1_p08
357.061394813,454.077780277,97.016385463,Other,random,C4H3O2N1,97.016379000,RC2_0018_ICR-1_p08
363.072102014,460.088487478,97.016385463,Other,random,C4H3O2N1,97.016379000,RC2_0018_ICR-1_p08
427.124418839,524.140806303,97.016387463,Other,random,C4H3O2N1,97.016379000,RC2_0018_ICR-1_p08
497.130112187,594.182866446,97.052754259,Other,random,Proline,97.052763910,RC2_0018_ICR-1_p08
497.166360984,594.219116243,97.052755259,Other,random,Proline,97.052763910,RC2_0018_ICR-1_p08
423.056851712,520.109607971,97.052756259,Other,random,Proline,97.052763910,RC2_0018_ICR-1_p08
351.035673697,448.088431956,97.052758259,Other,random,Proline,97.052763910,RC2_0018_ICR-1_p08
309.097919519,406.150679777,97.052760259,Other,random,Proline,97.052763910,RC2_0018_ICR-1_p08
293.103072460,390.155833719,97.052761259,Other,random,Proline,97.052763910,RC2_0018_ICR-1_p08
369.131878939,466.184645198,97.052766259,Other,random,Proline,97.052763910,RC2_0018_ICR-1_p08
555.171844811,652.224611070,97.052766259,Other,random,Proline,97.052763910,RC2_0018_ICR-1_p08
549.052398221,646.105165480,97.052767259,Other,random,Proline,97.052763910,RC2_0018_ICR-1_p08
483.187024591,580.239793850,97.052769259,Other,random,Proline,97.052763910,RC2_0018_ICR-1_p08
411.142598707,508.195368966,97.052770259,Other,random,Proline,97.052763910,RC2_0018_ICR-1_p08
353.051318362,450.104088621,97.052770259,Other,random,Proline,97.052763910,RC2_0018_ICR-1_p08
435.056833234,532.109604493,97.052771259,Other,random,Proline,97.052763910,RC2_0018_ICR-1_p08
393.046246465,490.099018724,97.052772259,Other,random,Proline,97.052763910,RC2_0018_ICR-1_p08
435.093034031,532.145806289,97.052772259,Other,random,Proline,97.052763910,RC2_0018_ICR-1_p08
497.130112187,594.182866446,97.052754259,Other,random,Proline_C5H7NO,97.052764000,RC2_0018_ICR-1_p08
497.166360984,594.219116243,97.052755259,Other,random,Proline_C5H7NO,97.052764000,RC2_0018_ICR-1_p08
423.056851712,520.109607971,97.052756259,Other,random,Proline_C5H7NO,97.052764000,RC2_0018_ICR-1_p08
351.035673697,448.088431956,97.052758259,Other,random,Proline_C5H7NO,97.052764000,RC2_0018_ICR-1_p08
309.097919519,406.150679777,97.052760259,Other,random,Proline_C5H7NO,97.052764000,RC2_0018_ICR-1_p08
293.103072460,390.155833719,97.052761259,Other,random,Proline_C5H7NO,97.052764000,RC2_0018_ICR-1_p08
369.131878939,466.184645198,97.052766259,Other,random,Proline_C5H7NO,97.052764000,RC2_0018_ICR-1_p08
555.171844811,652.224611070,97.052766259,Other,random,Proline_C5H7NO,97.052764000,RC2_0018_ICR-1_p08
549.052398221,646.105165480,97.052767259,Other,random,Proline_C5H7NO,97.052764000,RC2_0018_ICR-1_p08
483.187024591,580.239793850,97.052769259,Other,random,Proline_C5H7NO,97.052764000,RC2_0018_ICR-1_p08
411.142598707,508.195368966,97.052770259,Other,random,Proline_C5H7NO,97.052764000,RC2_0018_ICR-1_p08
353.051318362,450.104088621,97.052770259,Other,random,Proline_C5H7NO,97.052764000,RC2_0018_ICR-1_p08
435.056833234,532.109604493,97.052771259,Other,random,Proline_C5H7NO,97.052764000,RC2_0018_ICR-1_p08
393.046246465,490.099018724,97.052772259,Other,random,Proline_C5H7NO,97.052764000,RC2_0018_ICR-1_p08
435.093034031,532.145806289,97.052772259,Other,random,Proline_C5H7NO,97.052764000,RC2_0018_ICR-1_p08
275.092516736,373.069405798,97.976889062,Other,random,H3O4P1,97.976898000,RC2_0018_ICR-1_p08
322.093142445,420.070032507,97.976890062,Other,random,H3O4P1,97.976898000,RC2_0018_ICR-1_p08
361.056382349,459.033272411,97.976890062,Other,random,H3O4P1,97.976898000,RC2_0018_ICR-1_p08
377.196865589,475.173757651,97.976892062,Other,random,H3O4P1,97.976898000,RC2_0018_ICR-1_p08
278.103435805,376.080328867,97.976893062,Other,random,H3O4P1,97.976898000,RC2_0018_ICR-1_p08
285.076925592,383.053821654,97.976896062,Other,random,H3O4P1,97.976898000,RC2_0018_ICR-1_p08
321.134254837,419.111150899,97.976896062,Other,random,H3O4P1,97.976898000,RC2_0018_ICR-1_p08
309.170708109,407.147606172,97.976898062,Other,random,H3O4P1,97.976898000,RC2_0018_ICR-1_p08
533.239222141,631.216120203,97.976898062,Other,random,H3O4P1,97.976898000,RC2_0018_ICR-1_p08
277.108226401,375.085130463,97.976904062,Other,random,H3O4P1,97.976898000,RC2_0018_ICR-1_p08
294.098328863,392.075233926,97.976905062,Other,random,H3O4P1,97.976898000,RC2_0018_ICR-1_p08
253.108223356,351.085128419,97.976905062,Other,random,H3O4P1,97.976898000,RC2_0018_ICR-1_p08
263.128969008,361.105876071,97.976907062,Other,random,H3O4P1,97.976898000,RC2_0018_ICR-1_p08
345.097855086,443.074762148,97.976907062,Other,random,H3O4P1,97.976898000,RC2_0018_ICR-1_p08
367.030606755,465.030992685,98.000385930,Other,random,C4H2O3,98.000395000,RC2_0018_ICR-1_p08
375.111564315,473.111950245,98.000385930,Other,random,C4H2O3,98.000395000,RC2_0018_ICR-1_p08
399.194146895,497.194532825,98.000385930,Other,random,C4H2O3,98.000395000,RC2_0018_ICR-1_p08
401.118398075,499.118785005,98.000386930,Other,random,C4H2O3,98.000395000,RC2_0018_ICR-1_p08
371.134626678,469.135013608,98.000386930,Other,random,C4H2O3,98.000395000,RC2_0018_ICR-1_p08
617.201236011,715.201622941,98.000386930,Other,random,C4H2O3,98.000395000,RC2_0018_ICR-1_p08
340.067302373,438.067690304,98.000387930,Other,random,C4H2O3,98.000395000,RC2_0018_ICR-1_p08
373.129200462,471.129589392,98.000388930,Other,random,C4H2O3,98.000395000,RC2_0018_ICR-1_p08
731.292670459,829.293059389,98.000388930,Other,random,C4H2O3,98.000395000,RC2_0018_ICR-1_p08
380.062170477,478.062559407,98.000388930,Other,random,C4H2O3,98.000395000,RC2_0018_ICR-1_p08
417.212962573,515.213351503,98.000388930,Other,random,C4H2O3,98.000395000,RC2_0018_ICR-1_p08
403.124415795,501.124805725,98.000389930,Other,random,C4H2O3,98.000395000,RC2_0018_ICR-1_p08
493.148116579,591.148506509,98.000389930,Other,random,C4H2O3,98.000395000,RC2_0018_ICR-1_p08
391.139706186,489.140097116,98.000390930,Other,random,C4H2O3,98.000395000,RC2_0018_ICR-1_p08
705.240489954,803.240880884,98.000390930,Other,random,C4H2O3,98.000395000,RC2_0018_ICR-1_p08
391.103239391,489.103630321,98.000390930,Other,random,C4H2O3,98.000395000,RC2_0018_ICR-1_p08
375.108330333,473.108721263,98.000390930,Other,random,C4H2O3,98.000395000,RC2_0018_ICR-1_p08
315.100332766,413.100724696,98.000391930,Other,random,C4H2O3,98.000395000,RC2_0018_ICR-1_p08
433.041208568,531.041600498,98.000391930,Other,random,C4H2O3,98.000395000,RC2_0018_ICR-1_p08
653.245648328,751.246041258,98.000392930,Other,random,C4H2O3,98.000395000,RC2_0018_ICR-1_p08
317.051304796,415.051698726,98.000393930,Other,random,C4H2O3,98.000395000,RC2_0018_ICR-1_p08
369.082494217,467.082888147,98.000393930,Other,random,C4H2O3,98.000395000,RC2_0018_ICR-1_p08
569.093868525,667.094262456,98.000393930,Other,random,C4H2O3,98.000395000,RC2_0018_ICR-1_p08
361.056382349,459.056776279,98.000393930,Other,random,C4H2O3,98.000395000,RC2_0018_ICR-1_p08
331.168148415,429.168543345,98.000394930,Other,random,C4H2O3,98.000395000,RC2_0018_ICR-1_p08
367.139622142,465.140017072,98.000394930,Other,random,C4H2O3,98.000395000,RC2_0018_ICR-1_p08
331.095213825,429.095608755,98.000394930,Other,random,C4H2O3,98.000395000,RC2_0018_ICR-1_p08
335.113503229,433.113898159,98.000394930,Other,random,C4H2O3,98.000395000,RC2_0018_ICR-1_p08
377.082055234,475.082450165,98.000394930,Other,random,C4H2O3,98.000395000,RC2_0018_ICR-1_p08
371.113439797,469.113834727,98.000394930,Other,random,C4H2O3,98.000395000,RC2_0018_ICR-1_p08
355.030582233,453.030979163,98.000396930,Other,random,C4H2O3,98.000395000,RC2_0018_ICR-1_p08
397.041098002,495.041495932,98.000397930,Other,random,C4H2O3,98.000395000,RC2_0018_ICR-1_p08
483.187024591,581.187423522,98.000398930,Other,random,C4H2O3,98.000395000,RC2_0018_ICR-1_p08
387.121390782,485.121789712,98.000398930,Other,random,C4H2O3,98.000395000,RC2_0018_ICR-1_p08
407.061800654,505.062199584,98.000398930,Other,random,C4H2O3,98.000395000,RC2_0018_ICR-1_p08
583.239792981,681.240191911,98.000398930,Other,random,C4H2O3,98.000395000,RC2_0018_ICR-1_p08
329.116004954,427.116403884,98.000398930,Other,random,C4H2O3,98.000395000,RC2_0018_ICR-1_p08
375.048621669,473.049020599,98.000398930,Other,random,C4H2O3,98.000395000,RC2_0018_ICR-1_p08
529.171636014,627.172035944,98.000399930,Other,random,C4H2O3,98.000395000,RC2_0018_ICR-1_p08
333.134325358,431.134726289,98.000400930,Other,random,C4H2O3,98.000395000,RC2_0018_ICR-1_p08
423.093122508,521.093523438,98.000400930,Other,random,C4H2O3,98.000395000,RC2_0018_ICR-1_p08
397.186547184,495.186948114,98.000400930,Other,random,C4H2O3,98.000395000,RC2_0018_ICR-1_p08
347.171059428,445.171461358,98.000401930,Other,random,C4H2O3,98.000395000,RC2_0018_ICR-1_p08
399.056774667,497.057176598,98.000401930,Other,random,C4H2O3,98.000395000,RC2_0018_ICR-1_p08
393.119012056,491.119414986,98.000402930,Other,random,C4H2O3,98.000395000,RC2_0018_ICR-1_p08
383.061796609,481.062199540,98.000402930,Other,random,C4H2O3,98.000395000,RC2_0018_ICR-1_p08
411.129514781,509.129917711,98.000402930,Other,random,C4H2O3,98.000395000,RC2_0018_ICR-1_p08
323.090217838,421.090621768,98.000403930,Other,random,C4H2O3,98.000395000,RC2_0018_ICR-1_p08
336.108756633,434.109160563,98.000403930,Other,random,C4H2O3,98.000395000,RC2_0018_ICR-1_p08
503.168954230,601.169358160,98.000403930,Other,random,C4H2O3,98.000395000,RC2_0018_ICR-1_p08
399.139250204,497.139654134,98.000403930,Other,random,C4H2O3,98.000395000,RC2_0018_ICR-1_p08
507.236636357,605.237040287,98.000403930,Other,random,C4H2O3,98.000395000,RC2_0018_ICR-1_p08
341.087646636,439.088051566,98.000404930,Other,random,C4H2O3,98.000395000,RC2_0018_ICR-1_p08
403.030465323,501.030870253,98.000404930,Other,random,C4H2O3,98.000395000,RC2_0018_ICR-1_p08
407.220303763,505.220708693,98.000404930,Other,random,C4H2O3,98.000395000,RC2_0018_ICR-1_p08
419.165397594,517.165802524,98.000404930,Other,random,C4H2O3,98.000395000,RC2_0018_ICR-1_p08
701.282329211,799.282734141,98.000404930,Other,random,C4H2O3,98.000395000,RC2_0018_ICR-1_p08
385.223030456,483.223435387,98.000404930,Other,random,C4H2O3,98.000395000,RC2_0018_ICR-1_p08
411.157957621,509.158362551,98.000404930,Other,random,C4H2O3,98.000395000,RC2_0018_ICR-1_p08
397.105796638,495.142567364,98.036770726,Other,random,C5H6O2,98.036780000,RC2_0018_ICR-1_p08
465.103702276,563.140473002,98.036770726,Other,random,C5H6O2,98.036780000,RC2_0018_ICR-1_p08
371.077064001,469.113834727,98.036770726,Other,random,C5H6O2,98.036780000,RC2_0018_ICR-1_p08
615.229743097,713.266514823,98.036771726,Other,random,C5H6O2,98.036780000,RC2_0018_ICR-1_p08
329.066630232,427.103401957,98.036771726,Other,random,C5H6O2,98.036780000,RC2_0018_ICR-1_p08
507.078018249,605.114789975,98.036771726,Other,random,C5H6O2,98.036780000,RC2_0018_ICR-1_p08
361.087129176,459.123901902,98.036772726,Other,random,C5H6O2,98.036780000,RC2_0018_ICR-1_p08
376.080328867,474.117101593,98.036772726,Other,random,C5H6O2,98.036780000,RC2_0018_ICR-1_p08
553.192797939,651.229570665,98.036772726,Other,random,C5H6O2,98.036780000,RC2_0018_ICR-1_p08
387.144773650,485.181546376,98.036772726,Other,random,C5H6O2,98.036780000,RC2_0018_ICR-1_p08
406.062866271,504.099638997,98.036772726,Other,random,C5H6O2,98.036780000,RC2_0018_ICR-1_p08
460.088487478,558.125261203,98.036773726,Other,random,C5H6O2,98.036780000,RC2_0018_ICR-1_p08
379.097644900,477.134418626,98.036773726,Other,random,C5H6O2,98.036780000,RC2_0018_ICR-1_p08
387.194219372,485.230993098,98.036773726,Other,random,C5H6O2,98.036780000,RC2_0018_ICR-1_p08
383.134591200,481.171365926,98.036774726,Other,random,C5H6O2,98.036780000,RC2_0018_ICR-1_p08
421.186767227,519.223541953,98.036774726,Other,random,C5H6O2,98.036780000,RC2_0018_ICR-1_p08
507.163678767,605.200453493,98.036774726,Other,random,C5H6O2,98.036780000,RC2_0018_ICR-1_p08
371.025306292,469.062082018,98.036775726,Other,random,C5H6O2,98.036780000,RC2_0018_ICR-1_p08
389.137012448,487.173788173,98.036775726,Other,random,C5H6O2,98.036780000,RC2_0018_ICR-1_p08
323.149991502,421.186767227,98.036775726,Other,random,C5H6O2,98.036780000,RC2_0018_ICR-1_p08
509.202691302,607.239467027,98.036775726,Other,random,C5H6O2,98.036780000,RC2_0018_ICR-1_p08
461.218098126,559.254874851,98.036776726,Other,random,C5H6O2,98.036780000,RC2_0018_ICR-1_p08
405.059303914,503.096080640,98.036776726,Other,random,C5H6O2,98.036780000,RC2_0018_ICR-1_p08
363.048707146,461.085483871,98.036776726,Other,random,C5H6O2,98.036780000,RC2_0018_ICR-1_p08
365.124004476,463.160781202,98.036776726,Other,random,C5H6O2,98.036780000,RC2_0018_ICR-1_p08
377.014726613,475.051504339,98.036777726,Other,random,C5H6O2,98.036780000,RC2_0018_ICR-1_p08
397.150170389,495.186948114,98.036777726,Other,random,C5H6O2,98.036780000,RC2_0018_ICR-1_p08
309.147372240,407.184150966,98.036778726,Other,random,C5H6O2,98.036780000,RC2_0018_ICR-1_p08
365.118477507,463.155256233,98.036778726,Other,random,C5H6O2,98.036780000,RC2_0018_ICR-1_p08
367.131645187,465.168424912,98.036779726,Other,random,C5H6O2,98.036780000,RC2_0018_ICR-1_p08
551.249819865,649.286599590,98.036779726,Other,random,C5H6O2,98.036780000,RC2_0018_ICR-1_p08
347.053710088,445.090490813,98.036780726,Other,random,C5H6O2,98.036780000,RC2_0018_ICR-1_p08
353.087646158,451.124426884,98.036780726,Other,random,C5H6O2,98.036780000,RC2_0018_ICR-1_p08
367.152737068,465.189517794,98.036780726,Other,random,C5H6O2,98.036780000,RC2_0018_ICR-1_p08
361.129068940,459.165850666,98.036781726,Other,random,C5H6O2,98.036780000,RC2_0018_ICR-1_p08
377.160298794,475.197080520,98.036781726,Other,random,C5H6O2,98.036780000,RC2_0018_ICR-1_p08
339.136697606,437.173479332,98.036781726,Other,random,C5H6O2,98.036780000,RC2_0018_ICR-1_p08
531.223724474,629.260507200,98.036782726,Other,random,C5H6O2,98.036780000,RC2_0018_ICR-1_p08
400.030923190,498.067705915,98.036782726,Other,random,C5H6O2,98.036780000,RC2_0018_ICR-1_p08
478.062559407,576.099342133,98.036782726,Other,random,C5H6O2,98.036780000,RC2_0018_ICR-1_p08
522.161631432,620.198414157,98.036782726,Other,random,C5H6O2,98.036780000,RC2_0018_ICR-1_p08
731.292670459,829.329453185,98.036782726,Other,random,C5H6O2,98.036780000,RC2_0018_ICR-1_p08
496.109727925,594.146511651,98.036783726,Other,random,C5H6O2,98.036780000,RC2_0018_ICR-1_p08
649.104905612,747.141689338,98.036783726,Other,random,C5H6O2,98.036780000,RC2_0018_ICR-1_p08
348.035951565,446.072735290,98.036783726,Other,random,C5H6O2,98.036780000,RC2_0018_ICR-1_p08
361.165589735,459.202373460,98.036783726,Other,random,C5H6O2,98.036780000,RC2_0018_ICR-1_p08
485.072425989,583.109210715,98.036784726,Other,random,C5H6O2,98.036780000,RC2_0018_ICR-1_p08
339.064064015,437.100848740,98.036784726,Other,random,C5H6O2,98.036780000,RC2_0018_ICR-1_p08
333.061472768,431.098258494,98.036785726,Other,random,C5H6O2,98.036780000,RC2_0018_ICR-1_p08
309.134276314,407.171062040,98.036785726,Other,random,C5H6O2,98.036780000,RC2_0018_ICR-1_p08
401.173548765,499.210334490,98.036785726,Other,random,C5H6O2,98.036780000,RC2_0018_ICR-1_p08
431.147737215,529.184523941,98.036786726,Other,random,C5H6O2,98.036780000,RC2_0018_ICR-1_p08
443.092610048,541.129396773,98.036786726,Other,random,C5H6O2,98.036780000,RC2_0018_ICR-1_p08
333.097938563,431.134726289,98.036787726,Other,random,C5H6O2,98.036780000,RC2_0018_ICR-1_p08
370.049425780,468.086213505,98.036787726,Other,random,C5H6O2,98.036780000,RC2_0018_ICR-1_p08
375.165934009,473.202721734,98.036787726,Other,random,C5H6O2,98.036780000,RC2_0018_ICR-1_p08
375.144860127,473.181647853,98.036787726,Other,random,C5H6O2,98.036780000,RC2_0018_ICR-1_p08
427.124418839,525.161206565,98.036787726,Other,random,C5H6O2,98.036780000,RC2_0018_ICR-1_p08
485.145233580,583.182021306,98.036787726,Other,random,C5H6O2,98.036780000,RC2_0018_ICR-1_p08
269.131325256,367.168113982,98.036788726,Other,random,C5H6O2,98.036780000,RC2_0018_ICR-1_p08
320.113946574,418.150735299,98.036788726,Other,random,C5H6O2,98.036780000,RC2_0018_ICR-1_p08
327.121510169,425.158298895,98.036788726,Other,random,C5H6O2,98.036780000,RC2_0018_ICR-1_p08
415.051698726,513.088487451,98.036788726,Other,random,C5H6O2,98.036780000,RC2_0018_ICR-1_p08
538.120272694,636.157061420,98.036788726,Other,random,C5H6O2,98.036780000,RC2_0018_ICR-1_p08
695.292271894,793.329060620,98.036788726,Other,random,C5H6O2,98.036780000,RC2_0018_ICR-1_p08
319.009446785,417.046235510,98.036788726,Other,random,C5H6O2,98.036780000,RC2_0018_ICR-1_p08
427.116403884,525.153193610,98.036789726,Other,random,C5H6O2,98.036780000,RC2_0018_ICR-1_p08
313.129155850,411.165945576,98.036789726,Other,random,C5H6O2,98.036780000,RC2_0018_ICR-1_p08
331.082224898,429.119014623,98.036789726,Other,random,C5H6O2,98.036780000,RC2_0018_ICR-1_p08
369.074437262,467.111226988,98.036789726,Other,random,C5H6O2,98.036780000,RC2_0018_ICR-1_p08
411.157957621,509.194747346,98.036789726,Other,random,C5H6O2,98.036780000,RC2_0018_ICR-1_p08
467.111226988,565.148016713,98.036789726,Other,random,C5H6O2,98.036780000,RC2_0018_ICR-1_p08
623.271024880,721.307814605,98.036789726,Other,random,C5H6O2,98.036780000,RC2_0018_ICR-1_p08
506.057516987,604.130672508,98.073155521,Other,random,C6H10O1,98.073165000,RC2_0018_ICR-1_p08
466.062545885,564.135701406,98.073155521,Other,random,C6H10O1,98.073165000,RC2_0018_ICR-1_p08
518.188102775,616.261258297,98.073155521,Other,random,C6H10O1,98.073165000,RC2_0018_ICR-1_p08
391.061364627,489.134521148,98.073156521,Other,random,C6H10O1,98.073165000,RC2_0018_ICR-1_p08
471.129589392,569.202745913,98.073156521,Other,random,C6H10O1,98.073165000,RC2_0018_ICR-1_p08
522.125257636,620.198414157,98.073156521,Other,random,C6H10O1,98.073165000,RC2_0018_ICR-1_p08
391.175910983,489.249068504,98.073157521,Other,random,C6H10O1,98.073165000,RC2_0018_ICR-1_p08
479.132495391,577.205652912,98.073157521,Other,random,C6H10O1,98.073165000,RC2_0018_ICR-1_p08
479.168885186,577.242042707,98.073157521,Other,random,C6H10O1,98.073165000,RC2_0018_ICR-1_p08
415.160838112,513.233995633,98.073157521,Other,random,C6H10O1,98.073165000,RC2_0018_ICR-1_p08
739.209521941,837.282679462,98.073157521,Other,random,C6H10O1,98.073165000,RC2_0018_ICR-1_p08
353.100663085,451.173820606,98.073157521,Other,random,C6H10O1,98.073165000,RC2_0018_ICR-1_p08
361.113917025,459.187075546,98.073158521,Other,random,C6H10O1,98.073165000,RC2_0018_ICR-1_p08
407.074960580,505.148119101,98.073158521,Other,random,C6H10O1,98.073165000,RC2_0018_ICR-1_p08
351.194251805,449.267411326,98.073159521,Other,random,C6H10O1,98.073165000,RC2_0018_ICR-1_p08
501.067369048,599.140528569,98.073159521,Other,random,C6H10O1,98.073165000,RC2_0018_ICR-1_p08
403.087900000,501.161060521,98.073160521,Other,random,C6H10O1,98.073165000,RC2_0018_ICR-1_p08
373.142179389,471.215339910,98.073160521,Other,random,C6H10O1,98.073165000,RC2_0018_ICR-1_p08
375.085130463,473.158290984,98.073160521,Other,random,C6H10O1,98.073165000,RC2_0018_ICR-1_p08
413.072419856,511.145581377,98.073161521,Other,random,C6H10O1,98.073165000,RC2_0018_ICR-1_p08
457.062334494,555.135496015,98.073161521,Other,random,C6H10O1,98.073165000,RC2_0018_ICR-1_p08
350.088024025,448.161186547,98.073162521,Other,random,C6H10O1,98.073165000,RC2_0018_ICR-1_p08
593.151433246,691.224595767,98.073162521,Other,random,C6H10O1,98.073165000,RC2_0018_ICR-1_p08
391.139706186,489.212869707,98.073163521,Other,random,C6H10O1,98.073165000,RC2_0018_ICR-1_p08
385.150271866,483.223435387,98.073163521,Other,random,C6H10O1,98.073165000,RC2_0018_ICR-1_p08
395.134552723,493.207717244,98.073164521,Other,random,C6H10O1,98.073165000,RC2_0018_ICR-1_p08
419.056203208,517.129368729,98.073165521,Other,random,C6H10O1,98.073165000,RC2_0018_ICR-1_p08
585.182818055,683.255983576,98.073165521,Other,random,C6H10O1,98.073165000,RC2_0018_ICR-1_p08
361.069333276,459.142498797,98.073165521,Other,random,C6H10O1,98.073165000,RC2_0018_ICR-1_p08
375.035555742,473.108721263,98.073165521,Other,random,C6H10O1,98.073165000,RC2_0018_ICR-1_p08
731.219892868,829.293059389,98.073166521,Other,random,C6H10O1,98.073165000,RC2_0018_ICR-1_p08
349.056375827,447.129542348,98.073166521,Other,random,C6H10O1,98.073165000,RC2_0018_ICR-1_p08
397.105796638,495.178963159,98.073166521,Other,random,C6H10O1,98.073165000,RC2_0018_ICR-1_p08
401.064379378,499.137545899,98.073166521,Other,random,C6H10O1,98.073165000,RC2_0018_ICR-1_p08
577.083906596,675.157073117,98.073166521,Other,random,C6H10O1,98.073165000,RC2_0018_ICR-1_p08
338.088091503,436.161259024,98.073167521,Other,random,C6H10O1,98.073165000,RC2_0018_ICR-1_p08
553.156403144,651.229570665,98.073167521,Other,random,C6H10O1,98.073165000,RC2_0018_ICR-1_p08
483.187024591,581.260192112,98.073167521,Other,random,C6H10O1,98.073165000,RC2_0018_ICR-1_p08
497.158337029,595.231504550,98.073167521,Other,random,C6H10O1,98.073165000,RC2_0018_ICR-1_p08
333.025090973,431.098258494,98.073167521,Other,random,C6H10O1,98.073165000,RC2_0018_ICR-1_p08
393.046246465,491.119414986,98.073168521,Other,random,C6H10O1,98.073165000,RC2_0018_ICR-1_p08
341.160455226,439.233623747,98.073168521,Other,random,C6H10O1,98.073165000,RC2_0018_ICR-1_p08
431.111355420,529.184523941,98.073168521,Other,random,C6H10O1,98.073165000,RC2_0018_ICR-1_p08
375.202297804,473.275466325,98.073168521,Other,random,C6H10O1,98.073165000,RC2_0018_ICR-1_p08
735.178206610,833.251375131,98.073168521,Other,random,C6H10O1,98.073165000,RC2_0018_ICR-1_p08
689.209094101,787.282263622,98.073169521,Other,random,C6H10O1,98.073165000,RC2_0018_ICR-1_p08
339.100309811,437.173479332,98.073169521,Other,random,C6H10O1,98.073165000,RC2_0018_ICR-1_p08
347.098291837,445.171461358,98.073169521,Other,random,C6H10O1,98.073165000,RC2_0018_ICR-1_p08
407.134489245,505.207658766,98.073169521,Other,random,C6H10O1,98.073165000,RC2_0018_ICR-1_p08
373.056418871,471.129589392,98.073170521,Other,random,C6H10O1,98.073165000,RC2_0018_ICR-1_p08
465.030992685,563.104163206,98.073170521,Other,random,C6H10O1,98.073165000,RC2_0018_ICR-1_p08
359.090145405,457.163315926,98.073170521,Other,random,C6H10O1,98.073165000,RC2_0018_ICR-1_p08
643.151912087,741.225082608,98.073170521,Other,random,C6H10O1,98.073165000,RC2_0018_ICR-1_p08
417.059259437,515.132429958,98.073170521,Other,random,C6H10O1,98.073165000,RC2_0018_ICR-1_p08
355.058806074,453.131977595,98.073171521,Other,random,C6H10O1,98.073165000,RC2_0018_ICR-1_p08
345.061430291,443.134601812,98.073171521,Other,random,C6H10O1,98.073165000,RC2_0018_ICR-1_p08
531.187335679,629.260507200,98.073171521,Other,random,C6H10O1,98.073165000,RC2_0018_ICR-1_p08
507.078018249,605.151190770,98.073172521,Other,random,C6H10O1,98.073165000,RC2_0018_ICR-1_p08
473.166421939,571.239595460,98.073173521,Other,random,C6H10O1,98.073165000,RC2_0018_ICR-1_p08
367.066843551,465.140017072,98.073173521,Other,random,C6H10O1,98.073165000,RC2_0018_ICR-1_p08
257.139457688,355.212632209,98.073174521,Other,random,C6H10O1,98.073165000,RC2_0018_ICR-1_p08
357.155348285,455.228522806,98.073174521,Other,random,C6H10O1,98.073165000,RC2_0018_ICR-1_p08
371.061839087,469.135013608,98.073174521,Other,random,C6H10O1,98.073165000,RC2_0018_ICR-1_p08
387.035520265,485.108694786,98.073174521,Other,random,C6H10O1,98.073165000,RC2_0018_ICR-1_p08
533.166311551,632.198332680,99.032021129,Other,random,C4H5N1O2,99.032029000,RC2_0018_ICR-1_p08
319.118714170,418.150735299,99.032021129,Other,random,C4H5N1O2,99.032029000,RC2_0018_ICR-1_p08
459.223502342,558.255523471,99.032021129,Other,random,C4H5N1O2,99.032029000,RC2_0018_ICR-1_p08
351.072066492,450.104088621,99.032022129,Other,random,C4H5N1O2,99.032029000,RC2_0018_ICR-1_p08
399.035682786,498.067705915,99.032023129,Other,random,C4H5N1O2,99.032029000,RC2_0018_ICR-1_p08
321.025158450,420.057181579,99.032023129,Other,random,C4H5N1O2,99.032029000,RC2_0018_ICR-1_p08
417.212962573,516.244987702,99.032025129,Other,random,C4H5N1O2,99.032029000,RC2_0018_ICR-1_p08
335.077134434,434.109160563,99.032026129,Other,random,C4H5N1O2,99.032029000,RC2_0018_ICR-1_p08
307.118651648,406.150679777,99.032028129,Other,random,C4H5N1O2,99.032029000,RC2_0018_ICR-1_p08
361.069333276,460.101363405,99.032030129,Other,random,C4H5N1O2,99.032029000,RC2_0018_ICR-1_p08
387.071974060,486.104004189,99.032030129,Other,random,C4H5N1O2,99.032029000,RC2_0018_ICR-1_p08
305.087715068,404.134993112,99.047278043,Other,random,C8H5N1O_1,99.047284000,RC2_0018_ICR-1_p08
403.051699203,502.098983247,99.047284043,Other,random,C8H5N1O_1,99.047284000,RC2_0018_ICR-1_p08
433.077400365,532.145806289,99.068405925,Other,random,Valine,99.068413980,RC2_0018_ICR-1_p08
423.056851712,522.125257636,99.068405925,Other,random,Valine,99.068413980,RC2_0018_ICR-1_p08
333.074561695,432.142973619,99.068411925,Other,random,Valine,99.068413980,RC2_0018_ICR-1_p08
351.035673697,450.104088621,99.068414925,Other,random,Valine,99.068413980,RC2_0018_ICR-1_p08
359.090145405,458.158568330,99.068422925,Other,random,Valine,99.068413980,RC2_0018_ICR-1_p08
433.077400365,532.145806289,99.068405925,Other,random,Valine_C5H9NO,99.068414000,RC2_0018_ICR-1_p08
423.056851712,522.125257636,99.068405925,Other,random,Valine_C5H9NO,99.068414000,RC2_0018_ICR-1_p08
333.074561695,432.142973619,99.068411925,Other,random,Valine_C5H9NO,99.068414000,RC2_0018_ICR-1_p08
351.035673697,450.104088621,99.068414925,Other,random,Valine_C5H9NO,99.068414000,RC2_0018_ICR-1_p08
359.090145405,458.158568330,99.068422925,Other,random,Valine_C5H9NO,99.068414000,RC2_0018_ICR-1_p08
323.077086912,423.093122508,100.016035596,Other,random,C4H4O3,100.016045000,RC2_0018_ICR-1_p08
407.134489245,507.150524841,100.016035596,Other,random,C4H4O3,100.016045000,RC2_0018_ICR-1_p08
401.123941043,501.139977639,100.016036596,Other,random,C4H4O3,100.016045000,RC2_0018_ICR-1_p08
487.246801763,587.262839359,100.016037596,Other,random,C4H4O3,100.016045000,RC2_0018_ICR-1_p08
339.064064015,439.080101611,100.016037596,Other,random,C4H4O3,100.016045000,RC2_0018_ICR-1_p08
323.162985429,423.179023025,100.016037596,Other,random,C4H4O3,100.016045000,RC2_0018_ICR-1_p08
339.035559175,439.051597771,100.016038596,Other,random,C4H4O3,100.016045000,RC2_0018_ICR-1_p08
483.129512915,583.145551511,100.016038596,Other,random,C4H4O3,100.016045000,RC2_0018_ICR-1_p08
505.257441486,605.273480082,100.016038596,Other,random,C4H4O3,100.016045000,RC2_0018_ICR-1_p08
341.079680681,441.095719277,100.016038596,Other,random,C4H4O3,100.016045000,RC2_0018_ICR-1_p08
385.123507016,485.139545612,100.016038596,Other,random,C4H4O3,100.016045000,RC2_0018_ICR-1_p08
518.138134056,618.154172652,100.016038596,Other,random,C4H4O3,100.016045000,RC2_0018_ICR-1_p08
431.165428116,531.181467712,100.016039596,Other,random,C4H4O3,100.016045000,RC2_0018_ICR-1_p08
391.066921595,491.082961191,100.016039596,Other,random,C4H4O3,100.016045000,RC2_0018_ICR-1_p08
357.092265640,457.108306236,100.016040596,Other,random,C4H4O3,100.016045000,RC2_0018_ICR-1_p08
387.129489736,487.145530332,100.016040596,Other,random,C4H4O3,100.016045000,RC2_0018_ICR-1_p08
387.048711190,487.064752786,100.016041596,Other,random,C4H4O3,100.016045000,RC2_0018_ICR-1_p08
373.069405798,473.085447394,100.016041596,Other,random,C4H4O3,100.016045000,RC2_0018_ICR-1_p08
395.147681649,495.163724245,100.016042596,Other,random,C4H4O3,100.016045000,RC2_0018_ICR-1_p08
343.103378301,443.119421897,100.016043596,Other,random,C4H4O3,100.016045000,RC2_0018_ICR-1_p08
367.176146937,467.192190533,100.016043596,Other,random,C4H4O3,100.016045000,RC2_0018_ICR-1_p08
395.126523768,495.142567364,100.016043596,Other,random,C4H4O3,100.016045000,RC2_0018_ICR-1_p08
464.083428014,564.099472609,100.016044596,Other,random,C4H4O3,100.016045000,RC2_0018_ICR-1_p08
329.030249436,429.046294032,100.016044596,Other,random,C4H4O3,100.016045000,RC2_0018_ICR-1_p08
367.066843551,467.082888147,100.016044596,Other,random,C4H4O3,100.016045000,RC2_0018_ICR-1_p08
405.204664097,505.220708693,100.016044596,Other,random,C4H4O3,100.016045000,RC2_0018_ICR-1_p08
435.238717211,535.254761807,100.016044596,Other,random,C4H4O3,100.016045000,RC2_0018_ICR-1_p08
361.056382349,461.072426945,100.016044596,Other,random,C4H4O3,100.016045000,RC2_0018_ICR-1_p08
459.215459387,559.231504983,100.016045596,Other,random,C4H4O3,100.016045000,RC2_0018_ICR-1_p08
375.056765623,475.072811219,100.016045596,Other,random,C4H4O3,100.016045000,RC2_0018_ICR-1_p08
491.265077167,591.281122763,100.016045596,Other,random,C4H4O3,100.016045000,RC2_0018_ICR-1_p08
501.161060521,601.177106117,100.016045596,Other,random,C4H4O3,100.016045000,RC2_0018_ICR-1_p08
355.095331869,455.111377465,100.016045596,Other,random,C4H4O3,100.016045000,RC2_0018_ICR-1_p08
397.178487229,497.194532825,100.016045596,Other,random,C4H4O3,100.016045000,RC2_0018_ICR-1_p08
433.150265955,533.166311551,100.016045596,Other,random,C4H4O3,100.016045000,RC2_0018_ICR-1_p08
457.062334494,557.078380090,100.016045596,Other,random,C4H4O3,100.016045000,RC2_0018_ICR-1_p08
557.078380090,657.094426686,100.016046596,Other,random,C4H4O3,100.016045000,RC2_0018_ICR-1_p08
355.131661664,455.147708260,100.016046596,Other,random,C4H4O3,100.016045000,RC2_0018_ICR-1_p08
477.212995184,577.229041780,100.016046596,Other,random,C4H4O3,100.016045000,RC2_0018_ICR-1_p08
321.097860041,421.113906637,100.016046596,Other,random,C4H4O3,100.016045000,RC2_0018_ICR-1_p08
359.186326864,459.202373460,100.016046596,Other,random,C4H4O3,100.016045000,RC2_0018_ICR-1_p08
259.155033354,359.171080950,100.016047596,Other,random,C4H4O3,100.016045000,RC2_0018_ICR-1_p08
378.155653197,478.171700793,100.016047596,Other,random,C4H4O3,100.016045000,RC2_0018_ICR-1_p08
341.043135886,441.059184482,100.016048596,Other,random,C4H4O3,100.016045000,RC2_0018_ICR-1_p08
455.165257162,555.181305758,100.016048596,Other,random,C4H4O3,100.016045000,RC2_0018_ICR-1_p08
387.175585477,487.191634073,100.016048596,Other,random,C4H4O3,100.016045000,RC2_0018_ICR-1_p08
477.176571389,577.192619985,100.016048596,Other,random,C4H4O3,100.016045000,RC2_0018_ICR-1_p08
423.056851712,523.072900308,100.016048596,Other,random,C4H4O3,100.016045000,RC2_0018_ICR-1_p08
375.085130463,475.101180059,100.016049596,Other,random,C4H4O3,100.016045000,RC2_0018_ICR-1_p08
505.098740379,605.114789975,100.016049596,Other,random,C4H4O3,100.016045000,RC2_0018_ICR-1_p08
331.045794103,431.061844698,100.016050596,Other,random,C4H4O3,100.016045000,RC2_0018_ICR-1_p08
374.051647275,474.067697871,100.016050596,Other,random,C4H4O3,100.016045000,RC2_0018_ICR-1_p08
385.056375394,485.072425989,100.016050596,Other,random,C4H4O3,100.016045000,RC2_0018_ICR-1_p08
547.109279148,647.125330744,100.016051596,Other,random,C4H4O3,100.016045000,RC2_0018_ICR-1_p08
327.063989493,427.080041089,100.016051596,Other,random,C4H4O3,100.016045000,RC2_0018_ICR-1_p08
365.087650681,465.103702276,100.016051596,Other,random,C4H4O3,100.016045000,RC2_0018_ICR-1_p08
373.092669667,473.108721263,100.016051596,Other,random,C4H4O3,100.016045000,RC2_0018_ICR-1_p08
371.090062928,471.106115524,100.016052596,Other,random,C4H4O3,100.016045000,RC2_0018_ICR-1_p08
536.141008824,636.157061420,100.016052596,Other,random,C4H4O3,100.016045000,RC2_0018_ICR-1_p08
429.077029859,529.093082455,100.016052596,Other,random,C4H4O3,100.016045000,RC2_0018_ICR-1_p08
587.177185840,687.193238436,100.016052596,Other,random,C4H4O3,100.016045000,RC2_0018_ICR-1_p08
385.032921525,485.048975121,100.016053596,Other,random,C4H4O3,100.016045000,RC2_0018_ICR-1_p08
629.079354219,729.095407814,100.016053596,Other,random,C4H4O3,100.016045000,RC2_0018_ICR-1_p08
407.098263449,507.114318045,100.016054596,Other,random,C4H4O3,100.016045000,RC2_0018_ICR-1_p08
458.145935401,558.161989997,100.016054596,Other,random,C4H4O3,100.016045000,RC2_0018_ICR-1_p08
465.080540407,565.096595003,100.016054596,Other,random,C4H4O3,100.016045000,RC2_0018_ICR-1_p08
541.135162741,641.151217337,100.016054596,Other,random,C4H4O3,100.016045000,RC2_0018_ICR-1_p08
357.118880490,457.134935086,100.016054596,Other,random,C4H4O3,100.016045000,RC2_0018_ICR-1_p08
411.121443826,511.173864217,100.052420391,Other,random,C5H8O2,100.052430000,RC2_0018_ICR-1_p08
394.163591182,494.216012574,100.052421391,Other,random,C5H8O2,100.052430000,RC2_0018_ICR-1_p08
323.113527707,423.165949098,100.052421391,Other,random,C5H8O2,100.052430000,RC2_0018_ICR-1_p08
359.171080950,459.223502342,100.052421391,Other,random,C5H8O2,100.052430000,RC2_0018_ICR-1_p08
451.189162520,551.241583911,100.052421391,Other,random,C5H8O2,100.052430000,RC2_0018_ICR-1_p08
343.168110937,443.220533328,100.052422391,Other,random,C5H8O2,100.052430000,RC2_0018_ICR-1_p08
387.108287855,487.160710247,100.052422391,Other,random,C5H8O2,100.052430000,RC2_0018_ICR-1_p08
440.169194487,540.221616878,100.052422391,Other,random,C5H8O2,100.052430000,RC2_0018_ICR-1_p08
661.068676338,761.121098730,100.052422391,Other,random,C5H8O2,100.052430000,RC2_0018_ICR-1_p08
341.152354272,441.204777663,100.052423391,Other,random,C5H8O2,100.052430000,RC2_0018_ICR-1_p08
387.102687887,487.155111278,100.052423391,Other,random,C5H8O2,100.052430000,RC2_0018_ICR-1_p08
433.108338191,533.160761582,100.052423391,Other,random,C5H8O2,100.052430000,RC2_0018_ICR-1_p08
359.053821610,459.106246001,100.052424391,Other,random,C5H8O2,100.052430000,RC2_0018_ICR-1_p08
374.051647275,474.104071666,100.052424391,Other,random,C5H8O2,100.052430000,RC2_0018_ICR-1_p08
333.061472768,433.113898159,100.052425391,Other,random,C5H8O2,100.052430000,RC2_0018_ICR-1_p08
371.040600206,471.093025598,100.052425391,Other,random,C5H8O2,100.052430000,RC2_0018_ICR-1_p08
409.150265910,509.202691302,100.052425391,Other,random,C5H8O2,100.052430000,RC2_0018_ICR-1_p08
481.171365926,581.223791317,100.052425391,Other,random,C5H8O2,100.052430000,RC2_0018_ICR-1_p08
359.040778683,459.093205074,100.052426391,Other,random,C5H8O2,100.052430000,RC2_0018_ICR-1_p08
425.137064014,525.189490406,100.052426391,Other,random,C5H8O2,100.052430000,RC2_0018_ICR-1_p08
420.057181579,520.109607971,100.052426391,Other,random,C5H8O2,100.052430000,RC2_0018_ICR-1_p08
363.048707146,463.101134537,100.052427391,Other,random,C5H8O2,100.052430000,RC2_0018_ICR-1_p08
391.030533800,491.082961191,100.052427391,Other,random,C5H8O2,100.052430000,RC2_0018_ICR-1_p08
417.132059028,517.184489419,100.052430391,Other,random,C5H8O2,100.052430000,RC2_0018_ICR-1_p08
317.160532181,417.212962573,100.052430391,Other,random,C5H8O2,100.052430000,RC2_0018_ICR-1_p08
527.046951961,627.099382352,100.052430391,Other,random,C5H8O2,100.052430000,RC2_0018_ICR-1_p08
589.192786506,689.245216898,100.052430391,Other,random,C5H8O2,100.052430000,RC2_0018_ICR-1_p08
459.223502342,559.275933733,100.052431391,Other,random,C5H8O2,100.052430000,RC2_0018_ICR-1_p08
333.074561695,433.126993086,100.052431391,Other,random,C5H8O2,100.052430000,RC2_0018_ICR-1_p08
335.113503229,435.165934621,100.052431391,Other,random,C5H8O2,100.052430000,RC2_0018_ICR-1_p08
395.220430240,495.272862631,100.052432391,Other,random,C5H8O2,100.052430000,RC2_0018_ICR-1_p08
331.103332779,431.155765170,100.052432391,Other,random,C5H8O2,100.052430000,RC2_0018_ICR-1_p08
551.104454682,651.156887074,100.052432391,Other,random,C5H8O2,100.052430000,RC2_0018_ICR-1_p08
417.076935338,517.129368729,100.052433391,Other,random,C5H8O2,100.052430000,RC2_0018_ICR-1_p08
335.186283820,435.238717211,100.052433391,Other,random,C5H8O2,100.052430000,RC2_0018_ICR-1_p08
383.134591200,483.187024591,100.052433391,Other,random,C5H8O2,100.052430000,RC2_0018_ICR-1_p08
465.153057999,565.205491390,100.052433391,Other,random,C5H8O2,100.052430000,RC2_0018_ICR-1_p08
681.240191911,781.292626302,100.052434391,Other,random,C5H8O2,100.052430000,RC2_0018_ICR-1_p08
485.166390461,585.218824852,100.052434391,Other,random,C5H8O2,100.052430000,RC2_0018_ICR-1_p08
361.056382349,461.108817740,100.052435391,Other,random,C5H8O2,100.052430000,RC2_0018_ICR-1_p08
429.132088550,529.184523941,100.052435391,Other,random,C5H8O2,100.052430000,RC2_0018_ICR-1_p08
313.121134895,413.173570287,100.052435391,Other,random,C5H8O2,100.052430000,RC2_0018_ICR-1_p08
396.142676054,496.195111445,100.052435391,Other,random,C5H8O2,100.052430000,RC2_0018_ICR-1_p08
461.218098126,561.270534517,100.052436391,Other,random,C5H8O2,100.052430000,RC2_0018_ICR-1_p08
498.125370591,598.177806982,100.052436391,Other,random,C5H8O2,100.052430000,RC2_0018_ICR-1_p08
407.171062040,507.223498431,100.052436391,Other,random,C5H8O2,100.052430000,RC2_0018_ICR-1_p08
313.129155850,413.181593242,100.052437391,Other,random,C5H8O2,100.052430000,RC2_0018_ICR-1_p08
332.090536228,432.142973619,100.052437391,Other,random,C5H8O2,100.052430000,RC2_0018_ICR-1_p08
613.084145162,713.136582553,100.052437391,Other,random,C5H8O2,100.052430000,RC2_0018_ICR-1_p08
415.152838157,515.205276548,100.052438391,Other,random,C5H8O2,100.052430000,RC2_0018_ICR-1_p08
439.116384407,539.168822798,100.052438391,Other,random,C5H8O2,100.052430000,RC2_0018_ICR-1_p08
497.057176598,597.109615989,100.052439391,Other,random,C5H8O2,100.052430000,RC2_0018_ICR-1_p08
311.113506185,411.165945576,100.052439391,Other,random,C5H8O2,100.052430000,RC2_0018_ICR-1_p08
395.126523768,495.178963159,100.052439391,Other,random,C5H8O2,100.052430000,RC2_0018_ICR-1_p08
363.085145941,464.096432940,101.011287000,Other,random,C3H3O3N1,101.011294000,RC2_0018_ICR-1_p08
347.077144956,448.088431956,101.011287000,Other,random,C3H3O3N1,101.011294000,RC2_0018_ICR-1_p08
551.213320070,652.224611070,101.011291000,Other,random,C3H3O3N1,101.011294000,RC2_0018_ICR-1_p08
401.087688247,502.098983247,101.011295000,Other,random,C3H3O3N1,101.011294000,RC2_0018_ICR-1_p08
451.087895089,552.099192089,101.011296999,Other,random,C3H3O3N1,101.011294000,RC2_0018_ICR-1_p08
489.140097116,590.151396116,101.011298999,Other,random,C3H3O3N1,101.011294000,RC2_0018_ICR-1_p08
305.139378778,406.150679777,101.011300999,Other,random,C3H3O3N1,101.011294000,RC2_0018_ICR-1_p08
373.105800593,474.117101593,101.011300999,Other,random,C3H3O3N1,101.011294000,RC2_0018_ICR-1_p08
339.157891487,440.169194487,101.011302999,Other,random,C3H3O3N1,101.011294000,RC2_0018_ICR-1_p08
431.170927085,532.182231085,101.011303999,Other,random,C3H3O3N1,101.011294000,RC2_0018_ICR-1_p08
323.090217838,424.137889633,101.047671795,Other,random,Threonine,101.047678500,RC2_0018_ICR-1_p08
315.087322839,416.134994634,101.047671795,Other,random,Threonine,101.047678500,RC2_0018_ICR-1_p08
357.061394813,458.109070608,101.047675795,Other,random,Threonine,101.047678500,RC2_0018_ICR-1_p08
305.030254392,406.077932186,101.047677795,Other,random,Threonine,101.047678500,RC2_0018_ICR-1_p08
393.046246465,494.093928260,101.047681795,Other,random,Threonine,101.047678500,RC2_0018_ICR-1_p08
423.093122508,524.140806303,101.047683795,Other,random,Threonine,101.047678500,RC2_0018_ICR-1_p08
333.061472768,434.109160563,101.047687795,Other,random,Threonine,101.047678500,RC2_0018_ICR-1_p08
503.082984714,604.130672508,101.047687795,Other,random,Threonine,101.047678500,RC2_0018_ICR-1_p08
323.090217838,424.137889633,101.047671795,Other,random,Threonine_C4H7NO2,101.047679000,RC2_0018_ICR-1_p08
315.087322839,416.134994634,101.047671795,Other,random,Threonine_C4H7NO2,101.047679000,RC2_0018_ICR-1_p08
357.061394813,458.109070608,101.047675795,Other,random,Threonine_C4H7NO2,101.047679000,RC2_0018_ICR-1_p08
305.030254392,406.077932186,101.047677795,Other,random,Threonine_C4H7NO2,101.047679000,RC2_0018_ICR-1_p08
393.046246465,494.093928260,101.047681795,Other,random,Threonine_C4H7NO2,101.047679000,RC2_0018_ICR-1_p08
423.093122508,524.140806303,101.047683795,Other,random,Threonine_C4H7NO2,101.047679000,RC2_0018_ICR-1_p08
333.061472768,434.109160563,101.047687795,Other,random,Threonine_C4H7NO2,101.047679000,RC2_0018_ICR-1_p08
503.082984714,604.130672508,101.047687795,Other,random,Threonine_C4H7NO2,101.047679000,RC2_0018_ICR-1_p08
419.025405381,520.073094176,101.047688795,Other,random,Threonine_C4H7NO2,101.047679000,RC2_0018_ICR-1_p08
479.192105055,580.239793850,101.047688795,Other,random,Threonine_C4H7NO2,101.047679000,RC2_0018_ICR-1_p08
373.056418871,474.140476461,101.084057590,Other,random,C5H11N1O1,101.084064000,RC2_0018_ICR-1_p08
331.058906029,432.142973619,101.084067590,Other,random,C5H11N1O1,101.084064000,RC2_0018_ICR-1_p08
433.041208568,534.125277159,101.084068590,Other,random,C5H11N1O1,101.084064000,RC2_0018_ICR-1_p08
333.025090973,434.109160563,101.084069590,Other,random,C5H11N1O1,101.084064000,RC2_0018_ICR-1_p08
487.072988740,588.157059330,101.084070590,Other,random,C5H11N1O1,101.084064000,RC2_0018_ICR-1_p08
377.082055234,479.095989596,102.013934362,Other,random,C4H6O1S1,102.013937000,RC2_0018_ICR-1_p08
347.107917783,449.121856145,102.013938362,Other,random,C4H6O1S1,102.013937000,RC2_0018_ICR-1_p08
459.096466056,561.110405417,102.013939361,Other,random,C4H6O1S1,102.013937000,RC2_0018_ICR-1_p08
383.077008524,485.108694786,102.031686262,Other,random,erythose (-H2O),102.031695000,RC2_0018_ICR-1_p08
399.035682786,501.067369048,102.031686262,Other,random,erythose (-H2O),102.031695000,RC2_0018_ICR-1_p08
403.189022431,505.220708693,102.031686262,Other,random,erythose (-H2O),102.031695000,RC2_0018_ICR-1_p08
479.192105055,581.223791317,102.031686262,Other,random,erythose (-H2O),102.031695000,RC2_0018_ICR-1_p08
463.173805128,565.205491390,102.031686262,Other,random,erythose (-H2O),102.031695000,RC2_0018_ICR-1_p08
345.097855086,447.129542348,102.031687262,Other,random,erythose (-H2O),102.031695000,RC2_0018_ICR-1_p08
349.142133344,451.173820606,102.031687262,Other,random,erythose (-H2O),102.031695000,RC2_0018_ICR-1_p08
619.276127344,721.307814605,102.031687262,Other,random,erythose (-H2O),102.031695000,RC2_0018_ICR-1_p08
502.098983247,604.130672508,102.031689262,Other,random,erythose (-H2O),102.031695000,RC2_0018_ICR-1_p08
487.233814836,589.265504097,102.031689262,Other,random,erythose (-H2O),102.031695000,RC2_0018_ICR-1_p08
351.144828083,453.176517345,102.031689262,Other,random,erythose (-H2O),102.031695000,RC2_0018_ICR-1_p08
529.244430604,631.276119866,102.031689262,Other,random,erythose (-H2O),102.031695000,RC2_0018_ICR-1_p08
327.100399288,429.132088550,102.031689262,Other,random,erythose (-H2O),102.031695000,RC2_0018_ICR-1_p08
431.119459374,533.151149636,102.031690262,Other,random,erythose (-H2O),102.031695000,RC2_0018_ICR-1_p08
330.098259431,432.129950692,102.031691262,Other,random,erythose (-H2O),102.031695000,RC2_0018_ICR-1_p08
409.223013501,511.254704763,102.031691262,Other,random,erythose (-H2O),102.031695000,RC2_0018_ICR-1_p08
633.146514348,735.178206610,102.031692262,Other,random,erythose (-H2O),102.031695000,RC2_0018_ICR-1_p08
347.107917783,449.139610045,102.031692262,Other,random,erythose (-H2O),102.031695000,RC2_0018_ICR-1_p08
358.069671144,460.101363405,102.031692262,Other,random,erythose (-H2O),102.031695000,RC2_0018_ICR-1_p08
321.025158450,423.056851712,102.031693262,Other,random,erythose (-H2O),102.031695000,RC2_0018_ICR-1_p08
399.048766712,501.080459974,102.031693262,Other,random,erythose (-H2O),102.031695000,RC2_0018_ICR-1_p08
719.292582937,821.324277199,102.031694262,Other,random,erythose (-H2O),102.031695000,RC2_0018_ICR-1_p08
321.134254837,423.165949098,102.031694262,Other,random,erythose (-H2O),102.031695000,RC2_0018_ICR-1_p08
327.050940566,429.082634828,102.031694262,Other,random,erythose (-H2O),102.031695000,RC2_0018_ICR-1_p08
518.166719896,620.198414157,102.031694262,Other,random,erythose (-H2O),102.031695000,RC2_0018_ICR-1_p08
363.108321811,465.140017072,102.031695262,Other,random,erythose (-H2O),102.031695000,RC2_0018_ICR-1_p08
343.045791625,445.077486887,102.031695262,Other,random,erythose (-H2O),102.031695000,RC2_0018_ICR-1_p08
359.144237101,461.175933363,102.031696262,Other,random,erythose (-H2O),102.031695000,RC2_0018_ICR-1_p08
363.157821532,465.189517794,102.031696262,Other,random,erythose (-H2O),102.031695000,RC2_0018_ICR-1_p08
401.051288452,503.082984714,102.031696262,Other,random,erythose (-H2O),102.031695000,RC2_0018_ICR-1_p08
509.231255141,611.262952403,102.031697262,Other,random,erythose (-H2O),102.031695000,RC2_0018_ICR-1_p08
789.262526486,891.294223748,102.031697262,Other,random,erythose (-H2O),102.031695000,RC2_0018_ICR-1_p08
347.113430752,449.145128014,102.031697262,Other,random,erythose (-H2O),102.031695000,RC2_0018_ICR-1_p08
379.131628709,481.163326971,102.031698262,Other,random,erythose (-H2O),102.031695000,RC2_0018_ICR-1_p08
425.137064014,527.168762276,102.031698262,Other,random,erythose (-H2O),102.031695000,RC2_0018_ICR-1_p08
455.025692946,557.057391208,102.031698262,Other,random,erythose (-H2O),102.031695000,RC2_0018_ICR-1_p08
467.165492683,569.197191944,102.031699262,Other,random,erythose (-H2O),102.031695000,RC2_0018_ICR-1_p08
369.110979057,471.142678318,102.031699262,Other,random,erythose (-H2O),102.031695000,RC2_0018_ICR-1_p08
413.254367832,515.286067094,102.031699262,Other,random,erythose (-H2O),102.031695000,RC2_0018_ICR-1_p08
474.104071666,576.135770928,102.031699262,Other,random,erythose (-H2O),102.031695000,RC2_0018_ICR-1_p08
419.061824176,521.093523438,102.031699262,Other,random,erythose (-H2O),102.031695000,RC2_0018_ICR-1_p08
369.183639648,471.215339910,102.031700262,Other,random,erythose (-H2O),102.031695000,RC2_0018_ICR-1_p08
381.191735125,483.223435387,102.031700262,Other,random,erythose (-H2O),102.031695000,RC2_0018_ICR-1_p08
401.064379378,503.096080640,102.031701262,Other,random,erythose (-H2O),102.031695000,RC2_0018_ICR-1_p08
452.156266082,554.187967343,102.031701262,Other,random,erythose (-H2O),102.031695000,RC2_0018_ICR-1_p08
371.098113883,473.129815144,102.031701262,Other,random,erythose (-H2O),102.031695000,RC2_0018_ICR-1_p08
431.147737215,533.179438477,102.031701262,Other,random,erythose (-H2O),102.031695000,RC2_0018_ICR-1_p08
385.087187220,487.118890482,102.031703262,Other,random,erythose (-H2O),102.031695000,RC2_0018_ICR-1_p08
313.121134895,415.152838157,102.031703262,Other,random,erythose (-H2O),102.031695000,RC2_0018_ICR-1_p08
319.058918506,421.090621768,102.031703262,Other,random,erythose (-H2O),102.031695000,RC2_0018_ICR-1_p08
325.048337827,427.080041089,102.031703262,Other,random,erythose (-H2O),102.031695000,RC2_0018_ICR-1_p08
415.124437317,517.156140578,102.031703262,Other,random,erythose (-H2O),102.031695000,RC2_0018_ICR-1_p08
437.108794696,539.140498957,102.031704262,Other,random,erythose (-H2O),102.031695000,RC2_0018_ICR-1_p08
425.145109969,527.176814231,102.031704262,Other,random,erythose (-H2O),102.031695000,RC2_0018_ICR-1_p08
588.217315992,690.249020253,102.031704262,Other,random,erythose (-H2O),102.031695000,RC2_0018_ICR-1_p08
499.086899184,601.119932438,102.033033254,Other,random,C5H2O_1N4,102.033031000,RC2_0018_ICR-1_p08
325.165577168,427.233648225,102.068071057,Other,random,C5H10O2,102.068080000,RC2_0018_ICR-1_p08
392.147940517,494.216012574,102.068072057,Other,random,C5H10O2,102.068080000,RC2_0018_ICR-1_p08
405.118884579,507.186957636,102.068073057,Other,random,C5H10O2,102.068080000,RC2_0018_ICR-1_p08
474.067697871,576.135770928,102.068073057,Other,random,C5H10O2,102.068080000,RC2_0018_ICR-1_p08
319.009446785,421.077519842,102.068073057,Other,random,C5H10O2,102.068080000,RC2_0018_ICR-1_p08
551.104454682,653.172527739,102.068073057,Other,random,C5H10O2,102.068080000,RC2_0018_ICR-1_p08
327.050940566,429.119014623,102.068074057,Other,random,C5H10O2,102.068080000,RC2_0018_ICR-1_p08
342.074800085,444.142874142,102.068074057,Other,random,C5H10O2,102.068080000,RC2_0018_ICR-1_p08
373.069405798,475.137479855,102.068074057,Other,random,C5H10O2,102.068080000,RC2_0018_ICR-1_p08
405.046243988,507.114318045,102.068074057,Other,random,C5H10O2,102.068080000,RC2_0018_ICR-1_p08
449.231096530,551.299171587,102.068075057,Other,random,C5H10O2,102.068080000,RC2_0018_ICR-1_p08
304.082604720,406.150679777,102.068075057,Other,random,C5H10O2,102.068080000,RC2_0018_ICR-1_p08
322.129641239,424.197716296,102.068075057,Other,random,C5H10O2,102.068080000,RC2_0018_ICR-1_p08
365.173435198,467.241510255,102.068075057,Other,random,C5H10O2,102.068080000,RC2_0018_ICR-1_p08
677.136544986,779.204620043,102.068075057,Other,random,C5H10O2,102.068080000,RC2_0018_ICR-1_p08
375.093150418,477.161225475,102.068075057,Other,random,C5H10O2,102.068080000,RC2_0018_ICR-1_p08
337.105781026,439.173857084,102.068076057,Other,random,C5H10O2,102.068080000,RC2_0018_ICR-1_p08
420.057181579,522.125257636,102.068076057,Other,random,C5H10O2,102.068080000,RC2_0018_ICR-1_p08
459.093205074,561.161281131,102.068076057,Other,random,C5H10O2,102.068080000,RC2_0018_ICR-1_p08
395.163095562,497.231171619,102.068076057,Other,random,C5H10O2,102.068080000,RC2_0018_ICR-1_p08
323.113527707,425.181604764,102.068077057,Other,random,C5H10O2,102.068080000,RC2_0018_ICR-1_p08
388.030941667,490.099018724,102.068077057,Other,random,C5H10O2,102.068080000,RC2_0018_ICR-1_p08
399.092982464,501.161060521,102.068078057,Other,random,C5H10O2,102.068080000,RC2_0018_ICR-1_p08
455.228522806,557.296600863,102.068078057,Other,random,C5H10O2,102.068080000,RC2_0018_ICR-1_p08
519.223541953,621.291620010,102.068078057,Other,random,C5H10O2,102.068080000,RC2_0018_ICR-1_p08
417.046235510,519.114314567,102.068079057,Other,random,C5H10O2,102.068080000,RC2_0018_ICR-1_p08
373.056418871,475.124497928,102.068079057,Other,random,C5H10O2,102.068080000,RC2_0018_ICR-1_p08
496.109727925,598.177806982,102.068079057,Other,random,C5H10O2,102.068080000,RC2_0018_ICR-1_p08
369.128589958,471.196669015,102.068079057,Other,random,C5H10O2,102.068080000,RC2_0018_ICR-1_p08
377.064416333,479.132495391,102.068079057,Other,random,C5H10O2,102.068080000,RC2_0018_ICR-1_p08
377.173350721,479.241429778,102.068079057,Other,random,C5H10O2,102.068080000,RC2_0018_ICR-1_p08
325.121149418,427.189229475,102.068080057,Other,random,C5H10O2,102.068080000,RC2_0018_ICR-1_p08
339.136697606,441.204777663,102.068080057,Other,random,C5H10O2,102.068080000,RC2_0018_ICR-1_p08
499.145616854,601.213696911,102.068080057,Other,random,C5H10O2,102.068080000,RC2_0018_ICR-1_p08
323.090217838,425.158298895,102.068081057,Other,random,C5H10O2,102.068080000,RC2_0018_ICR-1_p08
460.052045683,562.120126740,102.068081057,Other,random,C5H10O2,102.068080000,RC2_0018_ICR-1_p08
346.093105489,448.161186547,102.068081057,Other,random,C5H10O2,102.068080000,RC2_0018_ICR-1_p08
355.168088460,457.236169517,102.068081057,Other,random,C5H10O2,102.068080000,RC2_0018_ICR-1_p08
513.067401570,615.135482627,102.068081057,Other,random,C5H10O2,102.068080000,RC2_0018_ICR-1_p08
611.177575883,713.245656940,102.068081057,Other,random,C5H10O2,102.068080000,RC2_0018_ICR-1_p08
343.103378301,445.171461358,102.068083057,Other,random,C5H10O2,102.068080000,RC2_0018_ICR-1_p08
363.121434737,465.189517794,102.068083057,Other,random,C5H10O2,102.068080000,RC2_0018_ICR-1_p08
413.051173975,515.119257032,102.068083057,Other,random,C5H10O2,102.068080000,RC2_0018_ICR-1_p08
431.111355420,533.179438477,102.068083057,Other,random,C5H10O2,102.068080000,RC2_0018_ICR-1_p08
423.093122508,525.161206565,102.068084057,Other,random,C5H10O2,102.068080000,RC2_0018_ICR-1_p08
425.100678219,527.168762276,102.068084057,Other,random,C5H10O2,102.068080000,RC2_0018_ICR-1_p08
375.048621669,477.116705726,102.068084057,Other,random,C5H10O2,102.068080000,RC2_0018_ICR-1_p08
755.220087912,857.288171969,102.068084057,Other,random,C5H10O2,102.068080000,RC2_0018_ICR-1_p08
485.194754302,587.262839359,102.068085057,Other,random,C5H10O2,102.068080000,RC2_0018_ICR-1_p08
363.035617219,465.103702276,102.068085057,Other,random,C5H10O2,102.068080000,RC2_0018_ICR-1_p08
569.179525044,671.247610101,102.068085057,Other,random,C5H10O2,102.068080000,RC2_0018_ICR-1_p08
633.255395736,735.323481793,102.068086057,Other,random,C5H10O2,102.068080000,RC2_0018_ICR-1_p08
503.168954230,605.237040287,102.068086057,Other,random,C5H10O2,102.068080000,RC2_0018_ICR-1_p08
331.058906029,433.126993086,102.068087057,Other,random,C5H10O2,102.068080000,RC2_0018_ICR-1_p08
311.113506185,413.181593242,102.068087057,Other,random,C5H10O2,102.068080000,RC2_0018_ICR-1_p08
459.160313697,561.228400754,102.068087057,Other,random,C5H10O2,102.068080000,RC2_0018_ICR-1_p08
479.192105055,581.260192112,102.068087057,Other,random,C5H10O2,102.068080000,RC2_0018_ICR-1_p08
691.224595767,793.292683824,102.068088057,Other,random,C5H10O2,102.068080000,RC2_0018_ICR-1_p08
361.019884554,463.087972611,102.068088057,Other,random,C5H10O2,102.068080000,RC2_0018_ICR-1_p08
471.166017187,573.234105244,102.068088057,Other,random,C5H10O2,102.068080000,RC2_0018_ICR-1_p08
316.046147448,418.114236505,102.068089057,Other,random,C5H10O2,102.068080000,RC2_0018_ICR-1_p08
351.100419333,453.168508390,102.068089057,Other,random,C5H10O2,102.068080000,RC2_0018_ICR-1_p08
321.097860041,423.165949098,102.068089057,Other,random,C5H10O2,102.068080000,RC2_0018_ICR-1_p08
357.061394813,459.165850666,102.104455853,Other,random,C6H14O1,102.104465000,RC2_0018_ICR-1_p08
421.126862564,523.231318417,102.104455853,Other,random,C6H14O1,102.104465000,RC2_0018_ICR-1_p08
334.056802171,436.161259024,102.104456853,Other,random,C6H14O1,102.104465000,RC2_0018_ICR-1_p08
365.014842090,467.119298942,102.104456853,Other,random,C6H14O1,102.104465000,RC2_0018_ICR-1_p08
452.047199695,554.151656547,102.104456853,Other,random,C6H14O1,102.104465000,RC2_0018_ICR-1_p08
337.129165895,439.233623747,102.104457852,Other,random,C6H14O1,102.104465000,RC2_0018_ICR-1_p08
481.127144174,583.231603027,102.104458852,Other,random,C6H14O1,102.104465000,RC2_0018_ICR-1_p08
357.074526739,459.178986592,102.104459852,Other,random,C6H14O1,102.104465000,RC2_0018_ICR-1_p08
375.056765623,477.161225475,102.104459852,Other,random,C6H14O1,102.104465000,RC2_0018_ICR-1_p08
387.056790145,489.161249997,102.104459852,Other,random,C6H14O1,102.104465000,RC2_0018_ICR-1_p08
461.072426945,563.176886797,102.104459852,Other,random,C6H14O1,102.104465000,RC2_0018_ICR-1_p08
479.119331465,581.223791317,102.104459852,Other,random,C6H14O1,102.104465000,RC2_0018_ICR-1_p08
319.009446785,421.113906637,102.104459852,Other,random,C6H14O1,102.104465000,RC2_0018_ICR-1_p08
429.031055118,531.135515970,102.104460852,Other,random,C6H14O1,102.104465000,RC2_0018_ICR-1_p08
743.220071390,845.324532242,102.104460852,Other,random,C6H14O1,102.104465000,RC2_0018_ICR-1_p08
461.194665257,563.299126110,102.104460852,Other,random,C6H14O1,102.104465000,RC2_0018_ICR-1_p08
333.061472768,435.165934621,102.104461852,Other,random,C6H14O1,102.104465000,RC2_0018_ICR-1_p08
329.116004954,431.220466807,102.104461852,Other,random,C6H14O1,102.104465000,RC2_0018_ICR-1_p08
395.098147927,497.202610780,102.104462852,Other,random,C6H14O1,102.104465000,RC2_0018_ICR-1_p08
495.150534319,597.254997171,102.104462852,Other,random,C6H14O1,102.104465000,RC2_0018_ICR-1_p08
357.038033945,459.142498797,102.104464852,Other,random,C6H14O1,102.104465000,RC2_0018_ICR-1_p08
369.025124540,471.129589392,102.104464852,Other,random,C6H14O1,102.104465000,RC2_0018_ICR-1_p08
405.082492784,507.186957636,102.104464852,Other,random,C6H14O1,102.104465000,RC2_0018_ICR-1_p08
512.068216188,614.172681041,102.104464852,Other,random,C6H14O1,102.104465000,RC2_0018_ICR-1_p08
691.224595767,793.329060620,102.104464852,Other,random,C6H14O1,102.104465000,RC2_0018_ICR-1_p08
391.043650726,493.148116579,102.104465852,Other,random,C6H14O1,102.104465000,RC2_0018_ICR-1_p08
539.132600002,641.237065854,102.104465852,Other,random,C6H14O1,102.104465000,RC2_0018_ICR-1_p08
345.061430291,447.165896143,102.104465852,Other,random,C6H14O1,102.104465000,RC2_0018_ICR-1_p08
389.064304856,491.168770709,102.104465852,Other,random,C6H14O1,102.104465000,RC2_0018_ICR-1_p08
431.061844698,533.166311551,102.104466852,Other,random,C6H14O1,102.104465000,RC2_0018_ICR-1_p08
393.059256392,495.163724245,102.104467852,Other,random,C6H14O1,102.104465000,RC2_0018_ICR-1_p08
339.100309811,441.204777663,102.104467852,Other,random,C6H14O1,102.104465000,RC2_0018_ICR-1_p08
357.082606694,459.187075546,102.104468852,Other,random,C6H14O1,102.104465000,RC2_0018_ICR-1_p08
377.064416333,479.168885186,102.104468852,Other,random,C6H14O1,102.104465000,RC2_0018_ICR-1_p08
411.093030986,513.197499838,102.104468852,Other,random,C6H14O1,102.104465000,RC2_0018_ICR-1_p08
539.155833871,641.260302723,102.104468852,Other,random,C6H14O1,102.104465000,RC2_0018_ICR-1_p08
580.130826463,682.235295315,102.104468852,Other,random,C6H14O1,102.104465000,RC2_0018_ICR-1_p08
341.116063476,443.220533328,102.104469852,Other,random,C6H14O1,102.104465000,RC2_0018_ICR-1_p08
411.056826189,513.161296042,102.104469852,Other,random,C6H14O1,102.104465000,RC2_0018_ICR-1_p08
419.134597767,521.239067619,102.104469852,Other,random,C6H14O1,102.104465000,RC2_0018_ICR-1_p08
462.067852347,564.172324200,102.104471852,Other,random,C6H14O1,102.104465000,RC2_0018_ICR-1_p08
331.045794103,433.150265955,102.104471852,Other,random,C6H14O1,102.104465000,RC2_0018_ICR-1_p08
331.131665620,433.236137472,102.104471852,Other,random,C6H14O1,102.104465000,RC2_0018_ICR-1_p08
361.069333276,463.173805128,102.104471852,Other,random,C6H14O1,102.104465000,RC2_0018_ICR-1_p08
313.048365305,415.152838157,102.104472852,Other,random,C6H14O1,102.104465000,RC2_0018_ICR-1_p08
524.104782505,626.209255358,102.104472852,Other,random,C6H14O1,102.104465000,RC2_0018_ICR-1_p08
527.104293638,629.208766491,102.104472852,Other,random,C6H14O1,102.104465000,RC2_0018_ICR-1_p08
393.082475262,495.186948114,102.104472852,Other,random,C6H14O1,102.104465000,RC2_0018_ICR-1_p08
399.202232849,501.306705702,102.104472852,Other,random,C6H14O1,102.104465000,RC2_0018_ICR-1_p08
475.101180059,577.205652912,102.104472852,Other,random,C6H14O1,102.104465000,RC2_0018_ICR-1_p08
381.118962534,483.223435387,102.104472852,Other,random,C6H14O1,102.104465000,RC2_0018_ICR-1_p08
390.046627333,492.151100185,102.104472852,Other,random,C6H14O1,102.104465000,RC2_0018_ICR-1_p08
735.178206610,837.282679462,102.104472852,Other,random,C6H14O1,102.104465000,RC2_0018_ICR-1_p08
341.124159431,443.228633283,102.104473852,Other,random,C6H14O1,102.104465000,RC2_0018_ICR-1_p08
413.181593242,515.286067094,102.104473852,Other,random,C6H14O1,102.104465000,RC2_0018_ICR-1_p08
649.104905612,751.209380465,102.104474852,Other,random,C6H14O1,102.104465000,RC2_0018_ICR-1_p08
425.108645174,527.213120027,102.104474852,Other,random,C6H14O1,102.104465000,RC2_0018_ICR-1_p08
425.072339378,527.176814231,102.104474852,Other,random,C6H14O1,102.104465000,RC2_0018_ICR-1_p08
615.063260033,717.167734885,102.104474852,Other,random,C6H14O1,102.104465000,RC2_0018_ICR-1_p08
401.108736129,504.114541913,103.005805784,Other,random,C6H1N1O1,103.005814000,RC2_0018_ICR-1_p08
417.067288392,520.073094176,103.005805784,Other,random,C6H1N1O1,103.005814000,RC2_0018_ICR-1_p08
257.066755097,360.072564881,103.005809784,Other,random,C6H1N1O1,103.005814000,RC2_0018_ICR-1_p08
329.124132908,432.129950692,103.005817784,Other,random,C6H1N1O1,103.005814000,RC2_0018_ICR-1_p08
339.121500692,442.127318476,103.005817784,Other,random,C6H1N1O1,103.005814000,RC2_0018_ICR-1_p08
403.051699203,506.057516987,103.005817784,Other,random,C6H1N1O1,103.005814000,RC2_0018_ICR-1_p08
409.105702161,512.111519945,103.005817784,Other,random,C6H1N1O1,103.005814000,RC2_0018_ICR-1_p08
431.119459374,534.125277159,103.005817784,Other,random,C6H1N1O1,103.005814000,RC2_0018_ICR-1_p08
455.119437419,558.125261203,103.005823784,Other,random,C6H1N1O1,103.005814000,RC2_0018_ICR-1_p08
343.103378301,446.109202085,103.005823784,Other,random,C6H1N1O1,103.005814000,RC2_0018_ICR-1_p08
371.107915828,474.117101593,103.009185765,Other,random,Cysteine,103.009185600,RC2_0018_ICR-1_p08
315.072151925,418.150735299,103.078583375,Other,random,C8H9N1O_1,103.078584000,RC2_0018_ICR-1_p08
309.025204927,413.015025178,103.989820251,Other,random,C6O2,103.989830000,RC2_0018_ICR-1_p08
357.082606694,461.072426945,103.989820251,Other,random,C6O2,103.989830000,RC2_0018_ICR-1_p08
367.134061173,471.123881424,103.989820251,Other,random,C6O2,103.989830000,RC2_0018_ICR-1_p08
412.096503343,516.086323594,103.989820251,Other,random,C6O2,103.989830000,RC2_0018_ICR-1_p08
497.130112187,601.119932438,103.989820251,Other,random,C6O2,103.989830000,RC2_0018_ICR-1_p08
397.163221315,501.153041566,103.989820251,Other,random,C6O2,103.989830000,RC2_0018_ICR-1_p08
309.097919519,413.087740769,103.989821251,Other,random,C6O2,103.989830000,RC2_0018_ICR-1_p08
391.189141908,495.178963159,103.989821251,Other,random,C6O2,103.989830000,RC2_0018_ICR-1_p08
529.220810737,633.210631988,103.989821251,Other,random,C6O2,103.989830000,RC2_0018_ICR-1_p08
361.186629616,465.176451867,103.989822251,Other,random,C6O2,103.989830000,RC2_0018_ICR-1_p08
323.090217838,427.080041089,103.989823251,Other,random,C6O2,103.989830000,RC2_0018_ICR-1_p08
397.199620110,501.189443361,103.989823251,Other,random,C6O2,103.989830000,RC2_0018_ICR-1_p08
405.140094460,509.129917711,103.989823251,Other,random,C6O2,103.989830000,RC2_0018_ICR-1_p08
349.214927935,453.204752186,103.989824251,Other,random,C6O2,103.989830000,RC2_0018_ICR-1_p08
385.150271866,489.140097116,103.989825251,Other,random,C6O2,103.989830000,RC2_0018_ICR-1_p08
349.178682139,453.168508390,103.989826251,Other,random,C6O2,103.989830000,RC2_0018_ICR-1_p08
513.270507428,617.260334679,103.989827251,Other,random,C6O2,103.989830000,RC2_0018_ICR-1_p08
313.129155850,417.118983101,103.989827251,Other,random,C6O2,103.989830000,RC2_0018_ICR-1_p08
625.177754158,729.167582409,103.989828251,Other,random,C6O2,103.989830000,RC2_0018_ICR-1_p08
353.154772781,457.144602032,103.989829251,Other,random,C6O2,103.989830000,RC2_0018_ICR-1_p08
415.233712702,519.223541953,103.989829251,Other,random,C6O2,103.989830000,RC2_0018_ICR-1_p08
365.124004476,469.113834727,103.989830251,Other,random,C6O2,103.989830000,RC2_0018_ICR-1_p08
493.098788856,597.088619107,103.989830251,Other,random,C6O2,103.989830000,RC2_0018_ICR-1_p08
411.142598707,515.132429958,103.989831251,Other,random,C6O2,103.989830000,RC2_0018_ICR-1_p08
477.262278907,581.252111158,103.989832251,Other,random,C6O2,103.989830000,RC2_0018_ICR-1_p08
413.181593242,517.171426492,103.989833251,Other,random,C6O2,103.989830000,RC2_0018_ICR-1_p08
499.291127036,603.280960287,103.989833251,Other,random,C6O2,103.989830000,RC2_0018_ICR-1_p08
555.208440605,659.198273856,103.989833251,Other,random,C6O2,103.989830000,RC2_0018_ICR-1_p08
259.155033354,363.144866605,103.989833251,Other,random,C6O2,103.989830000,RC2_0018_ICR-1_p08
565.265718052,669.255552302,103.989834251,Other,random,C6O2,103.989830000,RC2_0018_ICR-1_p08
335.090267360,439.080101611,103.989834251,Other,random,C6O2,103.989830000,RC2_0018_ICR-1_p08
373.041127957,477.030962208,103.989834251,Other,random,C6O2,103.989830000,RC2_0018_ICR-1_p08
310.056912126,414.046747377,103.989835251,Other,random,C6O2,103.989830000,RC2_0018_ICR-1_p08
340.103690169,444.093525420,103.989835251,Other,random,C6O2,103.989830000,RC2_0018_ICR-1_p08
354.046633766,458.036469016,103.989835251,Other,random,C6O2,103.989830000,RC2_0018_ICR-1_p08
459.215459387,563.205296638,103.989837251,Other,random,C6O2,103.989830000,RC2_0018_ICR-1_p08
340.080367300,444.070206551,103.989839251,Other,random,C6O2,103.989830000,RC2_0018_ICR-1_p08
373.150226344,477.140065594,103.989839251,Other,random,C6O2,103.989830000,RC2_0018_ICR-1_p08
385.223030456,489.212869707,103.989839251,Other,random,C6O2,103.989830000,RC2_0018_ICR-1_p08
561.110405417,665.100244668,103.989839251,Other,random,C6O2,103.989830000,RC2_0018_ICR-1_p08
355.030582233,459.041532365,104.010950132,Other,random,C3H4O4,104.010960000,RC2_0018_ICR-1_p08
329.102948027,433.113898159,104.010950132,Other,random,C3H4O4,104.010960000,RC2_0018_ICR-1_p08
355.045826147,459.056776279,104.010950132,Other,random,C3H4O4,104.010960000,RC2_0018_ICR-1_p08
371.071500032,475.082450165,104.010950132,Other,random,C3H4O4,104.010960000,RC2_0018_ICR-1_p08
387.144773650,491.155723782,104.010950132,Other,random,C3H4O4,104.010960000,RC2_0018_ICR-1_p08
557.239490184,661.250440316,104.010950132,Other,random,C3H4O4,104.010960000,RC2_0018_ICR-1_p08
335.178204865,439.189155997,104.010951132,Other,random,C3H4O4,104.010960000,RC2_0018_ICR-1_p08
439.197276952,543.208229084,104.010952132,Other,random,C3H4O4,104.010960000,RC2_0018_ICR-1_p08
319.045898580,423.056851712,104.010953132,Other,random,C3H4O4,104.010960000,RC2_0018_ICR-1_p08
397.113852593,501.124805725,104.010953132,Other,random,C3H4O4,104.010960000,RC2_0018_ICR-1_p08
427.103401957,531.114355089,104.010953132,Other,random,C3H4O4,104.010960000,RC2_0018_ICR-1_p08
387.035520265,491.046474397,104.010954132,Other,random,C3H4O4,104.010960000,RC2_0018_ICR-1_p08
419.025405381,523.036359513,104.010954132,Other,random,C3H4O4,104.010960000,RC2_0018_ICR-1_p08
663.229768186,767.240722318,104.010954132,Other,random,C3H4O4,104.010960000,RC2_0018_ICR-1_p08
427.080041089,531.090996221,104.010955132,Other,random,C3H4O4,104.010960000,RC2_0018_ICR-1_p08
363.035617219,467.046573351,104.010956132,Other,random,C3H4O4,104.010960000,RC2_0018_ICR-1_p08
327.100399288,431.111355420,104.010956132,Other,random,C3H4O4,104.010960000,RC2_0018_ICR-1_p08
397.178487229,501.189443361,104.010956132,Other,random,C3H4O4,104.010960000,RC2_0018_ICR-1_p08
357.074526739,461.085483871,104.010957132,Other,random,C3H4O4,104.010960000,RC2_0018_ICR-1_p08
363.144866605,467.155823737,104.010957132,Other,random,C3H4O4,104.010960000,RC2_0018_ICR-1_p08
351.100419333,455.111377465,104.010958132,Other,random,C3H4O4,104.010960000,RC2_0018_ICR-1_p08
501.226082155,605.237040287,104.010958132,Other,random,C3H4O4,104.010960000,RC2_0018_ICR-1_p08
459.093205074,563.104163206,104.010958132,Other,random,C3H4O4,104.010960000,RC2_0018_ICR-1_p08
330.061854635,434.072813767,104.010959132,Other,random,C3H4O4,104.010960000,RC2_0018_ICR-1_p08
511.137567422,615.148526554,104.010959132,Other,random,C3H4O4,104.010960000,RC2_0018_ICR-1_p08
329.030249436,433.041208568,104.010959132,Other,random,C3H4O4,104.010960000,RC2_0018_ICR-1_p08
405.155323374,509.166284506,104.010961132,Other,random,C3H4O4,104.010960000,RC2_0018_ICR-1_p08
573.270583039,677.281544171,104.010961132,Other,random,C3H4O4,104.010960000,RC2_0018_ICR-1_p08
353.160383749,457.171345881,104.010962132,Other,random,C3H4O4,104.010960000,RC2_0018_ICR-1_p08
511.072942785,615.083904917,104.010962132,Other,random,C3H4O4,104.010960000,RC2_0018_ICR-1_p08
353.188863589,457.199825721,104.010962132,Other,random,C3H4O4,104.010960000,RC2_0018_ICR-1_p08
391.030533800,495.041495932,104.010962132,Other,random,C3H4O4,104.010960000,RC2_0018_ICR-1_p08
345.097855086,449.108817218,104.010962132,Other,random,C3H4O4,104.010960000,RC2_0018_ICR-1_p08
369.128589958,473.139552090,104.010962132,Other,random,C3H4O4,104.010960000,RC2_0018_ICR-1_p08
325.129201372,429.140164504,104.010963132,Other,random,C3H4O4,104.010960000,RC2_0018_ICR-1_p08
333.110905490,437.121868622,104.010963132,Other,random,C3H4O4,104.010960000,RC2_0018_ICR-1_p08
347.107917783,451.118880915,104.010963132,Other,random,C3H4O4,104.010960000,RC2_0018_ICR-1_p08
467.155823737,571.166786869,104.010963132,Other,random,C3H4O4,104.010960000,RC2_0018_ICR-1_p08
375.144860127,479.155823259,104.010963132,Other,random,C3H4O4,104.010960000,RC2_0018_ICR-1_p08
375.157922054,479.168885186,104.010963132,Other,random,C3H4O4,104.010960000,RC2_0018_ICR-1_p08
411.157957621,515.168920753,104.010963132,Other,random,C3H4O4,104.010960000,RC2_0018_ICR-1_p08
457.236169517,561.247133649,104.010964132,Other,random,C3H4O4,104.010960000,RC2_0018_ICR-1_p08
375.035555742,479.046519874,104.010964132,Other,random,C3H4O4,104.010960000,RC2_0018_ICR-1_p08
387.157806577,491.168770709,104.010964132,Other,random,C3H4O4,104.010960000,RC2_0018_ICR-1_p08
327.054279547,431.065244679,104.010965132,Other,random,C3H4O4,104.010960000,RC2_0018_ICR-1_p08
383.207347791,487.218312923,104.010965132,Other,random,C3H4O4,104.010960000,RC2_0018_ICR-1_p08
401.173548765,505.184513896,104.010965132,Other,random,C3H4O4,104.010960000,RC2_0018_ICR-1_p08
529.244430604,633.255395736,104.010965132,Other,random,C3H4O4,104.010960000,RC2_0018_ICR-1_p08
355.204494255,459.215459387,104.010965132,Other,random,C3H4O4,104.010960000,RC2_0018_ICR-1_p08
467.184183578,571.195149710,104.010966132,Other,random,C3H4O4,104.010960000,RC2_0018_ICR-1_p08
493.244030039,597.254997171,104.010967132,Other,random,C3H4O4,104.010960000,RC2_0018_ICR-1_p08
457.199825721,561.210792853,104.010967132,Other,random,C3H4O4,104.010960000,RC2_0018_ICR-1_p08
339.108453765,443.119421897,104.010968132,Other,random,C3H4O4,104.010960000,RC2_0018_ICR-1_p08
325.020085986,429.031055118,104.010969132,Other,random,C3H4O4,104.010960000,RC2_0018_ICR-1_p08
395.171018518,499.181987649,104.010969132,Other,random,C3H4O4,104.010960000,RC2_0018_ICR-1_p08
491.265077167,595.276046299,104.010969132,Other,random,C3H4O4,104.010960000,RC2_0018_ICR-1_p08
461.121811667,565.148016713,104.026205046,Other,random,C7H4O1,104.026215000,RC2_0018_ICR-1_p08
409.150265910,513.176471957,104.026206046,Other,random,C7H4O1,104.026215000,RC2_0018_ICR-1_p08
351.102773319,455.128979366,104.026206046,Other,random,C7H4O1,104.026215000,RC2_0018_ICR-1_p08
325.020085986,429.046294032,104.026208046,Other,random,C7H4O1,104.026215000,RC2_0018_ICR-1_p08
429.176582300,533.202791346,104.026209046,Other,random,C7H4O1,104.026215000,RC2_0018_ICR-1_p08
399.056774667,503.082984714,104.026210046,Other,random,C7H4O1,104.026215000,RC2_0018_ICR-1_p08
407.098263449,511.124473495,104.026210046,Other,random,C7H4O1,104.026215000,RC2_0018_ICR-1_p08
589.177605592,693.203815638,104.026210046,Other,random,C7H4O1,104.026215000,RC2_0018_ICR-1_p08
357.082606694,461.108817740,104.026211046,Other,random,C7H4O1,104.026215000,RC2_0018_ICR-1_p08
421.163278359,525.189490406,104.026212046,Other,random,C7H4O1,104.026215000,RC2_0018_ICR-1_p08
351.194251805,455.220463851,104.026212046,Other,random,C7H4O1,104.026215000,RC2_0018_ICR-1_p08
367.103377346,471.129589392,104.026212046,Other,random,C7H4O1,104.026215000,RC2_0018_ICR-1_p08
473.194808779,577.221022825,104.026214046,Other,random,C7H4O1,104.026215000,RC2_0018_ICR-1_p08
317.051304796,421.077519842,104.026215046,Other,random,C7H4O1,104.026215000,RC2_0018_ICR-1_p08
256.046348835,360.072564881,104.026216046,Other,random,C7H4O1,104.026215000,RC2_0018_ICR-1_p08
369.046235421,473.072452467,104.026217046,Other,random,C7H4O1,104.026215000,RC2_0018_ICR-1_p08
339.072047970,443.098265016,104.026217046,Other,random,C7H4O1,104.026215000,RC2_0018_ICR-1_p08
533.215976272,637.242194318,104.026218046,Other,random,C7H4O1,104.026215000,RC2_0018_ICR-1_p08
337.178558617,441.204777663,104.026219046,Other,random,C7H4O1,104.026215000,RC2_0018_ICR-1_p08
353.154772781,457.180991827,104.026219046,Other,random,C7H4O1,104.026215000,RC2_0018_ICR-1_p08
341.137152357,445.163371404,104.026219046,Other,random,C7H4O1,104.026215000,RC2_0018_ICR-1_p08
479.119331465,583.145551511,104.026220046,Other,random,C7H4O1,104.026215000,RC2_0018_ICR-1_p08
393.059256392,497.085478438,104.026222046,Other,random,C7H4O1,104.026215000,RC2_0018_ICR-1_p08
443.228633283,547.254855329,104.026222046,Other,random,C7H4O1,104.026215000,RC2_0018_ICR-1_p08
397.163221315,501.189443361,104.026222046,Other,random,C7H4O1,104.026215000,RC2_0018_ICR-1_p08
321.147396763,425.173619809,104.026223046,Other,random,C7H4O1,104.026215000,RC2_0018_ICR-1_p08
340.067302373,444.093525420,104.026223046,Other,random,C7H4O1,104.026215000,RC2_0018_ICR-1_p08
479.046519874,583.072742920,104.026223046,Other,random,C7H4O1,104.026215000,RC2_0018_ICR-1_p08
457.098694290,561.124918336,104.026224046,Other,random,C7H4O1,104.026215000,RC2_0018_ICR-1_p08
323.126517634,427.152741680,104.026224046,Other,random,C7H4O1,104.026215000,RC2_0018_ICR-1_p08
381.046201943,485.072425989,104.026224046,Other,random,C7H4O1,104.026215000,RC2_0018_ICR-1_p08
497.139654134,601.177106117,104.037451983,Other,random,C6H4N2,104.037448000,RC2_0018_ICR-1_p08
439.233623747,543.280959675,104.047335927,Other,random,C4H8O3,104.047345000,RC2_0018_ICR-1_p08
497.166360984,601.213696911,104.047335927,Other,random,C4H8O3,104.047345000,RC2_0018_ICR-1_p08
454.143312908,558.190648836,104.047335927,Other,random,C4H8O3,104.047345000,RC2_0018_ICR-1_p08
485.166390461,589.213726389,104.047335927,Other,random,C4H8O3,104.047345000,RC2_0018_ICR-1_p08
316.046147448,420.093484375,104.047336927,Other,random,C4H8O3,104.047345000,RC2_0018_ICR-1_p08
511.124473495,615.171810423,104.047336927,Other,random,C4H8O3,104.047345000,RC2_0018_ICR-1_p08
369.064613317,473.111950245,104.047336927,Other,random,C4H8O3,104.047345000,RC2_0018_ICR-1_p08
327.100399288,431.147737215,104.047337927,Other,random,C4H8O3,104.047345000,RC2_0018_ICR-1_p08
307.009487262,411.056826189,104.047338927,Other,random,C4H8O3,104.047345000,RC2_0018_ICR-1_p08
381.110959579,485.158298507,104.047338927,Other,random,C4H8O3,104.047345000,RC2_0018_ICR-1_p08
335.149938024,439.197276952,104.047338927,Other,random,C4H8O3,104.047345000,RC2_0018_ICR-1_p08
335.126517156,439.173857084,104.047339927,Other,random,C4H8O3,104.047345000,RC2_0018_ICR-1_p08
335.186283820,439.233623747,104.047339927,Other,random,C4H8O3,104.047345000,RC2_0018_ICR-1_p08
315.100332766,419.147673694,104.047340927,Other,random,C4H8O3,104.047345000,RC2_0018_ICR-1_p08
347.186304342,451.233645270,104.047340927,Other,random,C4H8O3,104.047345000,RC2_0018_ICR-1_p08
355.030582233,459.077924160,104.047341927,Other,random,C4H8O3,104.047345000,RC2_0018_ICR-1_p08
419.134597767,523.181939694,104.047341927,Other,random,C4H8O3,104.047345000,RC2_0018_ICR-1_p08
371.053836132,475.101180059,104.047343927,Other,random,C4H8O3,104.047345000,RC2_0018_ICR-1_p08
391.189141908,495.236485836,104.047343927,Other,random,C4H8O3,104.047345000,RC2_0018_ICR-1_p08
341.139398345,445.186743272,104.047344927,Other,random,C4H8O3,104.047345000,RC2_0018_ICR-1_p08
411.056826189,515.104171117,104.047344927,Other,random,C4H8O3,104.047345000,RC2_0018_ICR-1_p08
323.149991502,427.197336429,104.047344927,Other,random,C4H8O3,104.047345000,RC2_0018_ICR-1_p08
377.173350721,481.220695648,104.047344927,Other,random,C4H8O3,104.047345000,RC2_0018_ICR-1_p08
393.155263852,497.202610780,104.047346927,Other,random,C4H8O3,104.047345000,RC2_0018_ICR-1_p08
485.036193193,589.083541121,104.047347927,Other,random,C4H8O3,104.047345000,RC2_0018_ICR-1_p08
373.087070699,477.134418626,104.047347927,Other,random,C4H8O3,104.047345000,RC2_0018_ICR-1_p08
349.129169417,453.176517345,104.047347927,Other,random,C4H8O3,104.047345000,RC2_0018_ICR-1_p08
627.099382352,731.146730280,104.047347927,Other,random,C4H8O3,104.047345000,RC2_0018_ICR-1_p08
379.131628709,483.178977637,104.047348927,Other,random,C4H8O3,104.047345000,RC2_0018_ICR-1_p08
391.225513704,495.272862631,104.047348927,Other,random,C4H8O3,104.047345000,RC2_0018_ICR-1_p08
393.119012056,497.166360984,104.047348927,Other,random,C4H8O3,104.047345000,RC2_0018_ICR-1_p08
547.182221738,651.229570665,104.047348927,Other,random,C4H8O3,104.047345000,RC2_0018_ICR-1_p08
421.199858154,525.247207081,104.047348927,Other,random,C4H8O3,104.047345000,RC2_0018_ICR-1_p08
429.132088550,533.179438477,104.047349927,Other,random,C4H8O3,104.047345000,RC2_0018_ICR-1_p08
321.134254837,425.181604764,104.047349927,Other,random,C4H8O3,104.047345000,RC2_0018_ICR-1_p08
351.181172879,455.228522806,104.047349927,Other,random,C4H8O3,104.047345000,RC2_0018_ICR-1_p08
385.092747189,489.140097116,104.047349927,Other,random,C4H8O3,104.047345000,RC2_0018_ICR-1_p08
343.030449711,447.077800639,104.047350927,Other,random,C4H8O3,104.047345000,RC2_0018_ICR-1_p08
432.057068102,536.104419030,104.047350927,Other,random,C4H8O3,104.047345000,RC2_0018_ICR-1_p08
383.040847727,487.088198655,104.047350927,Other,random,C4H8O3,104.047345000,RC2_0018_ICR-1_p08
395.090194972,499.137545899,104.047350927,Other,random,C4H8O3,104.047345000,RC2_0018_ICR-1_p08
431.038674829,535.086025756,104.047350927,Other,random,C4H8O3,104.047345000,RC2_0018_ICR-1_p08
488.120000853,592.167351780,104.047350927,Other,random,C4H8O3,104.047345000,RC2_0018_ICR-1_p08
395.171018518,499.218370445,104.047351927,Other,random,C4H8O3,104.047345000,RC2_0018_ICR-1_p08
433.150265955,537.197617882,104.047351927,Other,random,C4H8O3,104.047345000,RC2_0018_ICR-1_p08
457.113929204,561.161281131,104.047351927,Other,random,C4H8O3,104.047345000,RC2_0018_ICR-1_p08
502.062709451,606.110061378,104.047351927,Other,random,C4H8O3,104.047345000,RC2_0018_ICR-1_p08
413.015025178,517.062378106,104.047352927,Other,random,C4H8O3,104.047345000,RC2_0018_ICR-1_p08
323.040768116,427.088122043,104.047353927,Other,random,C4H8O3,104.047345000,RC2_0018_ICR-1_p08
341.043135886,445.090490813,104.047354927,Other,random,C4H8O3,104.047345000,RC2_0018_ICR-1_p08
619.094161367,723.141516294,104.047354927,Other,random,C4H8O3,104.047345000,RC2_0018_ICR-1_p08
703.152392696,807.199747623,104.047354927,Other,random,C4H8O3,104.047345000,RC2_0018_ICR-1_p08
387.157806577,491.205161504,104.047354927,Other,random,C4H8O3,104.047345000,RC2_0018_ICR-1_p08
405.059303914,509.121894756,104.062590842,Other,random,C8H8,104.062600000,RC2_0018_ICR-1_p08
465.080540407,569.143131248,104.062590842,Other,random,C8H8,104.062600000,RC2_0018_ICR-1_p08
625.104989567,729.167582409,104.062592842,Other,random,C8H8,104.062600000,RC2_0018_ICR-1_p08
359.061895564,463.124489406,104.062593842,Other,random,C8H8,104.062600000,RC2_0018_ICR-1_p08
341.087646636,445.150241477,104.062594842,Other,random,C8H8,104.062600000,RC2_0018_ICR-1_p08
381.113413565,485.176008407,104.062594842,Other,random,C8H8,104.062600000,RC2_0018_ICR-1_p08
328.067354851,432.129950692,104.062595842,Other,random,C8H8,104.062600000,RC2_0018_ICR-1_p08
405.140094460,509.202691302,104.062596842,Other,random,C8H8,104.062600000,RC2_0018_ICR-1_p08
578.172698474,682.235295315,104.062596842,Other,random,C8H8,104.062600000,RC2_0018_ICR-1_p08
385.150271866,489.212869707,104.062597842,Other,random,C8H8,104.062600000,RC2_0018_ICR-1_p08
609.218999896,713.281598738,104.062598842,Other,random,C8H8,104.062600000,RC2_0018_ICR-1_p08
427.197336429,531.259936271,104.062599842,Other,random,C8H8,104.062600000,RC2_0018_ICR-1_p08
317.051304796,421.113906637,104.062601842,Other,random,C8H8,104.062600000,RC2_0018_ICR-1_p08
331.103332779,435.165934621,104.062601842,Other,random,C8H8,104.062600000,RC2_0018_ICR-1_p08
477.153183520,581.215785362,104.062601842,Other,random,C8H8,104.062600000,RC2_0018_ICR-1_p08
407.111262376,511.173864217,104.062601842,Other,random,C8H8,104.062600000,RC2_0018_ICR-1_p08
597.146229783,701.208832625,104.062602842,Other,random,C8H8,104.062600000,RC2_0018_ICR-1_p08
367.152737068,471.215339910,104.062602842,Other,random,C8H8,104.062600000,RC2_0018_ICR-1_p08
337.069330231,441.131933073,104.062602842,Other,random,C8H8,104.062600000,RC2_0018_ICR-1_p08
337.056318305,441.118922146,104.062603842,Other,random,C8H8,104.062600000,RC2_0018_ICR-1_p08
318.046522199,422.109127041,104.062604842,Other,random,C8H8,104.062600000,RC2_0018_ICR-1_p08
625.177754158,729.240358999,104.062604842,Other,random,C8H8,104.062600000,RC2_0018_ICR-1_p08
393.009766671,497.072373512,104.062606842,Other,random,C8H8,104.062600000,RC2_0018_ICR-1_p08
509.179559432,613.242166273,104.062606842,Other,random,C8H8,104.062600000,RC2_0018_ICR-1_p08
343.030449711,447.093056553,104.062606842,Other,random,C8H8,104.062600000,RC2_0018_ICR-1_p08
407.074960580,511.137567422,104.062606842,Other,random,C8H8,104.062600000,RC2_0018_ICR-1_p08
347.126554678,451.189162520,104.062607842,Other,random,C8H8,104.062600000,RC2_0018_ICR-1_p08
367.134061173,471.196669015,104.062607842,Other,random,C8H8,104.062600000,RC2_0018_ICR-1_p08
453.067312959,557.129920800,104.062607842,Other,random,C8H8,104.062600000,RC2_0018_ICR-1_p08
465.067479480,569.130088322,104.062608842,Other,random,C8H8,104.062600000,RC2_0018_ICR-1_p08
395.134552723,499.197161564,104.062608842,Other,random,C8H8,104.062600000,RC2_0018_ICR-1_p08
503.132590435,607.195200276,104.062609842,Other,random,C8H8,104.062600000,RC2_0018_ICR-1_p08
395.129003754,499.191613595,104.062609842,Other,random,C8H8,104.062600000,RC2_0018_ICR-1_p08
255.051107431,360.072564881,105.021457450,Other,random,C6H3N1O1,105.021464000,RC2_0018_ICR-1_p08
393.046246465,498.067705915,105.021459450,Other,random,C6H3N1O1,105.021464000,RC2_0018_ICR-1_p08
369.046235421,474.067697871,105.021462450,Other,random,C6H3N1O1,105.021464000,RC2_0018_ICR-1_p08
327.121510169,432.142973619,105.021463450,Other,random,C6H3N1O1,105.021464000,RC2_0018_ICR-1_p08
355.030582233,460.052045683,105.021463450,Other,random,C6H3N1O1,105.021464000,RC2_0018_ICR-1_p08
461.093670825,566.115138275,105.021467450,Other,random,C6H3N1O1,105.021464000,RC2_0018_ICR-1_p08
425.072339378,530.093806828,105.021467450,Other,random,C6H3N1O1,105.021464000,RC2_0018_ICR-1_p08
359.098238360,464.119708810,105.021470450,Other,random,C6H3N1O1,105.021464000,RC2_0018_ICR-1_p08
353.100663085,458.145935401,105.045272316,Other,random,C6H5N2,105.045273000,RC2_0018_ICR-1_p08
417.103645187,522.182614314,105.078969126,Other,random,C4H11N1O2,105.078979000,RC2_0018_ICR-1_p08
485.072425989,590.151396116,105.078970126,Other,random,C4H11N1O2,105.078979000,RC2_0018_ICR-1_p08
319.058918506,424.137889633,105.078971126,Other,random,C4H11N1O2,105.078979000,RC2_0018_ICR-1_p08
413.087740769,518.166719896,105.078979126,Other,random,C4H11N1O2,105.078979000,RC2_0018_ICR-1_p08
419.061824176,524.140806303,105.078982126,Other,random,C4H11N1O2,105.078979000,RC2_0018_ICR-1_p08
429.046294032,534.125277159,105.078983126,Other,random,C4H11N1O2,105.078979000,RC2_0018_ICR-1_p08
327.063989493,432.142973619,105.078984126,Other,random,C4H11N1O2,105.078979000,RC2_0018_ICR-1_p08
401.087688247,507.114318045,106.026629798,Other,random,C3H6O4,106.026639500,RC2_0018_ICR-1_p08
525.189490406,631.216120203,106.026629798,Other,random,C3H6O4,106.026639500,RC2_0018_ICR-1_p08
587.177185840,693.203815638,106.026629798,Other,random,C3H6O4,106.026639500,RC2_0018_ICR-1_p08
458.109070608,564.135701406,106.026630798,Other,random,C3H6O4,106.026639500,RC2_0018_ICR-1_p08
617.114885496,723.141516294,106.026630798,Other,random,C3H6O4,106.026639500,RC2_0018_ICR-1_p08
481.244088517,587.270719314,106.026630798,Other,random,C3H6O4,106.026639500,RC2_0018_ICR-1_p08
487.233814836,593.260446633,106.026631798,Other,random,C3H6O4,106.026639500,RC2_0018_ICR-1_p08
429.204746141,535.231377939,106.026631798,Other,random,C3H6O4,106.026639500,RC2_0018_ICR-1_p08
509.121894756,615.148526554,106.026631798,Other,random,C3H6O4,106.026639500,RC2_0018_ICR-1_p08
323.040768116,429.067400914,106.026632798,Other,random,C3H6O4,106.026639500,RC2_0018_ICR-1_p08
579.099156264,685.125789062,106.026632798,Other,random,C3H6O4,106.026639500,RC2_0018_ICR-1_p08
465.067479480,571.094112278,106.026632798,Other,random,C3H6O4,106.026639500,RC2_0018_ICR-1_p08
344.077454824,450.104088621,106.026633798,Other,random,C3H6O4,106.026639500,RC2_0018_ICR-1_p08
371.126548723,477.153183520,106.026634798,Other,random,C3H6O4,106.026639500,RC2_0018_ICR-1_p08
323.113527707,429.140164504,106.026636798,Other,random,C3H6O4,106.026639500,RC2_0018_ICR-1_p08
407.126629290,513.153266087,106.026636798,Other,random,C3H6O4,106.026639500,RC2_0018_ICR-1_p08
416.134994634,522.161631432,106.026636798,Other,random,C3H6O4,106.026639500,RC2_0018_ICR-1_p08
437.217903082,543.244539880,106.026636798,Other,random,C3H6O4,106.026639500,RC2_0018_ICR-1_p08
351.108297288,457.134935086,106.026637798,Other,random,C3H6O4,106.026639500,RC2_0018_ICR-1_p08
451.116512928,557.143151726,106.026638798,Other,random,C3H6O4,106.026639500,RC2_0018_ICR-1_p08
553.135457262,659.162097059,106.026639798,Other,random,C3H6O4,106.026639500,RC2_0018_ICR-1_p08
365.152406316,471.179046114,106.026639798,Other,random,C3H6O4,106.026639500,RC2_0018_ICR-1_p08
374.051647275,480.078289072,106.026641798,Other,random,C3H6O4,106.026639500,RC2_0018_ICR-1_p08
562.156730534,668.183372331,106.026641798,Other,random,C3H6O4,106.026639500,RC2_0018_ICR-1_p08
371.090062928,477.116705726,106.026642798,Other,random,C3H6O4,106.026639500,RC2_0018_ICR-1_p08
391.030533800,497.057176598,106.026642798,Other,random,C3H6O4,106.026639500,RC2_0018_ICR-1_p08
697.214238087,803.240880884,106.026642798,Other,random,C3H6O4,106.026639500,RC2_0018_ICR-1_p08
389.123890521,495.150534319,106.026643798,Other,random,C3H6O4,106.026639500,RC2_0018_ICR-1_p08
455.111377465,561.138021262,106.026643798,Other,random,C3H6O4,106.026639500,RC2_0018_ICR-1_p08
375.035555742,481.062199540,106.026643798,Other,random,C3H6O4,106.026639500,RC2_0018_ICR-1_p08
415.176048027,521.202691824,106.026643798,Other,random,C3H6O4,106.026639500,RC2_0018_ICR-1_p08
353.043211408,459.069856206,106.026644797,Other,random,C3H6O4,106.026639500,RC2_0018_ICR-1_p08
489.212869707,595.239514505,106.026644797,Other,random,C3H6O4,106.026639500,RC2_0018_ICR-1_p08
367.131645187,473.158290984,106.026645797,Other,random,C3H6O4,106.026639500,RC2_0018_ICR-1_p08
511.088238699,617.114885496,106.026646797,Other,random,C3H6O4,106.026639500,RC2_0018_ICR-1_p08
345.110884013,451.137530810,106.026646797,Other,random,C3H6O4,106.026639500,RC2_0018_ICR-1_p08
365.014842090,471.041488887,106.026646797,Other,random,C3H6O4,106.026639500,RC2_0018_ICR-1_p08
399.121472304,505.148119101,106.026646797,Other,random,C3H6O4,106.026639500,RC2_0018_ICR-1_p08
385.178514707,491.205161504,106.026646797,Other,random,C3H6O4,106.026639500,RC2_0018_ICR-1_p08
429.059377959,535.086025756,106.026647797,Other,random,C3H6O4,106.026639500,RC2_0018_ICR-1_p08
459.093205074,565.119853872,106.026648797,Other,random,C3H6O4,106.026639500,RC2_0018_ICR-1_p08
649.177886202,755.204534999,106.026648797,Other,random,C3H6O4,106.026639500,RC2_0018_ICR-1_p08
335.186283820,441.212932618,106.026648797,Other,random,C3H6O4,106.026639500,RC2_0018_ICR-1_p08
467.132204870,573.161486653,106.029281783,Other,random,C6H4O1N1,106.029289000,RC2_0018_ICR-1_p08
495.236485836,601.265770618,106.029284783,Other,random,C6H4O1N1,106.029289000,RC2_0018_ICR-1_p08
461.158054463,567.187346246,106.029291783,Other,random,C6H4O1N1,106.029289000,RC2_0018_ICR-1_p08
423.105926436,529.135219218,106.029292783,Other,random,C6H4O1N1,106.029289000,RC2_0018_ICR-1_p08
343.176169892,450.189777139,107.013607248,Other,random,C2H6N1O2P1,107.013617000,RC2_0018_ICR-1_p08
279.087464271,386.101073519,107.013609248,Other,random,C2H6N1O2P1,107.013617000,RC2_0018_ICR-1_p08
311.077148389,418.090758637,107.013610248,Other,random,C2H6N1O2P1,107.013617000,RC2_0018_ICR-1_p08
303.108547198,410.122159445,107.013612248,Other,random,C2H6N1O2P1,107.013617000,RC2_0018_ICR-1_p08
275.092516736,382.106141983,107.013625248,Other,random,C2H6N1O2P1,107.013617000,RC2_0018_ICR-1_p08
261.076909547,368.090535795,107.013626248,Other,random,C2H6N1O2P1,107.013617000,RC2_0018_ICR-1_p08
469.135013608,576.172119723,107.037106116,Other,random,C6H5N1O1,107.037114000,RC2_0018_ICR-1_p08
353.124115953,460.161227069,107.037111116,Other,random,C6H5N1O1,107.037114000,RC2_0018_ICR-1_p08
253.035448766,360.072564881,107.037116115,Other,random,C6H5N1O1,107.037114000,RC2_0018_ICR-1_p08
513.161296042,620.198414157,107.037118115,Other,random,C6H5N1O1,107.037114000,RC2_0018_ICR-1_p08
425.145109969,532.182231085,107.037121115,Other,random,C6H5N1O1,107.037114000,RC2_0018_ICR-1_p08
497.057176598,604.130672508,107.073495911,Other,random,C7H9N1,107.073499000,RC2_0018_ICR-1_p08
339.072047970,446.145545881,107.073497911,Other,random,C7H9N1,107.073499000,RC2_0018_ICR-1_p08
373.041127957,480.114630868,107.073502911,Other,random,C7H9N1,107.073499000,RC2_0018_ICR-1_p08
337.020022509,444.093525420,107.073502911,Other,random,C7H9N1,107.073499000,RC2_0018_ICR-1_p08
307.009487262,414.082996173,107.073508911,Other,random,C7H9N1,107.073499000,RC2_0018_ICR-1_p08
239.128991963,347.090232882,107.961240919,Other,random,C1H1O4P1,107.961248000,RC2_0018_ICR-1_p08
312.108791588,420.070032507,107.961240919,Other,random,C1H1O4P1,107.961248000,RC2_0018_ICR-1_p08
341.087646636,449.048889555,107.961242919,Other,random,C1H1O4P1,107.961248000,RC2_0018_ICR-1_p08
299.150018457,407.111262376,107.961243919,Other,random,C1H1O4P1,107.961248000,RC2_0018_ICR-1_p08
285.098011473,393.059256392,107.961244919,Other,random,C1H1O4P1,107.961248000,RC2_0018_ICR-1_p08
503.155900304,611.117146223,107.961245919,Other,random,C1H1O4P1,107.961248000,RC2_0018_ICR-1_p08
305.066657187,413.027903106,107.961245919,Other,random,C1H1O4P1,107.961248000,RC2_0018_ICR-1_p08
333.097938563,441.059184482,107.961245919,Other,random,C1H1O4P1,107.961248000,RC2_0018_ICR-1_p08
345.191806558,453.153052477,107.961245919,Other,random,C1H1O4P1,107.961248000,RC2_0018_ICR-1_p08
265.071843083,373.033090002,107.961246919,Other,random,C1H1O4P1,107.961248000,RC2_0018_ICR-1_p08
279.087464271,387.048711190,107.961246919,Other,random,C1H1O4P1,107.961248000,RC2_0018_ICR-1_p08
297.098054995,405.059303914,107.961248919,Other,random,C1H1O4P1,107.961248000,RC2_0018_ICR-1_p08
363.144866605,471.106115524,107.961248919,Other,random,C1H1O4P1,107.961248000,RC2_0018_ICR-1_p08
269.103165415,377.064416333,107.961250919,Other,random,C1H1O4P1,107.961248000,RC2_0018_ICR-1_p08
335.077134434,443.038386353,107.961251919,Other,random,C1H1O4P1,107.961248000,RC2_0018_ICR-1_p08
307.118651648,415.079904567,107.961252919,Other,random,C1H1O4P1,107.961248000,RC2_0018_ICR-1_p08
293.139452255,401.100709174,107.961256919,Other,random,C1H1O4P1,107.961248000,RC2_0018_ICR-1_p08
243.123870500,351.085128419,107.961257919,Other,random,C1H1O4P1,107.961248000,RC2_0018_ICR-1_p08
405.168341301,513.189461884,108.021120582,Other,random,C6H4O2,108.021130000,RC2_0018_ICR-1_p08
367.103377346,475.124497928,108.021120582,Other,random,C6H4O2,108.021130000,RC2_0018_ICR-1_p08
621.146460826,729.167582409,108.021121582,Other,random,C6H4O2,108.021130000,RC2_0018_ICR-1_p08
310.129613717,418.150735299,108.021121582,Other,random,C6H4O2,108.021130000,RC2_0018_ICR-1_p08
315.144827516,423.165949098,108.021121582,Other,random,C6H4O2,108.021130000,RC2_0018_ICR-1_p08
393.046246465,501.067369048,108.021122582,Other,random,C6H4O2,108.021130000,RC2_0018_ICR-1_p08
319.058918506,427.080041089,108.021122582,Other,random,C6H4O2,108.021130000,RC2_0018_ICR-1_p08
325.020085986,433.041208568,108.021122582,Other,random,C6H4O2,108.021130000,RC2_0018_ICR-1_p08
345.046190376,453.067312959,108.021122582,Other,random,C6H4O2,108.021130000,RC2_0018_ICR-1_p08
365.100605608,473.121728190,108.021122582,Other,random,C6H4O2,108.021130000,RC2_0018_ICR-1_p08
407.025335859,515.046459441,108.021123582,Other,random,C6H4O2,108.021130000,RC2_0018_ICR-1_p08
345.147382807,453.168508390,108.021125582,Other,random,C6H4O2,108.021130000,RC2_0018_ICR-1_p08
349.105776549,457.126902131,108.021125582,Other,random,C6H4O2,108.021130000,RC2_0018_ICR-1_p08
363.035617219,471.056742802,108.021125582,Other,random,C6H4O2,108.021130000,RC2_0018_ICR-1_p08
407.184150966,515.205276548,108.021125582,Other,random,C6H4O2,108.021130000,RC2_0018_ICR-1_p08
436.088556433,544.109683015,108.021126582,Other,random,C6H4O2,108.021130000,RC2_0018_ICR-1_p08
401.181564719,509.202691302,108.021126582,Other,random,C6H4O2,108.021130000,RC2_0018_ICR-1_p08
509.239208096,617.260334679,108.021126582,Other,random,C6H4O2,108.021130000,RC2_0018_ICR-1_p08
561.124918336,669.146044918,108.021126582,Other,random,C6H4O2,108.021130000,RC2_0018_ICR-1_p08
375.175603955,483.196730537,108.021126582,Other,random,C6H4O2,108.021130000,RC2_0018_ICR-1_p08
351.108297288,459.129424871,108.021127582,Other,random,C6H4O2,108.021130000,RC2_0018_ICR-1_p08
351.102773319,459.123901902,108.021128582,Other,random,C6H4O2,108.021130000,RC2_0018_ICR-1_p08
340.067302373,448.088431956,108.021129582,Other,random,C6H4O2,108.021130000,RC2_0018_ICR-1_p08
473.158290984,581.179420567,108.021129582,Other,random,C6H4O2,108.021130000,RC2_0018_ICR-1_p08
621.291620010,729.312749592,108.021129582,Other,random,C6H4O2,108.021130000,RC2_0018_ICR-1_p08
335.077134434,443.098265016,108.021130582,Other,random,C6H4O2,108.021130000,RC2_0018_ICR-1_p08
339.121500692,447.142632274,108.021131582,Other,random,C6H4O2,108.021130000,RC2_0018_ICR-1_p08
395.061853131,503.082984714,108.021131582,Other,random,C6H4O2,108.021130000,RC2_0018_ICR-1_p08
401.145151924,509.166284506,108.021132582,Other,random,C6H4O2,108.021130000,RC2_0018_ICR-1_p08
383.134591200,491.155723782,108.021132582,Other,random,C6H4O2,108.021130000,RC2_0018_ICR-1_p08
393.155263852,501.176397435,108.021133582,Other,random,C6H4O2,108.021130000,RC2_0018_ICR-1_p08
575.198510198,683.219643780,108.021133582,Other,random,C6H4O2,108.021130000,RC2_0018_ICR-1_p08
409.144668942,517.165802524,108.021133582,Other,random,C6H4O2,108.021130000,RC2_0018_ICR-1_p08
623.125596697,731.146730280,108.021133582,Other,random,C6H4O2,108.021130000,RC2_0018_ICR-1_p08
315.100332766,423.121467348,108.021134582,Other,random,C6H4O2,108.021130000,RC2_0018_ICR-1_p08
379.175962460,487.197097042,108.021134582,Other,random,C6H4O2,108.021130000,RC2_0018_ICR-1_p08
417.132059028,525.153193610,108.021134582,Other,random,C6H4O2,108.021130000,RC2_0018_ICR-1_p08
381.191735125,489.212869707,108.021134582,Other,random,C6H4O2,108.021130000,RC2_0018_ICR-1_p08
381.118962534,489.140097116,108.021134582,Other,random,C6H4O2,108.021130000,RC2_0018_ICR-1_p08
415.197044908,523.218180491,108.021135582,Other,random,C6H4O2,108.021130000,RC2_0018_ICR-1_p08
321.025158450,429.046294032,108.021135582,Other,random,C6H4O2,108.021130000,RC2_0018_ICR-1_p08
357.118880490,465.140017072,108.021136582,Other,random,C6H4O2,108.021130000,RC2_0018_ICR-1_p08
323.090217838,431.111355420,108.021137582,Other,random,C6H4O2,108.021130000,RC2_0018_ICR-1_p08
369.118928012,477.140065594,108.021137582,Other,random,C6H4O2,108.021130000,RC2_0018_ICR-1_p08
391.097647423,499.118785005,108.021137582,Other,random,C6H4O2,108.021130000,RC2_0018_ICR-1_p08
445.062284972,553.083422554,108.021137582,Other,random,C6H4O2,108.021130000,RC2_0018_ICR-1_p08
375.202297804,483.223435387,108.021137582,Other,random,C6H4O2,108.021130000,RC2_0018_ICR-1_p08
351.072066492,459.093205074,108.021138582,Other,random,C6H4O2,108.021130000,RC2_0018_ICR-1_p08
475.088072133,583.109210715,108.021138582,Other,random,C6H4O2,108.021130000,RC2_0018_ICR-1_p08
375.194106850,483.215245433,108.021138582,Other,random,C6H4O2,108.021130000,RC2_0018_ICR-1_p08
433.236137472,541.257276054,108.021138582,Other,random,C6H4O2,108.021130000,RC2_0018_ICR-1_p08
373.150226344,481.171365926,108.021139582,Other,random,C6H4O2,108.021130000,RC2_0018_ICR-1_p08
425.158298895,533.179438477,108.021139582,Other,random,C6H4O2,108.021130000,RC2_0018_ICR-1_p08
453.168508390,561.210792853,108.042284463,Other,random,C3H8O4,108.042293200,RC2_0018_ICR-1_p08
423.194379938,531.236665402,108.042285463,Other,random,C3H8O4,108.042293200,RC2_0018_ICR-1_p08
343.095244347,451.137530810,108.042286463,Other,random,C3H8O4,108.042293200,RC2_0018_ICR-1_p08
457.199825721,565.242113184,108.042287463,Other,random,C3H8O4,108.042293200,RC2_0018_ICR-1_p08
335.077134434,443.119421897,108.042287463,Other,random,C3H8O4,108.042293200,RC2_0018_ICR-1_p08
497.108903307,605.151190770,108.042287463,Other,random,C3H8O4,108.042293200,RC2_0018_ICR-1_p08
381.118962534,489.161249997,108.042287463,Other,random,C3H8O4,108.042293200,RC2_0018_ICR-1_p08
439.066991684,547.109279148,108.042287463,Other,random,C3H8O4,108.042293200,RC2_0018_ICR-1_p08
451.233645270,559.275933733,108.042288463,Other,random,C3H8O4,108.042293200,RC2_0018_ICR-1_p08
476.156369126,584.198657589,108.042288463,Other,random,C3H8O4,108.042293200,RC2_0018_ICR-1_p08
683.126052307,791.168340770,108.042288463,Other,random,C3H8O4,108.042293200,RC2_0018_ICR-1_p08
407.171062040,515.213351503,108.042289463,Other,random,C3H8O4,108.042293200,RC2_0018_ICR-1_p08
407.126629290,515.168920753,108.042291463,Other,random,C3H8O4,108.042293200,RC2_0018_ICR-1_p08
349.092643623,457.134935086,108.042291463,Other,random,C3H8O4,108.042293200,RC2_0018_ICR-1_p08
533.239222141,641.281513604,108.042291463,Other,random,C3H8O4,108.042293200,RC2_0018_ICR-1_p08
347.077144956,455.119437419,108.042292463,Other,random,C3H8O4,108.042293200,RC2_0018_ICR-1_p08
361.092720145,469.135013608,108.042293463,Other,random,C3H8O4,108.042293200,RC2_0018_ICR-1_p08
435.165934621,543.208229084,108.042294463,Other,random,C3H8O4,108.042293200,RC2_0018_ICR-1_p08
383.053821654,491.096117117,108.042295463,Other,random,C3H8O4,108.042293200,RC2_0018_ICR-1_p08
445.041127091,553.083422554,108.042295463,Other,random,C3H8O4,108.042293200,RC2_0018_ICR-1_p08
337.129165895,445.171461358,108.042295463,Other,random,C3H8O4,108.042293200,RC2_0018_ICR-1_p08
395.061853131,503.104148595,108.042295463,Other,random,C3H8O4,108.042293200,RC2_0018_ICR-1_p08
316.095593170,424.137889633,108.042296463,Other,random,C3H8O4,108.042293200,RC2_0018_ICR-1_p08
463.124489406,571.166786869,108.042297463,Other,random,C3H8O4,108.042293200,RC2_0018_ICR-1_p08
369.118928012,477.161225475,108.042297463,Other,random,C3H8O4,108.042293200,RC2_0018_ICR-1_p08
385.178514707,493.220813170,108.042298463,Other,random,C3H8O4,108.042293200,RC2_0018_ICR-1_p08
483.106208046,591.148506509,108.042298463,Other,random,C3H8O4,108.042293200,RC2_0018_ICR-1_p08
519.041645976,627.083944439,108.042298463,Other,random,C3H8O4,108.042293200,RC2_0018_ICR-1_p08
615.099217831,723.141516294,108.042298463,Other,random,C3H8O4,108.042293200,RC2_0018_ICR-1_p08
397.033141047,505.075442510,108.042301463,Other,random,C3H8O4,108.042293200,RC2_0018_ICR-1_p08
455.025692946,563.067994410,108.042301463,Other,random,C3H8O4,108.042293200,RC2_0018_ICR-1_p08
447.129542348,555.171844811,108.042302463,Other,random,C3H8O4,108.042293200,RC2_0018_ICR-1_p08
379.079975000,487.137480377,108.057505378,Other,random,C7H8O1,108.057515000,RC2_0018_ICR-1_p08
381.113413565,489.170918943,108.057505378,Other,random,C7H8O1,108.057515000,RC2_0018_ICR-1_p08
431.038674829,539.096182206,108.057507378,Other,random,C7H8O1,108.057515000,RC2_0018_ICR-1_p08
389.087704725,497.145213103,108.057508378,Other,random,C7H8O1,108.057515000,RC2_0018_ICR-1_p08
509.107285838,617.164796216,108.057510378,Other,random,C7H8O1,108.057515000,RC2_0018_ICR-1_p08
533.202791346,641.260302723,108.057511378,Other,random,C7H8O1,108.057515000,RC2_0018_ICR-1_p08
325.092754577,433.150265955,108.057511378,Other,random,C7H8O1,108.057515000,RC2_0018_ICR-1_p08
377.154817825,485.212330203,108.057512378,Other,random,C7H8O1,108.057515000,RC2_0018_ICR-1_p08
497.130112187,605.187624565,108.057512378,Other,random,C7H8O1,108.057515000,RC2_0018_ICR-1_p08
429.204746141,537.262259519,108.057513378,Other,random,C7H8O1,108.057515000,RC2_0018_ICR-1_p08
349.129169417,457.186682795,108.057513378,Other,random,C7H8O1,108.057515000,RC2_0018_ICR-1_p08
643.188527881,751.246041258,108.057513378,Other,random,C7H8O1,108.057515000,RC2_0018_ICR-1_p08
379.103195869,487.160710247,108.057514378,Other,random,C7H8O1,108.057515000,RC2_0018_ICR-1_p08
379.116272796,487.173788173,108.057515378,Other,random,C7H8O1,108.057515000,RC2_0018_ICR-1_p08
401.064379378,509.121894756,108.057515378,Other,random,C7H8O1,108.057515000,RC2_0018_ICR-1_p08
363.157821532,471.215339910,108.057518378,Other,random,C7H8O1,108.057515000,RC2_0018_ICR-1_p08
569.224025793,677.281544171,108.057518378,Other,random,C7H8O1,108.057515000,RC2_0018_ICR-1_p08
323.090217838,431.147737215,108.057519378,Other,random,C7H8O1,108.057515000,RC2_0018_ICR-1_p08
299.126631588,407.184150966,108.057519378,Other,random,C7H8O1,108.057515000,RC2_0018_ICR-1_p08
457.062334494,565.119853872,108.057519378,Other,random,C7H8O1,108.057515000,RC2_0018_ICR-1_p08
378.046484811,486.104004189,108.057519378,Other,random,C7H8O1,108.057515000,RC2_0018_ICR-1_p08
429.176582300,537.234101677,108.057519378,Other,random,C7H8O1,108.057515000,RC2_0018_ICR-1_p08
357.155348285,465.212867663,108.057519378,Other,random,C7H8O1,108.057515000,RC2_0018_ICR-1_p08
307.082288853,415.139809230,108.057520378,Other,random,C7H8O1,108.057515000,RC2_0018_ICR-1_p08
389.137012448,497.194532825,108.057520378,Other,random,C7H8O1,108.057515000,RC2_0018_ICR-1_p08
493.098788856,601.156309234,108.057520378,Other,random,C7H8O1,108.057515000,RC2_0018_ICR-1_p08
621.146460826,729.203982204,108.057521378,Other,random,C7H8O1,108.057515000,RC2_0018_ICR-1_p08
369.168421734,477.225943111,108.057521378,Other,random,C7H8O1,108.057515000,RC2_0018_ICR-1_p08
373.041127957,481.098650335,108.057522378,Other,random,C7H8O1,108.057515000,RC2_0018_ICR-1_p08
551.140751478,659.198273856,108.057522378,Other,random,C7H8O1,108.057515000,RC2_0018_ICR-1_p08
475.124497928,583.182021306,108.057523378,Other,random,C7H8O1,108.057515000,RC2_0018_ICR-1_p08
393.095518188,501.153041566,108.057523378,Other,random,C7H8O1,108.057515000,RC2_0018_ICR-1_p08
358.049425257,466.106949635,108.057524378,Other,random,C7H8O1,108.057515000,RC2_0018_ICR-1_p08
365.087650681,473.145175058,108.057524378,Other,random,C7H8O1,108.057515000,RC2_0018_ICR-1_p08
615.120485711,723.178010089,108.057524378,Other,random,C7H8O1,108.057515000,RC2_0018_ICR-1_p08
345.038086422,453.131977595,108.093891173,Other,random,C8H12,108.093900000,RC2_0018_ICR-1_p08
361.050712381,469.144603554,108.093891173,Other,random,C8H12,108.093900000,RC2_0018_ICR-1_p08
429.132088550,537.225979723,108.093891173,Other,random,C8H12,108.093900000,RC2_0018_ICR-1_p08
367.030606755,475.124497928,108.093891173,Other,random,C8H12,108.093900000,RC2_0018_ICR-1_p08
405.046243988,513.140135161,108.093891173,Other,random,C8H12,108.093900000,RC2_0018_ICR-1_p08
423.087576539,531.181467712,108.093891173,Other,random,C8H12,108.093900000,RC2_0018_ICR-1_p08
559.072858875,667.166752048,108.093893173,Other,random,C8H12,108.093900000,RC2_0018_ICR-1_p08
337.105781026,445.199674200,108.093893173,Other,random,C8H12,108.093900000,RC2_0018_ICR-1_p08
415.160838112,523.254731285,108.093893173,Other,random,C8H12,108.093900000,RC2_0018_ICR-1_p08
357.046121899,465.140017072,108.093895173,Other,random,C8H12,108.093900000,RC2_0018_ICR-1_p08
391.043650726,499.137545899,108.093895173,Other,random,C8H12,108.093900000,RC2_0018_ICR-1_p08
381.046201943,489.140097116,108.093895173,Other,random,C8H12,108.093900000,RC2_0018_ICR-1_p08
381.155172331,489.249068504,108.093896173,Other,random,C8H12,108.093900000,RC2_0018_ICR-1_p08
457.054120540,565.148016713,108.093896173,Other,random,C8H12,108.093900000,RC2_0018_ICR-1_p08
493.075460987,601.169358160,108.093897173,Other,random,C8H12,108.093900000,RC2_0018_ICR-1_p08
357.074526739,465.168424912,108.093898173,Other,random,C8H12,108.093900000,RC2_0018_ICR-1_p08
459.187075546,567.280973719,108.093898173,Other,random,C8H12,108.093900000,RC2_0018_ICR-1_p08
621.146460826,729.240358999,108.093898173,Other,random,C8H12,108.093900000,RC2_0018_ICR-1_p08
443.119421897,551.213320070,108.093898173,Other,random,C8H12,108.093900000,RC2_0018_ICR-1_p08
529.148295145,637.242194318,108.093899173,Other,random,C8H12,108.093900000,RC2_0018_ICR-1_p08
341.051228841,449.145128014,108.093899173,Other,random,C8H12,108.093900000,RC2_0018_ICR-1_p08
363.085145941,471.179046114,108.093900173,Other,random,C8H12,108.093900000,RC2_0018_ICR-1_p08
457.062334494,565.156234667,108.093900173,Other,random,C8H12,108.093900000,RC2_0018_ICR-1_p08
379.103195869,487.197097042,108.093901173,Other,random,C8H12,108.093900000,RC2_0018_ICR-1_p08
405.140094460,513.233995633,108.093901173,Other,random,C8H12,108.093900000,RC2_0018_ICR-1_p08
421.090621768,529.184523941,108.093902173,Other,random,C8H12,108.093900000,RC2_0018_ICR-1_p08
375.102827364,483.196730537,108.093903173,Other,random,C8H12,108.093900000,RC2_0018_ICR-1_p08
328.067354851,436.161259024,108.093904173,Other,random,C8H12,108.093900000,RC2_0018_ICR-1_p08
377.045641439,485.139545612,108.093904173,Other,random,C8H12,108.093900000,RC2_0018_ICR-1_p08
387.121390782,495.215294955,108.093904173,Other,random,C8H12,108.093900000,RC2_0018_ICR-1_p08
388.060021504,496.153925677,108.093904173,Other,random,C8H12,108.093900000,RC2_0018_ICR-1_p08
455.046568829,563.140473002,108.093904173,Other,random,C8H12,108.093900000,RC2_0018_ICR-1_p08
363.121434737,471.215339910,108.093905173,Other,random,C8H12,108.093900000,RC2_0018_ICR-1_p08
689.209094101,797.302999274,108.093905173,Other,random,C8H12,108.093900000,RC2_0018_ICR-1_p08
405.168341301,513.262247474,108.093906173,Other,random,C8H12,108.093900000,RC2_0018_ICR-1_p08
473.093517349,581.187423522,108.093906173,Other,random,C8H12,108.093900000,RC2_0018_ICR-1_p08
355.030582233,463.124489406,108.093907173,Other,random,C8H12,108.093900000,RC2_0018_ICR-1_p08
381.118962534,489.212869707,108.093907173,Other,random,C8H12,108.093900000,RC2_0018_ICR-1_p08
407.098263449,515.192170622,108.093907173,Other,random,C8H12,108.093900000,RC2_0018_ICR-1_p08
359.126616200,467.220524373,108.093908173,Other,random,C8H12,108.093900000,RC2_0018_ICR-1_p08
403.124415795,511.218323967,108.093908173,Other,random,C8H12,108.093900000,RC2_0018_ICR-1_p08
347.126554678,455.220463851,108.093909173,Other,random,C8H12,108.093900000,RC2_0018_ICR-1_p08
465.153057999,573.246967172,108.093909173,Other,random,C8H12,108.093900000,RC2_0018_ICR-1_p08
505.098740379,613.192649552,108.093909173,Other,random,C8H12,108.093900000,RC2_0018_ICR-1_p08
351.035673697,460.052045683,109.016371986,Other,random,C5H3O2N1,109.016379000,RC2_0018_ICR-1_p08
331.045794103,440.062167088,109.016372986,Other,random,C5H3O2N1,109.016379000,RC2_0018_ICR-1_p08
339.035559175,448.051934161,109.016374986,Other,random,C5H3O2N1,109.016379000,RC2_0018_ICR-1_p08
337.092826099,446.109202085,109.016375986,Other,random,C5H3O2N1,109.016379000,RC2_0018_ICR-1_p08
495.114294523,604.130672508,109.016377986,Other,random,C5H3O2N1,109.016379000,RC2_0018_ICR-1_p08
335.040857638,444.057237624,109.016379986,Other,random,C5H3O2N1,109.016379000,RC2_0018_ICR-1_p08
337.129165895,446.145545881,109.016379986,Other,random,C5H3O2N1,109.016379000,RC2_0018_ICR-1_p08
341.124159431,450.140540416,109.016380986,Other,random,C5H3O2N1,109.016379000,RC2_0018_ICR-1_p08
471.150752273,580.167133259,109.016380986,Other,random,C5H3O2N1,109.016379000,RC2_0018_ICR-1_p08
543.208229084,652.224611070,109.016381986,Other,random,C5H3O2N1,109.016379000,RC2_0018_ICR-1_p08
355.103325824,464.119708810,109.016382986,Other,random,C5H3O2N1,109.016379000,RC2_0018_ICR-1_p08
339.072047970,448.088431956,109.016383986,Other,random,C5H3O2N1,109.016379000,RC2_0018_ICR-1_p08
453.067312959,562.083698944,109.016385986,Other,random,C5H3O2N1,109.016379000,RC2_0018_ICR-1_p08
400.119187693,509.138938660,109.019750967,Other,random,C2H7O2N1S1,109.019751000,RC2_0018_ICR-1_p08
471.187039069,580.239793850,109.052754781,Other,random,C6H7O1N1,109.052764000,RC2_0018_ICR-1_p08
567.135509537,676.188264319,109.052754781,Other,random,C6H7O1N1,109.052764000,RC2_0018_ICR-1_p08
323.090217838,432.142973619,109.052755781,Other,random,C6H7O1N1,109.052764000,RC2_0018_ICR-1_p08
333.074561695,442.127318476,109.052756781,Other,random,C6H7O1N1,109.052764000,RC2_0018_ICR-1_p08
325.056400782,434.109160563,109.052759781,Other,random,C6H7O1N1,109.052764000,RC2_0018_ICR-1_p08
409.077449320,518.130212101,109.052762781,Other,random,C6H7O1N1,109.052764000,RC2_0018_ICR-1_p08
505.119914260,614.172681041,109.052766781,Other,random,C6H7O1N1,109.052764000,RC2_0018_ICR-1_p08
527.104293638,636.157061420,109.052767781,Other,random,C6H7O1N1,109.052764000,RC2_0018_ICR-1_p08
343.134114128,452.186882909,109.052768781,Other,random,C6H7O1N1,109.052764000,RC2_0018_ICR-1_p08
467.046573351,576.099342133,109.052768781,Other,random,C6H7O1N1,109.052764000,RC2_0018_ICR-1_p08
455.082930625,564.135701406,109.052770781,Other,random,C6H7O1N1,109.052764000,RC2_0018_ICR-1_p08
405.046243988,514.099015769,109.052771781,Other,random,C6H7O1N1,109.052764000,RC2_0018_ICR-1_p08
369.118928012,478.171700793,109.052772781,Other,random,C6H7O1N1,109.052764000,RC2_0018_ICR-1_p08
593.114973451,703.115417904,110.000444452,Other,random,C5H2O3,110.000454400,RC2_0018_ICR-1_p08
415.189045953,525.189490406,110.000444452,Other,random,C5H2O3,110.000454400,RC2_0018_ICR-1_p08
336.108756633,446.109202085,110.000445452,Other,random,C5H2O3,110.000454400,RC2_0018_ICR-1_p08
471.215339910,581.215785362,110.000445452,Other,random,C5H2O3,110.000454400,RC2_0018_ICR-1_p08
367.152737068,477.153183520,110.000446452,Other,random,C5H2O3,110.000454400,RC2_0018_ICR-1_p08
347.199379269,457.199825721,110.000446452,Other,random,C5H2O3,110.000454400,RC2_0018_ICR-1_p08
391.066921595,501.067369048,110.000447452,Other,random,C5H2O3,110.000454400,RC2_0018_ICR-1_p08
485.057208075,595.057655527,110.000447452,Other,random,C5H2O3,110.000454400,RC2_0018_ICR-1_p08
421.113906637,531.114355089,110.000448452,Other,random,C5H2O3,110.000454400,RC2_0018_ICR-1_p08
503.192201099,613.192649552,110.000448452,Other,random,C5H2O3,110.000454400,RC2_0018_ICR-1_p08
385.178514707,495.178963159,110.000448452,Other,random,C5H2O3,110.000454400,RC2_0018_ICR-1_p08
327.100399288,437.100848740,110.000449452,Other,random,C5H2O3,110.000454400,RC2_0018_ICR-1_p08
341.116063476,451.116512928,110.000449452,Other,random,C5H2O3,110.000454400,RC2_0018_ICR-1_p08
345.134324881,455.134775333,110.000450452,Other,random,C5H2O3,110.000454400,RC2_0018_ICR-1_p08
627.266552412,737.267003864,110.000451452,Other,random,C5H2O3,110.000454400,RC2_0018_ICR-1_p08
334.093073967,444.093525420,110.000451452,Other,random,C5H2O3,110.000454400,RC2_0018_ICR-1_p08
357.046121899,467.046573351,110.000451452,Other,random,C5H2O3,110.000454400,RC2_0018_ICR-1_p08
625.177754158,735.178206610,110.000452452,Other,random,C5H2O3,110.000454400,RC2_0018_ICR-1_p08
498.125370591,608.125823043,110.000452452,Other,random,C5H2O3,110.000454400,RC2_0018_ICR-1_p08
381.118962534,491.119414986,110.000452452,Other,random,C5H2O3,110.000454400,RC2_0018_ICR-1_p08
389.145163402,499.145616854,110.000453452,Other,random,C5H2O3,110.000454400,RC2_0018_ICR-1_p08
492.245383655,602.245837107,110.000453452,Other,random,C5H2O3,110.000454400,RC2_0018_ICR-1_p08
427.233648225,537.234101677,110.000453452,Other,random,C5H2O3,110.000454400,RC2_0018_ICR-1_p08
319.139710052,429.140164504,110.000454452,Other,random,C5H2O3,110.000454400,RC2_0018_ICR-1_p08
521.215665751,631.216120203,110.000454452,Other,random,C5H2O3,110.000454400,RC2_0018_ICR-1_p08
315.064025970,425.064480422,110.000454452,Other,random,C5H2O3,110.000454400,RC2_0018_ICR-1_p08
451.160825679,561.161281131,110.000455452,Other,random,C5H2O3,110.000454400,RC2_0018_ICR-1_p08
375.165934009,485.166390461,110.000456452,Other,random,C5H2O3,110.000454400,RC2_0018_ICR-1_p08
453.140016550,563.140473002,110.000456452,Other,random,C5H2O3,110.000454400,RC2_0018_ICR-1_p08
393.191744647,503.192201099,110.000456452,Other,random,C5H2O3,110.000454400,RC2_0018_ICR-1_p08
441.189609749,551.190067201,110.000457452,Other,random,C5H2O3,110.000454400,RC2_0018_ICR-1_p08
505.171352970,615.171810423,110.000457452,Other,random,C5H2O3,110.000454400,RC2_0018_ICR-1_p08
342.046742243,452.047199695,110.000457452,Other,random,C5H2O3,110.000454400,RC2_0018_ICR-1_p08
397.163221315,507.163678767,110.000457452,Other,random,C5H2O3,110.000454400,RC2_0018_ICR-1_p08
407.074960580,517.075419032,110.000458452,Other,random,C5H2O3,110.000454400,RC2_0018_ICR-1_p08
371.134626678,481.135085130,110.000458452,Other,random,C5H2O3,110.000454400,RC2_0018_ICR-1_p08
399.202232849,509.202691302,110.000458452,Other,random,C5H2O3,110.000454400,RC2_0018_ICR-1_p08
326.088097980,436.088556433,110.000458452,Other,random,C5H2O3,110.000454400,RC2_0018_ICR-1_p08
319.058918506,429.059377959,110.000459452,Other,random,C5H2O3,110.000454400,RC2_0018_ICR-1_p08
335.186283820,445.186743272,110.000459452,Other,random,C5H2O3,110.000454400,RC2_0018_ICR-1_p08
321.025158450,431.025617902,110.000459452,Other,random,C5H2O3,110.000454400,RC2_0018_ICR-1_p08
379.134059696,489.134521148,110.000461452,Other,random,C5H2O3,110.000454400,RC2_0018_ICR-1_p08
401.072481333,511.072942785,110.000461452,Other,random,C5H2O3,110.000454400,RC2_0018_ICR-1_p08
393.204837574,503.205300026,110.000462452,Other,random,C5H2O3,110.000454400,RC2_0018_ICR-1_p08
403.170499535,513.170961988,110.000462452,Other,random,C5H2O3,110.000454400,RC2_0018_ICR-1_p08
350.088024025,460.088487478,110.000463452,Other,random,C5H2O3,110.000454400,RC2_0018_ICR-1_p08
351.102773319,461.103236772,110.000463452,Other,random,C5H2O3,110.000454400,RC2_0018_ICR-1_p08
355.116240751,465.116704203,110.000463452,Other,random,C5H2O3,110.000454400,RC2_0018_ICR-1_p08
369.168421734,479.168885186,110.000463452,Other,random,C5H2O3,110.000454400,RC2_0018_ICR-1_p08
304.046225925,414.082996173,110.036770248,Other,random,C6H6O2,110.036780000,RC2_0018_ICR-1_p08
333.082651649,443.119421897,110.036770248,Other,random,C6H6O2,110.036780000,RC2_0018_ICR-1_p08
461.108817740,571.145587988,110.036770248,Other,random,C6H6O2,110.036780000,RC2_0018_ICR-1_p08
561.146366215,671.183137463,110.036771248,Other,random,C6H6O2,110.036780000,RC2_0018_ICR-1_p08
471.215339910,581.252111158,110.036771248,Other,random,C6H6O2,110.036780000,RC2_0018_ICR-1_p08
627.266552412,737.303324660,110.036772248,Other,random,C6H6O2,110.036780000,RC2_0018_ICR-1_p08
621.109958032,731.146730280,110.036772248,Other,random,C6H6O2,110.036780000,RC2_0018_ICR-1_p08
411.215338298,521.252112546,110.036774248,Other,random,C6H6O2,110.036780000,RC2_0018_ICR-1_p08
445.150241477,555.187015725,110.036774248,Other,random,C6H6O2,110.036780000,RC2_0018_ICR-1_p08
347.171059428,457.207833676,110.036774248,Other,random,C6H6O2,110.036780000,RC2_0018_ICR-1_p08
323.090217838,433.126993086,110.036775248,Other,random,C6H6O2,110.036780000,RC2_0018_ICR-1_p08
345.038086422,455.074861670,110.036775248,Other,random,C6H6O2,110.036780000,RC2_0018_ICR-1_p08
359.098238360,469.135013608,110.036775248,Other,random,C6H6O2,110.036780000,RC2_0018_ICR-1_p08
399.178801981,509.215577229,110.036775248,Other,random,C6H6O2,110.036780000,RC2_0018_ICR-1_p08
589.105580997,699.142357245,110.036776248,Other,random,C6H6O2,110.036780000,RC2_0018_ICR-1_p08
399.048766712,509.085542960,110.036776248,Other,random,C6H6O2,110.036780000,RC2_0018_ICR-1_p08
315.144827516,425.181604764,110.036777248,Other,random,C6H6O2,110.036780000,RC2_0018_ICR-1_p08
349.178682139,459.215459387,110.036777248,Other,random,C6H6O2,110.036780000,RC2_0018_ICR-1_p08
371.126548723,481.163326971,110.036778248,Other,random,C6H6O2,110.036780000,RC2_0018_ICR-1_p08
337.069330231,447.106109479,110.036779248,Other,random,C6H6O2,110.036780000,RC2_0018_ICR-1_p08
641.209262010,751.246041258,110.036779248,Other,random,C6H6O2,110.036780000,RC2_0018_ICR-1_p08
341.087646636,451.124426884,110.036780248,Other,random,C6H6O2,110.036780000,RC2_0018_ICR-1_p08
591.062990990,701.099771238,110.036780248,Other,random,C6H6O2,110.036780000,RC2_0018_ICR-1_p08
333.074561695,443.111341942,110.036780248,Other,random,C6H6O2,110.036780000,RC2_0018_ICR-1_p08
385.178514707,495.215294955,110.036780248,Other,random,C6H6O2,110.036780000,RC2_0018_ICR-1_p08
408.093431853,518.130212101,110.036780248,Other,random,C6H6O2,110.036780000,RC2_0018_ICR-1_p08
363.144866605,473.181647853,110.036781248,Other,random,C6H6O2,110.036780000,RC2_0018_ICR-1_p08
305.103027982,415.139809230,110.036781248,Other,random,C6H6O2,110.036780000,RC2_0018_ICR-1_p08
367.116402273,477.153183520,110.036781248,Other,random,C6H6O2,110.036780000,RC2_0018_ICR-1_p08
467.205261459,577.242042707,110.036781248,Other,random,C6H6O2,110.036780000,RC2_0018_ICR-1_p08
349.092643623,459.129424871,110.036781248,Other,random,C6H6O2,110.036780000,RC2_0018_ICR-1_p08
361.069333276,471.106115524,110.036782248,Other,random,C6H6O2,110.036780000,RC2_0018_ICR-1_p08
603.244816490,713.281598738,110.036782248,Other,random,C6H6O2,110.036780000,RC2_0018_ICR-1_p08
332.090536228,442.127318476,110.036782248,Other,random,C6H6O2,110.036780000,RC2_0018_ICR-1_p08
457.062334494,567.099117742,110.036783248,Other,random,C6H6O2,110.036780000,RC2_0018_ICR-1_p08
625.286698545,735.323481793,110.036783248,Other,random,C6H6O2,110.036780000,RC2_0018_ICR-1_p08
347.077144956,457.113929204,110.036784248,Other,random,C6H6O2,110.036780000,RC2_0018_ICR-1_p08
647.271479922,757.308264170,110.036784248,Other,random,C6H6O2,110.036780000,RC2_0018_ICR-1_p08
485.158298507,595.195082755,110.036784248,Other,random,C6H6O2,110.036780000,RC2_0018_ICR-1_p08
407.098263449,517.135048697,110.036785248,Other,random,C6H6O2,110.036780000,RC2_0018_ICR-1_p08
533.115126839,643.151912087,110.036785248,Other,random,C6H6O2,110.036780000,RC2_0018_ICR-1_p08
401.087688247,511.124473495,110.036785248,Other,random,C6H6O2,110.036780000,RC2_0018_ICR-1_p08
433.236137472,543.272923720,110.036786248,Other,random,C6H6O2,110.036780000,RC2_0018_ICR-1_p08
340.067302373,450.104088621,110.036786248,Other,random,C6H6O2,110.036780000,RC2_0018_ICR-1_p08
397.150170389,507.186957636,110.036787248,Other,random,C6H6O2,110.036780000,RC2_0018_ICR-1_p08
403.189022431,513.225809679,110.036787248,Other,random,C6H6O2,110.036780000,RC2_0018_ICR-1_p08
349.019989031,459.056776279,110.036787248,Other,random,C6H6O2,110.036780000,RC2_0018_ICR-1_p08
429.140164504,539.176951752,110.036787248,Other,random,C6H6O2,110.036780000,RC2_0018_ICR-1_p08
541.156262622,651.193050870,110.036788248,Other,random,C6H6O2,110.036780000,RC2_0018_ICR-1_p08
317.066613709,427.103401957,110.036788248,Other,random,C6H6O2,110.036780000,RC2_0018_ICR-1_p08
383.126616245,493.163404493,110.036788248,Other,random,C6H6O2,110.036780000,RC2_0018_ICR-1_p08
403.051699203,513.088487451,110.036788248,Other,random,C6H6O2,110.036780000,RC2_0018_ICR-1_p08
349.087113654,459.123901902,110.036788248,Other,random,C6H6O2,110.036780000,RC2_0018_ICR-1_p08
358.049425257,468.086213505,110.036788248,Other,random,C6H6O2,110.036780000,RC2_0018_ICR-1_p08
453.168508390,563.205296638,110.036788248,Other,random,C6H6O2,110.036780000,RC2_0018_ICR-1_p08
336.108756633,446.145545881,110.036789248,Other,random,C6H6O2,110.036780000,RC2_0018_ICR-1_p08
365.173435198,475.210224446,110.036789248,Other,random,C6H6O2,110.036780000,RC2_0018_ICR-1_p08
331.095213825,441.168368868,110.073155043,Other,random,C7H10O1,110.073165000,RC2_0018_ICR-1_p08
385.150271866,495.223426909,110.073155043,Other,random,C7H10O1,110.073165000,RC2_0018_ICR-1_p08
401.100709174,511.173864217,110.073155043,Other,random,C7H10O1,110.073165000,RC2_0018_ICR-1_p08
417.212962573,527.286117616,110.073155043,Other,random,C7H10O1,110.073165000,RC2_0018_ICR-1_p08
455.074861670,565.148016713,110.073155043,Other,random,C7H10O1,110.073165000,RC2_0018_ICR-1_p08
536.104419030,646.177574073,110.073155043,Other,random,C7H10O1,110.073165000,RC2_0018_ICR-1_p08
417.155313897,527.228469940,110.073156043,Other,random,C7H10O1,110.073165000,RC2_0018_ICR-1_p08
314.124560253,424.197716296,110.073156043,Other,random,C7H10O1,110.073165000,RC2_0018_ICR-1_p08
359.098238360,469.171394403,110.073156043,Other,random,C7H10O1,110.073165000,RC2_0018_ICR-1_p08
427.088122043,537.161278087,110.073156043,Other,random,C7H10O1,110.073165000,RC2_0018_ICR-1_p08
425.181604764,535.254761807,110.073157043,Other,random,C7H10O1,110.073165000,RC2_0018_ICR-1_p08
335.126517156,445.199674200,110.073157043,Other,random,C7H10O1,110.073165000,RC2_0018_ICR-1_p08
429.031055118,539.104213161,110.073158043,Other,random,C7H10O1,110.073165000,RC2_0018_ICR-1_p08
379.066939073,489.140097116,110.073158043,Other,random,C7H10O1,110.073165000,RC2_0018_ICR-1_p08
391.103239391,501.176397435,110.073158043,Other,random,C7H10O1,110.073165000,RC2_0018_ICR-1_p08
308.041076461,418.114236505,110.073160043,Other,random,C7H10O1,110.073165000,RC2_0018_ICR-1_p08
351.102773319,461.175933363,110.073160043,Other,random,C7H10O1,110.073165000,RC2_0018_ICR-1_p08
453.067312959,563.140473002,110.073160043,Other,random,C7H10O1,110.073165000,RC2_0018_ICR-1_p08
319.067003461,429.140164504,110.073161043,Other,random,C7H10O1,110.073165000,RC2_0018_ICR-1_p08
401.108736129,511.181897172,110.073161043,Other,random,C7H10O1,110.073165000,RC2_0018_ICR-1_p08
403.116300840,513.189461884,110.073161043,Other,random,C7H10O1,110.073165000,RC2_0018_ICR-1_p08
461.072426945,571.145587988,110.073161043,Other,random,C7H10O1,110.073165000,RC2_0018_ICR-1_p08
383.170868996,493.244030039,110.073161043,Other,random,C7H10O1,110.073165000,RC2_0018_ICR-1_p08
326.088097980,436.161259024,110.073161043,Other,random,C7H10O1,110.073165000,RC2_0018_ICR-1_p08
463.173805128,573.246967172,110.073162043,Other,random,C7H10O1,110.073165000,RC2_0018_ICR-1_p08
497.130112187,607.203274231,110.073162043,Other,random,C7H10O1,110.073165000,RC2_0018_ICR-1_p08
407.098263449,517.171426492,110.073163043,Other,random,C7H10O1,110.073165000,RC2_0018_ICR-1_p08
461.108817740,571.181980784,110.073163043,Other,random,C7H10O1,110.073165000,RC2_0018_ICR-1_p08
339.144749561,449.217913604,110.073164043,Other,random,C7H10O1,110.073165000,RC2_0018_ICR-1_p08
527.104293638,637.177458682,110.073165043,Other,random,C7H10O1,110.073165000,RC2_0018_ICR-1_p08
405.155323374,515.228490418,110.073167043,Other,random,C7H10O1,110.073165000,RC2_0018_ICR-1_p08
645.168340748,755.241507791,110.073167043,Other,random,C7H10O1,110.073165000,RC2_0018_ICR-1_p08
375.085130463,485.158298507,110.073168043,Other,random,C7H10O1,110.073165000,RC2_0018_ICR-1_p08
519.163910288,629.237078332,110.073168043,Other,random,C7H10O1,110.073165000,RC2_0018_ICR-1_p08
375.048621669,485.121789712,110.073168043,Other,random,C7H10O1,110.073165000,RC2_0018_ICR-1_p08
417.103645187,527.176814231,110.073169043,Other,random,C7H10O1,110.073165000,RC2_0018_ICR-1_p08
361.050712381,471.123881424,110.073169043,Other,random,C7H10O1,110.073165000,RC2_0018_ICR-1_p08
421.186767227,531.259936271,110.073169043,Other,random,C7H10O1,110.073165000,RC2_0018_ICR-1_p08
423.056851712,533.130020755,110.073169043,Other,random,C7H10O1,110.073165000,RC2_0018_ICR-1_p08
373.041127957,483.114298000,110.073170043,Other,random,C7H10O1,110.073165000,RC2_0018_ICR-1_p08
319.058918506,429.132088550,110.073170043,Other,random,C7H10O1,110.073165000,RC2_0018_ICR-1_p08
361.105876071,471.179046114,110.073170043,Other,random,C7H10O1,110.073165000,RC2_0018_ICR-1_p08
311.149929980,421.223101023,110.073171043,Other,random,C7H10O1,110.073165000,RC2_0018_ICR-1_p08
415.116319362,525.189490406,110.073171043,Other,random,C7H10O1,110.073165000,RC2_0018_ICR-1_p08
353.051318362,463.124489406,110.073171043,Other,random,C7H10O1,110.073165000,RC2_0018_ICR-1_p08
401.145151924,511.218323967,110.073172043,Other,random,C7H10O1,110.073165000,RC2_0018_ICR-1_p08
351.108297288,461.181469332,110.073172043,Other,random,C7H10O1,110.073165000,RC2_0018_ICR-1_p08
377.100616130,487.173788173,110.073172043,Other,random,C7H10O1,110.073165000,RC2_0018_ICR-1_p08
473.036038672,583.109210715,110.073172043,Other,random,C7H10O1,110.073165000,RC2_0018_ICR-1_p08
385.163312792,495.236485836,110.073173043,Other,random,C7H10O1,110.073165000,RC2_0018_ICR-1_p08
389.087704725,499.160877768,110.073173043,Other,random,C7H10O1,110.073165000,RC2_0018_ICR-1_p08
401.137058970,511.210232013,110.073173043,Other,random,C7H10O1,110.073165000,RC2_0018_ICR-1_p08
413.145006447,523.218180491,110.073174043,Other,random,C7H10O1,110.073165000,RC2_0018_ICR-1_p08
333.025090973,443.098265016,110.073174043,Other,random,C7H10O1,110.073165000,RC2_0018_ICR-1_p08
409.077449320,519.272874676,110.195425356,Other,random,C13H16O2P_2S_1,110.195432000,RC2_0018_ICR-1_p08
431.025617902,541.221045258,110.195427356,Other,random,C13H16O2P_2S_1,110.195432000,RC2_0018_ICR-1_p08
395.025278337,505.220708693,110.195430356,Other,random,C13H16O2P_2S_1,110.195432000,RC2_0018_ICR-1_p08
377.051371407,487.246801763,110.195430356,Other,random,C13H16O2P_2S_1,110.195432000,RC2_0018_ICR-1_p08
431.061844698,541.257276054,110.195431356,Other,random,C13H16O2P_2S_1,110.195432000,RC2_0018_ICR-1_p08
389.014903134,499.210334490,110.195431356,Other,random,C13H16O2P_2S_1,110.195432000,RC2_0018_ICR-1_p08
519.041645976,629.237078332,110.195432356,Other,random,C13H16O2P_2S_1,110.195432000,RC2_0018_ICR-1_p08
413.035886061,523.231318417,110.195432356,Other,random,C13H16O2P_2S_1,110.195432000,RC2_0018_ICR-1_p08
429.046294032,539.241729388,110.195435356,Other,random,C13H16O2P_2S_1,110.195432000,RC2_0018_ICR-1_p08
367.066843551,477.262278907,110.195435356,Other,random,C13H16O2P_2S_1,110.195432000,RC2_0018_ICR-1_p08
413.072419856,523.267855211,110.195435356,Other,random,C13H16O2P_2S_1,110.195432000,RC2_0018_ICR-1_p08
383.025376814,493.220813170,110.195436356,Other,random,C13H16O2P_2S_1,110.195432000,RC2_0018_ICR-1_p08
437.108794696,547.304231051,110.195436356,Other,random,C13H16O2P_2S_1,110.195432000,RC2_0018_ICR-1_p08
375.035555742,485.230993098,110.195437356,Other,random,C13H16O2P_2S_1,110.195432000,RC2_0018_ICR-1_p08
419.061824176,529.257265532,110.195441356,Other,random,C13H16O2P_2S_1,110.195432000,RC2_0018_ICR-1_p08
312.145353382,423.152223175,111.006869793,Other,random,C3H1N3O2,111.006877000,RC2_0018_ICR-1_p08
435.106045957,546.125489680,111.019443722,Other,random,uracil (-H),111.019452400,RC2_0018_ICR-1_p08
425.121558102,536.141008824,111.019450722,Other,random,uracil (-H),111.019452400,RC2_0018_ICR-1_p08
391.116397317,502.135858039,111.019460722,Other,random,uracil (-H),111.019452400,RC2_0018_ICR-1_p08
435.106045957,546.125489680,111.019443722,Other,random,uracil_(_H)_C4H3N2O2,111.019453000,RC2_0018_ICR-1_p08
425.121558102,536.141008824,111.019450722,Other,random,uracil_(_H)_C4H3N2O2,111.019453000,RC2_0018_ICR-1_p08
391.116397317,502.135858039,111.019460722,Other,random,uracil_(_H)_C4H3N2O2,111.019453000,RC2_0018_ICR-1_p08
401.072481333,513.080473496,112.007992164,Other,random,C6H5Cl1,112.008000000,RC2_0018_ICR-1_p08
403.087900000,515.095892163,112.007992164,Other,random,C6H5Cl1,112.008000000,RC2_0018_ICR-1_p08
499.109153059,611.117146223,112.007993164,Other,random,C6H5Cl1,112.008000000,RC2_0018_ICR-1_p08
327.108390243,439.116384407,112.007994164,Other,random,C6H5Cl1,112.008000000,RC2_0018_ICR-1_p08
313.056482259,425.064480422,112.007998164,Other,random,C6H5Cl1,112.008000000,RC2_0018_ICR-1_p08
343.103378301,455.111377465,112.007999164,Other,random,C6H5Cl1,112.008000000,RC2_0018_ICR-1_p08
315.181230311,427.189229475,112.007999164,Other,random,C6H5Cl1,112.008000000,RC2_0018_ICR-1_p08
399.202232849,511.210232013,112.007999164,Other,random,C6H5Cl1,112.008000000,RC2_0018_ICR-1_p08
453.140016550,565.148016713,112.008000164,Other,random,C6H5Cl1,112.008000000,RC2_0018_ICR-1_p08
539.213403547,651.221411711,112.008008163,Other,random,C6H5Cl1,112.008000000,RC2_0018_ICR-1_p08
331.103332779,443.111341942,112.008009163,Other,random,C6H5Cl1,112.008000000,RC2_0018_ICR-1_p08
334.106165894,446.122201012,112.016035118,Other,random,C5H4O3,112.016045000,RC2_0018_ICR-1_p08
377.124061998,489.140097116,112.016035118,Other,random,C5H4O3,112.016045000,RC2_0018_ICR-1_p08
349.105776549,461.121811667,112.016035118,Other,random,C5H4O3,112.016045000,RC2_0018_ICR-1_p08
333.025090973,445.041127091,112.016036118,Other,random,C5H4O3,112.016045000,RC2_0018_ICR-1_p08
449.231096530,561.247133649,112.016037118,Other,random,C5H4O3,112.016045000,RC2_0018_ICR-1_p08
368.062251954,480.078289072,112.016037118,Other,random,C5H4O3,112.016045000,RC2_0018_ICR-1_p08
450.104088621,562.120126740,112.016038118,Other,random,C5H4O3,112.016045000,RC2_0018_ICR-1_p08
321.097860041,433.113898159,112.016038118,Other,random,C5H4O3,112.016045000,RC2_0018_ICR-1_p08
335.113503229,447.129542348,112.016039118,Other,random,C5H4O3,112.016045000,RC2_0018_ICR-1_p08
381.168303257,493.184342375,112.016039118,Other,random,C5H4O3,112.016045000,RC2_0018_ICR-1_p08
305.124117864,417.140156982,112.016039118,Other,random,C5H4O3,112.016045000,RC2_0018_ICR-1_p08
402.112035487,514.128074606,112.016039118,Other,random,C5H4O3,112.016045000,RC2_0018_ICR-1_p08
453.131977595,565.148016713,112.016039118,Other,random,C5H4O3,112.016045000,RC2_0018_ICR-1_p08
355.139784619,467.155823737,112.016039118,Other,random,C5H4O3,112.016045000,RC2_0018_ICR-1_p08
487.088198655,599.104238773,112.016040118,Other,random,C5H4O3,112.016045000,RC2_0018_ICR-1_p08
495.223426909,607.239467027,112.016040118,Other,random,C5H4O3,112.016045000,RC2_0018_ICR-1_p08
406.150679777,518.166719896,112.016040118,Other,random,C5H4O3,112.016045000,RC2_0018_ICR-1_p08
325.092754577,437.108794696,112.016040118,Other,random,C5H4O3,112.016045000,RC2_0018_ICR-1_p08
441.030864641,553.046904760,112.016040118,Other,random,C5H4O3,112.016045000,RC2_0018_ICR-1_p08
331.082224898,443.098265016,112.016040118,Other,random,C5H4O3,112.016045000,RC2_0018_ICR-1_p08
353.100663085,465.116704203,112.016041118,Other,random,C5H4O3,112.016045000,RC2_0018_ICR-1_p08
361.032979480,473.049020599,112.016041118,Other,random,C5H4O3,112.016045000,RC2_0018_ICR-1_p08
453.189450272,565.205491390,112.016041118,Other,random,C5H4O3,112.016045000,RC2_0018_ICR-1_p08
367.189145864,479.205187982,112.016042118,Other,random,C5H4O3,112.016045000,RC2_0018_ICR-1_p08
409.041086524,521.057128643,112.016042118,Other,random,C5H4O3,112.016045000,RC2_0018_ICR-1_p08
465.226000589,577.242042707,112.016042118,Other,random,C5H4O3,112.016045000,RC2_0018_ICR-1_p08
469.163378448,581.179420567,112.016042118,Other,random,C5H4O3,112.016045000,RC2_0018_ICR-1_p08
439.197276952,551.213320070,112.016043118,Other,random,C5H4O3,112.016045000,RC2_0018_ICR-1_p08
345.183782603,457.199825721,112.016043118,Other,random,C5H4O3,112.016045000,RC2_0018_ICR-1_p08
673.177937246,785.193981364,112.016044118,Other,random,C5H4O3,112.016045000,RC2_0018_ICR-1_p08
399.129537258,511.145581377,112.016044118,Other,random,C5H4O3,112.016045000,RC2_0018_ICR-1_p08
454.062705361,566.078749480,112.016044118,Other,random,C5H4O3,112.016045000,RC2_0018_ICR-1_p08
363.121434737,475.137479855,112.016045118,Other,random,C5H4O3,112.016045000,RC2_0018_ICR-1_p08
393.009766671,505.025811789,112.016045118,Other,random,C5H4O3,112.016045000,RC2_0018_ICR-1_p08
325.084803622,437.100848740,112.016045118,Other,random,C5H4O3,112.016045000,RC2_0018_ICR-1_p08
339.035559175,451.051605293,112.016046118,Other,random,C5H4O3,112.016045000,RC2_0018_ICR-1_p08
451.124426884,563.140473002,112.016046118,Other,random,C5H4O3,112.016045000,RC2_0018_ICR-1_p08
589.192786506,701.208832625,112.016046118,Other,random,C5H4O3,112.016045000,RC2_0018_ICR-1_p08
357.155348285,469.171394403,112.016046118,Other,random,C5H4O3,112.016045000,RC2_0018_ICR-1_p08
405.140094460,517.156140578,112.016046118,Other,random,C5H4O3,112.016045000,RC2_0018_ICR-1_p08
379.152723591,491.168770709,112.016047118,Other,random,C5H4O3,112.016045000,RC2_0018_ICR-1_p08
431.092700525,543.108747643,112.016047118,Other,random,C5H4O3,112.016045000,RC2_0018_ICR-1_p08
343.131660142,455.147708260,112.016048118,Other,random,C5H4O3,112.016045000,RC2_0018_ICR-1_p08
405.113319611,517.129368729,112.016049118,Other,random,C5H4O3,112.016045000,RC2_0018_ICR-1_p08
443.165255639,555.181305758,112.016050118,Other,random,C5H4O3,112.016045000,RC2_0018_ICR-1_p08
317.160532181,429.176582300,112.016050118,Other,random,C5H4O3,112.016045000,RC2_0018_ICR-1_p08
555.236741446,667.252791564,112.016050118,Other,random,C5H4O3,112.016045000,RC2_0018_ICR-1_p08
321.025158450,433.041208568,112.016050118,Other,random,C5H4O3,112.016045000,RC2_0018_ICR-1_p08
388.030941667,500.046992785,112.016051118,Other,random,C5H4O3,112.016045000,RC2_0018_ICR-1_p08
407.098263449,519.114314567,112.016051118,Other,random,C5H4O3,112.016045000,RC2_0018_ICR-1_p08
426.067887780,538.083938898,112.016051118,Other,random,C5H4O3,112.016045000,RC2_0018_ICR-1_p08
327.050940566,439.066991684,112.016051118,Other,random,C5H4O3,112.016045000,RC2_0018_ICR-1_p08
349.056375827,461.072426945,112.016051118,Other,random,C5H4O3,112.016045000,RC2_0018_ICR-1_p08
506.130484577,618.146536695,112.016052118,Other,random,C5H4O3,112.016045000,RC2_0018_ICR-1_p08
547.182221738,659.198273856,112.016052118,Other,random,C5H4O3,112.016045000,RC2_0018_ICR-1_p08
365.209890993,477.225943111,112.016052118,Other,random,C5H4O3,112.016045000,RC2_0018_ICR-1_p08
377.087578203,489.103630321,112.016052118,Other,random,C5H4O3,112.016045000,RC2_0018_ICR-1_p08
459.041532365,571.057584483,112.016052118,Other,random,C5H4O3,112.016045000,RC2_0018_ICR-1_p08
379.061337105,491.077391223,112.016054118,Other,random,C5H4O3,112.016045000,RC2_0018_ICR-1_p08
379.134059696,491.150113814,112.016054118,Other,random,C5H4O3,112.016045000,RC2_0018_ICR-1_p08
409.223013501,521.239067619,112.016054118,Other,random,C5H4O3,112.016045000,RC2_0018_ICR-1_p08
557.260564066,669.276618184,112.016054118,Other,random,C5H4O3,112.016045000,RC2_0018_ICR-1_p08
348.072489359,460.124953273,112.052463913,Other,random,C6H8O2,112.052473000,RC2_0018_ICR-1_p08
353.015015567,465.067479480,112.052463913,Other,random,C6H8O2,112.052473000,RC2_0018_ICR-1_p08
431.155765170,543.208229084,112.052463913,Other,random,C6H8O2,112.052473000,RC2_0018_ICR-1_p08
449.108817218,561.161281131,112.052463913,Other,random,C6H8O2,112.052473000,RC2_0018_ICR-1_p08
343.095244347,455.147708260,112.052463913,Other,random,C6H8O2,112.052473000,RC2_0018_ICR-1_p08
469.126956653,581.179420567,112.052463913,Other,random,C6H8O2,112.052473000,RC2_0018_ICR-1_p08
339.136697606,451.189162520,112.052464913,Other,random,C6H8O2,112.052473000,RC2_0018_ICR-1_p08
417.132059028,529.184523941,112.052464913,Other,random,C6H8O2,112.052473000,RC2_0018_ICR-1_p08
395.061853131,507.114318045,112.052464913,Other,random,C6H8O2,112.052473000,RC2_0018_ICR-1_p08
695.147282709,807.199747623,112.052464913,Other,random,C6H8O2,112.052473000,RC2_0018_ICR-1_p08
333.110905490,445.163371404,112.052465913,Other,random,C6H8O2,112.052473000,RC2_0018_ICR-1_p08
377.082055234,489.134521148,112.052465913,Other,random,C6H8O2,112.052473000,RC2_0018_ICR-1_p08
385.092747189,497.145213103,112.052465913,Other,random,C6H8O2,112.052473000,RC2_0018_ICR-1_p08
389.014903134,501.067369048,112.052465913,Other,random,C6H8O2,112.052473000,RC2_0018_ICR-1_p08
389.145163402,501.197629315,112.052465913,Other,random,C6H8O2,112.052473000,RC2_0018_ICR-1_p08
431.134726289,543.187192202,112.052465913,Other,random,C6H8O2,112.052473000,RC2_0018_ICR-1_p08
364.140123009,476.192589922,112.052466913,Other,random,C6H8O2,112.052473000,RC2_0018_ICR-1_p08
385.087187220,497.139654134,112.052466913,Other,random,C6H8O2,112.052473000,RC2_0018_ICR-1_p08
417.155313897,529.207780810,112.052466913,Other,random,C6H8O2,112.052473000,RC2_0018_ICR-1_p08
493.062323061,605.114789975,112.052466913,Other,random,C6H8O2,112.052473000,RC2_0018_ICR-1_p08
471.056742802,583.109210715,112.052467913,Other,random,C6H8O2,112.052473000,RC2_0018_ICR-1_p08
361.032979480,473.085447394,112.052467913,Other,random,C6H8O2,112.052473000,RC2_0018_ICR-1_p08
369.147192853,481.199660767,112.052467913,Other,random,C6H8O2,112.052473000,RC2_0018_ICR-1_p08
331.176165369,443.228633283,112.052467913,Other,random,C6H8O2,112.052473000,RC2_0018_ICR-1_p08
329.060927264,441.113396177,112.052468913,Other,random,C6H8O2,112.052473000,RC2_0018_ICR-1_p08
371.025306292,483.077775206,112.052468913,Other,random,C6H8O2,112.052473000,RC2_0018_ICR-1_p08
413.100724696,525.153193610,112.052468913,Other,random,C6H8O2,112.052473000,RC2_0018_ICR-1_p08
379.097644900,491.150113814,112.052468913,Other,random,C6H8O2,112.052473000,RC2_0018_ICR-1_p08
331.045794103,443.098265016,112.052470913,Other,random,C6H8O2,112.052473000,RC2_0018_ICR-1_p08
471.150752273,583.203223186,112.052470913,Other,random,C6H8O2,112.052473000,RC2_0018_ICR-1_p08
495.223426909,607.275898822,112.052471913,Other,random,C6H8O2,112.052473000,RC2_0018_ICR-1_p08
403.051699203,515.104171117,112.052471913,Other,random,C6H8O2,112.052473000,RC2_0018_ICR-1_p08
399.202232849,511.254704763,112.052471913,Other,random,C6H8O2,112.052473000,RC2_0018_ICR-1_p08
334.093073967,446.145545881,112.052471913,Other,random,C6H8O2,112.052473000,RC2_0018_ICR-1_p08
401.072481333,513.124954246,112.052472913,Other,random,C6H8O2,112.052473000,RC2_0018_ICR-1_p08
363.048707146,475.101180059,112.052472913,Other,random,C6H8O2,112.052473000,RC2_0018_ICR-1_p08
389.108586607,501.161060521,112.052473913,Other,random,C6H8O2,112.052473000,RC2_0018_ICR-1_p08
421.144589465,533.197063378,112.052473913,Other,random,C6H8O2,112.052473000,RC2_0018_ICR-1_p08
365.051176886,477.103651799,112.052474913,Other,random,C6H8O2,112.052473000,RC2_0018_ICR-1_p08
373.087070699,485.139545612,112.052474913,Other,random,C6H8O2,112.052473000,RC2_0018_ICR-1_p08
311.105509230,423.157985143,112.052475913,Other,random,C6H8O2,112.052473000,RC2_0018_ICR-1_p08
379.066939073,491.119414986,112.052475913,Other,random,C6H8O2,112.052473000,RC2_0018_ICR-1_p08
353.173524675,465.226000589,112.052475913,Other,random,C6H8O2,112.052473000,RC2_0018_ICR-1_p08
421.071940873,533.124416787,112.052475913,Other,random,C6H8O2,112.052473000,RC2_0018_ICR-1_p08
429.176582300,541.229059213,112.052476913,Other,random,C6H8O2,112.052473000,RC2_0018_ICR-1_p08
457.098694290,569.151171203,112.052476913,Other,random,C6H8O2,112.052473000,RC2_0018_ICR-1_p08
315.136751561,427.189229475,112.052477913,Other,random,C6H8O2,112.052473000,RC2_0018_ICR-1_p08
559.195132187,671.247610101,112.052477913,Other,random,C6H8O2,112.052473000,RC2_0018_ICR-1_p08
437.108794696,549.161272609,112.052477913,Other,random,C6H8O2,112.052473000,RC2_0018_ICR-1_p08
429.155523418,541.208001331,112.052477913,Other,random,C6H8O2,112.052473000,RC2_0018_ICR-1_p08
583.239792981,695.292271894,112.052478913,Other,random,C6H8O2,112.052473000,RC2_0018_ICR-1_p08
322.056681650,434.109160563,112.052478913,Other,random,C6H8O2,112.052473000,RC2_0018_ICR-1_p08
395.163095562,507.215574476,112.052478913,Other,random,C6H8O2,112.052473000,RC2_0018_ICR-1_p08
462.067852347,574.120331261,112.052478913,Other,random,C6H8O2,112.052473000,RC2_0018_ICR-1_p08
407.171062040,519.223541953,112.052479913,Other,random,C6H8O2,112.052473000,RC2_0018_ICR-1_p08
443.220533328,555.273013242,112.052479913,Other,random,C6H8O2,112.052473000,RC2_0018_ICR-1_p08
395.171018518,507.223498431,112.052479913,Other,random,C6H8O2,112.052473000,RC2_0018_ICR-1_p08
343.030449711,455.082930625,112.052480913,Other,random,C6H8O2,112.052473000,RC2_0018_ICR-1_p08
457.090650335,569.143131248,112.052480913,Other,random,C6H8O2,112.052473000,RC2_0018_ICR-1_p08
425.209777605,537.262259519,112.052481913,Other,random,C6H8O2,112.052473000,RC2_0018_ICR-1_p08
355.113010769,467.165492683,112.052481913,Other,random,C6H8O2,112.052473000,RC2_0018_ICR-1_p08
351.102773319,463.155256233,112.052482913,Other,random,C6H8O2,112.052473000,RC2_0018_ICR-1_p08
367.139622142,479.192105055,112.052482913,Other,random,C6H8O2,112.052473000,RC2_0018_ICR-1_p08
405.113319611,517.165802524,112.052482913,Other,random,C6H8O2,112.052473000,RC2_0018_ICR-1_p08
367.116402273,479.168885186,112.052482913,Other,random,C6H8O2,112.052473000,RC2_0018_ICR-1_p08
675.157073117,787.282263622,112.125190505,Other,random,C8H16,112.125200000,RC2_0018_ICR-1_p08
393.095518188,505.220708693,112.125190505,Other,random,C8H16,112.125200000,RC2_0018_ICR-1_p08
339.108453765,451.233645270,112.125191505,Other,random,C8H16,112.125200000,RC2_0018_ICR-1_p08
337.069330231,449.194522736,112.125192505,Other,random,C8H16,112.125200000,RC2_0018_ICR-1_p08
355.095331869,467.220524373,112.125192505,Other,random,C8H16,112.125200000,RC2_0018_ICR-1_p08
577.120024393,689.245216898,112.125192505,Other,random,C8H16,112.125200000,RC2_0018_ICR-1_p08
373.105800593,485.230993098,112.125192505,Other,random,C8H16,112.125200000,RC2_0018_ICR-1_p08
413.108696652,525.233890156,112.125193505,Other,random,C8H16,112.125200000,RC2_0018_ICR-1_p08
309.061572723,421.186767227,112.125194505,Other,random,C8H16,112.125200000,RC2_0018_ICR-1_p08
359.090145405,471.215339910,112.125194505,Other,random,C8H16,112.125200000,RC2_0018_ICR-1_p08
413.064295901,525.189490406,112.125194505,Other,random,C8H16,112.125200000,RC2_0018_ICR-1_p08
431.155765170,543.280959675,112.125194505,Other,random,C8H16,112.125200000,RC2_0018_ICR-1_p08
425.137064014,537.262259519,112.125195505,Other,random,C8H16,112.125200000,RC2_0018_ICR-1_p08
387.056790145,499.181987649,112.125197504,Other,random,C8H16,112.125200000,RC2_0018_ICR-1_p08
513.116975291,625.242172796,112.125197504,Other,random,C8H16,112.125200000,RC2_0018_ICR-1_p08
317.030323914,429.155523418,112.125199504,Other,random,C8H16,112.125200000,RC2_0018_ICR-1_p08
439.116384407,551.241583911,112.125199504,Other,random,C8H16,112.125200000,RC2_0018_ICR-1_p08
449.103200249,561.228400754,112.125200504,Other,random,C8H16,112.125200000,RC2_0018_ICR-1_p08
415.079904567,527.205106072,112.125201504,Other,random,C8H16,112.125200000,RC2_0018_ICR-1_p08
477.153183520,589.278385025,112.125201504,Other,random,C8H16,112.125200000,RC2_0018_ICR-1_p08
315.064025970,427.189229475,112.125203504,Other,random,C8H16,112.125200000,RC2_0018_ICR-1_p08
459.056776279,571.181980784,112.125204504,Other,random,C8H16,112.125200000,RC2_0018_ICR-1_p08
389.072423811,501.197629315,112.125205504,Other,random,C8H16,112.125200000,RC2_0018_ICR-1_p08
325.105888503,437.231095008,112.125206504,Other,random,C8H16,112.125200000,RC2_0018_ICR-1_p08
417.132059028,529.257265532,112.125206504,Other,random,C8H16,112.125200000,RC2_0018_ICR-1_p08
429.031055118,541.156262622,112.125207504,Other,random,C8H16,112.125200000,RC2_0018_ICR-1_p08
591.099457785,703.224665289,112.125207504,Other,random,C8H16,112.125200000,RC2_0018_ICR-1_p08
373.033090002,485.158298507,112.125208504,Other,random,C8H16,112.125200000,RC2_0018_ICR-1_p08
304.046225925,417.022781642,112.976555717,Other,random,C1H4N_1O5P1,112.976564000,RC2_0018_ICR-1_p08
376.103754735,489.080318453,112.976563717,Other,random,C1H4N_1O5P1,112.976564000,RC2_0018_ICR-1_p08
358.093177011,471.069744729,112.976567717,Other,random,C1H4N_1O5P1,112.976564000,RC2_0018_ICR-1_p08
387.071974060,500.119645377,113.047671317,Other,random,C5H7N1O2,113.047679000,RC2_0018_ICR-1_p08
319.095298302,432.142973619,113.047675317,Other,random,C5H7N1O2,113.047679000,RC2_0018_ICR-1_p08
325.105888503,438.153568821,113.047680317,Other,random,C5H7N1O2,113.047679000,RC2_0018_ICR-1_p08
429.067400914,542.115081231,113.047680317,Other,random,C5H7N1O2,113.047679000,RC2_0018_ICR-1_p08
367.030606755,480.078289072,113.047682317,Other,random,C5H7N1O2,113.047679000,RC2_0018_ICR-1_p08
335.113503229,448.161186547,113.047683317,Other,random,C5H7N1O2,113.047679000,RC2_0018_ICR-1_p08
327.121510169,440.169194487,113.047684317,Other,random,C5H7N1O2,113.047679000,RC2_0018_ICR-1_p08
345.110884013,458.158568330,113.047684317,Other,random,C5H7N1O2,113.047679000,RC2_0018_ICR-1_p08
395.147681649,508.195368966,113.047687317,Other,random,C5H7N1O2,113.047679000,RC2_0018_ICR-1_p08
319.058918506,432.142973619,113.084055113,Other,random,Isoleucine_C6H11NO,113.084064000,RC2_0018_ICR-1_p08
445.171461358,558.255523471,113.084062113,Other,random,Isoleucine_C6H11NO,113.084064000,RC2_0018_ICR-1_p08
501.088616928,614.172681041,113.084064113,Other,random,Isoleucine_C6H11NO,113.084064000,RC2_0018_ICR-1_p08
431.025617902,544.109683015,113.084065113,Other,random,Isoleucine_C6H11NO,113.084064000,RC2_0018_ICR-1_p08
337.020022509,450.104088621,113.084066113,Other,random,Isoleucine_C6H11NO,113.084064000,RC2_0018_ICR-1_p08
553.165369093,666.249435206,113.084066113,Other,random,Isoleucine_C6H11NO,113.084064000,RC2_0018_ICR-1_p08
333.061472768,446.145545881,113.084073113,Other,random,Isoleucine_C6H11NO,113.084064000,RC2_0018_ICR-1_p08
319.058918506,432.142973619,113.084055113,Other,random,Isoleucine,113.084064100,RC2_0018_ICR-1_p08
445.171461358,558.255523471,113.084062113,Other,random,Isoleucine,113.084064100,RC2_0018_ICR-1_p08
501.088616928,614.172681041,113.084064113,Other,random,Isoleucine,113.084064100,RC2_0018_ICR-1_p08
431.025617902,544.109683015,113.084065113,Other,random,Isoleucine,113.084064100,RC2_0018_ICR-1_p08
337.020022509,450.104088621,113.084066113,Other,random,Isoleucine,113.084064100,RC2_0018_ICR-1_p08
553.165369093,666.249435206,113.084066113,Other,random,Isoleucine,113.084064100,RC2_0018_ICR-1_p08
333.061472768,446.145545881,113.084073113,Other,random,Isoleucine,113.084064100,RC2_0018_ICR-1_p08
506.166932372,620.162233361,113.995300989,Other,random,C4H2O4,113.995310000,RC2_0018_ICR-1_p08
373.142179389,487.137480377,113.995300989,Other,random,C4H2O4,113.995310000,RC2_0018_ICR-1_p08
413.254367832,527.249668821,113.995300989,Other,random,C4H2O4,113.995310000,RC2_0018_ICR-1_p08
359.090145405,473.085447394,113.995301989,Other,random,C4H2O4,113.995310000,RC2_0018_ICR-1_p08
366.082986084,480.078289072,113.995302989,Other,random,C4H2O4,113.995310000,RC2_0018_ICR-1_p08
403.170499535,517.165802524,113.995302989,Other,random,C4H2O4,113.995310000,RC2_0018_ICR-1_p08
349.087113654,463.082417642,113.995303989,Other,random,C4H2O4,113.995310000,RC2_0018_ICR-1_p08
361.105876071,475.101180059,113.995303989,Other,random,C4H2O4,113.995310000,RC2_0018_ICR-1_p08
373.150226344,487.145530332,113.995303989,Other,random,C4H2O4,113.995310000,RC2_0018_ICR-1_p08
393.119012056,507.114318045,113.995305989,Other,random,C4H2O4,113.995310000,RC2_0018_ICR-1_p08
609.146210305,723.141516294,113.995305989,Other,random,C4H2O4,113.995310000,RC2_0018_ICR-1_p08
333.219948877,447.215254866,113.995305989,Other,random,C4H2O4,113.995310000,RC2_0018_ICR-1_p08
359.162983996,473.158290984,113.995306989,Other,random,C4H2O4,113.995310000,RC2_0018_ICR-1_p08
439.051597771,553.046904760,113.995306989,Other,random,C4H2O4,113.995310000,RC2_0018_ICR-1_p08
400.103707780,514.099015769,113.995307989,Other,random,C4H2O4,113.995310000,RC2_0018_ICR-1_p08
459.215459387,573.210768375,113.995308989,Other,random,C4H2O4,113.995310000,RC2_0018_ICR-1_p08
417.082515306,531.077824295,113.995308989,Other,random,C4H2O4,113.995310000,RC2_0018_ICR-1_p08
487.181796128,601.177106117,113.995309989,Other,random,C4H2O4,113.995310000,RC2_0018_ICR-1_p08
533.130020755,647.125330744,113.995309989,Other,random,C4H2O4,113.995310000,RC2_0018_ICR-1_p08
319.045898580,433.041208568,113.995309989,Other,random,C4H2O4,113.995310000,RC2_0018_ICR-1_p08
333.170585155,447.165896143,113.995310989,Other,random,C4H2O4,113.995310000,RC2_0018_ICR-1_p08
321.061522246,435.056833234,113.995310989,Other,random,C4H2O4,113.995310000,RC2_0018_ICR-1_p08
473.194808779,587.190120768,113.995311989,Other,random,C4H2O4,113.995310000,RC2_0018_ICR-1_p08
315.087322839,429.082634828,113.995311989,Other,random,C4H2O4,113.995310000,RC2_0018_ICR-1_p08
455.134775333,569.130088322,113.995312989,Other,random,C4H2O4,113.995310000,RC2_0018_ICR-1_p08
341.116063476,455.111377465,113.995313989,Other,random,C4H2O4,113.995310000,RC2_0018_ICR-1_p08
335.113503229,449.108817218,113.995313989,Other,random,C4H2O4,113.995310000,RC2_0018_ICR-1_p08
539.083452278,653.078766267,113.995313989,Other,random,C4H2O4,113.995310000,RC2_0018_ICR-1_p08
359.144237101,473.139552090,113.995314989,Other,random,C4H2O4,113.995310000,RC2_0018_ICR-1_p08
375.175603955,489.170918943,113.995314989,Other,random,C4H2O4,113.995310000,RC2_0018_ICR-1_p08
399.194146895,513.189461884,113.995314989,Other,random,C4H2O4,113.995310000,RC2_0018_ICR-1_p08
343.103378301,457.098694290,113.995315989,Other,random,C4H2O4,113.995310000,RC2_0018_ICR-1_p08
367.095366391,481.090682379,113.995315989,Other,random,C4H2O4,113.995310000,RC2_0018_ICR-1_p08
375.165934009,489.161249997,113.995315989,Other,random,C4H2O4,113.995310000,RC2_0018_ICR-1_p08
387.129489736,501.124805725,113.995315989,Other,random,C4H2O4,113.995310000,RC2_0018_ICR-1_p08
393.046246465,507.041562454,113.995315989,Other,random,C4H2O4,113.995310000,RC2_0018_ICR-1_p08
401.123941043,515.119257032,113.995315989,Other,random,C4H2O4,113.995310000,RC2_0018_ICR-1_p08
327.108390243,441.103707232,113.995316989,Other,random,C4H2O4,113.995310000,RC2_0018_ICR-1_p08
329.102948027,443.098265016,113.995316989,Other,random,C4H2O4,113.995310000,RC2_0018_ICR-1_p08
389.051210930,503.046527919,113.995316989,Other,random,C4H2O4,113.995310000,RC2_0018_ICR-1_p08
697.235694966,811.231011955,113.995316989,Other,random,C4H2O4,113.995310000,RC2_0018_ICR-1_p08
483.114298000,597.109615989,113.995317989,Other,random,C4H2O4,113.995310000,RC2_0018_ICR-1_p08
339.100309811,453.095627799,113.995317989,Other,random,C4H2O4,113.995310000,RC2_0018_ICR-1_p08
403.139730708,517.135048697,113.995317989,Other,random,C4H2O4,113.995310000,RC2_0018_ICR-1_p08
431.228790760,545.224108748,113.995317989,Other,random,C4H2O4,113.995310000,RC2_0018_ICR-1_p08
347.107917783,461.103236772,113.995318989,Other,random,C4H2O4,113.995310000,RC2_0018_ICR-1_p08
429.176582300,543.171901288,113.995318989,Other,random,C4H2O4,113.995310000,RC2_0018_ICR-1_p08
443.134601812,557.129920800,113.995318989,Other,random,C4H2O4,113.995310000,RC2_0018_ICR-1_p08
351.035673697,465.030992685,113.995318989,Other,random,C4H2O4,113.995310000,RC2_0018_ICR-1_p08
379.175962460,493.171282449,113.995319989,Other,random,C4H2O4,113.995310000,RC2_0018_ICR-1_p08
353.188863589,467.184183578,113.995319989,Other,random,C4H2O4,113.995310000,RC2_0018_ICR-1_p08
327.100399288,441.095719277,113.995319989,Other,random,C4H2O4,113.995310000,RC2_0018_ICR-1_p08
349.129169417,463.124489406,113.995319989,Other,random,C4H2O4,113.995310000,RC2_0018_ICR-1_p08
451.210171402,565.205491390,113.995319989,Other,random,C4H2O4,113.995310000,RC2_0018_ICR-1_p08
405.085732766,519.108678599,114.022945833,Other,random,C4H3F1N2O1,114.022941200,RC2_0018_ICR-1_p08
527.119531553,641.151217337,114.031685784,Other,random,C5H6O3,114.031695000,RC2_0018_ICR-1_p08
415.152838157,529.184523941,114.031685784,Other,random,C5H6O3,114.031695000,RC2_0018_ICR-1_p08
731.256086665,845.287773449,114.031686784,Other,random,C5H6O3,114.031695000,RC2_0018_ICR-1_p08
477.212995184,591.244682968,114.031687784,Other,random,C5H6O3,114.031695000,RC2_0018_ICR-1_p08
355.103325824,469.135013608,114.031687784,Other,random,C5H6O3,114.031695000,RC2_0018_ICR-1_p08
387.108287855,501.139977639,114.031689784,Other,random,C5H6O3,114.031695000,RC2_0018_ICR-1_p08
401.072481333,515.104171117,114.031689784,Other,random,C5H6O3,114.031695000,RC2_0018_ICR-1_p08
377.160298794,491.191988578,114.031689784,Other,random,C5H6O3,114.031695000,RC2_0018_ICR-1_p08
361.056382349,475.088072133,114.031689784,Other,random,C5H6O3,114.031695000,RC2_0018_ICR-1_p08
444.158959052,558.190648836,114.031689784,Other,random,C5H6O3,114.031695000,RC2_0018_ICR-1_p08
387.102687887,501.134377671,114.031689784,Other,random,C5H6O3,114.031695000,RC2_0018_ICR-1_p08
325.142166299,439.173857084,114.031690784,Other,random,C5H6O3,114.031695000,RC2_0018_ICR-1_p08
357.155348285,471.187039069,114.031690784,Other,random,C5H6O3,114.031695000,RC2_0018_ICR-1_p08
315.087322839,429.119014623,114.031691784,Other,random,C5H6O3,114.031695000,RC2_0018_ICR-1_p08
343.058958551,457.090650335,114.031691784,Other,random,C5H6O3,114.031695000,RC2_0018_ICR-1_p08
381.191735125,495.223426909,114.031691784,Other,random,C5H6O3,114.031695000,RC2_0018_ICR-1_p08
411.129514781,525.161206565,114.031691784,Other,random,C5H6O3,114.031695000,RC2_0018_ICR-1_p08
331.045794103,445.077486887,114.031692784,Other,random,C5H6O3,114.031695000,RC2_0018_ICR-1_p08
393.155263852,507.186957636,114.031693784,Other,random,C5H6O3,114.031695000,RC2_0018_ICR-1_p08
417.149773928,531.181467712,114.031693784,Other,random,C5H6O3,114.031695000,RC2_0018_ICR-1_p08
375.102827364,489.134521148,114.031693784,Other,random,C5H6O3,114.031695000,RC2_0018_ICR-1_p08
319.095298302,433.126993086,114.031694784,Other,random,C5H6O3,114.031695000,RC2_0018_ICR-1_p08
403.061313149,517.093007933,114.031694784,Other,random,C5H6O3,114.031695000,RC2_0018_ICR-1_p08
448.088431956,562.120126740,114.031694784,Other,random,C5H6O3,114.031695000,RC2_0018_ICR-1_p08
351.181172879,465.212867663,114.031694784,Other,random,C5H6O3,114.031695000,RC2_0018_ICR-1_p08
332.113851097,446.145545881,114.031694784,Other,random,C5H6O3,114.031695000,RC2_0018_ICR-1_p08
403.139730708,517.171426492,114.031695784,Other,random,C5H6O3,114.031695000,RC2_0018_ICR-1_p08
345.191806558,459.223502342,114.031695784,Other,random,C5H6O3,114.031695000,RC2_0018_ICR-1_p08
406.041398392,520.073094176,114.031695784,Other,random,C5H6O3,114.031695000,RC2_0018_ICR-1_p08
399.144775173,513.176471957,114.031696784,Other,random,C5H6O3,114.031695000,RC2_0018_ICR-1_p08
341.079680681,455.111377465,114.031696784,Other,random,C5H6O3,114.031695000,RC2_0018_ICR-1_p08
375.048621669,489.080318453,114.031696784,Other,random,C5H6O3,114.031695000,RC2_0018_ICR-1_p08
478.099151201,592.130848985,114.031697784,Other,random,C5H6O3,114.031695000,RC2_0018_ICR-1_p08
369.110979057,483.142676841,114.031697784,Other,random,C5H6O3,114.031695000,RC2_0018_ICR-1_p08
363.194244327,477.225943111,114.031698784,Other,random,C5H6O3,114.031695000,RC2_0018_ICR-1_p08
376.103754735,490.135453519,114.031698784,Other,random,C5H6O3,114.031695000,RC2_0018_ICR-1_p08
325.165577168,439.197276952,114.031699784,Other,random,C5H6O3,114.031695000,RC2_0018_ICR-1_p08
377.209814516,491.241514300,114.031699784,Other,random,C5H6O3,114.031695000,RC2_0018_ICR-1_p08
395.090194972,509.121894756,114.031699784,Other,random,C5H6O3,114.031695000,RC2_0018_ICR-1_p08
567.208492127,681.240191911,114.031699784,Other,random,C5H6O3,114.031695000,RC2_0018_ICR-1_p08
555.223851518,669.255552302,114.031700784,Other,random,C5H6O3,114.031695000,RC2_0018_ICR-1_p08
377.064416333,491.096117117,114.031700784,Other,random,C5H6O3,114.031695000,RC2_0018_ICR-1_p08
701.282329211,815.314029995,114.031700784,Other,random,C5H6O3,114.031695000,RC2_0018_ICR-1_p08
633.109988554,747.141689338,114.031700784,Other,random,C5H6O3,114.031695000,RC2_0018_ICR-1_p08
303.181260789,417.212962573,114.031701784,Other,random,C5H6O3,114.031695000,RC2_0018_ICR-1_p08
341.051228841,455.082930625,114.031701784,Other,random,C5H6O3,114.031695000,RC2_0018_ICR-1_p08
357.147344330,471.179046114,114.031701784,Other,random,C5H6O3,114.031695000,RC2_0018_ICR-1_p08
377.196865589,491.228567373,114.031701784,Other,random,C5H6O3,114.031695000,RC2_0018_ICR-1_p08
425.064480422,539.096182206,114.031701784,Other,random,C5H6O3,114.031695000,RC2_0018_ICR-1_p08
383.207347791,497.239051575,114.031703784,Other,random,C5H6O3,114.031695000,RC2_0018_ICR-1_p08
459.187075546,573.218779330,114.031703784,Other,random,C5H6O3,114.031695000,RC2_0018_ICR-1_p08
489.031035730,603.062739514,114.031703784,Other,random,C5H6O3,114.031695000,RC2_0018_ICR-1_p08
705.204056159,819.235759943,114.031703784,Other,random,C5H6O3,114.031695000,RC2_0018_ICR-1_p08
363.144866605,477.176571389,114.031704784,Other,random,C5H6O3,114.031695000,RC2_0018_ICR-1_p08
409.186475707,523.218180491,114.031704784,Other,random,C5H6O3,114.031695000,RC2_0018_ICR-1_p08
313.084699100,427.116403884,114.031704784,Other,random,C5H6O3,114.031695000,RC2_0018_ICR-1_p08
323.069143956,437.100848740,114.031704784,Other,random,C5H6O3,114.031695000,RC2_0018_ICR-1_p08
515.177061707,629.208766491,114.031704784,Other,random,C5H6O3,114.031695000,RC2_0018_ICR-1_p08
405.046243988,519.114314567,114.068070579,Other,random,C6H10O2,114.068080000,RC2_0018_ICR-1_p08
609.109939509,723.178010089,114.068070579,Other,random,C6H10O2,114.068080000,RC2_0018_ICR-1_p08
333.074561695,447.142632274,114.068070579,Other,random,C6H10O2,114.068080000,RC2_0018_ICR-1_p08
353.100663085,467.168733664,114.068070579,Other,random,C6H10O2,114.068080000,RC2_0018_ICR-1_p08
433.041208568,547.109279148,114.068070579,Other,random,C6H10O2,114.068080000,RC2_0018_ICR-1_p08
341.066703754,455.134775333,114.068071579,Other,random,C6H10O2,114.068080000,RC2_0018_ICR-1_p08
343.095244347,457.163315926,114.068071579,Other,random,C6H10O2,114.068080000,RC2_0018_ICR-1_p08
393.046246465,507.114318045,114.068071579,Other,random,C6H10O2,114.068080000,RC2_0018_ICR-1_p08
529.171636014,643.239707593,114.068071579,Other,random,C6H10O2,114.068080000,RC2_0018_ICR-1_p08
413.118363597,527.186436177,114.068072579,Other,random,C6H10O2,114.068080000,RC2_0018_ICR-1_p08
471.150752273,585.218824852,114.068072579,Other,random,C6H10O2,114.068080000,RC2_0018_ICR-1_p08
563.213471592,677.281544171,114.068072579,Other,random,C6H10O2,114.068080000,RC2_0018_ICR-1_p08
319.058918506,433.126993086,114.068074579,Other,random,C6H10O2,114.068080000,RC2_0018_ICR-1_p08
346.056878693,460.124953273,114.068074579,Other,random,C6H10O2,114.068080000,RC2_0018_ICR-1_p08
321.097860041,435.165934621,114.068074579,Other,random,C6H10O2,114.068080000,RC2_0018_ICR-1_p08
353.124115953,467.192190533,114.068074579,Other,random,C6H10O2,114.068080000,RC2_0018_ICR-1_p08
373.069405798,487.137480377,114.068074579,Other,random,C6H10O2,114.068080000,RC2_0018_ICR-1_p08
375.035555742,489.103630321,114.068074579,Other,random,C6H10O2,114.068080000,RC2_0018_ICR-1_p08
413.181593242,527.249668821,114.068075579,Other,random,C6H10O2,114.068080000,RC2_0018_ICR-1_p08
645.073783280,759.141858859,114.068075579,Other,random,C6H10O2,114.068080000,RC2_0018_ICR-1_p08
325.129201372,439.197276952,114.068075579,Other,random,C6H10O2,114.068080000,RC2_0018_ICR-1_p08
437.231095008,551.299171587,114.068076579,Other,random,C6H10O2,114.068080000,RC2_0018_ICR-1_p08
549.197804404,663.265880983,114.068076579,Other,random,C6H10O2,114.068080000,RC2_0018_ICR-1_p08
375.085130463,489.153207043,114.068076579,Other,random,C6H10O2,114.068080000,RC2_0018_ICR-1_p08
345.147382807,459.215459387,114.068076579,Other,random,C6H10O2,114.068080000,RC2_0018_ICR-1_p08
343.082119421,457.150198000,114.068078579,Other,random,C6H10O2,114.068080000,RC2_0018_ICR-1_p08
399.157730100,513.225809679,114.068079579,Other,random,C6H10O2,114.068080000,RC2_0018_ICR-1_p08
347.162923474,461.231004053,114.068080579,Other,random,C6H10O2,114.068080000,RC2_0018_ICR-1_p08
376.103754735,490.171835315,114.068080579,Other,random,C6H10O2,114.068080000,RC2_0018_ICR-1_p08
385.077536275,499.145616854,114.068080579,Other,random,C6H10O2,114.068080000,RC2_0018_ICR-1_p08
431.025617902,545.093698482,114.068080579,Other,random,C6H10O2,114.068080000,RC2_0018_ICR-1_p08
357.038033945,471.106115524,114.068081579,Other,random,C6H10O2,114.068080000,RC2_0018_ICR-1_p08
389.014903134,503.082984714,114.068081579,Other,random,C6H10O2,114.068080000,RC2_0018_ICR-1_p08
423.085230552,537.153312131,114.068081579,Other,random,C6H10O2,114.068080000,RC2_0018_ICR-1_p08
601.083981640,715.152063220,114.068081579,Other,random,C6H10O2,114.068080000,RC2_0018_ICR-1_p08
451.116512928,565.184595508,114.068082579,Other,random,C6H10O2,114.068080000,RC2_0018_ICR-1_p08
387.048711190,501.116793770,114.068082579,Other,random,C6H10O2,114.068080000,RC2_0018_ICR-1_p08
537.234101677,651.302184257,114.068082579,Other,random,C6H10O2,114.068080000,RC2_0018_ICR-1_p08
344.090484750,458.158568330,114.068083579,Other,random,C6H10O2,114.068080000,RC2_0018_ICR-1_p08
353.137176880,467.205261459,114.068084579,Other,random,C6H10O2,114.068080000,RC2_0018_ICR-1_p08
280.082586676,394.150673255,114.068086579,Other,random,C6H10O2,114.068080000,RC2_0018_ICR-1_p08
379.103195869,493.171282449,114.068086579,Other,random,C6H10O2,114.068080000,RC2_0018_ICR-1_p08
373.150226344,487.218312923,114.068086579,Other,random,C6H10O2,114.068080000,RC2_0018_ICR-1_p08
391.152622114,505.220708693,114.068086579,Other,random,C6H10O2,114.068080000,RC2_0018_ICR-1_p08
385.069458320,499.137545899,114.068087579,Other,random,C6H10O2,114.068080000,RC2_0018_ICR-1_p08
555.114600133,669.182688712,114.068088579,Other,random,C6H10O2,114.068080000,RC2_0018_ICR-1_p08
350.051620230,464.119708810,114.068088579,Other,random,C6H10O2,114.068080000,RC2_0018_ICR-1_p08
379.152723591,493.220813170,114.068089579,Other,random,C6H10O2,114.068080000,RC2_0018_ICR-1_p08
245.045631693,360.072564881,115.026933188,Other,random,Aspartic Acid,115.026943100,RC2_0018_ICR-1_p08
367.030606755,482.057540943,115.026934188,Other,random,Aspartic Acid,115.026943100,RC2_0018_ICR-1_p08
375.072082537,490.099018724,115.026936188,Other,random,Aspartic Acid,115.026943100,RC2_0018_ICR-1_p08
337.056318305,452.083256492,115.026938188,Other,random,Aspartic Acid,115.026943100,RC2_0018_ICR-1_p08
371.077064001,486.104004189,115.026940188,Other,random,Aspartic Acid,115.026943100,RC2_0018_ICR-1_p08
331.045794103,446.072735290,115.026941188,Other,random,Aspartic Acid,115.026943100,RC2_0018_ICR-1_p08
349.069490753,464.096432940,115.026942188,Other,random,Aspartic Acid,115.026943100,RC2_0018_ICR-1_p08
363.035617219,478.062559407,115.026942188,Other,random,Aspartic Acid,115.026943100,RC2_0018_ICR-1_p08
471.142678318,586.169625506,115.026947188,Other,random,Aspartic Acid,115.026943100,RC2_0018_ICR-1_p08
355.152895545,470.179846733,115.026951188,Other,random,Aspartic Acid,115.026943100,RC2_0018_ICR-1_p08
343.082119421,458.109070608,115.026951188,Other,random,Aspartic Acid,115.026943100,RC2_0018_ICR-1_p08
367.030606755,482.057540943,115.026934188,Other,random,Aspartic_Acid_C4H5NO3,115.026944000,RC2_0018_ICR-1_p08
375.072082537,490.099018724,115.026936188,Other,random,Aspartic_Acid_C4H5NO3,115.026944000,RC2_0018_ICR-1_p08
337.056318305,452.083256492,115.026938188,Other,random,Aspartic_Acid_C4H5NO3,115.026944000,RC2_0018_ICR-1_p08
371.077064001,486.104004189,115.026940188,Other,random,Aspartic_Acid_C4H5NO3,115.026944000,RC2_0018_ICR-1_p08
331.045794103,446.072735290,115.026941188,Other,random,Aspartic_Acid_C4H5NO3,115.026944000,RC2_0018_ICR-1_p08
349.069490753,464.096432940,115.026942188,Other,random,Aspartic_Acid_C4H5NO3,115.026944000,RC2_0018_ICR-1_p08
363.035617219,478.062559407,115.026942188,Other,random,Aspartic_Acid_C4H5NO3,115.026944000,RC2_0018_ICR-1_p08
471.142678318,586.169625506,115.026947188,Other,random,Aspartic_Acid_C4H5NO3,115.026944000,RC2_0018_ICR-1_p08
355.152895545,470.179846733,115.026951188,Other,random,Aspartic_Acid_C4H5NO3,115.026944000,RC2_0018_ICR-1_p08
343.082119421,458.109070608,115.026951188,Other,random,Aspartic_Acid_C4H5NO3,115.026944000,RC2_0018_ICR-1_p08
461.108817740,576.135770928,115.026953188,Other,random,Aspartic_Acid_C4H5NO3,115.026944000,RC2_0018_ICR-1_p08
472.101310928,587.140826045,115.039515117,Other,random,C5H7O3,115.039520000,RC2_0018_ICR-1_p08
472.137664723,587.177185840,115.039521117,Other,random,C5H7O3,115.039520000,RC2_0018_ICR-1_p08
335.040857638,450.080381755,115.039524117,Other,random,C5H7O3,115.039520000,RC2_0018_ICR-1_p08
517.156140578,632.198332680,115.042192102,Other,random,C8H5N1,115.042199000,RC2_0018_ICR-1_p08
387.056790145,502.098983247,115.042193102,Other,random,C8H5N1,115.042199000,RC2_0018_ICR-1_p08
397.069323843,512.111519945,115.042196102,Other,random,C8H5N1,115.042199000,RC2_0018_ICR-1_p08
313.020112463,428.062313565,115.042201102,Other,random,C8H5N1,115.042199000,RC2_0018_ICR-1_p08
329.051322318,444.093525420,115.042203102,Other,random,C8H5N1,115.042199000,RC2_0018_ICR-1_p08
331.082224898,446.145545881,115.063320983,Other,random,C5H9N1O2,115.063329000,RC2_0018_ICR-1_p08
489.067350525,604.130672508,115.063321983,Other,random,C5H9N1O2,115.063329000,RC2_0018_ICR-1_p08
343.095244347,458.158568330,115.063323983,Other,random,C5H9N1O2,115.063329000,RC2_0018_ICR-1_p08
475.088072133,590.151396116,115.063323983,Other,random,C5H9N1O2,115.063329000,RC2_0018_ICR-1_p08
415.030477845,530.093806828,115.063328983,Other,random,C5H9N1O2,115.063329000,RC2_0018_ICR-1_p08
327.063989493,442.127318476,115.063328983,Other,random,C5H9N1O2,115.063329000,RC2_0018_ICR-1_p08
389.051210930,504.114541913,115.063330983,Other,random,C5H9N1O2,115.063329000,RC2_0018_ICR-1_p08
447.020366961,562.083698944,115.063331983,Other,random,C5H9N1O2,115.063329000,RC2_0018_ICR-1_p08
349.056375827,464.119708810,115.063332983,Other,random,C5H9N1O2,115.063329000,RC2_0018_ICR-1_p08
399.035682786,514.099015769,115.063332983,Other,random,C5H9N1O2,115.063329000,RC2_0018_ICR-1_p08
537.161278087,652.224611070,115.063332983,Other,random,C5H9N1O2,115.063329000,RC2_0018_ICR-1_p08
473.166421939,588.229755922,115.063333983,Other,random,C5H9N1O2,115.063329000,RC2_0018_ICR-1_p08
317.066613709,432.129950692,115.063336983,Other,random,C5H9N1O2,115.063329000,RC2_0018_ICR-1_p08
333.110905490,449.121856145,116.010950654,Other,random,C4H4O4,116.010960000,RC2_0018_ICR-1_p08
452.083256492,568.094207147,116.010950654,Other,random,C4H4O4,116.010960000,RC2_0018_ICR-1_p08
565.257514098,681.268464752,116.010950654,Other,random,C4H4O4,116.010960000,RC2_0018_ICR-1_p08
367.030606755,483.041557409,116.010950654,Other,random,C4H4O4,116.010960000,RC2_0018_ICR-1_p08
701.282329211,817.293280866,116.010951654,Other,random,C4H4O4,116.010960000,RC2_0018_ICR-1_p08
369.061474335,485.072425989,116.010951654,Other,random,C4H4O4,116.010960000,RC2_0018_ICR-1_p08
406.150679777,522.161631432,116.010951654,Other,random,C4H4O4,116.010960000,RC2_0018_ICR-1_p08
423.085230552,539.096182206,116.010951654,Other,random,C4H4O4,116.010960000,RC2_0018_ICR-1_p08
377.051371407,493.062323061,116.010951654,Other,random,C4H4O4,116.010960000,RC2_0018_ICR-1_p08
325.092754577,441.103707232,116.010952654,Other,random,C4H4O4,116.010960000,RC2_0018_ICR-1_p08
341.066703754,457.077656408,116.010952654,Other,random,C4H4O4,116.010960000,RC2_0018_ICR-1_p08
311.069088434,427.080041089,116.010952654,Other,random,C4H4O4,116.010960000,RC2_0018_ICR-1_p08
397.186547184,513.197499838,116.010952654,Other,random,C4H4O4,116.010960000,RC2_0018_ICR-1_p08
387.048711190,503.059664845,116.010953654,Other,random,C4H4O4,116.010960000,RC2_0018_ICR-1_p08
413.173570287,529.184523941,116.010953654,Other,random,C4H4O4,116.010960000,RC2_0018_ICR-1_p08
313.121134895,429.132088550,116.010953654,Other,random,C4H4O4,116.010960000,RC2_0018_ICR-1_p08
353.152423794,469.163378448,116.010954654,Other,random,C4H4O4,116.010960000,RC2_0018_ICR-1_p08
304.046225925,420.057181579,116.010955654,Other,random,C4H4O4,116.010960000,RC2_0018_ICR-1_p08
369.128589958,485.139545612,116.010955654,Other,random,C4H4O4,116.010960000,RC2_0018_ICR-1_p08
421.199858154,537.210813808,116.010955654,Other,random,C4H4O4,116.010960000,RC2_0018_ICR-1_p08
337.020022509,453.030979163,116.010956654,Other,random,C4H4O4,116.010960000,RC2_0018_ICR-1_p08
363.144866605,479.155823259,116.010956654,Other,random,C4H4O4,116.010960000,RC2_0018_ICR-1_p08
492.114866389,608.125823043,116.010956654,Other,random,C4H4O4,116.010960000,RC2_0018_ICR-1_p08
323.069143956,439.080101611,116.010957654,Other,random,C4H4O4,116.010960000,RC2_0018_ICR-1_p08
335.178204865,451.189162520,116.010957654,Other,random,C4H4O4,116.010960000,RC2_0018_ICR-1_p08
355.168088460,471.179046114,116.010957654,Other,random,C4H4O4,116.010960000,RC2_0018_ICR-1_p08
399.121472304,515.132429958,116.010957654,Other,random,C4H4O4,116.010960000,RC2_0018_ICR-1_p08
336.145306427,452.156266082,116.010959654,Other,random,C4H4O4,116.010960000,RC2_0018_ICR-1_p08
347.126554678,463.137514333,116.010959654,Other,random,C4H4O4,116.010960000,RC2_0018_ICR-1_p08
359.134577155,475.145537810,116.010960654,Other,random,C4H4O4,116.010960000,RC2_0018_ICR-1_p08
373.092669667,489.103630321,116.010960654,Other,random,C4H4O4,116.010960000,RC2_0018_ICR-1_p08
341.152354272,457.163315926,116.010961654,Other,random,C4H4O4,116.010960000,RC2_0018_ICR-1_p08
421.142350477,537.153312131,116.010961654,Other,random,C4H4O4,116.010960000,RC2_0018_ICR-1_p08
484.218936789,600.229898443,116.010961654,Other,random,C4H4O4,116.010960000,RC2_0018_ICR-1_p08
521.166497028,637.177458682,116.010961654,Other,random,C4H4O4,116.010960000,RC2_0018_ICR-1_p08
329.051322318,445.062284972,116.010962654,Other,random,C4H4O4,116.010960000,RC2_0018_ICR-1_p08
345.097855086,461.108817740,116.010962654,Other,random,C4H4O4,116.010960000,RC2_0018_ICR-1_p08
401.160463838,517.171426492,116.010962654,Other,random,C4H4O4,116.010960000,RC2_0018_ICR-1_p08
411.202157372,527.213120027,116.010962654,Other,random,C4H4O4,116.010960000,RC2_0018_ICR-1_p08
446.072735290,562.083698944,116.010963654,Other,random,C4H4O4,116.010960000,RC2_0018_ICR-1_p08
323.077086912,439.088051566,116.010964654,Other,random,C4H4O4,116.010960000,RC2_0018_ICR-1_p08
481.098650335,597.109615989,116.010965654,Other,random,C4H4O4,116.010960000,RC2_0018_ICR-1_p08
318.061848113,434.072813767,116.010965654,Other,random,C4H4O4,116.010960000,RC2_0018_ICR-1_p08
331.131665620,447.142632274,116.010966654,Other,random,C4H4O4,116.010960000,RC2_0018_ICR-1_p08
355.139784619,471.150752273,116.010967654,Other,random,C4H4O4,116.010960000,RC2_0018_ICR-1_p08
373.105800593,489.116768248,116.010967654,Other,random,C4H4O4,116.010960000,RC2_0018_ICR-1_p08
331.103332779,447.114301433,116.010968654,Other,random,C4H4O4,116.010960000,RC2_0018_ICR-1_p08
373.215043979,489.226012633,116.010968654,Other,random,C4H4O4,116.010960000,RC2_0018_ICR-1_p08
449.194522736,565.205491390,116.010968654,Other,random,C4H4O4,116.010960000,RC2_0018_ICR-1_p08
341.079680681,457.090650335,116.010969654,Other,random,C4H4O4,116.010960000,RC2_0018_ICR-1_p08
429.155523418,545.166493072,116.010969654,Other,random,C4H4O4,116.010960000,RC2_0018_ICR-1_p08
475.191508551,591.221091101,116.029582550,Other,random,C5H8O1S1,116.029587000,RC2_0018_ICR-1_p08
349.087113654,465.116704203,116.029590550,Other,random,C5H8O1S1,116.029587000,RC2_0018_ICR-1_p08
347.107917783,463.137514333,116.029596550,Other,random,C5H8O1S1,116.029587000,RC2_0018_ICR-1_p08
385.069458320,501.116793770,116.047335450,Other,random,C5H8O3,116.047345000,RC2_0018_ICR-1_p08
332.113851097,448.161186547,116.047335450,Other,random,C5H8O3,116.047345000,RC2_0018_ICR-1_p08
529.135219218,645.182556668,116.047337450,Other,random,C5H8O3,116.047345000,RC2_0018_ICR-1_p08
347.107917783,463.155256233,116.047338450,Other,random,C5H8O3,116.047345000,RC2_0018_ICR-1_p08
379.103195869,495.150534319,116.047338450,Other,random,C5H8O3,116.047345000,RC2_0018_ICR-1_p08
465.176451867,581.223791317,116.047339450,Other,random,C5H8O3,116.047345000,RC2_0018_ICR-1_p08
323.126517634,439.173857084,116.047339450,Other,random,C5H8O3,116.047345000,RC2_0018_ICR-1_p08
385.129057985,501.176397435,116.047339450,Other,random,C5H8O3,116.047345000,RC2_0018_ICR-1_p08
395.126523768,511.173864217,116.047340450,Other,random,C5H8O3,116.047345000,RC2_0018_ICR-1_p08
411.194271417,527.241612866,116.047341450,Other,random,C5H8O3,116.047345000,RC2_0018_ICR-1_p08
365.115983521,481.163326971,116.047343450,Other,random,C5H8O3,116.047345000,RC2_0018_ICR-1_p08
373.113906548,489.161249997,116.047343450,Other,random,C5H8O3,116.047345000,RC2_0018_ICR-1_p08
333.061472768,449.108817218,116.047344450,Other,random,C5H8O3,116.047345000,RC2_0018_ICR-1_p08
347.077144956,463.124489406,116.047344450,Other,random,C5H8O3,116.047345000,RC2_0018_ICR-1_p08
395.134552723,511.181897172,116.047344450,Other,random,C5H8O3,116.047345000,RC2_0018_ICR-1_p08
447.129542348,563.176886797,116.047344450,Other,random,C5H8O3,116.047345000,RC2_0018_ICR-1_p08
541.047081236,657.094426686,116.047345450,Other,random,C5H8O3,116.047345000,RC2_0018_ICR-1_p08
361.092720145,477.140065594,116.047345450,Other,random,C5H8O3,116.047345000,RC2_0018_ICR-1_p08
417.113416132,533.160761582,116.047345450,Other,random,C5H8O3,116.047345000,RC2_0018_ICR-1_p08
376.103754735,492.151100185,116.047345450,Other,random,C5H8O3,116.047345000,RC2_0018_ICR-1_p08
355.095331869,471.142678318,116.047346450,Other,random,C5H8O3,116.047345000,RC2_0018_ICR-1_p08
357.025106017,473.072452467,116.047346450,Other,random,C5H8O3,116.047345000,RC2_0018_ICR-1_p08
415.030477845,531.077824295,116.047346450,Other,random,C5H8O3,116.047345000,RC2_0018_ICR-1_p08
330.061854635,446.109202085,116.047347450,Other,random,C5H8O3,116.047345000,RC2_0018_ICR-1_p08
343.168110937,459.215459387,116.047348450,Other,random,C5H8O3,116.047345000,RC2_0018_ICR-1_p08
455.119437419,571.166786869,116.047349450,Other,random,C5H8O3,116.047345000,RC2_0018_ICR-1_p08
363.085145941,479.132495391,116.047349450,Other,random,C5H8O3,116.047345000,RC2_0018_ICR-1_p08
367.103377346,483.150726795,116.047349450,Other,random,C5H8O3,116.047345000,RC2_0018_ICR-1_p08
381.147183376,497.194532825,116.047349450,Other,random,C5H8O3,116.047345000,RC2_0018_ICR-1_p08
423.194379938,539.241729388,116.047349450,Other,random,C5H8O3,116.047345000,RC2_0018_ICR-1_p08
449.158141940,565.205491390,116.047349450,Other,random,C5H8O3,116.047345000,RC2_0018_ICR-1_p08
351.136833128,467.184183578,116.047350450,Other,random,C5H8O3,116.047345000,RC2_0018_ICR-1_p08
465.132070117,581.179420567,116.047350450,Other,random,C5H8O3,116.047345000,RC2_0018_ICR-1_p08
535.182220215,651.229570665,116.047350450,Other,random,C5H8O3,116.047345000,RC2_0018_ICR-1_p08
347.113430752,463.160781202,116.047350450,Other,random,C5H8O3,116.047345000,RC2_0018_ICR-1_p08
337.129165895,453.176517345,116.047351450,Other,random,C5H8O3,116.047345000,RC2_0018_ICR-1_p08
349.165516213,465.212867663,116.047351450,Other,random,C5H8O3,116.047345000,RC2_0018_ICR-1_p08
397.129119507,513.176471957,116.047352450,Other,random,C5H8O3,116.047345000,RC2_0018_ICR-1_p08
327.063989493,443.111341942,116.047352450,Other,random,C5H8O3,116.047345000,RC2_0018_ICR-1_p08
341.014982044,457.062334494,116.047352450,Other,random,C5H8O3,116.047345000,RC2_0018_ICR-1_p08
369.074437262,485.121789712,116.047352450,Other,random,C5H8O3,116.047345000,RC2_0018_ICR-1_p08
407.126629290,523.173982739,116.047353450,Other,random,C5H8O3,116.047345000,RC2_0018_ICR-1_p08
369.183639648,485.230993098,116.047353450,Other,random,C5H8O3,116.047345000,RC2_0018_ICR-1_p08
619.276127344,735.323481793,116.047354450,Other,random,C5H8O3,116.047345000,RC2_0018_ICR-1_p08
357.092265640,474.117101593,117.024835953,Other,random,C4H7N1O1S1,117.024836000,RC2_0018_ICR-1_p08
327.050940566,444.093525420,117.042584853,Other,random,C4H7O3N1,117.042594000,RC2_0018_ICR-1_p08
301.108147446,418.150735299,117.042587853,Other,random,C4H7O3N1,117.042594000,RC2_0018_ICR-1_p08
441.212932618,558.255523471,117.042590853,Other,random,C4H7O3N1,117.042594000,RC2_0018_ICR-1_p08
357.025106017,474.067697871,117.042591853,Other,random,C4H7O3N1,117.042594000,RC2_0018_ICR-1_p08
423.179023025,540.221616878,117.042593853,Other,random,C4H7O3N1,117.042594000,RC2_0018_ICR-1_p08
419.061824176,536.104419030,117.042594853,Other,random,C4H7O3N1,117.042594000,RC2_0018_ICR-1_p08
341.079680681,458.122276534,117.042595853,Other,random,C4H7O3N1,117.042594000,RC2_0018_ICR-1_p08
329.102948027,446.145545881,117.042597853,Other,random,C4H7O3N1,117.042594000,RC2_0018_ICR-1_p08
333.025090973,450.067688826,117.042597853,Other,random,C4H7O3N1,117.042594000,RC2_0018_ICR-1_p08
443.119421897,560.162020750,117.042598853,Other,random,C4H7O3N1,117.042594000,RC2_0018_ICR-1_p08
373.056418871,490.099018724,117.042599853,Other,random,C4H7O3N1,117.042594000,RC2_0018_ICR-1_p08
333.097938563,450.140540416,117.042601853,Other,random,C4H7O3N1,117.042594000,RC2_0018_ICR-1_p08
451.051605293,568.094207147,117.042601853,Other,random,C4H7O3N1,117.042594000,RC2_0018_ICR-1_p08
445.062284972,562.120126740,117.057841768,Other,random,C8H7N1,117.057849000,RC2_0018_ICR-1_p08
341.051228841,458.109070608,117.057841768,Other,random,C8H7N1,117.057849000,RC2_0018_ICR-1_p08
519.099216652,636.157061420,117.057844768,Other,random,C8H7N1,117.057849000,RC2_0018_ICR-1_p08
459.077924160,576.135770928,117.057846768,Other,random,C8H7N1,117.057849000,RC2_0018_ICR-1_p08
343.103378301,460.161227069,117.057848768,Other,random,C8H7N1,117.057849000,RC2_0018_ICR-1_p08
383.061796609,500.119645377,117.057848768,Other,random,C8H7N1,117.057849000,RC2_0018_ICR-1_p08
331.103332779,448.161186547,117.057853767,Other,random,C8H7N1,117.057849000,RC2_0018_ICR-1_p08
317.051304796,434.109160563,117.057855767,Other,random,C8H7N1,117.057849000,RC2_0018_ICR-1_p08
473.158290984,591.148506509,117.990215525,Other,random,C3H2O5,117.990225000,RC2_0018_ICR-1_p08
361.178668661,479.168885186,117.990216525,Other,random,C3H2O5,117.990225000,RC2_0018_ICR-1_p08
429.155523418,547.145740943,117.990217525,Other,random,C3H2O5,117.990225000,RC2_0018_ICR-1_p08
363.144866605,481.135085130,117.990218525,Other,random,C3H2O5,117.990225000,RC2_0018_ICR-1_p08
317.066613709,435.056833234,117.990219525,Other,random,C3H2O5,117.990225000,RC2_0018_ICR-1_p08
371.126548723,489.116768248,117.990219525,Other,random,C3H2O5,117.990225000,RC2_0018_ICR-1_p08
395.061853131,513.052072656,117.990219525,Other,random,C3H2O5,117.990225000,RC2_0018_ICR-1_p08
477.067436003,595.057655527,117.990219525,Other,random,C3H2O5,117.990225000,RC2_0018_ICR-1_p08
313.121134895,431.111355420,117.990220525,Other,random,C3H2O5,117.990225000,RC2_0018_ICR-1_p08
325.129201372,443.119421897,117.990220525,Other,random,C3H2O5,117.990225000,RC2_0018_ICR-1_p08
553.257388576,671.247610101,117.990221525,Other,random,C3H2O5,117.990225000,RC2_0018_ICR-1_p08
351.181172879,469.171394403,117.990221525,Other,random,C3H2O5,117.990225000,RC2_0018_ICR-1_p08
431.134726289,549.124948813,117.990222525,Other,random,C3H2O5,117.990225000,RC2_0018_ICR-1_p08
333.219948877,451.210171402,117.990222525,Other,random,C3H2O5,117.990225000,RC2_0018_ICR-1_p08
311.040831593,429.031055118,117.990223525,Other,random,C3H2O5,117.990225000,RC2_0018_ICR-1_p08
323.077086912,441.067310436,117.990223525,Other,random,C3H2O5,117.990225000,RC2_0018_ICR-1_p08
365.115983521,483.106208046,117.990224525,Other,random,C3H2O5,117.990225000,RC2_0018_ICR-1_p08
327.072060447,445.062284972,117.990224525,Other,random,C3H2O5,117.990225000,RC2_0018_ICR-1_p08
627.245272532,745.235497057,117.990224525,Other,random,C3H2O5,117.990225000,RC2_0018_ICR-1_p08
322.056681650,440.046907174,117.990225525,Other,random,C3H2O5,117.990225000,RC2_0018_ICR-1_p08
387.071974060,505.062199584,117.990225525,Other,random,C3H2O5,117.990225000,RC2_0018_ICR-1_p08
675.266547502,793.256775026,117.990227525,Other,random,C3H2O5,117.990225000,RC2_0018_ICR-1_p08
395.207272314,513.197499838,117.990227525,Other,random,C3H2O5,117.990225000,RC2_0018_ICR-1_p08
473.194808779,591.185037304,117.990228525,Other,random,C3H2O5,117.990225000,RC2_0018_ICR-1_p08
359.149837070,477.140065594,117.990228525,Other,random,C3H2O5,117.990225000,RC2_0018_ICR-1_p08
389.118343553,507.108572077,117.990228525,Other,random,C3H2O5,117.990225000,RC2_0018_ICR-1_p08
279.098573209,397.088802734,117.990229525,Other,random,C3H2O5,117.990225000,RC2_0018_ICR-1_p08
375.144860127,493.135089652,117.990229525,Other,random,C3H2O5,117.990225000,RC2_0018_ICR-1_p08
423.056851712,541.047081236,117.990229525,Other,random,C3H2O5,117.990225000,RC2_0018_ICR-1_p08
445.150241477,563.140473002,117.990231525,Other,random,C3H2O5,117.990225000,RC2_0018_ICR-1_p08
369.061474335,487.051706860,117.990232525,Other,random,C3H2O5,117.990225000,RC2_0018_ICR-1_p08
621.219289417,739.209521941,117.990232525,Other,random,C3H2O5,117.990225000,RC2_0018_ICR-1_p08
377.124061998,495.114294523,117.990232525,Other,random,C3H2O5,117.990225000,RC2_0018_ICR-1_p08
389.173446243,507.163678767,117.990232525,Other,random,C3H2O5,117.990225000,RC2_0018_ICR-1_p08
409.142363955,527.132596479,117.990232525,Other,random,C3H2O5,117.990225000,RC2_0018_ICR-1_p08
361.165589735,479.155823259,117.990233525,Other,random,C3H2O5,117.990225000,RC2_0018_ICR-1_p08
369.155296808,487.145530332,117.990233525,Other,random,C3H2O5,117.990225000,RC2_0018_ICR-1_p08
397.142196433,515.132429958,117.990233525,Other,random,C3H2O5,117.990225000,RC2_0018_ICR-1_p08
335.186283820,453.176517345,117.990233525,Other,random,C3H2O5,117.990225000,RC2_0018_ICR-1_p08
311.149929980,429.140164504,117.990234525,Other,random,C3H2O5,117.990225000,RC2_0018_ICR-1_p08
349.142133344,467.168733664,118.026600320,Other,random,C4H6O4,118.026610000,RC2_0018_ICR-1_p08
443.220533328,561.247133649,118.026600320,Other,random,C4H6O4,118.026610000,RC2_0018_ICR-1_p08
415.152838157,533.179438477,118.026600320,Other,random,C4H6O4,118.026610000,RC2_0018_ICR-1_p08
444.093525420,562.120126740,118.026601320,Other,random,C4H6O4,118.026610000,RC2_0018_ICR-1_p08
367.030606755,485.057208075,118.026601320,Other,random,C4H6O4,118.026610000,RC2_0018_ICR-1_p08
535.109358625,653.135959945,118.026601320,Other,random,C4H6O4,118.026610000,RC2_0018_ICR-1_p08
313.121134895,431.147737215,118.026602320,Other,random,C4H6O4,118.026610000,RC2_0018_ICR-1_p08
369.118928012,487.145530332,118.026602320,Other,random,C4H6O4,118.026610000,RC2_0018_ICR-1_p08
403.066921118,521.093523438,118.026602320,Other,random,C4H6O4,118.026610000,RC2_0018_ICR-1_p08
346.093105489,464.119708810,118.026603320,Other,random,C4H6O4,118.026610000,RC2_0018_ICR-1_p08
317.139331301,435.165934621,118.026603320,Other,random,C4H6O4,118.026610000,RC2_0018_ICR-1_p08
585.234405765,703.261009085,118.026603320,Other,random,C4H6O4,118.026610000,RC2_0018_ICR-1_p08
399.129537258,517.156140578,118.026603320,Other,random,C4H6O4,118.026610000,RC2_0018_ICR-1_p08
399.175339001,517.201943321,118.026604320,Other,random,C4H6O4,118.026610000,RC2_0018_ICR-1_p08
397.041098002,515.067702322,118.026604320,Other,random,C4H6O4,118.026610000,RC2_0018_ICR-1_p08
371.107915828,489.134521148,118.026605320,Other,random,C4H6O4,118.026610000,RC2_0018_ICR-1_p08
322.106138371,440.132743692,118.026605320,Other,random,C4H6O4,118.026610000,RC2_0018_ICR-1_p08
453.030979163,571.057584483,118.026605320,Other,random,C4H6O4,118.026610000,RC2_0018_ICR-1_p08
685.214275564,803.240880884,118.026605320,Other,random,C4H6O4,118.026610000,RC2_0018_ICR-1_p08
414.082996173,532.109604493,118.026608320,Other,random,C4H6O4,118.026610000,RC2_0018_ICR-1_p08
385.056375394,503.082984714,118.026609320,Other,random,C4H6O4,118.026610000,RC2_0018_ICR-1_p08
313.129155850,431.155765170,118.026609320,Other,random,C4H6O4,118.026610000,RC2_0018_ICR-1_p08
597.198131491,715.224741811,118.026610320,Other,random,C4H6O4,118.026610000,RC2_0018_ICR-1_p08
621.182911621,739.209521941,118.026610320,Other,random,C4H6O4,118.026610000,RC2_0018_ICR-1_p08
661.178009723,779.204620043,118.026610320,Other,random,C4H6O4,118.026610000,RC2_0018_ICR-1_p08
405.191569171,523.218180491,118.026611320,Other,random,C4H6O4,118.026610000,RC2_0018_ICR-1_p08
337.092826099,455.119437419,118.026611320,Other,random,C4H6O4,118.026610000,RC2_0018_ICR-1_p08
361.092720145,479.119331465,118.026611320,Other,random,C4H6O4,118.026610000,RC2_0018_ICR-1_p08
641.187977130,759.214588450,118.026611320,Other,random,C4H6O4,118.026610000,RC2_0018_ICR-1_p08
629.115078018,747.141689338,118.026611320,Other,random,C4H6O4,118.026610000,RC2_0018_ICR-1_p08
480.187488458,598.214100778,118.026612320,Other,random,C4H6O4,118.026610000,RC2_0018_ICR-1_p08
476.119899331,594.146511651,118.026612320,Other,random,C4H6O4,118.026610000,RC2_0018_ICR-1_p08
337.056318305,455.082930625,118.026612320,Other,random,C4H6O4,118.026610000,RC2_0018_ICR-1_p08
385.077536275,503.104148595,118.026612320,Other,random,C4H6O4,118.026610000,RC2_0018_ICR-1_p08
430.041572436,548.068184756,118.026612320,Other,random,C4H6O4,118.026610000,RC2_0018_ICR-1_p08
389.087704725,507.114318045,118.026613320,Other,random,C4H6O4,118.026610000,RC2_0018_ICR-1_p08
487.210426967,605.237040287,118.026613320,Other,random,C4H6O4,118.026610000,RC2_0018_ICR-1_p08
383.025376814,501.051991134,118.026614320,Other,random,C4H6O4,118.026610000,RC2_0018_ICR-1_p08
623.198468288,741.225082608,118.026614320,Other,random,C4H6O4,118.026610000,RC2_0018_ICR-1_p08
413.087740769,531.114355089,118.026614320,Other,random,C4H6O4,118.026610000,RC2_0018_ICR-1_p08
569.166623116,687.193238436,118.026615320,Other,random,C4H6O4,118.026610000,RC2_0018_ICR-1_p08
585.198048969,703.224665289,118.026616320,Other,random,C4H6O4,118.026610000,RC2_0018_ICR-1_p08
405.155323374,523.181939694,118.026616320,Other,random,C4H6O4,118.026610000,RC2_0018_ICR-1_p08
353.116060998,471.142678318,118.026617320,Other,random,C4H6O4,118.026610000,RC2_0018_ICR-1_p08
339.136697606,457.163315926,118.026618320,Other,random,C4H6O4,118.026610000,RC2_0018_ICR-1_p08
451.116512928,569.143131248,118.026618320,Other,random,C4H6O4,118.026610000,RC2_0018_ICR-1_p08
675.302442300,793.329060620,118.026618320,Other,random,C4H6O4,118.026610000,RC2_0018_ICR-1_p08
488.083442058,606.110061378,118.026619320,Other,random,C4H6O4,118.026610000,RC2_0018_ICR-1_p08
361.105876071,479.132495391,118.026619320,Other,random,C4H6O4,118.026610000,RC2_0018_ICR-1_p08
563.067994410,681.095933722,118.027939313,Other,random,C5H2N4,118.027946000,RC2_0018_ICR-1_p08
619.130517162,737.158456475,118.027939313,Other,random,C5H2N4,118.027946000,RC2_0018_ICR-1_p08
647.161948538,765.189893850,118.027945313,Other,random,C5H2N4,118.027946000,RC2_0018_ICR-1_p08
576.172119723,694.200065036,118.027945313,Other,random,C5H2N4,118.027946000,RC2_0018_ICR-1_p08
355.066866029,473.108721263,118.041855234,Other,random,C8H6O1,118.041865000,RC2_0018_ICR-1_p08
367.103377346,485.145233580,118.041856234,Other,random,C8H6O1,118.041865000,RC2_0018_ICR-1_p08
309.147372240,427.189229475,118.041857234,Other,random,C8H6O1,118.041865000,RC2_0018_ICR-1_p08
358.049425257,476.091282492,118.041857234,Other,random,C8H6O1,118.041865000,RC2_0018_ICR-1_p08
443.119421897,561.161281131,118.041859234,Other,random,C8H6O1,118.041865000,RC2_0018_ICR-1_p08
523.109357103,641.151217337,118.041860234,Other,random,C8H6O1,118.041865000,RC2_0018_ICR-1_p08
327.121510169,445.163371404,118.041861234,Other,random,C8H6O1,118.041865000,RC2_0018_ICR-1_p08
429.031055118,547.072917352,118.041862234,Other,random,C8H6O1,118.041865000,RC2_0018_ICR-1_p08
373.186705138,491.228567373,118.041862234,Other,random,C8H6O1,118.041865000,RC2_0018_ICR-1_p08
365.087650681,483.129512915,118.041862234,Other,random,C8H6O1,118.041865000,RC2_0018_ICR-1_p08
355.139784619,473.181647853,118.041863234,Other,random,C8H6O1,118.041865000,RC2_0018_ICR-1_p08
387.129489736,505.171352970,118.041863234,Other,random,C8H6O1,118.041865000,RC2_0018_ICR-1_p08
477.189641315,595.231504550,118.041863234,Other,random,C8H6O1,118.041865000,RC2_0018_ICR-1_p08
549.052398221,667.094262456,118.041864234,Other,random,C8H6O1,118.041865000,RC2_0018_ICR-1_p08
325.056400782,443.098265016,118.041864234,Other,random,C8H6O1,118.041865000,RC2_0018_ICR-1_p08
520.131155849,638.173021084,118.041865234,Other,random,C8H6O1,118.041865000,RC2_0018_ICR-1_p08
311.077148389,429.119014623,118.041866234,Other,random,C8H6O1,118.041865000,RC2_0018_ICR-1_p08
354.095796489,472.137664723,118.041868234,Other,random,C8H6O1,118.041865000,RC2_0018_ICR-1_p08
353.137176880,471.179046114,118.041869234,Other,random,C8H6O1,118.041865000,RC2_0018_ICR-1_p08
439.088051566,557.129920800,118.041869234,Other,random,C8H6O1,118.041865000,RC2_0018_ICR-1_p08
347.126554678,465.168424912,118.041870234,Other,random,C8H6O1,118.041865000,RC2_0018_ICR-1_p08
355.030582233,473.072452467,118.041870234,Other,random,C8H6O1,118.041865000,RC2_0018_ICR-1_p08
421.199858154,539.241729388,118.041871234,Other,random,C8H6O1,118.041865000,RC2_0018_ICR-1_p08
419.220386285,537.262259519,118.041873234,Other,random,C8H6O1,118.041865000,RC2_0018_ICR-1_p08
415.124437317,533.166311551,118.041874234,Other,random,C8H6O1,118.041865000,RC2_0018_ICR-1_p08
335.090267360,453.168508390,118.078241030,Other,random,C9H10,118.078250000,RC2_0018_ICR-1_p08
515.213351503,633.291592533,118.078241030,Other,random,C9H10,118.078250000,RC2_0018_ICR-1_p08
409.077449320,527.155691349,118.078242030,Other,random,C9H10,118.078250000,RC2_0018_ICR-1_p08
519.099216652,637.177458682,118.078242030,Other,random,C9H10,118.078250000,RC2_0018_ICR-1_p08
409.108194147,527.186436177,118.078242030,Other,random,C9H10,118.078250000,RC2_0018_ICR-1_p08
371.134626678,489.212869707,118.078243030,Other,random,C9H10,118.078250000,RC2_0018_ICR-1_p08
523.122910026,641.201154056,118.078244030,Other,random,C9H10,118.078250000,RC2_0018_ICR-1_p08
313.056482259,431.134726289,118.078244030,Other,random,C9H10,118.078250000,RC2_0018_ICR-1_p08
391.043650726,509.121894756,118.078244030,Other,random,C9H10,118.078250000,RC2_0018_ICR-1_p08
641.136343420,759.214588450,118.078245030,Other,random,C9H10,118.078250000,RC2_0018_ICR-1_p08
289.986769983,408.065015013,118.078245030,Other,random,C9H10,118.078250000,RC2_0018_ICR-1_p08
523.158817824,641.237065854,118.078248030,Other,random,C9H10,118.078250000,RC2_0018_ICR-1_p08
351.121423215,469.199672244,118.078249030,Other,random,C9H10,118.078250000,RC2_0018_ICR-1_p08
351.085128419,469.163378448,118.078250030,Other,random,C9H10,118.078250000,RC2_0018_ICR-1_p08
365.118477507,483.196730537,118.078253030,Other,random,C9H10,118.078250000,RC2_0018_ICR-1_p08
423.179023025,541.257276054,118.078253030,Other,random,C9H10,118.078250000,RC2_0018_ICR-1_p08
306.119462267,424.197716296,118.078254030,Other,random,C9H10,118.078250000,RC2_0018_ICR-1_p08
534.110206243,652.188460273,118.078254030,Other,random,C9H10,118.078250000,RC2_0018_ICR-1_p08
379.097644900,497.175899930,118.078255030,Other,random,C9H10,118.078250000,RC2_0018_ICR-1_p08
653.209102534,771.287358563,118.078256030,Other,random,C9H10,118.078250000,RC2_0018_ICR-1_p08
367.152737068,485.230993098,118.078256030,Other,random,C9H10,118.078250000,RC2_0018_ICR-1_p08
333.110905490,451.189162520,118.078257030,Other,random,C9H10,118.078250000,RC2_0018_ICR-1_p08
409.126849042,527.205106072,118.078257030,Other,random,C9H10,118.078250000,RC2_0018_ICR-1_p08
371.061839087,489.140097116,118.078258030,Other,random,C9H10,118.078250000,RC2_0018_ICR-1_p08
323.004471320,442.041576958,119.037105638,Other,random,C7H5N1O1,119.037114000,RC2_0018_ICR-1_p08
309.025204927,428.062313565,119.037108638,Other,random,C7H5N1O1,119.037114000,RC2_0018_ICR-1_p08
329.051322318,448.088431956,119.037109638,Other,random,C7H5N1O1,119.037114000,RC2_0018_ICR-1_p08
413.108696652,532.145806289,119.037109638,Other,random,C7H5N1O1,119.037114000,RC2_0018_ICR-1_p08
355.030582233,474.067697871,119.037115638,Other,random,C7H5N1O1,119.037114000,RC2_0018_ICR-1_p08
359.134577155,478.171700793,119.037123638,Other,random,C7H5N1O1,119.037114000,RC2_0018_ICR-1_p08
303.181260789,422.229616363,119.048355575,Other,random,C6H5N3,119.048347000,RC2_0018_ICR-1_p08
382.041589346,502.062709451,120.021120105,Other,random,C7H4O2,120.021130000,RC2_0018_ICR-1_p08
532.167340168,652.188460273,120.021120105,Other,random,C7H4O2,120.021130000,RC2_0018_ICR-1_p08
461.194665257,581.215785362,120.021120105,Other,random,C7H4O2,120.021130000,RC2_0018_ICR-1_p08
389.145163402,509.166284506,120.021121105,Other,random,C7H4O2,120.021130000,RC2_0018_ICR-1_p08
337.105781026,457.126902131,120.021121105,Other,random,C7H4O2,120.021130000,RC2_0018_ICR-1_p08
280.082586676,400.103707780,120.021121105,Other,random,C7H4O2,120.021130000,RC2_0018_ICR-1_p08
417.140156982,537.161278087,120.021121105,Other,random,C7H4O2,120.021130000,RC2_0018_ICR-1_p08
327.121510169,447.142632274,120.021122105,Other,random,C7H4O2,120.021130000,RC2_0018_ICR-1_p08
371.061839087,491.082961191,120.021122105,Other,random,C7H4O2,120.021130000,RC2_0018_ICR-1_p08
393.119012056,513.140135161,120.021123105,Other,random,C7H4O2,120.021130000,RC2_0018_ICR-1_p08
323.090217838,443.111341942,120.021124105,Other,random,C7H4O2,120.021130000,RC2_0018_ICR-1_p08
324.072401315,444.093525420,120.021124105,Other,random,C7H4O2,120.021130000,RC2_0018_ICR-1_p08
350.051620230,470.072745335,120.021125105,Other,random,C7H4O2,120.021130000,RC2_0018_ICR-1_p08
437.108794696,557.129920800,120.021126105,Other,random,C7H4O2,120.021130000,RC2_0018_ICR-1_p08
401.181564719,521.202691824,120.021127105,Other,random,C7H4O2,120.021130000,RC2_0018_ICR-1_p08
471.179046114,591.200174218,120.021128105,Other,random,C7H4O2,120.021130000,RC2_0018_ICR-1_p08
375.202297804,495.223426909,120.021129105,Other,random,C7H4O2,120.021130000,RC2_0018_ICR-1_p08
457.280466268,577.301596372,120.021130105,Other,random,C7H4O2,120.021130000,RC2_0018_ICR-1_p08
317.116081431,437.137212536,120.021131105,Other,random,C7H4O2,120.021130000,RC2_0018_ICR-1_p08
437.072285901,557.093417005,120.021131105,Other,random,C7H4O2,120.021130000,RC2_0018_ICR-1_p08
347.171059428,467.192190533,120.021131105,Other,random,C7H4O2,120.021130000,RC2_0018_ICR-1_p08
551.104454682,671.125586787,120.021132105,Other,random,C7H4O2,120.021130000,RC2_0018_ICR-1_p08
353.051318362,473.072452467,120.021134105,Other,random,C7H4O2,120.021130000,RC2_0018_ICR-1_p08
357.132047416,477.153183520,120.021136105,Other,random,C7H4O2,120.021130000,RC2_0018_ICR-1_p08
369.082494217,489.103630321,120.021136105,Other,random,C7H4O2,120.021130000,RC2_0018_ICR-1_p08
607.130748639,727.151885743,120.021137105,Other,random,C7H4O2,120.021130000,RC2_0018_ICR-1_p08
417.212962573,537.234101677,120.021139105,Other,random,C7H4O2,120.021130000,RC2_0018_ICR-1_p08
399.071989582,519.114314567,120.042324985,Other,random,C4H8O4,120.042333700,RC2_0018_ICR-1_p08
407.134489245,527.176814231,120.042324985,Other,random,C4H8O4,120.042333700,RC2_0018_ICR-1_p08
537.104490406,657.146815391,120.042324985,Other,random,C4H8O4,120.042333700,RC2_0018_ICR-1_p08
339.144749561,459.187075546,120.042325985,Other,random,C4H8O4,120.042333700,RC2_0018_ICR-1_p08
601.083981640,721.126308626,120.042326985,Other,random,C4H8O4,120.042333700,RC2_0018_ICR-1_p08
369.128589958,489.170918943,120.042328985,Other,random,C4H8O4,120.042333700,RC2_0018_ICR-1_p08
379.139658664,499.181987649,120.042328985,Other,random,C4H8O4,120.042333700,RC2_0018_ICR-1_p08
407.098263449,527.140592434,120.042328985,Other,random,C4H8O4,120.042333700,RC2_0018_ICR-1_p08
573.161486653,693.203815638,120.042328985,Other,random,C4H8O4,120.042333700,RC2_0018_ICR-1_p08
379.030413278,499.072742264,120.042328985,Other,random,C4H8O4,120.042333700,RC2_0018_ICR-1_p08
471.129589392,591.171918377,120.042328985,Other,random,C4H8O4,120.042333700,RC2_0018_ICR-1_p08
611.104401294,731.146730280,120.042328985,Other,random,C4H8O4,120.042333700,RC2_0018_ICR-1_p08
267.032967056,387.075297041,120.042329985,Other,random,C4H8O4,120.042333700,RC2_0018_ICR-1_p08
357.025106017,477.067436003,120.042329985,Other,random,C4H8O4,120.042333700,RC2_0018_ICR-1_p08
431.147737215,551.190067201,120.042329985,Other,random,C4H8O4,120.042333700,RC2_0018_ICR-1_p08
369.074437262,489.116768248,120.042330985,Other,random,C4H8O4,120.042333700,RC2_0018_ICR-1_p08
509.194747346,629.237078332,120.042330985,Other,random,C4H8O4,120.042333700,RC2_0018_ICR-1_p08
399.035682786,519.078013771,120.042330985,Other,random,C4H8O4,120.042333700,RC2_0018_ICR-1_p08
481.171365926,601.213696911,120.042330985,Other,random,C4H8O4,120.042333700,RC2_0018_ICR-1_p08
469.171394403,589.213726389,120.042331985,Other,random,C4H8O4,120.042333700,RC2_0018_ICR-1_p08
415.189045953,535.231377939,120.042331985,Other,random,C4H8O4,120.042333700,RC2_0018_ICR-1_p08
478.135473997,598.177806982,120.042332985,Other,random,C4H8O4,120.042333700,RC2_0018_ICR-1_p08
395.171018518,515.213351503,120.042332985,Other,random,C4H8O4,120.042333700,RC2_0018_ICR-1_p08
375.121390259,495.163724245,120.042333985,Other,random,C4H8O4,120.042333700,RC2_0018_ICR-1_p08
639.172254465,759.214588450,120.042333985,Other,random,C4H8O4,120.042333700,RC2_0018_ICR-1_p08
323.077086912,443.119421897,120.042334985,Other,random,C4H8O4,120.042333700,RC2_0018_ICR-1_p08
357.134236404,477.176571389,120.042334985,Other,random,C4H8O4,120.042333700,RC2_0018_ICR-1_p08
409.041086524,529.083422510,120.042335985,Other,random,C4H8O4,120.042333700,RC2_0018_ICR-1_p08
471.166017187,591.208353172,120.042335985,Other,random,C4H8O4,120.042333700,RC2_0018_ICR-1_p08
569.057398730,689.099735716,120.042336985,Other,random,C4H8O4,120.042333700,RC2_0018_ICR-1_p08
457.163315926,577.205652912,120.042336985,Other,random,C4H8O4,120.042333700,RC2_0018_ICR-1_p08
353.160383749,473.202721734,120.042337985,Other,random,C4H8O4,120.042333700,RC2_0018_ICR-1_p08
383.126616245,503.168954230,120.042337985,Other,random,C4H8O4,120.042333700,RC2_0018_ICR-1_p08
347.162923474,467.205261459,120.042337985,Other,random,C4H8O4,120.042333700,RC2_0018_ICR-1_p08
549.234280199,669.276618184,120.042337985,Other,random,C4H8O4,120.042333700,RC2_0018_ICR-1_p08
355.204494255,475.246832240,120.042337985,Other,random,C4H8O4,120.042333700,RC2_0018_ICR-1_p08
460.088487478,580.130826463,120.042338985,Other,random,C4H8O4,120.042333700,RC2_0018_ICR-1_p08
425.173619809,545.215958794,120.042338985,Other,random,C4H8O4,120.042333700,RC2_0018_ICR-1_p08
306.025548795,426.067887780,120.042338985,Other,random,C4H8O4,120.042333700,RC2_0018_ICR-1_p08
427.103401957,547.145740943,120.042338985,Other,random,C4H8O4,120.042333700,RC2_0018_ICR-1_p08
641.078758744,761.121098730,120.042339985,Other,random,C4H8O4,120.042333700,RC2_0018_ICR-1_p08
391.103239391,511.145581377,120.042341985,Other,random,C4H8O4,120.042333700,RC2_0018_ICR-1_p08
391.189141908,511.231484893,120.042342985,Other,random,C4H8O4,120.042333700,RC2_0018_ICR-1_p08
327.108390243,447.165896143,120.057505900,Other,random,C8H8O1,120.057515000,RC2_0018_ICR-1_p08
653.209102534,773.266608434,120.057505900,Other,random,C8H8O1,120.057515000,RC2_0018_ICR-1_p08
325.142166299,445.199674200,120.057507900,Other,random,C8H8O1,120.057515000,RC2_0018_ICR-1_p08
531.172061765,651.229570665,120.057508900,Other,random,C8H8O1,120.057515000,RC2_0018_ICR-1_p08
335.040857638,455.098366538,120.057508900,Other,random,C8H8O1,120.057515000,RC2_0018_ICR-1_p08
330.083030516,450.140540416,120.057509900,Other,random,C8H8O1,120.057515000,RC2_0018_ICR-1_p08
345.046190376,465.103702276,120.057511900,Other,random,C8H8O1,120.057515000,RC2_0018_ICR-1_p08
369.191555604,489.249068504,120.057512900,Other,random,C8H8O1,120.057515000,RC2_0018_ICR-1_p08
341.137152357,461.194665257,120.057512900,Other,random,C8H8O1,120.057515000,RC2_0018_ICR-1_p08
725.267019342,845.324532242,120.057512900,Other,random,C8H8O1,120.057515000,RC2_0018_ICR-1_p08
323.077086912,443.134601812,120.057514900,Other,random,C8H8O1,120.057515000,RC2_0018_ICR-1_p08
409.150265910,529.207780810,120.057514900,Other,random,C8H8O1,120.057515000,RC2_0018_ICR-1_p08
617.136512375,737.194027275,120.057514900,Other,random,C8H8O1,120.057515000,RC2_0018_ICR-1_p08
355.176065415,475.233581315,120.057515900,Other,random,C8H8O1,120.057515000,RC2_0018_ICR-1_p08
429.031055118,549.088571018,120.057515900,Other,random,C8H8O1,120.057515000,RC2_0018_ICR-1_p08
495.114294523,615.171810423,120.057515900,Other,random,C8H8O1,120.057515000,RC2_0018_ICR-1_p08
337.129165895,457.186682795,120.057516900,Other,random,C8H8O1,120.057515000,RC2_0018_ICR-1_p08
347.053710088,467.111226988,120.057516900,Other,random,C8H8O1,120.057515000,RC2_0018_ICR-1_p08
355.116240751,475.173757651,120.057516900,Other,random,C8H8O1,120.057515000,RC2_0018_ICR-1_p08
453.189450272,573.246967172,120.057516900,Other,random,C8H8O1,120.057515000,RC2_0018_ICR-1_p08
365.051176886,485.108694786,120.057517900,Other,random,C8H8O1,120.057515000,RC2_0018_ICR-1_p08
427.197336429,547.254855329,120.057518900,Other,random,C8H8O1,120.057515000,RC2_0018_ICR-1_p08
509.179559432,629.237078332,120.057518900,Other,random,C8H8O1,120.057515000,RC2_0018_ICR-1_p08
645.204614544,765.262134444,120.057519900,Other,random,C8H8O1,120.057515000,RC2_0018_ICR-1_p08
270.098313819,390.155833719,120.057519900,Other,random,C8H8O1,120.057515000,RC2_0018_ICR-1_p08
311.149929980,431.207451880,120.057521900,Other,random,C8H8O1,120.057515000,RC2_0018_ICR-1_p08
431.119459374,551.176981274,120.057521900,Other,random,C8H8O1,120.057515000,RC2_0018_ICR-1_p08
351.072066492,471.129589392,120.057522900,Other,random,C8H8O1,120.057515000,RC2_0018_ICR-1_p08
343.030449711,463.087972611,120.057522900,Other,random,C8H8O1,120.057515000,RC2_0018_ICR-1_p08
441.189609749,561.247133649,120.057523900,Other,random,C8H8O1,120.057515000,RC2_0018_ICR-1_p08
403.124415795,523.181939694,120.057523900,Other,random,C8H8O1,120.057515000,RC2_0018_ICR-1_p08
483.223435387,603.280960287,120.057524900,Other,random,C8H8O1,120.057515000,RC2_0018_ICR-1_p08
349.056375827,470.072745335,121.016369508,Other,random,C6H3N1O2,121.016379000,RC2_0018_ICR-1_p08
327.072060447,448.088431956,121.016371508,Other,random,C6H3N1O2,121.016379000,RC2_0018_ICR-1_p08
483.114298000,604.130672508,121.016374508,Other,random,C6H3N1O2,121.016379000,RC2_0018_ICR-1_p08
239.056189373,360.072564881,121.016375508,Other,random,C6H3N1O2,121.016379000,RC2_0018_ICR-1_p08
353.051318362,474.067697871,121.016379508,Other,random,C6H3N1O2,121.016379000,RC2_0018_ICR-1_p08
469.135013608,590.151396116,121.016382508,Other,random,C6H3N1O2,121.016379000,RC2_0018_ICR-1_p08
307.045929057,428.062313565,121.016384508,Other,random,C6H3N1O2,121.016379000,RC2_0018_ICR-1_p08
317.051304796,438.067690304,121.016385508,Other,random,C6H3N1O2,121.016379000,RC2_0018_ICR-1_p08
459.187075546,580.203461055,121.016385508,Other,random,C6H3N1O2,121.016379000,RC2_0018_ICR-1_p08
429.067400914,550.083789422,121.016388508,Other,random,C6H3N1O2,121.016379000,RC2_0018_ICR-1_p08
441.067310436,562.083698944,121.016388508,Other,random,C6H3N1O2,121.016379000,RC2_0018_ICR-1_p08
399.111412360,520.131155849,121.019743489,Other,random,C3H7N1O2S1,121.019751000,RC2_0018_ICR-1_p08
325.056400782,446.145545881,121.089145099,Other,random,C8H11N1,121.089149000,RC2_0018_ICR-1_p08
401.072481333,522.161631432,121.089150099,Other,random,C8H11N1,121.089149000,RC2_0018_ICR-1_p08
353.051318362,474.140476461,121.089158099,Other,random,C8H11N1,121.089149000,RC2_0018_ICR-1_p08
741.296231208,863.263617368,121.967386161,Other,random,C2H2O4S1,121.967382000,RC2_0018_ICR-1_p08
449.108817218,571.145587988,122.036770770,Other,random,C7H6O2,122.036780000,RC2_0018_ICR-1_p08
599.271041835,721.307814605,122.036772770,Other,random,C7H6O2,122.036780000,RC2_0018_ICR-1_p08
339.157891487,461.194665257,122.036773770,Other,random,C7H6O2,122.036780000,RC2_0018_ICR-1_p08
335.163048951,457.199825721,122.036776770,Other,random,C7H6O2,122.036780000,RC2_0018_ICR-1_p08
453.030979163,575.067756933,122.036777770,Other,random,C7H6O2,122.036780000,RC2_0018_ICR-1_p08
312.072382793,434.109160563,122.036777770,Other,random,C7H6O2,122.036780000,RC2_0018_ICR-1_p08
561.146366215,683.183144985,122.036778770,Other,random,C7H6O2,122.036780000,RC2_0018_ICR-1_p08
313.129155850,435.165934621,122.036778770,Other,random,C7H6O2,122.036780000,RC2_0018_ICR-1_p08
351.035673697,473.072452467,122.036778770,Other,random,C7H6O2,122.036780000,RC2_0018_ICR-1_p08
351.102773319,473.139552090,122.036778770,Other,random,C7H6O2,122.036780000,RC2_0018_ICR-1_p08
403.160778590,525.197557360,122.036778770,Other,random,C7H6O2,122.036780000,RC2_0018_ICR-1_p08
415.160838112,537.197617882,122.036779770,Other,random,C7H6O2,122.036780000,RC2_0018_ICR-1_p08
509.107285838,631.144065608,122.036779770,Other,random,C7H6O2,122.036780000,RC2_0018_ICR-1_p08
377.014726613,499.051508383,122.036781770,Other,random,C7H6O2,122.036780000,RC2_0018_ICR-1_p08
379.103195869,501.139977639,122.036781770,Other,random,C7H6O2,122.036780000,RC2_0018_ICR-1_p08
385.077536275,507.114318045,122.036781770,Other,random,C7H6O2,122.036780000,RC2_0018_ICR-1_p08
393.082475262,515.119257032,122.036781770,Other,random,C7H6O2,122.036780000,RC2_0018_ICR-1_p08
381.046201943,503.082984714,122.036782770,Other,random,C7H6O2,122.036780000,RC2_0018_ICR-1_p08
439.210349878,561.247133649,122.036783770,Other,random,C7H6O2,122.036780000,RC2_0018_ICR-1_p08
461.072426945,583.109210715,122.036783770,Other,random,C7H6O2,122.036780000,RC2_0018_ICR-1_p08
373.142179389,495.178963159,122.036783770,Other,random,C7H6O2,122.036780000,RC2_0018_ICR-1_p08
393.119012056,515.155796827,122.036784770,Other,random,C7H6O2,122.036780000,RC2_0018_ICR-1_p08
519.200281084,641.237065854,122.036784770,Other,random,C7H6O2,122.036780000,RC2_0018_ICR-1_p08
665.281998646,787.318783416,122.036784770,Other,random,C7H6O2,122.036780000,RC2_0018_ICR-1_p08
333.082651649,455.119437419,122.036785770,Other,random,C7H6O2,122.036780000,RC2_0018_ICR-1_p08
355.066866029,477.103651799,122.036785770,Other,random,C7H6O2,122.036780000,RC2_0018_ICR-1_p08
317.196837977,439.233623747,122.036785770,Other,random,C7H6O2,122.036780000,RC2_0018_ICR-1_p08
389.173446243,511.210232013,122.036785770,Other,random,C7H6O2,122.036780000,RC2_0018_ICR-1_p08
355.139784619,477.176571389,122.036786770,Other,random,C7H6O2,122.036780000,RC2_0018_ICR-1_p08
367.066843551,489.103630321,122.036786770,Other,random,C7H6O2,122.036780000,RC2_0018_ICR-1_p08
325.092754577,447.129542348,122.036787770,Other,random,C7H6O2,122.036780000,RC2_0018_ICR-1_p08
401.145151924,523.181939694,122.036787770,Other,random,C7H6O2,122.036780000,RC2_0018_ICR-1_p08
345.155401762,467.192190533,122.036788770,Other,random,C7H6O2,122.036780000,RC2_0018_ICR-1_p08
359.134577155,481.171365926,122.036788770,Other,random,C7H6O2,122.036780000,RC2_0018_ICR-1_p08
338.051698707,460.088487478,122.036788770,Other,random,C7H6O2,122.036780000,RC2_0018_ICR-1_p08
383.170868996,505.207658766,122.036789770,Other,random,C7H6O2,122.036780000,RC2_0018_ICR-1_p08
651.266199459,773.338029032,122.071829573,Other,random,C6H8N3,122.071822000,RC2_0018_ICR-1_p08
519.163910288,641.237065854,122.073155566,Other,random,C8H10O1,122.073165000,RC2_0018_ICR-1_p08
429.140164504,551.213320070,122.073155566,Other,random,C8H10O1,122.073165000,RC2_0018_ICR-1_p08
323.126517634,445.199674200,122.073156566,Other,random,C8H10O1,122.073165000,RC2_0018_ICR-1_p08
365.118477507,487.191634073,122.073156566,Other,random,C8H10O1,122.073165000,RC2_0018_ICR-1_p08
389.072423811,511.145581377,122.073157566,Other,random,C8H10O1,122.073165000,RC2_0018_ICR-1_p08
329.116004954,451.189162520,122.073157566,Other,random,C8H10O1,122.073165000,RC2_0018_ICR-1_p08
393.119012056,515.192170622,122.073158566,Other,random,C8H10O1,122.073165000,RC2_0018_ICR-1_p08
613.250322227,735.323481793,122.073159566,Other,random,C8H10O1,122.073165000,RC2_0018_ICR-1_p08
493.062323061,615.135482627,122.073159566,Other,random,C8H10O1,122.073165000,RC2_0018_ICR-1_p08
389.145163402,511.218323967,122.073160566,Other,random,C8H10O1,122.073165000,RC2_0018_ICR-1_p08
378.046484811,500.119645377,122.073160566,Other,random,C8H10O1,122.073165000,RC2_0018_ICR-1_p08
373.069405798,495.142567364,122.073161566,Other,random,C8H10O1,122.073165000,RC2_0018_ICR-1_p08
268.082672153,390.155833719,122.073161566,Other,random,C8H10O1,122.073165000,RC2_0018_ICR-1_p08
441.067310436,563.140473002,122.073162566,Other,random,C8H10O1,122.073165000,RC2_0018_ICR-1_p08
351.085128419,473.158290984,122.073162566,Other,random,C8H10O1,122.073165000,RC2_0018_ICR-1_p08
322.020362854,444.093525420,122.073162566,Other,random,C8H10O1,122.073165000,RC2_0018_ICR-1_p08
361.142082867,483.215245433,122.073162566,Other,random,C8H10O1,122.073165000,RC2_0018_ICR-1_p08
373.105800593,495.178963159,122.073162566,Other,random,C8H10O1,122.073165000,RC2_0018_ICR-1_p08
585.182818055,707.255981621,122.073163566,Other,random,C8H10O1,122.073165000,RC2_0018_ICR-1_p08
449.108817218,571.181980784,122.073163566,Other,random,C8H10O1,122.073165000,RC2_0018_ICR-1_p08
575.198510198,697.271674764,122.073164566,Other,random,C8H10O1,122.073165000,RC2_0018_ICR-1_p08
339.121500692,461.194665257,122.073164566,Other,random,C8H10O1,122.073165000,RC2_0018_ICR-1_p08
373.041127957,495.114294523,122.073166566,Other,random,C8H10O1,122.073165000,RC2_0018_ICR-1_p08
401.181564719,523.254731285,122.073166566,Other,random,C8H10O1,122.073165000,RC2_0018_ICR-1_p08
437.139631522,559.212798088,122.073166566,Other,random,C8H10O1,122.073165000,RC2_0018_ICR-1_p08
371.098113883,493.171282449,122.073168566,Other,random,C8H10O1,122.073165000,RC2_0018_ICR-1_p08
337.069330231,459.142498797,122.073168566,Other,random,C8H10O1,122.073165000,RC2_0018_ICR-1_p08
413.181593242,535.254761807,122.073168566,Other,random,C8H10O1,122.073165000,RC2_0018_ICR-1_p08
337.142290821,459.215459387,122.073168566,Other,random,C8H10O1,122.073165000,RC2_0018_ICR-1_p08
605.078715178,727.151885743,122.073170566,Other,random,C8H10O1,122.073165000,RC2_0018_ICR-1_p08
379.116272796,501.189443361,122.073170566,Other,random,C8H10O1,122.073165000,RC2_0018_ICR-1_p08
503.177032185,625.250202750,122.073170566,Other,random,C8H10O1,122.073165000,RC2_0018_ICR-1_p08
363.157821532,485.230993098,122.073171566,Other,random,C8H10O1,122.073165000,RC2_0018_ICR-1_p08
559.167020345,681.240191911,122.073171566,Other,random,C8H10O1,122.073165000,RC2_0018_ICR-1_p08
393.132103983,515.205276548,122.073172566,Other,random,C8H10O1,122.073165000,RC2_0018_ICR-1_p08
393.059256392,515.132429958,122.073173566,Other,random,C8H10O1,122.073165000,RC2_0018_ICR-1_p08
459.106246001,581.179420567,122.073174566,Other,random,C8H10O1,122.073165000,RC2_0018_ICR-1_p08
385.186550662,507.259725227,122.073174566,Other,random,C8H10O1,122.073165000,RC2_0018_ICR-1_p08
523.181939694,646.177574073,122.995634379,Other,random,C5H1N1O3,122.995644000,RC2_0018_ICR-1_p08
355.176065415,478.171700793,122.995635379,Other,random,C5H1N1O3,122.995644000,RC2_0018_ICR-1_p08
509.202691302,632.198332680,122.995641378,Other,random,C5H1N1O3,122.995644000,RC2_0018_ICR-1_p08
367.103377346,490.099018724,122.995641378,Other,random,C5H1N1O3,122.995644000,RC2_0018_ICR-1_p08
423.056851712,546.052493090,122.995641378,Other,random,C5H1N1O3,122.995644000,RC2_0018_ICR-1_p08
291.051104998,414.046747377,122.995642378,Other,random,C5H1N1O3,122.995644000,RC2_0018_ICR-1_p08
307.045929057,430.041572436,122.995643378,Other,random,C5H1N1O3,122.995644000,RC2_0018_ICR-1_p08
359.061895564,482.057540943,122.995645378,Other,random,C5H1N1O3,122.995644000,RC2_0018_ICR-1_p08
439.088051566,562.083698944,122.995647378,Other,random,C5H1N1O3,122.995644000,RC2_0018_ICR-1_p08
323.077086912,446.072735290,122.995648378,Other,random,C5H1N1O3,122.995644000,RC2_0018_ICR-1_p08
351.144828083,474.140476461,122.995648378,Other,random,C5H1N1O3,122.995644000,RC2_0018_ICR-1_p08
409.077449320,532.073097698,122.995648378,Other,random,C5H1N1O3,122.995644000,RC2_0018_ICR-1_p08
269.066697620,392.075233926,123.008536306,Other,random,C2H6N1O3P1,123.008532000,RC2_0018_ICR-1_p08
337.092826099,460.101363405,123.008537306,Other,random,C2H6N1O3P1,123.008532000,RC2_0018_ICR-1_p08
249.076938025,372.085476331,123.008538306,Other,random,C2H6N1O3P1,123.008532000,RC2_0018_ICR-1_p08
293.139452255,416.147990561,123.008538306,Other,random,C2H6N1O3P1,123.008532000,RC2_0018_ICR-1_p08
467.132204870,590.188043910,123.055839040,Other,random,C6H7N2O1,123.055838000,RC2_0018_ICR-1_p08
376.031052144,499.086899184,123.055847040,Other,random,C6H7N2O1,123.055838000,RC2_0018_ICR-1_p08
453.030979163,576.135770928,123.104791765,Other,random,C8H13N1,123.104799000,RC2_0018_ICR-1_p08
457.062334494,580.167133259,123.104798765,Other,random,C8H13N1,123.104799000,RC2_0018_ICR-1_p08
301.092914532,424.197716296,123.104801765,Other,random,C8H13N1,123.104799000,RC2_0018_ICR-1_p08
351.035673697,474.140476461,123.104802765,Other,random,C8H13N1,123.104799000,RC2_0018_ICR-1_p08
453.067312959,576.172119723,123.104806765,Other,random,C8H13N1,123.104799000,RC2_0018_ICR-1_p08
309.134276314,433.090430291,123.956153977,Other,random,H1C1O5P1,123.956163000,RC2_0018_ICR-1_p08
239.128991963,363.085145941,123.956153977,Other,random,H1C1O5P1,123.956163000,RC2_0018_ICR-1_p08
291.087506794,415.043661771,123.956154977,Other,random,H1C1O5P1,123.956163000,RC2_0018_ICR-1_p08
325.129201372,449.085357350,123.956155977,Other,random,H1C1O5P1,123.956163000,RC2_0018_ICR-1_p08
307.118651648,431.074818626,123.956166977,Other,random,H1C1O5P1,123.956163000,RC2_0018_ICR-1_p08
251.128963486,375.085130463,123.956166977,Other,random,H1C1O5P1,123.956163000,RC2_0018_ICR-1_p08
329.139460822,453.095627799,123.956166977,Other,random,H1C1O5P1,123.956163000,RC2_0018_ICR-1_p08
331.118694693,455.074861670,123.956166977,Other,random,H1C1O5P1,123.956163000,RC2_0018_ICR-1_p08
277.071783606,401.027953583,123.956169977,Other,random,H1C1O5P1,123.956163000,RC2_0018_ICR-1_p08
347.149943547,471.106115524,123.956171977,Other,random,H1C1O5P1,123.956163000,RC2_0018_ICR-1_p08
575.177091318,699.142357245,123.965265926,Other,random,C2H4O2S2,123.965274000,RC2_0018_ICR-1_p08
643.239707593,767.204976519,123.965268926,Other,random,C2H4O2S2,123.965274000,RC2_0018_ICR-1_p08
311.113506185,435.106045957,123.992539773,Other,random,C2H5O4P1,123.992548000,RC2_0018_ICR-1_p08
253.144585152,377.137126925,123.992541773,Other,random,C2H5O4P1,123.992548000,RC2_0018_ICR-1_p08
231.030005505,355.022549278,123.992543773,Other,random,C2H5O4P1,123.992548000,RC2_0018_ICR-1_p08
263.056167418,387.048711190,123.992543773,Other,random,C2H5O4P1,123.992548000,RC2_0018_ICR-1_p08
267.051106954,391.043650726,123.992543773,Other,random,C2H5O4P1,123.992548000,RC2_0018_ICR-1_p08
321.134254837,445.126798609,123.992543773,Other,random,C2H5O4P1,123.992548000,RC2_0018_ICR-1_p08
341.124159431,465.116704203,123.992544773,Other,random,C2H5O4P1,123.992548000,RC2_0018_ICR-1_p08
318.155843585,442.148389357,123.992545773,Other,random,C2H5O4P1,123.992548000,RC2_0018_ICR-1_p08
385.223030456,509.215577229,123.992546773,Other,random,C2H5O4P1,123.992548000,RC2_0018_ICR-1_p08
391.066921595,515.059469368,123.992547773,Other,random,C2H5O4P1,123.992548000,RC2_0018_ICR-1_p08
261.076909547,385.069458320,123.992548773,Other,random,C2H5O4P1,123.992548000,RC2_0018_ICR-1_p08
309.170708109,433.163257882,123.992549773,Other,random,C2H5O4P1,123.992548000,RC2_0018_ICR-1_p08
345.097855086,469.090405859,123.992550773,Other,random,C2H5O4P1,123.992548000,RC2_0018_ICR-1_p08
361.092720145,485.085273917,123.992553773,Other,random,C2H5O4P1,123.992548000,RC2_0018_ICR-1_p08
233.154789557,357.147344330,123.992554773,Other,random,C2H5O4P1,123.992548000,RC2_0018_ICR-1_p08
273.040585274,397.033141047,123.992555773,Other,random,C2H5O4P1,123.992548000,RC2_0018_ICR-1_p08
275.056210940,399.048766712,123.992555773,Other,random,C2H5O4P1,123.992548000,RC2_0018_ICR-1_p08
309.061572723,433.054128496,123.992555773,Other,random,C2H5O4P1,123.992548000,RC2_0018_ICR-1_p08
355.212632209,479.205187982,123.992555773,Other,random,C2H5O4P1,123.992548000,RC2_0018_ICR-1_p08
291.051104998,415.043661771,123.992556773,Other,random,C2H5O4P1,123.992548000,RC2_0018_ICR-1_p08
371.077064001,495.069621774,123.992557773,Other,random,C2H5O4P1,123.992548000,RC2_0018_ICR-1_p08
393.059256392,517.075419032,124.016162640,Other,random,C6H4O3,124.016171900,RC2_0018_ICR-1_p08
393.155263852,517.171426492,124.016162640,Other,random,C6H4O3,124.016171900,RC2_0018_ICR-1_p08
361.186629616,485.202792256,124.016162640,Other,random,C6H4O3,124.016171900,RC2_0018_ICR-1_p08
365.100605608,489.116768248,124.016162640,Other,random,C6H4O3,124.016171900,RC2_0018_ICR-1_p08
425.145109969,549.161272609,124.016162640,Other,random,C6H4O3,124.016171900,RC2_0018_ICR-1_p08
467.192190533,591.208353172,124.016162640,Other,random,C6H4O3,124.016171900,RC2_0018_ICR-1_p08
513.161296042,637.177458682,124.016162640,Other,random,C6H4O3,124.016171900,RC2_0018_ICR-1_p08
431.111355420,555.127519060,124.016163640,Other,random,C6H4O3,124.016171900,RC2_0018_ICR-1_p08
331.095213825,455.111377465,124.016163640,Other,random,C6H4O3,124.016171900,RC2_0018_ICR-1_p08
599.125351654,723.141516294,124.016164640,Other,random,C6H4O3,124.016171900,RC2_0018_ICR-1_p08
361.129068940,485.145233580,124.016164640,Other,random,C6H4O3,124.016171900,RC2_0018_ICR-1_p08
713.266514823,837.282679462,124.016164640,Other,random,C6H4O3,124.016171900,RC2_0018_ICR-1_p08
471.215339910,595.231504550,124.016164640,Other,random,C6H4O3,124.016171900,RC2_0018_ICR-1_p08
605.237040287,729.253205927,124.016165640,Other,random,C6H4O3,124.016171900,RC2_0018_ICR-1_p08
435.178966547,559.195132187,124.016165640,Other,random,C6H4O3,124.016171900,RC2_0018_ICR-1_p08
519.223541953,643.239707593,124.016165640,Other,random,C6H4O3,124.016171900,RC2_0018_ICR-1_p08
517.265347964,641.281513604,124.016165640,Other,random,C6H4O3,124.016171900,RC2_0018_ICR-1_p08
395.098147927,519.114314567,124.016166640,Other,random,C6H4O3,124.016171900,RC2_0018_ICR-1_p08
475.088072133,599.104238773,124.016166640,Other,random,C6H4O3,124.016171900,RC2_0018_ICR-1_p08
471.041488887,595.057655527,124.016166640,Other,random,C6H4O3,124.016171900,RC2_0018_ICR-1_p08
473.231122575,597.247289215,124.016166640,Other,random,C6H4O3,124.016171900,RC2_0018_ICR-1_p08
409.180896738,533.197063378,124.016166640,Other,random,C6H4O3,124.016171900,RC2_0018_ICR-1_p08
473.072452467,597.088619107,124.016166640,Other,random,C6H4O3,124.016171900,RC2_0018_ICR-1_p08
569.114867407,693.131034047,124.016166640,Other,random,C6H4O3,124.016171900,RC2_0018_ICR-1_p08
553.265376531,677.281544171,124.016167640,Other,random,C6H4O3,124.016171900,RC2_0018_ICR-1_p08
649.250440794,773.266608434,124.016167640,Other,random,C6H4O3,124.016171900,RC2_0018_ICR-1_p08
505.257441486,629.273609126,124.016167640,Other,random,C6H4O3,124.016171900,RC2_0018_ICR-1_p08
517.135048697,641.151217337,124.016168640,Other,random,C6H4O3,124.016171900,RC2_0018_ICR-1_p08
539.068004365,663.084173005,124.016168640,Other,random,C6H4O3,124.016171900,RC2_0018_ICR-1_p08
389.064304856,513.080473496,124.016168640,Other,random,C6H4O3,124.016171900,RC2_0018_ICR-1_p08
625.141348363,749.157517002,124.016168640,Other,random,C6H4O3,124.016171900,RC2_0018_ICR-1_p08
505.119914260,629.136084900,124.016170640,Other,random,C6H4O3,124.016171900,RC2_0018_ICR-1_p08
459.165850666,583.182021306,124.016170640,Other,random,C6H4O3,124.016171900,RC2_0018_ICR-1_p08
285.126192315,409.142363955,124.016171640,Other,random,C6H4O3,124.016171900,RC2_0018_ICR-1_p08
427.233648225,551.249819865,124.016171640,Other,random,C6H4O3,124.016171900,RC2_0018_ICR-1_p08
408.093431853,532.109604493,124.016172640,Other,random,C6H4O3,124.016171900,RC2_0018_ICR-1_p08
531.244893355,655.261065995,124.016172640,Other,random,C6H4O3,124.016171900,RC2_0018_ICR-1_p08
365.051176886,489.067350525,124.016173640,Other,random,C6H4O3,124.016171900,RC2_0018_ICR-1_p08
427.210289356,551.226462996,124.016173640,Other,random,C6H4O3,124.016171900,RC2_0018_ICR-1_p08
312.072382793,436.088556433,124.016173640,Other,random,C6H4O3,124.016171900,RC2_0018_ICR-1_p08
477.153183520,601.169358160,124.016174640,Other,random,C6H4O3,124.016171900,RC2_0018_ICR-1_p08
357.183486127,481.199660767,124.016174640,Other,random,C6H4O3,124.016171900,RC2_0018_ICR-1_p08
437.212226114,561.228400754,124.016174640,Other,random,C6H4O3,124.016171900,RC2_0018_ICR-1_p08
364.140123009,488.156299648,124.016176640,Other,random,C6H4O3,124.016171900,RC2_0018_ICR-1_p08
403.124415795,527.140592434,124.016176640,Other,random,C6H4O3,124.016171900,RC2_0018_ICR-1_p08
387.121390782,511.137567422,124.016176640,Other,random,C6H4O3,124.016171900,RC2_0018_ICR-1_p08
377.100616130,501.116793770,124.016177640,Other,random,C6H4O3,124.016171900,RC2_0018_ICR-1_p08
385.223030456,509.239208096,124.016177640,Other,random,C6H4O3,124.016171900,RC2_0018_ICR-1_p08
421.077519842,545.093698482,124.016178640,Other,random,C6H4O3,124.016171900,RC2_0018_ICR-1_p08
417.118983101,541.135162741,124.016179640,Other,random,C6H4O3,124.016171900,RC2_0018_ICR-1_p08
343.131660142,467.147840782,124.016180640,Other,random,C6H4O3,124.016171900,RC2_0018_ICR-1_p08
371.098113883,495.114294523,124.016180640,Other,random,C6H4O3,124.016171900,RC2_0018_ICR-1_p08
381.155172331,505.171352970,124.016180640,Other,random,C6H4O3,124.016171900,RC2_0018_ICR-1_p08
407.111262376,531.127444016,124.016181640,Other,random,C6H4O3,124.016171900,RC2_0018_ICR-1_p08
559.231504983,683.271351490,124.039846507,Other,random,C6H6N1O2,124.039854000,RC2_0018_ICR-1_p08
448.137604679,572.177452186,124.039847507,Other,random,C6H6N1O2,124.039854000,RC2_0018_ICR-1_p08
429.095608755,553.135457262,124.039848507,Other,random,C6H6N1O2,124.039854000,RC2_0018_ICR-1_p08
515.095892163,639.135744670,124.039852507,Other,random,C6H6N1O2,124.039854000,RC2_0018_ICR-1_p08
589.205801433,713.245656940,124.039855507,Other,random,C6H6N1O2,124.039854000,RC2_0018_ICR-1_p08
453.225677068,577.265535575,124.039858507,Other,random,C6H6N1O2,124.039854000,RC2_0018_ICR-1_p08
493.184342375,617.224202882,124.039860507,Other,random,C6H6N1O2,124.039854000,RC2_0018_ICR-1_p08
410.122159445,534.162019952,124.039860507,Other,random,C6H6N1O2,124.039854000,RC2_0018_ICR-1_p08
491.168770709,615.208632216,124.039861507,Other,random,C6H6N1O2,124.039854000,RC2_0018_ICR-1_p08
251.092540691,376.115062672,125.022521981,Other,random,C4H3N3O2,125.022527000,RC2_0018_ICR-1_p08
493.148116579,618.183214489,125.035097910,Other,random,thymine (-H),125.035102500,RC2_0018_ICR-1_p08
493.148116579,618.183214489,125.035097910,Other,random,thymine_(_H)_C5H5N2O2,125.035103000,RC2_0018_ICR-1_p08
431.119459374,557.143151726,126.023692351,Other,random,C7H7Cl1,126.023700000,RC2_0018_ICR-1_p08
375.056765623,501.080459974,126.023694351,Other,random,C7H7Cl1,126.023700000,RC2_0018_ICR-1_p08
317.196837977,443.220533328,126.023695351,Other,random,C7H7Cl1,126.023700000,RC2_0018_ICR-1_p08
427.197336429,553.221032780,126.023696351,Other,random,C7H7Cl1,126.023700000,RC2_0018_ICR-1_p08
403.051699203,529.075397555,126.023698351,Other,random,C7H7Cl1,126.023700000,RC2_0018_ICR-1_p08
406.049399347,532.073097698,126.023698351,Other,random,C7H7Cl1,126.023700000,RC2_0018_ICR-1_p08
311.077148389,437.100848740,126.023700351,Other,random,C7H7Cl1,126.023700000,RC2_0018_ICR-1_p08
485.093440871,611.117146223,126.023705351,Other,random,C7H7Cl1,126.023700000,RC2_0018_ICR-1_p08
448.060140115,574.083845466,126.023705351,Other,random,C7H7Cl1,126.023700000,RC2_0018_ICR-1_p08
311.113506185,437.137212536,126.023706351,Other,random,C7H7Cl1,126.023700000,RC2_0018_ICR-1_p08
443.119421897,569.143131248,126.023709351,Other,random,C7H7Cl1,126.023700000,RC2_0018_ICR-1_p08
313.084699100,439.116384407,126.031685306,Other,random,C6H6O3,126.031695000,RC2_0018_ICR-1_p08
334.056802171,460.088487478,126.031685306,Other,random,C6H6O3,126.031695000,RC2_0018_ICR-1_p08
353.087646158,479.119331465,126.031685306,Other,random,C6H6O3,126.031695000,RC2_0018_ICR-1_p08
333.025090973,459.056776279,126.031685306,Other,random,C6H6O3,126.031695000,RC2_0018_ICR-1_p08
324.072401315,450.104088621,126.031687306,Other,random,C6H6O3,126.031695000,RC2_0018_ICR-1_p08
464.119708810,590.151396116,126.031687306,Other,random,C6H6O3,126.031695000,RC2_0018_ICR-1_p08
331.095213825,457.126902131,126.031688306,Other,random,C6H6O3,126.031695000,RC2_0018_ICR-1_p08
349.069490753,475.101180059,126.031689306,Other,random,C6H6O3,126.031695000,RC2_0018_ICR-1_p08
390.046627333,516.078316639,126.031689306,Other,random,C6H6O3,126.031695000,RC2_0018_ICR-1_p08
400.116835707,526.148525013,126.031689306,Other,random,C6H6O3,126.031695000,RC2_0018_ICR-1_p08
329.060927264,455.092617570,126.031690306,Other,random,C6H6O3,126.031695000,RC2_0018_ICR-1_p08
351.194251805,477.225943111,126.031691306,Other,random,C6H6O3,126.031695000,RC2_0018_ICR-1_p08
357.082606694,483.114298000,126.031691306,Other,random,C6H6O3,126.031695000,RC2_0018_ICR-1_p08
345.134324881,471.166017187,126.031692306,Other,random,C6H6O3,126.031695000,RC2_0018_ICR-1_p08
405.059303914,531.090996221,126.031692306,Other,random,C6H6O3,126.031695000,RC2_0018_ICR-1_p08
395.183973445,521.215665751,126.031692306,Other,random,C6H6O3,126.031695000,RC2_0018_ICR-1_p08
315.064025970,441.095719277,126.031693306,Other,random,C6H6O3,126.031695000,RC2_0018_ICR-1_p08
383.134591200,509.166284506,126.031693306,Other,random,C6H6O3,126.031695000,RC2_0018_ICR-1_p08
379.139658664,505.171352970,126.031694306,Other,random,C6H6O3,126.031695000,RC2_0018_ICR-1_p08
375.165934009,501.197629315,126.031695306,Other,random,C6H6O3,126.031695000,RC2_0018_ICR-1_p08
379.175962460,505.207658766,126.031696306,Other,random,C6H6O3,126.031695000,RC2_0018_ICR-1_p08
381.076875771,507.108572077,126.031696306,Other,random,C6H6O3,126.031695000,RC2_0018_ICR-1_p08
349.056375827,475.088072133,126.031696306,Other,random,C6H6O3,126.031695000,RC2_0018_ICR-1_p08
647.234912127,773.266608434,126.031696306,Other,random,C6H6O3,126.031695000,RC2_0018_ICR-1_p08
387.056790145,513.088487451,126.031697306,Other,random,C6H6O3,126.031695000,RC2_0018_ICR-1_p08
387.144773650,513.176471957,126.031698306,Other,random,C6H6O3,126.031695000,RC2_0018_ICR-1_p08
305.103027982,431.134726289,126.031698306,Other,random,C6H6O3,126.031695000,RC2_0018_ICR-1_p08
397.199620110,523.231318417,126.031698306,Other,random,C6H6O3,126.031695000,RC2_0018_ICR-1_p08
441.083111348,567.114809654,126.031698306,Other,random,C6H6O3,126.031695000,RC2_0018_ICR-1_p08
406.041398392,532.073097698,126.031699306,Other,random,C6H6O3,126.031695000,RC2_0018_ICR-1_p08
381.131978461,507.163678767,126.031700306,Other,random,C6H6O3,126.031695000,RC2_0018_ICR-1_p08
315.181230311,441.212932618,126.031702306,Other,random,C6H6O3,126.031695000,RC2_0018_ICR-1_p08
339.144749561,465.176451867,126.031702306,Other,random,C6H6O3,126.031695000,RC2_0018_ICR-1_p08
311.105509230,437.137212536,126.031703306,Other,random,C6H6O3,126.031695000,RC2_0018_ICR-1_p08
329.116004954,455.147708260,126.031703306,Other,random,C6H6O3,126.031695000,RC2_0018_ICR-1_p08
349.105776549,475.137479855,126.031703306,Other,random,C6H6O3,126.031695000,RC2_0018_ICR-1_p08
401.137058970,527.168762276,126.031703306,Other,random,C6H6O3,126.031695000,RC2_0018_ICR-1_p08
347.149943547,473.181647853,126.031704306,Other,random,C6H6O3,126.031695000,RC2_0018_ICR-1_p08
331.082224898,457.113929204,126.031704306,Other,random,C6H6O3,126.031695000,RC2_0018_ICR-1_p08
469.163378448,595.195082755,126.031704306,Other,random,C6H6O3,126.031695000,RC2_0018_ICR-1_p08
517.165802524,643.203539796,126.037737272,Other,random,C6H8N1S1,126.037746000,RC2_0018_ICR-1_p08
531.217942507,657.255690779,126.037748272,Other,random,C6H8N1S1,126.037746000,RC2_0018_ICR-1_p08
667.094262456,793.184803431,126.090540975,Other,random,C5H10N4,126.090546000,RC2_0018_ICR-1_p08
345.110884013,471.215339910,126.104455897,Other,random,C8H14O1,126.104465000,RC2_0018_ICR-1_p08
387.108287855,513.212743753,126.104455897,Other,random,C8H14O1,126.104465000,RC2_0018_ICR-1_p08
403.160778590,529.265234487,126.104455897,Other,random,C8H14O1,126.104465000,RC2_0018_ICR-1_p08
373.033090002,499.137545899,126.104455897,Other,random,C8H14O1,126.104465000,RC2_0018_ICR-1_p08
313.084699100,439.189155997,126.104456897,Other,random,C8H14O1,126.104465000,RC2_0018_ICR-1_p08
327.072060447,453.176517345,126.104456897,Other,random,C8H14O1,126.104465000,RC2_0018_ICR-1_p08
339.035559175,465.140017072,126.104457897,Other,random,C8H14O1,126.104465000,RC2_0018_ICR-1_p08
405.077009815,531.181467712,126.104457897,Other,random,C8H14O1,126.104465000,RC2_0018_ICR-1_p08
429.059377959,555.163835856,126.104457897,Other,random,C8H14O1,126.104465000,RC2_0018_ICR-1_p08
319.067003461,445.171461358,126.104457897,Other,random,C8H14O1,126.104465000,RC2_0018_ICR-1_p08
331.082224898,457.186682795,126.104457897,Other,random,C8H14O1,126.104465000,RC2_0018_ICR-1_p08
347.040717161,473.145175058,126.104457897,Other,random,C8H14O1,126.104465000,RC2_0018_ICR-1_p08
353.087646158,479.192105055,126.104458897,Other,random,C8H14O1,126.104465000,RC2_0018_ICR-1_p08
373.056418871,499.160877768,126.104458897,Other,random,C8H14O1,126.104465000,RC2_0018_ICR-1_p08
329.116004954,455.220463851,126.104458897,Other,random,C8H14O1,126.104465000,RC2_0018_ICR-1_p08
475.088072133,601.192532030,126.104459897,Other,random,C8H14O1,126.104465000,RC2_0018_ICR-1_p08
489.067350525,615.171810423,126.104459897,Other,random,C8H14O1,126.104465000,RC2_0018_ICR-1_p08
433.108338191,559.212798088,126.104459897,Other,random,C8H14O1,126.104465000,RC2_0018_ICR-1_p08
341.116063476,467.220524373,126.104460897,Other,random,C8H14O1,126.104465000,RC2_0018_ICR-1_p08
367.152737068,493.257197965,126.104460897,Other,random,C8H14O1,126.104465000,RC2_0018_ICR-1_p08
445.041127091,571.145587988,126.104460897,Other,random,C8H14O1,126.104465000,RC2_0018_ICR-1_p08
337.056318305,463.160781202,126.104462897,Other,random,C8H14O1,126.104465000,RC2_0018_ICR-1_p08
379.103195869,505.207658766,126.104462897,Other,random,C8H14O1,126.104465000,RC2_0018_ICR-1_p08
373.113906548,499.218370445,126.104463897,Other,random,C8H14O1,126.104465000,RC2_0018_ICR-1_p08
479.095989596,605.200453493,126.104463897,Other,random,C8H14O1,126.104465000,RC2_0018_ICR-1_p08
357.092265640,483.196730537,126.104464897,Other,random,C8H14O1,126.104465000,RC2_0018_ICR-1_p08
389.087704725,515.192170622,126.104465897,Other,random,C8H14O1,126.104465000,RC2_0018_ICR-1_p08
355.152895545,481.257362442,126.104466897,Other,random,C8H14O1,126.104465000,RC2_0018_ICR-1_p08
337.020022509,463.124489406,126.104466897,Other,random,C8H14O1,126.104465000,RC2_0018_ICR-1_p08
313.129155850,439.233623747,126.104467897,Other,random,C8H14O1,126.104465000,RC2_0018_ICR-1_p08
429.168543345,555.273013242,126.104469897,Other,random,C8H14O1,126.104465000,RC2_0018_ICR-1_p08
359.077076479,485.181546376,126.104469897,Other,random,C8H14O1,126.104465000,RC2_0018_ICR-1_p08
371.090062928,497.194532825,126.104469897,Other,random,C8H14O1,126.104465000,RC2_0018_ICR-1_p08
513.161296042,639.265766939,126.104470897,Other,random,C8H14O1,126.104465000,RC2_0018_ICR-1_p08
345.074575217,471.179046114,126.104470897,Other,random,C8H14O1,126.104465000,RC2_0018_ICR-1_p08
305.030254392,431.134726289,126.104471897,Other,random,C8H14O1,126.104465000,RC2_0018_ICR-1_p08
393.155263852,519.259737750,126.104473897,Other,random,C8H14O1,126.104465000,RC2_0018_ICR-1_p08
406.062866271,532.167340168,126.104473897,Other,random,C8H14O1,126.104465000,RC2_0018_ICR-1_p08
337.069330231,463.173805128,126.104474897,Other,random,C8H14O1,126.104465000,RC2_0018_ICR-1_p08
550.083789422,676.188264319,126.104474897,Other,random,C8H14O1,126.104465000,RC2_0018_ICR-1_p08
423.056851712,550.083789422,127.026937710,Other,random,C5H5O3N1,127.026944000,RC2_0018_ICR-1_p08
287.019806667,414.046747377,127.026940710,Other,random,C5H5O3N1,127.026944000,RC2_0018_ICR-1_p08
453.176517345,580.203461055,127.026943710,Other,random,C5H5O3N1,127.026944000,RC2_0018_ICR-1_p08
233.045621171,360.072564881,127.026943710,Other,random,C5H5O3N1,127.026944000,RC2_0018_ICR-1_p08
317.196837977,444.223788687,127.026950710,Other,random,C5H5O3N1,127.026944000,RC2_0018_ICR-1_p08
397.113852593,524.140806303,127.026953710,Other,random,C5H5O3N1,127.026944000,RC2_0018_ICR-1_p08
343.045791625,470.072745335,127.026953710,Other,random,C5H5O3N1,127.026944000,RC2_0018_ICR-1_p08
449.108817218,576.135770928,127.026953710,Other,random,C5H5O3N1,127.026944000,RC2_0018_ICR-1_p08
553.165369093,680.192322803,127.026953710,Other,random,C5H5O3N1,127.026944000,RC2_0018_ICR-1_p08
323.040768116,450.104088621,127.063320505,Other,random,C6H9O2N1,127.063329000,RC2_0018_ICR-1_p08
367.030606755,494.093928260,127.063321505,Other,random,C6H9O2N1,127.063329000,RC2_0018_ICR-1_p08
493.135089652,620.198414157,127.063324505,Other,random,C6H9O2N1,127.063329000,RC2_0018_ICR-1_p08
429.031055118,556.094381623,127.063326505,Other,random,C6H9O2N1,127.063329000,RC2_0018_ICR-1_p08
307.009487262,434.072813767,127.063326505,Other,random,C6H9O2N1,127.063329000,RC2_0018_ICR-1_p08
321.097860041,448.161186547,127.063326505,Other,random,C6H9O2N1,127.063329000,RC2_0018_ICR-1_p08
393.009766671,520.073094176,127.063327505,Other,random,C6H9O2N1,127.063329000,RC2_0018_ICR-1_p08
347.077144956,474.140476461,127.063331505,Other,random,C6H9O2N1,127.063329000,RC2_0018_ICR-1_p08
409.041086524,536.104419030,127.063332505,Other,random,C6H9O2N1,127.063329000,RC2_0018_ICR-1_p08
331.058906029,459.069856206,128.010950177,Other,random,C5H4O4,128.010960000,RC2_0018_ICR-1_p08
373.056418871,501.067369048,128.010950177,Other,random,C5H4O4,128.010960000,RC2_0018_ICR-1_p08
605.297325948,733.308276125,128.010950177,Other,random,C5H4O4,128.010960000,RC2_0018_ICR-1_p08
375.085130463,503.096080640,128.010950177,Other,random,C5H4O4,128.010960000,RC2_0018_ICR-1_p08
383.126616245,511.137567422,128.010951177,Other,random,C5H4O4,128.010960000,RC2_0018_ICR-1_p08
385.077536275,513.088487451,128.010951177,Other,random,C5H4O4,128.010960000,RC2_0018_ICR-1_p08
343.045791625,471.056742802,128.010951177,Other,random,C5H4O4,128.010960000,RC2_0018_ICR-1_p08
336.108756633,464.119708810,128.010952177,Other,random,C5H4O4,128.010960000,RC2_0018_ICR-1_p08
436.124749229,564.135701406,128.010952177,Other,random,C5H4O4,128.010960000,RC2_0018_ICR-1_p08
435.165934621,563.176886797,128.010952177,Other,random,C5H4O4,128.010960000,RC2_0018_ICR-1_p08
359.134577155,487.145530332,128.010953177,Other,random,C5H4O4,128.010960000,RC2_0018_ICR-1_p08
387.102687887,515.113641064,128.010953177,Other,random,C5H4O4,128.010960000,RC2_0018_ICR-1_p08
333.061472768,461.072426945,128.010954177,Other,random,C5H4O4,128.010960000,RC2_0018_ICR-1_p08
357.147344330,485.158298507,128.010954177,Other,random,C5H4O4,128.010960000,RC2_0018_ICR-1_p08
305.030254392,433.041208568,128.010954177,Other,random,C5H4O4,128.010960000,RC2_0018_ICR-1_p08
299.092446781,427.103401957,128.010955177,Other,random,C5H4O4,128.010960000,RC2_0018_ICR-1_p08
349.069490753,477.080445930,128.010955177,Other,random,C5H4O4,128.010960000,RC2_0018_ICR-1_p08
379.152723591,507.163678767,128.010955177,Other,random,C5H4O4,128.010960000,RC2_0018_ICR-1_p08
381.118962534,509.129917711,128.010955177,Other,random,C5H4O4,128.010960000,RC2_0018_ICR-1_p08
619.203488752,747.214444929,128.010956177,Other,random,C5H4O4,128.010960000,RC2_0018_ICR-1_p08
317.152415227,445.163371404,128.010956177,Other,random,C5H4O4,128.010960000,RC2_0018_ICR-1_p08
381.191735125,509.202691302,128.010956177,Other,random,C5H4O4,128.010960000,RC2_0018_ICR-1_p08
541.171732535,669.182688712,128.010956177,Other,random,C5H4O4,128.010960000,RC2_0018_ICR-1_p08
464.192780399,592.203737575,128.010957177,Other,random,C5H4O4,128.010960000,RC2_0018_ICR-1_p08
321.097860041,449.108817218,128.010957177,Other,random,C5H4O4,128.010960000,RC2_0018_ICR-1_p08
334.129594762,462.140552939,128.010958177,Other,random,C5H4O4,128.010960000,RC2_0018_ICR-1_p08
394.150673255,522.161631432,128.010958177,Other,random,C5H4O4,128.010960000,RC2_0018_ICR-1_p08
487.233814836,615.244773012,128.010958177,Other,random,C5H4O4,128.010960000,RC2_0018_ICR-1_p08
399.194146895,527.205106072,128.010959177,Other,random,C5H4O4,128.010960000,RC2_0018_ICR-1_p08
337.178558617,465.189517794,128.010959177,Other,random,C5H4O4,128.010960000,RC2_0018_ICR-1_p08
349.178682139,477.189641315,128.010959177,Other,random,C5H4O4,128.010960000,RC2_0018_ICR-1_p08
355.176065415,483.187024591,128.010959177,Other,random,C5H4O4,128.010960000,RC2_0018_ICR-1_p08
469.041078136,597.052038313,128.010960177,Other,random,C5H4O4,128.010960000,RC2_0018_ICR-1_p08
705.313297545,833.324258721,128.010961177,Other,random,C5H4O4,128.010960000,RC2_0018_ICR-1_p08
443.228633283,571.239595460,128.010962177,Other,random,C5H4O4,128.010960000,RC2_0018_ICR-1_p08
347.098291837,475.109254014,128.010962177,Other,random,C5H4O4,128.010960000,RC2_0018_ICR-1_p08
459.077924160,587.088887337,128.010963177,Other,random,C5H4O4,128.010960000,RC2_0018_ICR-1_p08
469.244033995,597.254997171,128.010963177,Other,random,C5H4O4,128.010960000,RC2_0018_ICR-1_p08
361.178668661,489.189632838,128.010964177,Other,random,C5H4O4,128.010960000,RC2_0018_ICR-1_p08
371.113439797,499.124403973,128.010964177,Other,random,C5H4O4,128.010960000,RC2_0018_ICR-1_p08
371.199370313,499.210334490,128.010964177,Other,random,C5H4O4,128.010960000,RC2_0018_ICR-1_p08
351.136833128,479.147798304,128.010965177,Other,random,C5H4O4,128.010960000,RC2_0018_ICR-1_p08
407.061800654,535.072765831,128.010965177,Other,random,C5H4O4,128.010960000,RC2_0018_ICR-1_p08
385.223030456,513.233995633,128.010965177,Other,random,C5H4O4,128.010960000,RC2_0018_ICR-1_p08
434.109160563,562.120126740,128.010966177,Other,random,C5H4O4,128.010960000,RC2_0018_ICR-1_p08
346.093105489,474.104071666,128.010966177,Other,random,C5H4O4,128.010960000,RC2_0018_ICR-1_p08
359.071511510,487.082477687,128.010966177,Other,random,C5H4O4,128.010960000,RC2_0018_ICR-1_p08
365.137149402,493.148116579,128.010967177,Other,random,C5H4O4,128.010960000,RC2_0018_ICR-1_p08
319.103334257,447.114301433,128.010967177,Other,random,C5H4O4,128.010960000,RC2_0018_ICR-1_p08
357.110821535,485.121789712,128.010968177,Other,random,C5H4O4,128.010960000,RC2_0018_ICR-1_p08
403.170499535,531.181467712,128.010968177,Other,random,C5H4O4,128.010960000,RC2_0018_ICR-1_p08
329.106317009,457.117285185,128.010968177,Other,random,C5H4O4,128.010960000,RC2_0018_ICR-1_p08
361.056382349,489.067350525,128.010968177,Other,random,C5H4O4,128.010960000,RC2_0018_ICR-1_p08
429.155523418,557.166491595,128.010968177,Other,random,C5H4O4,128.010960000,RC2_0018_ICR-1_p08
353.124115953,481.135085130,128.010969177,Other,random,C5H4O4,128.010960000,RC2_0018_ICR-1_p08
387.108287855,515.119257032,128.010969177,Other,random,C5H4O4,128.010960000,RC2_0018_ICR-1_p08
434.145761357,562.156730534,128.010969177,Other,random,C5H4O4,128.010960000,RC2_0018_ICR-1_p08
363.121434737,491.168770709,128.047335972,Other,random,C6H8O3,128.047345000,RC2_0018_ICR-1_p08
551.205436114,679.252772087,128.047335972,Other,random,C6H8O3,128.047345000,RC2_0018_ICR-1_p08
374.051647275,502.098983247,128.047335972,Other,random,C6H8O3,128.047345000,RC2_0018_ICR-1_p08
333.025090973,461.072426945,128.047335972,Other,random,C6H8O3,128.047345000,RC2_0018_ICR-1_p08
331.176165369,459.223502342,128.047336972,Other,random,C6H8O3,128.047345000,RC2_0018_ICR-1_p08
535.218544011,663.265880983,128.047336972,Other,random,C6H8O3,128.047345000,RC2_0018_ICR-1_p08
501.124805725,629.172143697,128.047337972,Other,random,C6H8O3,128.047345000,RC2_0018_ICR-1_p08
361.032979480,489.080318453,128.047338972,Other,random,C6H8O3,128.047345000,RC2_0018_ICR-1_p08
448.088431956,576.135770928,128.047338972,Other,random,C6H8O3,128.047345000,RC2_0018_ICR-1_p08
525.088620973,653.135959945,128.047338972,Other,random,C6H8O3,128.047345000,RC2_0018_ICR-1_p08
323.077086912,451.124426884,128.047339972,Other,random,C6H8O3,128.047345000,RC2_0018_ICR-1_p08
345.183782603,473.231122575,128.047339972,Other,random,C6H8O3,128.047345000,RC2_0018_ICR-1_p08
331.058906029,459.106246001,128.047339972,Other,random,C6H8O3,128.047345000,RC2_0018_ICR-1_p08
363.157821532,491.205161504,128.047339972,Other,random,C6H8O3,128.047345000,RC2_0018_ICR-1_p08
367.189145864,495.236485836,128.047339972,Other,random,C6H8O3,128.047345000,RC2_0018_ICR-1_p08
369.147192853,497.194532825,128.047339972,Other,random,C6H8O3,128.047345000,RC2_0018_ICR-1_p08
371.077064001,499.124403973,128.047339972,Other,random,C6H8O3,128.047345000,RC2_0018_ICR-1_p08
406.062866271,534.110206243,128.047339972,Other,random,C6H8O3,128.047345000,RC2_0018_ICR-1_p08
623.234814083,751.282155055,128.047340972,Other,random,C6H8O3,128.047345000,RC2_0018_ICR-1_p08
360.036101086,488.083442058,128.047340972,Other,random,C6H8O3,128.047345000,RC2_0018_ICR-1_p08
375.144860127,503.192201099,128.047340972,Other,random,C6H8O3,128.047345000,RC2_0018_ICR-1_p08
336.072365837,464.119708810,128.047342972,Other,random,C6H8O3,128.047345000,RC2_0018_ICR-1_p08
362.088110547,490.135453519,128.047342972,Other,random,C6H8O3,128.047345000,RC2_0018_ICR-1_p08
375.175603955,503.222946927,128.047342972,Other,random,C6H8O3,128.047345000,RC2_0018_ICR-1_p08
431.134726289,559.182069261,128.047342972,Other,random,C6H8O3,128.047345000,RC2_0018_ICR-1_p08
517.148154623,645.195497595,128.047342972,Other,random,C6H8O3,128.047345000,RC2_0018_ICR-1_p08
397.186547184,525.233890156,128.047342972,Other,random,C6H8O3,128.047345000,RC2_0018_ICR-1_p08
487.124467451,615.171810423,128.047342972,Other,random,C6H8O3,128.047345000,RC2_0018_ICR-1_p08
363.035617219,491.082961191,128.047343972,Other,random,C6H8O3,128.047345000,RC2_0018_ICR-1_p08
389.087704725,517.135048697,128.047343972,Other,random,C6H8O3,128.047345000,RC2_0018_ICR-1_p08
361.178668661,489.226012633,128.047343972,Other,random,C6H8O3,128.047345000,RC2_0018_ICR-1_p08
365.160373272,493.207717244,128.047343972,Other,random,C6H8O3,128.047345000,RC2_0018_ICR-1_p08
333.061472768,461.108817740,128.047344972,Other,random,C6H8O3,128.047345000,RC2_0018_ICR-1_p08
406.077932186,534.125277159,128.047344972,Other,random,C6H8O3,128.047345000,RC2_0018_ICR-1_p08
395.183973445,523.231318417,128.047344972,Other,random,C6H8O3,128.047345000,RC2_0018_ICR-1_p08
355.095331869,483.142676841,128.047344972,Other,random,C6H8O3,128.047345000,RC2_0018_ICR-1_p08
573.161486653,701.208832625,128.047345972,Other,random,C6H8O3,128.047345000,RC2_0018_ICR-1_p08
304.082604720,432.129950692,128.047345972,Other,random,C6H8O3,128.047345000,RC2_0018_ICR-1_p08
307.009487262,435.056833234,128.047345972,Other,random,C6H8O3,128.047345000,RC2_0018_ICR-1_p08
311.149929980,439.197276952,128.047346972,Other,random,C6H8O3,128.047345000,RC2_0018_ICR-1_p08
435.251779138,563.299126110,128.047346972,Other,random,C6H8O3,128.047345000,RC2_0018_ICR-1_p08
458.122276534,586.169625506,128.047348972,Other,random,C6H8O3,128.047345000,RC2_0018_ICR-1_p08
367.030606755,495.077955727,128.047348972,Other,random,C6H8O3,128.047345000,RC2_0018_ICR-1_p08
457.180991827,585.228340799,128.047348972,Other,random,C6H8O3,128.047345000,RC2_0018_ICR-1_p08
439.233623747,567.280973719,128.047349972,Other,random,C6H8O3,128.047345000,RC2_0018_ICR-1_p08
357.128658435,485.176008407,128.047349972,Other,random,C6H8O3,128.047345000,RC2_0018_ICR-1_p08
349.214927935,477.262278907,128.047350972,Other,random,C6H8O3,128.047345000,RC2_0018_ICR-1_p08
373.159905289,501.207256261,128.047350972,Other,random,C6H8O3,128.047345000,RC2_0018_ICR-1_p08
409.150265910,537.197617882,128.047351972,Other,random,C6H8O3,128.047345000,RC2_0018_ICR-1_p08
347.077144956,475.124497928,128.047352972,Other,random,C6H8O3,128.047345000,RC2_0018_ICR-1_p08
313.048365305,441.095719277,128.047353972,Other,random,C6H8O3,128.047345000,RC2_0018_ICR-1_p08
318.061848113,446.109202085,128.047353972,Other,random,C6H8O3,128.047345000,RC2_0018_ICR-1_p08
397.113852593,525.161206565,128.047353972,Other,random,C6H8O3,128.047345000,RC2_0018_ICR-1_p08
399.108337377,527.155691349,128.047353972,Other,random,C6H8O3,128.047345000,RC2_0018_ICR-1_p08
543.200256129,671.247610101,128.047353972,Other,random,C6H8O3,128.047345000,RC2_0018_ICR-1_p08
477.067436003,605.114789975,128.047353972,Other,random,C6H8O3,128.047345000,RC2_0018_ICR-1_p08
303.087371317,431.134726289,128.047354972,Other,random,C6H8O3,128.047345000,RC2_0018_ICR-1_p08
417.186078724,545.233433696,128.047354972,Other,random,C6H8O3,128.047345000,RC2_0018_ICR-1_p08
459.041532365,587.088887337,128.047354972,Other,random,C6H8O3,128.047345000,RC2_0018_ICR-1_p08
335.077134434,463.124489406,128.047354972,Other,random,C6H8O3,128.047345000,RC2_0018_ICR-1_p08
347.040717161,475.088072133,128.047354972,Other,random,C6H8O3,128.047345000,RC2_0018_ICR-1_p08
313.117814914,441.176390823,128.058575909,Other,random,Glutamine,128.058577600,RC2_0018_ICR-1_p08
313.117814914,441.176390823,128.058575909,Other,random,Glutamine_C5H8N2O2,128.058578000,RC2_0018_ICR-1_p08
317.066613709,446.109202085,129.042588376,Other,random,Glutamic Acid,129.042593200,RC2_0018_ICR-1_p08
335.053840565,464.096432940,129.042592376,Other,random,Glutamic Acid,129.042593200,RC2_0018_ICR-1_p08
467.119298942,596.161892318,129.042593376,Other,random,Glutamic Acid,129.042593200,RC2_0018_ICR-1_p08
293.179200032,422.221796407,129.042596376,Other,random,Glutamic Acid,129.042593200,RC2_0018_ICR-1_p08
393.155263852,522.197861228,129.042597376,Other,random,Glutamic Acid,129.042593200,RC2_0018_ICR-1_p08
475.088072133,604.130672508,129.042600376,Other,random,Glutamic Acid,129.042593200,RC2_0018_ICR-1_p08
317.066613709,446.109202085,129.042588376,Other,random,Glutamic_Acid_C5H7NO3,129.042594000,RC2_0018_ICR-1_p08
335.053840565,464.096432940,129.042592376,Other,random,Glutamic_Acid_C5H7NO3,129.042594000,RC2_0018_ICR-1_p08
467.119298942,596.161892318,129.042593376,Other,random,Glutamic_Acid_C5H7NO3,129.042594000,RC2_0018_ICR-1_p08
293.179200032,422.221796407,129.042596376,Other,random,Glutamic_Acid_C5H7NO3,129.042594000,RC2_0018_ICR-1_p08
393.155263852,522.197861228,129.042597376,Other,random,Glutamic_Acid_C5H7NO3,129.042594000,RC2_0018_ICR-1_p08
475.088072133,604.130672508,129.042600376,Other,random,Glutamic_Acid_C5H7NO3,129.042594000,RC2_0018_ICR-1_p08
461.072426945,590.151396116,129.078969171,Other,random,C6H11N1O2,129.078979000,RC2_0018_ICR-1_p08
307.082288853,436.161259024,129.078970171,Other,random,C6H11N1O2,129.078979000,RC2_0018_ICR-1_p08
447.020366961,576.099342133,129.078975171,Other,random,C6H11N1O2,129.078979000,RC2_0018_ICR-1_p08
457.090650335,586.169625506,129.078975171,Other,random,C6H11N1O2,129.078979000,RC2_0018_ICR-1_p08
329.043292363,458.122276534,129.078984171,Other,random,C6H11N1O2,129.078979000,RC2_0018_ICR-1_p08
319.009446785,448.088431956,129.078985171,Other,random,C6H11N1O2,129.078979000,RC2_0018_ICR-1_p08
547.109279148,676.188264319,129.078985171,Other,random,C6H11N1O2,129.078979000,RC2_0018_ICR-1_p08
375.035555742,504.114541913,129.078986171,Other,random,C6H11N1O2,129.078979000,RC2_0018_ICR-1_p08
369.155296808,499.072742264,129.917445456,Other,random,C2H_6O7,129.917455000,RC2_0018_ICR-1_p08
401.173548765,531.090996221,129.917447456,Other,random,C2H_6O7,129.917455000,RC2_0018_ICR-1_p08
365.196847066,495.114294523,129.917447456,Other,random,C2H_6O7,129.917455000,RC2_0018_ICR-1_p08
345.191806558,475.109254014,129.917447456,Other,random,C2H_6O7,129.917455000,RC2_0018_ICR-1_p08
361.178668661,491.096117117,129.917448456,Other,random,C2H_6O7,129.917455000,RC2_0018_ICR-1_p08
501.197629315,631.115077771,129.917448456,Other,random,C2H_6O7,129.917455000,RC2_0018_ICR-1_p08
418.150735299,548.068184756,129.917449456,Other,random,C2H_6O7,129.917455000,RC2_0018_ICR-1_p08
323.113527707,453.030979163,129.917451456,Other,random,C2H_6O7,129.917455000,RC2_0018_ICR-1_p08
377.196865589,507.114318045,129.917452456,Other,random,C2H_6O7,129.917455000,RC2_0018_ICR-1_p08
661.286313114,791.203766571,129.917453456,Other,random,C2H_6O7,129.917455000,RC2_0018_ICR-1_p08
305.139378778,435.056833234,129.917454456,Other,random,C2H_6O7,129.917455000,RC2_0018_ICR-1_p08
363.144866605,493.062323061,129.917456456,Other,random,C2H_6O7,129.917455000,RC2_0018_ICR-1_p08
315.144827516,445.062284972,129.917457456,Other,random,C2H_6O7,129.917455000,RC2_0018_ICR-1_p08
573.197959447,703.115417904,129.917458456,Other,random,C2H_6O7,129.917455000,RC2_0018_ICR-1_p08
395.134552723,525.052011179,129.917458456,Other,random,C2H_6O7,129.917455000,RC2_0018_ICR-1_p08
303.123750112,433.041208568,129.917458456,Other,random,C2H_6O7,129.917455000,RC2_0018_ICR-1_p08
427.197336429,557.114798885,129.917462456,Other,random,C2H_6O7,129.917455000,RC2_0018_ICR-1_p08
599.250118953,729.167582409,129.917463456,Other,random,C2H_6O7,129.917455000,RC2_0018_ICR-1_p08
317.196837977,447.114301433,129.917463456,Other,random,C2H_6O7,129.917455000,RC2_0018_ICR-1_p08
541.265673007,671.183137463,129.917464456,Other,random,C2H_6O7,129.917455000,RC2_0018_ICR-1_p08
367.176146937,497.158337029,129.982190092,Other,random,C5H3Cl1O2,129.982200000,RC2_0018_ICR-1_p08
359.134577155,489.116768248,129.982191092,Other,random,C5H3Cl1O2,129.982200000,RC2_0018_ICR-1_p08
343.212616687,473.194808779,129.982192092,Other,random,C5H3Cl1O2,129.982200000,RC2_0018_ICR-1_p08
365.160373272,495.142567364,129.982194092,Other,random,C5H3Cl1O2,129.982200000,RC2_0018_ICR-1_p08
310.129613717,440.111809809,129.982196092,Other,random,C5H3Cl1O2,129.982200000,RC2_0018_ICR-1_p08
385.113696071,515.095892163,129.982196092,Other,random,C5H3Cl1O2,129.982200000,RC2_0018_ICR-1_p08
307.118651648,437.100848740,129.982197092,Other,random,C5H3Cl1O2,129.982200000,RC2_0018_ICR-1_p08
293.175787051,423.157985143,129.982198092,Other,random,C5H3Cl1O2,129.982200000,RC2_0018_ICR-1_p08
361.113917025,491.096117117,129.982200092,Other,random,C5H3Cl1O2,129.982200000,RC2_0018_ICR-1_p08
302.124480731,432.106683823,129.982203092,Other,random,C5H3Cl1O2,129.982200000,RC2_0018_ICR-1_p08
397.129119507,527.111323599,129.982204092,Other,random,C5H3Cl1O2,129.982200000,RC2_0018_ICR-1_p08
387.238669122,517.220874214,129.982205092,Other,random,C5H3Cl1O2,129.982200000,RC2_0018_ICR-1_p08
477.212995184,607.195200276,129.982205092,Other,random,C5H3Cl1O2,129.982200000,RC2_0018_ICR-1_p08
339.144749561,469.126956653,129.982207092,Other,random,C5H3Cl1O2,129.982200000,RC2_0018_ICR-1_p08
359.061895564,489.044103656,129.982208092,Other,random,C5H3Cl1O2,129.982200000,RC2_0018_ICR-1_p08
474.104071666,604.130672508,130.026600842,Other,random,C5H6O4,130.026610000,RC2_0018_ICR-1_p08
306.061955590,436.088556433,130.026600842,Other,random,C5H6O4,130.026610000,RC2_0018_ICR-1_p08
357.025106017,487.051706860,130.026600842,Other,random,C5H6O4,130.026610000,RC2_0018_ICR-1_p08
329.051322318,459.077924160,130.026601842,Other,random,C5H6O4,130.026610000,RC2_0018_ICR-1_p08
375.194106850,505.220708693,130.026601842,Other,random,C5H6O4,130.026610000,RC2_0018_ICR-1_p08
391.066921595,521.093523438,130.026601842,Other,random,C5H6O4,130.026610000,RC2_0018_ICR-1_p08
343.082119421,473.108721263,130.026601842,Other,random,C5H6O4,130.026610000,RC2_0018_ICR-1_p08
523.109357103,653.135959945,130.026602842,Other,random,C5H6O4,130.026610000,RC2_0018_ICR-1_p08
325.071762695,455.098366538,130.026603842,Other,random,C5H6O4,130.026610000,RC2_0018_ICR-1_p08
327.035729652,457.062334494,130.026604842,Other,random,C5H6O4,130.026610000,RC2_0018_ICR-1_p08
345.074575217,475.101180059,130.026604842,Other,random,C5H6O4,130.026610000,RC2_0018_ICR-1_p08
421.199858154,551.226462996,130.026604842,Other,random,C5H6O4,130.026610000,RC2_0018_ICR-1_p08
355.139784619,485.166390461,130.026605842,Other,random,C5H6O4,130.026610000,RC2_0018_ICR-1_p08
350.088024025,480.114630868,130.026606842,Other,random,C5H6O4,130.026610000,RC2_0018_ICR-1_p08
379.095287914,509.121894756,130.026606842,Other,random,C5H6O4,130.026610000,RC2_0018_ICR-1_p08
446.072735290,576.099342133,130.026606842,Other,random,C5H6O4,130.026610000,RC2_0018_ICR-1_p08
420.057181579,550.083789422,130.026607842,Other,random,C5H6O4,130.026610000,RC2_0018_ICR-1_p08
316.095593170,446.122201012,130.026607842,Other,random,C5H6O4,130.026610000,RC2_0018_ICR-1_p08
341.051228841,471.077836683,130.026607842,Other,random,C5H6O4,130.026610000,RC2_0018_ICR-1_p08
348.035951565,478.062559407,130.026607842,Other,random,C5H6O4,130.026610000,RC2_0018_ICR-1_p08
381.110959579,511.137567422,130.026607842,Other,random,C5H6O4,130.026610000,RC2_0018_ICR-1_p08
444.057237624,574.083845466,130.026607842,Other,random,C5H6O4,130.026610000,RC2_0018_ICR-1_p08
333.110905490,463.137514333,130.026608842,Other,random,C5H6O4,130.026610000,RC2_0018_ICR-1_p08
341.043135886,471.069744729,130.026608842,Other,random,C5H6O4,130.026610000,RC2_0018_ICR-1_p08
389.087704725,519.114314567,130.026609842,Other,random,C5H6O4,130.026610000,RC2_0018_ICR-1_p08
319.240800484,449.267411326,130.026610842,Other,random,C5H6O4,130.026610000,RC2_0018_ICR-1_p08
353.124115953,483.150726795,130.026610842,Other,random,C5H6O4,130.026610000,RC2_0018_ICR-1_p08
555.163835856,685.190446698,130.026610842,Other,random,C5H6O4,130.026610000,RC2_0018_ICR-1_p08
385.123507016,515.150119858,130.026612842,Other,random,C5H6O4,130.026610000,RC2_0018_ICR-1_p08
308.041076461,438.067690304,130.026613842,Other,random,C5H6O4,130.026610000,RC2_0018_ICR-1_p08
341.116063476,471.142678318,130.026614842,Other,random,C5H6O4,130.026610000,RC2_0018_ICR-1_p08
353.116060998,483.142676841,130.026615842,Other,random,C5H6O4,130.026610000,RC2_0018_ICR-1_p08
344.090484750,474.117101593,130.026616842,Other,random,C5H6O4,130.026610000,RC2_0018_ICR-1_p08
401.064379378,531.090996221,130.026616842,Other,random,C5H6O4,130.026610000,RC2_0018_ICR-1_p08
308.126951978,438.153568821,130.026616842,Other,random,C5H6O4,130.026610000,RC2_0018_ICR-1_p08
344.077454824,474.104071666,130.026616842,Other,random,C5H6O4,130.026610000,RC2_0018_ICR-1_p08
395.207272314,525.233890156,130.026617842,Other,random,C5H6O4,130.026610000,RC2_0018_ICR-1_p08
341.139398345,471.166017187,130.026618842,Other,random,C5H6O4,130.026610000,RC2_0018_ICR-1_p08
397.178487229,527.205106072,130.026618842,Other,random,C5H6O4,130.026610000,RC2_0018_ICR-1_p08
381.118962534,511.145581377,130.026618842,Other,random,C5H6O4,130.026610000,RC2_0018_ICR-1_p08
315.136751561,445.163371404,130.026619842,Other,random,C5H6O4,130.026610000,RC2_0018_ICR-1_p08
507.215574476,637.242194318,130.026619842,Other,random,C5H6O4,130.026610000,RC2_0018_ICR-1_p08
373.041127957,503.082984714,130.041856757,Other,random,C9H6O1,130.041865000,RC2_0018_ICR-1_p08
341.124159431,471.166017187,130.041857757,Other,random,C9H6O1,130.041865000,RC2_0018_ICR-1_p08
491.168770709,621.210628466,130.041857757,Other,random,C9H6O1,130.041865000,RC2_0018_ICR-1_p08
359.098238360,489.140097116,130.041858757,Other,random,C9H6O1,130.041865000,RC2_0018_ICR-1_p08
355.152895545,485.194754302,130.041858757,Other,random,C9H6O1,130.041865000,RC2_0018_ICR-1_p08
365.173435198,495.215294955,130.041859757,Other,random,C9H6O1,130.041865000,RC2_0018_ICR-1_p08
357.082606694,487.124467451,130.041860757,Other,random,C9H6O1,130.041865000,RC2_0018_ICR-1_p08
525.052011179,655.093873935,130.041862757,Other,random,C9H6O1,130.041865000,RC2_0018_ICR-1_p08
371.098113883,501.139977639,130.041863757,Other,random,C9H6O1,130.041865000,RC2_0018_ICR-1_p08
369.155296808,499.197161564,130.041864757,Other,random,C9H6O1,130.041865000,RC2_0018_ICR-1_p08
353.087646158,483.129512915,130.041866757,Other,random,C9H6O1,130.041865000,RC2_0018_ICR-1_p08
385.040961480,515.082828237,130.041866757,Other,random,C9H6O1,130.041865000,RC2_0018_ICR-1_p08
318.083079994,448.124947750,130.041867757,Other,random,C9H6O1,130.041865000,RC2_0018_ICR-1_p08
327.072060447,457.113929204,130.041868757,Other,random,C9H6O1,130.041865000,RC2_0018_ICR-1_p08
351.157790010,481.199660767,130.041870757,Other,random,C9H6O1,130.041865000,RC2_0018_ICR-1_p08
401.072481333,531.114355089,130.041873757,Other,random,C9H6O1,130.041865000,RC2_0018_ICR-1_p08
383.170868996,513.212743753,130.041874757,Other,random,C9H6O1,130.041865000,RC2_0018_ICR-1_p08
341.152354272,471.215339910,130.062985638,Other,random,C6H10O3,130.062995000,RC2_0018_ICR-1_p08
391.139706186,521.202691824,130.062985638,Other,random,C6H10O3,130.062995000,RC2_0018_ICR-1_p08
707.219693825,837.282679462,130.062985638,Other,random,C6H10O3,130.062995000,RC2_0018_ICR-1_p08
553.208364852,683.271351490,130.062986638,Other,random,C6H10O3,130.062995000,RC2_0018_ICR-1_p08
393.191744647,523.254731285,130.062986638,Other,random,C6H10O3,130.062995000,RC2_0018_ICR-1_p08
363.072102014,493.135089652,130.062987638,Other,random,C6H10O3,130.062995000,RC2_0018_ICR-1_p08
367.139622142,497.202610780,130.062988638,Other,random,C6H10O3,130.062995000,RC2_0018_ICR-1_p08
433.113898159,563.176886797,130.062988638,Other,random,C6H10O3,130.062995000,RC2_0018_ICR-1_p08
327.050940566,457.113929204,130.062988638,Other,random,C6H10O3,130.062995000,RC2_0018_ICR-1_p08
375.085130463,505.148119101,130.062988638,Other,random,C6H10O3,130.062995000,RC2_0018_ICR-1_p08
433.236137472,563.299126110,130.062988638,Other,random,C6H10O3,130.062995000,RC2_0018_ICR-1_p08
323.113527707,453.176517345,130.062989638,Other,random,C6H10O3,130.062995000,RC2_0018_ICR-1_p08
362.088110547,492.151100185,130.062989638,Other,random,C6H10O3,130.062995000,RC2_0018_ICR-1_p08
391.030533800,521.093523438,130.062989638,Other,random,C6H10O3,130.062995000,RC2_0018_ICR-1_p08
320.041097984,450.104088621,130.062990638,Other,random,C6H10O3,130.062995000,RC2_0018_ICR-1_p08
350.137525747,480.200516385,130.062990638,Other,random,C6H10O3,130.062995000,RC2_0018_ICR-1_p08
373.033090002,503.096080640,130.062990638,Other,random,C6H10O3,130.062995000,RC2_0018_ICR-1_p08
499.109153059,629.172143697,130.062990638,Other,random,C6H10O3,130.062995000,RC2_0018_ICR-1_p08
567.078007861,697.140998499,130.062990638,Other,random,C6H10O3,130.062995000,RC2_0018_ICR-1_p08
363.157821532,493.220813170,130.062991638,Other,random,C6H10O3,130.062995000,RC2_0018_ICR-1_p08
547.218552533,677.281544171,130.062991638,Other,random,C6H10O3,130.062995000,RC2_0018_ICR-1_p08
627.245272532,757.308264170,130.062991638,Other,random,C6H10O3,130.062995000,RC2_0018_ICR-1_p08
355.066866029,485.129858667,130.062992638,Other,random,C6H10O3,130.062995000,RC2_0018_ICR-1_p08
613.229094347,743.292086985,130.062992638,Other,random,C6H10O3,130.062995000,RC2_0018_ICR-1_p08
476.083166537,606.146160175,130.062993638,Other,random,C6H10O3,130.062995000,RC2_0018_ICR-1_p08
385.077536275,515.140530912,130.062994638,Other,random,C6H10O3,130.062995000,RC2_0018_ICR-1_p08
347.053710088,477.116705726,130.062995638,Other,random,C6H10O3,130.062995000,RC2_0018_ICR-1_p08
761.231228110,891.294223748,130.062995638,Other,random,C6H10O3,130.062995000,RC2_0018_ICR-1_p08
317.051304796,447.114301433,130.062996638,Other,random,C6H10O3,130.062995000,RC2_0018_ICR-1_p08
462.067852347,592.130848985,130.062996638,Other,random,C6H10O3,130.062995000,RC2_0018_ICR-1_p08
353.043211408,483.106208046,130.062996638,Other,random,C6H10O3,130.062995000,RC2_0018_ICR-1_p08
529.083422510,659.146419147,130.062996638,Other,random,C6H10O3,130.062995000,RC2_0018_ICR-1_p08
451.124426884,581.187423522,130.062996638,Other,random,C6H10O3,130.062995000,RC2_0018_ICR-1_p08
355.113010769,485.176008407,130.062997638,Other,random,C6H10O3,130.062995000,RC2_0018_ICR-1_p08
521.130053232,651.193050870,130.062997638,Other,random,C6H10O3,130.062995000,RC2_0018_ICR-1_p08
337.092826099,467.155823737,130.062997638,Other,random,C6H10O3,130.062995000,RC2_0018_ICR-1_p08
341.079680681,471.142678318,130.062997638,Other,random,C6H10O3,130.062995000,RC2_0018_ICR-1_p08
443.183969534,573.246967172,130.062997638,Other,random,C6H10O3,130.062995000,RC2_0018_ICR-1_p08
395.090194972,525.153193610,130.062998638,Other,random,C6H10O3,130.062995000,RC2_0018_ICR-1_p08
507.179195680,637.242194318,130.062998638,Other,random,C6H10O3,130.062995000,RC2_0018_ICR-1_p08
413.015025178,543.078023816,130.062998638,Other,random,C6H10O3,130.062995000,RC2_0018_ICR-1_p08
320.077540779,450.140540416,130.062999638,Other,random,C6H10O3,130.062995000,RC2_0018_ICR-1_p08
331.131665620,461.194665257,130.062999638,Other,random,C6H10O3,130.062995000,RC2_0018_ICR-1_p08
407.126629290,537.189629927,130.063000638,Other,random,C6H10O3,130.062995000,RC2_0018_ICR-1_p08
373.129200462,503.192201099,130.063000638,Other,random,C6H10O3,130.062995000,RC2_0018_ICR-1_p08
385.186550662,515.249551299,130.063000638,Other,random,C6H10O3,130.062995000,RC2_0018_ICR-1_p08
309.134276314,439.197276952,130.063000638,Other,random,C6H10O3,130.062995000,RC2_0018_ICR-1_p08
335.126517156,465.189517794,130.063000638,Other,random,C6H10O3,130.062995000,RC2_0018_ICR-1_p08
387.056790145,517.119791783,130.063001638,Other,random,C6H10O3,130.062995000,RC2_0018_ICR-1_p08
399.202232849,529.265234487,130.063001638,Other,random,C6H10O3,130.062995000,RC2_0018_ICR-1_p08
311.149929980,441.212932618,130.063002638,Other,random,C6H10O3,130.062995000,RC2_0018_ICR-1_p08
371.134626678,501.197629315,130.063002638,Other,random,C6H10O3,130.062995000,RC2_0018_ICR-1_p08
387.066365091,517.129368729,130.063003638,Other,random,C6H10O3,130.062995000,RC2_0018_ICR-1_p08
361.092720145,491.155723782,130.063003638,Other,random,C6H10O3,130.062995000,RC2_0018_ICR-1_p08
411.194271417,541.257276054,130.063004638,Other,random,C6H10O3,130.062995000,RC2_0018_ICR-1_p08
349.069490753,479.132495391,130.063004638,Other,random,C6H10O3,130.062995000,RC2_0018_ICR-1_p08
395.134552723,525.197557360,130.063004638,Other,random,C6H10O3,130.062995000,RC2_0018_ICR-1_p08
329.124132908,459.202373460,130.078240552,Other,random,C10H10,130.078250000,RC2_0018_ICR-1_p08
477.161225475,607.239467027,130.078241552,Other,random,C10H10,130.078250000,RC2_0018_ICR-1_p08
399.129537258,529.207780810,130.078243552,Other,random,C10H10,130.078250000,RC2_0018_ICR-1_p08
461.093670825,591.171918377,130.078247552,Other,random,C10H10,130.078250000,RC2_0018_ICR-1_p08
627.083944439,757.162194991,130.078250552,Other,random,C10H10,130.078250000,RC2_0018_ICR-1_p08
299.077271866,429.155523418,130.078251552,Other,random,C10H10,130.078250000,RC2_0018_ICR-1_p08
657.204011070,787.282263622,130.078252552,Other,random,C10H10,130.078250000,RC2_0018_ICR-1_p08
381.131978461,511.210232013,130.078253552,Other,random,C10H10,130.078250000,RC2_0018_ICR-1_p08
451.137530810,581.215785362,130.078254552,Other,random,C10H10,130.078250000,RC2_0018_ICR-1_p08
315.108484720,445.186743272,130.078258552,Other,random,C10H10,130.078250000,RC2_0018_ICR-1_p08
363.085145941,493.163404493,130.078258552,Other,random,C10H10,130.078250000,RC2_0018_ICR-1_p08
387.056790145,517.135048697,130.078258552,Other,random,C10H10,130.078250000,RC2_0018_ICR-1_p08
435.142534752,565.265718052,130.123183299,Other,random,C7H16N1O1,130.123189000,RC2_0018_ICR-1_p08
557.143151726,687.266337025,130.123185299,Other,random,C7H16N1O1,130.123189000,RC2_0018_ICR-1_p08
439.137297289,569.260483588,130.123186299,Other,random,C7H16N1O1,130.123189000,RC2_0018_ICR-1_p08
455.074861670,585.198048969,130.123187299,Other,random,C7H16N1O1,130.123189000,RC2_0018_ICR-1_p08
449.048889555,579.172082854,130.123193299,Other,random,C7H16N1O1,130.123189000,RC2_0018_ICR-1_p08
519.054691903,649.177886202,130.123194299,Other,random,C7H16N1O1,130.123189000,RC2_0018_ICR-1_p08
426.153445299,556.276640598,130.123195299,Other,random,C7H16N1O1,130.123189000,RC2_0018_ICR-1_p08
443.074762148,573.197959447,130.123197299,Other,random,C7H16N1O1,130.123189000,RC2_0018_ICR-1_p08
337.020022509,468.057127669,131.037105160,Other,random,C8H5O1N1,131.037114000,RC2_0018_ICR-1_p08
373.077421753,504.114541913,131.037120160,Other,random,C8H5O1N1,131.037114000,RC2_0018_ICR-1_p08
359.061895564,490.099018724,131.037123160,Other,random,C8H5O1N1,131.037114000,RC2_0018_ICR-1_p08
401.072481333,532.109604493,131.037123160,Other,random,C8H5O1N1,131.037114000,RC2_0018_ICR-1_p08
323.004471320,454.062705361,131.058234041,Other,random,C5H9N1O3,131.058244000,RC2_0018_ICR-1_p08
333.061472768,464.119708810,131.058236041,Other,random,C5H9N1O3,131.058244000,RC2_0018_ICR-1_p08
329.030249436,460.088487478,131.058238041,Other,random,C5H9N1O3,131.058244000,RC2_0018_ICR-1_p08
387.071974060,518.130212101,131.058238041,Other,random,C5H9N1O3,131.058244000,RC2_0018_ICR-1_p08
359.040778683,490.099018724,131.058240041,Other,random,C5H9N1O3,131.058244000,RC2_0018_ICR-1_p08
319.009446785,450.067688826,131.058242041,Other,random,C5H9N1O3,131.058244000,RC2_0018_ICR-1_p08
377.137126925,508.195368966,131.058242041,Other,random,C5H9N1O3,131.058244000,RC2_0018_ICR-1_p08
359.113592273,490.171835315,131.058243041,Other,random,C5H9N1O3,131.058244000,RC2_0018_ICR-1_p08
455.111377465,586.169625506,131.058248041,Other,random,C5H9N1O3,131.058244000,RC2_0018_ICR-1_p08
597.161716696,729.167582409,132.005865713,Other,random,C4H4O5,132.005875000,RC2_0018_ICR-1_p08
327.063989493,459.069856206,132.005866713,Other,random,C4H4O5,132.005875000,RC2_0018_ICR-1_p08
597.125382900,729.131249613,132.005866713,Other,random,C4H4O5,132.005875000,RC2_0018_ICR-1_p08
285.126192315,417.132059028,132.005866713,Other,random,C4H4O5,132.005875000,RC2_0018_ICR-1_p08
333.170585155,465.176451867,132.005866713,Other,random,C4H4O5,132.005875000,RC2_0018_ICR-1_p08
639.209078258,771.214945970,132.005867713,Other,random,C4H4O5,132.005875000,RC2_0018_ICR-1_p08
367.030606755,499.036474468,132.005867713,Other,random,C4H4O5,132.005875000,RC2_0018_ICR-1_p08
385.150271866,517.156140578,132.005868713,Other,random,C4H4O5,132.005875000,RC2_0018_ICR-1_p08
329.102948027,461.108817740,132.005869713,Other,random,C4H4O5,132.005875000,RC2_0018_ICR-1_p08
469.150439521,601.156309234,132.005869713,Other,random,C4H4O5,132.005875000,RC2_0018_ICR-1_p08
374.051647275,506.057516987,132.005869713,Other,random,C4H4O5,132.005875000,RC2_0018_ICR-1_p08
341.087646636,473.093517349,132.005870713,Other,random,C4H4O5,132.005875000,RC2_0018_ICR-1_p08
345.074575217,477.080445930,132.005870713,Other,random,C4H4O5,132.005875000,RC2_0018_ICR-1_p08
381.046201943,513.052072656,132.005870713,Other,random,C4H4O5,132.005875000,RC2_0018_ICR-1_p08
367.168113982,499.173986694,132.005872713,Other,random,C4H4O5,132.005875000,RC2_0018_ICR-1_p08
353.152423794,485.158298507,132.005874713,Other,random,C4H4O5,132.005875000,RC2_0018_ICR-1_p08
343.103378301,475.109254014,132.005875713,Other,random,C4H4O5,132.005875000,RC2_0018_ICR-1_p08
359.144237101,491.150113814,132.005876713,Other,random,C4H4O5,132.005875000,RC2_0018_ICR-1_p08
445.186743272,577.192619985,132.005876713,Other,random,C4H4O5,132.005875000,RC2_0018_ICR-1_p08
369.118928012,501.124805725,132.005877713,Other,random,C4H4O5,132.005875000,RC2_0018_ICR-1_p08
449.217913604,581.223791317,132.005877713,Other,random,C4H4O5,132.005875000,RC2_0018_ICR-1_p08
363.035617219,495.041495932,132.005878713,Other,random,C4H4O5,132.005875000,RC2_0018_ICR-1_p08
448.124947750,580.130826463,132.005878713,Other,random,C4H4O5,132.005875000,RC2_0018_ICR-1_p08
355.113010769,487.118890482,132.005879713,Other,random,C4H4O5,132.005875000,RC2_0018_ICR-1_p08
347.149943547,479.155823259,132.005879713,Other,random,C4H4O5,132.005875000,RC2_0018_ICR-1_p08
359.071511510,491.077391223,132.005879713,Other,random,C4H4O5,132.005875000,RC2_0018_ICR-1_p08
315.136751561,447.142632274,132.005880713,Other,random,C4H4O5,132.005875000,RC2_0018_ICR-1_p08
355.045826147,487.051706860,132.005880713,Other,random,C4H4O5,132.005875000,RC2_0018_ICR-1_p08
539.241729388,671.247610101,132.005880713,Other,random,C4H4O5,132.005875000,RC2_0018_ICR-1_p08
385.186550662,517.192433374,132.005882713,Other,random,C4H4O5,132.005875000,RC2_0018_ICR-1_p08
547.072917352,679.078801065,132.005883713,Other,random,C4H4O5,132.005875000,RC2_0018_ICR-1_p08
679.261176039,811.267059752,132.005883713,Other,random,C4H4O5,132.005875000,RC2_0018_ICR-1_p08
351.035673697,483.041557409,132.005883713,Other,random,C4H4O5,132.005875000,RC2_0018_ICR-1_p08
377.051371407,509.057255119,132.005883713,Other,random,C4H4O5,132.005875000,RC2_0018_ICR-1_p08
457.077656408,589.083541121,132.005884713,Other,random,C4H4O5,132.005875000,RC2_0018_ICR-1_p08
341.043135886,473.049020599,132.005884713,Other,random,C4H4O5,132.005875000,RC2_0018_ICR-1_p08
359.077076479,491.082961191,132.005884713,Other,random,C4H4O5,132.005875000,RC2_0018_ICR-1_p08
699.287713427,831.308834054,132.021120627,Other,random,C8H4O2,132.021130000,RC2_0018_ICR-1_p08
353.137176880,485.158298507,132.021121627,Other,random,C8H4O2,132.021130000,RC2_0018_ICR-1_p08
431.155765170,563.176886797,132.021121627,Other,random,C8H4O2,132.021130000,RC2_0018_ICR-1_p08
355.030582233,487.051706860,132.021124627,Other,random,C8H4O2,132.021130000,RC2_0018_ICR-1_p08
296.041188938,428.062313565,132.021124627,Other,random,C8H4O2,132.021130000,RC2_0018_ICR-1_p08
451.124426884,583.145551511,132.021124627,Other,random,C8H4O2,132.021130000,RC2_0018_ICR-1_p08
353.100663085,485.121789712,132.021126627,Other,random,C8H4O2,132.021130000,RC2_0018_ICR-1_p08
377.064416333,509.085542960,132.021126627,Other,random,C8H4O2,132.021130000,RC2_0018_ICR-1_p08
373.150226344,505.171352970,132.021126627,Other,random,C8H4O2,132.021130000,RC2_0018_ICR-1_p08
370.049425780,502.070553407,132.021127627,Other,random,C8H4O2,132.021130000,RC2_0018_ICR-1_p08
395.090194972,527.111323599,132.021128627,Other,random,C8H4O2,132.021130000,RC2_0018_ICR-1_p08
519.200281084,651.221411711,132.021130627,Other,random,C8H4O2,132.021130000,RC2_0018_ICR-1_p08
371.207456268,503.228586895,132.021130627,Other,random,C8H4O2,132.021130000,RC2_0018_ICR-1_p08
611.270956358,743.292086985,132.021130627,Other,random,C8H4O2,132.021130000,RC2_0018_ICR-1_p08
395.183973445,527.205106072,132.021132627,Other,random,C8H4O2,132.021130000,RC2_0018_ICR-1_p08
363.121434737,495.142567364,132.021132627,Other,random,C8H4O2,132.021130000,RC2_0018_ICR-1_p08
328.067354851,460.088487478,132.021132627,Other,random,C8H4O2,132.021130000,RC2_0018_ICR-1_p08
369.046235421,501.067369048,132.021133627,Other,random,C8H4O2,132.021130000,RC2_0018_ICR-1_p08
335.163048951,467.184183578,132.021134627,Other,random,C8H4O2,132.021130000,RC2_0018_ICR-1_p08
431.228790760,563.249925387,132.021134627,Other,random,C8H4O2,132.021130000,RC2_0018_ICR-1_p08
339.108453765,471.129589392,132.021135627,Other,random,C8H4O2,132.021130000,RC2_0018_ICR-1_p08
469.171394403,601.192532030,132.021137627,Other,random,C8H4O2,132.021130000,RC2_0018_ICR-1_p08
451.051605293,583.072742920,132.021137627,Other,random,C8H4O2,132.021130000,RC2_0018_ICR-1_p08
341.137152357,473.158290984,132.021138627,Other,random,C8H4O2,132.021130000,RC2_0018_ICR-1_p08
395.134552723,527.155691349,132.021138627,Other,random,C8H4O2,132.021130000,RC2_0018_ICR-1_p08
465.067479480,597.088619107,132.021139627,Other,random,C8H4O2,132.021130000,RC2_0018_ICR-1_p08
341.139398345,473.181647853,132.042249508,Other,random,D-Ribose (-H2O) (ribosylation),132.042258900,RC2_0018_ICR-1_p08
357.046121899,489.088371407,132.042249508,Other,random,D-Ribose (-H2O) (ribosylation),132.042258900,RC2_0018_ICR-1_p08
429.168543345,561.210792853,132.042249508,Other,random,D-Ribose (-H2O) (ribosylation),132.042258900,RC2_0018_ICR-1_p08
369.147192853,501.189443361,132.042250508,Other,random,D-Ribose (-H2O) (ribosylation),132.042258900,RC2_0018_ICR-1_p08
404.062168521,536.104419030,132.042250508,Other,random,D-Ribose (-H2O) (ribosylation),132.042258900,RC2_0018_ICR-1_p08
335.149938024,467.192190533,132.042252508,Other,random,D-Ribose (-H2O) (ribosylation),132.042258900,RC2_0018_ICR-1_p08
311.069088434,443.111341942,132.042253508,Other,random,D-Ribose (-H2O) (ribosylation),132.042258900,RC2_0018_ICR-1_p08
318.098286908,450.140540416,132.042253508,Other,random,D-Ribose (-H2O) (ribosylation),132.042258900,RC2_0018_ICR-1_p08
537.052214700,669.094469208,132.042254508,Other,random,D-Ribose (-H2O) (ribosylation),132.042258900,RC2_0018_ICR-1_p08
357.092265640,489.134521148,132.042255508,Other,random,D-Ribose (-H2O) (ribosylation),132.042258900,RC2_0018_ICR-1_p08
385.077536275,517.119791783,132.042255508,Other,random,D-Ribose (-H2O) (ribosylation),132.042258900,RC2_0018_ICR-1_p08
435.238717211,567.280973719,132.042256508,Other,random,D-Ribose (-H2O) (ribosylation),132.042258900,RC2_0018_ICR-1_p08
325.165577168,457.207833676,132.042256508,Other,random,D-Ribose (-H2O) (ribosylation),132.042258900,RC2_0018_ICR-1_p08
397.033141047,529.075397555,132.042256508,Other,random,D-Ribose (-H2O) (ribosylation),132.042258900,RC2_0018_ICR-1_p08
327.063989493,459.106246001,132.042256508,Other,random,D-Ribose (-H2O) (ribosylation),132.042258900,RC2_0018_ICR-1_p08
351.100419333,483.142676841,132.042257508,Other,random,D-Ribose (-H2O) (ribosylation),132.042258900,RC2_0018_ICR-1_p08
377.051371407,509.093628915,132.042257508,Other,random,D-Ribose (-H2O) (ribosylation),132.042258900,RC2_0018_ICR-1_p08
345.147382807,477.189641315,132.042258508,Other,random,D-Ribose (-H2O) (ribosylation),132.042258900,RC2_0018_ICR-1_p08
555.150979928,687.193238436,132.042258508,Other,random,D-Ribose (-H2O) (ribosylation),132.042258900,RC2_0018_ICR-1_p08
267.032967056,399.075226564,132.042259508,Other,random,D-Ribose (-H2O) (ribosylation),132.042258900,RC2_0018_ICR-1_p08
361.142082867,493.184342375,132.042259508,Other,random,D-Ribose (-H2O) (ribosylation),132.042258900,RC2_0018_ICR-1_p08
357.128658435,489.170918943,132.042260508,Other,random,D-Ribose (-H2O) (ribosylation),132.042258900,RC2_0018_ICR-1_p08
459.106246001,591.148506509,132.042260508,Other,random,D-Ribose (-H2O) (ribosylation),132.042258900,RC2_0018_ICR-1_p08
381.191735125,513.233995633,132.042260508,Other,random,D-Ribose (-H2O) (ribosylation),132.042258900,RC2_0018_ICR-1_p08
458.036469016,590.078730525,132.042261508,Other,random,D-Ribose (-H2O) (ribosylation),132.042258900,RC2_0018_ICR-1_p08
395.134552723,527.176814231,132.042261508,Other,random,D-Ribose (-H2O) (ribosylation),132.042258900,RC2_0018_ICR-1_p08
341.124159431,473.166421939,132.042262508,Other,random,D-Ribose (-H2O) (ribosylation),132.042258900,RC2_0018_ICR-1_p08
351.181172879,483.223435387,132.042262508,Other,random,D-Ribose (-H2O) (ribosylation),132.042258900,RC2_0018_ICR-1_p08
321.134254837,453.176517345,132.042262508,Other,random,D-Ribose (-H2O) (ribosylation),132.042258900,RC2_0018_ICR-1_p08
347.090232882,479.132495391,132.042262508,Other,random,D-Ribose (-H2O) (ribosylation),132.042258900,RC2_0018_ICR-1_p08
649.214222997,781.256485506,132.042262508,Other,random,D-Ribose (-H2O) (ribosylation),132.042258900,RC2_0018_ICR-1_p08
327.050940566,459.093205074,132.042264508,Other,random,D-Ribose (-H2O) (ribosylation),132.042258900,RC2_0018_ICR-1_p08
347.162923474,479.205187982,132.042264508,Other,random,D-Ribose (-H2O) (ribosylation),132.042258900,RC2_0018_ICR-1_p08
421.236007951,553.278272459,132.042264508,Other,random,D-Ribose (-H2O) (ribosylation),132.042258900,RC2_0018_ICR-1_p08
331.082224898,463.124489406,132.042264508,Other,random,D-Ribose (-H2O) (ribosylation),132.042258900,RC2_0018_ICR-1_p08
597.161716696,729.203982204,132.042265508,Other,random,D-Ribose (-H2O) (ribosylation),132.042258900,RC2_0018_ICR-1_p08
345.025170495,477.067436003,132.042265508,Other,random,D-Ribose (-H2O) (ribosylation),132.042258900,RC2_0018_ICR-1_p08
355.212632209,487.254897717,132.042265508,Other,random,D-Ribose (-H2O) (ribosylation),132.042258900,RC2_0018_ICR-1_p08
341.160455226,473.202721734,132.042266508,Other,random,D-Ribose (-H2O) (ribosylation),132.042258900,RC2_0018_ICR-1_p08
429.119014623,561.161281131,132.042266508,Other,random,D-Ribose (-H2O) (ribosylation),132.042258900,RC2_0018_ICR-1_p08
517.244333082,649.286599590,132.042266508,Other,random,D-Ribose (-H2O) (ribosylation),132.042258900,RC2_0018_ICR-1_p08
625.229731866,757.271999374,132.042267508,Other,random,D-Ribose (-H2O) (ribosylation),132.042258900,RC2_0018_ICR-1_p08
507.223498431,639.265766939,132.042268508,Other,random,D-Ribose (-H2O) (ribosylation),132.042258900,RC2_0018_ICR-1_p08
442.041576958,574.083845466,132.042268508,Other,random,D-Ribose (-H2O) (ribosylation),132.042258900,RC2_0018_ICR-1_p08
369.147192853,501.189443361,132.042250508,Other,random,pentose_C5H8O4,132.042260000,RC2_0018_ICR-1_p08
404.062168521,536.104419030,132.042250508,Other,random,pentose_C5H8O4,132.042260000,RC2_0018_ICR-1_p08
335.149938024,467.192190533,132.042252508,Other,random,pentose_C5H8O4,132.042260000,RC2_0018_ICR-1_p08
311.069088434,443.111341942,132.042253508,Other,random,pentose_C5H8O4,132.042260000,RC2_0018_ICR-1_p08
318.098286908,450.140540416,132.042253508,Other,random,pentose_C5H8O4,132.042260000,RC2_0018_ICR-1_p08
537.052214700,669.094469208,132.042254508,Other,random,pentose_C5H8O4,132.042260000,RC2_0018_ICR-1_p08
357.092265640,489.134521148,132.042255508,Other,random,pentose_C5H8O4,132.042260000,RC2_0018_ICR-1_p08
385.077536275,517.119791783,132.042255508,Other,random,pentose_C5H8O4,132.042260000,RC2_0018_ICR-1_p08
435.238717211,567.280973719,132.042256508,Other,random,pentose_C5H8O4,132.042260000,RC2_0018_ICR-1_p08
325.165577168,457.207833676,132.042256508,Other,random,pentose_C5H8O4,132.042260000,RC2_0018_ICR-1_p08
397.033141047,529.075397555,132.042256508,Other,random,pentose_C5H8O4,132.042260000,RC2_0018_ICR-1_p08
327.063989493,459.106246001,132.042256508,Other,random,pentose_C5H8O4,132.042260000,RC2_0018_ICR-1_p08
351.100419333,483.142676841,132.042257508,Other,random,pentose_C5H8O4,132.042260000,RC2_0018_ICR-1_p08
377.051371407,509.093628915,132.042257508,Other,random,pentose_C5H8O4,132.042260000,RC2_0018_ICR-1_p08
345.147382807,477.189641315,132.042258508,Other,random,pentose_C5H8O4,132.042260000,RC2_0018_ICR-1_p08
555.150979928,687.193238436,132.042258508,Other,random,pentose_C5H8O4,132.042260000,RC2_0018_ICR-1_p08
267.032967056,399.075226564,132.042259508,Other,random,pentose_C5H8O4,132.042260000,RC2_0018_ICR-1_p08
361.142082867,493.184342375,132.042259508,Other,random,pentose_C5H8O4,132.042260000,RC2_0018_ICR-1_p08
357.128658435,489.170918943,132.042260508,Other,random,pentose_C5H8O4,132.042260000,RC2_0018_ICR-1_p08
459.106246001,591.148506509,132.042260508,Other,random,pentose_C5H8O4,132.042260000,RC2_0018_ICR-1_p08
381.191735125,513.233995633,132.042260508,Other,random,pentose_C5H8O4,132.042260000,RC2_0018_ICR-1_p08
458.036469016,590.078730525,132.042261508,Other,random,pentose_C5H8O4,132.042260000,RC2_0018_ICR-1_p08
395.134552723,527.176814231,132.042261508,Other,random,pentose_C5H8O4,132.042260000,RC2_0018_ICR-1_p08
341.124159431,473.166421939,132.042262508,Other,random,pentose_C5H8O4,132.042260000,RC2_0018_ICR-1_p08
351.181172879,483.223435387,132.042262508,Other,random,pentose_C5H8O4,132.042260000,RC2_0018_ICR-1_p08
321.134254837,453.176517345,132.042262508,Other,random,pentose_C5H8O4,132.042260000,RC2_0018_ICR-1_p08
347.090232882,479.132495391,132.042262508,Other,random,pentose_C5H8O4,132.042260000,RC2_0018_ICR-1_p08
649.214222997,781.256485506,132.042262508,Other,random,pentose_C5H8O4,132.042260000,RC2_0018_ICR-1_p08
327.050940566,459.093205074,132.042264508,Other,random,pentose_C5H8O4,132.042260000,RC2_0018_ICR-1_p08
347.162923474,479.205187982,132.042264508,Other,random,pentose_C5H8O4,132.042260000,RC2_0018_ICR-1_p08
421.236007951,553.278272459,132.042264508,Other,random,pentose_C5H8O4,132.042260000,RC2_0018_ICR-1_p08
331.082224898,463.124489406,132.042264508,Other,random,pentose_C5H8O4,132.042260000,RC2_0018_ICR-1_p08
597.161716696,729.203982204,132.042265508,Other,random,pentose_C5H8O4,132.042260000,RC2_0018_ICR-1_p08
345.025170495,477.067436003,132.042265508,Other,random,pentose_C5H8O4,132.042260000,RC2_0018_ICR-1_p08
355.212632209,487.254897717,132.042265508,Other,random,pentose_C5H8O4,132.042260000,RC2_0018_ICR-1_p08
341.160455226,473.202721734,132.042266508,Other,random,pentose_C5H8O4,132.042260000,RC2_0018_ICR-1_p08
429.119014623,561.161281131,132.042266508,Other,random,pentose_C5H8O4,132.042260000,RC2_0018_ICR-1_p08
517.244333082,649.286599590,132.042266508,Other,random,pentose_C5H8O4,132.042260000,RC2_0018_ICR-1_p08
625.229731866,757.271999374,132.042267508,Other,random,pentose_C5H8O4,132.042260000,RC2_0018_ICR-1_p08
507.223498431,639.265766939,132.042268508,Other,random,pentose_C5H8O4,132.042260000,RC2_0018_ICR-1_p08
442.041576958,574.083845466,132.042268508,Other,random,pentose_C5H8O4,132.042260000,RC2_0018_ICR-1_p08
391.175910983,523.218180491,132.042269508,Other,random,pentose_C5H8O4,132.042260000,RC2_0018_ICR-1_p08
509.179559432,641.237065854,132.057506422,Other,random,C9H8O1,132.057515000,RC2_0018_ICR-1_p08
381.168303257,513.225809679,132.057506422,Other,random,C9H8O1,132.057515000,RC2_0018_ICR-1_p08
333.074561695,465.132070117,132.057508422,Other,random,C9H8O1,132.057515000,RC2_0018_ICR-1_p08
327.144865038,459.202373460,132.057508422,Other,random,C9H8O1,132.057515000,RC2_0018_ICR-1_p08
357.046121899,489.103630321,132.057508422,Other,random,C9H8O1,132.057515000,RC2_0018_ICR-1_p08
379.152723591,511.210232013,132.057508422,Other,random,C9H8O1,132.057515000,RC2_0018_ICR-1_p08
381.118962534,513.176471957,132.057509422,Other,random,C9H8O1,132.057515000,RC2_0018_ICR-1_p08
317.051304796,449.108817218,132.057512422,Other,random,C9H8O1,132.057515000,RC2_0018_ICR-1_p08
385.077536275,517.135048697,132.057512422,Other,random,C9H8O1,132.057515000,RC2_0018_ICR-1_p08
483.114298000,615.171810423,132.057512422,Other,random,C9H8O1,132.057515000,RC2_0018_ICR-1_p08
523.036359513,655.093873935,132.057514422,Other,random,C9H8O1,132.057515000,RC2_0018_ICR-1_p08
337.056318305,469.113834727,132.057516422,Other,random,C9H8O1,132.057515000,RC2_0018_ICR-1_p08
429.067400914,561.124918336,132.057517422,Other,random,C9H8O1,132.057515000,RC2_0018_ICR-1_p08
469.135013608,601.192532030,132.057518422,Other,random,C9H8O1,132.057515000,RC2_0018_ICR-1_p08
429.140164504,561.197682927,132.057518422,Other,random,C9H8O1,132.057515000,RC2_0018_ICR-1_p08
333.110905490,465.168424912,132.057519422,Other,random,C9H8O1,132.057515000,RC2_0018_ICR-1_p08
359.061895564,491.119414986,132.057519422,Other,random,C9H8O1,132.057515000,RC2_0018_ICR-1_p08
357.155348285,489.212869707,132.057521422,Other,random,C9H8O1,132.057515000,RC2_0018_ICR-1_p08
330.083030516,462.140552939,132.057522422,Other,random,C9H8O1,132.057515000,RC2_0018_ICR-1_p08
405.140094460,537.197617882,132.057523422,Other,random,C9H8O1,132.057515000,RC2_0018_ICR-1_p08
387.056790145,519.114314567,132.057524422,Other,random,C9H8O1,132.057515000,RC2_0018_ICR-1_p08
313.084699100,445.153456459,132.068757359,Other,random,C8H8N2,132.068748000,RC2_0018_ICR-1_p08
385.077536275,517.171426492,132.093890218,Other,random,C10H12,132.093900000,RC2_0018_ICR-1_p08
337.105781026,469.199672244,132.093891218,Other,random,C10H12,132.093900000,RC2_0018_ICR-1_p08
697.199166171,829.293059389,132.093893218,Other,random,C10H12,132.093900000,RC2_0018_ICR-1_p08
423.093122508,555.187015725,132.093893218,Other,random,C10H12,132.093900000,RC2_0018_ICR-1_p08
445.207702154,577.301596372,132.093894218,Other,random,C10H12,132.093900000,RC2_0018_ICR-1_p08
323.004471320,455.098366538,132.093895218,Other,random,C10H12,132.093900000,RC2_0018_ICR-1_p08
386.080683634,518.174579852,132.093896218,Other,random,C10H12,132.093900000,RC2_0018_ICR-1_p08
304.067360806,436.161259024,132.093898218,Other,random,C10H12,132.093900000,RC2_0018_ICR-1_p08
383.134591200,515.228490418,132.093899218,Other,random,C10H12,132.093900000,RC2_0018_ICR-1_p08
353.087646158,485.181546376,132.093900218,Other,random,C10H12,132.093900000,RC2_0018_ICR-1_p08
369.082494217,501.176397435,132.093903218,Other,random,C10H12,132.093900000,RC2_0018_ICR-1_p08
389.145163402,521.239067619,132.093904218,Other,random,C10H12,132.093900000,RC2_0018_ICR-1_p08
355.152895545,487.246801763,132.093906218,Other,random,C10H12,132.093900000,RC2_0018_ICR-1_p08
431.046564784,563.140473002,132.093908218,Other,random,C10H12,132.093900000,RC2_0018_ICR-1_p08
345.046190376,478.062559407,133.016369031,Other,random,C7H3N1O2,133.016379000,RC2_0018_ICR-1_p08
503.140690389,636.157061420,133.016371031,Other,random,C7H3N1O2,133.016379000,RC2_0018_ICR-1_p08
309.025204927,442.041576958,133.016372031,Other,random,C7H3N1O2,133.016379000,RC2_0018_ICR-1_p08
331.103332779,464.119708810,133.016376031,Other,random,C7H3N1O2,133.016379000,RC2_0018_ICR-1_p08
257.139457688,390.155833719,133.016376031,Other,random,C7H3N1O2,133.016379000,RC2_0018_ICR-1_p08
311.077148389,444.093525420,133.016377030,Other,random,C7H3N1O2,133.016379000,RC2_0018_ICR-1_p08
325.020085986,458.036469016,133.016383030,Other,random,C7H3N1O2,133.016379000,RC2_0018_ICR-1_p08
317.051304796,450.067688826,133.016384030,Other,random,C7H3N1O2,133.016379000,RC2_0018_ICR-1_p08
381.046201943,514.062586974,133.016385030,Other,random,C7H3N1O2,133.016379000,RC2_0018_ICR-1_p08
309.061572723,442.077958753,133.016386030,Other,random,C7H3N1O2,133.016379000,RC2_0018_ICR-1_p08
367.030606755,500.046992785,133.016386030,Other,random,C7H3N1O2,133.016379000,RC2_0018_ICR-1_p08
303.072170402,436.088556433,133.016386030,Other,random,C7H3N1O2,133.016379000,RC2_0018_ICR-1_p08
325.105888503,458.122276534,133.016388030,Other,random,C7H3N1O2,133.016379000,RC2_0018_ICR-1_p08
279.087464271,412.137552112,133.050087841,Other,random,C5H9O4,133.050085000,RC2_0018_ICR-1_p08
454.148087881,587.198177722,133.050089841,Other,random,C5H9O4,133.050085000,RC2_0018_ICR-1_p08
327.035729652,460.088487478,133.052757826,Other,random,C8H7N1O1,133.052764000,RC2_0018_ICR-1_p08
317.087776590,450.140540416,133.052763826,Other,random,C8H7N1O1,133.052764000,RC2_0018_ICR-1_p08
287.092600257,421.090621768,133.998021511,Other,random,H7O6P1,133.998028000,RC2_0018_ICR-1_p08
315.087322839,449.085357350,133.998034511,Other,random,H7O6P1,133.998028000,RC2_0018_ICR-1_p08
341.066703754,475.064740264,133.998036510,Other,random,H7O6P1,133.998028000,RC2_0018_ICR-1_p08
469.180898350,603.203767721,134.022869371,Other,random,C5H2O1N4,134.022861000,RC2_0018_ICR-1_p08
363.048707146,497.085478438,134.036771293,Other,random,C8H6O2,134.036780000,RC2_0018_ICR-1_p08
355.103325824,489.140097116,134.036771293,Other,random,C8H6O2,134.036780000,RC2_0018_ICR-1_p08
347.126554678,481.163326971,134.036772293,Other,random,C8H6O2,134.036780000,RC2_0018_ICR-1_p08
351.102773319,485.139545612,134.036772293,Other,random,C8H6O2,134.036780000,RC2_0018_ICR-1_p08
399.129537258,533.166311551,134.036774293,Other,random,C8H6O2,134.036780000,RC2_0018_ICR-1_p08
383.184098922,517.220874214,134.036775293,Other,random,C8H6O2,134.036780000,RC2_0018_ICR-1_p08
393.204837574,527.241612866,134.036775293,Other,random,C8H6O2,134.036780000,RC2_0018_ICR-1_p08
367.139622142,501.176397435,134.036775293,Other,random,C8H6O2,134.036780000,RC2_0018_ICR-1_p08
431.119459374,565.156234667,134.036775293,Other,random,C8H6O2,134.036780000,RC2_0018_ICR-1_p08
389.145163402,523.181939694,134.036776293,Other,random,C8H6O2,134.036780000,RC2_0018_ICR-1_p08
555.208440605,689.245216898,134.036776293,Other,random,C8H6O2,134.036780000,RC2_0018_ICR-1_p08
302.124480731,436.161259024,134.036778293,Other,random,C8H6O2,134.036780000,RC2_0018_ICR-1_p08
385.077536275,519.114314567,134.036778293,Other,random,C8H6O2,134.036780000,RC2_0018_ICR-1_p08
337.178558617,471.215339910,134.036781293,Other,random,C8H6O2,134.036780000,RC2_0018_ICR-1_p08
379.175962460,513.212743753,134.036781293,Other,random,C8H6O2,134.036780000,RC2_0018_ICR-1_p08
599.235116037,733.271900329,134.036784293,Other,random,C8H6O2,134.036780000,RC2_0018_ICR-1_p08
337.069330231,471.106115524,134.036785293,Other,random,C8H6O2,134.036780000,RC2_0018_ICR-1_p08
371.147728604,505.184513896,134.036785293,Other,random,C8H6O2,134.036780000,RC2_0018_ICR-1_p08
331.168148415,465.204934707,134.036786293,Other,random,C8H6O2,134.036780000,RC2_0018_ICR-1_p08
340.103690169,474.140476461,134.036786293,Other,random,C8H6O2,134.036780000,RC2_0018_ICR-1_p08
359.126616200,493.163404493,134.036788293,Other,random,C8H6O2,134.036780000,RC2_0018_ICR-1_p08
447.142632274,581.179420567,134.036788293,Other,random,C8H6O2,134.036780000,RC2_0018_ICR-1_p08
327.181309833,461.218098126,134.036788293,Other,random,C8H6O2,134.036780000,RC2_0018_ICR-1_p08
365.160373272,499.197161564,134.036788293,Other,random,C8H6O2,134.036780000,RC2_0018_ICR-1_p08
297.072783138,431.119459374,134.046676237,Other,random,adenine_(_H)_C5H4N5,134.046670000,RC2_0018_ICR-1_p08
431.137916271,565.184595508,134.046679237,Other,random,adenine_(_H)_C5H4N5,134.046670000,RC2_0018_ICR-1_p08
297.072783138,431.119459374,134.046676237,Other,random,adenine (-H),134.046670200,RC2_0018_ICR-1_p08
431.137916271,565.184595508,134.046679237,Other,random,adenine (-H),134.046670200,RC2_0018_ICR-1_p08
430.041572436,564.099472609,134.057900174,Other,random,C5H10O4,134.057910000,RC2_0018_ICR-1_p08
365.014842090,499.072742264,134.057900174,Other,random,C5H10O4,134.057910000,RC2_0018_ICR-1_p08
345.061430291,479.119331465,134.057901174,Other,random,C5H10O4,134.057910000,RC2_0018_ICR-1_p08
497.057176598,631.115077771,134.057901174,Other,random,C5H10O4,134.057910000,RC2_0018_ICR-1_p08
390.082904129,524.140806303,134.057902174,Other,random,C5H10O4,134.057910000,RC2_0018_ICR-1_p08
345.038086422,479.095989596,134.057903174,Other,random,C5H10O4,134.057910000,RC2_0018_ICR-1_p08
427.189229475,561.247133649,134.057904174,Other,random,C5H10O4,134.057910000,RC2_0018_ICR-1_p08
297.170883586,431.228790760,134.057907174,Other,random,C5H10O4,134.057910000,RC2_0018_ICR-1_p08
355.113010769,489.170918943,134.057908174,Other,random,C5H10O4,134.057910000,RC2_0018_ICR-1_p08
325.048337827,459.106246001,134.057908174,Other,random,C5H10O4,134.057910000,RC2_0018_ICR-1_p08
331.045794103,465.103702276,134.057908174,Other,random,C5H10O4,134.057910000,RC2_0018_ICR-1_p08
453.030979163,587.088887337,134.057908174,Other,random,C5H10O4,134.057910000,RC2_0018_ICR-1_p08
433.041208568,567.099117742,134.057909174,Other,random,C5H10O4,134.057910000,RC2_0018_ICR-1_p08
361.056382349,495.114294523,134.057912174,Other,random,C5H10O4,134.057910000,RC2_0018_ICR-1_p08
369.046235421,503.104148595,134.057913174,Other,random,C5H10O4,134.057910000,RC2_0018_ICR-1_p08
431.134726289,565.192639462,134.057913174,Other,random,C5H10O4,134.057910000,RC2_0018_ICR-1_p08
371.113439797,505.171352970,134.057913174,Other,random,C5H10O4,134.057910000,RC2_0018_ICR-1_p08
460.124953273,594.182866446,134.057913174,Other,random,C5H10O4,134.057910000,RC2_0018_ICR-1_p08
446.145545881,580.203461055,134.057915174,Other,random,C5H10O4,134.057910000,RC2_0018_ICR-1_p08
321.061522246,455.119437419,134.057915174,Other,random,C5H10O4,134.057910000,RC2_0018_ICR-1_p08
553.099115466,687.157031640,134.057916174,Other,random,C5H10O4,134.057910000,RC2_0018_ICR-1_p08
357.097807608,491.155723782,134.057916174,Other,random,C5H10O4,134.057910000,RC2_0018_ICR-1_p08
373.215043979,507.272962153,134.057918174,Other,random,C5H10O4,134.057910000,RC2_0018_ICR-1_p08
337.056318305,471.114236478,134.057918174,Other,random,C5H10O4,134.057910000,RC2_0018_ICR-1_p08
387.144773650,521.202691824,134.057918174,Other,random,C5H10O4,134.057910000,RC2_0018_ICR-1_p08
349.165516213,483.223435387,134.057919174,Other,random,C5H10O4,134.057910000,RC2_0018_ICR-1_p08
463.101134537,597.161716696,134.060582159,Other,random,C8H8N1O1,134.060589000,RC2_0018_ICR-1_p08
451.173820606,585.234405765,134.060585159,Other,random,C8H8N1O1,134.060589000,RC2_0018_ICR-1_p08
507.163678767,641.224269926,134.060591159,Other,random,C8H8N1O1,134.060589000,RC2_0018_ICR-1_p08
339.108453765,474.140476461,135.032022696,Other,random,C7H5N1O2,135.032029000,RC2_0018_ICR-1_p08
339.072047970,474.104071666,135.032023696,Other,random,C7H5N1O2,135.032029000,RC2_0018_ICR-1_p08
485.166390461,620.198414157,135.032023696,Other,random,C7H5N1O2,135.032029000,RC2_0018_ICR-1_p08
325.129201372,460.161227069,135.032025696,Other,random,C7H5N1O2,135.032029000,RC2_0018_ICR-1_p08
307.045929057,442.077958753,135.032029696,Other,random,C7H5N1O2,135.032029000,RC2_0018_ICR-1_p08
313.129155850,448.161186547,135.032030696,Other,random,C7H5N1O2,135.032029000,RC2_0018_ICR-1_p08
441.067310436,576.099342133,135.032031696,Other,random,C7H5N1O2,135.032029000,RC2_0018_ICR-1_p08
359.061895564,494.093928260,135.032032696,Other,random,C7H5N1O2,135.032029000,RC2_0018_ICR-1_p08
279.014714681,414.046747377,135.032032696,Other,random,C7H5N1O2,135.032029000,RC2_0018_ICR-1_p08
309.025204927,444.057237624,135.032032696,Other,random,C7H5N1O2,135.032029000,RC2_0018_ICR-1_p08
333.025090973,468.057127669,135.032036696,Other,random,C7H5N1O2,135.032029000,RC2_0018_ICR-1_p08
289.129309805,424.197716296,135.068406492,Other,random,C8H9N1O1,135.068414000,RC2_0018_ICR-1_p08
423.056851712,558.125261203,135.068409492,Other,random,C8H9N1O1,135.068414000,RC2_0018_ICR-1_p08
441.103707232,576.172119723,135.068412492,Other,random,C8H9N1O1,135.068414000,RC2_0018_ICR-1_p08
383.061796609,518.130212101,135.068415492,Other,random,C8H9N1O1,135.068414000,RC2_0018_ICR-1_p08
429.031055118,564.099472609,135.068417492,Other,random,C8H9N1O1,135.068414000,RC2_0018_ICR-1_p08
323.113527707,459.077924160,135.964396453,Other,random,C2O7,135.964405000,RC2_0018_ICR-1_p08
599.213810157,735.178206610,135.964396453,Other,random,C2O7,135.964405000,RC2_0018_ICR-1_p08
343.082119421,479.046519874,135.964400453,Other,random,C2O7,135.964405000,RC2_0018_ICR-1_p08
425.173619809,561.138021262,135.964401453,Other,random,C2O7,135.964405000,RC2_0018_ICR-1_p08
406.150679777,542.115081231,135.964401453,Other,random,C2O7,135.964405000,RC2_0018_ICR-1_p08
381.191735125,517.156140578,135.964405453,Other,random,C2O7,135.964405000,RC2_0018_ICR-1_p08
353.160383749,489.124791202,135.964407453,Other,random,C2O7,135.964405000,RC2_0018_ICR-1_p08
495.186948114,631.151355567,135.964407453,Other,random,C2O7,135.964405000,RC2_0018_ICR-1_p08
683.271351490,819.235759943,135.964408453,Other,random,C2O7,135.964405000,RC2_0018_ICR-1_p08
393.119012056,529.083422510,135.964410453,Other,random,C2O7,135.964405000,RC2_0018_ICR-1_p08
543.114389612,679.078801065,135.964411453,Other,random,C2O7,135.964405000,RC2_0018_ICR-1_p08
347.077144956,483.041557409,135.964412453,Other,random,C2O7,135.964405000,RC2_0018_ICR-1_p08
301.056502737,437.085425827,136.028923091,Other,random,C4H9O3P1,136.028933000,RC2_0018_ICR-1_p08
311.149929980,447.178854070,136.028924091,Other,random,C4H9O3P1,136.028933000,RC2_0018_ICR-1_p08
329.124132908,465.153057999,136.028925091,Other,random,C4H9O3P1,136.028933000,RC2_0018_ICR-1_p08
329.087778113,465.116704203,136.028926091,Other,random,C4H9O3P1,136.028933000,RC2_0018_ICR-1_p08
275.092516736,411.121443826,136.028927091,Other,random,C4H9O3P1,136.028933000,RC2_0018_ICR-1_p08
306.119462267,442.148389357,136.028927091,Other,random,C4H9O3P1,136.028933000,RC2_0018_ICR-1_p08
322.129641239,458.158568330,136.028927091,Other,random,C4H9O3P1,136.028933000,RC2_0018_ICR-1_p08
281.103129937,417.132059028,136.028929090,Other,random,C4H9O3P1,136.028933000,RC2_0018_ICR-1_p08
239.128991963,375.157922054,136.028930090,Other,random,C4H9O3P1,136.028933000,RC2_0018_ICR-1_p08
241.035486243,377.064416333,136.028930090,Other,random,C4H9O3P1,136.028933000,RC2_0018_ICR-1_p08
305.030254392,441.059184482,136.028930090,Other,random,C4H9O3P1,136.028933000,RC2_0018_ICR-1_p08
287.150091934,423.179023025,136.028931090,Other,random,C4H9O3P1,136.028933000,RC2_0018_ICR-1_p08
249.040526230,385.069458320,136.028932090,Other,random,C4H9O3P1,136.028933000,RC2_0018_ICR-1_p08
333.061472768,469.090405859,136.028933090,Other,random,C4H9O3P1,136.028933000,RC2_0018_ICR-1_p08
303.144923993,439.173857084,136.028933090,Other,random,C4H9O3P1,136.028933000,RC2_0018_ICR-1_p08
281.030325346,417.059259437,136.028934090,Other,random,C4H9O3P1,136.028933000,RC2_0018_ICR-1_p08
291.051104998,427.080041089,136.028936090,Other,random,C4H9O3P1,136.028933000,RC2_0018_ICR-1_p08
235.024899041,371.053836132,136.028937090,Other,random,C4H9O3P1,136.028933000,RC2_0018_ICR-1_p08
297.098054995,433.126993086,136.028938090,Other,random,C4H9O3P1,136.028933000,RC2_0018_ICR-1_p08
327.144865038,463.173805128,136.028940090,Other,random,C4H9O3P1,136.028933000,RC2_0018_ICR-1_p08
259.155033354,395.183973445,136.028940090,Other,random,C4H9O3P1,136.028933000,RC2_0018_ICR-1_p08
239.056189373,375.085130463,136.028941090,Other,random,C4H9O3P1,136.028933000,RC2_0018_ICR-1_p08
277.071783606,413.100724696,136.028941090,Other,random,C4H9O3P1,136.028933000,RC2_0018_ICR-1_p08
310.093259922,446.122201012,136.028941090,Other,random,C4H9O3P1,136.028933000,RC2_0018_ICR-1_p08
315.181230311,451.210171402,136.028941090,Other,random,C4H9O3P1,136.028933000,RC2_0018_ICR-1_p08
347.040717161,483.069658251,136.028941090,Other,random,C4H9O3P1,136.028933000,RC2_0018_ICR-1_p08
347.186304342,483.215245433,136.028941090,Other,random,C4H9O3P1,136.028933000,RC2_0018_ICR-1_p08
273.134387746,409.163329837,136.028942090,Other,random,C4H9O3P1,136.028933000,RC2_0018_ICR-1_p08
308.113932052,444.142874142,136.028942090,Other,random,C4H9O3P1,136.028933000,RC2_0018_ICR-1_p08
288.108947542,424.137889633,136.028942090,Other,random,C4H9O3P1,136.028933000,RC2_0018_ICR-1_p08
387.144773650,523.181939694,136.037166044,Other,random,C4H8O5,136.037175000,RC2_0018_ICR-1_p08
390.046627333,526.083793377,136.037166044,Other,random,C4H8O5,136.037175000,RC2_0018_ICR-1_p08
383.040847727,519.078013771,136.037166044,Other,random,C4H8O5,136.037175000,RC2_0018_ICR-1_p08
583.218856099,719.256023143,136.037167044,Other,random,C4H8O5,136.037175000,RC2_0018_ICR-1_p08
407.171062040,543.208229084,136.037167044,Other,random,C4H8O5,136.037175000,RC2_0018_ICR-1_p08
369.038274466,505.075442510,136.037168044,Other,random,C4H8O5,136.037175000,RC2_0018_ICR-1_p08
673.141302452,809.178471496,136.037169044,Other,random,C4H8O5,136.037175000,RC2_0018_ICR-1_p08
339.100309811,475.137479855,136.037170044,Other,random,C4H8O5,136.037175000,RC2_0018_ICR-1_p08
595.146695027,731.183865071,136.037170044,Other,random,C4H8O5,136.037175000,RC2_0018_ICR-1_p08
599.125351654,735.162522698,136.037171044,Other,random,C4H8O5,136.037175000,RC2_0018_ICR-1_p08
321.061522246,457.098694290,136.037172044,Other,random,C4H8O5,136.037175000,RC2_0018_ICR-1_p08
415.139809230,551.176981274,136.037172044,Other,random,C4H8O5,136.037175000,RC2_0018_ICR-1_p08
341.139398345,477.176571389,136.037173044,Other,random,C4H8O5,136.037175000,RC2_0018_ICR-1_p08
425.173619809,561.210792853,136.037173044,Other,random,C4H8O5,136.037175000,RC2_0018_ICR-1_p08
440.062167088,576.099342133,136.037175044,Other,random,C4H8O5,136.037175000,RC2_0018_ICR-1_p08
393.046246465,529.083422510,136.037176044,Other,random,C4H8O5,136.037175000,RC2_0018_ICR-1_p08
321.025158450,457.062334494,136.037176044,Other,random,C4H8O5,136.037175000,RC2_0018_ICR-1_p08
344.077454824,480.114630868,136.037176044,Other,random,C4H8O5,136.037175000,RC2_0018_ICR-1_p08
430.041572436,566.078749480,136.037177044,Other,random,C4H8O5,136.037175000,RC2_0018_ICR-1_p08
359.040778683,495.077955727,136.037177044,Other,random,C4H8O5,136.037175000,RC2_0018_ICR-1_p08
319.191344762,455.228522806,136.037178044,Other,random,C4H8O5,136.037175000,RC2_0018_ICR-1_p08
381.118962534,517.156140578,136.037178044,Other,random,C4H8O5,136.037175000,RC2_0018_ICR-1_p08
517.098779901,653.135959945,136.037180044,Other,random,C4H8O5,136.037175000,RC2_0018_ICR-1_p08
503.228586895,639.265766939,136.037180044,Other,random,C4H8O5,136.037175000,RC2_0018_ICR-1_p08
388.103624258,524.140806303,136.037182044,Other,random,C4H8O5,136.037175000,RC2_0018_ICR-1_p08
445.150241477,581.187423522,136.037182044,Other,random,C4H8O5,136.037175000,RC2_0018_ICR-1_p08
587.140826045,723.178010089,136.037184044,Other,random,C4H8O5,136.037175000,RC2_0018_ICR-1_p08
361.186629616,497.239051575,136.052421958,Other,random,C8H8O2,136.052430000,RC2_0018_ICR-1_p08
359.090145405,495.142567364,136.052421958,Other,random,C8H8O2,136.052430000,RC2_0018_ICR-1_p08
525.233890156,661.286313114,136.052422958,Other,random,C8H8O2,136.052430000,RC2_0018_ICR-1_p08
341.051228841,477.103651799,136.052422958,Other,random,C8H8O2,136.052430000,RC2_0018_ICR-1_p08
347.126554678,483.178977637,136.052422958,Other,random,C8H8O2,136.052430000,RC2_0018_ICR-1_p08
589.141784793,725.194207751,136.052422958,Other,random,C8H8O2,136.052430000,RC2_0018_ICR-1_p08
369.118928012,505.171352970,136.052424958,Other,random,C8H8O2,136.052430000,RC2_0018_ICR-1_p08
317.116081431,453.168508390,136.052426958,Other,random,C8H8O2,136.052430000,RC2_0018_ICR-1_p08
285.170673065,421.223101023,136.052427958,Other,random,C8H8O2,136.052430000,RC2_0018_ICR-1_p08
471.187039069,607.239467027,136.052427958,Other,random,C8H8O2,136.052430000,RC2_0018_ICR-1_p08
321.134254837,457.186682795,136.052427958,Other,random,C8H8O2,136.052430000,RC2_0018_ICR-1_p08
393.204837574,529.257265532,136.052427958,Other,random,C8H8O2,136.052430000,RC2_0018_ICR-1_p08
591.099457785,727.151885743,136.052427958,Other,random,C8H8O2,136.052430000,RC2_0018_ICR-1_p08
321.147396763,457.199825721,136.052428958,Other,random,C8H8O2,136.052430000,RC2_0018_ICR-1_p08
327.072060447,463.124489406,136.052428958,Other,random,C8H8O2,136.052430000,RC2_0018_ICR-1_p08
322.106138371,458.158568330,136.052429958,Other,random,C8H8O2,136.052430000,RC2_0018_ICR-1_p08
337.020022509,473.072452467,136.052429958,Other,random,C8H8O2,136.052430000,RC2_0018_ICR-1_p08
375.093150418,511.145581377,136.052430958,Other,random,C8H8O2,136.052430000,RC2_0018_ICR-1_p08
401.173548765,537.225979723,136.052430958,Other,random,C8H8O2,136.052430000,RC2_0018_ICR-1_p08
382.041589346,518.094021304,136.052431958,Other,random,C8H8O2,136.052430000,RC2_0018_ICR-1_p08
349.087113654,485.139545612,136.052431958,Other,random,C8H8O2,136.052430000,RC2_0018_ICR-1_p08
441.189609749,577.242042707,136.052432958,Other,random,C8H8O2,136.052430000,RC2_0018_ICR-1_p08
377.209814516,513.262247474,136.052432958,Other,random,C8H8O2,136.052430000,RC2_0018_ICR-1_p08
319.067003461,455.119437419,136.052433958,Other,random,C8H8O2,136.052430000,RC2_0018_ICR-1_p08
347.098291837,483.150726795,136.052434958,Other,random,C8H8O2,136.052430000,RC2_0018_ICR-1_p08
567.244964922,703.297399880,136.052434958,Other,random,C8H8O2,136.052430000,RC2_0018_ICR-1_p08
440.046907174,576.099342133,136.052434958,Other,random,C8H8O2,136.052430000,RC2_0018_ICR-1_p08
365.100605608,501.153041566,136.052435958,Other,random,C8H8O2,136.052430000,RC2_0018_ICR-1_p08
323.040768116,459.093205074,136.052436958,Other,random,C8H8O2,136.052430000,RC2_0018_ICR-1_p08
319.082338375,455.134775333,136.052436958,Other,random,C8H8O2,136.052430000,RC2_0018_ICR-1_p08
445.199674200,581.252111158,136.052436958,Other,random,C8H8O2,136.052430000,RC2_0018_ICR-1_p08
349.019989031,485.072425989,136.052436958,Other,random,C8H8O2,136.052430000,RC2_0018_ICR-1_p08
375.085130463,511.137567422,136.052436958,Other,random,C8H8O2,136.052430000,RC2_0018_ICR-1_p08
459.187075546,595.239514505,136.052438958,Other,random,C8H8O2,136.052430000,RC2_0018_ICR-1_p08
367.176146937,503.228586895,136.052439958,Other,random,C8H8O2,136.052430000,RC2_0018_ICR-1_p08
599.271041835,735.323481793,136.052439958,Other,random,C8H8O2,136.052430000,RC2_0018_ICR-1_p08
507.200206562,643.289012316,136.088805754,Other,random,C9H12O1,136.088815000,RC2_0018_ICR-1_p08
331.067017983,467.155823737,136.088805754,Other,random,C9H12O1,136.088815000,RC2_0018_ICR-1_p08
349.069490753,485.158298507,136.088807754,Other,random,C9H12O1,136.088815000,RC2_0018_ICR-1_p08
343.067013506,479.155823259,136.088809754,Other,random,C9H12O1,136.088815000,RC2_0018_ICR-1_p08
375.202297804,511.291107558,136.088809754,Other,random,C9H12O1,136.088815000,RC2_0018_ICR-1_p08
319.139710052,455.228522806,136.088812754,Other,random,C9H12O1,136.088815000,RC2_0018_ICR-1_p08
347.107917783,483.196730537,136.088812754,Other,random,C9H12O1,136.088815000,RC2_0018_ICR-1_p08
607.203274231,743.292086985,136.088812754,Other,random,C9H12O1,136.088815000,RC2_0018_ICR-1_p08
324.036139519,460.124953273,136.088813754,Other,random,C9H12O1,136.088815000,RC2_0018_ICR-1_p08
553.156403144,689.245216898,136.088813754,Other,random,C9H12O1,136.088815000,RC2_0018_ICR-1_p08
363.102799842,499.191613595,136.088813754,Other,random,C9H12O1,136.088815000,RC2_0018_ICR-1_p08
305.124117864,441.212932618,136.088814754,Other,random,C9H12O1,136.088815000,RC2_0018_ICR-1_p08
375.056765623,511.145581377,136.088815754,Other,random,C9H12O1,136.088815000,RC2_0018_ICR-1_p08
333.074561695,469.163378448,136.088816754,Other,random,C9H12O1,136.088815000,RC2_0018_ICR-1_p08
465.080540407,601.169358160,136.088817754,Other,random,C9H12O1,136.088815000,RC2_0018_ICR-1_p08
315.144827516,451.233645270,136.088817754,Other,random,C9H12O1,136.088815000,RC2_0018_ICR-1_p08
359.090145405,495.178963159,136.088817754,Other,random,C9H12O1,136.088815000,RC2_0018_ICR-1_p08
354.046633766,490.135453519,136.088819754,Other,random,C9H12O1,136.088815000,RC2_0018_ICR-1_p08
543.163951333,679.252772087,136.088820754,Other,random,C9H12O1,136.088815000,RC2_0018_ICR-1_p08
337.092826099,473.181647853,136.088821754,Other,random,C9H12O1,136.088815000,RC2_0018_ICR-1_p08
321.097860041,457.186682795,136.088822754,Other,random,C9H12O1,136.088815000,RC2_0018_ICR-1_p08
335.126517156,471.215339910,136.088822754,Other,random,C9H12O1,136.088815000,RC2_0018_ICR-1_p08
309.097919519,445.186743272,136.088823754,Other,random,C9H12O1,136.088815000,RC2_0018_ICR-1_p08
367.103377346,503.192201099,136.088823754,Other,random,C9H12O1,136.088815000,RC2_0018_ICR-1_p08
419.061824176,555.187015725,136.125191549,Other,random,C10H16,136.125200000,RC2_0018_ICR-1_p08
377.100616130,513.225809679,136.125193549,Other,random,C10H16,136.125200000,RC2_0018_ICR-1_p08
493.111883783,629.237078332,136.125194549,Other,random,C10H16,136.125200000,RC2_0018_ICR-1_p08
537.088750495,673.213945044,136.125194549,Other,random,C10H16,136.125200000,RC2_0018_ICR-1_p08
355.152895545,491.278093094,136.125197549,Other,random,C10H16,136.125200000,RC2_0018_ICR-1_p08
275.971304794,412.096503343,136.125198549,Other,random,C10H16,136.125200000,RC2_0018_ICR-1_p08
386.080683634,522.205883183,136.125199549,Other,random,C10H16,136.125200000,RC2_0018_ICR-1_p08
361.069333276,497.194532825,136.125199549,Other,random,C10H16,136.125200000,RC2_0018_ICR-1_p08
401.137058970,537.262259519,136.125200549,Other,random,C10H16,136.125200000,RC2_0018_ICR-1_p08
353.051318362,489.176519912,136.125201549,Other,random,C10H16,136.125200000,RC2_0018_ICR-1_p08
354.046633766,490.171835315,136.125201549,Other,random,C10H16,136.125200000,RC2_0018_ICR-1_p08
653.099865148,789.225070697,136.125205549,Other,random,C10H16,136.125200000,RC2_0018_ICR-1_p08
335.053840565,471.179046114,136.125205549,Other,random,C10H16,136.125200000,RC2_0018_ICR-1_p08
441.176390823,577.301596372,136.125205549,Other,random,C10H16,136.125200000,RC2_0018_ICR-1_p08
312.035979997,448.161186547,136.125206549,Other,random,C10H16,136.125200000,RC2_0018_ICR-1_p08
431.155765170,567.280973719,136.125208549,Other,random,C10H16,136.125200000,RC2_0018_ICR-1_p08
391.079897522,527.205106072,136.125208549,Other,random,C10H16,136.125200000,RC2_0018_ICR-1_p08
367.103377346,503.228586895,136.125209549,Other,random,C10H16,136.125200000,RC2_0018_ICR-1_p08
263.056167418,400.080340912,137.024173494,Other,random,C3H8N1O3P1,137.024182000,RC2_0018_ICR-1_p08
313.165601645,450.189777139,137.024175494,Other,random,C3H8N1O3P1,137.024182000,RC2_0018_ICR-1_p08
335.077134434,472.101310928,137.024176494,Other,random,C3H8N1O3P1,137.024182000,RC2_0018_ICR-1_p08
261.076909547,398.101090041,137.024180494,Other,random,C3H8N1O3P1,137.024182000,RC2_0018_ICR-1_p08
273.061698155,410.085883649,137.024185494,Other,random,C3H8N1O3P1,137.024182000,RC2_0018_ICR-1_p08
295.118783125,432.142973619,137.024190494,Other,random,C3H8N1O3P1,137.024182000,RC2_0018_ICR-1_p08
469.098488813,606.146160175,137.047671362,Other,random,C7H7N1O2,137.047679000,RC2_0018_ICR-1_p08
337.020022509,474.067697871,137.047675362,Other,random,C7H7N1O2,137.047679000,RC2_0018_ICR-1_p08
371.025306292,508.072982654,137.047676362,Other,random,C7H7N1O2,137.047679000,RC2_0018_ICR-1_p08
395.134552723,532.182231085,137.047678362,Other,random,C7H7N1O2,137.047679000,RC2_0018_ICR-1_p08
311.113506185,448.161186547,137.047680362,Other,random,C7H7N1O2,137.047679000,RC2_0018_ICR-1_p08
483.150726795,620.198414157,137.047687362,Other,random,C7H7N1O2,137.047679000,RC2_0018_ICR-1_p08
296.114075528,434.145761357,138.031685829,Other,random,C7H6O3,138.031695000,RC2_0018_ICR-1_p08
365.014842090,503.046527919,138.031685829,Other,random,C7H6O3,138.031695000,RC2_0018_ICR-1_p08
357.082606694,495.114294523,138.031687829,Other,random,C7H6O3,138.031695000,RC2_0018_ICR-1_p08
417.140156982,555.171844811,138.031687829,Other,random,C7H6O3,138.031695000,RC2_0018_ICR-1_p08
310.093259922,448.124947750,138.031687829,Other,random,C7H6O3,138.031695000,RC2_0018_ICR-1_p08
306.025548795,444.057237624,138.031688829,Other,random,C7H6O3,138.031695000,RC2_0018_ICR-1_p08
298.056867604,436.088556433,138.031688829,Other,random,C7H6O3,138.031695000,RC2_0018_ICR-1_p08
433.113898159,571.145587988,138.031689829,Other,random,C7H6O3,138.031695000,RC2_0018_ICR-1_p08
531.114355089,669.146044918,138.031689829,Other,random,C7H6O3,138.031695000,RC2_0018_ICR-1_p08
315.144827516,453.176517345,138.031689829,Other,random,C7H6O3,138.031695000,RC2_0018_ICR-1_p08
434.145761357,572.177452186,138.031690829,Other,random,C7H6O3,138.031695000,RC2_0018_ICR-1_p08
319.067003461,457.098694290,138.031690829,Other,random,C7H6O3,138.031695000,RC2_0018_ICR-1_p08
329.124132908,467.155823737,138.031690829,Other,random,C7H6O3,138.031695000,RC2_0018_ICR-1_p08
498.125370591,636.157061420,138.031690829,Other,random,C7H6O3,138.031695000,RC2_0018_ICR-1_p08
319.168133892,457.199825721,138.031691829,Other,random,C7H6O3,138.031695000,RC2_0018_ICR-1_p08
333.134325358,471.166017187,138.031691829,Other,random,C7H6O3,138.031695000,RC2_0018_ICR-1_p08
351.144828083,489.176519912,138.031691829,Other,random,C7H6O3,138.031695000,RC2_0018_ICR-1_p08
459.077924160,597.109615989,138.031691829,Other,random,C7H6O3,138.031695000,RC2_0018_ICR-1_p08
431.228790760,569.260483588,138.031692829,Other,random,C7H6O3,138.031695000,RC2_0018_ICR-1_p08
439.210349878,577.242042707,138.031692829,Other,random,C7H6O3,138.031695000,RC2_0018_ICR-1_p08
307.155049444,445.186743272,138.031693829,Other,random,C7H6O3,138.031695000,RC2_0018_ICR-1_p08
323.186402297,461.218098126,138.031695829,Other,random,C7H6O3,138.031695000,RC2_0018_ICR-1_p08
351.181172879,489.212869707,138.031696829,Other,random,C7H6O3,138.031695000,RC2_0018_ICR-1_p08
363.072102014,501.103798843,138.031696829,Other,random,C7H6O3,138.031695000,RC2_0018_ICR-1_p08
375.202297804,513.233995633,138.031697829,Other,random,C7H6O3,138.031695000,RC2_0018_ICR-1_p08
342.155790630,480.187488458,138.031697829,Other,random,C7H6O3,138.031695000,RC2_0018_ICR-1_p08
473.085447394,611.117146223,138.031698829,Other,random,C7H6O3,138.031695000,RC2_0018_ICR-1_p08
337.105781026,475.137479855,138.031698829,Other,random,C7H6O3,138.031695000,RC2_0018_ICR-1_p08
361.113917025,499.145616854,138.031699829,Other,random,C7H6O3,138.031695000,RC2_0018_ICR-1_p08
385.223030456,523.254731285,138.031700829,Other,random,C7H6O3,138.031695000,RC2_0018_ICR-1_p08
509.093628915,647.125330744,138.031701829,Other,random,C7H6O3,138.031695000,RC2_0018_ICR-1_p08
417.155313897,555.187015725,138.031701829,Other,random,C7H6O3,138.031695000,RC2_0018_ICR-1_p08
375.194106850,513.225809679,138.031702829,Other,random,C7H6O3,138.031695000,RC2_0018_ICR-1_p08
575.177091318,713.208794147,138.031702829,Other,random,C7H6O3,138.031695000,RC2_0018_ICR-1_p08
349.105776549,487.137480377,138.031703829,Other,random,C7H6O3,138.031695000,RC2_0018_ICR-1_p08
363.102799842,501.207256261,138.104456420,Other,random,C9H14O1,138.104465000,RC2_0018_ICR-1_p08
431.038674829,569.143131248,138.104456420,Other,random,C9H14O1,138.104465000,RC2_0018_ICR-1_p08
451.210171402,589.314628821,138.104457420,Other,random,C9H14O1,138.104465000,RC2_0018_ICR-1_p08
389.064304856,527.168762276,138.104457420,Other,random,C9H14O1,138.104465000,RC2_0018_ICR-1_p08
341.087646636,479.192105055,138.104458420,Other,random,C9H14O1,138.104465000,RC2_0018_ICR-1_p08
331.095213825,469.199672244,138.104458420,Other,random,C9H14O1,138.104465000,RC2_0018_ICR-1_p08
352.030995100,490.135453519,138.104458420,Other,random,C9H14O1,138.104465000,RC2_0018_ICR-1_p08
361.105876071,499.210334490,138.104458420,Other,random,C9H14O1,138.104465000,RC2_0018_ICR-1_p08
373.069405798,511.173864217,138.104458420,Other,random,C9H14O1,138.104465000,RC2_0018_ICR-1_p08
395.061853131,533.166311551,138.104458420,Other,random,C9H14O1,138.104465000,RC2_0018_ICR-1_p08
385.150271866,523.254731285,138.104459420,Other,random,C9H14O1,138.104465000,RC2_0018_ICR-1_p08
605.187624565,743.292086985,138.104462419,Other,random,C9H14O1,138.104465000,RC2_0018_ICR-1_p08
286.093252877,424.197716296,138.104463419,Other,random,C9H14O1,138.104465000,RC2_0018_ICR-1_p08
299.126631588,437.231095008,138.104463419,Other,random,C9H14O1,138.104465000,RC2_0018_ICR-1_p08
313.084699100,451.189162520,138.104463419,Other,random,C9H14O1,138.104465000,RC2_0018_ICR-1_p08
369.082494217,507.186957636,138.104463419,Other,random,C9H14O1,138.104465000,RC2_0018_ICR-1_p08
425.036009583,563.140473002,138.104463419,Other,random,C9H14O1,138.104465000,RC2_0018_ICR-1_p08
455.191930012,593.296393431,138.104463419,Other,random,C9H14O1,138.104465000,RC2_0018_ICR-1_p08
359.061895564,497.166360984,138.104465419,Other,random,C9H14O1,138.104465000,RC2_0018_ICR-1_p08
379.061337105,517.165802524,138.104465419,Other,random,C9H14O1,138.104465000,RC2_0018_ICR-1_p08
551.140751478,689.245216898,138.104465419,Other,random,C9H14O1,138.104465000,RC2_0018_ICR-1_p08
354.046633766,492.151100185,138.104466419,Other,random,C9H14O1,138.104465000,RC2_0018_ICR-1_p08
365.118477507,503.222946927,138.104469419,Other,random,C9H14O1,138.104465000,RC2_0018_ICR-1_p08
308.041076461,446.145545881,138.104469419,Other,random,C9H14O1,138.104465000,RC2_0018_ICR-1_p08
431.025617902,569.130088322,138.104470419,Other,random,C9H14O1,138.104465000,RC2_0018_ICR-1_p08
401.072481333,539.176951752,138.104470419,Other,random,C9H14O1,138.104465000,RC2_0018_ICR-1_p08
407.128963276,545.233433696,138.104470419,Other,random,C9H14O1,138.104465000,RC2_0018_ICR-1_p08
331.058906029,469.163378448,138.104472419,Other,random,C9H14O1,138.104465000,RC2_0018_ICR-1_p08
357.110821535,495.215294955,138.104473419,Other,random,C9H14O1,138.104465000,RC2_0018_ICR-1_p08
359.134577155,497.239051575,138.104474419,Other,random,C9H14O1,138.104465000,RC2_0018_ICR-1_p08
651.120596278,789.225070697,138.104474419,Other,random,C9H14O1,138.104465000,RC2_0018_ICR-1_p08
545.202839868,685.163029852,139.960189984,Other,random,C2H4O3S2,139.960189000,RC2_0018_ICR-1_p08
349.178682139,489.189632838,140.010950699,Other,random,C6H4O4,140.010960000,RC2_0018_ICR-1_p08
357.074526739,497.085478438,140.010951699,Other,random,C6H4O4,140.010960000,RC2_0018_ICR-1_p08
329.116004954,469.126956653,140.010951699,Other,random,C6H4O4,140.010960000,RC2_0018_ICR-1_p08
377.082055234,517.093007933,140.010952699,Other,random,C6H4O4,140.010960000,RC2_0018_ICR-1_p08
315.108484720,455.119437419,140.010952699,Other,random,C6H4O4,140.010960000,RC2_0018_ICR-1_p08
348.072489359,488.083442058,140.010952699,Other,random,C6H4O4,140.010960000,RC2_0018_ICR-1_p08
425.137064014,565.148016713,140.010952699,Other,random,C6H4O4,140.010960000,RC2_0018_ICR-1_p08
378.119259402,518.130212101,140.010952699,Other,random,C6H4O4,140.010960000,RC2_0018_ICR-1_p08
371.134626678,511.145581377,140.010954699,Other,random,C6H4O4,140.010960000,RC2_0018_ICR-1_p08
367.030606755,507.041562454,140.010955699,Other,random,C6H4O4,140.010960000,RC2_0018_ICR-1_p08
387.157806577,527.168762276,140.010955699,Other,random,C6H4O4,140.010960000,RC2_0018_ICR-1_p08
487.072988740,627.083944439,140.010955699,Other,random,C6H4O4,140.010960000,RC2_0018_ICR-1_p08
315.136751561,455.147708260,140.010956699,Other,random,C6H4O4,140.010960000,RC2_0018_ICR-1_p08
331.155060488,471.166017187,140.010956699,Other,random,C6H4O4,140.010960000,RC2_0018_ICR-1_p08
377.196865589,517.207822288,140.010956699,Other,random,C6H4O4,140.010960000,RC2_0018_ICR-1_p08
381.191735125,521.202691824,140.010956699,Other,random,C6H4O4,140.010960000,RC2_0018_ICR-1_p08
321.097860041,461.108817740,140.010957699,Other,random,C6H4O4,140.010960000,RC2_0018_ICR-1_p08
363.048707146,503.059664845,140.010957699,Other,random,C6H4O4,140.010960000,RC2_0018_ICR-1_p08
491.205161504,631.216120203,140.010958699,Other,random,C6H4O4,140.010960000,RC2_0018_ICR-1_p08
327.144865038,467.155823737,140.010958699,Other,random,C6H4O4,140.010960000,RC2_0018_ICR-1_p08
361.142082867,501.153041566,140.010958699,Other,random,C6H4O4,140.010960000,RC2_0018_ICR-1_p08
314.051745662,454.062705361,140.010959699,Other,random,C6H4O4,140.010960000,RC2_0018_ICR-1_p08
339.035559175,479.046519874,140.010960699,Other,random,C6H4O4,140.010960000,RC2_0018_ICR-1_p08
399.129537258,539.140498957,140.010961699,Other,random,C6H4O4,140.010960000,RC2_0018_ICR-1_p08
323.113527707,463.124489406,140.010961699,Other,random,C6H4O4,140.010960000,RC2_0018_ICR-1_p08
335.126517156,475.137479855,140.010962699,Other,random,C6H4O4,140.010960000,RC2_0018_ICR-1_p08
457.077656408,597.088619107,140.010962699,Other,random,C6H4O4,140.010960000,RC2_0018_ICR-1_p08
464.119708810,604.130672508,140.010963699,Other,random,C6H4O4,140.010960000,RC2_0018_ICR-1_p08
343.095244347,483.106208046,140.010963699,Other,random,C6H4O4,140.010960000,RC2_0018_ICR-1_p08
286.056924081,426.067887780,140.010963699,Other,random,C6H4O4,140.010960000,RC2_0018_ICR-1_p08
627.229757619,767.240722318,140.010964699,Other,random,C6H4O4,140.010960000,RC2_0018_ICR-1_p08
481.199660767,621.210628466,140.010967699,Other,random,C6H4O4,140.010960000,RC2_0018_ICR-1_p08
415.176048027,555.187015725,140.010967699,Other,random,C6H4O4,140.010960000,RC2_0018_ICR-1_p08
315.123807634,455.134775333,140.010967699,Other,random,C6H4O4,140.010960000,RC2_0018_ICR-1_p08
355.103325824,495.114294523,140.010968699,Other,random,C6H4O4,140.010960000,RC2_0018_ICR-1_p08
365.014842090,505.025811789,140.010969699,Other,random,C6H4O4,140.010960000,RC2_0018_ICR-1_p08
365.137149402,505.148119101,140.010969699,Other,random,C6H4O4,140.010960000,RC2_0018_ICR-1_p08
363.157821532,503.205300026,140.047478494,Other,random,C7H8O3,140.047488200,RC2_0018_ICR-1_p08
407.061800654,547.109279148,140.047478494,Other,random,C7H8O3,140.047488200,RC2_0018_ICR-1_p08
411.157957621,551.205436114,140.047478494,Other,random,C7H8O3,140.047488200,RC2_0018_ICR-1_p08
465.226000589,605.273480082,140.047479494,Other,random,C7H8O3,140.047488200,RC2_0018_ICR-1_p08
511.254704763,651.302184257,140.047479494,Other,random,C7H8O3,140.047488200,RC2_0018_ICR-1_p08
361.032979480,501.080459974,140.047480494,Other,random,C7H8O3,140.047488200,RC2_0018_ICR-1_p08
357.118880490,497.166360984,140.047480494,Other,random,C7H8O3,140.047488200,RC2_0018_ICR-1_p08
407.184150966,547.231631460,140.047480494,Other,random,C7H8O3,140.047488200,RC2_0018_ICR-1_p08
423.129405304,563.176886797,140.047481494,Other,random,C7H8O3,140.047488200,RC2_0018_ICR-1_p08
347.040717161,487.088198655,140.047481494,Other,random,C7H8O3,140.047488200,RC2_0018_ICR-1_p08
403.152773635,543.200256129,140.047482494,Other,random,C7H8O3,140.047488200,RC2_0018_ICR-1_p08
405.140094460,545.187576954,140.047482494,Other,random,C7H8O3,140.047488200,RC2_0018_ICR-1_p08
675.266547502,815.314029995,140.047482494,Other,random,C7H8O3,140.047488200,RC2_0018_ICR-1_p08
355.116240751,495.163724245,140.047483494,Other,random,C7H8O3,140.047488200,RC2_0018_ICR-1_p08
409.041086524,549.088571018,140.047484494,Other,random,C7H8O3,140.047488200,RC2_0018_ICR-1_p08
427.080041089,567.127525582,140.047484494,Other,random,C7H8O3,140.047488200,RC2_0018_ICR-1_p08
361.019884554,501.067369048,140.047484494,Other,random,C7H8O3,140.047488200,RC2_0018_ICR-1_p08
463.233475793,603.280960287,140.047484494,Other,random,C7H8O3,140.047488200,RC2_0018_ICR-1_p08
403.124415795,543.171901288,140.047485494,Other,random,C7H8O3,140.047488200,RC2_0018_ICR-1_p08
633.219121940,773.266608434,140.047486494,Other,random,C7H8O3,140.047488200,RC2_0018_ICR-1_p08
441.131933073,581.179420567,140.047487494,Other,random,C7H8O3,140.047488200,RC2_0018_ICR-1_p08
395.025278337,535.072765831,140.047487494,Other,random,C7H8O3,140.047488200,RC2_0018_ICR-1_p08
339.100309811,479.147798304,140.047488494,Other,random,C7H8O3,140.047488200,RC2_0018_ICR-1_p08
465.103702276,605.151190770,140.047488494,Other,random,C7H8O3,140.047488200,RC2_0018_ICR-1_p08
447.142632274,587.190120768,140.047488494,Other,random,C7H8O3,140.047488200,RC2_0018_ICR-1_p08
395.207272314,535.254761807,140.047489494,Other,random,C7H8O3,140.047488200,RC2_0018_ICR-1_p08
322.020362854,462.067852347,140.047489494,Other,random,C7H8O3,140.047488200,RC2_0018_ICR-1_p08
567.208492127,707.255981621,140.047489494,Other,random,C7H8O3,140.047488200,RC2_0018_ICR-1_p08
407.171062040,547.218552533,140.047490494,Other,random,C7H8O3,140.047488200,RC2_0018_ICR-1_p08
443.119421897,583.166912391,140.047490494,Other,random,C7H8O3,140.047488200,RC2_0018_ICR-1_p08
348.035951565,488.083442058,140.047490494,Other,random,C7H8O3,140.047488200,RC2_0018_ICR-1_p08
367.189145864,507.236636357,140.047490494,Other,random,C7H8O3,140.047488200,RC2_0018_ICR-1_p08
559.109416669,699.156907163,140.047490494,Other,random,C7H8O3,140.047488200,RC2_0018_ICR-1_p08
439.233623747,579.281115241,140.047491494,Other,random,C7H8O3,140.047488200,RC2_0018_ICR-1_p08
329.102948027,469.150439521,140.047491494,Other,random,C7H8O3,140.047488200,RC2_0018_ICR-1_p08
451.124426884,591.171918377,140.047491494,Other,random,C7H8O3,140.047488200,RC2_0018_ICR-1_p08
461.108817740,601.156309234,140.047491494,Other,random,C7H8O3,140.047488200,RC2_0018_ICR-1_p08
397.178487229,537.225979723,140.047492494,Other,random,C7H8O3,140.047488200,RC2_0018_ICR-1_p08
577.083906596,717.131399090,140.047492494,Other,random,C7H8O3,140.047488200,RC2_0018_ICR-1_p08
543.135651492,683.183144985,140.047493494,Other,random,C7H8O3,140.047488200,RC2_0018_ICR-1_p08
573.234105244,713.281598738,140.047493494,Other,random,C7H8O3,140.047488200,RC2_0018_ICR-1_p08
589.156487710,729.203982204,140.047494494,Other,random,C7H8O3,140.047488200,RC2_0018_ICR-1_p08
401.181564719,541.229059213,140.047494494,Other,random,C7H8O3,140.047488200,RC2_0018_ICR-1_p08
619.239817548,759.287312041,140.047494494,Other,random,C7H8O3,140.047488200,RC2_0018_ICR-1_p08
429.249243891,569.296738385,140.047494494,Other,random,C7H8O3,140.047488200,RC2_0018_ICR-1_p08
679.188264449,819.235759943,140.047495494,Other,random,C7H8O3,140.047488200,RC2_0018_ICR-1_p08
443.025247427,583.072742920,140.047495494,Other,random,C7H8O3,140.047488200,RC2_0018_ICR-1_p08
399.108337377,539.155833871,140.047496494,Other,random,C7H8O3,140.047488200,RC2_0018_ICR-1_p08
401.173548765,541.221045258,140.047496494,Other,random,C7H8O3,140.047488200,RC2_0018_ICR-1_p08
415.233712702,555.281210196,140.047497494,Other,random,C7H8O3,140.047488200,RC2_0018_ICR-1_p08
547.145740943,687.193238436,140.047497494,Other,random,C7H8O3,140.047488200,RC2_0018_ICR-1_p08
433.090430291,573.197959447,140.107529156,Other,random,C8H14N1O1,140.107539000,RC2_0018_ICR-1_p08
535.086025756,675.193555912,140.107530156,Other,random,C8H14N1O1,140.107539000,RC2_0018_ICR-1_p08
415.116319362,555.223851518,140.107532156,Other,random,C8H14N1O1,140.107539000,RC2_0018_ICR-1_p08
533.143125681,673.250660837,140.107535156,Other,random,C8H14N1O1,140.107539000,RC2_0018_ICR-1_p08
447.069649684,587.177185840,140.107536156,Other,random,C8H14N1O1,140.107539000,RC2_0018_ICR-1_p08
517.148154623,657.255690779,140.107536156,Other,random,C8H14N1O1,140.107539000,RC2_0018_ICR-1_p08
435.142534752,575.250070908,140.107536156,Other,random,C8H14N1O1,140.107539000,RC2_0018_ICR-1_p08
410.122159445,550.229696601,140.107537156,Other,random,C8H14N1O1,140.107539000,RC2_0018_ICR-1_p08
423.105926436,563.213471592,140.107545156,Other,random,C8H14N1O1,140.107539000,RC2_0018_ICR-1_p08
428.132629170,568.240174326,140.107545156,Other,random,C8H14N1O1,140.107539000,RC2_0018_ICR-1_p08
249.113355820,390.132444850,141.019089030,Other,random,C2H8O4N1P1,141.019097000,RC2_0018_ICR-1_p08
301.071816650,442.090909681,141.019093030,Other,random,C2H8O4N1P1,141.019097000,RC2_0018_ICR-1_p08
299.113643661,440.132743692,141.019100030,Other,random,C2H8O4N1P1,141.019097000,RC2_0018_ICR-1_p08
353.015015567,494.130381055,141.115365489,Other,random,C8H15N1O1,141.115364000,RC2_0018_ICR-1_p08
417.140156982,558.255523471,141.115366489,Other,random,C8H15N1O1,141.115364000,RC2_0018_ICR-1_p08
491.082961191,632.198332680,141.115371489,Other,random,C8H15N1O1,141.115364000,RC2_0018_ICR-1_p08
543.223717997,685.190446698,141.966728701,Other,random,C1H3O6P1,141.966728000,RC2_0018_ICR-1_p08
263.092574213,405.059303914,141.966729701,Other,random,C1H3O6P1,141.966728000,RC2_0018_ICR-1_p08
293.103072460,435.069803161,141.966730701,Other,random,C1H3O6P1,141.966728000,RC2_0018_ICR-1_p08
305.139378778,447.106109479,141.966730701,Other,random,C1H3O6P1,141.966728000,RC2_0018_ICR-1_p08
491.265077167,633.231812869,141.966735701,Other,random,C1H3O6P1,141.966728000,RC2_0018_ICR-1_p08
299.092446781,441.059184482,141.966737701,Other,random,C1H3O6P1,141.966728000,RC2_0018_ICR-1_p08
475.160676725,617.136512375,141.975835650,Other,random,C2H6O3S2,141.975839000,RC2_0018_ICR-1_p08
543.187192202,685.163029852,141.975837650,Other,random,C2H6O3S2,141.975839000,RC2_0018_ICR-1_p08
499.124403973,641.100249623,141.975845650,Other,random,C2H6O3S2,141.975839000,RC2_0018_ICR-1_p08
343.103378301,485.145233580,142.041855279,Other,random,C10H6O1,142.041865000,RC2_0018_ICR-1_p08
315.144827516,457.186682795,142.041855279,Other,random,C10H6O1,142.041865000,RC2_0018_ICR-1_p08
491.168770709,633.210631988,142.041861279,Other,random,C10H6O1,142.041865000,RC2_0018_ICR-1_p08
359.171080950,501.212943229,142.041862279,Other,random,C10H6O1,142.041865000,RC2_0018_ICR-1_p08
385.069458320,527.111323599,142.041865279,Other,random,C10H6O1,142.041865000,RC2_0018_ICR-1_p08
341.087646636,483.129512915,142.041866279,Other,random,C10H6O1,142.041865000,RC2_0018_ICR-1_p08
503.140690389,645.182556668,142.041866279,Other,random,C10H6O1,142.041865000,RC2_0018_ICR-1_p08
327.121510169,469.163378448,142.041868279,Other,random,C10H6O1,142.041865000,RC2_0018_ICR-1_p08
673.236689916,815.278558195,142.041868279,Other,random,C10H6O1,142.041865000,RC2_0018_ICR-1_p08
347.134650633,489.176519912,142.041869279,Other,random,C10H6O1,142.041865000,RC2_0018_ICR-1_p08
342.046742243,484.088613522,142.041871279,Other,random,C10H6O1,142.041865000,RC2_0018_ICR-1_p08
429.031055118,571.072927397,142.041872279,Other,random,C10H6O1,142.041865000,RC2_0018_ICR-1_p08
318.083079994,460.124953273,142.041873279,Other,random,C10H6O1,142.041865000,RC2_0018_ICR-1_p08
351.108297288,493.171282449,142.062985160,Other,random,C7H10O3,142.062995000,RC2_0018_ICR-1_p08
351.100419333,493.163404493,142.062985160,Other,random,C7H10O3,142.062995000,RC2_0018_ICR-1_p08
313.035381378,455.098366538,142.062985160,Other,random,C7H10O3,142.062995000,RC2_0018_ICR-1_p08
355.176065415,497.239051575,142.062986160,Other,random,C7H10O3,142.062995000,RC2_0018_ICR-1_p08
669.204073592,811.267059752,142.062986160,Other,random,C7H10O3,142.062995000,RC2_0018_ICR-1_p08
543.041949019,685.104936179,142.062987160,Other,random,C7H10O3,142.062995000,RC2_0018_ICR-1_p08
534.125277159,676.188264319,142.062987160,Other,random,C7H10O3,142.062995000,RC2_0018_ICR-1_p08
351.085128419,493.148116579,142.062988160,Other,random,C7H10O3,142.062995000,RC2_0018_ICR-1_p08
315.054297025,457.117285185,142.062988160,Other,random,C7H10O3,142.062995000,RC2_0018_ICR-1_p08
325.129201372,467.192190533,142.062989160,Other,random,C7H10O3,142.062995000,RC2_0018_ICR-1_p08
357.147344330,499.210334490,142.062990160,Other,random,C7H10O3,142.062995000,RC2_0018_ICR-1_p08
375.093150418,517.156140578,142.062990160,Other,random,C7H10O3,142.062995000,RC2_0018_ICR-1_p08
343.030449711,485.093440871,142.062991160,Other,random,C7H10O3,142.062995000,RC2_0018_ICR-1_p08
306.061955590,448.124947750,142.062992160,Other,random,C7H10O3,142.062995000,RC2_0018_ICR-1_p08
303.123750112,445.186743272,142.062993160,Other,random,C7H10O3,142.062995000,RC2_0018_ICR-1_p08
349.105776549,491.168770709,142.062994160,Other,random,C7H10O3,142.062995000,RC2_0018_ICR-1_p08
334.129594762,476.192589922,142.062995160,Other,random,C7H10O3,142.062995000,RC2_0018_ICR-1_p08
547.182221738,689.245216898,142.062995160,Other,random,C7H10O3,142.062995000,RC2_0018_ICR-1_p08
333.170585155,475.233581315,142.062996160,Other,random,C7H10O3,142.062995000,RC2_0018_ICR-1_p08
341.079680681,483.142676841,142.062996160,Other,random,C7H10O3,142.062995000,RC2_0018_ICR-1_p08
367.095366391,509.158362551,142.062996160,Other,random,C7H10O3,142.062995000,RC2_0018_ICR-1_p08
381.191735125,523.254731285,142.062996160,Other,random,C7H10O3,142.062995000,RC2_0018_ICR-1_p08
453.168508390,595.231504550,142.062996160,Other,random,C7H10O3,142.062995000,RC2_0018_ICR-1_p08
337.092826099,479.155823259,142.062997160,Other,random,C7H10O3,142.062995000,RC2_0018_ICR-1_p08
361.165589735,503.228586895,142.062997160,Other,random,C7H10O3,142.062995000,RC2_0018_ICR-1_p08
453.176517345,595.239514505,142.062997160,Other,random,C7H10O3,142.062995000,RC2_0018_ICR-1_p08
473.194808779,615.257805939,142.062997160,Other,random,C7H10O3,142.062995000,RC2_0018_ICR-1_p08
691.188377971,833.251375131,142.062997160,Other,random,C7H10O3,142.062995000,RC2_0018_ICR-1_p08
393.009766671,535.072765831,142.062999160,Other,random,C7H10O3,142.062995000,RC2_0018_ICR-1_p08
311.105509230,453.168508390,142.062999160,Other,random,C7H10O3,142.062995000,RC2_0018_ICR-1_p08
369.061474335,511.124473495,142.062999160,Other,random,C7H10O3,142.062995000,RC2_0018_ICR-1_p08
292.082762197,434.145761357,142.062999160,Other,random,C7H10O3,142.062995000,RC2_0018_ICR-1_p08
323.126517634,465.189517794,142.063000160,Other,random,C7H10O3,142.062995000,RC2_0018_ICR-1_p08
349.087113654,491.150113814,142.063000160,Other,random,C7H10O3,142.062995000,RC2_0018_ICR-1_p08
535.218544011,677.281544171,142.063000160,Other,random,C7H10O3,142.062995000,RC2_0018_ICR-1_p08
347.107917783,489.170918943,142.063001160,Other,random,C7H10O3,142.062995000,RC2_0018_ICR-1_p08
423.056851712,565.119853872,142.063002160,Other,random,C7H10O3,142.062995000,RC2_0018_ICR-1_p08
313.071773173,455.134775333,142.063002160,Other,random,C7H10O3,142.062995000,RC2_0018_ICR-1_p08
601.229084825,743.292086985,142.063002160,Other,random,C7H10O3,142.062995000,RC2_0018_ICR-1_p08
419.165397594,561.228400754,142.063003160,Other,random,C7H10O3,142.062995000,RC2_0018_ICR-1_p08
387.157806577,529.220810737,142.063004160,Other,random,C7H10O3,142.062995000,RC2_0018_ICR-1_p08
327.108390243,469.171394403,142.063004160,Other,random,C7H10O3,142.062995000,RC2_0018_ICR-1_p08
281.077998078,423.152223175,142.074225097,Other,random,C6H10N2O2,142.074228000,RC2_0018_ICR-1_p08
287.077283344,429.155523418,142.078240074,Other,random,C11H10,142.078250000,RC2_0018_ICR-1_p08
441.067310436,583.145551511,142.078241074,Other,random,C11H10,142.078250000,RC2_0018_ICR-1_p08
343.030449711,485.108694786,142.078245074,Other,random,C11H10,142.078250000,RC2_0018_ICR-1_p08
573.073814146,715.152063220,142.078249074,Other,random,C11H10,142.078250000,RC2_0018_ICR-1_p08
294.083008949,436.161259024,142.078250074,Other,random,C11H10,142.078250000,RC2_0018_ICR-1_p08
439.173857084,581.252111158,142.078254074,Other,random,C11H10,142.078250000,RC2_0018_ICR-1_p08
313.020112463,455.098366538,142.078254074,Other,random,C11H10,142.078250000,RC2_0018_ICR-1_p08
409.163329837,551.241583911,142.078254074,Other,random,C11H10,142.078250000,RC2_0018_ICR-1_p08
315.100332766,458.158568330,143.058235564,Other,random,C6H9N1O3,143.058244000,RC2_0018_ICR-1_p08
489.140097116,632.198332680,143.058235564,Other,random,C6H9N1O3,143.058244000,RC2_0018_ICR-1_p08
377.051371407,520.109607971,143.058236564,Other,random,C6H9N1O3,143.058244000,RC2_0018_ICR-1_p08
533.130020755,676.188264319,143.058243564,Other,random,C6H9N1O3,143.058244000,RC2_0018_ICR-1_p08
461.072426945,604.130672508,143.058245564,Other,random,C6H9N1O3,143.058244000,RC2_0018_ICR-1_p08
311.126658111,454.184904674,143.058246564,Other,random,C6H9N1O3,143.058244000,RC2_0018_ICR-1_p08
315.064025970,458.122276534,143.058250564,Other,random,C6H9N1O3,143.058244000,RC2_0018_ICR-1_p08
357.061394813,500.119645377,143.058250564,Other,random,C6H9N1O3,143.058244000,RC2_0018_ICR-1_p08
307.082288853,450.140540416,143.058251564,Other,random,C6H9N1O3,143.058244000,RC2_0018_ICR-1_p08
331.082224898,474.140476461,143.058251564,Other,random,C6H9N1O3,143.058244000,RC2_0018_ICR-1_p08
367.116402273,510.211026632,143.094624359,Other,random,C7H13N1O2,143.094629000,RC2_0018_ICR-1_p08
317.030323914,460.124953273,143.094629359,Other,random,C7H13N1O2,143.094629000,RC2_0018_ICR-1_p08
357.035592958,500.130225317,143.094632359,Other,random,C7H13N1O2,143.094629000,RC2_0018_ICR-1_p08
375.072082537,518.166719896,143.094637359,Other,random,C7H13N1O2,143.094629000,RC2_0018_ICR-1_p08
233.154789557,377.127270980,143.972481423,Other,random,C3H1N2O3P1,143.972481000,RC2_0018_ICR-1_p08
451.100882016,595.073366439,143.972484423,Other,random,C3H1N2O3P1,143.972481000,RC2_0018_ICR-1_p08
329.139460822,473.111950245,143.972489423,Other,random,C3H1N2O3P1,143.972481000,RC2_0018_ICR-1_p08
317.152415227,461.194665257,144.042250030,Other,random,C6H8O4,144.042260000,RC2_0018_ICR-1_p08
339.072047970,483.114298000,144.042250030,Other,random,C6H8O4,144.042260000,RC2_0018_ICR-1_p08
345.147382807,489.189632838,144.042250030,Other,random,C6H8O4,144.042260000,RC2_0018_ICR-1_p08
383.170868996,527.213120027,144.042251030,Other,random,C6H8O4,144.042260000,RC2_0018_ICR-1_p08
669.146044918,813.188295949,144.042251030,Other,random,C6H8O4,144.042260000,RC2_0018_ICR-1_p08
369.046235421,513.088487451,144.042252030,Other,random,C6H8O4,144.042260000,RC2_0018_ICR-1_p08
359.061895564,503.104148595,144.042253030,Other,random,C6H8O4,144.042260000,RC2_0018_ICR-1_p08
495.215294955,639.257547985,144.042253030,Other,random,C6H8O4,144.042260000,RC2_0018_ICR-1_p08
623.198468288,767.240722318,144.042254030,Other,random,C6H8O4,144.042260000,RC2_0018_ICR-1_p08
351.181172879,495.223426909,144.042254030,Other,random,C6H8O4,144.042260000,RC2_0018_ICR-1_p08
421.199858154,565.242113184,144.042255030,Other,random,C6H8O4,144.042260000,RC2_0018_ICR-1_p08
357.055602846,501.097858876,144.042256030,Other,random,C6H8O4,144.042260000,RC2_0018_ICR-1_p08
585.088993582,729.131249613,144.042256030,Other,random,C6H8O4,144.042260000,RC2_0018_ICR-1_p08
407.171062040,551.213320070,144.042258030,Other,random,C6H8O4,144.042260000,RC2_0018_ICR-1_p08
427.197336429,571.239595460,144.042259030,Other,random,C6H8O4,144.042260000,RC2_0018_ICR-1_p08
337.092826099,481.135085130,144.042259030,Other,random,C6H8O4,144.042260000,RC2_0018_ICR-1_p08
359.053821610,503.096080640,144.042259030,Other,random,C6H8O4,144.042260000,RC2_0018_ICR-1_p08
325.092754577,469.135013608,144.042259030,Other,random,C6H8O4,144.042260000,RC2_0018_ICR-1_p08
343.067013506,487.109273536,144.042260030,Other,random,C6H8O4,144.042260000,RC2_0018_ICR-1_p08
359.186326864,503.228586895,144.042260030,Other,random,C6H8O4,144.042260000,RC2_0018_ICR-1_p08
415.139809230,559.182069261,144.042260030,Other,random,C6H8O4,144.042260000,RC2_0018_ICR-1_p08
327.123756157,471.166017187,144.042261030,Other,random,C6H8O4,144.042260000,RC2_0018_ICR-1_p08
390.213166396,534.255427427,144.042261030,Other,random,C6H8O4,144.042260000,RC2_0018_ICR-1_p08
553.171977056,697.214238087,144.042261030,Other,random,C6H8O4,144.042260000,RC2_0018_ICR-1_p08
347.186304342,491.228567373,144.042263030,Other,random,C6H8O4,144.042260000,RC2_0018_ICR-1_p08
357.025106017,501.067369048,144.042263030,Other,random,C6H8O4,144.042260000,RC2_0018_ICR-1_p08
337.121062940,481.163326971,144.042264030,Other,random,C6H8O4,144.042260000,RC2_0018_ICR-1_p08
414.082996173,558.125261203,144.042265030,Other,random,C6H8O4,144.042260000,RC2_0018_ICR-1_p08
336.072365837,480.114630868,144.042265030,Other,random,C6H8O4,144.042260000,RC2_0018_ICR-1_p08
445.171461358,589.213726389,144.042265030,Other,random,C6H8O4,144.042260000,RC2_0018_ICR-1_p08
331.095213825,475.137479855,144.042266030,Other,random,C6H8O4,144.042260000,RC2_0018_ICR-1_p08
343.058958551,487.101224581,144.042266030,Other,random,C6H8O4,144.042260000,RC2_0018_ICR-1_p08
393.119012056,537.161278087,144.042266030,Other,random,C6H8O4,144.042260000,RC2_0018_ICR-1_p08
318.098286908,462.140552939,144.042266030,Other,random,C6H8O4,144.042260000,RC2_0018_ICR-1_p08
423.056851712,567.099117742,144.042266030,Other,random,C6H8O4,144.042260000,RC2_0018_ICR-1_p08
353.043211408,497.085478438,144.042267030,Other,random,C6H8O4,144.042260000,RC2_0018_ICR-1_p08
357.074526739,501.116793770,144.042267030,Other,random,C6H8O4,144.042260000,RC2_0018_ICR-1_p08
387.056790145,531.099057175,144.042267030,Other,random,C6H8O4,144.042260000,RC2_0018_ICR-1_p08
365.087650681,509.129917711,144.042267030,Other,random,C6H8O4,144.042260000,RC2_0018_ICR-1_p08
355.058806074,499.101074104,144.042268030,Other,random,C6H8O4,144.042260000,RC2_0018_ICR-1_p08
369.147192853,513.189461884,144.042269030,Other,random,C6H8O4,144.042260000,RC2_0018_ICR-1_p08
444.057237624,588.099506654,144.042269030,Other,random,C6H8O4,144.042260000,RC2_0018_ICR-1_p08
444.070206551,588.123693518,144.053486967,Other,random,C5H8N2O3,144.053493000,RC2_0018_ICR-1_p08
359.171080950,503.228586895,144.057505945,Other,random,C10H8O1,144.057515000,RC2_0018_ICR-1_p08
325.142166299,469.199672244,144.057505945,Other,random,C10H8O1,144.057515000,RC2_0018_ICR-1_p08
347.171059428,491.228567373,144.057507945,Other,random,C10H8O1,144.057515000,RC2_0018_ICR-1_p08
385.150271866,529.207780810,144.057508945,Other,random,C10H8O1,144.057515000,RC2_0018_ICR-1_p08
285.098011473,429.155523418,144.057511945,Other,random,C10H8O1,144.057515000,RC2_0018_ICR-1_p08
381.131978461,525.189490406,144.057511945,Other,random,C10H8O1,144.057515000,RC2_0018_ICR-1_p08
317.051304796,461.108817740,144.057512945,Other,random,C10H8O1,144.057515000,RC2_0018_ICR-1_p08
575.198510198,719.256023143,144.057512945,Other,random,C10H8O1,144.057515000,RC2_0018_ICR-1_p08
383.184098922,527.241612866,144.057513945,Other,random,C10H8O1,144.057515000,RC2_0018_ICR-1_p08
329.124132908,473.181647853,144.057514945,Other,random,C10H8O1,144.057515000,RC2_0018_ICR-1_p08
511.036358991,655.093873935,144.057514945,Other,random,C10H8O1,144.057515000,RC2_0018_ICR-1_p08
339.139214592,483.196730537,144.057515945,Other,random,C10H8O1,144.057515000,RC2_0018_ICR-1_p08
347.207560223,491.265077167,144.057516945,Other,random,C10H8O1,144.057515000,RC2_0018_ICR-1_p08
357.118880490,501.176397435,144.057516945,Other,random,C10H8O1,144.057515000,RC2_0018_ICR-1_p08
585.110064464,729.167582409,144.057517945,Other,random,C10H8O1,144.057515000,RC2_0018_ICR-1_p08
461.093670825,605.151190770,144.057519945,Other,random,C10H8O1,144.057515000,RC2_0018_ICR-1_p08
343.134114128,487.191634073,144.057519945,Other,random,C10H8O1,144.057515000,RC2_0018_ICR-1_p08
373.113906548,517.171426492,144.057519945,Other,random,C10H8O1,144.057515000,RC2_0018_ICR-1_p08
365.064373811,509.121894756,144.057520945,Other,random,C10H8O1,144.057515000,RC2_0018_ICR-1_p08
371.025306292,515.082828237,144.057521945,Other,random,C10H8O1,144.057515000,RC2_0018_ICR-1_p08
429.176582300,573.234105244,144.057522945,Other,random,C10H8O1,144.057515000,RC2_0018_ICR-1_p08
587.235146514,731.292670459,144.057523945,Other,random,C10H8O1,144.057515000,RC2_0018_ICR-1_p08
363.102799842,507.163678767,144.060878926,Other,random,C7H12O1S1,144.060887000,RC2_0018_ICR-1_p08
345.055881322,489.116768248,144.060886926,Other,random,C7H12O1S1,144.060887000,RC2_0018_ICR-1_p08
489.170918943,633.231812869,144.060893926,Other,random,C7H12O1S1,144.060887000,RC2_0018_ICR-1_p08
363.108321811,507.186957636,144.078635826,Other,random,C7H12O3,144.078645000,RC2_0018_ICR-1_p08
380.062170477,524.140806303,144.078635826,Other,random,C7H12O3,144.078645000,RC2_0018_ICR-1_p08
452.083256492,596.161892318,144.078635826,Other,random,C7H12O3,144.078645000,RC2_0018_ICR-1_p08
549.052398221,693.131034047,144.078635826,Other,random,C7H12O3,144.078645000,RC2_0018_ICR-1_p08
453.030979163,597.109615989,144.078636826,Other,random,C7H12O3,144.078645000,RC2_0018_ICR-1_p08
361.105876071,505.184513896,144.078637826,Other,random,C7H12O3,144.078645000,RC2_0018_ICR-1_p08
349.092643623,493.171282449,144.078638826,Other,random,C7H12O3,144.078645000,RC2_0018_ICR-1_p08
341.152354272,485.230993098,144.078638826,Other,random,C7H12O3,144.078645000,RC2_0018_ICR-1_p08
345.055881322,489.134521148,144.078639826,Other,random,C7H12O3,144.078645000,RC2_0018_ICR-1_p08
487.137480377,631.216120203,144.078639826,Other,random,C7H12O3,144.078645000,RC2_0018_ICR-1_p08
325.092754577,469.171394403,144.078639826,Other,random,C7H12O3,144.078645000,RC2_0018_ICR-1_p08
461.121811667,605.200453493,144.078641826,Other,random,C7H12O3,144.078645000,RC2_0018_ICR-1_p08
373.186705138,517.265347964,144.078642826,Other,random,C7H12O3,144.078645000,RC2_0018_ICR-1_p08
329.087778113,473.166421939,144.078643826,Other,random,C7H12O3,144.078645000,RC2_0018_ICR-1_p08
433.222952546,577.301596372,144.078643826,Other,random,C7H12O3,144.078645000,RC2_0018_ICR-1_p08
395.061853131,539.140498957,144.078645826,Other,random,C7H12O3,144.078645000,RC2_0018_ICR-1_p08
327.100399288,471.179046114,144.078646826,Other,random,C7H12O3,144.078645000,RC2_0018_ICR-1_p08
327.050940566,471.129589392,144.078648826,Other,random,C7H12O3,144.078645000,RC2_0018_ICR-1_p08
327.108390243,471.187039069,144.078648826,Other,random,C7H12O3,144.078645000,RC2_0018_ICR-1_p08
419.061824176,563.140473002,144.078648826,Other,random,C7H12O3,144.078645000,RC2_0018_ICR-1_p08
370.049425780,514.128074606,144.078648826,Other,random,C7H12O3,144.078645000,RC2_0018_ICR-1_p08
390.046627333,534.125277159,144.078649826,Other,random,C7H12O3,144.078645000,RC2_0018_ICR-1_p08
351.108297288,495.186948114,144.078650826,Other,random,C7H12O3,144.078645000,RC2_0018_ICR-1_p08
425.064480422,569.143131248,144.078650826,Other,random,C7H12O3,144.078645000,RC2_0018_ICR-1_p08
457.077656408,601.156309234,144.078652826,Other,random,C7H12O3,144.078645000,RC2_0018_ICR-1_p08
315.100332766,459.178986592,144.078653826,Other,random,C7H12O3,144.078645000,RC2_0018_ICR-1_p08
341.043135886,485.121789712,144.078653826,Other,random,C7H12O3,144.078645000,RC2_0018_ICR-1_p08
335.053840565,479.132495391,144.078654826,Other,random,C7H12O3,144.078645000,RC2_0018_ICR-1_p08
355.095331869,499.173986694,144.078654826,Other,random,C7H12O3,144.078645000,RC2_0018_ICR-1_p08
469.150439521,613.229094347,144.078654826,Other,random,C7H12O3,144.078645000,RC2_0018_ICR-1_p08
309.025204927,454.062705361,145.037500434,Other,random,C5H7N1O4,145.037509000,RC2_0018_ICR-1_p08
445.207702154,590.245208588,145.037506434,Other,random,C5H7N1O4,145.037509000,RC2_0018_ICR-1_p08
345.134324881,490.171835315,145.037510434,Other,random,C5H7N1O4,145.037509000,RC2_0018_ICR-1_p08
305.103027982,450.140540416,145.037512434,Other,random,C5H7N1O4,145.037509000,RC2_0018_ICR-1_p08
431.098258494,576.135770928,145.037512434,Other,random,C5H7N1O4,145.037509000,RC2_0018_ICR-1_p08
319.058918506,464.096432940,145.037514434,Other,random,C5H7N1O4,145.037509000,RC2_0018_ICR-1_p08
387.108287855,532.145806289,145.037518434,Other,random,C5H7N1O4,145.037509000,RC2_0018_ICR-1_p08
337.020022509,482.057540943,145.037518434,Other,random,C5H7N1O4,145.037509000,RC2_0018_ICR-1_p08
345.046190376,491.082961191,146.036770815,Other,random,C9H6O2,146.036780000,RC2_0018_ICR-1_p08
319.095298302,465.132070117,146.036771815,Other,random,C9H6O2,146.036780000,RC2_0018_ICR-1_p08
395.092624958,541.129396773,146.036771815,Other,random,C9H6O2,146.036780000,RC2_0018_ICR-1_p08
313.165601645,459.202373460,146.036771815,Other,random,C9H6O2,146.036780000,RC2_0018_ICR-1_p08
567.172019332,713.208794147,146.036774815,Other,random,C9H6O2,146.036780000,RC2_0018_ICR-1_p08
359.134577155,505.171352970,146.036775815,Other,random,C9H6O2,146.036780000,RC2_0018_ICR-1_p08
353.160383749,499.197161564,146.036777815,Other,random,C9H6O2,146.036780000,RC2_0018_ICR-1_p08
599.235116037,745.271893852,146.036777815,Other,random,C9H6O2,146.036780000,RC2_0018_ICR-1_p08
285.170673065,431.207451880,146.036778815,Other,random,C9H6O2,146.036780000,RC2_0018_ICR-1_p08
339.108453765,485.145233580,146.036779815,Other,random,C9H6O2,146.036780000,RC2_0018_ICR-1_p08
327.121510169,473.158290984,146.036780815,Other,random,C9H6O2,146.036780000,RC2_0018_ICR-1_p08
311.077148389,457.113929204,146.036780815,Other,random,C9H6O2,146.036780000,RC2_0018_ICR-1_p08
327.144865038,473.181647853,146.036782815,Other,random,C9H6O2,146.036780000,RC2_0018_ICR-1_p08
381.131978461,527.168762276,146.036783815,Other,random,C9H6O2,146.036780000,RC2_0018_ICR-1_p08
327.108390243,473.145175058,146.036784815,Other,random,C9H6O2,146.036780000,RC2_0018_ICR-1_p08
355.030582233,501.067369048,146.036786815,Other,random,C9H6O2,146.036780000,RC2_0018_ICR-1_p08
321.147396763,467.184183578,146.036786815,Other,random,C9H6O2,146.036780000,RC2_0018_ICR-1_p08
325.105888503,471.142678318,146.036789815,Other,random,C9H6O2,146.036780000,RC2_0018_ICR-1_p08
697.271674764,843.308464579,146.036789815,Other,random,C9H6O2,146.036780000,RC2_0018_ICR-1_p08
337.092826099,483.150726795,146.057900696,Other,random,C6H10O4,146.057910000,RC2_0018_ICR-1_p08
313.165601645,459.223502342,146.057900696,Other,random,C6H10O4,146.057910000,RC2_0018_ICR-1_p08
423.085230552,569.143131248,146.057900696,Other,random,C6H10O4,146.057910000,RC2_0018_ICR-1_p08
343.168110937,489.226012633,146.057901696,Other,random,C6H10O4,146.057910000,RC2_0018_ICR-1_p08
418.077798710,564.135701406,146.057902696,Other,random,C6H10O4,146.057910000,RC2_0018_ICR-1_p08
343.154967011,489.212869707,146.057902696,Other,random,C6H10O4,146.057910000,RC2_0018_ICR-1_p08
417.118983101,563.176886797,146.057903696,Other,random,C6H10O4,146.057910000,RC2_0018_ICR-1_p08
311.149929980,457.207833676,146.057903696,Other,random,C6H10O4,146.057910000,RC2_0018_ICR-1_p08
322.106138371,468.164043068,146.057904696,Other,random,C6H10O4,146.057910000,RC2_0018_ICR-1_p08
635.198580809,781.256485506,146.057904696,Other,random,C6H10O4,146.057910000,RC2_0018_ICR-1_p08
410.036475927,556.094381623,146.057905696,Other,random,C6H10O4,146.057910000,RC2_0018_ICR-1_p08
379.095287914,525.153193610,146.057905696,Other,random,C6H10O4,146.057910000,RC2_0018_ICR-1_p08
699.229866753,845.287773449,146.057906696,Other,random,C6H10O4,146.057910000,RC2_0018_ICR-1_p08
383.126616245,529.184523941,146.057907696,Other,random,C6H10O4,146.057910000,RC2_0018_ICR-1_p08
361.165589735,507.223498431,146.057908696,Other,random,C6H10O4,146.057910000,RC2_0018_ICR-1_p08
557.239490184,703.297399880,146.057909696,Other,random,C6H10O4,146.057910000,RC2_0018_ICR-1_p08
355.022549278,501.080459974,146.057910696,Other,random,C6H10O4,146.057910000,RC2_0018_ICR-1_p08
349.165516213,495.223426909,146.057910696,Other,random,C6H10O4,146.057910000,RC2_0018_ICR-1_p08
353.152423794,499.210334490,146.057910696,Other,random,C6H10O4,146.057910000,RC2_0018_ICR-1_p08
391.139706186,537.197617882,146.057911696,Other,random,C6H10O4,146.057910000,RC2_0018_ICR-1_p08
315.136751561,461.194665257,146.057913696,Other,random,C6H10O4,146.057910000,RC2_0018_ICR-1_p08
671.198743375,817.256658072,146.057914696,Other,random,C6H10O4,146.057910000,RC2_0018_ICR-1_p08
485.093440871,631.151355567,146.057914696,Other,random,C6H10O4,146.057910000,RC2_0018_ICR-1_p08
337.121062940,483.178977637,146.057914696,Other,random,C6H10O4,146.057910000,RC2_0018_ICR-1_p08
383.040847727,529.098763423,146.057915696,Other,random,C6H10O4,146.057910000,RC2_0018_ICR-1_p08
431.147737215,577.205652912,146.057915696,Other,random,C6H10O4,146.057910000,RC2_0018_ICR-1_p08
351.100419333,497.158337029,146.057917696,Other,random,C6H10O4,146.057910000,RC2_0018_ICR-1_p08
377.137126925,523.195044621,146.057917696,Other,random,C6H10O4,146.057910000,RC2_0018_ICR-1_p08
367.103377346,513.161296042,146.057918696,Other,random,C6H10O4,146.057910000,RC2_0018_ICR-1_p08
448.124947750,594.182866446,146.057918696,Other,random,C6H10O4,146.057910000,RC2_0018_ICR-1_p08
349.056375827,495.114294523,146.057918696,Other,random,C6H10O4,146.057910000,RC2_0018_ICR-1_p08
313.129155850,459.187075546,146.057919696,Other,random,C6H10O4,146.057910000,RC2_0018_ICR-1_p08
360.072564881,506.130484577,146.057919696,Other,random,C6H10O4,146.057910000,RC2_0018_ICR-1_p08
415.170481058,561.228400754,146.057919696,Other,random,C6H10O4,146.057910000,RC2_0018_ICR-1_p08
319.139710052,465.212867663,146.073157610,Other,random,C10H10O1,146.073165000,RC2_0018_ICR-1_p08
325.105888503,471.179046114,146.073157610,Other,random,C10H10O1,146.073165000,RC2_0018_ICR-1_p08
353.137176880,499.210334490,146.073157610,Other,random,C10H10O1,146.073165000,RC2_0018_ICR-1_p08
283.082364808,429.155523418,146.073158610,Other,random,C10H10O1,146.073165000,RC2_0018_ICR-1_p08
643.151912087,789.225070697,146.073158610,Other,random,C10H10O1,146.073165000,RC2_0018_ICR-1_p08
355.139784619,501.212943229,146.073158610,Other,random,C10H10O1,146.073165000,RC2_0018_ICR-1_p08
323.090217838,469.163378448,146.073160610,Other,random,C10H10O1,146.073165000,RC2_0018_ICR-1_p08
431.119459374,577.192619985,146.073160610,Other,random,C10H10O1,146.073165000,RC2_0018_ICR-1_p08
547.130655027,693.203815638,146.073160610,Other,random,C10H10O1,146.073165000,RC2_0018_ICR-1_p08
349.142133344,495.215294955,146.073161610,Other,random,C10H10O1,146.073165000,RC2_0018_ICR-1_p08
309.025204927,455.098366538,146.073161610,Other,random,C10H10O1,146.073165000,RC2_0018_ICR-1_p08
597.218923374,743.292086985,146.073163610,Other,random,C10H10O1,146.073165000,RC2_0018_ICR-1_p08
345.155401762,491.228567373,146.073165610,Other,random,C10H10O1,146.073165000,RC2_0018_ICR-1_p08
383.184098922,529.257265532,146.073166610,Other,random,C10H10O1,146.073165000,RC2_0018_ICR-1_p08
311.126658111,457.199825721,146.073167610,Other,random,C10H10O1,146.073165000,RC2_0018_ICR-1_p08
333.082651649,479.155823259,146.073171610,Other,random,C10H10O1,146.073165000,RC2_0018_ICR-1_p08
347.090232882,493.163404493,146.073171610,Other,random,C10H10O1,146.073165000,RC2_0018_ICR-1_p08
325.142166299,471.215339910,146.073173610,Other,random,C10H10O1,146.073165000,RC2_0018_ICR-1_p08
347.098291837,494.093928260,146.995636423,Other,random,C7H1N1O3,146.995644000,RC2_0018_ICR-1_p08
311.040831593,458.036469016,146.995637423,Other,random,C7H1N1O3,146.995644000,RC2_0018_ICR-1_p08
333.082651649,480.078289072,146.995637423,Other,random,C7H1N1O3,146.995644000,RC2_0018_ICR-1_p08
327.072060447,474.067697871,146.995637423,Other,random,C7H1N1O3,146.995644000,RC2_0018_ICR-1_p08
367.103377346,514.099015769,146.995638423,Other,random,C7H1N1O3,146.995644000,RC2_0018_ICR-1_p08
351.072066492,498.067705915,146.995639423,Other,random,C7H1N1O3,146.995644000,RC2_0018_ICR-1_p08
343.103378301,490.099018724,146.995640423,Other,random,C7H1N1O3,146.995644000,RC2_0018_ICR-1_p08
267.051106954,414.046747377,146.995640423,Other,random,C7H1N1O3,146.995644000,RC2_0018_ICR-1_p08
289.092914009,436.088556433,146.995642423,Other,random,C7H1N1O3,146.995644000,RC2_0018_ICR-1_p08
259.155033354,406.150679777,146.995646423,Other,random,C7H1N1O3,146.995644000,RC2_0018_ICR-1_p08
317.087776590,464.083428014,146.995651423,Other,random,C7H1N1O3,146.995644000,RC2_0018_ICR-1_p08
267.014717158,414.046747377,147.032030219,Other,random,C8H5N1O2,147.032029000,RC2_0018_ICR-1_p08
351.035673697,498.067705915,147.032032219,Other,random,C8H5N1O2,147.032029000,RC2_0018_ICR-1_p08
301.092914532,448.124947750,147.032033219,Other,random,C8H5N1O2,147.032029000,RC2_0018_ICR-1_p08
317.051304796,464.119708810,147.068404014,Other,random,Phenylalanine,147.068414000,RC2_0018_ICR-1_p08
345.082692171,492.151100185,147.068408014,Other,random,Phenylalanine,147.068414000,RC2_0018_ICR-1_p08
367.030606755,514.099015769,147.068409014,Other,random,Phenylalanine,147.068414000,RC2_0018_ICR-1_p08
417.067288392,564.135701406,147.068413014,Other,random,Phenylalanine,147.068414000,RC2_0018_ICR-1_p08
327.072060447,474.140476461,147.068416014,Other,random,Phenylalanine,147.068414000,RC2_0018_ICR-1_p08
357.046121899,504.114541913,147.068420014,Other,random,Phenylalanine,147.068414000,RC2_0018_ICR-1_p08
499.109153059,646.177574073,147.068421014,Other,random,Phenylalanine,147.068414000,RC2_0018_ICR-1_p08
415.124437317,563.140473002,148.016035685,Other,random,C8H4O3,148.016045000,RC2_0018_ICR-1_p08
379.095287914,527.111323599,148.016035685,Other,random,C8H4O3,148.016045000,RC2_0018_ICR-1_p08
343.103378301,491.119414986,148.016036685,Other,random,C8H4O3,148.016045000,RC2_0018_ICR-1_p08
429.176582300,577.192619985,148.016037685,Other,random,C8H4O3,148.016045000,RC2_0018_ICR-1_p08
379.152723591,527.168762276,148.016038685,Other,random,C8H4O3,148.016045000,RC2_0018_ICR-1_p08
347.162923474,495.178963159,148.016039685,Other,random,C8H4O3,148.016045000,RC2_0018_ICR-1_p08
385.150271866,533.166311551,148.016039685,Other,random,C8H4O3,148.016045000,RC2_0018_ICR-1_p08
531.062760379,679.078801065,148.016040685,Other,random,C8H4O3,148.016045000,RC2_0018_ICR-1_p08
595.276046299,743.292086985,148.016040685,Other,random,C8H4O3,148.016045000,RC2_0018_ICR-1_p08
353.196901544,501.212943229,148.016041685,Other,random,C8H4O3,148.016045000,RC2_0018_ICR-1_p08
363.157821532,511.173864217,148.016042685,Other,random,C8H4O3,148.016045000,RC2_0018_ICR-1_p08
537.174404013,685.190446698,148.016042685,Other,random,C8H4O3,148.016045000,RC2_0018_ICR-1_p08
349.129169417,497.145213103,148.016043685,Other,random,C8H4O3,148.016045000,RC2_0018_ICR-1_p08
361.019884554,509.035929239,148.016044685,Other,random,C8H4O3,148.016045000,RC2_0018_ICR-1_p08
342.155790630,490.171835315,148.016044685,Other,random,C8H4O3,148.016045000,RC2_0018_ICR-1_p08
505.119914260,653.135959945,148.016045685,Other,random,C8H4O3,148.016045000,RC2_0018_ICR-1_p08
381.191735125,529.207780810,148.016045685,Other,random,C8H4O3,148.016045000,RC2_0018_ICR-1_p08
296.041188938,444.057237624,148.016048685,Other,random,C8H4O3,148.016045000,RC2_0018_ICR-1_p08
415.160838112,563.176886797,148.016048685,Other,random,C8H4O3,148.016045000,RC2_0018_ICR-1_p08
741.225082608,889.241131293,148.016048685,Other,random,C8H4O3,148.016045000,RC2_0018_ICR-1_p08
319.168133892,467.184183578,148.016049685,Other,random,C8H4O3,148.016045000,RC2_0018_ICR-1_p08
351.144828083,499.160877768,148.016049685,Other,random,C8H4O3,148.016045000,RC2_0018_ICR-1_p08
443.228633283,591.244682968,148.016049685,Other,random,C8H4O3,148.016045000,RC2_0018_ICR-1_p08
549.124948813,697.140998499,148.016049685,Other,random,C8H4O3,148.016045000,RC2_0018_ICR-1_p08
365.246196789,513.262247474,148.016050685,Other,random,C8H4O3,148.016045000,RC2_0018_ICR-1_p08
353.051318362,501.067369048,148.016050685,Other,random,C8H4O3,148.016045000,RC2_0018_ICR-1_p08
325.056400782,473.072452467,148.016051685,Other,random,C8H4O3,148.016045000,RC2_0018_ICR-1_p08
697.308480557,845.324532242,148.016051685,Other,random,C8H4O3,148.016045000,RC2_0018_ICR-1_p08
341.014982044,489.031035730,148.016053685,Other,random,C8H4O3,148.016045000,RC2_0018_ICR-1_p08
341.137152357,489.153207043,148.016054685,Other,random,C8H4O3,148.016045000,RC2_0018_ICR-1_p08
389.160451316,537.197617882,148.037166567,Other,random,C5O5H8,148.037175000,RC2_0018_ICR-1_p08
315.087322839,463.124489406,148.037166567,Other,random,C5O5H8,148.037175000,RC2_0018_ICR-1_p08
347.126554678,495.163724245,148.037169566,Other,random,C5O5H8,148.037175000,RC2_0018_ICR-1_p08
343.045791625,491.082961191,148.037169567,Other,random,C5O5H8,148.037175000,RC2_0018_ICR-1_p08
357.147344330,505.184513896,148.037169567,Other,random,C5O5H8,148.037175000,RC2_0018_ICR-1_p08
339.100309811,487.137480377,148.037170566,Other,random,C5O5H8,148.037175000,RC2_0018_ICR-1_p08
509.057255119,657.094426686,148.037171566,Other,random,C5O5H8,148.037175000,RC2_0018_ICR-1_p08
359.186326864,507.223498431,148.037171566,Other,random,C5O5H8,148.037175000,RC2_0018_ICR-1_p08
383.053821654,531.090996221,148.037174566,Other,random,C5O5H8,148.037175000,RC2_0018_ICR-1_p08
421.142350477,569.179525044,148.037174566,Other,random,C5O5H8,148.037175000,RC2_0018_ICR-1_p08
425.181604764,573.218779330,148.037174566,Other,random,C5O5H8,148.037175000,RC2_0018_ICR-1_p08
693.203815638,841.240990204,148.037174566,Other,random,C5O5H8,148.037175000,RC2_0018_ICR-1_p08
371.199370313,519.236544880,148.037174566,Other,random,C5O5H8,148.037175000,RC2_0018_ICR-1_p08
411.157957621,559.195132187,148.037174566,Other,random,C5O5H8,148.037175000,RC2_0018_ICR-1_p08
369.110979057,517.148154623,148.037175566,Other,random,C5O5H8,148.037175000,RC2_0018_ICR-1_p08
333.061472768,481.098650335,148.037177566,Other,random,C5O5H8,148.037175000,RC2_0018_ICR-1_p08
413.087740769,561.124918336,148.037177566,Other,random,C5O5H8,148.037175000,RC2_0018_ICR-1_p08
405.046243988,553.083422554,148.037178566,Other,random,C5O5H8,148.037175000,RC2_0018_ICR-1_p08
329.116004954,477.153183520,148.037178566,Other,random,C5O5H8,148.037175000,RC2_0018_ICR-1_p08
371.071500032,519.108678599,148.037178566,Other,random,C5O5H8,148.037175000,RC2_0018_ICR-1_p08
453.176517345,601.213696911,148.037179566,Other,random,C5O5H8,148.037175000,RC2_0018_ICR-1_p08
315.100332766,463.137514333,148.037181566,Other,random,C5O5H8,148.037175000,RC2_0018_ICR-1_p08
341.043135886,489.080318453,148.037182566,Other,random,C5O5H8,148.037175000,RC2_0018_ICR-1_p08
432.129950692,580.167133259,148.037182566,Other,random,C5O5H8,148.037175000,RC2_0018_ICR-1_p08
435.056833234,583.094016801,148.037183566,Other,random,C5O5H8,148.037175000,RC2_0018_ICR-1_p08
325.092754577,473.145175058,148.052420481,Other,random,C9H8O2,148.052430000,RC2_0018_ICR-1_p08
304.103845601,452.156266082,148.052420481,Other,random,C9H8O2,148.052430000,RC2_0018_ICR-1_p08
270.098313819,418.150735299,148.052421481,Other,random,C9H8O2,148.052430000,RC2_0018_ICR-1_p08
333.110905490,481.163326971,148.052421481,Other,random,C9H8O2,148.052430000,RC2_0018_ICR-1_p08
363.085145941,511.137567422,148.052421481,Other,random,C9H8O2,148.052430000,RC2_0018_ICR-1_p08
359.061895564,507.114318045,148.052422481,Other,random,C9H8O2,148.052430000,RC2_0018_ICR-1_p08
391.116397317,539.168822798,148.052425481,Other,random,C9H8O2,148.052430000,RC2_0018_ICR-1_p08
433.126993086,581.179420567,148.052427481,Other,random,C9H8O2,148.052430000,RC2_0018_ICR-1_p08
549.088571018,697.140998499,148.052427481,Other,random,C9H8O2,148.052430000,RC2_0018_ICR-1_p08
493.098788856,641.151217337,148.052428481,Other,random,C9H8O2,148.052430000,RC2_0018_ICR-1_p08
553.156403144,701.208832625,148.052429481,Other,random,C9H8O2,148.052430000,RC2_0018_ICR-1_p08
363.121434737,511.173864217,148.052429481,Other,random,C9H8O2,148.052430000,RC2_0018_ICR-1_p08
333.082651649,481.135085130,148.052433481,Other,random,C9H8O2,148.052430000,RC2_0018_ICR-1_p08
375.202297804,523.254731285,148.052433481,Other,random,C9H8O2,148.052430000,RC2_0018_ICR-1_p08
337.178558617,485.230993098,148.052434481,Other,random,C9H8O2,148.052430000,RC2_0018_ICR-1_p08
312.108791588,460.161227069,148.052435481,Other,random,C9H8O2,148.052430000,RC2_0018_ICR-1_p08
397.180998215,545.233433696,148.052435481,Other,random,C9H8O2,148.052430000,RC2_0018_ICR-1_p08
378.096089532,526.148525013,148.052435481,Other,random,C9H8O2,148.052430000,RC2_0018_ICR-1_p08
319.131747097,467.184183578,148.052436481,Other,random,C9H8O2,148.052430000,RC2_0018_ICR-1_p08
455.228522806,603.280960287,148.052437481,Other,random,C9H8O2,148.052430000,RC2_0018_ICR-1_p08
307.045929057,455.098366538,148.052437481,Other,random,C9H8O2,148.052430000,RC2_0018_ICR-1_p08
327.072060447,475.124497928,148.052437481,Other,random,C9H8O2,148.052430000,RC2_0018_ICR-1_p08
519.114314567,667.166752048,148.052437481,Other,random,C9H8O2,148.052430000,RC2_0018_ICR-1_p08
329.124132908,477.176571389,148.052438481,Other,random,C9H8O2,148.052430000,RC2_0018_ICR-1_p08
393.204837574,541.257276054,148.052438481,Other,random,C9H8O2,148.052430000,RC2_0018_ICR-1_p08
351.072066492,499.145616854,148.073550362,Other,random,C6H12O4,148.073560000,RC2_0018_ICR-1_p08
457.126902131,605.200453493,148.073551362,Other,random,C6H12O4,148.073560000,RC2_0018_ICR-1_p08
367.095366391,515.168920753,148.073554362,Other,random,C6H12O4,148.073560000,RC2_0018_ICR-1_p08
525.140389682,673.213945044,148.073555362,Other,random,C6H12O4,148.073560000,RC2_0018_ICR-1_p08
369.046235421,517.119791783,148.073556362,Other,random,C6H12O4,148.073560000,RC2_0018_ICR-1_p08
385.123507016,533.197063378,148.073556362,Other,random,C6H12O4,148.073560000,RC2_0018_ICR-1_p08
587.249924431,735.323481793,148.073557362,Other,random,C6H12O4,148.073560000,RC2_0018_ICR-1_p08
309.134276314,457.207833676,148.073557362,Other,random,C6H12O4,148.073560000,RC2_0018_ICR-1_p08
327.050940566,475.124497928,148.073557362,Other,random,C6H12O4,148.073560000,RC2_0018_ICR-1_p08
313.020112463,461.093670825,148.073558362,Other,random,C6H12O4,148.073560000,RC2_0018_ICR-1_p08
423.085230552,571.158789914,148.073559362,Other,random,C6H12O4,148.073560000,RC2_0018_ICR-1_p08
333.025090973,481.098650335,148.073559362,Other,random,C6H12O4,148.073560000,RC2_0018_ICR-1_p08
450.140540416,598.214100778,148.073560362,Other,random,C6H12O4,148.073560000,RC2_0018_ICR-1_p08
316.046147448,464.119708810,148.073561362,Other,random,C6H12O4,148.073560000,RC2_0018_ICR-1_p08
341.051228841,489.124791202,148.073562362,Other,random,C6H12O4,148.073560000,RC2_0018_ICR-1_p08
347.162923474,495.236485836,148.073562362,Other,random,C6H12O4,148.073560000,RC2_0018_ICR-1_p08
413.173570287,561.247133649,148.073563362,Other,random,C6H12O4,148.073560000,RC2_0018_ICR-1_p08
339.144749561,487.218312923,148.073563362,Other,random,C6H12O4,148.073560000,RC2_0018_ICR-1_p08
337.092826099,485.166390461,148.073564362,Other,random,C6H12O4,148.073560000,RC2_0018_ICR-1_p08
361.092720145,509.166284506,148.073564362,Other,random,C6H12O4,148.073560000,RC2_0018_ICR-1_p08
429.132088550,577.205652912,148.073564362,Other,random,C6H12O4,148.073560000,RC2_0018_ICR-1_p08
367.030606755,515.104171117,148.073564362,Other,random,C6H12O4,148.073560000,RC2_0018_ICR-1_p08
381.110959579,529.184523941,148.073564362,Other,random,C6H12O4,148.073560000,RC2_0018_ICR-1_p08
385.092747189,533.166311551,148.073564362,Other,random,C6H12O4,148.073560000,RC2_0018_ICR-1_p08
355.030582233,503.104148595,148.073566362,Other,random,C6H12O4,148.073560000,RC2_0018_ICR-1_p08
351.100419333,499.173986694,148.073567362,Other,random,C6H12O4,148.073560000,RC2_0018_ICR-1_p08
365.079698725,513.153266087,148.073567362,Other,random,C6H12O4,148.073560000,RC2_0018_ICR-1_p08
449.181429810,597.254997171,148.073567362,Other,random,C6H12O4,148.073560000,RC2_0018_ICR-1_p08
681.183522230,829.257090591,148.073568362,Other,random,C6H12O4,148.073560000,RC2_0018_ICR-1_p08
513.212743753,661.286313114,148.073569362,Other,random,C6H12O4,148.073560000,RC2_0018_ICR-1_p08
341.116063476,489.189632838,148.073569362,Other,random,C6H12O4,148.073560000,RC2_0018_ICR-1_p08
311.113506185,459.187075546,148.073569362,Other,random,C6H12O4,148.073560000,RC2_0018_ICR-1_p08
331.067017983,479.155823259,148.088805276,Other,random,C10H12O1,148.088815000,RC2_0018_ICR-1_p08
314.051745662,462.140552939,148.088807276,Other,random,C10H12O1,148.088815000,RC2_0018_ICR-1_p08
403.152773635,551.241583911,148.088810276,Other,random,C10H12O1,148.088815000,RC2_0018_ICR-1_p08
351.072066492,499.160877768,148.088811276,Other,random,C10H12O1,148.088815000,RC2_0018_ICR-1_p08
379.139658664,527.228469940,148.088811276,Other,random,C10H12O1,148.088815000,RC2_0018_ICR-1_p08
365.173435198,513.262247474,148.088812276,Other,random,C10H12O1,148.088815000,RC2_0018_ICR-1_p08
513.197499838,661.286313114,148.088813276,Other,random,C10H12O1,148.088815000,RC2_0018_ICR-1_p08
389.173446243,537.262259519,148.088813276,Other,random,C10H12O1,148.088815000,RC2_0018_ICR-1_p08
369.046235421,517.135048697,148.088813276,Other,random,C10H12O1,148.088815000,RC2_0018_ICR-1_p08
371.147728604,519.236544880,148.088816276,Other,random,C10H12O1,148.088815000,RC2_0018_ICR-1_p08
433.134973041,581.223791317,148.088818276,Other,random,C10H12O1,148.088815000,RC2_0018_ICR-1_p08
381.118962534,529.207780810,148.088818276,Other,random,C10H12O1,148.088815000,RC2_0018_ICR-1_p08
515.177061707,663.265880983,148.088819276,Other,random,C10H12O1,148.088815000,RC2_0018_ICR-1_p08
319.067003461,467.155823737,148.088820276,Other,random,C10H12O1,148.088815000,RC2_0018_ICR-1_p08
503.132590435,651.221411711,148.088821276,Other,random,C10H12O1,148.088815000,RC2_0018_ICR-1_p08
504.099638997,652.188460273,148.088821276,Other,random,C10H12O1,148.088815000,RC2_0018_ICR-1_p08
323.040768116,471.129589392,148.088821276,Other,random,C10H12O1,148.088815000,RC2_0018_ICR-1_p08
365.087650681,513.176471957,148.088821276,Other,random,C10H12O1,148.088815000,RC2_0018_ICR-1_p08
323.126517634,471.215339910,148.088822276,Other,random,C10H12O1,148.088815000,RC2_0018_ICR-1_p08
459.187075546,607.275898822,148.088823276,Other,random,C10H12O1,148.088815000,RC2_0018_ICR-1_p08
579.063062467,727.151885743,148.088823276,Other,random,C10H12O1,148.088815000,RC2_0018_ICR-1_p08
424.146152586,573.192480478,149.046327892,Other,random,C6H5O1N4,149.046336000,RC2_0018_ICR-1_p08
325.056400782,474.104071666,149.047670884,Other,random,C8H7N1O2,149.047679000,RC2_0018_ICR-1_p08
527.140592434,676.188264319,149.047671884,Other,random,C8H7N1O2,149.047679000,RC2_0018_ICR-1_p08
431.119459374,580.167133259,149.047673884,Other,random,C8H7N1O2,149.047679000,RC2_0018_ICR-1_p08
355.066866029,504.114541913,149.047675884,Other,random,C8H7N1O2,149.047679000,RC2_0018_ICR-1_p08
299.077271866,448.124947750,149.047675884,Other,random,C8H7N1O2,149.047679000,RC2_0018_ICR-1_p08
341.124159431,490.171835315,149.047675884,Other,random,C8H7N1O2,149.047679000,RC2_0018_ICR-1_p08
287.040877548,436.088556433,149.047678884,Other,random,C8H7N1O2,149.047679000,RC2_0018_ICR-1_p08
319.009446785,468.057127669,149.047680884,Other,random,C8H7N1O2,149.047679000,RC2_0018_ICR-1_p08
337.056318305,486.104004189,149.047685884,Other,random,C8H7N1O2,149.047679000,RC2_0018_ICR-1_p08
345.082692171,494.130381055,149.047688884,Other,random,C8H7N1O2,149.047679000,RC2_0018_ICR-1_p08
441.103707232,590.151396116,149.047688884,Other,random,C8H7N1O2,149.047679000,RC2_0018_ICR-1_p08
313.056482259,462.140552939,149.084070680,Other,random,C9H11N1O1,149.084064000,RC2_0018_ICR-1_p08
487.072988740,636.157061420,149.084072680,Other,random,C9H11N1O1,149.084064000,RC2_0018_ICR-1_p08
327.181309833,477.212995184,150.031685351,Other,random,C8H6O3,150.031695000,RC2_0018_ICR-1_p08
353.196901544,503.228586895,150.031685351,Other,random,C8H6O3,150.031695000,RC2_0018_ICR-1_p08
669.204073592,819.235759943,150.031686351,Other,random,C8H6O3,150.031695000,RC2_0018_ICR-1_p08
340.140145964,490.171835315,150.031689351,Other,random,C8H6O3,150.031695000,RC2_0018_ICR-1_p08
329.124132908,479.155823259,150.031690351,Other,random,C8H6O3,150.031695000,RC2_0018_ICR-1_p08
377.160298794,527.191990145,150.031691351,Other,random,C8H6O3,150.031695000,RC2_0018_ICR-1_p08
361.105876071,511.137567422,150.031691351,Other,random,C8H6O3,150.031695000,RC2_0018_ICR-1_p08
405.155323374,555.187015725,150.031692351,Other,random,C8H6O3,150.031695000,RC2_0018_ICR-1_p08
309.183767036,459.215459387,150.031692351,Other,random,C8H6O3,150.031695000,RC2_0018_ICR-1_p08
310.093259922,460.124953273,150.031693351,Other,random,C8H6O3,150.031695000,RC2_0018_ICR-1_p08
361.186629616,511.218323967,150.031694351,Other,random,C8H6O3,150.031695000,RC2_0018_ICR-1_p08
313.092795055,463.124489406,150.031694351,Other,random,C8H6O3,150.031695000,RC2_0018_ICR-1_p08
351.035673697,501.067369048,150.031695351,Other,random,C8H6O3,150.031695000,RC2_0018_ICR-1_p08
415.116319362,565.148016713,150.031697351,Other,random,C8H6O3,150.031695000,RC2_0018_ICR-1_p08
335.171093905,485.202792256,150.031698351,Other,random,C8H6O3,150.031695000,RC2_0018_ICR-1_p08
337.105781026,487.137480377,150.031699351,Other,random,C8H6O3,150.031695000,RC2_0018_ICR-1_p08
401.209883560,551.241583911,150.031700351,Other,random,C8H6O3,150.031695000,RC2_0018_ICR-1_p08
279.123820067,429.155523418,150.031703351,Other,random,C8H6O3,150.031695000,RC2_0018_ICR-1_p08
517.135048697,667.166752048,150.031703351,Other,random,C8H6O3,150.031695000,RC2_0018_ICR-1_p08
339.139214592,489.170918943,150.031704351,Other,random,C8H6O3,150.031695000,RC2_0018_ICR-1_p08
279.098573209,429.140164504,150.041591295,Other,random,guanine (-H),150.041584800,RC2_0018_ICR-1_p08
279.098573209,429.140164504,150.041591295,Other,random,guanine_(_H)_C5H4N5O,150.041585000,RC2_0018_ICR-1_p08
327.123756157,477.176571389,150.052815232,Other,random,C5H10O5,150.052825000,RC2_0018_ICR-1_p08
313.084699100,463.137514333,150.052815232,Other,random,C5H10O5,150.052825000,RC2_0018_ICR-1_p08
639.172254465,789.225070697,150.052816232,Other,random,C5H10O5,150.052825000,RC2_0018_ICR-1_p08
437.217903082,587.270719314,150.052816232,Other,random,C5H10O5,150.052825000,RC2_0018_ICR-1_p08
361.178668661,511.231484893,150.052816232,Other,random,C5H10O5,150.052825000,RC2_0018_ICR-1_p08
349.129169417,499.181987649,150.052818232,Other,random,C5H10O5,150.052825000,RC2_0018_ICR-1_p08
377.160298794,527.213120027,150.052821232,Other,random,C5H10O5,150.052825000,RC2_0018_ICR-1_p08
383.126616245,533.179438477,150.052822232,Other,random,C5H10O5,150.052825000,RC2_0018_ICR-1_p08
519.041645976,669.094469208,150.052823232,Other,random,C5H10O5,150.052825000,RC2_0018_ICR-1_p08
455.098366538,605.151190770,150.052824232,Other,random,C5H10O5,150.052825000,RC2_0018_ICR-1_p08
333.061472768,483.114298000,150.052825232,Other,random,C5H10O5,150.052825000,RC2_0018_ICR-1_p08
595.146695027,745.199521259,150.052826232,Other,random,C5H10O5,150.052825000,RC2_0018_ICR-1_p08
361.129068940,511.181897172,150.052828232,Other,random,C5H10O5,150.052825000,RC2_0018_ICR-1_p08
421.186767227,571.239595460,150.052828232,Other,random,C5H10O5,150.052825000,RC2_0018_ICR-1_p08
478.135473997,628.188302229,150.052828232,Other,random,C5H10O5,150.052825000,RC2_0018_ICR-1_p08
423.165949098,573.218779330,150.052830232,Other,random,C5H10O5,150.052825000,RC2_0018_ICR-1_p08
415.139809230,565.192639462,150.052830232,Other,random,C5H10O5,150.052825000,RC2_0018_ICR-1_p08
353.051318362,503.104148595,150.052830232,Other,random,C5H10O5,150.052825000,RC2_0018_ICR-1_p08
370.056775738,520.109607971,150.052832232,Other,random,C5H10O5,150.052825000,RC2_0018_ICR-1_p08
573.088682062,723.141516294,150.052834232,Other,random,C5H10O5,150.052825000,RC2_0018_ICR-1_p08
488.156299648,638.209133881,150.052834232,Other,random,C5H10O5,150.052825000,RC2_0018_ICR-1_p08
273.098058951,423.152223175,150.054164225,Other,random,C6H6O1N4,150.054161000,RC2_0018_ICR-1_p08
339.035559175,489.103630321,150.068071146,Other,random,C9H10O2,150.068080000,RC2_0018_ICR-1_p08
340.030947578,490.099018724,150.068071146,Other,random,C9H10O2,150.068080000,RC2_0018_ICR-1_p08
333.110905490,483.178977637,150.068072146,Other,random,C9H10O2,150.068080000,RC2_0018_ICR-1_p08
323.090217838,473.158290984,150.068073146,Other,random,C9H10O2,150.068080000,RC2_0018_ICR-1_p08
359.053821610,509.121894756,150.068073146,Other,random,C9H10O2,150.068080000,RC2_0018_ICR-1_p08
421.113906637,571.181980784,150.068074146,Other,random,C9H10O2,150.068080000,RC2_0018_ICR-1_p08
333.082651649,483.150726795,150.068075146,Other,random,C9H10O2,150.068080000,RC2_0018_ICR-1_p08
389.072423811,539.140498957,150.068075146,Other,random,C9H10O2,150.068080000,RC2_0018_ICR-1_p08
324.072401315,474.140476461,150.068075146,Other,random,C9H10O2,150.068080000,RC2_0018_ICR-1_p08
361.186629616,511.254704763,150.068075146,Other,random,C9H10O2,150.068080000,RC2_0018_ICR-1_p08
343.067013506,493.135089652,150.068076146,Other,random,C9H10O2,150.068080000,RC2_0018_ICR-1_p08
341.087646636,491.155723782,150.068077146,Other,random,C9H10O2,150.068080000,RC2_0018_ICR-1_p08
357.118880490,507.186957636,150.068077146,Other,random,C9H10O2,150.068080000,RC2_0018_ICR-1_p08
369.046235421,519.114314567,150.068079146,Other,random,C9H10O2,150.068080000,RC2_0018_ICR-1_p08
345.110884013,495.178963159,150.068079146,Other,random,C9H10O2,150.068080000,RC2_0018_ICR-1_p08
298.056867604,448.124947750,150.068080146,Other,random,C9H10O2,150.068080000,RC2_0018_ICR-1_p08
319.095298302,469.163378448,150.068080146,Other,random,C9H10O2,150.068080000,RC2_0018_ICR-1_p08
365.051176886,515.119257032,150.068080146,Other,random,C9H10O2,150.068080000,RC2_0018_ICR-1_p08
407.025335859,557.093417005,150.068081146,Other,random,C9H10O2,150.068080000,RC2_0018_ICR-1_p08
551.140751478,701.208832625,150.068081146,Other,random,C9H10O2,150.068080000,RC2_0018_ICR-1_p08
547.072917352,697.140998499,150.068081146,Other,random,C9H10O2,150.068080000,RC2_0018_ICR-1_p08
353.124115953,503.192201099,150.068085146,Other,random,C9H10O2,150.068080000,RC2_0018_ICR-1_p08
393.204837574,543.272923720,150.068086146,Other,random,C9H10O2,150.068080000,RC2_0018_ICR-1_p08
367.116402273,517.184489419,150.068087146,Other,random,C9H10O2,150.068080000,RC2_0018_ICR-1_p08
379.152723591,529.220810737,150.068087146,Other,random,C9H10O2,150.068080000,RC2_0018_ICR-1_p08
647.234912127,797.302999274,150.068087146,Other,random,C9H10O2,150.068080000,RC2_0018_ICR-1_p08
309.147372240,459.215459387,150.068087146,Other,random,C9H10O2,150.068080000,RC2_0018_ICR-1_p08
323.077086912,473.145175058,150.068088146,Other,random,C9H10O2,150.068080000,RC2_0018_ICR-1_p08
326.124501776,476.192589922,150.068088146,Other,random,C9H10O2,150.068080000,RC2_0018_ICR-1_p08
711.251578153,861.319666299,150.068088146,Other,random,C9H10O2,150.068080000,RC2_0018_ICR-1_p08
397.150170389,547.218552533,150.068382145,Other,random,C5H13N1O2P1,150.068392000,RC2_0018_ICR-1_p08
403.124415795,553.192797939,150.068382145,Other,random,C5H13N1O2P1,150.068392000,RC2_0018_ICR-1_p08
697.199166171,847.267548316,150.068382145,Other,random,C5H13N1O2P1,150.068392000,RC2_0018_ICR-1_p08
371.098113883,521.166497028,150.068383145,Other,random,C5H13N1O2P1,150.068392000,RC2_0018_ICR-1_p08
389.027798062,539.096182206,150.068384145,Other,random,C5H13N1O2P1,150.068392000,RC2_0018_ICR-1_p08
453.067312959,603.135697103,150.068384145,Other,random,C5H13N1O2P1,150.068392000,RC2_0018_ICR-1_p08
477.103651799,627.172035944,150.068384145,Other,random,C5H13N1O2P1,150.068392000,RC2_0018_ICR-1_p08
481.171365926,631.239751070,150.068385145,Other,random,C5H13N1O2P1,150.068392000,RC2_0018_ICR-1_p08
695.256146097,845.324532242,150.068386145,Other,random,C5H13N1O2P1,150.068392000,RC2_0018_ICR-1_p08
391.079897522,541.148285667,150.068388145,Other,random,C5H13N1O2P1,150.068392000,RC2_0018_ICR-1_p08
699.213612844,849.282000989,150.068388145,Other,random,C5H13N1O2P1,150.068392000,RC2_0018_ICR-1_p08
433.199561678,583.267949822,150.068388145,Other,random,C5H13N1O2P1,150.068392000,RC2_0018_ICR-1_p08
437.108794696,587.177185840,150.068391145,Other,random,C5H13N1O2P1,150.068392000,RC2_0018_ICR-1_p08
431.098258494,581.166649638,150.068391145,Other,random,C5H13N1O2P1,150.068392000,RC2_0018_ICR-1_p08
399.157730100,549.226122244,150.068392145,Other,random,C5H13N1O2P1,150.068392000,RC2_0018_ICR-1_p08
473.166421939,623.234814083,150.068392145,Other,random,C5H13N1O2P1,150.068392000,RC2_0018_ICR-1_p08
513.233995633,663.302389778,150.068394145,Other,random,C5H13N1O2P1,150.068392000,RC2_0018_ICR-1_p08
579.135588059,729.203982204,150.068394145,Other,random,C5H13N1O2P1,150.068392000,RC2_0018_ICR-1_p08
489.067350525,639.135744670,150.068394145,Other,random,C5H13N1O2P1,150.068392000,RC2_0018_ICR-1_p08
447.114301433,597.182695578,150.068394145,Other,random,C5H13N1O2P1,150.068392000,RC2_0018_ICR-1_p08
467.119298942,617.187693087,150.068394145,Other,random,C5H13N1O2P1,150.068392000,RC2_0018_ICR-1_p08
483.150726795,633.219121940,150.068395145,Other,random,C5H13N1O2P1,150.068392000,RC2_0018_ICR-1_p08
383.025376814,533.093773959,150.068397145,Other,random,C5H13N1O2P1,150.068392000,RC2_0018_ICR-1_p08
385.040961480,535.109358625,150.068397145,Other,random,C5H13N1O2P1,150.068392000,RC2_0018_ICR-1_p08
395.183973445,545.252370589,150.068397145,Other,random,C5H13N1O2P1,150.068392000,RC2_0018_ICR-1_p08
409.186475707,559.254874851,150.068399145,Other,random,C5H13N1O2P1,150.068392000,RC2_0018_ICR-1_p08
405.168341301,555.236741446,150.068400145,Other,random,C5H13N1O2P1,150.068392000,RC2_0018_ICR-1_p08
335.053840565,485.158298507,150.104457942,Other,random,C10H14O1,150.104465000,RC2_0018_ICR-1_p08
330.083030516,480.187488458,150.104457942,Other,random,C10H14O1,150.104465000,RC2_0018_ICR-1_p08
337.069330231,487.173788173,150.104457942,Other,random,C10H14O1,150.104465000,RC2_0018_ICR-1_p08
445.163371404,595.267829345,150.104457942,Other,random,C10H14O1,150.104465000,RC2_0018_ICR-1_p08
319.058918506,469.163378448,150.104459942,Other,random,C10H14O1,150.104465000,RC2_0018_ICR-1_p08
421.077519842,571.181980784,150.104460942,Other,random,C10H14O1,150.104465000,RC2_0018_ICR-1_p08
299.126631588,449.231096530,150.104464942,Other,random,C10H14O1,150.104465000,RC2_0018_ICR-1_p08
413.072419856,563.176886797,150.104466942,Other,random,C10H14O1,150.104465000,RC2_0018_ICR-1_p08
355.116240751,505.220708693,150.104467942,Other,random,C10H14O1,150.104465000,RC2_0018_ICR-1_p08
368.062251954,518.166719896,150.104467942,Other,random,C10H14O1,150.104465000,RC2_0018_ICR-1_p08
583.239792981,733.344260923,150.104467942,Other,random,C10H14O1,150.104465000,RC2_0018_ICR-1_p08
487.072988740,637.177458682,150.104469942,Other,random,C10H14O1,150.104465000,RC2_0018_ICR-1_p08
353.124115953,503.228586895,150.104470942,Other,random,C10H14O1,150.104465000,RC2_0018_ICR-1_p08
526.083793377,676.188264319,150.104470942,Other,random,C10H14O1,150.104465000,RC2_0018_ICR-1_p08
339.072047970,489.176519912,150.104471942,Other,random,C10H14O1,150.104465000,RC2_0018_ICR-1_p08
367.116402273,517.220874214,150.104471942,Other,random,C10H14O1,150.104465000,RC2_0018_ICR-1_p08
345.118953967,495.223426909,150.104472942,Other,random,C10H14O1,150.104465000,RC2_0018_ICR-1_p08
295.082390330,446.085828217,151.003437887,Other,random,C3H6N1O4P1,151.003447000,RC2_0018_ICR-1_p08
309.097919519,460.101363405,151.003443887,Other,random,C3H6N1O4P1,151.003447000,RC2_0018_ICR-1_p08
321.097860041,472.101310928,151.003450887,Other,random,C3H6N1O4P1,151.003447000,RC2_0018_ICR-1_p08
239.128991963,390.132444850,151.003452887,Other,random,C3H6N1O4P1,151.003447000,RC2_0018_ICR-1_p08
255.123872022,406.127325909,151.003453887,Other,random,C3H6N1O4P1,151.003447000,RC2_0018_ICR-1_p08
355.030582233,506.057516987,151.026934755,Other,random,C7H5N1O3,151.026944000,RC2_0018_ICR-1_p08
303.035765607,454.062705361,151.026939755,Other,random,C7H5N1O3,151.026944000,RC2_0018_ICR-1_p08
301.129325327,452.156266082,151.026940755,Other,random,C7H5N1O3,151.026944000,RC2_0018_ICR-1_p08
341.124159431,492.151100185,151.026940755,Other,random,C7H5N1O3,151.026944000,RC2_0018_ICR-1_p08
313.056482259,464.083428014,151.026945755,Other,random,C7H5N1O3,151.026944000,RC2_0018_ICR-1_p08
283.118813603,434.145761357,151.026947755,Other,random,C7H5N1O3,151.026944000,RC2_0018_ICR-1_p08
323.113527707,474.140476461,151.026948755,Other,random,C7H5N1O3,151.026944000,RC2_0018_ICR-1_p08
309.134276314,460.161227069,151.026950755,Other,random,C7H5N1O3,151.026944000,RC2_0018_ICR-1_p08
265.144605674,417.132059028,151.987453354,Other,random,C3H5O5P1,151.987463000,RC2_0018_ICR-1_p08
291.123888589,443.111341942,151.987453354,Other,random,C3H5O5P1,151.987463000,RC2_0018_ICR-1_p08
305.175862573,457.163315926,151.987453354,Other,random,C3H5O5P1,151.987463000,RC2_0018_ICR-1_p08
290.103455327,442.090909681,151.987454354,Other,random,C3H5O5P1,151.987463000,RC2_0018_ICR-1_p08
267.160218340,419.147673694,151.987455353,Other,random,C3H5O5P1,151.987463000,RC2_0018_ICR-1_p08
275.128948531,427.116403884,151.987455353,Other,random,C3H5O5P1,151.987463000,RC2_0018_ICR-1_p08
317.196837977,469.184293331,151.987455353,Other,random,C3H5O5P1,151.987463000,RC2_0018_ICR-1_p08
313.165601645,465.153057999,151.987456353,Other,random,C3H5O5P1,151.987463000,RC2_0018_ICR-1_p08
269.103165415,421.090621768,151.987456353,Other,random,C3H5O5P1,151.987463000,RC2_0018_ICR-1_p08
322.129641239,474.117101593,151.987460353,Other,random,C3H5O5P1,151.987463000,RC2_0018_ICR-1_p08
239.056189373,391.043650726,151.987461353,Other,random,C3H5O5P1,151.987463000,RC2_0018_ICR-1_p08
305.066657187,457.054120540,151.987463353,Other,random,C3H5O5P1,151.987463000,RC2_0018_ICR-1_p08
333.134325358,485.121789712,151.987464353,Other,random,C3H5O5P1,151.987463000,RC2_0018_ICR-1_p08
241.144638629,393.132103983,151.987465353,Other,random,C3H5O5P1,151.987463000,RC2_0018_ICR-1_p08
439.233623747,591.221091101,151.987467353,Other,random,C3H5O5P1,151.987463000,RC2_0018_ICR-1_p08
293.066690664,445.054161018,151.987470353,Other,random,C3H5O5P1,151.987463000,RC2_0018_ICR-1_p08
436.088556433,588.099506654,152.010950221,Other,random,C7H4O4,152.010960000,RC2_0018_ICR-1_p08
359.126616200,511.137567422,152.010951221,Other,random,C7H4O4,152.010960000,RC2_0018_ICR-1_p08
691.297513357,843.308464579,152.010951221,Other,random,C7H4O4,152.010960000,RC2_0018_ICR-1_p08
351.085128419,503.096080640,152.010952221,Other,random,C7H4O4,152.010960000,RC2_0018_ICR-1_p08
329.124132908,481.135085130,152.010952221,Other,random,C7H4O4,152.010960000,RC2_0018_ICR-1_p08
431.098258494,583.109210715,152.010952221,Other,random,C7H4O4,152.010960000,RC2_0018_ICR-1_p08
333.061472768,485.072425989,152.010953221,Other,random,C7H4O4,152.010960000,RC2_0018_ICR-1_p08
340.140145964,492.151100185,152.010954221,Other,random,C7H4O4,152.010960000,RC2_0018_ICR-1_p08
345.147382807,497.158337029,152.010954221,Other,random,C7H4O4,152.010960000,RC2_0018_ICR-1_p08
347.199379269,499.210334490,152.010955221,Other,random,C7H4O4,152.010960000,RC2_0018_ICR-1_p08
515.155796827,667.166752048,152.010955221,Other,random,C7H4O4,152.010960000,RC2_0018_ICR-1_p08
469.199672244,621.210628466,152.010956221,Other,random,C7H4O4,152.010960000,RC2_0018_ICR-1_p08
293.175787051,445.186743272,152.010956221,Other,random,C7H4O4,152.010960000,RC2_0018_ICR-1_p08
335.090267360,487.101224581,152.010957221,Other,random,C7H4O4,152.010960000,RC2_0018_ICR-1_p08
327.144865038,479.155823259,152.010958221,Other,random,C7H4O4,152.010960000,RC2_0018_ICR-1_p08
411.129514781,563.140473002,152.010958221,Other,random,C7H4O4,152.010960000,RC2_0018_ICR-1_p08
514.200710197,666.211668418,152.010958221,Other,random,C7H4O4,152.010960000,RC2_0018_ICR-1_p08
345.155401762,497.166360984,152.010959221,Other,random,C7H4O4,152.010960000,RC2_0018_ICR-1_p08
350.088024025,502.098983247,152.010959221,Other,random,C7H4O4,152.010960000,RC2_0018_ICR-1_p08
421.236007951,573.246967172,152.010959221,Other,random,C7H4O4,152.010960000,RC2_0018_ICR-1_p08
315.181230311,467.192190533,152.010960221,Other,random,C7H4O4,152.010960000,RC2_0018_ICR-1_p08
333.170585155,485.181546376,152.010961221,Other,random,C7H4O4,152.010960000,RC2_0018_ICR-1_p08
339.108453765,491.119414986,152.010961221,Other,random,C7H4O4,152.010960000,RC2_0018_ICR-1_p08
323.090217838,475.101180059,152.010962221,Other,random,C7H4O4,152.010960000,RC2_0018_ICR-1_p08
305.070022168,457.080984389,152.010962221,Other,random,C7H4O4,152.010960000,RC2_0018_ICR-1_p08
323.126517634,475.137479855,152.010962221,Other,random,C7H4O4,152.010960000,RC2_0018_ICR-1_p08
322.106138371,474.117101593,152.010963221,Other,random,C7H4O4,152.010960000,RC2_0018_ICR-1_p08
317.152415227,469.163378448,152.010963221,Other,random,C7H4O4,152.010960000,RC2_0018_ICR-1_p08
335.126517156,487.137480377,152.010963221,Other,random,C7H4O4,152.010960000,RC2_0018_ICR-1_p08
551.104454682,703.115417904,152.010963221,Other,random,C7H4O4,152.010960000,RC2_0018_ICR-1_p08
335.113503229,487.124467451,152.010964221,Other,random,C7H4O4,152.010960000,RC2_0018_ICR-1_p08
341.137152357,493.148116579,152.010964221,Other,random,C7H4O4,152.010960000,RC2_0018_ICR-1_p08
411.157957621,563.168921842,152.010964221,Other,random,C7H4O4,152.010960000,RC2_0018_ICR-1_p08
591.281122763,743.292086985,152.010964221,Other,random,C7H4O4,152.010960000,RC2_0018_ICR-1_p08
331.103332779,483.114298000,152.010965221,Other,random,C7H4O4,152.010960000,RC2_0018_ICR-1_p08
347.134650633,499.145616854,152.010966221,Other,random,C7H4O4,152.010960000,RC2_0018_ICR-1_p08
364.067349418,516.078316639,152.010967221,Other,random,C7H4O4,152.010960000,RC2_0018_ICR-1_p08
308.041076461,460.052045683,152.010969221,Other,random,C7H4O4,152.010960000,RC2_0018_ICR-1_p08
349.069490753,501.080459974,152.010969221,Other,random,C7H4O4,152.010960000,RC2_0018_ICR-1_p08
353.160383749,505.171352970,152.010969221,Other,random,C7H4O4,152.010960000,RC2_0018_ICR-1_p08
383.061796609,535.072765831,152.010969221,Other,random,C7H4O4,152.010960000,RC2_0018_ICR-1_p08
298.093205400,450.140540416,152.047335017,Other,random,C8H8O3,152.047345000,RC2_0018_ICR-1_p08
322.020362854,474.067697871,152.047335017,Other,random,C8H8O3,152.047345000,RC2_0018_ICR-1_p08
333.025090973,485.072425989,152.047335017,Other,random,C8H8O3,152.047345000,RC2_0018_ICR-1_p08
347.134650633,499.181987649,152.047337017,Other,random,C8H8O3,152.047345000,RC2_0018_ICR-1_p08
353.137176880,505.184513896,152.047337017,Other,random,C8H8O3,152.047345000,RC2_0018_ICR-1_p08
411.056826189,563.104163206,152.047337017,Other,random,C8H8O3,152.047345000,RC2_0018_ICR-1_p08
421.186767227,573.234105244,152.047338017,Other,random,C8H8O3,152.047345000,RC2_0018_ICR-1_p08
315.108484720,467.155823737,152.047339017,Other,random,C8H8O3,152.047345000,RC2_0018_ICR-1_p08
411.157957621,563.205296638,152.047339017,Other,random,C8H8O3,152.047345000,RC2_0018_ICR-1_p08
365.137149402,517.184489419,152.047340017,Other,random,C8H8O3,152.047345000,RC2_0018_ICR-1_p08
341.014982044,493.062323061,152.047341017,Other,random,C8H8O3,152.047345000,RC2_0018_ICR-1_p08
341.116063476,493.163404493,152.047341017,Other,random,C8H8O3,152.047345000,RC2_0018_ICR-1_p08
311.077148389,463.124489406,152.047341017,Other,random,C8H8O3,152.047345000,RC2_0018_ICR-1_p08
335.040857638,487.088198655,152.047341017,Other,random,C8H8O3,152.047345000,RC2_0018_ICR-1_p08
337.142290821,489.189632838,152.047342017,Other,random,C8H8O3,152.047345000,RC2_0018_ICR-1_p08
359.098238360,511.145581377,152.047343017,Other,random,C8H8O3,152.047345000,RC2_0018_ICR-1_p08
501.088616928,653.135959945,152.047343017,Other,random,C8H8O3,152.047345000,RC2_0018_ICR-1_p08
357.155348285,509.202691302,152.047343017,Other,random,C8H8O3,152.047345000,RC2_0018_ICR-1_p08
577.083906596,729.131249613,152.047343017,Other,random,C8H8O3,152.047345000,RC2_0018_ICR-1_p08
419.170967563,571.218311579,152.047344017,Other,random,C8H8O3,152.047345000,RC2_0018_ICR-1_p08
385.150271866,537.197617882,152.047346017,Other,random,C8H8O3,152.047345000,RC2_0018_ICR-1_p08
503.046527919,655.093873935,152.047346017,Other,random,C8H8O3,152.047345000,RC2_0018_ICR-1_p08
514.164322402,666.211668418,152.047346017,Other,random,C8H8O3,152.047345000,RC2_0018_ICR-1_p08
381.113413565,533.160761582,152.047348017,Other,random,C8H8O3,152.047345000,RC2_0018_ICR-1_p08
381.118962534,533.166311551,152.047349017,Other,random,C8H8O3,152.047345000,RC2_0018_ICR-1_p08
325.020085986,477.067436003,152.047350017,Other,random,C8H8O3,152.047345000,RC2_0018_ICR-1_p08
337.129165895,489.176519912,152.047354017,Other,random,C8H8O3,152.047345000,RC2_0018_ICR-1_p08
407.184150966,559.231504983,152.047354017,Other,random,C8H8O3,152.047345000,RC2_0018_ICR-1_p08
425.158298895,577.205652912,152.047354017,Other,random,C8H8O3,152.047345000,RC2_0018_ICR-1_p08
341.014982044,493.135089652,152.120107608,Other,random,C10H16O1,152.120115000,RC2_0018_ICR-1_p08
377.064416333,529.184523941,152.120107608,Other,random,C10H16O1,152.120115000,RC2_0018_ICR-1_p08
381.046201943,533.166311551,152.120109608,Other,random,C10H16O1,152.120115000,RC2_0018_ICR-1_p08
387.048711190,539.168822798,152.120111608,Other,random,C10H16O1,152.120115000,RC2_0018_ICR-1_p08
399.121472304,551.241583911,152.120111608,Other,random,C10H16O1,152.120115000,RC2_0018_ICR-1_p08
325.142166299,477.262278907,152.120112608,Other,random,C10H16O1,152.120115000,RC2_0018_ICR-1_p08
339.108453765,491.228567373,152.120113608,Other,random,C10H16O1,152.120115000,RC2_0018_ICR-1_p08
322.020362854,474.140476461,152.120113608,Other,random,C10H16O1,152.120115000,RC2_0018_ICR-1_p08
413.027903106,565.148016713,152.120113608,Other,random,C10H16O1,152.120115000,RC2_0018_ICR-1_p08
379.152723591,531.272838198,152.120114608,Other,random,C10H16O1,152.120115000,RC2_0018_ICR-1_p08
429.031055118,581.151169725,152.120114608,Other,random,C10H16O1,152.120115000,RC2_0018_ICR-1_p08
519.127495493,671.247610101,152.120114608,Other,random,C10H16O1,152.120115000,RC2_0018_ICR-1_p08
367.139622142,519.259737750,152.120115608,Other,random,C10H16O1,152.120115000,RC2_0018_ICR-1_p08
317.030323914,469.150439521,152.120115608,Other,random,C10H16O1,152.120115000,RC2_0018_ICR-1_p08
365.064373811,517.184489419,152.120115608,Other,random,C10H16O1,152.120115000,RC2_0018_ICR-1_p08
351.121423215,503.241538822,152.120115608,Other,random,C10H16O1,152.120115000,RC2_0018_ICR-1_p08
406.062866271,558.182983879,152.120117608,Other,random,C10H16O1,152.120115000,RC2_0018_ICR-1_p08
319.045898580,471.166017187,152.120118608,Other,random,C10H16O1,152.120115000,RC2_0018_ICR-1_p08
305.087715068,457.207833676,152.120118608,Other,random,C10H16O1,152.120115000,RC2_0018_ICR-1_p08
331.155060488,485.148661561,153.993601073,Other,random,C3H6O5S1,153.993597000,RC2_0018_ICR-1_p08
319.082338375,473.085447394,154.003109019,Other,random,C3H7O5P1,154.003113000,RC2_0018_ICR-1_p08
289.108232923,443.111341942,154.003109019,Other,random,C3H7O5P1,154.003113000,RC2_0018_ICR-1_p08
531.187335679,685.190446698,154.003111019,Other,random,C3H7O5P1,154.003113000,RC2_0018_ICR-1_p08
239.128991963,393.132103983,154.003112019,Other,random,C3H7O5P1,154.003113000,RC2_0018_ICR-1_p08
287.092600257,441.095719277,154.003119019,Other,random,C3H7O5P1,154.003113000,RC2_0018_ICR-1_p08
305.139378778,459.142498797,154.003120019,Other,random,C3H7O5P1,154.003113000,RC2_0018_ICR-1_p08
273.076920070,427.080041089,154.003121019,Other,random,C3H7O5P1,154.003113000,RC2_0018_ICR-1_p08
319.045898580,473.049020599,154.003122019,Other,random,C3H7O5P1,154.003113000,RC2_0018_ICR-1_p08
429.140164504,583.182021306,154.041856801,Other,random,C11H6O1,154.041865000,RC2_0018_ICR-1_p08
361.186629616,515.228490418,154.041860801,Other,random,C11H6O1,154.041865000,RC2_0018_ICR-1_p08
301.092914532,455.134775333,154.041860801,Other,random,C11H6O1,154.041865000,RC2_0018_ICR-1_p08
325.071762695,479.113623497,154.041860801,Other,random,C11H6O1,154.041865000,RC2_0018_ICR-1_p08
401.145151924,555.187015725,154.041863801,Other,random,C11H6O1,154.041865000,RC2_0018_ICR-1_p08
301.056502737,455.098366538,154.041863801,Other,random,C11H6O1,154.041865000,RC2_0018_ICR-1_p08
357.082606694,511.124473495,154.041866801,Other,random,C11H6O1,154.041865000,RC2_0018_ICR-1_p08
515.104171117,669.146044918,154.041873801,Other,random,C11H6O1,154.041865000,RC2_0018_ICR-1_p08
319.139710052,473.275466325,154.135756273,Other,random,C10H18O1,154.135765000,RC2_0018_ICR-1_p08
359.098238360,513.233995633,154.135757273,Other,random,C10H18O1,154.135765000,RC2_0018_ICR-1_p08
485.121789712,639.257547985,154.135758273,Other,random,C10H18O1,154.135765000,RC2_0018_ICR-1_p08
357.155348285,511.291107558,154.135759273,Other,random,C10H18O1,154.135765000,RC2_0018_ICR-1_p08
345.074575217,499.210334490,154.135759273,Other,random,C10H18O1,154.135765000,RC2_0018_ICR-1_p08
323.126517634,477.262278907,154.135761273,Other,random,C10H18O1,154.135765000,RC2_0018_ICR-1_p08
381.168303257,535.304065530,154.135762273,Other,random,C10H18O1,154.135765000,RC2_0018_ICR-1_p08
373.113906548,527.249668821,154.135762273,Other,random,C10H18O1,154.135765000,RC2_0018_ICR-1_p08
349.105776549,503.241538822,154.135762273,Other,random,C10H18O1,154.135765000,RC2_0018_ICR-1_p08
643.167233001,797.302999274,154.135766273,Other,random,C10H18O1,154.135765000,RC2_0018_ICR-1_p08
737.158456475,891.294223748,154.135767273,Other,random,C10H18O1,154.135765000,RC2_0018_ICR-1_p08
423.056851712,577.192619985,154.135768273,Other,random,C10H18O1,154.135765000,RC2_0018_ICR-1_p08
479.155823259,633.291592533,154.135769273,Other,random,C10H18O1,154.135765000,RC2_0018_ICR-1_p08
361.092720145,515.228490418,154.135770273,Other,random,C10H18O1,154.135765000,RC2_0018_ICR-1_p08
382.041589346,536.177359619,154.135770273,Other,random,C10H18O1,154.135765000,RC2_0018_ICR-1_p08
336.036064042,490.171835315,154.135771273,Other,random,C10H18O1,154.135765000,RC2_0018_ICR-1_p08
478.062559407,632.198332680,154.135773273,Other,random,C10H18O1,154.135765000,RC2_0018_ICR-1_p08
427.124418839,581.260192112,154.135773273,Other,random,C10H18O1,154.135765000,RC2_0018_ICR-1_p08
381.131978461,535.267752734,154.135774273,Other,random,C10H18O1,154.135765000,RC2_0018_ICR-1_p08
331.067017983,485.202792256,154.135774273,Other,random,C10H18O1,154.135765000,RC2_0018_ICR-1_p08
307.045929057,462.140552939,155.094623881,Other,random,C8H13O2N1,155.094629000,RC2_0018_ICR-1_p08
319.009446785,474.104071666,155.094624881,Other,random,C8H13O2N1,155.094629000,RC2_0018_ICR-1_p08
325.105888503,480.200516385,155.094627881,Other,random,C8H13O2N1,155.094629000,RC2_0018_ICR-1_p08
319.067003461,475.109254014,156.042250553,Other,random,C7H8O4,156.042260000,RC2_0018_ICR-1_p08
371.162854519,527.205106072,156.042251553,Other,random,C7H8O4,156.042260000,RC2_0018_ICR-1_p08
321.170743631,477.212995184,156.042251553,Other,random,C7H8O4,156.042260000,RC2_0018_ICR-1_p08
351.072066492,507.114318045,156.042251553,Other,random,C7H8O4,156.042260000,RC2_0018_ICR-1_p08
371.113439797,527.155691349,156.042251553,Other,random,C7H8O4,156.042260000,RC2_0018_ICR-1_p08
665.245294853,821.287547405,156.042252553,Other,random,C7H8O4,156.042260000,RC2_0018_ICR-1_p08
451.233645270,607.275898822,156.042253553,Other,random,C7H8O4,156.042260000,RC2_0018_ICR-1_p08
335.126517156,491.168770709,156.042253553,Other,random,C7H8O4,156.042260000,RC2_0018_ICR-1_p08
337.178558617,493.220813170,156.042254553,Other,random,C7H8O4,156.042260000,RC2_0018_ICR-1_p08
355.103325824,511.145581377,156.042255553,Other,random,C7H8O4,156.042260000,RC2_0018_ICR-1_p08
331.067017983,487.109273536,156.042255553,Other,random,C7H8O4,156.042260000,RC2_0018_ICR-1_p08
351.121423215,507.163678767,156.042255553,Other,random,C7H8O4,156.042260000,RC2_0018_ICR-1_p08
677.209119578,833.251375131,156.042255553,Other,random,C7H8O4,156.042260000,RC2_0018_ICR-1_p08
301.035399855,457.077656408,156.042256553,Other,random,C7H8O4,156.042260000,RC2_0018_ICR-1_p08
306.098296386,462.140552939,156.042256553,Other,random,C7H8O4,156.042260000,RC2_0018_ICR-1_p08
313.084699100,469.126956653,156.042257553,Other,random,C7H8O4,156.042260000,RC2_0018_ICR-1_p08
329.124132908,485.166390461,156.042257553,Other,random,C7H8O4,156.042260000,RC2_0018_ICR-1_p08
339.100309811,495.142567364,156.042257553,Other,random,C7H8O4,156.042260000,RC2_0018_ICR-1_p08
347.149943547,503.192201099,156.042257553,Other,random,C7H8O4,156.042260000,RC2_0018_ICR-1_p08
355.176065415,511.218323967,156.042258553,Other,random,C7H8O4,156.042260000,RC2_0018_ICR-1_p08
364.067349418,520.109607971,156.042258553,Other,random,C7H8O4,156.042260000,RC2_0018_ICR-1_p08
445.134847564,601.177106117,156.042258553,Other,random,C7H8O4,156.042260000,RC2_0018_ICR-1_p08
285.170673065,441.212932618,156.042259553,Other,random,C7H8O4,156.042260000,RC2_0018_ICR-1_p08
333.025090973,489.067350525,156.042259553,Other,random,C7H8O4,156.042260000,RC2_0018_ICR-1_p08
393.119012056,549.161272609,156.042260553,Other,random,C7H8O4,156.042260000,RC2_0018_ICR-1_p08
311.149929980,467.192190533,156.042260553,Other,random,C7H8O4,156.042260000,RC2_0018_ICR-1_p08
369.155296808,525.197557360,156.042260553,Other,random,C7H8O4,156.042260000,RC2_0018_ICR-1_p08
304.046225925,460.088487478,156.042261553,Other,random,C7H8O4,156.042260000,RC2_0018_ICR-1_p08
319.058918506,475.101180059,156.042261553,Other,random,C7H8O4,156.042260000,RC2_0018_ICR-1_p08
601.119932438,757.162194991,156.042262553,Other,random,C7H8O4,156.042260000,RC2_0018_ICR-1_p08
415.176048027,571.218311579,156.042263553,Other,random,C7H8O4,156.042260000,RC2_0018_ICR-1_p08
443.098265016,599.140528569,156.042263553,Other,random,C7H8O4,156.042260000,RC2_0018_ICR-1_p08
337.092826099,493.135089652,156.042263553,Other,random,C7H8O4,156.042260000,RC2_0018_ICR-1_p08
585.182818055,741.225082608,156.042264553,Other,random,C7H8O4,156.042260000,RC2_0018_ICR-1_p08
339.136697606,495.178963159,156.042265553,Other,random,C7H8O4,156.042260000,RC2_0018_ICR-1_p08
315.087322839,471.129589392,156.042266553,Other,random,C7H8O4,156.042260000,RC2_0018_ICR-1_p08
331.095213825,487.137480377,156.042266553,Other,random,C7H8O4,156.042260000,RC2_0018_ICR-1_p08
335.090267360,491.132533913,156.042266553,Other,random,C7H8O4,156.042260000,RC2_0018_ICR-1_p08
475.072811219,631.115077771,156.042266553,Other,random,C7H8O4,156.042260000,RC2_0018_ICR-1_p08
315.108484720,471.150752273,156.042267553,Other,random,C7H8O4,156.042260000,RC2_0018_ICR-1_p08
347.040717161,503.082984714,156.042267553,Other,random,C7H8O4,156.042260000,RC2_0018_ICR-1_p08
379.061337105,535.103604657,156.042267553,Other,random,C7H8O4,156.042260000,RC2_0018_ICR-1_p08
375.035555742,531.077824295,156.042268553,Other,random,C7H8O4,156.042260000,RC2_0018_ICR-1_p08
408.093431853,564.135701406,156.042269553,Other,random,C7H8O4,156.042260000,RC2_0018_ICR-1_p08
473.194808779,629.237078332,156.042269553,Other,random,C7H8O4,156.042260000,RC2_0018_ICR-1_p08
431.016719952,587.117827174,156.101107222,Other,random,Arginine,156.101111100,RC2_0018_ICR-1_p08
585.102198508,741.203306730,156.101108222,Other,random,Arginine,156.101111100,RC2_0018_ICR-1_p08
267.051106954,423.152223175,156.101116222,Other,random,Arginine,156.101111100,RC2_0018_ICR-1_p08
337.020022509,494.057522465,157.037499956,Other,random,C6H7N1O4,157.037509000,RC2_0018_ICR-1_p08
353.173524675,510.211026632,157.037501956,Other,random,C6H7N1O4,157.037509000,RC2_0018_ICR-1_p08
363.072102014,520.109607971,157.037505956,Other,random,C6H7N1O4,157.037509000,RC2_0018_ICR-1_p08
333.134325358,490.171835315,157.037509956,Other,random,C6H7N1O4,157.037509000,RC2_0018_ICR-1_p08
423.165949098,580.203461055,157.037511956,Other,random,C6H7N1O4,157.037509000,RC2_0018_ICR-1_p08
333.097938563,490.135453519,157.037514956,Other,random,C6H7N1O4,157.037509000,RC2_0018_ICR-1_p08
519.150747362,676.188264319,157.037516956,Other,random,C6H7N1O4,157.037509000,RC2_0018_ICR-1_p08
383.184098922,540.221616878,157.037517956,Other,random,C6H7N1O4,157.037509000,RC2_0018_ICR-1_p08
419.061824176,576.099342133,157.037517956,Other,random,C6H7N1O4,157.037509000,RC2_0018_ICR-1_p08
317.051304796,474.104071666,157.052766871,Other,random,C10H7N1O1,157.052764000,RC2_0018_ICR-1_p08
267.123830545,424.197716296,157.073885752,Other,random,C7H11O3N1,157.073894000,RC2_0018_ICR-1_p08
431.025617902,588.099506654,157.073888752,Other,random,C7H11O3N1,157.073894000,RC2_0018_ICR-1_p08
449.072270423,606.146160175,157.073889752,Other,random,C7H11O3N1,157.073894000,RC2_0018_ICR-1_p08
305.066657187,462.140552939,157.073895752,Other,random,C7H11O3N1,157.073894000,RC2_0018_ICR-1_p08
333.097938563,490.171835315,157.073896752,Other,random,C7H11O3N1,157.073894000,RC2_0018_ICR-1_p08
375.108330333,532.182231085,157.073900752,Other,random,C7H11O3N1,157.073894000,RC2_0018_ICR-1_p08
407.061800654,564.135701406,157.073900752,Other,random,C7H11O3N1,157.073894000,RC2_0018_ICR-1_p08
277.035490810,434.145761357,157.110270547,Other,random,C8H15N1O2,157.110279000,RC2_0018_ICR-1_p08
303.014678725,460.124953273,157.110274547,Other,random,C8H15N1O2,157.110279000,RC2_0018_ICR-1_p08
423.056851712,580.167133259,157.110281547,Other,random,C8H15N1O2,157.110279000,RC2_0018_ICR-1_p08
449.035877628,606.146160175,157.110282547,Other,random,C8H15N1O2,157.110279000,RC2_0018_ICR-1_p08
319.139710052,477.161225475,158.021515423,Other,random,C6H6O5,158.021525000,RC2_0018_ICR-1_p08
313.111532949,471.133048373,158.021515423,Other,random,C6H6O5,158.021525000,RC2_0018_ICR-1_p08
319.009446785,477.030962208,158.021515423,Other,random,C6H6O5,158.021525000,RC2_0018_ICR-1_p08
296.041188938,454.062705361,158.021516423,Other,random,C6H6O5,158.021525000,RC2_0018_ICR-1_p08
375.157922054,533.179438477,158.021516423,Other,random,C6H6O5,158.021525000,RC2_0018_ICR-1_p08
345.183782603,503.205300026,158.021517423,Other,random,C6H6O5,158.021525000,RC2_0018_ICR-1_p08
365.014842090,523.036359513,158.021517423,Other,random,C6H6O5,158.021525000,RC2_0018_ICR-1_p08
369.155296808,527.176814231,158.021517423,Other,random,C6H6O5,158.021525000,RC2_0018_ICR-1_p08
453.095627799,611.117146223,158.021518423,Other,random,C6H6O5,158.021525000,RC2_0018_ICR-1_p08
351.181172879,509.202691302,158.021518423,Other,random,C6H6O5,158.021525000,RC2_0018_ICR-1_p08
329.102948027,487.124467451,158.021519423,Other,random,C6H6O5,158.021525000,RC2_0018_ICR-1_p08
417.046235510,575.067756933,158.021521423,Other,random,C6H6O5,158.021525000,RC2_0018_ICR-1_p08
376.103754735,534.125277159,158.021522423,Other,random,C6H6O5,158.021525000,RC2_0018_ICR-1_p08
491.265077167,649.286599590,158.021522423,Other,random,C6H6O5,158.021525000,RC2_0018_ICR-1_p08
276.051290344,434.072813767,158.021523423,Other,random,C6H6O5,158.021525000,RC2_0018_ICR-1_p08
349.178682139,507.200206562,158.021524423,Other,random,C6H6O5,158.021525000,RC2_0018_ICR-1_p08
268.046363357,426.067887780,158.021524423,Other,random,C6H6O5,158.021525000,RC2_0018_ICR-1_p08
325.129201372,483.150726795,158.021525423,Other,random,C6H6O5,158.021525000,RC2_0018_ICR-1_p08
327.144865038,485.166390461,158.021525423,Other,random,C6H6O5,158.021525000,RC2_0018_ICR-1_p08
343.212616687,501.234142110,158.021525423,Other,random,C6H6O5,158.021525000,RC2_0018_ICR-1_p08
511.072942785,669.094469208,158.021526423,Other,random,C6H6O5,158.021525000,RC2_0018_ICR-1_p08
319.058918506,477.080445930,158.021527423,Other,random,C6H6O5,158.021525000,RC2_0018_ICR-1_p08
320.113946574,478.135473997,158.021527423,Other,random,C6H6O5,158.021525000,RC2_0018_ICR-1_p08
325.121149418,483.142676841,158.021527423,Other,random,C6H6O5,158.021525000,RC2_0018_ICR-1_p08
344.077454824,502.098983247,158.021528423,Other,random,C6H6O5,158.021525000,RC2_0018_ICR-1_p08
433.199561678,591.221091101,158.021529423,Other,random,C6H6O5,158.021525000,RC2_0018_ICR-1_p08
351.136833128,509.158362551,158.021529423,Other,random,C6H6O5,158.021525000,RC2_0018_ICR-1_p08
404.062168521,562.083698944,158.021530423,Other,random,C6H6O5,158.021525000,RC2_0018_ICR-1_p08
299.056124985,457.077656408,158.021531423,Other,random,C6H6O5,158.021525000,RC2_0018_ICR-1_p08
341.160455226,499.181987649,158.021532423,Other,random,C6H6O5,158.021525000,RC2_0018_ICR-1_p08
269.081867534,427.103401957,158.021534423,Other,random,C6H6O5,158.021525000,RC2_0018_ICR-1_p08
418.114236505,576.135770928,158.021534423,Other,random,C6H6O5,158.021525000,RC2_0018_ICR-1_p08
514.200710197,672.237482534,158.036772337,Other,random,C10H6O2,158.036780000,RC2_0018_ICR-1_p08
343.176169892,501.212943229,158.036773337,Other,random,C10H6O2,158.036780000,RC2_0018_ICR-1_p08
585.255313647,743.292086985,158.036773337,Other,random,C10H6O2,158.036780000,RC2_0018_ICR-1_p08
305.087715068,463.124489406,158.036774337,Other,random,C10H6O2,158.036780000,RC2_0018_ICR-1_p08
541.265673007,699.302449344,158.036776337,Other,random,C10H6O2,158.036780000,RC2_0018_ICR-1_p08
545.078640566,703.115417904,158.036777337,Other,random,C10H6O2,158.036780000,RC2_0018_ICR-1_p08
345.191806558,503.228586895,158.036780337,Other,random,C10H6O2,158.036780000,RC2_0018_ICR-1_p08
343.067013506,501.103798843,158.036785337,Other,random,C10H6O2,158.036780000,RC2_0018_ICR-1_p08
539.104213161,697.140998499,158.036785337,Other,random,C10H6O2,158.036780000,RC2_0018_ICR-1_p08
337.105781026,495.142567364,158.036786337,Other,random,C10H6O2,158.036780000,RC2_0018_ICR-1_p08
327.121510169,485.158298507,158.036788337,Other,random,C10H6O2,158.036780000,RC2_0018_ICR-1_p08
457.098694290,615.135482627,158.036788337,Other,random,C10H6O2,158.036780000,RC2_0018_ICR-1_p08
325.105888503,483.142676841,158.036788337,Other,random,C10H6O2,158.036780000,RC2_0018_ICR-1_p08
337.121062940,495.178963159,158.057900219,Other,random,C7H10O4,158.057910000,RC2_0018_ICR-1_p08
353.079667203,511.137567422,158.057900219,Other,random,C7H10O4,158.057910000,RC2_0018_ICR-1_p08
403.170499535,561.228400754,158.057901219,Other,random,C7H10O4,158.057910000,RC2_0018_ICR-1_p08
359.098238360,517.156140578,158.057902219,Other,random,C7H10O4,158.057910000,RC2_0018_ICR-1_p08
349.105776549,507.163678767,158.057902219,Other,random,C7H10O4,158.057910000,RC2_0018_ICR-1_p08
413.015025178,571.072927397,158.057902219,Other,random,C7H10O4,158.057910000,RC2_0018_ICR-1_p08
357.074526739,515.132429958,158.057903219,Other,random,C7H10O4,158.057910000,RC2_0018_ICR-1_p08
269.131325256,427.189229475,158.057904219,Other,random,C7H10O4,158.057910000,RC2_0018_ICR-1_p08
567.244964922,725.302869140,158.057904219,Other,random,C7H10O4,158.057910000,RC2_0018_ICR-1_p08
309.097919519,467.155823737,158.057904219,Other,random,C7H10O4,158.057910000,RC2_0018_ICR-1_p08
355.030582233,513.088487451,158.057905219,Other,random,C7H10O4,158.057910000,RC2_0018_ICR-1_p08
303.035765607,461.093670825,158.057905219,Other,random,C7H10O4,158.057910000,RC2_0018_ICR-1_p08
361.087129176,519.145035394,158.057906219,Other,random,C7H10O4,158.057910000,RC2_0018_ICR-1_p08
363.035617219,521.093523438,158.057906219,Other,random,C7H10O4,158.057910000,RC2_0018_ICR-1_p08
373.033090002,531.090996221,158.057906219,Other,random,C7H10O4,158.057910000,RC2_0018_ICR-1_p08
471.114236478,629.172143697,158.057907219,Other,random,C7H10O4,158.057910000,RC2_0018_ICR-1_p08
339.108453765,497.166360984,158.057907219,Other,random,C7H10O4,158.057910000,RC2_0018_ICR-1_p08
364.067349418,522.125257636,158.057908218,Other,random,C7H10O4,158.057910000,RC2_0018_ICR-1_p08
478.099151201,636.157061420,158.057910218,Other,random,C7H10O4,158.057910000,RC2_0018_ICR-1_p08
313.121134895,471.179046114,158.057911218,Other,random,C7H10O4,158.057910000,RC2_0018_ICR-1_p08
497.035961717,655.093873935,158.057912218,Other,random,C7H10O4,158.057910000,RC2_0018_ICR-1_p08
369.147192853,527.205106072,158.057913218,Other,random,C7H10O4,158.057910000,RC2_0018_ICR-1_p08
426.067887780,584.125800999,158.057913218,Other,random,C7H10O4,158.057910000,RC2_0018_ICR-1_p08
313.108102969,471.166017187,158.057914218,Other,random,C7H10O4,158.057910000,RC2_0018_ICR-1_p08
309.134276314,467.192190533,158.057914218,Other,random,C7H10O4,158.057910000,RC2_0018_ICR-1_p08
351.136833128,509.194747346,158.057914218,Other,random,C7H10O4,158.057910000,RC2_0018_ICR-1_p08
341.160455226,499.218370445,158.057915218,Other,random,C7H10O4,158.057910000,RC2_0018_ICR-1_p08
331.103332779,489.161249997,158.057917218,Other,random,C7H10O4,158.057910000,RC2_0018_ICR-1_p08
339.157891487,497.215808706,158.057917218,Other,random,C7H10O4,158.057910000,RC2_0018_ICR-1_p08
345.147382807,503.205300026,158.057917218,Other,random,C7H10O4,158.057910000,RC2_0018_ICR-1_p08
431.220466807,589.278385025,158.057918218,Other,random,C7H10O4,158.057910000,RC2_0018_ICR-1_p08
405.046243988,563.104163206,158.057919218,Other,random,C7H10O4,158.057910000,RC2_0018_ICR-1_p08
431.016719952,589.133484840,158.116764888,Other,random,C6H14O1N4,158.116761000,RC2_0018_ICR-1_p08
315.087322839,474.140476461,159.053153622,Other,random,C6H9N1O4,159.053159000,RC2_0018_ICR-1_p08
363.072102014,522.125257636,159.053155622,Other,random,C6H9N1O4,159.053159000,RC2_0018_ICR-1_p08
365.087650681,524.140806303,159.053155622,Other,random,C6H9N1O4,159.053159000,RC2_0018_ICR-1_p08
473.145175058,632.198332680,159.053157622,Other,random,C6H9N1O4,159.053159000,RC2_0018_ICR-1_p08
367.095366391,526.148525013,159.053158622,Other,random,C6H9N1O4,159.053159000,RC2_0018_ICR-1_p08
333.097938563,492.151100185,159.053161622,Other,random,C6H9N1O4,159.053159000,RC2_0018_ICR-1_p08
423.056851712,583.094016801,160.037165089,Other,random,C6H8O5,160.037175000,RC2_0018_ICR-1_p08
331.045794103,491.082961191,160.037167089,Other,random,C6H8O5,160.037175000,RC2_0018_ICR-1_p08
359.071511510,519.108678599,160.037167089,Other,random,C6H8O5,160.037175000,RC2_0018_ICR-1_p08
301.056502737,461.093670825,160.037168089,Other,random,C6H8O5,160.037175000,RC2_0018_ICR-1_p08
525.088620973,685.125789062,160.037168089,Other,random,C6H8O5,160.037175000,RC2_0018_ICR-1_p08
365.014842090,525.052011179,160.037169089,Other,random,C6H8O5,160.037175000,RC2_0018_ICR-1_p08
311.105509230,471.142678318,160.037169089,Other,random,C6H8O5,160.037175000,RC2_0018_ICR-1_p08
521.231295663,681.268464752,160.037169089,Other,random,C6H8O5,160.037175000,RC2_0018_ICR-1_p08
353.051318362,513.088487451,160.037169089,Other,random,C6H8O5,160.037175000,RC2_0018_ICR-1_p08
369.183639648,529.220810737,160.037171089,Other,random,C6H8O5,160.037175000,RC2_0018_ICR-1_p08
493.098788856,653.135959945,160.037171089,Other,random,C6H8O5,160.037175000,RC2_0018_ICR-1_p08
307.118651648,467.155823737,160.037172089,Other,random,C6H8O5,160.037175000,RC2_0018_ICR-1_p08
347.077144956,507.114318045,160.037173089,Other,random,C6H8O5,160.037175000,RC2_0018_ICR-1_p08
341.160455226,501.197629315,160.037174089,Other,random,C6H8O5,160.037175000,RC2_0018_ICR-1_p08
315.087322839,475.124497928,160.037175089,Other,random,C6H8O5,160.037175000,RC2_0018_ICR-1_p08
349.165516213,509.202691302,160.037175089,Other,random,C6H8O5,160.037175000,RC2_0018_ICR-1_p08
393.046246465,553.083422554,160.037176089,Other,random,C6H8O5,160.037175000,RC2_0018_ICR-1_p08
383.040847727,543.078023816,160.037176089,Other,random,C6H8O5,160.037175000,RC2_0018_ICR-1_p08
399.035682786,559.072858875,160.037176089,Other,random,C6H8O5,160.037175000,RC2_0018_ICR-1_p08
322.020362854,482.057540943,160.037178089,Other,random,C6H8O5,160.037175000,RC2_0018_ICR-1_p08
285.126192315,445.163371404,160.037179089,Other,random,C6H8O5,160.037175000,RC2_0018_ICR-1_p08
353.124115953,513.161296042,160.037180089,Other,random,C6H8O5,160.037175000,RC2_0018_ICR-1_p08
418.150735299,578.187916388,160.037181089,Other,random,C6H8O5,160.037175000,RC2_0018_ICR-1_p08
339.035559175,499.072742264,160.037183089,Other,random,C6H8O5,160.037175000,RC2_0018_ICR-1_p08
365.160373272,525.197557360,160.037184089,Other,random,C6H8O5,160.037175000,RC2_0018_ICR-1_p08
371.107915828,531.181467712,160.073551884,Other,random,C7H12O4,160.073560000,RC2_0018_ICR-1_p08
403.066921118,563.140473002,160.073551884,Other,random,C7H12O4,160.073560000,RC2_0018_ICR-1_p08
595.182941823,755.256493707,160.073551884,Other,random,C7H12O4,160.073560000,RC2_0018_ICR-1_p08
357.118880490,517.192433374,160.073552884,Other,random,C7H12O4,160.073560000,RC2_0018_ICR-1_p08
365.124004476,525.197557360,160.073552884,Other,random,C7H12O4,160.073560000,RC2_0018_ICR-1_p08
333.074561695,493.148116579,160.073554884,Other,random,C7H12O4,160.073560000,RC2_0018_ICR-1_p08
521.194909868,681.268464752,160.073554884,Other,random,C7H12O4,160.073560000,RC2_0018_ICR-1_p08
347.149943547,507.223498431,160.073554884,Other,random,C7H12O4,160.073560000,RC2_0018_ICR-1_p08
377.124061998,537.197617882,160.073555884,Other,random,C7H12O4,160.073560000,RC2_0018_ICR-1_p08
365.087650681,525.161206565,160.073555884,Other,random,C7H12O4,160.073560000,RC2_0018_ICR-1_p08
331.095213825,491.168770709,160.073556884,Other,random,C7H12O4,160.073560000,RC2_0018_ICR-1_p08
317.116081431,477.189641315,160.073559884,Other,random,C7H12O4,160.073560000,RC2_0018_ICR-1_p08
379.066939073,539.140498957,160.073559884,Other,random,C7H12O4,160.073560000,RC2_0018_ICR-1_p08
677.209119578,837.282679462,160.073559884,Other,random,C7H12O4,160.073560000,RC2_0018_ICR-1_p08
359.162983996,519.236544880,160.073560884,Other,random,C7H12O4,160.073560000,RC2_0018_ICR-1_p08
633.219121940,793.292683824,160.073561884,Other,random,C7H12O4,160.073560000,RC2_0018_ICR-1_p08
429.140164504,589.213726389,160.073561884,Other,random,C7H12O4,160.073560000,RC2_0018_ICR-1_p08
321.061522246,481.135085130,160.073562884,Other,random,C7H12O4,160.073560000,RC2_0018_ICR-1_p08
301.020106941,461.093670825,160.073563884,Other,random,C7H12O4,160.073560000,RC2_0018_ICR-1_p08
313.129155850,473.202721734,160.073565884,Other,random,C7H12O4,160.073560000,RC2_0018_ICR-1_p08
649.104905612,809.178471496,160.073565884,Other,random,C7H12O4,160.073560000,RC2_0018_ICR-1_p08
355.139784619,515.213351503,160.073566884,Other,random,C7H12O4,160.073560000,RC2_0018_ICR-1_p08
407.207405835,567.280973719,160.073567884,Other,random,C7H12O4,160.073560000,RC2_0018_ICR-1_p08
389.087704725,549.161272609,160.073567884,Other,random,C7H12O4,160.073560000,RC2_0018_ICR-1_p08
437.181429287,597.254997171,160.073567884,Other,random,C7H12O4,160.073560000,RC2_0018_ICR-1_p08
339.072047970,499.145616854,160.073568884,Other,random,C7H12O4,160.073560000,RC2_0018_ICR-1_p08
345.025170495,505.098740379,160.073569884,Other,random,C7H12O4,160.073560000,RC2_0018_ICR-1_p08
486.104004189,646.177574073,160.073569884,Other,random,C7H12O4,160.073560000,RC2_0018_ICR-1_p08
423.194379938,583.267949822,160.073569884,Other,random,C7H12O4,160.073560000,RC2_0018_ICR-1_p08
569.151171203,729.312749592,160.161578389,Other,random,C13H20O_1,160.161585000,RC2_0018_ICR-1_p08
353.100663085,513.262247474,160.161584389,Other,random,C13H20O_1,160.161585000,RC2_0018_ICR-1_p08
355.030582233,515.192170622,160.161588389,Other,random,C13H20O_1,160.161585000,RC2_0018_ICR-1_p08
366.155732675,527.096231684,160.940499009,Other,random,diphosphate,160.940489800,RC2_0018_ICR-1_p08
366.155732675,527.096231684,160.940499009,Other,random,diphosphate_H3O6P2,160.940491000,RC2_0018_ICR-1_p08
347.126554678,508.195368966,161.068814288,Other,random,C6H11N1O4,161.068809000,RC2_0018_ICR-1_p08
357.061394813,518.130212101,161.068817288,Other,random,C6H11N1O4,161.068809000,RC2_0018_ICR-1_p08
589.141784793,751.173470666,162.031685873,Other,random,C9H6O3,162.031695000,RC2_0018_ICR-1_p08
365.124004476,527.155691349,162.031686873,Other,random,C9H6O3,162.031695000,RC2_0018_ICR-1_p08
312.072382793,474.104071666,162.031688873,Other,random,C9H6O3,162.031695000,RC2_0018_ICR-1_p08
427.197336429,589.229026303,162.031689873,Other,random,C9H6O3,162.031695000,RC2_0018_ICR-1_p08
421.077519842,583.109210715,162.031690873,Other,random,C9H6O3,162.031695000,RC2_0018_ICR-1_p08
433.236137472,595.267829345,162.031691873,Other,random,C9H6O3,162.031695000,RC2_0018_ICR-1_p08
345.191806558,507.223498431,162.031691873,Other,random,C9H6O3,162.031695000,RC2_0018_ICR-1_p08
267.123830545,429.155523418,162.031692873,Other,random,C9H6O3,162.031695000,RC2_0018_ICR-1_p08
286.093252877,448.124947750,162.031694873,Other,random,C9H6O3,162.031695000,RC2_0018_ICR-1_p08
337.142290821,499.173986694,162.031695873,Other,random,C9H6O3,162.031695000,RC2_0018_ICR-1_p08
531.062760379,693.094456253,162.031695873,Other,random,C9H6O3,162.031695000,RC2_0018_ICR-1_p08
377.137126925,539.168822798,162.031695873,Other,random,C9H6O3,162.031695000,RC2_0018_ICR-1_p08
627.193373824,789.225070697,162.031696873,Other,random,C9H6O3,162.031695000,RC2_0018_ICR-1_p08
327.121510169,489.153207043,162.031696873,Other,random,C9H6O3,162.031695000,RC2_0018_ICR-1_p08
355.212632209,517.244333082,162.031700873,Other,random,C9H6O3,162.031695000,RC2_0018_ICR-1_p08
290.124565208,452.156266082,162.031700873,Other,random,C9H6O3,162.031695000,RC2_0018_ICR-1_p08
487.254897717,649.286599590,162.031701873,Other,random,C9H6O3,162.031695000,RC2_0018_ICR-1_p08
293.103072460,455.134775333,162.031702873,Other,random,C9H6O3,162.031695000,RC2_0018_ICR-1_p08
313.092795055,475.124497928,162.031702873,Other,random,C9H6O3,162.031695000,RC2_0018_ICR-1_p08
351.035673697,513.088487451,162.052813755,Other,random,C6H10O5,162.052823600,RC2_0018_ICR-1_p08
313.048365305,475.101180059,162.052814755,Other,random,C6H10O5,162.052823600,RC2_0018_ICR-1_p08
415.152838157,577.205652912,162.052814755,Other,random,C6H10O5,162.052823600,RC2_0018_ICR-1_p08
355.103325824,517.156140578,162.052814755,Other,random,C6H10O5,162.052823600,RC2_0018_ICR-1_p08
367.030606755,529.083422510,162.052815755,Other,random,C6H10O5,162.052823600,RC2_0018_ICR-1_p08
435.202180417,597.254997171,162.052816755,Other,random,C6H10O5,162.052823600,RC2_0018_ICR-1_p08
394.041564869,556.094381623,162.052816755,Other,random,C6H10O5,162.052823600,RC2_0018_ICR-1_p08
333.110905490,495.163724245,162.052818755,Other,random,C6H10O5,162.052823600,RC2_0018_ICR-1_p08
346.056878693,508.109697448,162.052818755,Other,random,C6H10O5,162.052823600,RC2_0018_ICR-1_p08
483.142676841,645.195497595,162.052820755,Other,random,C6H10O5,162.052823600,RC2_0018_ICR-1_p08
333.061472768,495.114294523,162.052821755,Other,random,C6H10O5,162.052823600,RC2_0018_ICR-1_p08
365.196847066,527.249668821,162.052821755,Other,random,C6H10O5,162.052823600,RC2_0018_ICR-1_p08
337.129165895,499.181987649,162.052821755,Other,random,C6H10O5,162.052823600,RC2_0018_ICR-1_p08
369.046235421,531.099057175,162.052821755,Other,random,C6H10O5,162.052823600,RC2_0018_ICR-1_p08
351.181172879,513.233995633,162.052822755,Other,random,C6H10O5,162.052823600,RC2_0018_ICR-1_p08
355.095331869,517.148154623,162.052822755,Other,random,C6H10O5,162.052823600,RC2_0018_ICR-1_p08
345.147382807,507.200206562,162.052823755,Other,random,C6H10O5,162.052823600,RC2_0018_ICR-1_p08
419.170967563,581.223791317,162.052823755,Other,random,C6H10O5,162.052823600,RC2_0018_ICR-1_p08
444.057237624,606.110061378,162.052823755,Other,random,C6H10O5,162.052823600,RC2_0018_ICR-1_p08
274.035732678,436.088556433,162.052823755,Other,random,C6H10O5,162.052823600,RC2_0018_ICR-1_p08
329.043292363,491.096117117,162.052824755,Other,random,C6H10O5,162.052823600,RC2_0018_ICR-1_p08
419.134597767,581.187423522,162.052825755,Other,random,C6H10O5,162.052823600,RC2_0018_ICR-1_p08
360.036101086,522.088926841,162.052825755,Other,random,C6H10O5,162.052823600,RC2_0018_ICR-1_p08
355.131661664,517.184489419,162.052827755,Other,random,C6H10O5,162.052823600,RC2_0018_ICR-1_p08
370.056775738,532.109604493,162.052828755,Other,random,C6H10O5,162.052823600,RC2_0018_ICR-1_p08
429.155523418,591.208353172,162.052829755,Other,random,C6H10O5,162.052823600,RC2_0018_ICR-1_p08
443.147622738,605.200453493,162.052830754,Other,random,C6H10O5,162.052823600,RC2_0018_ICR-1_p08
393.119012056,555.171844811,162.052832754,Other,random,C6H10O5,162.052823600,RC2_0018_ICR-1_p08
309.097919519,471.150752273,162.052832754,Other,random,C6H10O5,162.052823600,RC2_0018_ICR-1_p08
331.067017983,493.135089652,162.068071669,Other,random,C10H10O2,162.068080000,RC2_0018_ICR-1_p08
305.124117864,467.192190533,162.068072669,Other,random,C10H10O2,162.068080000,RC2_0018_ICR-1_p08
367.152737068,529.220810737,162.068073669,Other,random,C10H10O2,162.068080000,RC2_0018_ICR-1_p08
349.069490753,511.137567422,162.068076669,Other,random,C10H10O2,162.068080000,RC2_0018_ICR-1_p08
335.077134434,497.145213103,162.068078669,Other,random,C10H10O2,162.068080000,RC2_0018_ICR-1_p08
299.150018457,461.218098126,162.068079669,Other,random,C10H10O2,162.068080000,RC2_0018_ICR-1_p08
323.090217838,485.158298507,162.068080669,Other,random,C10H10O2,162.068080000,RC2_0018_ICR-1_p08
319.067003461,481.135085130,162.068081669,Other,random,C10H10O2,162.068080000,RC2_0018_ICR-1_p08
293.066690664,455.134775333,162.068084669,Other,random,C10H10O2,162.068080000,RC2_0018_ICR-1_p08
429.132088550,591.200174218,162.068085669,Other,random,C10H10O2,162.068080000,RC2_0018_ICR-1_p08
298.056867604,460.124953273,162.068085669,Other,random,C10H10O2,162.068080000,RC2_0018_ICR-1_p08
337.056318305,499.124403973,162.068085669,Other,random,C10H10O2,162.068080000,RC2_0018_ICR-1_p08
315.108484720,477.176571389,162.068086669,Other,random,C10H10O2,162.068080000,RC2_0018_ICR-1_p08
349.105776549,511.173864217,162.068087669,Other,random,C10H10O2,162.068080000,RC2_0018_ICR-1_p08
433.126993086,595.195082755,162.068089669,Other,random,C10H10O2,162.068080000,RC2_0018_ICR-1_p08
283.082364808,446.122201012,163.039836204,Other,random,C5H10O3N1P1,163.039832000,RC2_0018_ICR-1_p08
444.106419347,607.167062434,163.060643087,Other,random,C6H11O5,163.060650000,RC2_0018_ICR-1_p08
469.135013608,632.198332680,163.063319072,Other,random,Tyrosine,163.063328600,RC2_0018_ICR-1_p08
301.020106941,464.083428014,163.063321072,Other,random,Tyrosine,163.063328600,RC2_0018_ICR-1_p08
315.072151925,478.135473997,163.063322072,Other,random,Tyrosine,163.063328600,RC2_0018_ICR-1_p08
329.087778113,492.151100185,163.063322072,Other,random,Tyrosine,163.063328600,RC2_0018_ICR-1_p08
317.051304796,480.114630868,163.063326072,Other,random,Tyrosine,163.063328600,RC2_0018_ICR-1_p08
337.056318305,500.119645377,163.063327072,Other,random,Tyrosine,163.063328600,RC2_0018_ICR-1_p08
311.077148389,474.140476461,163.063328072,Other,random,Tyrosine,163.063328600,RC2_0018_ICR-1_p08
469.135013608,632.198332680,163.063319072,Other,random,Tyrosine_C9H9NO2,163.063329000,RC2_0018_ICR-1_p08
301.020106941,464.083428014,163.063321072,Other,random,Tyrosine_C9H9NO2,163.063329000,RC2_0018_ICR-1_p08
315.072151925,478.135473997,163.063322072,Other,random,Tyrosine_C9H9NO2,163.063329000,RC2_0018_ICR-1_p08
329.087778113,492.151100185,163.063322072,Other,random,Tyrosine_C9H9NO2,163.063329000,RC2_0018_ICR-1_p08
317.051304796,480.114630868,163.063326072,Other,random,Tyrosine_C9H9NO2,163.063329000,RC2_0018_ICR-1_p08
337.056318305,500.119645377,163.063327072,Other,random,Tyrosine_C9H9NO2,163.063329000,RC2_0018_ICR-1_p08
311.077148389,474.140476461,163.063328072,Other,random,Tyrosine_C9H9NO2,163.063329000,RC2_0018_ICR-1_p08
317.087776590,480.187488458,163.099711868,Other,random,C10H13N1O1,163.099714000,RC2_0018_ICR-1_p08
457.098694290,620.198414157,163.099719868,Other,random,C10H13N1O1,163.099714000,RC2_0018_ICR-1_p08
327.035729652,490.135453519,163.099723868,Other,random,C10H13N1O1,163.099714000,RC2_0018_ICR-1_p08
427.080041089,591.148506509,164.068465420,Other,random,C6H12O5,164.068475000,RC2_0018_ICR-1_p08
671.198743375,835.267208796,164.068465420,Other,random,C6H12O5,164.068475000,RC2_0018_ICR-1_p08
333.170585155,497.239051575,164.068466420,Other,random,C6H12O5,164.068475000,RC2_0018_ICR-1_p08
347.113430752,511.181897172,164.068466420,Other,random,C6H12O5,164.068475000,RC2_0018_ICR-1_p08
416.134994634,580.203461055,164.068466420,Other,random,C6H12O5,164.068475000,RC2_0018_ICR-1_p08
467.082888147,631.151355567,164.068467420,Other,random,C6H12O5,164.068475000,RC2_0018_ICR-1_p08
372.035951609,536.104419030,164.068467420,Other,random,C6H12O5,164.068475000,RC2_0018_ICR-1_p08
313.108102969,477.176571389,164.068468420,Other,random,C6H12O5,164.068475000,RC2_0018_ICR-1_p08
455.025692946,619.094161367,164.068468420,Other,random,C6H12O5,164.068475000,RC2_0018_ICR-1_p08
315.064025970,479.132495391,164.068469420,Other,random,C6H12O5,164.068475000,RC2_0018_ICR-1_p08
317.066613709,481.135085130,164.068471420,Other,random,C6H12O5,164.068475000,RC2_0018_ICR-1_p08
413.173570287,577.242042707,164.068472420,Other,random,C6H12O5,164.068475000,RC2_0018_ICR-1_p08
617.151345291,781.219818712,164.068473420,Other,random,C6H12O5,164.068475000,RC2_0018_ICR-1_p08
353.051318362,517.119791783,164.068473420,Other,random,C6H12O5,164.068475000,RC2_0018_ICR-1_p08
369.128589958,533.197063378,164.068473420,Other,random,C6H12O5,164.068475000,RC2_0018_ICR-1_p08
327.050940566,491.119414986,164.068474420,Other,random,C6H12O5,164.068475000,RC2_0018_ICR-1_p08
629.151335814,793.219813234,164.068477420,Other,random,C6H12O5,164.068475000,RC2_0018_ICR-1_p08
417.155313897,581.223791317,164.068477420,Other,random,C6H12O5,164.068475000,RC2_0018_ICR-1_p08
367.058966596,531.127444016,164.068477420,Other,random,C6H12O5,164.068475000,RC2_0018_ICR-1_p08
423.202240894,587.270719314,164.068478420,Other,random,C6H12O5,164.068475000,RC2_0018_ICR-1_p08
349.165516213,513.233995633,164.068479420,Other,random,C6H12O5,164.068475000,RC2_0018_ICR-1_p08
399.035682786,563.104163206,164.068480420,Other,random,C6H12O5,164.068475000,RC2_0018_ICR-1_p08
335.077134434,499.145616854,164.068482420,Other,random,C6H12O5,164.068475000,RC2_0018_ICR-1_p08
316.046147448,480.114630868,164.068483420,Other,random,C6H12O5,164.068475000,RC2_0018_ICR-1_p08
325.121149418,489.189632838,164.068483420,Other,random,C6H12O5,164.068475000,RC2_0018_ICR-1_p08
399.071989582,563.140473002,164.068483420,Other,random,C6H12O5,164.068475000,RC2_0018_ICR-1_p08
313.084699100,477.153183520,164.068484420,Other,random,C6H12O5,164.068475000,RC2_0018_ICR-1_p08
335.113503229,499.181987649,164.068484420,Other,random,C6H12O5,164.068475000,RC2_0018_ICR-1_p08
442.041576958,606.110061378,164.068484420,Other,random,C6H12O5,164.068475000,RC2_0018_ICR-1_p08
259.082407763,423.152223175,164.069815413,Other,random,C7H8O1N4,164.069811000,RC2_0018_ICR-1_p08
583.057967003,747.141689338,164.083722335,Other,random,C10H12O2,164.083730000,RC2_0018_ICR-1_p08
625.141348363,789.225070697,164.083722335,Other,random,C10H12O2,164.083730000,RC2_0018_ICR-1_p08
319.067003461,483.150726795,164.083723335,Other,random,C10H12O2,164.083730000,RC2_0018_ICR-1_p08
319.139710052,483.223435387,164.083725334,Other,random,C10H12O2,164.083730000,RC2_0018_ICR-1_p08
475.160676725,639.244402059,164.083725334,Other,random,C10H12O2,164.083730000,RC2_0018_ICR-1_p08
417.132059028,581.215785362,164.083726334,Other,random,C10H12O2,164.083730000,RC2_0018_ICR-1_p08
457.126902131,621.210628466,164.083726334,Other,random,C10H12O2,164.083730000,RC2_0018_ICR-1_p08
323.004471320,487.088198655,164.083727334,Other,random,C10H12O2,164.083730000,RC2_0018_ICR-1_p08
345.046190376,509.129917711,164.083727334,Other,random,C10H12O2,164.083730000,RC2_0018_ICR-1_p08
419.061824176,583.145551511,164.083727334,Other,random,C10H12O2,164.083730000,RC2_0018_ICR-1_p08
431.111355420,595.195082755,164.083727334,Other,random,C10H12O2,164.083730000,RC2_0018_ICR-1_p08
307.082288853,471.166017187,164.083728334,Other,random,C10H12O2,164.083730000,RC2_0018_ICR-1_p08
309.097919519,473.181647853,164.083728334,Other,random,C10H12O2,164.083730000,RC2_0018_ICR-1_p08
314.051745662,478.135473997,164.083728334,Other,random,C10H12O2,164.083730000,RC2_0018_ICR-1_p08
629.136084900,793.219813234,164.083728334,Other,random,C10H12O2,164.083730000,RC2_0018_ICR-1_p08
351.072066492,515.155796827,164.083730334,Other,random,C10H12O2,164.083730000,RC2_0018_ICR-1_p08
353.051318362,517.135048697,164.083730334,Other,random,C10H12O2,164.083730000,RC2_0018_ICR-1_p08
477.176571389,641.260302723,164.083731334,Other,random,C10H12O2,164.083730000,RC2_0018_ICR-1_p08
355.030582233,519.114314567,164.083732334,Other,random,C10H12O2,164.083730000,RC2_0018_ICR-1_p08
339.139214592,503.222946927,164.083732334,Other,random,C10H12O2,164.083730000,RC2_0018_ICR-1_p08
531.208539560,695.292271894,164.083732334,Other,random,C10H12O2,164.083730000,RC2_0018_ICR-1_p08
657.131717476,821.215449811,164.083732334,Other,random,C10H12O2,164.083730000,RC2_0018_ICR-1_p08
375.056765623,539.140498957,164.083733334,Other,random,C10H12O2,164.083730000,RC2_0018_ICR-1_p08
504.099638997,668.183372331,164.083733334,Other,random,C10H12O2,164.083730000,RC2_0018_ICR-1_p08
385.077536275,549.161272609,164.083736334,Other,random,C10H12O2,164.083730000,RC2_0018_ICR-1_p08
345.118953967,509.202691302,164.083737334,Other,random,C10H12O2,164.083730000,RC2_0018_ICR-1_p08
437.108794696,601.192532030,164.083737334,Other,random,C10H12O2,164.083730000,RC2_0018_ICR-1_p08
326.088097980,490.171835315,164.083737334,Other,random,C10H12O2,164.083730000,RC2_0018_ICR-1_p08
359.098238360,523.254731285,164.156492925,Other,random,C12H20,164.156500000,RC2_0018_ICR-1_p08
335.053840565,499.210334490,164.156493925,Other,random,C12H20,164.156500000,RC2_0018_ICR-1_p08
351.035673697,515.192170622,164.156496925,Other,random,C12H20,164.156500000,RC2_0018_ICR-1_p08
579.135588059,743.292086985,164.156498925,Other,random,C12H20,164.156500000,RC2_0018_ICR-1_p08
345.046190376,509.202691302,164.156500925,Other,random,C12H20,164.156500000,RC2_0018_ICR-1_p08
405.046243988,569.202745913,164.156501925,Other,random,C12H20,164.156500000,RC2_0018_ICR-1_p08
561.146366215,725.302869140,164.156502925,Other,random,C12H20,164.156500000,RC2_0018_ICR-1_p08
417.067288392,581.223791317,164.156502925,Other,random,C12H20,164.156500000,RC2_0018_ICR-1_p08
353.051318362,517.207822288,164.156503925,Other,random,C12H20,164.156500000,RC2_0018_ICR-1_p08
327.072060447,491.228567373,164.156506925,Other,random,C12H20,164.156500000,RC2_0018_ICR-1_p08
343.030449711,507.186957636,164.156507925,Other,random,C12H20,164.156500000,RC2_0018_ICR-1_p08
457.054120540,621.210628466,164.156507925,Other,random,C12H20,164.156500000,RC2_0018_ICR-1_p08
383.147482128,548.177810139,165.030328012,Other,random,C3H8N3O3P1,165.030330000,RC2_0018_ICR-1_p08
259.082407763,424.137889633,165.055481870,Other,random,C5H12N1O3P1,165.055482000,RC2_0018_ICR-1_p08
402.095833578,567.151315449,165.055481870,Other,random,C5H12N1O3P1,165.055482000,RC2_0018_ICR-1_p08
275.113706616,440.169194487,165.055487870,Other,random,C5H12N1O3P1,165.055482000,RC2_0018_ICR-1_p08
279.014714681,444.070206551,165.055491870,Other,random,C5H12N1O3P1,165.055482000,RC2_0018_ICR-1_p08
323.004471320,488.083442058,165.078970738,Other,random,C9H11N1O2,165.078979000,RC2_0018_ICR-1_p08
431.082920580,596.161892318,165.078971738,Other,random,C9H11N1O2,165.078979000,RC2_0018_ICR-1_p08
455.119437419,620.198414157,165.078976738,Other,random,C9H11N1O2,165.078979000,RC2_0018_ICR-1_p08
357.118880490,522.197861228,165.078980738,Other,random,C9H11N1O2,165.078979000,RC2_0018_ICR-1_p08
339.035559175,504.114541913,165.078982738,Other,random,C9H11N1O2,165.078979000,RC2_0018_ICR-1_p08
287.077283344,452.156266082,165.078982738,Other,random,C9H11N1O2,165.078979000,RC2_0018_ICR-1_p08
505.053896631,671.110366872,166.056470241,Other,random,C8H10N2S1,166.056470000,RC2_0018_ICR-1_p08
445.054161018,611.117146223,166.062985205,Other,random,C9H10O3,166.062995000,RC2_0018_ICR-1_p08
289.986769983,456.049756188,166.062986205,Other,random,C9H10O3,166.062995000,RC2_0018_ICR-1_p08
415.124437317,581.187423522,166.062986205,Other,random,C9H10O3,166.062995000,RC2_0018_ICR-1_p08
379.170446491,545.233433696,166.062987205,Other,random,C9H10O3,166.062995000,RC2_0018_ICR-1_p08
535.145845420,701.208832625,166.062987205,Other,random,C9H10O3,166.062995000,RC2_0018_ICR-1_p08
310.056912126,476.119899331,166.062987205,Other,random,C9H10O3,166.062995000,RC2_0018_ICR-1_p08
405.155323374,571.218311579,166.062988205,Other,random,C9H10O3,166.062995000,RC2_0018_ICR-1_p08
331.082224898,497.145213103,166.062988205,Other,random,C9H10O3,166.062995000,RC2_0018_ICR-1_p08
323.090217838,489.153207043,166.062989205,Other,random,C9H10O3,166.062995000,RC2_0018_ICR-1_p08
363.157821532,529.220810737,166.062989205,Other,random,C9H10O3,166.062995000,RC2_0018_ICR-1_p08
305.103027982,471.166017187,166.062989205,Other,random,C9H10O3,166.062995000,RC2_0018_ICR-1_p08
325.165577168,491.228567373,166.062990205,Other,random,C9H10O3,166.062995000,RC2_0018_ICR-1_p08
347.077144956,513.140135161,166.062990205,Other,random,C9H10O3,166.062995000,RC2_0018_ICR-1_p08
365.118477507,531.181467712,166.062990205,Other,random,C9H10O3,166.062995000,RC2_0018_ICR-1_p08
371.134626678,537.197617882,166.062991205,Other,random,C9H10O3,166.062995000,RC2_0018_ICR-1_p08
323.113527707,489.176519912,166.062992205,Other,random,C9H10O3,166.062995000,RC2_0018_ICR-1_p08
345.074575217,511.137567422,166.062992205,Other,random,C9H10O3,166.062995000,RC2_0018_ICR-1_p08
317.051304796,483.114298000,166.062993205,Other,random,C9H10O3,166.062995000,RC2_0018_ICR-1_p08
449.108817218,615.171810423,166.062993205,Other,random,C9H10O3,166.062995000,RC2_0018_ICR-1_p08
315.100332766,481.163326971,166.062994205,Other,random,C9H10O3,166.062995000,RC2_0018_ICR-1_p08
351.144828083,517.207822288,166.062994205,Other,random,C9H10O3,166.062995000,RC2_0018_ICR-1_p08
429.132088550,595.195082755,166.062994205,Other,random,C9H10O3,166.062995000,RC2_0018_ICR-1_p08
308.041076461,474.104071666,166.062995205,Other,random,C9H10O3,166.062995000,RC2_0018_ICR-1_p08
325.142166299,491.205161504,166.062995205,Other,random,C9H10O3,166.062995000,RC2_0018_ICR-1_p08
307.118651648,473.181647853,166.062996205,Other,random,C9H10O3,166.062995000,RC2_0018_ICR-1_p08
353.051318362,519.114314567,166.062996205,Other,random,C9H10O3,166.062995000,RC2_0018_ICR-1_p08
357.132047416,523.195044621,166.062997205,Other,random,C9H10O3,166.062995000,RC2_0018_ICR-1_p08
318.025615317,484.088613522,166.062998205,Other,random,C9H10O3,166.062995000,RC2_0018_ICR-1_p08
353.015015567,519.078013771,166.062998205,Other,random,C9H10O3,166.062995000,RC2_0018_ICR-1_p08
569.260483588,735.323481793,166.062998205,Other,random,C9H10O3,166.062995000,RC2_0018_ICR-1_p08
391.066921595,557.129920800,166.062999205,Other,random,C9H10O3,166.062995000,RC2_0018_ICR-1_p08
319.095298302,485.158298507,166.063000205,Other,random,C9H10O3,166.062995000,RC2_0018_ICR-1_p08
431.025617902,597.088619107,166.063001205,Other,random,C9H10O3,166.062995000,RC2_0018_ICR-1_p08
349.129169417,515.192170622,166.063001205,Other,random,C9H10O3,166.062995000,RC2_0018_ICR-1_p08
479.132495391,645.195497595,166.063002205,Other,random,C9H10O3,166.062995000,RC2_0018_ICR-1_p08
355.176065415,521.239067619,166.063002205,Other,random,C9H10O3,166.062995000,RC2_0018_ICR-1_p08
367.134061173,533.197063378,166.063002205,Other,random,C9H10O3,166.062995000,RC2_0018_ICR-1_p08
326.088097980,492.151100185,166.063002205,Other,random,C9H10O3,166.062995000,RC2_0018_ICR-1_p08
347.098291837,513.161296042,166.063004205,Other,random,C9H10O3,166.062995000,RC2_0018_ICR-1_p08
359.162983996,525.225988200,166.063004205,Other,random,C9H10O3,166.062995000,RC2_0018_ICR-1_p08
370.041414825,536.104419030,166.063004205,Other,random,C9H10O3,166.062995000,RC2_0018_ICR-1_p08
377.014726613,543.078023816,166.063297203,Other,random,C5H13N1O3P1,166.063307000,RC2_0018_ICR-1_p08
379.103195869,545.166493072,166.063297203,Other,random,C5H13N1O3P1,166.063307000,RC2_0018_ICR-1_p08
467.155823737,633.219121940,166.063298203,Other,random,C5H13N1O3P1,166.063307000,RC2_0018_ICR-1_p08
537.234101677,703.297399880,166.063298203,Other,random,C5H13N1O3P1,166.063307000,RC2_0018_ICR-1_p08
481.098650335,647.161948538,166.063298203,Other,random,C5H13N1O3P1,166.063307000,RC2_0018_ICR-1_p08
417.095571233,583.158869436,166.063298203,Other,random,C5H13N1O3P1,166.063307000,RC2_0018_ICR-1_p08
465.176451867,631.239751070,166.063299203,Other,random,C5H13N1O3P1,166.063307000,RC2_0018_ICR-1_p08
447.114301433,613.177600636,166.063299203,Other,random,C5H13N1O3P1,166.063307000,RC2_0018_ICR-1_p08
541.229059213,707.292358416,166.063299203,Other,random,C5H13N1O3P1,166.063307000,RC2_0018_ICR-1_p08
453.176517345,619.239817548,166.063300203,Other,random,C5H13N1O3P1,166.063307000,RC2_0018_ICR-1_p08
397.150170389,563.213471592,166.063301203,Other,random,C5H13N1O3P1,166.063307000,RC2_0018_ICR-1_p08
467.228291330,633.291592533,166.063301203,Other,random,C5H13N1O3P1,166.063307000,RC2_0018_ICR-1_p08
463.124489406,629.187791609,166.063302203,Other,random,C5H13N1O3P1,166.063307000,RC2_0018_ICR-1_p08
409.077449320,575.140751523,166.063302203,Other,random,C5H13N1O3P1,166.063307000,RC2_0018_ICR-1_p08
389.014903134,555.078207337,166.063304203,Other,random,C5H13N1O3P1,166.063307000,RC2_0018_ICR-1_p08
445.062284972,611.125589175,166.063304203,Other,random,C5H13N1O3P1,166.063307000,RC2_0018_ICR-1_p08
427.152741680,593.216046883,166.063305203,Other,random,C5H13N1O3P1,166.063307000,RC2_0018_ICR-1_p08
421.077519842,587.140826045,166.063306203,Other,random,C5H13N1O3P1,166.063307000,RC2_0018_ICR-1_p08
417.168295824,583.231603027,166.063307203,Other,random,C5H13N1O3P1,166.063307000,RC2_0018_ICR-1_p08
499.181987649,665.245294853,166.063307203,Other,random,C5H13N1O3P1,166.063307000,RC2_0018_ICR-1_p08
621.146460826,787.209768029,166.063307203,Other,random,C5H13N1O3P1,166.063307000,RC2_0018_ICR-1_p08
419.183991489,585.247299692,166.063308203,Other,random,C5H13N1O3P1,166.063307000,RC2_0018_ICR-1_p08
475.173757651,641.237065854,166.063308203,Other,random,C5H13N1O3P1,166.063307000,RC2_0018_ICR-1_p08
493.098788856,659.162097059,166.063308203,Other,random,C5H13N1O3P1,166.063307000,RC2_0018_ICR-1_p08
387.129489736,553.192797939,166.063308203,Other,random,C5H13N1O3P1,166.063307000,RC2_0018_ICR-1_p08
275.019802144,441.083111348,166.063309203,Other,random,C5H13N1O3P1,166.063307000,RC2_0018_ICR-1_p08
369.183639648,535.246948851,166.063309203,Other,random,C5H13N1O3P1,166.063307000,RC2_0018_ICR-1_p08
431.082920580,597.146229783,166.063309203,Other,random,C5H13N1O3P1,166.063307000,RC2_0018_ICR-1_p08
391.139706186,557.203016389,166.063310203,Other,random,C5H13N1O3P1,166.063307000,RC2_0018_ICR-1_p08
389.209703039,555.273013242,166.063310203,Other,random,C5H13N1O3P1,166.063307000,RC2_0018_ICR-1_p08
513.189461884,679.252772087,166.063310203,Other,random,C5H13N1O3P1,166.063307000,RC2_0018_ICR-1_p08
513.124954246,679.188264449,166.063310203,Other,random,C5H13N1O3P1,166.063307000,RC2_0018_ICR-1_p08
399.178801981,565.242113184,166.063311203,Other,random,C5H13N1O3P1,166.063307000,RC2_0018_ICR-1_p08
567.244964922,733.308276125,166.063311203,Other,random,C5H13N1O3P1,166.063307000,RC2_0018_ICR-1_p08
427.088122043,593.151433246,166.063311203,Other,random,C5H13N1O3P1,166.063307000,RC2_0018_ICR-1_p08
435.106045957,601.169358160,166.063312203,Other,random,C5H13N1O3P1,166.063307000,RC2_0018_ICR-1_p08
447.178854070,613.242166273,166.063312203,Other,random,C5H13N1O3P1,166.063307000,RC2_0018_ICR-1_p08
471.187039069,637.250352272,166.063313203,Other,random,C5H13N1O3P1,166.063307000,RC2_0018_ICR-1_p08
359.077076479,525.140389682,166.063313203,Other,random,C5H13N1O3P1,166.063307000,RC2_0018_ICR-1_p08
363.108321811,529.171636014,166.063314203,Other,random,C5H13N1O3P1,166.063307000,RC2_0018_ICR-1_p08
489.197750792,655.261065995,166.063315203,Other,random,C5H13N1O3P1,166.063307000,RC2_0018_ICR-1_p08
359.040778683,525.104094886,166.063316203,Other,random,C5H13N1O3P1,166.063307000,RC2_0018_ICR-1_p08
345.118953967,511.218323967,166.099370000,Other,random,C10H14O2,166.099380000,RC2_0018_ICR-1_p08
373.041127957,539.140498957,166.099371000,Other,random,C10H14O2,166.099380000,RC2_0018_ICR-1_p08
477.189641315,643.289012316,166.099371000,Other,random,C10H14O2,166.099380000,RC2_0018_ICR-1_p08
359.053821610,525.153193610,166.099372000,Other,random,C10H14O2,166.099380000,RC2_0018_ICR-1_p08
359.126616200,525.225988200,166.099372000,Other,random,C10H14O2,166.099380000,RC2_0018_ICR-1_p08
379.134059696,545.233433696,166.099374000,Other,random,C10H14O2,166.099380000,RC2_0018_ICR-1_p08
667.152001131,833.251375131,166.099374000,Other,random,C10H14O2,166.099380000,RC2_0018_ICR-1_p08
555.208440605,721.307814605,166.099374000,Other,random,C10H14O2,166.099380000,RC2_0018_ICR-1_p08
337.092826099,503.192201099,166.099375000,Other,random,C10H14O2,166.099380000,RC2_0018_ICR-1_p08
397.041098002,563.140473002,166.099375000,Other,random,C10H14O2,166.099380000,RC2_0018_ICR-1_p08
351.035673697,517.135048697,166.099375000,Other,random,C10H14O2,166.099380000,RC2_0018_ICR-1_p08
363.121434737,529.220810737,166.099376000,Other,random,C10H14O2,166.099380000,RC2_0018_ICR-1_p08
547.182221738,713.281598738,166.099377000,Other,random,C10H14O2,166.099380000,RC2_0018_ICR-1_p08
363.085145941,529.184523941,166.099378000,Other,random,C10H14O2,166.099380000,RC2_0018_ICR-1_p08
319.058918506,485.158298507,166.099380000,Other,random,C10H14O2,166.099380000,RC2_0018_ICR-1_p08
357.155348285,523.254731285,166.099383000,Other,random,C10H14O2,166.099380000,RC2_0018_ICR-1_p08
501.067369048,667.166752048,166.099383000,Other,random,C10H14O2,166.099380000,RC2_0018_ICR-1_p08
519.091061698,685.190446698,166.099385000,Other,random,C10H14O2,166.099380000,RC2_0018_ICR-1_p08
615.157099505,781.256485506,166.099386000,Other,random,C10H14O2,166.099380000,RC2_0018_ICR-1_p08
319.067003461,485.166390461,166.099387000,Other,random,C10H14O2,166.099380000,RC2_0018_ICR-1_p08
391.030533800,557.129920800,166.099387000,Other,random,C10H14O2,166.099380000,RC2_0018_ICR-1_p08
281.030325346,448.124947750,167.094622404,Other,random,C9H13N1O2,167.094629000,RC2_0018_ICR-1_p08
365.051176886,532.145806289,167.094629404,Other,random,C9H13N1O2,167.094629000,RC2_0018_ICR-1_p08
465.103702276,632.198332680,167.094630404,Other,random,C9H13N1O2,167.094629000,RC2_0018_ICR-1_p08
461.093670825,628.188302229,167.094631404,Other,random,C9H13N1O2,167.094629000,RC2_0018_ICR-1_p08
509.093628915,676.188264319,167.094635404,Other,random,C9H13N1O2,167.094629000,RC2_0018_ICR-1_p08
359.162983996,528.146348779,168.983364783,Other,random,C6H3N1O3S1,168.983366000,RC2_0018_ICR-1_p08
416.111508766,585.138088306,169.026579540,Other,random,C4H10O5P1,169.026588000,RC2_0018_ICR-1_p08
496.109727925,665.136312465,169.026584540,Other,random,C4H10O5P1,169.026588000,RC2_0018_ICR-1_p08
299.059627965,468.086213505,169.026585540,Other,random,C4H10O5P1,169.026588000,RC2_0018_ICR-1_p08
410.036475927,579.063062467,169.026586540,Other,random,C4H10O5P1,169.026588000,RC2_0018_ICR-1_p08
506.130484577,675.157073117,169.026588540,Other,random,C4H10O5P1,169.026588000,RC2_0018_ICR-1_p08
370.041414825,539.068004365,169.026589540,Other,random,C4H10O5P1,169.026588000,RC2_0018_ICR-1_p08
418.114236505,587.140826045,169.026589540,Other,random,C4H10O5P1,169.026588000,RC2_0018_ICR-1_p08
460.088487478,629.115078018,169.026590540,Other,random,C4H10O5P1,169.026588000,RC2_0018_ICR-1_p08
408.093431853,577.120024393,169.026592540,Other,random,C4H10O5P1,169.026588000,RC2_0018_ICR-1_p08
489.140097116,659.057104650,169.917007533,Other,random,C1O6P2,169.917016000,RC2_0018_ICR-1_p08
293.175787051,463.173805128,169.998018078,Other,random,C3H7O6P1,169.998028000,RC2_0018_ICR-1_p08
461.218098126,631.216120203,169.998022078,Other,random,C3H7O6P1,169.998028000,RC2_0018_ICR-1_p08
277.144609196,447.142632274,169.998023078,Other,random,C3H7O6P1,169.998028000,RC2_0018_ICR-1_p08
263.128969008,433.126993086,169.998024078,Other,random,C3H7O6P1,169.998028000,RC2_0018_ICR-1_p08
289.071831128,459.069856206,169.998025078,Other,random,C3H7O6P1,169.998028000,RC2_0018_ICR-1_p08
321.170743631,491.168770709,169.998027078,Other,random,C3H7O6P1,169.998028000,RC2_0018_ICR-1_p08
245.045631693,415.043661771,169.998030078,Other,random,C3H7O6P1,169.998028000,RC2_0018_ICR-1_p08
279.123820067,449.121856145,169.998036078,Other,random,C3H7O6P1,169.998028000,RC2_0018_ICR-1_p08
345.097855086,515.095892163,169.998037078,Other,random,C3H7O6P1,169.998028000,RC2_0018_ICR-1_p08
327.100399288,499.210334490,172.109935202,Other,random,C9H16O3,172.109945000,RC2_0018_ICR-1_p08
327.050940566,499.160877768,172.109937202,Other,random,C9H16O3,172.109945000,RC2_0018_ICR-1_p08
262.035823155,434.145761357,172.109938202,Other,random,C9H16O3,172.109945000,RC2_0018_ICR-1_p08
335.090267360,507.200206562,172.109939202,Other,random,C9H16O3,172.109945000,RC2_0018_ICR-1_p08
391.030533800,563.140473002,172.109939202,Other,random,C9H16O3,172.109945000,RC2_0018_ICR-1_p08
419.111150899,591.221091101,172.109940202,Other,random,C9H16O3,172.109945000,RC2_0018_ICR-1_p08
318.155843585,490.265785787,172.109942202,Other,random,C9H16O3,172.109945000,RC2_0018_ICR-1_p08
467.155823737,639.265766939,172.109943202,Other,random,C9H16O3,172.109945000,RC2_0018_ICR-1_p08
363.121434737,535.231377939,172.109943202,Other,random,C9H16O3,172.109945000,RC2_0018_ICR-1_p08
317.051304796,489.161249997,172.109945202,Other,random,C9H16O3,172.109945000,RC2_0018_ICR-1_p08
345.155401762,517.265347964,172.109946202,Other,random,C9H16O3,172.109945000,RC2_0018_ICR-1_p08
355.066866029,527.176814231,172.109948202,Other,random,C9H16O3,172.109945000,RC2_0018_ICR-1_p08
345.046190376,517.156140578,172.109950202,Other,random,C9H16O3,172.109945000,RC2_0018_ICR-1_p08
404.062168521,576.172119723,172.109951202,Other,random,C9H16O3,172.109945000,RC2_0018_ICR-1_p08
355.131661664,527.241612866,172.109951202,Other,random,C9H16O3,172.109945000,RC2_0018_ICR-1_p08
347.162923474,519.272874676,172.109951202,Other,random,C9H16O3,172.109945000,RC2_0018_ICR-1_p08
333.074561695,505.184513896,172.109952202,Other,random,C9H16O3,172.109945000,RC2_0018_ICR-1_p08
261.040570752,434.145761357,173.105190606,Other,random,C8H15N1O3,173.105194000,RC2_0018_ICR-1_p08
407.098263449,580.203461055,173.105197606,Other,random,C8H15N1O3,173.105194000,RC2_0018_ICR-1_p08
403.066921118,576.172119723,173.105198606,Other,random,C8H15N1O3,173.105194000,RC2_0018_ICR-1_p08
307.082288853,480.187488458,173.105199605,Other,random,C8H15N1O3,173.105194000,RC2_0018_ICR-1_p08
319.045898580,492.151100185,173.105201605,Other,random,C8H15N1O3,173.105194000,RC2_0018_ICR-1_p08
353.160383749,527.176814231,174.016430482,Other,random,C6H6O6,174.016440000,RC2_0018_ICR-1_p08
649.177886202,823.194318683,174.016432482,Other,random,C6H6O6,174.016440000,RC2_0018_ICR-1_p08
307.118651648,481.135085130,174.016433482,Other,random,C6H6O6,174.016440000,RC2_0018_ICR-1_p08
321.061522246,495.077955727,174.016433482,Other,random,C6H6O6,174.016440000,RC2_0018_ICR-1_p08
320.113946574,494.130381055,174.016434481,Other,random,C6H6O6,174.016440000,RC2_0018_ICR-1_p08
321.097860041,495.114294523,174.016434481,Other,random,C6H6O6,174.016440000,RC2_0018_ICR-1_p08
315.100332766,489.116768248,174.016435481,Other,random,C6H6O6,174.016440000,RC2_0018_ICR-1_p08
389.160451316,563.176886797,174.016435481,Other,random,C6H6O6,174.016440000,RC2_0018_ICR-1_p08
355.168088460,529.184523941,174.016435481,Other,random,C6H6O6,174.016440000,RC2_0018_ICR-1_p08
303.160133908,477.176571389,174.016437481,Other,random,C6H6O6,174.016440000,RC2_0018_ICR-1_p08
252.051450299,426.067887780,174.016437481,Other,random,C6H6O6,174.016440000,RC2_0018_ICR-1_p08
348.072489359,522.088926841,174.016437481,Other,random,C6H6O6,174.016440000,RC2_0018_ICR-1_p08
497.231171619,671.247610101,174.016438481,Other,random,C6H6O6,174.016440000,RC2_0018_ICR-1_p08
348.145192950,522.161631432,174.016438481,Other,random,C6H6O6,174.016440000,RC2_0018_ICR-1_p08
615.208632216,789.225070697,174.016438481,Other,random,C6H6O6,174.016440000,RC2_0018_ICR-1_p08
329.139460822,503.155900304,174.016439481,Other,random,C6H6O6,174.016440000,RC2_0018_ICR-1_p08
339.072047970,513.088487451,174.016439481,Other,random,C6H6O6,174.016440000,RC2_0018_ICR-1_p08
519.078013771,693.094456253,174.016442481,Other,random,C6H6O6,174.016440000,RC2_0018_ICR-1_p08
305.139378778,479.155823259,174.016444481,Other,random,C6H6O6,174.016440000,RC2_0018_ICR-1_p08
429.046294032,603.062739514,174.016445481,Other,random,C6H6O6,174.016440000,RC2_0018_ICR-1_p08
417.132059028,591.148506509,174.016447481,Other,random,C6H6O6,174.016440000,RC2_0018_ICR-1_p08
387.175585477,561.228400754,174.052815277,Other,random,C7H10O5,174.052825000,RC2_0018_ICR-1_p08
313.035381378,487.088198655,174.052817277,Other,random,C7H10O5,174.052825000,RC2_0018_ICR-1_p08
319.095298302,493.148116579,174.052818277,Other,random,C7H10O5,174.052825000,RC2_0018_ICR-1_p08
527.046951961,701.099771238,174.052819277,Other,random,C7H10O5,174.052825000,RC2_0018_ICR-1_p08
471.142678318,645.195497595,174.052819277,Other,random,C7H10O5,174.052825000,RC2_0018_ICR-1_p08
399.194146895,573.246967172,174.052820277,Other,random,C7H10O5,174.052825000,RC2_0018_ICR-1_p08
303.123750112,477.176571389,174.052821277,Other,random,C7H10O5,174.052825000,RC2_0018_ICR-1_p08
359.126616200,533.179438477,174.052822277,Other,random,C7H10O5,174.052825000,RC2_0018_ICR-1_p08
323.162985429,497.215808706,174.052823277,Other,random,C7H10O5,174.052825000,RC2_0018_ICR-1_p08
329.066630232,503.119455509,174.052825277,Other,random,C7H10O5,174.052825000,RC2_0018_ICR-1_p08
329.051322318,503.104148595,174.052826277,Other,random,C7H10O5,174.052825000,RC2_0018_ICR-1_p08
459.178986592,633.231812869,174.052826277,Other,random,C7H10O5,174.052825000,RC2_0018_ICR-1_p08
359.144237101,533.197063378,174.052826277,Other,random,C7H10O5,174.052825000,RC2_0018_ICR-1_p08
471.077836683,645.130663960,174.052827277,Other,random,C7H10O5,174.052825000,RC2_0018_ICR-1_p08
343.131660142,517.184489419,174.052829277,Other,random,C7H10O5,174.052825000,RC2_0018_ICR-1_p08
285.170673065,459.223502342,174.052829277,Other,random,C7H10O5,174.052825000,RC2_0018_ICR-1_p08
368.062251954,542.115081231,174.052829277,Other,random,C7H10O5,174.052825000,RC2_0018_ICR-1_p08
320.041097984,494.093928260,174.052830277,Other,random,C7H10O5,174.052825000,RC2_0018_ICR-1_p08
278.103435805,452.156266082,174.052830277,Other,random,C7H10O5,174.052825000,RC2_0018_ICR-1_p08
327.181309833,501.234142110,174.052832277,Other,random,C7H10O5,174.052825000,RC2_0018_ICR-1_p08
323.113527707,497.166360984,174.052833277,Other,random,C7H10O5,174.052825000,RC2_0018_ICR-1_p08
303.087371317,477.176571389,174.089200072,Other,random,C8H14O4,174.089210000,RC2_0018_ICR-1_p08
625.229731866,799.318931938,174.089200072,Other,random,C8H14O4,174.089210000,RC2_0018_ICR-1_p08
299.092446781,473.181647853,174.089201072,Other,random,C8H14O4,174.089210000,RC2_0018_ICR-1_p08
406.077932186,580.167133259,174.089201072,Other,random,C8H14O4,174.089210000,RC2_0018_ICR-1_p08
433.150265955,607.239467027,174.089201072,Other,random,C8H14O4,174.089210000,RC2_0018_ICR-1_p08
339.064064015,513.153266087,174.089202072,Other,random,C8H14O4,174.089210000,RC2_0018_ICR-1_p08
357.092265640,531.181467712,174.089202072,Other,random,C8H14O4,174.089210000,RC2_0018_ICR-1_p08
334.106165894,508.195368966,174.089203072,Other,random,C8H14O4,174.089210000,RC2_0018_ICR-1_p08
329.030249436,503.119455509,174.089206072,Other,random,C8H14O4,174.089210000,RC2_0018_ICR-1_p08
269.131325256,443.220533328,174.089208072,Other,random,C8H14O4,174.089210000,RC2_0018_ICR-1_p08
325.048337827,499.137545899,174.089208072,Other,random,C8H14O4,174.089210000,RC2_0018_ICR-1_p08
553.208364852,727.297573924,174.089209072,Other,random,C8H14O4,174.089210000,RC2_0018_ICR-1_p08
462.067852347,636.157061420,174.089209072,Other,random,C8H14O4,174.089210000,RC2_0018_ICR-1_p08
311.069088434,485.158298507,174.089210072,Other,random,C8H14O4,174.089210000,RC2_0018_ICR-1_p08
485.057208075,659.146419147,174.089211072,Other,random,C8H14O4,174.089210000,RC2_0018_ICR-1_p08
446.109202085,620.198414157,174.089212072,Other,random,C8H14O4,174.089210000,RC2_0018_ICR-1_p08
455.082930625,629.172143697,174.089213072,Other,random,C8H14O4,174.089210000,RC2_0018_ICR-1_p08
331.058906029,505.148119101,174.089213072,Other,random,C8H14O4,174.089210000,RC2_0018_ICR-1_p08
341.116063476,515.205276548,174.089213072,Other,random,C8H14O4,174.089210000,RC2_0018_ICR-1_p08
343.131660142,517.220874214,174.089214072,Other,random,C8H14O4,174.089210000,RC2_0018_ICR-1_p08
274.035732678,448.124947750,174.089215072,Other,random,C8H14O4,174.089210000,RC2_0018_ICR-1_p08
349.165516213,523.254731285,174.089215072,Other,random,C8H14O4,174.089210000,RC2_0018_ICR-1_p08
325.056400782,499.145616854,174.089216072,Other,random,C8H14O4,174.089210000,RC2_0018_ICR-1_p08
487.197097042,661.286313114,174.089216072,Other,random,C8H14O4,174.089210000,RC2_0018_ICR-1_p08
353.196901544,527.286117616,174.089216072,Other,random,C8H14O4,174.089210000,RC2_0018_ICR-1_p08
345.134324881,519.223541953,174.089217072,Other,random,C8H14O4,174.089210000,RC2_0018_ICR-1_p08
415.139809230,589.229026303,174.089217072,Other,random,C8H14O4,174.089210000,RC2_0018_ICR-1_p08
457.126902131,631.216120203,174.089218072,Other,random,C8H14O4,174.089210000,RC2_0018_ICR-1_p08
555.099244219,729.188462291,174.089218072,Other,random,C8H14O4,174.089210000,RC2_0018_ICR-1_p08
459.202373460,633.291592533,174.089219072,Other,random,C8H14O4,174.089210000,RC2_0018_ICR-1_p08
289.056493214,464.083428014,175.026934799,Other,random,C9H5N1O3,175.026944000,RC2_0018_ICR-1_p08
323.040768116,498.067705915,175.026937799,Other,random,C9H5N1O3,175.026944000,RC2_0018_ICR-1_p08
355.066866029,530.093806828,175.026940799,Other,random,C9H5N1O3,175.026944000,RC2_0018_ICR-1_p08
285.098011473,460.124953273,175.026941799,Other,random,C9H5N1O3,175.026944000,RC2_0018_ICR-1_p08
259.118810558,434.145761357,175.026950799,Other,random,C9H5N1O3,175.026944000,RC2_0018_ICR-1_p08
445.171461358,620.198414157,175.026952799,Other,random,C9H5N1O3,175.026944000,RC2_0018_ICR-1_p08
415.066942640,590.151396116,175.084453476,Other,random,C7H13N1O4,175.084459000,RC2_0018_ICR-1_p08
315.050994044,490.135453519,175.084459476,Other,random,C7H13N1O4,175.084459000,RC2_0018_ICR-1_p08
305.103027982,480.187488458,175.084460476,Other,random,C7H13N1O4,175.084459000,RC2_0018_ICR-1_p08
333.110905490,508.195368966,175.084463476,Other,random,C7H13N1O4,175.084459000,RC2_0018_ICR-1_p08
377.014726613,552.099192089,175.084465476,Other,random,C7H13N1O4,175.084459000,RC2_0018_ICR-1_p08
501.103798843,676.188264319,175.084465476,Other,random,C7H13N1O4,175.084459000,RC2_0018_ICR-1_p08
365.137149402,540.221616878,175.084467476,Other,random,C7H13N1O4,175.084459000,RC2_0018_ICR-1_p08
325.121149418,501.080459974,175.959310556,Other,random,C4O8,175.959320000,RC2_0018_ICR-1_p08
471.166017187,647.125330744,175.959313556,Other,random,C4O8,175.959320000,RC2_0018_ICR-1_p08
321.097860041,497.057176598,175.959316556,Other,random,C4O8,175.959320000,RC2_0018_ICR-1_p08
333.097938563,509.057255119,175.959316556,Other,random,C4O8,175.959320000,RC2_0018_ICR-1_p08
319.168133892,495.127452449,175.959318556,Other,random,C4O8,175.959320000,RC2_0018_ICR-1_p08
350.124471821,526.083793377,175.959321556,Other,random,C4O8,175.959320000,RC2_0018_ICR-1_p08
337.129165895,513.088487451,175.959321556,Other,random,C4O8,175.959320000,RC2_0018_ICR-1_p08
331.118694693,507.078018249,175.959323556,Other,random,C4O8,175.959320000,RC2_0018_ICR-1_p08
377.087578203,553.046904760,175.959326556,Other,random,C4O8,175.959320000,RC2_0018_ICR-1_p08
335.113503229,511.145581377,176.032078147,Other,random,Glucuronic Acid (-H2O),176.032088100,RC2_0018_ICR-1_p08
517.062378106,693.094456253,176.032078147,Other,random,Glucuronic Acid (-H2O),176.032088100,RC2_0018_ICR-1_p08
318.061848113,494.093928260,176.032080147,Other,random,Glucuronic Acid (-H2O),176.032088100,RC2_0018_ICR-1_p08
319.191344762,495.223426909,176.032082147,Other,random,Glucuronic Acid (-H2O),176.032088100,RC2_0018_ICR-1_p08
367.176146937,543.208229084,176.032082147,Other,random,Glucuronic Acid (-H2O),176.032088100,RC2_0018_ICR-1_p08
339.181268356,515.213351503,176.032083147,Other,random,Glucuronic Acid (-H2O),176.032088100,RC2_0018_ICR-1_p08
509.158362551,685.190446698,176.032084147,Other,random,Glucuronic Acid (-H2O),176.032088100,RC2_0018_ICR-1_p08
575.250070908,751.282155055,176.032084147,Other,random,Glucuronic Acid (-H2O),176.032088100,RC2_0018_ICR-1_p08
309.170708109,485.202792256,176.032084147,Other,random,Glucuronic Acid (-H2O),176.032088100,RC2_0018_ICR-1_p08
335.040857638,511.072942785,176.032085147,Other,random,Glucuronic Acid (-H2O),176.032088100,RC2_0018_ICR-1_p08
363.144866605,539.176951752,176.032085147,Other,random,Glucuronic Acid (-H2O),176.032088100,RC2_0018_ICR-1_p08
327.072060447,503.104148595,176.032088147,Other,random,Glucuronic Acid (-H2O),176.032088100,RC2_0018_ICR-1_p08
323.113527707,499.145616854,176.032089147,Other,random,Glucuronic Acid (-H2O),176.032088100,RC2_0018_ICR-1_p08
476.156369126,652.188460273,176.032091147,Other,random,Glucuronic Acid (-H2O),176.032088100,RC2_0018_ICR-1_p08
315.064025970,491.096117117,176.032091147,Other,random,Glucuronic Acid (-H2O),176.032088100,RC2_0018_ICR-1_p08
327.063989493,503.096080640,176.032091147,Other,random,Glucuronic Acid (-H2O),176.032088100,RC2_0018_ICR-1_p08
341.116063476,517.148154623,176.032091147,Other,random,Glucuronic Acid (-H2O),176.032088100,RC2_0018_ICR-1_p08
315.087322839,491.119414986,176.032092147,Other,random,Glucuronic Acid (-H2O),176.032088100,RC2_0018_ICR-1_p08
425.181604764,601.213696911,176.032092147,Other,random,Glucuronic Acid (-H2O),176.032088100,RC2_0018_ICR-1_p08
537.104490406,713.136582553,176.032092147,Other,random,Glucuronic Acid (-H2O),176.032088100,RC2_0018_ICR-1_p08
359.071511510,535.103604657,176.032093147,Other,random,Glucuronic Acid (-H2O),176.032088100,RC2_0018_ICR-1_p08
331.082224898,507.114318045,176.032093147,Other,random,Glucuronic Acid (-H2O),176.032088100,RC2_0018_ICR-1_p08
345.061430291,521.093523438,176.032093147,Other,random,Glucuronic Acid (-H2O),176.032088100,RC2_0018_ICR-1_p08
313.129155850,489.161249997,176.032094147,Other,random,Glucuronic Acid (-H2O),176.032088100,RC2_0018_ICR-1_p08
318.098286908,494.130381055,176.032094147,Other,random,Glucuronic Acid (-H2O),176.032088100,RC2_0018_ICR-1_p08
357.147344330,533.179438477,176.032094147,Other,random,Glucuronic Acid (-H2O),176.032088100,RC2_0018_ICR-1_p08
366.082986084,542.115081231,176.032095147,Other,random,Glucuronic Acid (-H2O),176.032088100,RC2_0018_ICR-1_p08
421.077519842,597.109615989,176.032096147,Other,random,Glucuronic Acid (-H2O),176.032088100,RC2_0018_ICR-1_p08
503.082984714,679.115081861,176.032097147,Other,random,Glucuronic Acid (-H2O),176.032088100,RC2_0018_ICR-1_p08
318.061848113,494.093928260,176.032080147,Other,random,C6H8O6,176.032090000,RC2_0018_ICR-1_p08
319.191344762,495.223426909,176.032082147,Other,random,C6H8O6,176.032090000,RC2_0018_ICR-1_p08
367.176146937,543.208229084,176.032082147,Other,random,C6H8O6,176.032090000,RC2_0018_ICR-1_p08
339.181268356,515.213351503,176.032083147,Other,random,C6H8O6,176.032090000,RC2_0018_ICR-1_p08
509.158362551,685.190446698,176.032084147,Other,random,C6H8O6,176.032090000,RC2_0018_ICR-1_p08
575.250070908,751.282155055,176.032084147,Other,random,C6H8O6,176.032090000,RC2_0018_ICR-1_p08
309.170708109,485.202792256,176.032084147,Other,random,C6H8O6,176.032090000,RC2_0018_ICR-1_p08
335.040857638,511.072942785,176.032085147,Other,random,C6H8O6,176.032090000,RC2_0018_ICR-1_p08
363.144866605,539.176951752,176.032085147,Other,random,C6H8O6,176.032090000,RC2_0018_ICR-1_p08
327.072060447,503.104148595,176.032088147,Other,random,C6H8O6,176.032090000,RC2_0018_ICR-1_p08
323.113527707,499.145616854,176.032089147,Other,random,C6H8O6,176.032090000,RC2_0018_ICR-1_p08
476.156369126,652.188460273,176.032091147,Other,random,C6H8O6,176.032090000,RC2_0018_ICR-1_p08
315.064025970,491.096117117,176.032091147,Other,random,C6H8O6,176.032090000,RC2_0018_ICR-1_p08
327.063989493,503.096080640,176.032091147,Other,random,C6H8O6,176.032090000,RC2_0018_ICR-1_p08
341.116063476,517.148154623,176.032091147,Other,random,C6H8O6,176.032090000,RC2_0018_ICR-1_p08
315.087322839,491.119414986,176.032092147,Other,random,C6H8O6,176.032090000,RC2_0018_ICR-1_p08
425.181604764,601.213696911,176.032092147,Other,random,C6H8O6,176.032090000,RC2_0018_ICR-1_p08
537.104490406,713.136582553,176.032092147,Other,random,C6H8O6,176.032090000,RC2_0018_ICR-1_p08
359.071511510,535.103604657,176.032093147,Other,random,C6H8O6,176.032090000,RC2_0018_ICR-1_p08
331.082224898,507.114318045,176.032093147,Other,random,C6H8O6,176.032090000,RC2_0018_ICR-1_p08
345.061430291,521.093523438,176.032093147,Other,random,C6H8O6,176.032090000,RC2_0018_ICR-1_p08
313.129155850,489.161249997,176.032094147,Other,random,C6H8O6,176.032090000,RC2_0018_ICR-1_p08
318.098286908,494.130381055,176.032094147,Other,random,C6H8O6,176.032090000,RC2_0018_ICR-1_p08
357.147344330,533.179438477,176.032094147,Other,random,C6H8O6,176.032090000,RC2_0018_ICR-1_p08
366.082986084,542.115081231,176.032095147,Other,random,C6H8O6,176.032090000,RC2_0018_ICR-1_p08
421.077519842,597.109615989,176.032096147,Other,random,C6H8O6,176.032090000,RC2_0018_ICR-1_p08
503.082984714,679.115081861,176.032097147,Other,random,C6H8O6,176.032090000,RC2_0018_ICR-1_p08
327.035729652,503.067827799,176.032098147,Other,random,C6H8O6,176.032090000,RC2_0018_ICR-1_p08
415.152838157,591.200174218,176.047336061,Other,random,C10H8O3,176.047345000,RC2_0018_ICR-1_p08
327.144865038,503.192201099,176.047336061,Other,random,C10H8O3,176.047345000,RC2_0018_ICR-1_p08
341.137152357,517.184489419,176.047337061,Other,random,C10H8O3,176.047345000,RC2_0018_ICR-1_p08
315.181230311,491.228567373,176.047337061,Other,random,C10H8O3,176.047345000,RC2_0018_ICR-1_p08
329.087778113,505.135115174,176.047337061,Other,random,C10H8O3,176.047345000,RC2_0018_ICR-1_p08
491.119414986,667.166752048,176.047337061,Other,random,C10H8O3,176.047345000,RC2_0018_ICR-1_p08
302.088134936,478.135473997,176.047339061,Other,random,C10H8O3,176.047345000,RC2_0018_ICR-1_p08
335.077134434,511.124473495,176.047339061,Other,random,C10H8O3,176.047345000,RC2_0018_ICR-1_p08
351.121423215,527.168762276,176.047339061,Other,random,C10H8O3,176.047345000,RC2_0018_ICR-1_p08
339.108453765,515.155796827,176.047343061,Other,random,C10H8O3,176.047345000,RC2_0018_ICR-1_p08
322.020362854,498.067705915,176.047343061,Other,random,C10H8O3,176.047345000,RC2_0018_ICR-1_p08
435.069803161,611.117146223,176.047343061,Other,random,C10H8O3,176.047345000,RC2_0018_ICR-1_p08
397.199620110,573.246967172,176.047347061,Other,random,C10H8O3,176.047345000,RC2_0018_ICR-1_p08
353.137176880,529.184523941,176.047347061,Other,random,C10H8O3,176.047345000,RC2_0018_ICR-1_p08
335.126517156,511.173864217,176.047347061,Other,random,C10H8O3,176.047345000,RC2_0018_ICR-1_p08
485.238965053,661.286313114,176.047348061,Other,random,C10H8O3,176.047345000,RC2_0018_ICR-1_p08
323.162985429,499.210334490,176.047349061,Other,random,C10H8O3,176.047345000,RC2_0018_ICR-1_p08
323.113527707,499.160877768,176.047350061,Other,random,C10H8O3,176.047345000,RC2_0018_ICR-1_p08
321.101303022,497.148654083,176.047351061,Other,random,C10H8O3,176.047345000,RC2_0018_ICR-1_p08
595.182941823,771.230292884,176.047351061,Other,random,C10H8O3,176.047345000,RC2_0018_ICR-1_p08
463.197049998,639.244402059,176.047352061,Other,random,C10H8O3,176.047345000,RC2_0018_ICR-1_p08
321.097860041,497.145213103,176.047353061,Other,random,C10H8O3,176.047345000,RC2_0018_ICR-1_p08
479.046519874,655.093873935,176.047354061,Other,random,C10H8O3,176.047345000,RC2_0018_ICR-1_p08
527.046951961,703.115417904,176.068465943,Other,random,C7H12O5,176.068475000,RC2_0018_ICR-1_p08
553.099115466,729.167582409,176.068466943,Other,random,C7H12O5,176.068475000,RC2_0018_ICR-1_p08
405.155323374,581.223791317,176.068467943,Other,random,C7H12O5,176.068475000,RC2_0018_ICR-1_p08
404.134993112,580.203461055,176.068467943,Other,random,C7H12O5,176.068475000,RC2_0018_ICR-1_p08
617.151345291,793.219813234,176.068467943,Other,random,C7H12O5,176.068475000,RC2_0018_ICR-1_p08
337.092826099,513.161296042,176.068469943,Other,random,C7H12O5,176.068475000,RC2_0018_ICR-1_p08
309.097919519,485.166390461,176.068470943,Other,random,C7H12O5,176.068475000,RC2_0018_ICR-1_p08
285.126192315,461.194665257,176.068472943,Other,random,C7H12O5,176.068475000,RC2_0018_ICR-1_p08
571.255355371,747.323829314,176.068473943,Other,random,C7H12O5,176.068475000,RC2_0018_ICR-1_p08
341.079680681,517.148154623,176.068473943,Other,random,C7H12O5,176.068475000,RC2_0018_ICR-1_p08
355.030582233,531.099057175,176.068474943,Other,random,C7H12O5,176.068475000,RC2_0018_ICR-1_p08
317.066613709,493.135089652,176.068475943,Other,random,C7H12O5,176.068475000,RC2_0018_ICR-1_p08
347.199379269,523.267855211,176.068475943,Other,random,C7H12O5,176.068475000,RC2_0018_ICR-1_p08
597.198131491,773.266608434,176.068476943,Other,random,C7H12O5,176.068475000,RC2_0018_ICR-1_p08
389.137012448,565.205491390,176.068478943,Other,random,C7H12O5,176.068475000,RC2_0018_ICR-1_p08
635.198580809,811.267059752,176.068478943,Other,random,C7H12O5,176.068475000,RC2_0018_ICR-1_p08
397.178487229,573.246967172,176.068479943,Other,random,C7H12O5,176.068475000,RC2_0018_ICR-1_p08
617.224202882,793.292683824,176.068480943,Other,random,C7H12O5,176.068475000,RC2_0018_ICR-1_p08
339.072047970,515.140530912,176.068482943,Other,random,C7H12O5,176.068475000,RC2_0018_ICR-1_p08
633.109988554,809.178471496,176.068482943,Other,random,C7H12O5,176.068475000,RC2_0018_ICR-1_p08
329.066630232,505.135115174,176.068484943,Other,random,C7H12O5,176.068475000,RC2_0018_ICR-1_p08
283.082364808,460.124953273,177.042588465,Other,random,C9H7N1O3,177.042594000,RC2_0018_ICR-1_p08
385.077536275,562.120126740,177.042590465,Other,random,C9H7N1O3,177.042594000,RC2_0018_ICR-1_p08
343.067013506,520.109607971,177.042594465,Other,random,C9H7N1O3,177.042594000,RC2_0018_ICR-1_p08
407.184150966,585.127387367,177.943236401,Other,random,H4O7P2,177.943231000,RC2_0018_ICR-1_p08
349.201939008,527.249668821,178.047729813,Other,random,C6H10O6,178.047738200,RC2_0018_ICR-1_p08
319.009446785,497.057176598,178.047729813,Other,random,C6H10O6,178.047738200,RC2_0018_ICR-1_p08
345.025170495,523.072900308,178.047729813,Other,random,C6H10O6,178.047738200,RC2_0018_ICR-1_p08
364.067349418,542.115081231,178.047731813,Other,random,C6H10O6,178.047738200,RC2_0018_ICR-1_p08
343.045791625,521.093523438,178.047731813,Other,random,C6H10O6,178.047738200,RC2_0018_ICR-1_p08
419.207264358,597.254997171,178.047732813,Other,random,C6H10O6,178.047738200,RC2_0018_ICR-1_p08
321.134254837,499.181987649,178.047732813,Other,random,C6H10O6,178.047738200,RC2_0018_ICR-1_p08
507.142713885,685.190446698,178.047732813,Other,random,C6H10O6,178.047738200,RC2_0018_ICR-1_p08
333.170585155,511.218323967,178.047738813,Other,random,C6H10O6,178.047738200,RC2_0018_ICR-1_p08
307.118651648,485.166390461,178.047738813,Other,random,C6H10O6,178.047738200,RC2_0018_ICR-1_p08
353.051318362,531.099057175,178.047738813,Other,random,C6H10O6,178.047738200,RC2_0018_ICR-1_p08
323.186402297,501.234142110,178.047739813,Other,random,C6H10O6,178.047738200,RC2_0018_ICR-1_p08
339.064064015,517.111804828,178.047740813,Other,random,C6H10O6,178.047738200,RC2_0018_ICR-1_p08
325.020085986,503.067827799,178.047741813,Other,random,C6H10O6,178.047738200,RC2_0018_ICR-1_p08
325.048337827,503.096080640,178.047742813,Other,random,C6H10O6,178.047738200,RC2_0018_ICR-1_p08
307.155049444,485.202792256,178.047742813,Other,random,C6H10O6,178.047738200,RC2_0018_ICR-1_p08
339.072047970,517.119791783,178.047743813,Other,random,C6H10O6,178.047738200,RC2_0018_ICR-1_p08
311.113506185,489.161249997,178.047743813,Other,random,C6H10O6,178.047738200,RC2_0018_ICR-1_p08
353.015015567,531.062760379,178.047744813,Other,random,C6H10O6,178.047738200,RC2_0018_ICR-1_p08
325.056400782,503.104148595,178.047747813,Other,random,C6H10O6,178.047738200,RC2_0018_ICR-1_p08
423.165949098,601.213696911,178.047747813,Other,random,C6H10O6,178.047738200,RC2_0018_ICR-1_p08
428.062313565,606.110061378,178.047747813,Other,random,C6H10O6,178.047738200,RC2_0018_ICR-1_p08
309.025204927,488.083442058,179.058237131,Other,random,C9H9N1O3,179.058244000,RC2_0018_ICR-1_p08
323.004471320,502.062709451,179.058238131,Other,random,C9H9N1O3,179.058244000,RC2_0018_ICR-1_p08
297.061659200,476.119899331,179.058240131,Other,random,C9H9N1O3,179.058244000,RC2_0018_ICR-1_p08
343.067013506,522.125257636,179.058244131,Other,random,C9H9N1O3,179.058244000,RC2_0018_ICR-1_p08
397.041098002,576.099342133,179.058244131,Other,random,C9H9N1O3,179.058244000,RC2_0018_ICR-1_p08
417.103645187,596.161892318,179.058247131,Other,random,C9H9N1O3,179.058244000,RC2_0018_ICR-1_p08
269.066697620,448.124947750,179.058250131,Other,random,C9H9N1O3,179.058244000,RC2_0018_ICR-1_p08
343.103378301,522.161631432,179.058253131,Other,random,C9H9N1O3,179.058244000,RC2_0018_ICR-1_p08
417.046235510,597.109615989,180.063380479,Other,random,glucose_C6H12O6,180.063390000,RC2_0018_ICR-1_p08
323.040768116,503.104148595,180.063380479,Other,random,glucose_C6H12O6,180.063390000,RC2_0018_ICR-1_p08
357.134236404,537.197617882,180.063381479,Other,random,glucose_C6H12O6,180.063390000,RC2_0018_ICR-1_p08
347.113430752,527.176814231,180.063383479,Other,random,glucose_C6H12O6,180.063390000,RC2_0018_ICR-1_p08
351.035673697,531.099057175,180.063383479,Other,random,glucose_C6H12O6,180.063390000,RC2_0018_ICR-1_p08
343.131660142,523.195044621,180.063384479,Other,random,glucose_C6H12O6,180.063390000,RC2_0018_ICR-1_p08
425.137064014,605.200453493,180.063389479,Other,random,glucose_C6H12O6,180.063390000,RC2_0018_ICR-1_p08
315.100332766,495.163724245,180.063391479,Other,random,glucose_C6H12O6,180.063390000,RC2_0018_ICR-1_p08
459.202373460,639.265766939,180.063393479,Other,random,glucose_C6H12O6,180.063390000,RC2_0018_ICR-1_p08
317.152415227,497.215808706,180.063393479,Other,random,glucose_C6H12O6,180.063390000,RC2_0018_ICR-1_p08
629.115078018,809.178471496,180.063393479,Other,random,glucose_C6H12O6,180.063390000,RC2_0018_ICR-1_p08
335.077134434,515.140530912,180.063396479,Other,random,glucose_C6H12O6,180.063390000,RC2_0018_ICR-1_p08
333.025090973,513.088487451,180.063396479,Other,random,glucose_C6H12O6,180.063390000,RC2_0018_ICR-1_p08
321.170743631,501.234142110,180.063398479,Other,random,glucose_C6H12O6,180.063390000,RC2_0018_ICR-1_p08
314.051745662,494.130381055,180.078635393,Other,random,C10H12O3,180.078645000,RC2_0018_ICR-1_p08
357.147344330,537.225979723,180.078635393,Other,random,C10H12O3,180.078645000,RC2_0018_ICR-1_p08
311.149929980,491.228567373,180.078637393,Other,random,C10H12O3,180.078645000,RC2_0018_ICR-1_p08
305.070022168,485.148661561,180.078639393,Other,random,C10H12O3,180.078645000,RC2_0018_ICR-1_p08
401.145151924,581.223791317,180.078639393,Other,random,C10H12O3,180.078645000,RC2_0018_ICR-1_p08
280.082586676,460.161227069,180.078640393,Other,random,C10H12O3,180.078645000,RC2_0018_ICR-1_p08
272.077625689,452.156266082,180.078640393,Other,random,C10H12O3,180.078645000,RC2_0018_ICR-1_p08
309.147372240,489.226012633,180.078640393,Other,random,C10H12O3,180.078645000,RC2_0018_ICR-1_p08
321.025158450,501.103798843,180.078640393,Other,random,C10H12O3,180.078645000,RC2_0018_ICR-1_p08
709.162488900,889.241131293,180.078642393,Other,random,C10H12O3,180.078645000,RC2_0018_ICR-1_p08
354.046633766,534.125277159,180.078643393,Other,random,C10H12O3,180.078645000,RC2_0018_ICR-1_p08
333.082651649,513.161296042,180.078644393,Other,random,C10H12O3,180.078645000,RC2_0018_ICR-1_p08
435.056833234,615.135482627,180.078649393,Other,random,C10H12O3,180.078645000,RC2_0018_ICR-1_p08
643.115669290,823.194318683,180.078649393,Other,random,C10H12O3,180.078645000,RC2_0018_ICR-1_p08
331.095213825,511.173864217,180.078650393,Other,random,C10H12O3,180.078645000,RC2_0018_ICR-1_p08
563.104163206,743.182814599,180.078651393,Other,random,C10H12O3,180.078645000,RC2_0018_ICR-1_p08
319.103334257,499.181987649,180.078653393,Other,random,C10H12O3,180.078645000,RC2_0018_ICR-1_p08
335.090267360,515.168920753,180.078653393,Other,random,C10H12O3,180.078645000,RC2_0018_ICR-1_p08
339.157891487,519.236544880,180.078653393,Other,random,C10H12O3,180.078645000,RC2_0018_ICR-1_p08
665.209120056,845.287773449,180.078653393,Other,random,C10H12O3,180.078645000,RC2_0018_ICR-1_p08
325.020085986,505.098740379,180.078654393,Other,random,C10H12O3,180.078645000,RC2_0018_ICR-1_p08
453.131977595,633.210631988,180.078654393,Other,random,C10H12O3,180.078645000,RC2_0018_ICR-1_p08
341.014982044,522.125257636,181.110275592,Other,random,C10H15O2N1,181.110279000,RC2_0018_ICR-1_p08
295.009621739,476.119899331,181.110277592,Other,random,C10H15O2N1,181.110279000,RC2_0018_ICR-1_p08
475.145537810,657.183140187,182.037602377,Other,random,C5H12Cl1O1N2P1,182.037600000,RC2_0018_ICR-1_p08
375.056765623,557.129920800,182.073155177,Other,random,C13H10O1,182.073165000,RC2_0018_ICR-1_p08
287.077283344,469.150439521,182.073156177,Other,random,C13H10O1,182.073165000,RC2_0018_ICR-1_p08
589.141784793,771.214945970,182.073161177,Other,random,C13H10O1,182.073165000,RC2_0018_ICR-1_p08
369.168421734,551.241583911,182.073162177,Other,random,C13H10O1,182.073165000,RC2_0018_ICR-1_p08
389.072423811,571.145587988,182.073164177,Other,random,C13H10O1,182.073165000,RC2_0018_ICR-1_p08
559.167020345,741.240192523,182.073172177,Other,random,C13H10O1,182.073165000,RC2_0018_ICR-1_p08
296.041188938,478.135473997,182.094285059,Other,random,C10H14O3,182.094295000,RC2_0018_ICR-1_p08
317.196837977,499.291127036,182.094289059,Other,random,C10H14O3,182.094295000,RC2_0018_ICR-1_p08
553.229192735,735.323481793,182.094289059,Other,random,C10H14O3,182.094295000,RC2_0018_ICR-1_p08
351.102773319,533.197063378,182.094290059,Other,random,C10H14O3,182.094295000,RC2_0018_ICR-1_p08
309.134276314,491.228567373,182.094291059,Other,random,C10H14O3,182.094295000,RC2_0018_ICR-1_p08
347.090232882,529.184523941,182.094291059,Other,random,C10H14O3,182.094295000,RC2_0018_ICR-1_p08
335.077134434,517.171426492,182.094292059,Other,random,C10H14O3,182.094295000,RC2_0018_ICR-1_p08
337.020022509,519.114314567,182.094292059,Other,random,C10H14O3,182.094295000,RC2_0018_ICR-1_p08
355.103325824,537.197617882,182.094292059,Other,random,C10H14O3,182.094295000,RC2_0018_ICR-1_p08
359.162983996,541.257276054,182.094292059,Other,random,C10H14O3,182.094295000,RC2_0018_ICR-1_p08
417.046235510,599.140528569,182.094293059,Other,random,C10H14O3,182.094295000,RC2_0018_ICR-1_p08
341.087646636,523.181939694,182.094293059,Other,random,C10H14O3,182.094295000,RC2_0018_ICR-1_p08
425.181604764,607.275898822,182.094294059,Other,random,C10H14O3,182.094295000,RC2_0018_ICR-1_p08
661.214170520,843.308464579,182.094294059,Other,random,C10H14O3,182.094295000,RC2_0018_ICR-1_p08
319.103334257,501.197629315,182.094295059,Other,random,C10H14O3,182.094295000,RC2_0018_ICR-1_p08
323.090217838,505.184513896,182.094296059,Other,random,C10H14O3,182.094295000,RC2_0018_ICR-1_p08
357.074526739,539.168822798,182.094296059,Other,random,C10H14O3,182.094295000,RC2_0018_ICR-1_p08
321.025158450,503.119455509,182.094297059,Other,random,C10H14O3,182.094295000,RC2_0018_ICR-1_p08
325.129201372,507.223498431,182.094297059,Other,random,C10H14O3,182.094295000,RC2_0018_ICR-1_p08
355.095331869,537.189629927,182.094298059,Other,random,C10H14O3,182.094295000,RC2_0018_ICR-1_p08
529.171636014,711.265935072,182.094299059,Other,random,C10H14O3,182.094295000,RC2_0018_ICR-1_p08
327.108390243,509.202691302,182.094301059,Other,random,C10H14O3,182.094295000,RC2_0018_ICR-1_p08
341.079680681,523.173982739,182.094302059,Other,random,C10H14O3,182.094295000,RC2_0018_ICR-1_p08
375.202297804,557.296600863,182.094303059,Other,random,C10H14O3,182.094295000,RC2_0018_ICR-1_p08
315.035808129,497.130112187,182.094304059,Other,random,C10H14O3,182.094295000,RC2_0018_ICR-1_p08
349.105776549,531.272838198,182.167061649,Other,random,C12H22O1,182.167065000,RC2_0018_ICR-1_p08
347.040717161,529.207780810,182.167063649,Other,random,C12H22O1,182.167065000,RC2_0018_ICR-1_p08
379.061337105,561.228400754,182.167063649,Other,random,C12H22O1,182.167065000,RC2_0018_ICR-1_p08
321.061522246,503.228586895,182.167064649,Other,random,C12H22O1,182.167065000,RC2_0018_ICR-1_p08
317.051304796,499.218370445,182.167065649,Other,random,C12H22O1,182.167065000,RC2_0018_ICR-1_p08
561.161281131,743.328347781,182.167066649,Other,random,C12H22O1,182.167065000,RC2_0018_ICR-1_p08
391.079897522,573.246967172,182.167069649,Other,random,C12H22O1,182.167065000,RC2_0018_ICR-1_p08
457.098694290,639.265766939,182.167072649,Other,random,C12H22O1,182.167065000,RC2_0018_ICR-1_p08
325.105888503,507.272962153,182.167073649,Other,random,C12H22O1,182.167065000,RC2_0018_ICR-1_p08
405.059303914,588.123693518,183.064389604,Other,random,C7H9O3N3,183.064392000,RC2_0018_ICR-1_p08
305.030254392,489.031035730,184.000781338,Other,random,C7H4O6,184.000790000,RC2_0018_ICR-1_p08
319.095298302,503.096080640,184.000782338,Other,random,C7H4O6,184.000790000,RC2_0018_ICR-1_p08
341.051228841,525.052011179,184.000782338,Other,random,C7H4O6,184.000790000,RC2_0018_ICR-1_p08
341.124159431,525.124941769,184.000782338,Other,random,C7H4O6,184.000790000,RC2_0018_ICR-1_p08
293.175787051,477.176571389,184.000784338,Other,random,C7H4O6,184.000790000,RC2_0018_ICR-1_p08
495.114294523,679.115081861,184.000787338,Other,random,C7H4O6,184.000790000,RC2_0018_ICR-1_p08
378.082911606,562.083698944,184.000787338,Other,random,C7H4O6,184.000790000,RC2_0018_ICR-1_p08
407.220303763,591.221091101,184.000787338,Other,random,C7H4O6,184.000790000,RC2_0018_ICR-1_p08
311.113506185,495.114294523,184.000788338,Other,random,C7H4O6,184.000790000,RC2_0018_ICR-1_p08
335.040857638,519.041645976,184.000788338,Other,random,C7H4O6,184.000790000,RC2_0018_ICR-1_p08
315.144827516,499.145616854,184.000789338,Other,random,C7H4O6,184.000790000,RC2_0018_ICR-1_p08
431.147737215,615.148526554,184.000789338,Other,random,C7H4O6,184.000790000,RC2_0018_ICR-1_p08
653.281889124,837.282679462,184.000790338,Other,random,C7H4O6,184.000790000,RC2_0018_ICR-1_p08
323.113527707,507.114318045,184.000790338,Other,random,C7H4O6,184.000790000,RC2_0018_ICR-1_p08
317.196837977,501.197629315,184.000791338,Other,random,C7H4O6,184.000790000,RC2_0018_ICR-1_p08
301.035399855,485.036193193,184.000793338,Other,random,C7H4O6,184.000790000,RC2_0018_ICR-1_p08
315.136751561,499.137545899,184.000794338,Other,random,C7H4O6,184.000790000,RC2_0018_ICR-1_p08
335.090267360,519.091061698,184.000794338,Other,random,C7H4O6,184.000790000,RC2_0018_ICR-1_p08
387.056790145,571.057584483,184.000794338,Other,random,C7H4O6,184.000790000,RC2_0018_ICR-1_p08
323.040768116,507.041562454,184.000794338,Other,random,C7H4O6,184.000790000,RC2_0018_ICR-1_p08
311.126658111,495.127452449,184.000794338,Other,random,C7H4O6,184.000790000,RC2_0018_ICR-1_p08
397.222995979,581.223791317,184.000795338,Other,random,C7H4O6,184.000790000,RC2_0018_ICR-1_p08
452.156266082,636.157061420,184.000795338,Other,random,C7H4O6,184.000790000,RC2_0018_ICR-1_p08
349.165516213,533.166311551,184.000795338,Other,random,C7H4O6,184.000790000,RC2_0018_ICR-1_p08
359.113592273,543.114389612,184.000797338,Other,random,C7H4O6,184.000790000,RC2_0018_ICR-1_p08
406.077932186,590.078730525,184.000798338,Other,random,C7H4O6,184.000790000,RC2_0018_ICR-1_p08
270.061906023,454.062705361,184.000799338,Other,random,C7H4O6,184.000790000,RC2_0018_ICR-1_p08
279.087464271,463.101134537,184.013670266,Other,random,C4H9O6P1,184.013678000,RC2_0018_ICR-1_p08
291.087506794,475.101180059,184.013673266,Other,random,C4H9O6P1,184.013678000,RC2_0018_ICR-1_p08
331.045794103,515.059469368,184.013675266,Other,random,C4H9O6P1,184.013678000,RC2_0018_ICR-1_p08
407.207405835,591.221091101,184.013685266,Other,random,C4H9O6P1,184.013678000,RC2_0018_ICR-1_p08
421.186767227,605.200453493,184.013686266,Other,random,C4H9O6P1,184.013678000,RC2_0018_ICR-1_p08
323.149991502,507.163678767,184.013687266,Other,random,C4H9O6P1,184.013678000,RC2_0018_ICR-1_p08
313.117814914,497.202610780,184.084795866,Other,random,C8H12N2O3,184.084793000,RC2_0018_ICR-1_p08
517.229323167,703.261009085,186.031685918,Other,random,C11H6O3,186.031695000,RC2_0018_ICR-1_p08
337.142290821,523.173982739,186.031691918,Other,random,C11H6O3,186.031695000,RC2_0018_ICR-1_p08
339.121500692,525.153193610,186.031692918,Other,random,C11H6O3,186.031695000,RC2_0018_ICR-1_p08
365.209890993,551.241583911,186.031692918,Other,random,C11H6O3,186.031695000,RC2_0018_ICR-1_p08
415.160838112,601.192532030,186.031693918,Other,random,C11H6O3,186.031695000,RC2_0018_ICR-1_p08
301.056502737,487.088198655,186.031695918,Other,random,C11H6O3,186.031695000,RC2_0018_ICR-1_p08
325.142166299,511.173864217,186.031697918,Other,random,C11H6O3,186.031695000,RC2_0018_ICR-1_p08
397.113852593,583.145551511,186.031698918,Other,random,C11H6O3,186.031695000,RC2_0018_ICR-1_p08
305.087715068,491.119414986,186.031699918,Other,random,C11H6O3,186.031695000,RC2_0018_ICR-1_p08
307.045929057,494.130381055,187.084451998,Other,random,C8H13N1O4,187.084459000,RC2_0018_ICR-1_p08
339.064064015,526.148525013,187.084460998,Other,random,C8H13N1O4,187.084459000,RC2_0018_ICR-1_p08
303.087371317,490.171835315,187.084463998,Other,random,C8H13N1O4,187.084459000,RC2_0018_ICR-1_p08
371.014671352,558.110367287,187.095695935,Other,random,C7H13N3O3,187.095692000,RC2_0018_ICR-1_p08
561.161281131,749.194232796,188.032951665,Other,random,C8H12O1S2,188.032959000,RC2_0018_ICR-1_p08
583.218856099,771.251808763,188.032952665,Other,random,C8H12O1S2,188.032959000,RC2_0018_ICR-1_p08
411.202157372,599.235116037,188.032958665,Other,random,C8H12O1S2,188.032959000,RC2_0018_ICR-1_p08
551.140751478,739.173712143,188.032960665,Other,random,C8H12O1S2,188.032959000,RC2_0018_ICR-1_p08
507.114318045,695.147282709,188.032964665,Other,random,C8H12O1S2,188.032959000,RC2_0018_ICR-1_p08
497.108903307,685.141868971,188.032965665,Other,random,C8H12O1S2,188.032959000,RC2_0018_ICR-1_p08
431.228790760,619.276127344,188.047336584,Other,random,C11H8O3,188.047345000,RC2_0018_ICR-1_p08
317.087776590,505.135115174,188.047338584,Other,random,C11H8O3,188.047345000,RC2_0018_ICR-1_p08
363.194244327,551.241583911,188.047339584,Other,random,C11H8O3,188.047345000,RC2_0018_ICR-1_p08
343.067013506,531.114355089,188.047341584,Other,random,C11H8O3,188.047345000,RC2_0018_ICR-1_p08
313.165601645,501.212943229,188.047341584,Other,random,C11H8O3,188.047345000,RC2_0018_ICR-1_p08
397.180998215,585.228340799,188.047342584,Other,random,C11H8O3,188.047345000,RC2_0018_ICR-1_p08
473.238969531,661.286313114,188.047343584,Other,random,C11H8O3,188.047345000,RC2_0018_ICR-1_p08
306.083037472,494.130381055,188.047343584,Other,random,C11H8O3,188.047345000,RC2_0018_ICR-1_p08
323.126517634,511.173864217,188.047346584,Other,random,C11H8O3,188.047345000,RC2_0018_ICR-1_p08
323.090217838,511.137567422,188.047349584,Other,random,C11H8O3,188.047345000,RC2_0018_ICR-1_p08
321.147396763,509.194747346,188.047350584,Other,random,C11H8O3,188.047345000,RC2_0018_ICR-1_p08
343.134114128,531.181467712,188.047353584,Other,random,C11H8O3,188.047345000,RC2_0018_ICR-1_p08
407.184150966,595.231504550,188.047353584,Other,random,C11H8O3,188.047345000,RC2_0018_ICR-1_p08
302.124480731,490.171835315,188.047354584,Other,random,C11H8O3,188.047345000,RC2_0018_ICR-1_p08
339.144749561,527.228469940,188.083720379,Other,random,C12H12O2,188.083730000,RC2_0018_ICR-1_p08
383.134591200,571.218311579,188.083720379,Other,random,C12H12O2,188.083730000,RC2_0018_ICR-1_p08
339.157891487,527.241612866,188.083721379,Other,random,C12H12O2,188.083730000,RC2_0018_ICR-1_p08
424.146152586,612.229876966,188.083724379,Other,random,C12H12O2,188.083730000,RC2_0018_ICR-1_p08
329.051322318,517.135048697,188.083726379,Other,random,C12H12O2,188.083730000,RC2_0018_ICR-1_p08
451.173820606,639.257547985,188.083727379,Other,random,C12H12O2,188.083730000,RC2_0018_ICR-1_p08
311.077148389,499.160877768,188.083729379,Other,random,C12H12O2,188.083730000,RC2_0018_ICR-1_p08
331.067017983,519.150747362,188.083729379,Other,random,C12H12O2,188.083730000,RC2_0018_ICR-1_p08
300.072566269,488.156299648,188.083733379,Other,random,C12H12O2,188.083730000,RC2_0018_ICR-1_p08
325.056400782,513.140135161,188.083734379,Other,random,C12H12O2,188.083730000,RC2_0018_ICR-1_p08
327.072060447,515.155796827,188.083736379,Other,random,C12H12O2,188.083730000,RC2_0018_ICR-1_p08
375.093150418,563.176886797,188.083736379,Other,random,C12H12O2,188.083730000,RC2_0018_ICR-1_p08
304.067360806,492.151100185,188.083739379,Other,random,C12H12O2,188.083730000,RC2_0018_ICR-1_p08
345.082692171,534.125277159,189.042584987,Other,random,C10H7N1O3,189.042594000,RC2_0018_ICR-1_p08
329.124132908,518.166719896,189.042586987,Other,random,C10H7N1O3,189.042594000,RC2_0018_ICR-1_p08
327.035729652,516.078316639,189.042586987,Other,random,C10H7N1O3,189.042594000,RC2_0018_ICR-1_p08
331.067017983,520.109607971,189.042589987,Other,random,C10H7N1O3,189.042594000,RC2_0018_ICR-1_p08
343.067013506,532.109604493,189.042590987,Other,random,C10H7N1O3,189.042594000,RC2_0018_ICR-1_p08
313.020112463,502.062709451,189.042596987,Other,random,C10H7N1O3,189.042594000,RC2_0018_ICR-1_p08
335.053840565,525.225988200,190.172147636,Other,random,C14H22,190.172150000,RC2_0018_ICR-1_p08
351.085128419,541.257276054,190.172147636,Other,random,C14H22,190.172150000,RC2_0018_ICR-1_p08
337.056318305,527.228469940,190.172151636,Other,random,C14H22,190.172150000,RC2_0018_ICR-1_p08
297.061659200,487.233814836,190.172155636,Other,random,C14H22,190.172150000,RC2_0018_ICR-1_p08
337.178558617,529.220810737,192.042252120,Other,random,C10H8O4,192.042260000,RC2_0018_ICR-1_p08
367.030606755,559.072858875,192.042252120,Other,random,C10H8O4,192.042260000,RC2_0018_ICR-1_p08
296.041188938,488.083442058,192.042253120,Other,random,C10H8O4,192.042260000,RC2_0018_ICR-1_p08
339.139214592,531.181467712,192.042253120,Other,random,C10H8O4,192.042260000,RC2_0018_ICR-1_p08
328.067354851,520.109607971,192.042253120,Other,random,C10H8O4,192.042260000,RC2_0018_ICR-1_p08
327.072060447,519.114314567,192.042254120,Other,random,C10H8O4,192.042260000,RC2_0018_ICR-1_p08
475.124497928,667.166752048,192.042254120,Other,random,C10H8O4,192.042260000,RC2_0018_ICR-1_p08
382.041589346,574.083845466,192.042256120,Other,random,C10H8O4,192.042260000,RC2_0018_ICR-1_p08
313.056482259,505.098740379,192.042258120,Other,random,C10H8O4,192.042260000,RC2_0018_ICR-1_p08
505.098740379,697.140998499,192.042258120,Other,random,C10H8O4,192.042260000,RC2_0018_ICR-1_p08
389.145163402,581.187423522,192.042260120,Other,random,C10H8O4,192.042260000,RC2_0018_ICR-1_p08
371.134626678,563.176886797,192.042260120,Other,random,C10H8O4,192.042260000,RC2_0018_ICR-1_p08
439.173857084,631.216120203,192.042263120,Other,random,C10H8O4,192.042260000,RC2_0018_ICR-1_p08
441.168368868,633.210631988,192.042263120,Other,random,C10H8O4,192.042260000,RC2_0018_ICR-1_p08
407.098263449,599.140528569,192.042265120,Other,random,C10H8O4,192.042260000,RC2_0018_ICR-1_p08
339.035559175,531.077824295,192.042265120,Other,random,C10H8O4,192.042260000,RC2_0018_ICR-1_p08
651.266199459,843.308464579,192.042265120,Other,random,C10H8O4,192.042260000,RC2_0018_ICR-1_p08
409.150265910,601.192532030,192.042266120,Other,random,C10H8O4,192.042260000,RC2_0018_ICR-1_p08
325.105888503,517.148154623,192.042266120,Other,random,C10H8O4,192.042260000,RC2_0018_ICR-1_p08
551.249819865,743.292086985,192.042267120,Other,random,C10H8O4,192.042260000,RC2_0018_ICR-1_p08
347.126554678,539.168822798,192.042268120,Other,random,C10H8O4,192.042260000,RC2_0018_ICR-1_p08
315.181230311,507.223498431,192.042268120,Other,random,C10H8O4,192.042260000,RC2_0018_ICR-1_p08
323.113527707,515.155796827,192.042269120,Other,random,C10H8O4,192.042260000,RC2_0018_ICR-1_p08
319.095298302,511.137567422,192.042269120,Other,random,C10H8O4,192.042260000,RC2_0018_ICR-1_p08
339.064064015,531.127444016,192.063380001,Other,random,C7H12O6,192.063390000,RC2_0018_ICR-1_p08
360.072564881,552.135944882,192.063380001,Other,random,C7H12O6,192.063390000,RC2_0018_ICR-1_p08
529.244430604,721.307814605,192.063384001,Other,random,C7H12O6,192.063390000,RC2_0018_ICR-1_p08
460.161227069,652.224611070,192.063384001,Other,random,C7H12O6,192.063390000,RC2_0018_ICR-1_p08
335.186283820,527.249668821,192.063385001,Other,random,C7H12O6,192.063390000,RC2_0018_ICR-1_p08
325.092754577,517.156140578,192.063386001,Other,random,C7H12O6,192.063390000,RC2_0018_ICR-1_p08
359.113592273,551.176981274,192.063389001,Other,random,C7H12O6,192.063390000,RC2_0018_ICR-1_p08
301.035399855,493.098788856,192.063389001,Other,random,C7H12O6,192.063390000,RC2_0018_ICR-1_p08
325.056400782,517.119791783,192.063391001,Other,random,C7H12O6,192.063390000,RC2_0018_ICR-1_p08
367.168113982,559.231504983,192.063391001,Other,random,C7H12O6,192.063390000,RC2_0018_ICR-1_p08
341.139398345,533.202791346,192.063393001,Other,random,C7H12O6,192.063390000,RC2_0018_ICR-1_p08
346.056878693,538.120272694,192.063394001,Other,random,C7H12O6,192.063390000,RC2_0018_ICR-1_p08
363.072102014,555.135496015,192.063394001,Other,random,C7H12O6,192.063390000,RC2_0018_ICR-1_p08
641.187977130,833.251375131,192.063398001,Other,random,C7H12O6,192.063390000,RC2_0018_ICR-1_p08
311.126658111,503.205300026,192.078641915,Other,random,C11H12O3,192.078645000,RC2_0018_ICR-1_p08
559.203513140,751.282155055,192.078641915,Other,random,C11H12O3,192.078645000,RC2_0018_ICR-1_p08
565.083552076,757.162194991,192.078642915,Other,random,C11H12O3,192.078645000,RC2_0018_ICR-1_p08
323.113527707,515.192170622,192.078642915,Other,random,C11H12O3,192.078645000,RC2_0018_ICR-1_p08
305.087715068,497.166360984,192.078645915,Other,random,C11H12O3,192.078645000,RC2_0018_ICR-1_p08
270.061906023,462.140552939,192.078646915,Other,random,C11H12O3,192.078645000,RC2_0018_ICR-1_p08
325.056400782,517.135048697,192.078647915,Other,random,C11H12O3,192.078645000,RC2_0018_ICR-1_p08
537.234101677,729.312749592,192.078647915,Other,random,C11H12O3,192.078645000,RC2_0018_ICR-1_p08
426.067887780,618.146536695,192.078648915,Other,random,C11H12O3,192.078645000,RC2_0018_ICR-1_p08
305.030254392,497.108903307,192.078648915,Other,random,C11H12O3,192.078645000,RC2_0018_ICR-1_p08
319.058918506,511.137567422,192.078648915,Other,random,C11H12O3,192.078645000,RC2_0018_ICR-1_p08
379.066939073,571.145587988,192.078648915,Other,random,C11H12O3,192.078645000,RC2_0018_ICR-1_p08
379.139658664,571.218311579,192.078652915,Other,random,C11H12O3,192.078645000,RC2_0018_ICR-1_p08
322.020362854,514.099015769,192.078652915,Other,random,C11H12O3,192.078645000,RC2_0018_ICR-1_p08
589.177605592,781.292626302,192.115020711,Other,random,C12H16O2,192.115030000,RC2_0018_ICR-1_p08
335.171093905,527.286117616,192.115023711,Other,random,C12H16O2,192.115030000,RC2_0018_ICR-1_p08
309.097919519,501.212943229,192.115023711,Other,random,C12H16O2,192.115030000,RC2_0018_ICR-1_p08
325.056400782,517.171426492,192.115025711,Other,random,C12H16O2,192.115030000,RC2_0018_ICR-1_p08
319.009446785,511.124473495,192.115026711,Other,random,C12H16O2,192.115030000,RC2_0018_ICR-1_p08
517.192433374,709.307460085,192.115026711,Other,random,C12H16O2,192.115030000,RC2_0018_ICR-1_p08
551.213320070,743.328347781,192.115027711,Other,random,C12H16O2,192.115030000,RC2_0018_ICR-1_p08
323.040768116,515.155796827,192.115028711,Other,random,C12H16O2,192.115030000,RC2_0018_ICR-1_p08
389.145163402,581.260192112,192.115028711,Other,random,C12H16O2,192.115030000,RC2_0018_ICR-1_p08
415.124437317,607.239467027,192.115029711,Other,random,C12H16O2,192.115030000,RC2_0018_ICR-1_p08
337.105781026,529.220810737,192.115029711,Other,random,C12H16O2,192.115030000,RC2_0018_ICR-1_p08
641.136343420,833.251375131,192.115031711,Other,random,C12H16O2,192.115030000,RC2_0018_ICR-1_p08
295.118783125,487.233814836,192.115031711,Other,random,C12H16O2,192.115030000,RC2_0018_ICR-1_p08
327.121510169,519.236544880,192.115034711,Other,random,C12H16O2,192.115030000,RC2_0018_ICR-1_p08
429.176582300,621.291620010,192.115037711,Other,random,C12H16O2,192.115030000,RC2_0018_ICR-1_p08
341.014982044,533.130020755,192.115038711,Other,random,C12H16O2,192.115030000,RC2_0018_ICR-1_p08
375.165934009,567.280973719,192.115039711,Other,random,C12H16O2,192.115030000,RC2_0018_ICR-1_p08
378.096089532,571.108444197,193.012354665,Other,random,C7H3N3O4,193.012357000,RC2_0018_ICR-1_p08
285.061651678,478.099151201,193.037499523,Other,random,C9H7N1O4,193.037509000,RC2_0018_ICR-1_p08
309.025204927,502.062709451,193.037504523,Other,random,C9H7N1O4,193.037509000,RC2_0018_ICR-1_p08
307.009487262,500.046992785,193.037505523,Other,random,C9H7N1O4,193.037509000,RC2_0018_ICR-1_p08
241.108254834,434.145761357,193.037506523,Other,random,C9H7N1O4,193.037509000,RC2_0018_ICR-1_p08
291.051104998,484.088613522,193.037508523,Other,random,C9H7N1O4,193.037509000,RC2_0018_ICR-1_p08
295.118783125,488.156299648,193.037516523,Other,random,C9H7N1O4,193.037509000,RC2_0018_ICR-1_p08
325.129201372,518.166719896,193.037518523,Other,random,C9H7N1O4,193.037509000,RC2_0018_ICR-1_p08
315.064025970,509.085542960,194.021516990,Other,random,C9H6O5,194.021525000,RC2_0018_ICR-1_p08
299.077271866,493.098788856,194.021516990,Other,random,C9H6O5,194.021525000,RC2_0018_ICR-1_p08
319.131747097,513.153266087,194.021518990,Other,random,C9H6O5,194.021525000,RC2_0018_ICR-1_p08
343.168110937,537.189629927,194.021518990,Other,random,C9H6O5,194.021525000,RC2_0018_ICR-1_p08
345.082692171,539.104213161,194.021520990,Other,random,C9H6O5,194.021525000,RC2_0018_ICR-1_p08
323.113527707,517.135048697,194.021520990,Other,random,C9H6O5,194.021525000,RC2_0018_ICR-1_p08
270.061906023,464.083428014,194.021521990,Other,random,C9H6O5,194.021525000,RC2_0018_ICR-1_p08
339.181268356,533.202791346,194.021522990,Other,random,C9H6O5,194.021525000,RC2_0018_ICR-1_p08
440.127818719,634.149341709,194.021522990,Other,random,C9H6O5,194.021525000,RC2_0018_ICR-1_p08
313.092795055,507.114318045,194.021522990,Other,random,C9H6O5,194.021525000,RC2_0018_ICR-1_p08
387.238669122,581.260192112,194.021522990,Other,random,C9H6O5,194.021525000,RC2_0018_ICR-1_p08
321.147396763,515.168920753,194.021523990,Other,random,C9H6O5,194.021525000,RC2_0018_ICR-1_p08
304.103845601,498.125370591,194.021524990,Other,random,C9H6O5,194.021525000,RC2_0018_ICR-1_p08
377.124061998,571.145587988,194.021525990,Other,random,C9H6O5,194.021525000,RC2_0018_ICR-1_p08
359.061895564,553.083422554,194.021526990,Other,random,C9H6O5,194.021525000,RC2_0018_ICR-1_p08
331.131665620,525.153193610,194.021527990,Other,random,C9H6O5,194.021525000,RC2_0018_ICR-1_p08
337.092826099,531.114355089,194.021528990,Other,random,C9H6O5,194.021525000,RC2_0018_ICR-1_p08
413.254367832,607.275898822,194.021530990,Other,random,C9H6O5,194.021525000,RC2_0018_ICR-1_p08
303.087371317,497.108903307,194.021531990,Other,random,C9H6O5,194.021525000,RC2_0018_ICR-1_p08
389.051210930,583.072742920,194.021531990,Other,random,C9H6O5,194.021525000,RC2_0018_ICR-1_p08
309.183767036,503.205300026,194.021532990,Other,random,C9H6O5,194.021525000,RC2_0018_ICR-1_p08
401.173548765,595.195082755,194.021533990,Other,random,C9H6O5,194.021525000,RC2_0018_ICR-1_p08
379.030413278,573.051948268,194.021534990,Other,random,C9H6O5,194.021525000,RC2_0018_ICR-1_p08
424.137889633,618.183214489,194.045324856,Other,random,C9H8N1O4,194.045334000,RC2_0018_ICR-1_p08
475.210224446,669.255552302,194.045327856,Other,random,C9H8N1O4,194.045334000,RC2_0018_ICR-1_p08
441.189609749,635.234939605,194.045329856,Other,random,C9H8N1O4,194.045334000,RC2_0018_ICR-1_p08
399.178801981,593.224136837,194.045334856,Other,random,C9H8N1O4,194.045334000,RC2_0018_ICR-1_p08
489.226012633,683.271351490,194.045338856,Other,random,C9H8N1O4,194.045334000,RC2_0018_ICR-1_p08
391.043650726,585.088993582,194.045342856,Other,random,C9H8N1O4,194.045334000,RC2_0018_ICR-1_p08
533.179438477,727.224782333,194.045343856,Other,random,C9H8N1O4,194.045334000,RC2_0018_ICR-1_p08
313.117814914,507.259725227,194.141910313,Other,random,C11H18N2O1,194.141913000,RC2_0018_ICR-1_p08
353.015015567,547.254855329,194.239839762,Other,random,C15H30O_1,194.239835000,RC2_0018_ICR-1_p08
289.035461332,484.088613522,195.053152189,Other,random,C9H9N1O4,195.053159000,RC2_0018_ICR-1_p08
401.108736129,596.161892318,195.053156189,Other,random,C9H9N1O4,195.053159000,RC2_0018_ICR-1_p08
381.118962534,576.172119723,195.053157189,Other,random,C9H9N1O4,195.053159000,RC2_0018_ICR-1_p08
321.025158450,516.078316639,195.053158189,Other,random,C9H9N1O4,195.053159000,RC2_0018_ICR-1_p08
363.072102014,558.125261203,195.053159189,Other,random,C9H9N1O4,195.053159000,RC2_0018_ICR-1_p08
281.066734142,476.119899331,195.053165189,Other,random,C9H9N1O4,195.053159000,RC2_0018_ICR-1_p08
301.071816650,497.130112187,196.058295537,Other,random,C6H12O7,196.058305000,RC2_0018_ICR-1_p08
293.139452255,489.197750792,196.058298537,Other,random,C6H12O7,196.058305000,RC2_0018_ICR-1_p08
369.147192853,565.205491390,196.058298537,Other,random,C6H12O7,196.058305000,RC2_0018_ICR-1_p08
527.228469940,723.286770477,196.058300537,Other,random,C6H12O7,196.058305000,RC2_0018_ICR-1_p08
457.077656408,653.135959945,196.058303537,Other,random,C6H12O7,196.058305000,RC2_0018_ICR-1_p08
555.223851518,751.282155055,196.058303537,Other,random,C6H12O7,196.058305000,RC2_0018_ICR-1_p08
383.040847727,579.099156264,196.058308537,Other,random,C6H12O7,196.058305000,RC2_0018_ICR-1_p08
539.104213161,735.162522698,196.058309537,Other,random,C6H12O7,196.058305000,RC2_0018_ICR-1_p08
329.066630232,525.124941769,196.058311537,Other,random,C6H12O7,196.058305000,RC2_0018_ICR-1_p08
395.090194972,591.148506509,196.058311537,Other,random,C6H12O7,196.058305000,RC2_0018_ICR-1_p08
331.067017983,531.114355089,200.047337106,Other,random,C12H8O3,200.047345000,RC2_0018_ICR-1_p08
337.142290821,537.189629927,200.047339106,Other,random,C12H8O3,200.047345000,RC2_0018_ICR-1_p08
313.092795055,513.140135161,200.047340106,Other,random,C12H8O3,200.047345000,RC2_0018_ICR-1_p08
322.114291326,522.161631432,200.047340106,Other,random,C12H8O3,200.047345000,RC2_0018_ICR-1_p08
259.155033354,459.202373460,200.047340106,Other,random,C12H8O3,200.047345000,RC2_0018_ICR-1_p08
315.144827516,515.192170622,200.047343106,Other,random,C12H8O3,200.047345000,RC2_0018_ICR-1_p08
421.163278359,621.210628466,200.047350106,Other,random,C12H8O3,200.047345000,RC2_0018_ICR-1_p08
288.108947542,488.156299648,200.047352106,Other,random,C12H8O3,200.047345000,RC2_0018_ICR-1_p08
303.108547198,503.155900304,200.047353106,Other,random,C12H8O3,200.047345000,RC2_0018_ICR-1_p08
371.134626678,571.181980784,200.047354106,Other,random,C12H8O3,200.047345000,RC2_0018_ICR-1_p08
513.031173774,713.208794147,200.177620374,Other,random,C12H24O2,200.177630000,RC2_0018_ICR-1_p08
369.025124540,569.202745913,200.177621374,Other,random,C12H24O2,200.177630000,RC2_0018_ICR-1_p08
657.110550595,857.288171969,200.177621374,Other,random,C12H24O2,200.177630000,RC2_0018_ICR-1_p08
327.063989493,527.241612866,200.177623374,Other,random,C12H24O2,200.177630000,RC2_0018_ICR-1_p08
380.062170477,580.239793850,200.177623374,Other,random,C12H24O2,200.177630000,RC2_0018_ICR-1_p08
331.095213825,531.272838198,200.177624374,Other,random,C12H24O2,200.177630000,RC2_0018_ICR-1_p08
413.015025178,613.192649552,200.177624374,Other,random,C12H24O2,200.177630000,RC2_0018_ICR-1_p08
319.058918506,519.236544880,200.177626373,Other,random,C12H24O2,200.177630000,RC2_0018_ICR-1_p08
377.064416333,577.242042707,200.177626373,Other,random,C12H24O2,200.177630000,RC2_0018_ICR-1_p08
335.077134434,535.254761807,200.177627373,Other,random,C12H24O2,200.177630000,RC2_0018_ICR-1_p08
593.151433246,793.329060620,200.177627373,Other,random,C12H24O2,200.177630000,RC2_0018_ICR-1_p08
297.098054995,497.275685369,200.177630373,Other,random,C12H24O2,200.177630000,RC2_0018_ICR-1_p08
373.150226344,573.327859717,200.177633373,Other,random,C12H24O2,200.177630000,RC2_0018_ICR-1_p08
395.090194972,595.267829345,200.177634373,Other,random,C12H24O2,200.177630000,RC2_0018_ICR-1_p08
407.098263449,607.275898822,200.177635373,Other,random,C12H24O2,200.177630000,RC2_0018_ICR-1_p08
257.066755097,457.244390470,200.177635373,Other,random,C12H24O2,200.177630000,RC2_0018_ICR-1_p08
309.061572723,509.239208096,200.177635373,Other,random,C12H24O2,200.177630000,RC2_0018_ICR-1_p08
535.145845420,735.323481793,200.177636373,Other,random,C12H24O2,200.177630000,RC2_0018_ICR-1_p08
323.090217838,523.267855211,200.177637373,Other,random,C12H24O2,200.177630000,RC2_0018_ICR-1_p08
301.056502737,501.234142110,200.177639373,Other,random,C12H24O2,200.177630000,RC2_0018_ICR-1_p08
259.024854086,460.124953273,201.100099186,Other,random,C9H15N1O4,201.100109000,RC2_0018_ICR-1_p08
341.014982044,542.115081231,201.100099186,Other,random,C9H15N1O4,201.100109000,RC2_0018_ICR-1_p08
321.025158450,522.125257636,201.100099186,Other,random,C9H15N1O4,201.100109000,RC2_0018_ICR-1_p08
393.119012056,594.219116243,201.100104186,Other,random,C9H15N1O4,201.100109000,RC2_0018_ICR-1_p08
317.066613709,518.166719896,201.100106186,Other,random,C9H15N1O4,201.100109000,RC2_0018_ICR-1_p08
295.009621739,496.109727925,201.100106186,Other,random,C9H15N1O4,201.100109000,RC2_0018_ICR-1_p08
321.061522246,522.161631432,201.100109186,Other,random,C9H15N1O4,201.100109000,RC2_0018_ICR-1_p08
339.121500692,540.221616878,201.100116186,Other,random,C9H15N1O4,201.100109000,RC2_0018_ICR-1_p08
301.035399855,503.155900304,202.120500448,Other,random,C10H18O4,202.120510000,RC2_0018_ICR-1_p08
359.040778683,561.161281131,202.120502448,Other,random,C10H18O4,202.120510000,RC2_0018_ICR-1_p08
393.119012056,595.239514505,202.120502448,Other,random,C10H18O4,202.120510000,RC2_0018_ICR-1_p08
507.186957636,709.307460085,202.120502448,Other,random,C10H18O4,202.120510000,RC2_0018_ICR-1_p08
341.160455226,543.280959675,202.120504448,Other,random,C10H18O4,202.120510000,RC2_0018_ICR-1_p08
361.056382349,563.176886797,202.120504448,Other,random,C10H18O4,202.120510000,RC2_0018_ICR-1_p08
325.020085986,527.140592434,202.120506448,Other,random,C10H18O4,202.120510000,RC2_0018_ICR-1_p08
369.061474335,571.181980784,202.120506448,Other,random,C10H18O4,202.120510000,RC2_0018_ICR-1_p08
285.134387269,487.254897717,202.120510448,Other,random,C10H18O4,202.120510000,RC2_0018_ICR-1_p08
429.095608755,631.216120203,202.120511448,Other,random,C10H18O4,202.120510000,RC2_0018_ICR-1_p08
369.038274466,571.158789914,202.120515448,Other,random,C10H18O4,202.120510000,RC2_0018_ICR-1_p08
359.126616200,561.247133649,202.120517448,Other,random,C10H18O4,202.120510000,RC2_0018_ICR-1_p08
331.045794103,533.166311551,202.120517448,Other,random,C10H18O4,202.120510000,RC2_0018_ICR-1_p08
255.123872022,457.244390470,202.120518448,Other,random,C10H18O4,202.120510000,RC2_0018_ICR-1_p08
304.140236396,506.260755845,202.120519448,Other,random,C10H18O4,202.120510000,RC2_0018_ICR-1_p08
315.108484720,518.166719896,203.058235175,Other,random,C11H9N1O3,203.058244000,RC2_0018_ICR-1_p08
301.092914532,504.151165707,203.058251175,Other,random,C11H9N1O3,203.058244000,RC2_0018_ICR-1_p08
295.046006534,498.125370591,203.079364057,Other,random,glcnac_C8H13N1O5,203.079374000,RC2_0018_ICR-1_p08
365.014842090,568.094207147,203.079365057,Other,random,glcnac_C8H13N1O5,203.079374000,RC2_0018_ICR-1_p08
353.015015567,556.094381623,203.079366057,Other,random,glcnac_C8H13N1O5,203.079374000,RC2_0018_ICR-1_p08
285.076925592,488.156299648,203.079374057,Other,random,glcnac_C8H13N1O5,203.079374000,RC2_0018_ICR-1_p08
281.139561732,484.218936789,203.079375057,Other,random,glcnac_C8H13N1O5,203.079374000,RC2_0018_ICR-1_p08
323.069143956,526.148525013,203.079381057,Other,random,glcnac_C8H13N1O5,203.079374000,RC2_0018_ICR-1_p08
292.082762197,495.199854042,203.117091844,Other,random,C10H13N5,203.117095000,RC2_0018_ICR-1_p08
491.082961191,694.200065036,203.117103844,Other,random,C10H13N5,203.117095000,RC2_0018_ICR-1_p08
311.149929980,515.155796827,204.005866847,Other,random,C10H4O5,204.005875000,RC2_0018_ICR-1_p08
281.030325346,485.036193193,204.005867847,Other,random,C10H4O5,204.005875000,RC2_0018_ICR-1_p08
251.019823100,455.025692946,204.005869847,Other,random,C10H4O5,204.005875000,RC2_0018_ICR-1_p08
345.155401762,549.161272609,204.005870847,Other,random,C10H4O5,204.005875000,RC2_0018_ICR-1_p08
327.035729652,531.041600498,204.005870847,Other,random,C10H4O5,204.005875000,RC2_0018_ICR-1_p08
355.212632209,559.218505056,204.005872847,Other,random,C10H4O5,204.005875000,RC2_0018_ICR-1_p08
289.092914009,493.098788856,204.005874847,Other,random,C10H4O5,204.005875000,RC2_0018_ICR-1_p08
345.082692171,549.088571018,204.005878847,Other,random,C10H4O5,204.005875000,RC2_0018_ICR-1_p08
299.150018457,503.155900304,204.005881847,Other,random,C10H4O5,204.005875000,RC2_0018_ICR-1_p08
407.111262376,611.117146223,204.005883847,Other,random,C10H4O5,204.005875000,RC2_0018_ICR-1_p08
585.182818055,789.225070697,204.042252642,Other,random,C11H8O4,204.042260000,RC2_0018_ICR-1_p08
303.035765607,507.078018249,204.042252642,Other,random,C11H8O4,204.042260000,RC2_0018_ICR-1_p08
313.092795055,517.135048697,204.042253642,Other,random,C11H8O4,204.042260000,RC2_0018_ICR-1_p08
299.113643661,503.155900304,204.042256642,Other,random,C11H8O4,204.042260000,RC2_0018_ICR-1_p08
345.082692171,549.124948813,204.042256642,Other,random,C11H8O4,204.042260000,RC2_0018_ICR-1_p08
347.207560223,551.249819865,204.042259642,Other,random,C11H8O4,204.042260000,RC2_0018_ICR-1_p08
347.171059428,551.213320070,204.042260642,Other,random,C11H8O4,204.042260000,RC2_0018_ICR-1_p08
463.124489406,667.166752048,204.042262642,Other,random,C11H8O4,204.042260000,RC2_0018_ICR-1_p08
311.126658111,515.168920753,204.042262642,Other,random,C11H8O4,204.042260000,RC2_0018_ICR-1_p08
315.108484720,519.150747362,204.042262642,Other,random,C11H8O4,204.042260000,RC2_0018_ICR-1_p08
313.020112463,517.062378106,204.042265642,Other,random,C11H8O4,204.042260000,RC2_0018_ICR-1_p08
343.067013506,547.109279148,204.042265642,Other,random,C11H8O4,204.042260000,RC2_0018_ICR-1_p08
359.061895564,563.104163206,204.042267642,Other,random,C11H8O4,204.042260000,RC2_0018_ICR-1_p08
451.051605293,655.093873935,204.042268642,Other,random,C11H8O4,204.042260000,RC2_0018_ICR-1_p08
287.077283344,491.265077167,204.187793824,Other,random,C15H24,204.187800000,RC2_0018_ICR-1_p08
389.108586607,593.296393431,204.187806824,Other,random,C15H24,204.187800000,RC2_0018_ICR-1_p08
525.124941769,729.312749592,204.187807824,Other,random,C15H24,204.187800000,RC2_0018_ICR-1_p08
379.103195869,584.170562747,205.067366878,Other,random,C10H11N3S1,205.067369000,RC2_0018_ICR-1_p08
375.099757381,580.167133259,205.067375878,Other,random,C10H11N3S1,205.067369000,RC2_0018_ICR-1_p08
512.107749966,717.204117681,205.096367715,Other,random,C9H11O1N5,205.096360000,RC2_0018_ICR-1_p08
306.061955590,512.068216188,206.006260598,Other,random,C6H6O8,206.006270000,RC2_0018_ICR-1_p08
359.113592273,565.119853872,206.006261598,Other,random,C6H6O8,206.006270000,RC2_0018_ICR-1_p08
395.163095562,601.169358160,206.006262598,Other,random,C6H6O8,206.006270000,RC2_0018_ICR-1_p08
683.234868695,889.241131293,206.006262598,Other,random,C6H6O8,206.006270000,RC2_0018_ICR-1_p08
313.035381378,519.041645976,206.006264598,Other,random,C6H6O8,206.006270000,RC2_0018_ICR-1_p08
327.123756157,533.130020755,206.006264598,Other,random,C6H6O8,206.006270000,RC2_0018_ICR-1_p08
323.149991502,529.156256100,206.006264598,Other,random,C6H6O8,206.006270000,RC2_0018_ICR-1_p08
529.156256100,735.162522698,206.006266598,Other,random,C6H6O8,206.006270000,RC2_0018_ICR-1_p08
323.040768116,529.047036714,206.006268598,Other,random,C6H6O8,206.006270000,RC2_0018_ICR-1_p08
353.188863589,559.195132187,206.006268598,Other,random,C6H6O8,206.006270000,RC2_0018_ICR-1_p08
299.113643661,505.119914260,206.006270598,Other,random,C6H6O8,206.006270000,RC2_0018_ICR-1_p08
290.103455327,496.109727925,206.006272598,Other,random,C6H6O8,206.006270000,RC2_0018_ICR-1_p08
333.097938563,539.104213161,206.006274598,Other,random,C6H6O8,206.006270000,RC2_0018_ICR-1_p08
347.077144956,553.083422554,206.006277598,Other,random,C6H6O8,206.006270000,RC2_0018_ICR-1_p08
311.077148389,517.135048697,206.057900308,Other,random,C11H10O4,206.057910000,RC2_0018_ICR-1_p08
317.116081431,523.173982739,206.057901308,Other,random,C11H10O4,206.057910000,RC2_0018_ICR-1_p08
315.072151925,521.130053232,206.057901308,Other,random,C11H10O4,206.057910000,RC2_0018_ICR-1_p08
313.020112463,519.078013771,206.057901308,Other,random,C11H10O4,206.057910000,RC2_0018_ICR-1_p08
401.181564719,607.239467027,206.057902308,Other,random,C11H10O4,206.057910000,RC2_0018_ICR-1_p08
355.212632209,561.270534517,206.057902308,Other,random,C11H10O4,206.057910000,RC2_0018_ICR-1_p08
309.147372240,515.205276548,206.057904308,Other,random,C11H10O4,206.057910000,RC2_0018_ICR-1_p08
317.087776590,523.145683898,206.057907308,Other,random,C11H10O4,206.057910000,RC2_0018_ICR-1_p08
427.173905561,633.231812869,206.057907308,Other,random,C11H10O4,206.057910000,RC2_0018_ICR-1_p08
415.233712702,621.291620010,206.057907308,Other,random,C11H10O4,206.057910000,RC2_0018_ICR-1_p08
287.040877548,493.098788856,206.057911308,Other,random,C11H10O4,206.057910000,RC2_0018_ICR-1_p08
301.020106941,507.078018249,206.057911308,Other,random,C11H10O4,206.057910000,RC2_0018_ICR-1_p08
327.181309833,533.239222141,206.057912308,Other,random,C11H10O4,206.057910000,RC2_0018_ICR-1_p08
307.009487262,513.067401570,206.057914308,Other,random,C11H10O4,206.057910000,RC2_0018_ICR-1_p08
433.186487751,639.244402059,206.057914308,Other,random,C11H10O4,206.057910000,RC2_0018_ICR-1_p08
382.041589346,588.099506654,206.057917308,Other,random,C11H10O4,206.057910000,RC2_0018_ICR-1_p08
437.231095008,643.289012316,206.057917308,Other,random,C11H10O4,206.057910000,RC2_0018_ICR-1_p08
333.110905490,539.168822798,206.057917308,Other,random,C11H10O4,206.057910000,RC2_0018_ICR-1_p08
345.155401762,551.213320070,206.057918308,Other,random,C11H10O4,206.057910000,RC2_0018_ICR-1_p08
300.072566269,506.130484577,206.057918308,Other,random,C11H10O4,206.057910000,RC2_0018_ICR-1_p08
297.061659200,503.140690389,206.079031189,Other,random,C8H14O6,206.079040000,RC2_0018_ICR-1_p08
353.196901544,559.275933733,206.079032189,Other,random,C8H14O6,206.079040000,RC2_0018_ICR-1_p08
325.071762695,531.150794884,206.079032189,Other,random,C8H14O6,206.079040000,RC2_0018_ICR-1_p08
317.030323914,523.109357103,206.079033189,Other,random,C8H14O6,206.079040000,RC2_0018_ICR-1_p08
327.123756157,533.202791346,206.079035189,Other,random,C8H14O6,206.079040000,RC2_0018_ICR-1_p08
341.066703754,547.145740943,206.079037189,Other,random,C8H14O6,206.079040000,RC2_0018_ICR-1_p08
360.036101086,566.115138275,206.079037189,Other,random,C8H14O6,206.079040000,RC2_0018_ICR-1_p08
327.100399288,533.179438477,206.079039189,Other,random,C8H14O6,206.079040000,RC2_0018_ICR-1_p08
331.155060488,537.234101677,206.079041189,Other,random,C8H14O6,206.079040000,RC2_0018_ICR-1_p08
335.040857638,541.119899827,206.079042189,Other,random,C8H14O6,206.079040000,RC2_0018_ICR-1_p08
319.045898580,525.124941769,206.079043189,Other,random,C8H14O6,206.079040000,RC2_0018_ICR-1_p08
473.036038672,679.115081861,206.079043189,Other,random,C8H14O6,206.079040000,RC2_0018_ICR-1_p08
355.168088460,561.247133649,206.079045189,Other,random,C8H14O6,206.079040000,RC2_0018_ICR-1_p08
359.113592273,565.192639462,206.079047189,Other,random,C8H14O6,206.079040000,RC2_0018_ICR-1_p08
385.069458320,591.148506509,206.079048189,Other,random,C8H14O6,206.079040000,RC2_0018_ICR-1_p08
305.087715068,513.140135161,208.052420092,Other,random,C14H8O2,208.052430000,RC2_0018_ICR-1_p08
263.128969008,473.158290984,210.029321976,Other,random,C6H11O6P1,210.029328000,RC2_0018_ICR-1_p08
297.170883586,507.200206562,210.029322976,Other,random,C6H11O6P1,210.029328000,RC2_0018_ICR-1_p08
303.160133908,513.189461884,210.029327976,Other,random,C6H11O6P1,210.029328000,RC2_0018_ICR-1_p08
293.030335869,503.059664845,210.029328976,Other,random,C6H11O6P1,210.029328000,RC2_0018_ICR-1_p08
249.040526230,459.069856206,210.029329976,Other,random,C6H11O6P1,210.029328000,RC2_0018_ICR-1_p08
269.103165415,479.132495391,210.029329976,Other,random,C6H11O6P1,210.029328000,RC2_0018_ICR-1_p08
236.056493241,446.085828217,210.029334976,Other,random,C6H11O6P1,210.029328000,RC2_0018_ICR-1_p08
295.118783125,505.148119101,210.029335976,Other,random,C6H11O6P1,210.029328000,RC2_0018_ICR-1_p08
285.134387269,495.163724245,210.029336976,Other,random,C6H11O6P1,210.029328000,RC2_0018_ICR-1_p08
265.071843083,475.101180059,210.029336976,Other,random,C6H11O6P1,210.029328000,RC2_0018_ICR-1_p08
379.116272796,589.314628821,210.198356026,Other,random,C14H26O1,210.198365000,RC2_0018_ICR-1_p08
577.083906596,787.282263622,210.198357026,Other,random,C14H26O1,210.198365000,RC2_0018_ICR-1_p08
325.056400782,535.254761807,210.198361026,Other,random,C14H26O1,210.198365000,RC2_0018_ICR-1_p08
333.074561695,543.272923720,210.198362026,Other,random,C14H26O1,210.198365000,RC2_0018_ICR-1_p08
343.067013506,553.265376531,210.198363026,Other,random,C14H26O1,210.198365000,RC2_0018_ICR-1_p08
317.051304796,527.249668821,210.198364025,Other,random,C14H26O1,210.198365000,RC2_0018_ICR-1_p08
429.067400914,639.265766939,210.198366025,Other,random,C14H26O1,210.198365000,RC2_0018_ICR-1_p08
357.082606694,567.280973719,210.198367025,Other,random,C14H26O1,210.198365000,RC2_0018_ICR-1_p08
397.041098002,607.239467027,210.198369025,Other,random,C14H26O1,210.198365000,RC2_0018_ICR-1_p08
331.058906029,541.257276054,210.198370025,Other,random,C14H26O1,210.198365000,RC2_0018_ICR-1_p08
385.069458320,595.267829345,210.198371025,Other,random,C14H26O1,210.198365000,RC2_0018_ICR-1_p08
327.035729652,537.234101677,210.198372025,Other,random,C14H26O1,210.198365000,RC2_0018_ICR-1_p08
261.098025429,471.296398454,210.198373025,Other,random,C14H26O1,210.198365000,RC2_0018_ICR-1_p08
412.137552112,623.162127492,211.024575380,Other,random,C5H10N1O6P1,211.024577000,RC2_0018_ICR-1_p08
496.195111445,707.219693825,211.024582380,Other,random,C5H10N1O6P1,211.024577000,RC2_0018_ICR-1_p08
233.045621171,444.070206551,211.024585380,Other,random,C5H10N1O6P1,211.024577000,RC2_0018_ICR-1_p08
257.139457688,468.164043068,211.024585380,Other,random,C5H10N1O6P1,211.024577000,RC2_0018_ICR-1_p08
353.196901544,565.205491390,212.008589846,Other,random,C5H9O7P1,212.008593000,RC2_0018_ICR-1_p08
251.092540691,463.101134537,212.008593846,Other,random,C5H9O7P1,212.008593000,RC2_0018_ICR-1_p08
277.144609196,489.153207043,212.008597846,Other,random,C5H9O7P1,212.008593000,RC2_0018_ICR-1_p08
247.061255359,459.069856206,212.008600846,Other,random,C5H9O7P1,212.008593000,RC2_0018_ICR-1_p08
265.071843083,477.080445930,212.008602846,Other,random,C5H9O7P1,212.008593000,RC2_0018_ICR-1_p08
323.126517634,535.267752734,212.141235100,Other,random,C12H20O3,212.141245000,RC2_0018_ICR-1_p08
359.077076479,571.218311579,212.141235100,Other,random,C12H20O3,212.141245000,RC2_0018_ICR-1_p08
245.103145370,457.244390470,212.141245100,Other,random,C12H20O3,212.141245000,RC2_0018_ICR-1_p08
426.067887780,638.209133881,212.141246100,Other,random,C12H20O3,212.141245000,RC2_0018_ICR-1_p08
471.069744729,683.210993829,212.141249100,Other,random,C12H20O3,212.141245000,RC2_0018_ICR-1_p08
337.020022509,549.161272609,212.141250100,Other,random,C12H20O3,212.141245000,RC2_0018_ICR-1_p08
307.082288853,519.223541953,212.141253100,Other,random,C12H20O3,212.141245000,RC2_0018_ICR-1_p08
391.139706186,603.280960287,212.141254100,Other,random,C12H20O3,212.141245000,RC2_0018_ICR-1_p08
534.125277159,747.141689338,213.016412179,Other,random,C5H10O7P1,213.016418000,RC2_0018_ICR-1_p08
376.031052144,589.047468323,213.016416179,Other,random,C5H10O7P1,213.016418000,RC2_0018_ICR-1_p08
418.114236505,631.130652684,213.016416179,Other,random,C5H10O7P1,213.016418000,RC2_0018_ICR-1_p08
380.062170477,593.078589656,213.016419179,Other,random,C5H10O7P1,213.016418000,RC2_0018_ICR-1_p08
287.095934239,500.112354418,213.016420179,Other,random,C5H10O7P1,213.016418000,RC2_0018_ICR-1_p08
378.119259402,591.135684581,213.016425179,Other,random,C5H10O7P1,213.016418000,RC2_0018_ICR-1_p08
289.092914009,503.155900304,214.062986294,Other,random,C13H10O3,214.062995000,RC2_0018_ICR-1_p08
347.098291837,561.161281131,214.062989294,Other,random,C13H10O3,214.062995000,RC2_0018_ICR-1_p08
353.015015567,567.078007861,214.062992294,Other,random,C13H10O3,214.062995000,RC2_0018_ICR-1_p08
385.077536275,599.140528569,214.062992294,Other,random,C13H10O3,214.062995000,RC2_0018_ICR-1_p08
323.162985429,537.225979723,214.062994294,Other,random,C13H10O3,214.062995000,RC2_0018_ICR-1_p08
401.072481333,615.135482627,214.063001294,Other,random,C13H10O3,214.062995000,RC2_0018_ICR-1_p08
545.151280158,761.158017522,216.006737364,Other,random,C12H8S2,216.006744000,RC2_0018_ICR-1_p08
481.244088517,697.250827881,216.006739364,Other,random,C12H8S2,216.006744000,RC2_0018_ICR-1_p08
469.207535200,685.214275564,216.006740364,Other,random,C12H8S2,216.006744000,RC2_0018_ICR-1_p08
471.296398454,687.303142818,216.006744364,Other,random,C12H8S2,216.006744000,RC2_0018_ICR-1_p08
441.176390823,657.183140187,216.006749364,Other,random,C12H8S2,216.006744000,RC2_0018_ICR-1_p08
467.119298942,683.126052307,216.006753364,Other,random,C12H8S2,216.006744000,RC2_0018_ICR-1_p08
279.051098476,496.109727925,217.058629449,Other,random,C8H11N1O6,217.058639000,RC2_0018_ICR-1_p08
305.087715068,522.146346518,217.058631449,Other,random,C8H11N1O6,217.058639000,RC2_0018_ICR-1_p08
323.162985429,540.221616878,217.058631449,Other,random,C8H11N1O6,217.058639000,RC2_0018_ICR-1_p08
281.066734142,498.125370591,217.058636449,Other,random,C8H11N1O6,217.058639000,RC2_0018_ICR-1_p08
343.103378301,560.162020750,217.058642449,Other,random,C8H11N1O6,217.058639000,RC2_0018_ICR-1_p08
319.118714170,536.177359619,217.058645449,Other,random,C8H11N1O6,217.058639000,RC2_0018_ICR-1_p08
369.110979057,586.169625506,217.058646449,Other,random,C8H11N1O6,217.058639000,RC2_0018_ICR-1_p08
309.147372240,526.206020690,217.058648449,Other,random,C8H11N1O6,217.058639000,RC2_0018_ICR-1_p08
527.152316368,745.161573472,218.009257104,Other,random,C6H7N2O5P1,218.009261000,RC2_0018_ICR-1_p08
443.134601812,661.143860915,218.009259104,Other,random,C6H7N2O5P1,218.009261000,RC2_0018_ICR-1_p08
553.221032780,771.230292884,218.009260104,Other,random,C6H7N2O5P1,218.009261000,RC2_0018_ICR-1_p08
365.014842090,583.072742920,218.057900830,Other,random,C12H10O4,218.057910000,RC2_0018_ICR-1_p08
365.087650681,583.145551511,218.057900830,Other,random,C12H10O4,218.057910000,RC2_0018_ICR-1_p08
343.103378301,561.161281131,218.057902830,Other,random,C12H10O4,218.057910000,RC2_0018_ICR-1_p08
293.030335869,511.088238699,218.057902830,Other,random,C12H10O4,218.057910000,RC2_0018_ICR-1_p08
343.067013506,561.124918336,218.057904830,Other,random,C12H10O4,218.057910000,RC2_0018_ICR-1_p08
301.020106941,519.078013771,218.057906830,Other,random,C12H10O4,218.057910000,RC2_0018_ICR-1_p08
319.139710052,537.197617882,218.057907830,Other,random,C12H10O4,218.057910000,RC2_0018_ICR-1_p08
461.239586005,679.297494835,218.057908830,Other,random,C12H10O4,218.057910000,RC2_0018_ICR-1_p08
341.124159431,559.182069261,218.057909830,Other,random,C12H10O4,218.057910000,RC2_0018_ICR-1_p08
353.015015567,571.072927397,218.057911830,Other,random,C12H10O4,218.057910000,RC2_0018_ICR-1_p08
286.093252877,504.151165707,218.057912830,Other,random,C12H10O4,218.057910000,RC2_0018_ICR-1_p08
285.170673065,503.228586895,218.057913830,Other,random,C12H10O4,218.057910000,RC2_0018_ICR-1_p08
345.147382807,563.205296638,218.057913830,Other,random,C12H10O4,218.057910000,RC2_0018_ICR-1_p08
343.212616687,561.270534517,218.057917830,Other,random,C12H10O4,218.057910000,RC2_0018_ICR-1_p08
351.144828083,569.202745913,218.057917830,Other,random,C12H10O4,218.057910000,RC2_0018_ICR-1_p08
323.090217838,541.257276054,218.167058216,Other,random,C15H22O1,218.167065000,RC2_0018_ICR-1_p08
319.058918506,537.225979723,218.167061216,Other,random,C15H22O1,218.167065000,RC2_0018_ICR-1_p08
299.077271866,517.244333082,218.167061216,Other,random,C15H22O1,218.167065000,RC2_0018_ICR-1_p08
315.072151925,533.239222141,218.167070216,Other,random,C15H22O1,218.167065000,RC2_0018_ICR-1_p08
351.035673697,569.202745913,218.167072216,Other,random,C15H22O1,218.167065000,RC2_0018_ICR-1_p08
408.070137984,627.135873147,219.065735163,Other,random,C12H11O4,219.065735000,RC2_0018_ICR-1_p08
312.145353382,532.203650964,220.058297582,Other,random,C8H12O7,220.058305000,RC2_0018_ICR-1_p08
299.040919070,519.099216652,220.058297582,Other,random,C8H12O7,220.058305000,RC2_0018_ICR-1_p08
299.092446781,519.150747362,220.058300582,Other,random,C8H12O7,220.058305000,RC2_0018_ICR-1_p08
311.092492303,531.150794884,220.058302582,Other,random,C8H12O7,220.058305000,RC2_0018_ICR-1_p08
313.121134895,533.179438477,220.058303582,Other,random,C8H12O7,220.058305000,RC2_0018_ICR-1_p08
307.082288853,527.140592434,220.058303582,Other,random,C8H12O7,220.058305000,RC2_0018_ICR-1_p08
459.056776279,679.115081861,220.058305582,Other,random,C8H12O7,220.058305000,RC2_0018_ICR-1_p08
269.131325256,489.189632838,220.058307582,Other,random,C8H12O7,220.058305000,RC2_0018_ICR-1_p08
357.147344330,577.205652912,220.058308582,Other,random,C8H12O7,220.058305000,RC2_0018_ICR-1_p08
465.067479480,685.125789062,220.058309582,Other,random,C8H12O7,220.058305000,RC2_0018_ICR-1_p08
303.087371317,523.145683898,220.058312582,Other,random,C8H12O7,220.058305000,RC2_0018_ICR-1_p08
319.045898580,539.104213161,220.058314582,Other,random,C8H12O7,220.058305000,RC2_0018_ICR-1_p08
331.168148415,551.226462996,220.058314582,Other,random,C8H12O7,220.058305000,RC2_0018_ICR-1_p08
345.134324881,565.192639462,220.058314582,Other,random,C8H12O7,220.058305000,RC2_0018_ICR-1_p08
297.025272405,517.083586986,220.058314582,Other,random,C8H12O7,220.058305000,RC2_0018_ICR-1_p08
319.045898580,539.155833871,220.109935291,Other,random,C13H16O3,220.109945000,RC2_0018_ICR-1_p08
268.046363357,488.156299648,220.109936291,Other,random,C13H16O3,220.109945000,RC2_0018_ICR-1_p08
341.014982044,561.124918336,220.109936291,Other,random,C13H16O3,220.109945000,RC2_0018_ICR-1_p08
323.162985429,543.272923720,220.109938291,Other,random,C13H16O3,220.109945000,RC2_0018_ICR-1_p08
299.077271866,519.187212157,220.109940291,Other,random,C13H16O3,220.109945000,RC2_0018_ICR-1_p08
301.020106941,521.130053232,220.109946291,Other,random,C13H16O3,220.109945000,RC2_0018_ICR-1_p08
345.082692171,565.192639462,220.109947291,Other,random,C13H16O3,220.109945000,RC2_0018_ICR-1_p08
319.067003461,539.176951752,220.109948291,Other,random,C13H16O3,220.109945000,RC2_0018_ICR-1_p08
329.051322318,549.161272609,220.109950291,Other,random,C13H16O3,220.109945000,RC2_0018_ICR-1_p08
283.045949012,503.155900304,220.109951291,Other,random,C13H16O3,220.109945000,RC2_0018_ICR-1_p08
375.085130463,595.195082755,220.109952291,Other,random,C13H16O3,220.109945000,RC2_0018_ICR-1_p08
347.134650633,567.280973719,220.146323087,Other,random,C14H20O2,220.146330000,RC2_0018_ICR-1_p08
317.087776590,537.234101677,220.146325087,Other,random,C14H20O2,220.146330000,RC2_0018_ICR-1_p08
381.046201943,601.192532030,220.146330087,Other,random,C14H20O2,220.146330000,RC2_0018_ICR-1_p08
323.004471320,543.150804407,220.146333087,Other,random,C14H20O2,220.146330000,RC2_0018_ICR-1_p08
413.064295901,633.210631988,220.146336087,Other,random,C14H20O2,220.146330000,RC2_0018_ICR-1_p08
623.162127492,843.308464579,220.146337087,Other,random,C14H20O2,220.146330000,RC2_0018_ICR-1_p08
371.053836132,591.200174218,220.146338087,Other,random,C14H20O2,220.146330000,RC2_0018_ICR-1_p08
343.058958551,563.205296638,220.146338087,Other,random,C14H20O2,220.146330000,RC2_0018_ICR-1_p08
577.083906596,797.302999274,220.219092678,Other,random,C16H28,220.219100000,RC2_0018_ICR-1_p08
267.014717158,487.233814836,220.219097678,Other,random,C16H28,220.219100000,RC2_0018_ICR-1_p08
311.040831593,531.259936271,220.219104677,Other,random,C16H28,220.219100000,RC2_0018_ICR-1_p08
387.056790145,607.275898822,220.219108677,Other,random,C16H28,220.219100000,RC2_0018_ICR-1_p08
313.020112463,533.239222141,220.219109677,Other,random,C16H28,220.219100000,RC2_0018_ICR-1_p08
327.181309833,548.271253614,221.089943781,Other,random,C8H15O6N1,221.089939000,RC2_0018_ICR-1_p08
355.045826147,576.135770928,221.089944781,Other,random,C8H15O6N1,221.089939000,RC2_0018_ICR-1_p08
317.030323914,538.120272694,221.089948781,Other,random,C8H15O6N1,221.089939000,RC2_0018_ICR-1_p08
319.085609356,541.098890945,222.013281589,Other,random,Cystine,222.013285900,RC2_0018_ICR-1_p08
445.153456459,667.166752048,222.013295589,Other,random,Cystine,222.013285900,RC2_0018_ICR-1_p08
319.058918506,541.257276054,222.198357548,Other,random,C15H26O1,222.198365000,RC2_0018_ICR-1_p08
331.067017983,553.265376531,222.198358548,Other,random,C15H26O1,222.198365000,RC2_0018_ICR-1_p08
385.077536275,607.275898822,222.198362548,Other,random,C15H26O1,222.198365000,RC2_0018_ICR-1_p08
309.061572723,531.259936271,222.198363548,Other,random,C15H26O1,222.198365000,RC2_0018_ICR-1_p08
323.004471320,545.202839868,222.198368548,Other,random,C15H26O1,222.198365000,RC2_0018_ICR-1_p08
429.031055118,651.302184257,222.271129139,Other,random,C17H34O_1,222.271135000,RC2_0018_ICR-1_p08
281.030325346,504.151165707,223.120840361,Other,random,C12H17O3N1,223.120844000,RC2_0018_ICR-1_p08
336.166254310,560.105071071,223.938816761,Other,random,C3H2N2O6P2,223.938814000,RC2_0018_ICR-1_p08
473.093517349,697.163319373,224.069802024,Other,random,C12H8N4O1,224.069811000,RC2_0018_ICR-1_p08
563.176886797,787.246691822,224.069805024,Other,random,C12H8N4O1,224.069811000,RC2_0018_ICR-1_p08
529.119961304,753.189781328,224.069820024,Other,random,C12H8N4O1,224.069811000,RC2_0018_ICR-1_p08
597.182695578,821.287547405,224.104851827,Other,random,C12H16O4,224.104860000,RC2_0018_ICR-1_p08
303.014678725,527.119531553,224.104852827,Other,random,C12H16O4,224.104860000,RC2_0018_ICR-1_p08
319.082338375,543.187192202,224.104853827,Other,random,C12H16O4,224.104860000,RC2_0018_ICR-1_p08
303.181260789,527.286117616,224.104856827,Other,random,C12H16O4,224.104860000,RC2_0018_ICR-1_p08
337.092826099,561.197682927,224.104856827,Other,random,C12H16O4,224.104860000,RC2_0018_ICR-1_p08
339.064064015,563.168921842,224.104857827,Other,random,C12H16O4,224.104860000,RC2_0018_ICR-1_p08
407.111262376,631.216120203,224.104857827,Other,random,C12H16O4,224.104860000,RC2_0018_ICR-1_p08
267.160218340,491.265077167,224.104858827,Other,random,C12H16O4,224.104860000,RC2_0018_ICR-1_p08
319.131747097,543.236606924,224.104859827,Other,random,C12H16O4,224.104860000,RC2_0018_ICR-1_p08
317.152415227,541.257276054,224.104860827,Other,random,C12H16O4,224.104860000,RC2_0018_ICR-1_p08
621.182911621,845.287773449,224.104861827,Other,random,C12H16O4,224.104860000,RC2_0018_ICR-1_p08
325.020085986,549.124948813,224.104862827,Other,random,C12H16O4,224.104860000,RC2_0018_ICR-1_p08
533.057331164,757.162194991,224.104863827,Other,random,C12H16O4,224.104860000,RC2_0018_ICR-1_p08
323.149991502,547.254855329,224.104863827,Other,random,C12H16O4,224.104860000,RC2_0018_ICR-1_p08
331.168148415,555.273013242,224.104864827,Other,random,C12H16O4,224.104860000,RC2_0018_ICR-1_p08
335.090267360,559.195132187,224.104864827,Other,random,C12H16O4,224.104860000,RC2_0018_ICR-1_p08
307.045929057,531.150794884,224.104865827,Other,random,C12H16O4,224.104860000,RC2_0018_ICR-1_p08
353.137176880,577.242042707,224.104865827,Other,random,C12H16O4,224.104860000,RC2_0018_ICR-1_p08
307.009487262,531.114355089,224.104867827,Other,random,C12H16O4,224.104860000,RC2_0018_ICR-1_p08
319.058918506,543.272923720,224.214005214,Other,random,C15H28O1,224.214015000,RC2_0018_ICR-1_p08
307.045929057,531.259936271,224.214007214,Other,random,C15H28O1,224.214015000,RC2_0018_ICR-1_p08
342.046742243,566.260751456,224.214009214,Other,random,C15H28O1,224.214015000,RC2_0018_ICR-1_p08
505.098740379,729.312749592,224.214009214,Other,random,C15H28O1,224.214015000,RC2_0018_ICR-1_p08
365.064373811,589.278385025,224.214011214,Other,random,C15H28O1,224.214015000,RC2_0018_ICR-1_p08
323.090217838,547.304231051,224.214013214,Other,random,C15H28O1,224.214015000,RC2_0018_ICR-1_p08
289.056493214,513.270507428,224.214014214,Other,random,C15H28O1,224.214015000,RC2_0018_ICR-1_p08
309.025204927,533.239222141,224.214017214,Other,random,C15H28O1,224.214015000,RC2_0018_ICR-1_p08
335.040857638,559.254874851,224.214017214,Other,random,C15H28O1,224.214015000,RC2_0018_ICR-1_p08
485.093440871,709.307460085,224.214019214,Other,random,C15H28O1,224.214015000,RC2_0018_ICR-1_p08
379.066939073,603.280960287,224.214021214,Other,random,C15H28O1,224.214015000,RC2_0018_ICR-1_p08
365.100605608,589.314628821,224.214023214,Other,random,C15H28O1,224.214015000,RC2_0018_ICR-1_p08
311.040831593,537.234101677,226.193270084,Other,random,C14H26O2,226.193280000,RC2_0018_ICR-1_p08
231.051120386,457.244390470,226.193270084,Other,random,C14H26O2,226.193280000,RC2_0018_ICR-1_p08
435.093034031,661.286313114,226.193279084,Other,random,C14H26O2,226.193280000,RC2_0018_ICR-1_p08
305.066657187,531.259936271,226.193279084,Other,random,C14H26O2,226.193280000,RC2_0018_ICR-1_p08
369.046235421,595.239514505,226.193279084,Other,random,C14H26O2,226.193280000,RC2_0018_ICR-1_p08
333.082651649,559.275933733,226.193282084,Other,random,C14H26O2,226.193280000,RC2_0018_ICR-1_p08
325.105888503,551.299171587,226.193283084,Other,random,C14H26O2,226.193280000,RC2_0018_ICR-1_p08
384.106501735,613.120508957,229.014007223,Other,random,pyridoxal phosphate (-H2O),229.014010900,RC2_0018_ICR-1_p08
273.076920070,503.096080640,230.019160570,Other,random,C5H11O8P1,230.019158000,RC2_0018_ICR-1_p08
425.217735561,657.269509701,232.051774141,Other,random,C8H12N2O4S1,232.051780000,RC2_0018_ICR-1_p08
423.152223175,655.204001316,232.051778141,Other,random,C8H12N2O4S1,232.051780000,RC2_0018_ICR-1_p08
547.130655027,781.292626302,234.161971275,Other,random,C15H22O2,234.161980000,RC2_0018_ICR-1_p08
583.166912391,817.328888665,234.161976275,Other,random,C15H22O2,234.161980000,RC2_0018_ICR-1_p08
489.124791202,723.286770477,234.161979275,Other,random,C15H22O2,234.161980000,RC2_0018_ICR-1_p08
325.020085986,559.182069261,234.161983275,Other,random,C15H22O2,234.161980000,RC2_0018_ICR-1_p08
337.142290821,571.304275096,234.161984275,Other,random,C15H22O2,234.161980000,RC2_0018_ICR-1_p08
309.025204927,543.187192202,234.161987275,Other,random,C15H22O2,234.161980000,RC2_0018_ICR-1_p08
351.035673697,587.088887337,236.053213640,Other,random,C8H12O8,236.053220000,RC2_0018_ICR-1_p08
409.077449320,645.130663960,236.053214640,Other,random,C8H12O8,236.053220000,RC2_0018_ICR-1_p08
269.066697620,505.119914260,236.053216640,Other,random,C8H12O8,236.053220000,RC2_0018_ICR-1_p08
325.084803622,561.138021262,236.053217640,Other,random,C8H12O8,236.053220000,RC2_0018_ICR-1_p08
310.129613717,546.182832357,236.053218640,Other,random,C8H12O8,236.053220000,RC2_0018_ICR-1_p08
341.139398345,577.192619985,236.053221640,Other,random,C8H12O8,236.053220000,RC2_0018_ICR-1_p08
321.025158450,557.078380090,236.053221640,Other,random,C8H12O8,236.053220000,RC2_0018_ICR-1_p08
327.050940566,563.104163206,236.053222640,Other,random,C8H12O8,236.053220000,RC2_0018_ICR-1_p08
329.066630232,565.119853872,236.053223640,Other,random,C8H12O8,236.053220000,RC2_0018_ICR-1_p08
395.061853131,631.115077771,236.053224640,Other,random,C8H12O8,236.053220000,RC2_0018_ICR-1_p08
561.110405417,799.318931938,238.208526520,Other,random,C19H26O_1,238.208535000,RC2_0018_ICR-1_p08
369.046235421,607.275898822,238.229663402,Other,random,palmitoylation (-H2O),238.229665800,RC2_0018_ICR-1_p08
353.015015567,591.244682968,238.229667402,Other,random,palmitoylation (-H2O),238.229665800,RC2_0018_ICR-1_p08
468.164043068,707.183544028,239.019500960,Other,random,C6H10N1O7P1,239.019492000,RC2_0018_ICR-1_p08
346.106242416,586.169625506,240.063383090,Other,random,C11H12O6,240.063390000,RC2_0018_ICR-1_p08
299.150018457,539.213403547,240.063385090,Other,random,C11H12O6,240.063390000,RC2_0018_ICR-1_p08
319.131747097,559.195132187,240.063385090,Other,random,C11H12O6,240.063390000,RC2_0018_ICR-1_p08
323.077086912,563.140473002,240.063386090,Other,random,C11H12O6,240.063390000,RC2_0018_ICR-1_p08
299.092446781,539.155833871,240.063387090,Other,random,C11H12O6,240.063390000,RC2_0018_ICR-1_p08
289.071831128,529.135219218,240.063388090,Other,random,C11H12O6,240.063390000,RC2_0018_ICR-1_p08
327.035729652,567.099117742,240.063388090,Other,random,C11H12O6,240.063390000,RC2_0018_ICR-1_p08
311.149929980,551.213320070,240.063390090,Other,random,C11H12O6,240.063390000,RC2_0018_ICR-1_p08
296.077618733,536.141008824,240.063390090,Other,random,C11H12O6,240.063390000,RC2_0018_ICR-1_p08
289.129309805,529.192700895,240.063391090,Other,random,C11H12O6,240.063390000,RC2_0018_ICR-1_p08
279.123820067,519.187212157,240.063392090,Other,random,C11H12O6,240.063390000,RC2_0018_ICR-1_p08
295.155150921,535.218544011,240.063393090,Other,random,C11H12O6,240.063390000,RC2_0018_ICR-1_p08
329.087778113,569.151171203,240.063393090,Other,random,C11H12O6,240.063390000,RC2_0018_ICR-1_p08
611.234688562,851.298082652,240.063394090,Other,random,C11H12O6,240.063390000,RC2_0018_ICR-1_p08
323.040768116,563.104163206,240.063395090,Other,random,C11H12O6,240.063390000,RC2_0018_ICR-1_p08
321.061522246,561.124918336,240.063396090,Other,random,C11H12O6,240.063390000,RC2_0018_ICR-1_p08
415.030477845,655.093873935,240.063396090,Other,random,C11H12O6,240.063390000,RC2_0018_ICR-1_p08
375.085130463,615.148526554,240.063396090,Other,random,C11H12O6,240.063390000,RC2_0018_ICR-1_p08
321.147396763,561.210792853,240.063396090,Other,random,C11H12O6,240.063390000,RC2_0018_ICR-1_p08
301.056502737,541.119899827,240.063397090,Other,random,C11H12O6,240.063390000,RC2_0018_ICR-1_p08
431.082920580,671.328244647,240.245324067,Other,random,C16H32O1,240.245315000,RC2_0018_ICR-1_p08
405.095520711,646.130653337,241.035132626,Other,random,C6H12O7N1P1,241.035142000,RC2_0018_ICR-1_p08
414.096084099,655.131224725,241.035140626,Other,random,C6H12O7N1P1,241.035142000,RC2_0018_ICR-1_p08
442.090909681,683.126052307,241.035142626,Other,random,C6H12O7N1P1,241.035142000,RC2_0018_ICR-1_p08
418.090758637,659.125901263,241.035142626,Other,random,C6H12O7N1P1,241.035142000,RC2_0018_ICR-1_p08
416.147990561,657.183140187,241.035149626,Other,random,C6H12O7N1P1,241.035142000,RC2_0018_ICR-1_p08
267.160218340,508.195368966,241.035150626,Other,random,C6H12O7N1P1,241.035142000,RC2_0018_ICR-1_p08
263.128969008,505.148119101,242.019150093,Other,random,glucose-N-Phosphate (-H2O),242.019155900,RC2_0018_ICR-1_p08
349.201939008,591.221091101,242.019152093,Other,random,glucose-N-Phosphate (-H2O),242.019155900,RC2_0018_ICR-1_p08
251.128963486,493.148116579,242.019153093,Other,random,glucose-N-Phosphate (-H2O),242.019155900,RC2_0018_ICR-1_p08
287.056233462,529.075397555,242.019164093,Other,random,glucose-N-Phosphate (-H2O),242.019155900,RC2_0018_ICR-1_p08
289.071831128,531.090996221,242.019165093,Other,random,glucose-N-Phosphate (-H2O),242.019155900,RC2_0018_ICR-1_p08
263.128969008,505.148119101,242.019150093,Other,random,C6H11O8P1,242.019158000,RC2_0018_ICR-1_p08
349.201939008,591.221091101,242.019152093,Other,random,C6H11O8P1,242.019158000,RC2_0018_ICR-1_p08
251.128963486,493.148116579,242.019153093,Other,random,C6H11O8P1,242.019158000,RC2_0018_ICR-1_p08
287.056233462,529.075397555,242.019164093,Other,random,C6H11O8P1,242.019158000,RC2_0018_ICR-1_p08
289.071831128,531.090996221,242.019165093,Other,random,C6H11O8P1,242.019158000,RC2_0018_ICR-1_p08
289.056493214,531.259936271,242.203443057,Other,random,C18H26,242.203450000,RC2_0018_ICR-1_p08
418.049473869,662.180539086,244.131065217,Other,random,C12H20O5,244.131075000,RC2_0018_ICR-1_p08
299.056124985,543.187192202,244.131067217,Other,random,C12H20O5,244.131075000,RC2_0018_ICR-1_p08
315.123807634,559.254874851,244.131067217,Other,random,C12H20O5,244.131075000,RC2_0018_ICR-1_p08
537.088750495,781.219818712,244.131068217,Other,random,C12H20O5,244.131075000,RC2_0018_ICR-1_p08
317.066613709,561.197682927,244.131069217,Other,random,C12H20O5,244.131075000,RC2_0018_ICR-1_p08
336.036064042,580.167133259,244.131069217,Other,random,C12H20O5,244.131075000,RC2_0018_ICR-1_p08
285.126192315,529.257265532,244.131073217,Other,random,C12H20O5,244.131075000,RC2_0018_ICR-1_p08
301.056502737,545.187576954,244.131074217,Other,random,C12H20O5,244.131075000,RC2_0018_ICR-1_p08
315.050994044,559.182069261,244.131075217,Other,random,C12H20O5,244.131075000,RC2_0018_ICR-1_p08
321.025158450,565.156234667,244.131076217,Other,random,C12H20O5,244.131075000,RC2_0018_ICR-1_p08
331.009672306,575.140751523,244.131079217,Other,random,C12H20O5,244.131075000,RC2_0018_ICR-1_p08
293.030335869,538.120272694,245.089936825,Other,random,C10H15O6N1,245.089939000,RC2_0018_ICR-1_p08
239.128991963,484.218936789,245.089944825,Other,random,C10H15O6N1,245.089939000,RC2_0018_ICR-1_p08
341.079680681,586.169625506,245.089944825,Other,random,C10H15O6N1,245.089939000,RC2_0018_ICR-1_p08
349.129169417,594.219116243,245.089946825,Other,random,C10H15O6N1,245.089939000,RC2_0018_ICR-1_p08
313.056482259,559.182069261,246.125587002,Other,random,C15H18O3,246.125595000,RC2_0018_ICR-1_p08
299.113643661,545.239232663,246.125589002,Other,random,C15H18O3,246.125595000,RC2_0018_ICR-1_p08
349.069490753,595.195082755,246.125592002,Other,random,C15H18O3,246.125595000,RC2_0018_ICR-1_p08
406.062866271,652.188460273,246.125594002,Other,random,C15H18O3,246.125595000,RC2_0018_ICR-1_p08
335.126517156,581.252111158,246.125594002,Other,random,C15H18O3,246.125595000,RC2_0018_ICR-1_p08
345.074575217,591.200174218,246.125599002,Other,random,C15H18O3,246.125595000,RC2_0018_ICR-1_p08
331.067017983,577.192619985,246.125602002,Other,random,C15H18O3,246.125595000,RC2_0018_ICR-1_p08
301.092914532,549.270536995,248.177622463,Other,random,C16H24O2,248.177630000,RC2_0018_ICR-1_p08
239.056189373,487.233814836,248.177625463,Other,random,C16H24O2,248.177630000,RC2_0018_ICR-1_p08
299.040919070,547.218552533,248.177633463,Other,random,C16H24O2,248.177630000,RC2_0018_ICR-1_p08
355.103325824,603.280960287,248.177634463,Other,random,C16H24O2,248.177630000,RC2_0018_ICR-1_p08
269.066697620,517.244333082,248.177635463,Other,random,C16H24O2,248.177630000,RC2_0018_ICR-1_p08
319.103334257,567.280973719,248.177639463,Other,random,C16H24O2,248.177630000,RC2_0018_ICR-1_p08
307.057226994,557.151237680,250.094010687,Other,random,C10H12N5O3,250.094015000,RC2_0018_ICR-1_p08
321.109318977,571.203333663,250.094014687,Other,random,C10H12N5O3,250.094015000,RC2_0018_ICR-1_p08
319.103334257,571.145587988,252.042253732,Other,random,C15H8O4,252.042260000,RC2_0018_ICR-1_p08
311.126658111,563.168921842,252.042263731,Other,random,C15H8O4,252.042260000,RC2_0018_ICR-1_p08
299.126631588,551.299171587,252.172539999,Other,random,C15H24O3,252.172545000,RC2_0018_ICR-1_p08
289.035461332,541.208001331,252.172539999,Other,random,C15H24O3,252.172545000,RC2_0018_ICR-1_p08
245.103145370,497.275685369,252.172539999,Other,random,C15H24O3,252.172545000,RC2_0018_ICR-1_p08
477.116705726,729.289247724,252.172541999,Other,random,C15H24O3,252.172545000,RC2_0018_ICR-1_p08
293.066690664,545.239232663,252.172541999,Other,random,C15H24O3,252.172545000,RC2_0018_ICR-1_p08
349.019989031,601.192532030,252.172542999,Other,random,C15H24O3,252.172545000,RC2_0018_ICR-1_p08
295.046006534,547.218552533,252.172545999,Other,random,C15H24O3,252.172545000,RC2_0018_ICR-1_p08
343.058958551,595.231504550,252.172545999,Other,random,C15H24O3,252.172545000,RC2_0018_ICR-1_p08
299.077271866,551.249819865,252.172547999,Other,random,C15H24O3,252.172545000,RC2_0018_ICR-1_p08
317.124188386,569.296738385,252.172549999,Other,random,C15H24O3,252.172545000,RC2_0018_ICR-1_p08
438.114620040,693.240549431,255.125929392,Other,random,C16H17O2N1,255.125929000,RC2_0018_ICR-1_p08
537.189629927,795.274808679,258.085178751,Other,random,C10H14N2O6,258.085188000,RC2_0018_ICR-1_p08
545.202839868,803.314513470,258.111673602,Other,random,C13H14O2N4,258.111676000,RC2_0018_ICR-1_p08
513.140135161,771.251808763,258.111673602,Other,random,C13H14O2N4,258.111676000,RC2_0018_ICR-1_p08
531.150794884,791.278113153,260.127318268,Other,random,C13H16N4O2,260.127326000,RC2_0018_ICR-1_p08
543.187192202,803.314513470,260.127321268,Other,random,C13H16N4O2,260.127326000,RC2_0018_ICR-1_p08
531.187335679,791.314669947,260.127334268,Other,random,C13H16N4O2,260.127326000,RC2_0018_ICR-1_p08
511.124473495,771.251808763,260.127335268,Other,random,C13H16N4O2,260.127326000,RC2_0018_ICR-1_p08
335.090267360,595.231504550,260.141237190,Other,random,C16H20O3,260.141245000,RC2_0018_ICR-1_p08
335.053840565,595.195082755,260.141242190,Other,random,C16H20O3,260.141245000,RC2_0018_ICR-1_p08
283.045949012,543.187192202,260.141243190,Other,random,C16H20O3,260.141245000,RC2_0018_ICR-1_p08
301.092914532,561.234158722,260.141244190,Other,random,C16H20O3,260.141245000,RC2_0018_ICR-1_p08
329.087778113,589.229026303,260.141248190,Other,random,C16H20O3,260.141245000,RC2_0018_ICR-1_p08
347.134650633,607.275898822,260.141248190,Other,random,C16H20O3,260.141245000,RC2_0018_ICR-1_p08
323.040768116,583.182021306,260.141253190,Other,random,C16H20O3,260.141245000,RC2_0018_ICR-1_p08
269.030407824,529.244430604,260.214022781,Other,random,C18H28O1,260.214015000,RC2_0018_ICR-1_p08
395.220430240,657.292288573,262.071858334,Other,random,C9H15N2O5P1,262.071861000,RC2_0018_ICR-1_p08
453.189450272,715.261309606,262.071859334,Other,random,C9H15N2O5P1,262.071861000,RC2_0018_ICR-1_p08
395.147681649,657.219541982,262.071860334,Other,random,C9H15N2O5P1,262.071861000,RC2_0018_ICR-1_p08
435.178966547,697.250827881,262.071861334,Other,random,C9H15N2O5P1,262.071861000,RC2_0018_ICR-1_p08
287.040877548,549.270536995,262.229659446,Other,random,C18H30O1,262.229665000,RC2_0018_ICR-1_p08
447.077800639,709.307460085,262.229659446,Other,random,C18H30O1,262.229665000,RC2_0018_ICR-1_p08
290.103455327,554.187967343,264.084512016,Other,random,C10H16O8,264.084520000,RC2_0018_ICR-1_p08
367.066843551,631.151355567,264.084512016,Other,random,C10H16O8,264.084520000,RC2_0018_ICR-1_p08
242.176241828,506.260755845,264.084514016,Other,random,C10H16O8,264.084520000,RC2_0018_ICR-1_p08
305.066657187,569.151171203,264.084514016,Other,random,C10H16O8,264.084520000,RC2_0018_ICR-1_p08
313.108102969,577.192619985,264.084517016,Other,random,C10H16O8,264.084520000,RC2_0018_ICR-1_p08
327.063989493,591.148506509,264.084517016,Other,random,C10H16O8,264.084520000,RC2_0018_ICR-1_p08
313.121134895,577.205652912,264.084518016,Other,random,C10H16O8,264.084520000,RC2_0018_ICR-1_p08
407.163092084,671.247610101,264.084518016,Other,random,C10H16O8,264.084520000,RC2_0018_ICR-1_p08
287.056233462,551.140751478,264.084518016,Other,random,C10H16O8,264.084520000,RC2_0018_ICR-1_p08
251.092540691,515.177061707,264.084521016,Other,random,C10H16O8,264.084520000,RC2_0018_ICR-1_p08
333.025090973,597.109615989,264.084525016,Other,random,C10H16O8,264.084520000,RC2_0018_ICR-1_p08
325.129201372,589.213726389,264.084525016,Other,random,C10H16O8,264.084520000,RC2_0018_ICR-1_p08
313.071773173,577.156302189,264.084529016,Other,random,C10H16O8,264.084520000,RC2_0018_ICR-1_p08
315.035808129,579.281115241,264.245307112,Other,random,C18H32O1,264.245315000,RC2_0018_ICR-1_p08
353.015015567,617.260334679,264.245319112,Other,random,C18H32O1,264.245315000,RC2_0018_ICR-1_p08
392.211180161,657.292288573,265.081108412,Other,random,guanosine (-H2O),265.081104000,RC2_0018_ICR-1_p08
303.035765607,569.296738385,266.260972778,Other,random,C18H34O1,266.260965000,RC2_0018_ICR-1_p08
417.132059028,685.178092768,268.046033740,Other,random,C7H13O7N2P1,268.046041000,RC2_0018_ICR-1_p08
433.126993086,701.173029826,268.046036740,Other,random,C7H13O7N2P1,268.046041000,RC2_0018_ICR-1_p08
359.199232792,627.245272532,268.046039740,Other,random,C7H13O7N2P1,268.046041000,RC2_0018_ICR-1_p08
491.205161504,759.251202244,268.046040740,Other,random,C7H13O7N2P1,268.046041000,RC2_0018_ICR-1_p08
449.085357350,717.131399090,268.046041740,Other,random,C7H13O7N2P1,268.046041000,RC2_0018_ICR-1_p08
433.090430291,701.136473031,268.046042740,Other,random,C7H13O7N2P1,268.046041000,RC2_0018_ICR-1_p08
551.226462996,819.272509736,268.046046740,Other,random,C7H13O7N2P1,268.046041000,RC2_0018_ICR-1_p08
491.278093094,759.324139834,268.046046740,Other,random,C7H13O7N2P1,268.046041000,RC2_0018_ICR-1_p08
384.106501735,652.152549475,268.046047740,Other,random,C7H13O7N2P1,268.046041000,RC2_0018_ICR-1_p08
421.090621768,689.136669508,268.046047740,Other,random,C7H13O7N2P1,268.046041000,RC2_0018_ICR-1_p08
273.040585274,541.129396773,268.088811499,Other,random,C20H12O1,268.088815000,RC2_0018_ICR-1_p08
251.056215895,519.145035394,268.088819499,Other,random,C20H12O1,268.088815000,RC2_0018_ICR-1_p08
277.144609196,545.233433696,268.088824499,Other,random,C20H12O1,268.088815000,RC2_0018_ICR-1_p08
475.109254014,743.328347781,268.219093767,Other,random,C20H28,268.219100000,RC2_0018_ICR-1_p08
371.025306292,639.244402059,268.219095767,Other,random,C20H28,268.219100000,RC2_0018_ICR-1_p08
417.046235510,687.244595147,270.198359637,Other,random,C19H26O1,270.198365000,RC2_0018_ICR-1_p08
340.080367300,611.140808090,271.060440790,Other,random,C10H10F1N3O5,271.060450200,RC2_0018_ICR-1_p08
461.129741623,735.141955814,274.012214191,Other,random,C14H10O2S2,274.012224000,RC2_0018_ICR-1_p08
437.217903082,711.230121273,274.012218191,Other,random,C14H10O2S2,274.012224000,RC2_0018_ICR-1_p08
557.260564066,831.272784257,274.012220191,Other,random,C14H10O2S2,274.012224000,RC2_0018_ICR-1_p08
421.236007951,695.248230142,274.012222191,Other,random,C14H10O2S2,274.012224000,RC2_0018_ICR-1_p08
351.144828083,625.157051274,274.012223191,Other,random,C14H10O2S2,274.012224000,RC2_0018_ICR-1_p08
383.134591200,657.146815391,274.012224191,Other,random,C14H10O2S2,274.012224000,RC2_0018_ICR-1_p08
399.165711055,673.177937246,274.012226191,Other,random,C14H10O2S2,274.012224000,RC2_0018_ICR-1_p08
501.306705702,775.318931893,274.012226191,Other,random,C14H10O2S2,274.012224000,RC2_0018_ICR-1_p08
429.140164504,703.152392696,274.012228191,Other,random,C14H10O2S2,274.012224000,RC2_0018_ICR-1_p08
365.196847066,639.209078258,274.012231191,Other,random,C14H10O2S2,274.012224000,RC2_0018_ICR-1_p08
381.204814051,655.217045243,274.012231191,Other,random,C14H10O2S2,274.012224000,RC2_0018_ICR-1_p08
415.124437317,689.136669508,274.012232191,Other,random,C14H10O2S2,274.012224000,RC2_0018_ICR-1_p08
557.296600863,831.308834054,274.012233191,Other,random,C14H10O2S2,274.012224000,RC2_0018_ICR-1_p08
281.103129937,556.203625009,275.100495072,Other,random,C11H17N1O7,275.100504000,RC2_0018_ICR-1_p08
287.056233462,562.156730534,275.100497072,Other,random,C11H17N1O7,275.100504000,RC2_0018_ICR-1_p08
279.087464271,554.187967343,275.100503072,Other,random,C11H17N1O7,275.100504000,RC2_0018_ICR-1_p08
371.077064001,646.177574073,275.100510072,Other,random,C11H17N1O7,275.100504000,RC2_0018_ICR-1_p08
299.077271866,577.156302189,278.079030323,Other,random,C14H14O6,278.079040000,RC2_0018_ICR-1_p08
297.025272405,575.104302728,278.079030323,Other,random,C14H14O6,278.079040000,RC2_0018_ICR-1_p08
263.128969008,541.208001331,278.079032323,Other,random,C14H14O6,278.079040000,RC2_0018_ICR-1_p08
272.041255893,550.120288216,278.079032323,Other,random,C14H14O6,278.079040000,RC2_0018_ICR-1_p08
257.103183892,535.182220215,278.079036323,Other,random,C14H14O6,278.079040000,RC2_0018_ICR-1_p08
297.098054995,575.177091318,278.079036323,Other,random,C14H14O6,278.079040000,RC2_0018_ICR-1_p08
313.121134895,591.200174218,278.079039323,Other,random,C14H14O6,278.079040000,RC2_0018_ICR-1_p08
301.129325327,579.208368650,278.079043323,Other,random,C14H14O6,278.079040000,RC2_0018_ICR-1_p08
269.066697620,547.145740943,278.079043323,Other,random,C14H14O6,278.079040000,RC2_0018_ICR-1_p08
389.087704725,667.166752048,278.079047323,Other,random,C14H14O6,278.079040000,RC2_0018_ICR-1_p08
301.020106941,579.099156264,278.079049323,Other,random,C14H14O6,278.079040000,RC2_0018_ICR-1_p08
465.030992685,743.328347781,278.297355095,Other,random,C20H38,278.297350000,RC2_0018_ICR-1_p08
342.095855967,621.174847667,279.078991700,Other,random,C11H13N5O2S1,279.078997000,RC2_0018_ICR-1_p08
356.111617154,635.190616854,279.078999700,Other,random,C11H13N5O2S1,279.078997000,RC2_0018_ICR-1_p08
406.062866271,685.141868971,279.079002700,Other,random,C11H13N5O2S1,279.078997000,RC2_0018_ICR-1_p08
571.218311579,850.324251128,279.105939549,Other,random,C18H14N1F1O1,279.105942200,RC2_0018_ICR-1_p08
420.070032507,701.136473031,281.066440524,Other,random,C9H16N1O7P1,281.066442000,RC2_0018_ICR-1_p08
396.142676054,677.209119578,281.066443524,Other,random,C9H16N1O7P1,281.066442000,RC2_0018_ICR-1_p08
404.111322245,687.157031640,283.045709395,Other,random,C8H14N1O8P1,283.045707000,RC2_0018_ICR-1_p08
400.080340912,683.126052307,283.045711395,Other,random,C8H14N1O8P1,283.045707000,RC2_0018_ICR-1_p08
418.090758637,701.136473031,283.045714395,Other,random,C8H14N1O8P1,283.045707000,RC2_0018_ICR-1_p08
261.098025429,545.130111277,284.032085848,Other,random,C15H8O6,284.032090000,RC2_0018_ICR-1_p08
315.072151925,599.104238773,284.032086848,Other,random,C15H8O6,284.032090000,RC2_0018_ICR-1_p08
255.087539226,539.119632075,284.032092848,Other,random,C15H8O6,284.032090000,RC2_0018_ICR-1_p08
261.098025429,545.166493072,284.068467644,Other,random,C16H12O5,284.068475000,RC2_0018_ICR-1_p08
331.103332779,615.171810423,284.068477644,Other,random,C16H12O5,284.068475000,RC2_0018_ICR-1_p08
275.150023412,559.218505056,284.068481644,Other,random,C16H12O5,284.068475000,RC2_0018_ICR-1_p08
317.051304796,603.280960287,286.229655491,Other,random,C20H30O1,286.229665000,RC2_0018_ICR-1_p08
345.046190376,632.198332680,287.152142304,Other,random,C17H21O3N1,287.152144000,RC2_0018_ICR-1_p08
287.077283344,578.172698474,291.095415130,Other,random,C11H17N1O8,291.095419000,RC2_0018_ICR-1_p08
281.030325346,572.125750477,291.095425130,Other,random,C11H17N1O8,291.095419000,RC2_0018_ICR-1_p08
339.100309811,631.216120203,292.115810392,Other,random,C12H20O8,292.115820000,RC2_0018_ICR-1_p08
367.030606755,659.146419147,292.115812392,Other,random,C12H20O8,292.115820000,RC2_0018_ICR-1_p08
269.081867534,561.197682927,292.115815392,Other,random,C12H20O8,292.115820000,RC2_0018_ICR-1_p08
265.071843083,557.187665476,292.115822392,Other,random,C12H20O8,292.115820000,RC2_0018_ICR-1_p08
347.149943547,639.265766939,292.115823392,Other,random,C12H20O8,292.115820000,RC2_0018_ICR-1_p08
309.025204927,601.141028320,292.115823392,Other,random,C12H20O8,292.115820000,RC2_0018_ICR-1_p08
337.056318305,629.172143697,292.115825392,Other,random,C12H20O8,292.115820000,RC2_0018_ICR-1_p08
249.076938025,541.192766417,292.115828392,Other,random,C12H20O8,292.115820000,RC2_0018_ICR-1_p08
251.019823100,543.135651492,292.115828392,Other,random,C12H20O8,292.115820000,RC2_0018_ICR-1_p08
285.040472797,577.156302189,292.115829392,Other,random,C12H20O8,292.115820000,RC2_0018_ICR-1_p08
341.014982044,633.291592533,292.276610488,Other,random,C20H36O1,292.276615000,RC2_0018_ICR-1_p08
275.128948531,569.224025793,294.095077263,Other,random,C11H18O9,294.095085000,RC2_0018_ICR-1_p08
277.035490810,571.130568073,294.095077263,Other,random,C11H18O9,294.095085000,RC2_0018_ICR-1_p08
351.100419333,645.195497595,294.095078263,Other,random,C11H18O9,294.095085000,RC2_0018_ICR-1_p08
251.019823100,545.114903362,294.095080263,Other,random,C11H18O9,294.095085000,RC2_0018_ICR-1_p08
289.071831128,583.166912391,294.095081263,Other,random,C11H18O9,294.095085000,RC2_0018_ICR-1_p08
263.092574213,557.187665476,294.095091263,Other,random,C11H18O9,294.095085000,RC2_0018_ICR-1_p08
429.191678215,723.286770477,294.095092263,Other,random,C11H18O9,294.095085000,RC2_0018_ICR-1_p08
297.134431791,593.236609767,296.102177976,Other,random,C14H12N6O2,296.102174000,RC2_0018_ICR-1_p08
441.212932618,743.328347781,302.115415163,Other,random,C17H18O5,302.115425000,RC2_0018_ICR-1_p08
257.139457688,559.254874851,302.115417163,Other,random,C17H18O5,302.115425000,RC2_0018_ICR-1_p08
331.095213825,633.210631988,302.115418163,Other,random,C17H18O5,302.115425000,RC2_0018_ICR-1_p08
297.061659200,599.177077363,302.115418163,Other,random,C17H18O5,302.115425000,RC2_0018_ICR-1_p08
303.035765607,605.151190770,302.115425163,Other,random,C17H18O5,302.115425000,RC2_0018_ICR-1_p08
289.056493214,591.171918377,302.115425163,Other,random,C17H18O5,302.115425000,RC2_0018_ICR-1_p08
331.176165369,633.291592533,302.115427163,Other,random,C17H18O5,302.115425000,RC2_0018_ICR-1_p08
284.077658211,588.123693518,304.046035307,Other,random,thymidine 5_ monophosphate (-H2O),304.046039400,RC2_0018_ICR-1_p08
301.129325327,605.187624565,304.058299238,Other,random,C15H12O7,304.058305000,RC2_0018_ICR-1_p08
290.124565208,594.182866446,304.058301238,Other,random,C15H12O7,304.058305000,RC2_0018_ICR-1_p08
271.046000490,575.104302728,304.058302238,Other,random,C15H12O7,304.058305000,RC2_0018_ICR-1_p08
311.113506185,615.171810423,304.058304238,Other,random,C15H12O7,304.058305000,RC2_0018_ICR-1_p08
255.051107431,559.109416669,304.058309238,Other,random,C15H12O7,304.058305000,RC2_0018_ICR-1_p08
585.182818055,889.241131293,304.058313238,Other,random,C15H12O7,304.058305000,RC2_0018_ICR-1_p08
423.152223175,727.210537413,304.058314238,Other,random,C15H12O7,304.058305000,RC2_0018_ICR-1_p08
283.155192398,587.213506636,304.058314238,Other,random,C15H12O7,304.058305000,RC2_0018_ICR-1_p08
479.095989596,783.180135689,304.084146093,Other,random,C10H16N4O5S1,304.084143000,RC2_0018_ICR-1_p08
333.183780080,639.209078258,306.025298177,Other,random,uridine 5_ monophosphate (-H2O),306.025303900,RC2_0018_ICR-1_p08
319.131747097,625.157051274,306.025304177,Other,random,uridine 5_ monophosphate (-H2O),306.025303900,RC2_0018_ICR-1_p08
365.173435198,671.198743375,306.025308177,Other,random,uridine 5_ monophosphate (-H2O),306.025303900,RC2_0018_ICR-1_p08
277.035490810,584.125800999,307.090310189,Other,random,neugc_C11H17N1O9,307.090318300,RC2_0018_ICR-1_p08
313.108102969,620.198414157,307.090311189,Other,random,neugc_C11H17N1O9,307.090318300,RC2_0018_ICR-1_p08
245.045631693,552.135944882,307.090313189,Other,random,neugc_C11H17N1O9,307.090318300,RC2_0018_ICR-1_p08
271.082377285,578.172698474,307.090321189,Other,random,neugc_C11H17N1O9,307.090318300,RC2_0018_ICR-1_p08
281.066734142,588.157059330,307.090325189,Other,random,neugc_C11H17N1O9,307.090318300,RC2_0018_ICR-1_p08
251.128963486,558.219290675,307.090327189,Other,random,neugc_C11H17N1O9,307.090318300,RC2_0018_ICR-1_p08
325.142166299,633.210631988,308.068465688,Other,random,C18H12O5,308.068475000,RC2_0018_ICR-1_p08
365.100605608,673.177937246,308.077331639,Other,random,C10H17N2O7P1,308.077341000,RC2_0018_ICR-1_p08
405.095520711,713.172852349,308.077331639,Other,random,C10H17N2O7P1,308.077341000,RC2_0018_ICR-1_p08
521.252112546,829.329453185,308.077340638,Other,random,C10H17N2O7P1,308.077341000,RC2_0018_ICR-1_p08
419.183991489,727.261337128,308.077345638,Other,random,C10H17N2O7P1,308.077341000,RC2_0018_ICR-1_p08
353.100663085,661.178009723,308.077346638,Other,random,C10H17N2O7P1,308.077341000,RC2_0018_ICR-1_p08
413.158028374,721.235375013,308.077346638,Other,random,C10H17N2O7P1,308.077341000,RC2_0018_ICR-1_p08
403.152773635,711.230121273,308.077347638,Other,random,C10H17N2O7P1,308.077341000,RC2_0018_ICR-1_p08
293.030335869,601.119932438,308.089596570,Other,random,C15H16O7,308.089605000,RC2_0018_ICR-1_p08
261.134428224,569.224025793,308.089597570,Other,random,C15H16O7,308.089605000,RC2_0018_ICR-1_p08
255.123872022,563.213471592,308.089599570,Other,random,C15H16O7,308.089605000,RC2_0018_ICR-1_p08
331.176165369,639.265766939,308.089601570,Other,random,C15H16O7,308.089605000,RC2_0018_ICR-1_p08
323.126517634,631.216120203,308.089602570,Other,random,C15H16O7,308.089605000,RC2_0018_ICR-1_p08
270.098313819,578.187916388,308.089602570,Other,random,C15H16O7,308.089605000,RC2_0018_ICR-1_p08
375.121390259,683.210993829,308.089603570,Other,random,C15H16O7,308.089605000,RC2_0018_ICR-1_p08
269.066697620,577.156302189,308.089604569,Other,random,C15H16O7,308.089605000,RC2_0018_ICR-1_p08
259.082407763,567.172019332,308.089611569,Other,random,C15H16O7,308.089605000,RC2_0018_ICR-1_p08
286.093252877,594.182866446,308.089613569,Other,random,C15H16O7,308.089605000,RC2_0018_ICR-1_p08
243.051137909,551.140751478,308.089613569,Other,random,C15H16O7,308.089605000,RC2_0018_ICR-1_p08
289.129309805,597.218923374,308.089613569,Other,random,C15H16O7,308.089605000,RC2_0018_ICR-1_p08
306.061955590,614.172681041,308.110725451,Other,random,C12H20O9,308.110735000,RC2_0018_ICR-1_p08
249.076938025,557.187665476,308.110727451,Other,random,C12H20O9,308.110735000,RC2_0018_ICR-1_p08
291.087506794,599.198234244,308.110727451,Other,random,C12H20O9,308.110735000,RC2_0018_ICR-1_p08
287.056233462,595.166962913,308.110729451,Other,random,C12H20O9,308.110735000,RC2_0018_ICR-1_p08
259.061289881,567.172019332,308.110729451,Other,random,C12H20O9,308.110735000,RC2_0018_ICR-1_p08
277.035490810,585.146221261,308.110730451,Other,random,C12H20O9,308.110735000,RC2_0018_ICR-1_p08
287.092600257,595.203330708,308.110730451,Other,random,C12H20O9,308.110735000,RC2_0018_ICR-1_p08
395.147681649,707.183544028,312.035862379,Other,random,C8H13N2O9P1,312.035871000,RC2_0018_ICR-1_p08
407.147606172,719.183469551,312.035863379,Other,random,C8H13N2O9P1,312.035871000,RC2_0018_ICR-1_p08
463.210085924,775.245957304,312.035871379,Other,random,C8H13N2O9P1,312.035871000,RC2_0018_ICR-1_p08
401.100709174,713.136582553,312.035873379,Other,random,C8H13N2O9P1,312.035871000,RC2_0018_ICR-1_p08
507.236636357,819.272509736,312.035873379,Other,random,C8H13N2O9P1,312.035871000,RC2_0018_ICR-1_p08
349.142133344,661.178009723,312.035876379,Other,random,C8H13N2O9P1,312.035871000,RC2_0018_ICR-1_p08
405.095520711,717.131399090,312.035878379,Other,random,C8H13N2O9P1,312.035871000,RC2_0018_ICR-1_p08
341.051228841,655.093873935,314.042645095,Other,random,C16H10O7,314.042655000,RC2_0018_ICR-1_p08
287.077283344,601.119932438,314.042649095,Other,random,C16H10O7,314.042655000,RC2_0018_ICR-1_p08
429.140164504,743.182814599,314.042650095,Other,random,C16H10O7,314.042655000,RC2_0018_ICR-1_p08
261.134428224,575.177091318,314.042663095,Other,random,C16H10O7,314.042655000,RC2_0018_ICR-1_p08
343.103378301,659.146419147,316.043040846,Other,random,C12H12O10,316.043050000,RC2_0018_ICR-1_p08
283.155192398,599.198234244,316.043041846,Other,random,C12H12O10,316.043050000,RC2_0018_ICR-1_p08
251.019823100,567.062869946,316.043046846,Other,random,C12H12O10,316.043050000,RC2_0018_ICR-1_p08
242.176241828,558.219290675,316.043048846,Other,random,C12H12O10,316.043050000,RC2_0018_ICR-1_p08
264.051484821,580.094533667,316.043048846,Other,random,C12H12O10,316.043050000,RC2_0018_ICR-1_p08
239.056189373,555.099244219,316.043054846,Other,random,C12H12O10,316.043050000,RC2_0018_ICR-1_p08
243.051137909,559.094192755,316.043054846,Other,random,C12H12O10,316.043050000,RC2_0018_ICR-1_p08
269.103165415,585.146221261,316.043055846,Other,random,C12H12O10,316.043050000,RC2_0018_ICR-1_p08
251.128963486,567.172019332,316.043055846,Other,random,C12H12O10,316.043050000,RC2_0018_ICR-1_p08
259.118810558,575.161870404,316.043059846,Other,random,C12H12O10,316.043050000,RC2_0018_ICR-1_p08
277.035490810,595.073366439,318.037875629,Other,random,C11H13N1O8P1,318.037882000,RC2_0018_ICR-1_p08
315.035808129,633.073685758,318.037877629,Other,random,C11H13N1O8P1,318.037882000,RC2_0018_ICR-1_p08
355.176065415,673.213945044,318.037879629,Other,random,C11H13N1O8P1,318.037882000,RC2_0018_ICR-1_p08
305.087715068,623.125596697,318.037881629,Other,random,C11H13N1O8P1,318.037882000,RC2_0018_ICR-1_p08
375.165934009,693.203815638,318.037881629,Other,random,C11H13N1O8P1,318.037882000,RC2_0018_ICR-1_p08
385.077536275,703.115417904,318.037881629,Other,random,C11H13N1O8P1,318.037882000,RC2_0018_ICR-1_p08
375.093150418,693.131034047,318.037883629,Other,random,C11H13N1O8P1,318.037882000,RC2_0018_ICR-1_p08
321.097860041,639.135744670,318.037884629,Other,random,C11H13N1O8P1,318.037882000,RC2_0018_ICR-1_p08
517.229323167,835.267208796,318.037885629,Other,random,C11H13N1O8P1,318.037882000,RC2_0018_ICR-1_p08
349.056375827,667.094262456,318.037886629,Other,random,C11H13N1O8P1,318.037882000,RC2_0018_ICR-1_p08
267.051106954,585.088993582,318.037886629,Other,random,C11H13N1O8P1,318.037882000,RC2_0018_ICR-1_p08
331.067017983,649.104905612,318.037887629,Other,random,C11H13N1O8P1,318.037882000,RC2_0018_ICR-1_p08
373.186705138,691.224595767,318.037890629,Other,random,C11H13N1O8P1,318.037882000,RC2_0018_ICR-1_p08
315.181230311,633.219121940,318.037891629,Other,random,C11H13N1O8P1,318.037882000,RC2_0018_ICR-1_p08
285.025322882,603.244816490,318.219493608,Other,random,C20H30O3,318.219495000,RC2_0018_ICR-1_p08
297.025272405,615.244773012,318.219500608,Other,random,C20H30O3,318.219495000,RC2_0018_ICR-1_p08
271.046000490,589.265504097,318.219503608,Other,random,C20H30O3,318.219495000,RC2_0018_ICR-1_p08
415.124437317,736.160645086,321.036207769,Other,random,C9H12N3O8P1,321.036205000,RC2_0018_ICR-1_p08
265.071843083,588.123693518,323.051850435,Other,random,C9H14N3O8P1,323.051855000,RC2_0018_ICR-1_p08
247.118823036,571.203333663,324.084510628,Other,random,C15H16O8,324.084520000,RC2_0018_ICR-1_p08
295.046006534,619.130517162,324.084510628,Other,random,C15H16O8,324.084520000,RC2_0018_ICR-1_p08
271.118818080,595.203330708,324.084512628,Other,random,C15H16O8,324.084520000,RC2_0018_ICR-1_p08
235.024899041,559.109416669,324.084517628,Other,random,C15H16O8,324.084520000,RC2_0018_ICR-1_p08
267.123830545,591.208353172,324.084522628,Other,random,C15H16O8,324.084520000,RC2_0018_ICR-1_p08
266.103518282,590.188043910,324.084525628,Other,random,C15H16O8,324.084520000,RC2_0018_ICR-1_p08
277.071783606,601.156309234,324.084525628,Other,random,C15H16O8,324.084520000,RC2_0018_ICR-1_p08
275.113706616,599.198234244,324.084527628,Other,random,C15H16O8,324.084520000,RC2_0018_ICR-1_p08
273.040585274,597.146229783,324.105644509,Other,random,C12H20O10,324.105650000,RC2_0018_ICR-1_p08
261.040570752,585.146221261,324.105650509,Other,random,C12H20O10,324.105650000,RC2_0018_ICR-1_p08
289.108232923,613.213885432,324.105652509,Other,random,C12H20O10,324.105650000,RC2_0018_ICR-1_p08
251.056215895,575.161870404,324.105654509,Other,random,C12H20O10,324.105650000,RC2_0018_ICR-1_p08
231.051120386,559.109416669,328.058296283,Other,random,C17H12O7,328.058305000,RC2_0018_ICR-1_p08
339.108453765,667.166752048,328.058298283,Other,random,C17H12O7,328.058305000,RC2_0018_ICR-1_p08
413.145006447,741.203306730,328.058300283,Other,random,C17H12O7,328.058305000,RC2_0018_ICR-1_p08
513.225809679,841.294311905,328.068502225,Other,random,C10H13N6O5P1,328.068507000,RC2_0018_ICR-1_p08
505.220708693,833.289218918,328.068510225,Other,random,C10H13N6O5P1,328.068507000,RC2_0018_ICR-1_p08
494.216012574,823.268532266,329.052519692,Other,random,adenylate (-H2O),329.052521700,RC2_0018_ICR-1_p08
494.216012574,823.268532266,329.052519692,Other,random,C10H12N5O6P1,329.052523000,RC2_0018_ICR-1_p08
332.088903237,667.152001131,335.063097894,Other,random,C9H14O7N5P1,335.063088000,RC2_0018_ICR-1_p08
269.030407824,608.125823043,339.095415220,Other,random,C15H17N1O8,339.095419000,RC2_0018_ICR-1_p08
301.092914532,641.151217337,340.058302805,Other,random,C18H12O7,340.058305000,RC2_0018_ICR-1_p08
445.144684509,785.230475159,340.085790651,Other,random,C11H21N2O6P1S1,340.085798000,RC2_0018_ICR-1_p08
389.191147143,729.276942794,340.085795650,Other,random,C11H21N2O6P1S1,340.085798000,RC2_0018_ICR-1_p08
423.087576539,763.173373189,340.085796650,Other,random,C11H21N2O6P1S1,340.085798000,RC2_0018_ICR-1_p08
419.165397594,759.251202244,340.085804650,Other,random,C11H21N2O6P1S1,340.085798000,RC2_0018_ICR-1_p08
311.092492303,651.193050870,340.100558567,Other,random,disaccharide (-H2O),340.100561800,RC2_0018_ICR-1_p08
231.030005505,571.130568073,340.100562567,Other,random,disaccharide (-H2O),340.100561800,RC2_0018_ICR-1_p08
299.077271866,641.151217337,342.073945471,Other,random,C18H14O7,342.073955000,RC2_0018_ICR-1_p08
271.155146876,613.229094347,342.073947471,Other,random,C18H14O7,342.073955000,RC2_0018_ICR-1_p08
247.118823036,589.192786506,342.073963471,Other,random,C18H14O7,342.073955000,RC2_0018_ICR-1_p08
239.128991963,585.146221261,346.017229297,Other,random,C12H10O12,346.017230000,RC2_0018_ICR-1_p08
251.019823100,599.198234244,348.178411145,Other,random,C16H28O8,348.178420000,RC2_0018_ICR-1_p08
277.071783606,625.250202750,348.178419145,Other,random,C16H28O8,348.178420000,RC2_0018_ICR-1_p08
477.103651799,825.282071944,348.178420145,Other,random,C16H28O8,348.178420000,RC2_0018_ICR-1_p08
259.024854086,607.203274231,348.178420145,Other,random,C16H28O8,348.178420000,RC2_0018_ICR-1_p08
255.066387345,603.244816490,348.178429144,Other,random,C16H28O8,348.178420000,RC2_0018_ICR-1_p08
261.040570752,609.218999896,348.178429144,Other,random,C16H28O8,348.178420000,RC2_0018_ICR-1_p08
305.030254392,657.094426686,352.064172294,Other,random,C12H16O12,352.064180000,RC2_0018_ICR-1_p08
283.082364808,641.281513604,358.199148797,Other,random,C18H30O7,358.199155000,RC2_0018_ICR-1_p08
324.036139519,682.235295315,358.199155797,Other,random,C18H30O7,358.199155000,RC2_0018_ICR-1_p08
251.092540691,609.291700487,358.199159797,Other,random,C18H30O7,358.199155000,RC2_0018_ICR-1_p08
351.108297288,709.307460085,358.199162797,Other,random,C18H30O7,358.199155000,RC2_0018_ICR-1_p08
455.155689215,825.282071944,370.126382728,Other,random,C17H22O9,370.126385000,RC2_0018_ICR-1_p08
353.160383749,723.286770477,370.126386728,Other,random,C17H22O9,370.126385000,RC2_0018_ICR-1_p08
239.019818577,609.146210305,370.126391728,Other,random,C17H22O9,370.126385000,RC2_0018_ICR-1_p08
390.095942055,763.138288387,373.042346331,Other,random,C11H12N5O8P1,373.042353000,RC2_0018_ICR-1_p08
335.171093905,719.183469551,384.012375645,Other,random,deoxythymidine 5_ diphosphate (-H2O),384.012371700,RC2_0018_ICR-1_p08
373.150226344,759.141858859,385.991632516,Other,random,uridine 5_ diphosphate (-H2O),385.991636300,RC2_0018_ICR-1_p08
287.077283344,673.068922859,385.991639516,Other,random,uridine 5_ diphosphate (-H2O),385.991636300,RC2_0018_ICR-1_p08
315.144827516,701.136473031,385.991645516,Other,random,uridine 5_ diphosphate (-H2O),385.991636300,RC2_0018_ICR-1_p08
373.150226344,759.141858859,385.991632516,Other,random,C9H12N2O11P2,385.991639000,RC2_0018_ICR-1_p08
287.077283344,673.068922859,385.991639516,Other,random,C9H12N2O11P2,385.991639000,RC2_0018_ICR-1_p08
315.144827516,701.136473031,385.991645516,Other,random,C9H12N2O11P2,385.991639000,RC2_0018_ICR-1_p08
335.171093905,737.194027275,402.022933369,Other,random,C10H16O11N2P2,402.022939000,RC2_0018_ICR-1_p08
317.160532181,719.183469551,402.022937369,Other,random,C10H16O11N2P2,402.022939000,RC2_0018_ICR-1_p08
255.123872022,657.146815391,402.022943369,Other,random,C10H16O11N2P2,402.022939000,RC2_0018_ICR-1_p08
415.233712702,817.256658072,402.022945369,Other,random,C10H16O11N2P2,402.022939000,RC2_0018_ICR-1_p08
327.050940566,743.182814599,416.131874033,Other,random,C18H24O11,416.131865000,RC2_0018_ICR-1_p08
329.051322318,745.271893852,416.220571534,Other,random,C17H32N6O4S1,416.220576000,RC2_0018_ICR-1_p08
381.082419740,797.302999274,416.220579534,Other,random,C17H32N6O4S1,416.220576000,RC2_0018_ICR-1_p08
359.061895564,775.282478098,416.220582534,Other,random,C17H32N6O4S1,416.220576000,RC2_0018_ICR-1_p08
370.049425780,791.278113153,421.228687373,Other,random,C23H35N1O4S1,421.228681000,RC2_0018_ICR-1_p08
390.132444850,845.287773449,455.155328599,Other,random,C20H21N7O6,455.155333000,RC2_0018_ICR-1_p08
